model,model_name,model_tag,scope,epoch,protocol,calibrated_on,category,p1,p2,n_seeds,calibration_status,condition,seed,accuracy_pct,source_csv,source_cell
noaa,VGG2k / no AA,r21vgg2k_vgg16_bn_s42,face_transfer,124,single_uu,RFW WM64,Faces,0.37,,50,within_sampled_range,UU,101,100.0,runs/yin_latest_vgg_20260927/single_noise/r21vgg2k_vgg16_bn_s42/faces_rfwWM64/faces_rfwWM64/results.csv,UU
noaa,VGG2k / no AA,r21vgg2k_vgg16_bn_s42,face_transfer,124,single_uu,RFW WM64,Faces,0.37,,50,within_sampled_range,UU,102,95.83333333333334,runs/yin_latest_vgg_20260927/single_noise/r21vgg2k_vgg16_bn_s42/faces_rfwWM64/faces_rfwWM64/results.csv,UU
noaa,VGG2k / no AA,r21vgg2k_vgg16_bn_s42,face_transfer,124,single_uu,RFW WM64,Faces,0.37,,50,within_sampled_range,UU,103,100.0,runs/yin_latest_vgg_20260927/single_noise/r21vgg2k_vgg16_bn_s42/faces_rfwWM64/faces_rfwWM64/results.csv,UU
noaa,VGG2k / no AA,r21vgg2k_vgg16_bn_s42,face_transfer,124,single_uu,RFW WM64,Faces,0.37,,50,within_sampled_range,UU,104,91.66666666666666,runs/yin_latest_vgg_20260927/single_noise/r21vgg2k_vgg16_bn_s42/faces_rfwWM64/faces_rfwWM64/results.csv,UU
noaa,VGG2k / no AA,r21vgg2k_vgg16_bn_s42,face_transfer,124,single_uu,RFW WM64,Faces,0.37,,50,within_sampled_range,UU,105,100.0,runs/yin_latest_vgg_20260927/single_noise/r21vgg2k_vgg16_bn_s42/faces_rfwWM64/faces_rfwWM64/results.csv,UU
noaa,VGG2k / no AA,r21vgg2k_vgg16_bn_s42,face_transfer,124,single_uu,RFW WM64,Faces,0.37,,50,within_sampled_range,UU,106,100.0,runs/yin_latest_vgg_20260927/single_noise/r21vgg2k_vgg16_bn_s42/faces_rfwWM64/faces_rfwWM64/results.csv,UU
noaa,VGG2k / no AA,r21vgg2k_vgg16_bn_s42,face_transfer,124,single_uu,RFW WM64,Faces,0.37,,50,within_sampled_range,UU,107,95.83333333333334,runs/yin_latest_vgg_20260927/single_noise/r21vgg2k_vgg16_bn_s42/faces_rfwWM64/faces_rfwWM64/results.csv,UU
noaa,VGG2k / no AA,r21vgg2k_vgg16_bn_s42,face_transfer,124,single_uu,RFW WM64,Faces,0.37,,50,within_sampled_range,UU,108,95.83333333333334,runs/yin_latest_vgg_20260927/single_noise/r21vgg2k_vgg16_bn_s42/faces_rfwWM64/faces_rfwWM64/results.csv,UU
noaa,VGG2k / no AA,r21vgg2k_vgg16_bn_s42,face_transfer,124,single_uu,RFW WM64,Faces,0.37,,50,within_sampled_range,UU,109,100.0,runs/yin_latest_vgg_20260927/single_noise/r21vgg2k_vgg16_bn_s42/faces_rfwWM64/faces_rfwWM64/results.csv,UU
noaa,VGG2k / no AA,r21vgg2k_vgg16_bn_s42,face_transfer,124,single_uu,RFW WM64,Faces,0.37,,50,within_sampled_range,UU,110,91.66666666666666,runs/yin_latest_vgg_20260927/single_noise/r21vgg2k_vgg16_bn_s42/faces_rfwWM64/faces_rfwWM64/results.csv,UU
noaa,VGG2k / no AA,r21vgg2k_vgg16_bn_s42,face_transfer,124,single_uu,RFW WM64,Faces,0.37,,50,within_sampled_range,UU,111,95.83333333333334,runs/yin_latest_vgg_20260927/single_noise/r21vgg2k_vgg16_bn_s42/faces_rfwWM64/faces_rfwWM64/results.csv,UU
noaa,VGG2k / no AA,r21vgg2k_vgg16_bn_s42,face_transfer,124,single_uu,RFW WM64,Faces,0.37,,50,within_sampled_range,UU,112,100.0,runs/yin_latest_vgg_20260927/single_noise/r21vgg2k_vgg16_bn_s42/faces_rfwWM64/faces_rfwWM64/results.csv,UU
noaa,VGG2k / no AA,r21vgg2k_vgg16_bn_s42,face_transfer,124,single_uu,RFW WM64,Faces,0.37,,50,within_sampled_range,UU,113,100.0,runs/yin_latest_vgg_20260927/single_noise/r21vgg2k_vgg16_bn_s42/faces_rfwWM64/faces_rfwWM64/results.csv,UU
noaa,VGG2k / no AA,r21vgg2k_vgg16_bn_s42,face_transfer,124,single_uu,RFW WM64,Faces,0.37,,50,within_sampled_range,UU,114,100.0,runs/yin_latest_vgg_20260927/single_noise/r21vgg2k_vgg16_bn_s42/faces_rfwWM64/faces_rfwWM64/results.csv,UU
noaa,VGG2k / no AA,r21vgg2k_vgg16_bn_s42,face_transfer,124,single_uu,RFW WM64,Faces,0.37,,50,within_sampled_range,UU,115,91.66666666666666,runs/yin_latest_vgg_20260927/single_noise/r21vgg2k_vgg16_bn_s42/faces_rfwWM64/faces_rfwWM64/results.csv,UU
noaa,VGG2k / no AA,r21vgg2k_vgg16_bn_s42,face_transfer,124,single_uu,RFW WM64,Faces,0.37,,50,within_sampled_range,UU,116,100.0,runs/yin_latest_vgg_20260927/single_noise/r21vgg2k_vgg16_bn_s42/faces_rfwWM64/faces_rfwWM64/results.csv,UU
noaa,VGG2k / no AA,r21vgg2k_vgg16_bn_s42,face_transfer,124,single_uu,RFW WM64,Faces,0.37,,50,within_sampled_range,UU,117,100.0,runs/yin_latest_vgg_20260927/single_noise/r21vgg2k_vgg16_bn_s42/faces_rfwWM64/faces_rfwWM64/results.csv,UU
noaa,VGG2k / no AA,r21vgg2k_vgg16_bn_s42,face_transfer,124,single_uu,RFW WM64,Faces,0.37,,50,within_sampled_range,UU,118,95.83333333333334,runs/yin_latest_vgg_20260927/single_noise/r21vgg2k_vgg16_bn_s42/faces_rfwWM64/faces_rfwWM64/results.csv,UU
noaa,VGG2k / no AA,r21vgg2k_vgg16_bn_s42,face_transfer,124,single_uu,RFW WM64,Faces,0.37,,50,within_sampled_range,UU,119,100.0,runs/yin_latest_vgg_20260927/single_noise/r21vgg2k_vgg16_bn_s42/faces_rfwWM64/faces_rfwWM64/results.csv,UU
noaa,VGG2k / no AA,r21vgg2k_vgg16_bn_s42,face_transfer,124,single_uu,RFW WM64,Faces,0.37,,50,within_sampled_range,UU,120,95.83333333333334,runs/yin_latest_vgg_20260927/single_noise/r21vgg2k_vgg16_bn_s42/faces_rfwWM64/faces_rfwWM64/results.csv,UU
noaa,VGG2k / no AA,r21vgg2k_vgg16_bn_s42,face_transfer,124,single_uu,RFW WM64,Faces,0.37,,50,within_sampled_range,UU,121,100.0,runs/yin_latest_vgg_20260927/single_noise/r21vgg2k_vgg16_bn_s42/faces_rfwWM64/faces_rfwWM64/results.csv,UU
noaa,VGG2k / no AA,r21vgg2k_vgg16_bn_s42,face_transfer,124,single_uu,RFW WM64,Faces,0.37,,50,within_sampled_range,UU,122,91.66666666666666,runs/yin_latest_vgg_20260927/single_noise/r21vgg2k_vgg16_bn_s42/faces_rfwWM64/faces_rfwWM64/results.csv,UU
noaa,VGG2k / no AA,r21vgg2k_vgg16_bn_s42,face_transfer,124,single_uu,RFW WM64,Faces,0.37,,50,within_sampled_range,UU,123,95.83333333333334,runs/yin_latest_vgg_20260927/single_noise/r21vgg2k_vgg16_bn_s42/faces_rfwWM64/faces_rfwWM64/results.csv,UU
noaa,VGG2k / no AA,r21vgg2k_vgg16_bn_s42,face_transfer,124,single_uu,RFW WM64,Faces,0.37,,50,within_sampled_range,UU,124,95.83333333333334,runs/yin_latest_vgg_20260927/single_noise/r21vgg2k_vgg16_bn_s42/faces_rfwWM64/faces_rfwWM64/results.csv,UU
noaa,VGG2k / no AA,r21vgg2k_vgg16_bn_s42,face_transfer,124,single_uu,RFW WM64,Faces,0.37,,50,within_sampled_range,UU,125,100.0,runs/yin_latest_vgg_20260927/single_noise/r21vgg2k_vgg16_bn_s42/faces_rfwWM64/faces_rfwWM64/results.csv,UU
noaa,VGG2k / no AA,r21vgg2k_vgg16_bn_s42,face_transfer,124,single_uu,RFW WM64,Faces,0.37,,50,within_sampled_range,UU,126,87.5,runs/yin_latest_vgg_20260927/single_noise/r21vgg2k_vgg16_bn_s42/faces_rfwWM64/faces_rfwWM64/results.csv,UU
noaa,VGG2k / no AA,r21vgg2k_vgg16_bn_s42,face_transfer,124,single_uu,RFW WM64,Faces,0.37,,50,within_sampled_range,UU,127,100.0,runs/yin_latest_vgg_20260927/single_noise/r21vgg2k_vgg16_bn_s42/faces_rfwWM64/faces_rfwWM64/results.csv,UU
noaa,VGG2k / no AA,r21vgg2k_vgg16_bn_s42,face_transfer,124,single_uu,RFW WM64,Faces,0.37,,50,within_sampled_range,UU,128,83.33333333333334,runs/yin_latest_vgg_20260927/single_noise/r21vgg2k_vgg16_bn_s42/faces_rfwWM64/faces_rfwWM64/results.csv,UU
noaa,VGG2k / no AA,r21vgg2k_vgg16_bn_s42,face_transfer,124,single_uu,RFW WM64,Faces,0.37,,50,within_sampled_range,UU,129,91.66666666666666,runs/yin_latest_vgg_20260927/single_noise/r21vgg2k_vgg16_bn_s42/faces_rfwWM64/faces_rfwWM64/results.csv,UU
noaa,VGG2k / no AA,r21vgg2k_vgg16_bn_s42,face_transfer,124,single_uu,RFW WM64,Faces,0.37,,50,within_sampled_range,UU,130,100.0,runs/yin_latest_vgg_20260927/single_noise/r21vgg2k_vgg16_bn_s42/faces_rfwWM64/faces_rfwWM64/results.csv,UU
noaa,VGG2k / no AA,r21vgg2k_vgg16_bn_s42,face_transfer,124,single_uu,RFW WM64,Faces,0.37,,50,within_sampled_range,UU,131,95.83333333333334,runs/yin_latest_vgg_20260927/single_noise/r21vgg2k_vgg16_bn_s42/faces_rfwWM64/faces_rfwWM64/results.csv,UU
noaa,VGG2k / no AA,r21vgg2k_vgg16_bn_s42,face_transfer,124,single_uu,RFW WM64,Faces,0.37,,50,within_sampled_range,UU,132,100.0,runs/yin_latest_vgg_20260927/single_noise/r21vgg2k_vgg16_bn_s42/faces_rfwWM64/faces_rfwWM64/results.csv,UU
noaa,VGG2k / no AA,r21vgg2k_vgg16_bn_s42,face_transfer,124,single_uu,RFW WM64,Faces,0.37,,50,within_sampled_range,UU,133,87.5,runs/yin_latest_vgg_20260927/single_noise/r21vgg2k_vgg16_bn_s42/faces_rfwWM64/faces_rfwWM64/results.csv,UU
noaa,VGG2k / no AA,r21vgg2k_vgg16_bn_s42,face_transfer,124,single_uu,RFW WM64,Faces,0.37,,50,within_sampled_range,UU,134,91.66666666666666,runs/yin_latest_vgg_20260927/single_noise/r21vgg2k_vgg16_bn_s42/faces_rfwWM64/faces_rfwWM64/results.csv,UU
noaa,VGG2k / no AA,r21vgg2k_vgg16_bn_s42,face_transfer,124,single_uu,RFW WM64,Faces,0.37,,50,within_sampled_range,UU,135,95.83333333333334,runs/yin_latest_vgg_20260927/single_noise/r21vgg2k_vgg16_bn_s42/faces_rfwWM64/faces_rfwWM64/results.csv,UU
noaa,VGG2k / no AA,r21vgg2k_vgg16_bn_s42,face_transfer,124,single_uu,RFW WM64,Faces,0.37,,50,within_sampled_range,UU,136,100.0,runs/yin_latest_vgg_20260927/single_noise/r21vgg2k_vgg16_bn_s42/faces_rfwWM64/faces_rfwWM64/results.csv,UU
noaa,VGG2k / no AA,r21vgg2k_vgg16_bn_s42,face_transfer,124,single_uu,RFW WM64,Faces,0.37,,50,within_sampled_range,UU,137,100.0,runs/yin_latest_vgg_20260927/single_noise/r21vgg2k_vgg16_bn_s42/faces_rfwWM64/faces_rfwWM64/results.csv,UU
noaa,VGG2k / no AA,r21vgg2k_vgg16_bn_s42,face_transfer,124,single_uu,RFW WM64,Faces,0.37,,50,within_sampled_range,UU,138,91.66666666666666,runs/yin_latest_vgg_20260927/single_noise/r21vgg2k_vgg16_bn_s42/faces_rfwWM64/faces_rfwWM64/results.csv,UU
noaa,VGG2k / no AA,r21vgg2k_vgg16_bn_s42,face_transfer,124,single_uu,RFW WM64,Faces,0.37,,50,within_sampled_range,UU,139,95.83333333333334,runs/yin_latest_vgg_20260927/single_noise/r21vgg2k_vgg16_bn_s42/faces_rfwWM64/faces_rfwWM64/results.csv,UU
noaa,VGG2k / no AA,r21vgg2k_vgg16_bn_s42,face_transfer,124,single_uu,RFW WM64,Faces,0.37,,50,within_sampled_range,UU,140,100.0,runs/yin_latest_vgg_20260927/single_noise/r21vgg2k_vgg16_bn_s42/faces_rfwWM64/faces_rfwWM64/results.csv,UU
noaa,VGG2k / no AA,r21vgg2k_vgg16_bn_s42,face_transfer,124,single_uu,RFW WM64,Faces,0.37,,50,within_sampled_range,UU,141,100.0,runs/yin_latest_vgg_20260927/single_noise/r21vgg2k_vgg16_bn_s42/faces_rfwWM64/faces_rfwWM64/results.csv,UU
noaa,VGG2k / no AA,r21vgg2k_vgg16_bn_s42,face_transfer,124,single_uu,RFW WM64,Faces,0.37,,50,within_sampled_range,UU,142,100.0,runs/yin_latest_vgg_20260927/single_noise/r21vgg2k_vgg16_bn_s42/faces_rfwWM64/faces_rfwWM64/results.csv,UU
noaa,VGG2k / no AA,r21vgg2k_vgg16_bn_s42,face_transfer,124,single_uu,RFW WM64,Faces,0.37,,50,within_sampled_range,UU,143,95.83333333333334,runs/yin_latest_vgg_20260927/single_noise/r21vgg2k_vgg16_bn_s42/faces_rfwWM64/faces_rfwWM64/results.csv,UU
noaa,VGG2k / no AA,r21vgg2k_vgg16_bn_s42,face_transfer,124,single_uu,RFW WM64,Faces,0.37,,50,within_sampled_range,UU,144,100.0,runs/yin_latest_vgg_20260927/single_noise/r21vgg2k_vgg16_bn_s42/faces_rfwWM64/faces_rfwWM64/results.csv,UU
noaa,VGG2k / no AA,r21vgg2k_vgg16_bn_s42,face_transfer,124,single_uu,RFW WM64,Faces,0.37,,50,within_sampled_range,UU,145,91.66666666666666,runs/yin_latest_vgg_20260927/single_noise/r21vgg2k_vgg16_bn_s42/faces_rfwWM64/faces_rfwWM64/results.csv,UU
noaa,VGG2k / no AA,r21vgg2k_vgg16_bn_s42,face_transfer,124,single_uu,RFW WM64,Faces,0.37,,50,within_sampled_range,UU,146,91.66666666666666,runs/yin_latest_vgg_20260927/single_noise/r21vgg2k_vgg16_bn_s42/faces_rfwWM64/faces_rfwWM64/results.csv,UU
noaa,VGG2k / no AA,r21vgg2k_vgg16_bn_s42,face_transfer,124,single_uu,RFW WM64,Faces,0.37,,50,within_sampled_range,UU,147,100.0,runs/yin_latest_vgg_20260927/single_noise/r21vgg2k_vgg16_bn_s42/faces_rfwWM64/faces_rfwWM64/results.csv,UU
noaa,VGG2k / no AA,r21vgg2k_vgg16_bn_s42,face_transfer,124,single_uu,RFW WM64,Faces,0.37,,50,within_sampled_range,UU,148,100.0,runs/yin_latest_vgg_20260927/single_noise/r21vgg2k_vgg16_bn_s42/faces_rfwWM64/faces_rfwWM64/results.csv,UU
noaa,VGG2k / no AA,r21vgg2k_vgg16_bn_s42,face_transfer,124,single_uu,RFW WM64,Faces,0.37,,50,within_sampled_range,UU,149,100.0,runs/yin_latest_vgg_20260927/single_noise/r21vgg2k_vgg16_bn_s42/faces_rfwWM64/faces_rfwWM64/results.csv,UU
noaa,VGG2k / no AA,r21vgg2k_vgg16_bn_s42,face_transfer,124,single_uu,RFW WM64,Faces,0.37,,50,within_sampled_range,UU,150,100.0,runs/yin_latest_vgg_20260927/single_noise/r21vgg2k_vgg16_bn_s42/faces_rfwWM64/faces_rfwWM64/results.csv,UU
noaa,VGG2k / no AA,r21vgg2k_vgg16_bn_s42,face_transfer,124,single_uu,RFW WM64,Faces,0.37,,50,within_sampled_range,II,101,91.66666666666666,runs/yin_latest_vgg_20260927/single_noise/r21vgg2k_vgg16_bn_s42/faces_rfwWM64/faces_rfwWM64/results.csv,II
noaa,VGG2k / no AA,r21vgg2k_vgg16_bn_s42,face_transfer,124,single_uu,RFW WM64,Faces,0.37,,50,within_sampled_range,II,102,83.33333333333334,runs/yin_latest_vgg_20260927/single_noise/r21vgg2k_vgg16_bn_s42/faces_rfwWM64/faces_rfwWM64/results.csv,II
noaa,VGG2k / no AA,r21vgg2k_vgg16_bn_s42,face_transfer,124,single_uu,RFW WM64,Faces,0.37,,50,within_sampled_range,II,103,95.83333333333334,runs/yin_latest_vgg_20260927/single_noise/r21vgg2k_vgg16_bn_s42/faces_rfwWM64/faces_rfwWM64/results.csv,II
noaa,VGG2k / no AA,r21vgg2k_vgg16_bn_s42,face_transfer,124,single_uu,RFW WM64,Faces,0.37,,50,within_sampled_range,II,104,95.83333333333334,runs/yin_latest_vgg_20260927/single_noise/r21vgg2k_vgg16_bn_s42/faces_rfwWM64/faces_rfwWM64/results.csv,II
noaa,VGG2k / no AA,r21vgg2k_vgg16_bn_s42,face_transfer,124,single_uu,RFW WM64,Faces,0.37,,50,within_sampled_range,II,105,87.5,runs/yin_latest_vgg_20260927/single_noise/r21vgg2k_vgg16_bn_s42/faces_rfwWM64/faces_rfwWM64/results.csv,II
noaa,VGG2k / no AA,r21vgg2k_vgg16_bn_s42,face_transfer,124,single_uu,RFW WM64,Faces,0.37,,50,within_sampled_range,II,106,91.66666666666666,runs/yin_latest_vgg_20260927/single_noise/r21vgg2k_vgg16_bn_s42/faces_rfwWM64/faces_rfwWM64/results.csv,II
noaa,VGG2k / no AA,r21vgg2k_vgg16_bn_s42,face_transfer,124,single_uu,RFW WM64,Faces,0.37,,50,within_sampled_range,II,107,91.66666666666666,runs/yin_latest_vgg_20260927/single_noise/r21vgg2k_vgg16_bn_s42/faces_rfwWM64/faces_rfwWM64/results.csv,II
noaa,VGG2k / no AA,r21vgg2k_vgg16_bn_s42,face_transfer,124,single_uu,RFW WM64,Faces,0.37,,50,within_sampled_range,II,108,91.66666666666666,runs/yin_latest_vgg_20260927/single_noise/r21vgg2k_vgg16_bn_s42/faces_rfwWM64/faces_rfwWM64/results.csv,II
noaa,VGG2k / no AA,r21vgg2k_vgg16_bn_s42,face_transfer,124,single_uu,RFW WM64,Faces,0.37,,50,within_sampled_range,II,109,83.33333333333334,runs/yin_latest_vgg_20260927/single_noise/r21vgg2k_vgg16_bn_s42/faces_rfwWM64/faces_rfwWM64/results.csv,II
noaa,VGG2k / no AA,r21vgg2k_vgg16_bn_s42,face_transfer,124,single_uu,RFW WM64,Faces,0.37,,50,within_sampled_range,II,110,95.83333333333334,runs/yin_latest_vgg_20260927/single_noise/r21vgg2k_vgg16_bn_s42/faces_rfwWM64/faces_rfwWM64/results.csv,II
noaa,VGG2k / no AA,r21vgg2k_vgg16_bn_s42,face_transfer,124,single_uu,RFW WM64,Faces,0.37,,50,within_sampled_range,II,111,87.5,runs/yin_latest_vgg_20260927/single_noise/r21vgg2k_vgg16_bn_s42/faces_rfwWM64/faces_rfwWM64/results.csv,II
noaa,VGG2k / no AA,r21vgg2k_vgg16_bn_s42,face_transfer,124,single_uu,RFW WM64,Faces,0.37,,50,within_sampled_range,II,112,91.66666666666666,runs/yin_latest_vgg_20260927/single_noise/r21vgg2k_vgg16_bn_s42/faces_rfwWM64/faces_rfwWM64/results.csv,II
noaa,VGG2k / no AA,r21vgg2k_vgg16_bn_s42,face_transfer,124,single_uu,RFW WM64,Faces,0.37,,50,within_sampled_range,II,113,91.66666666666666,runs/yin_latest_vgg_20260927/single_noise/r21vgg2k_vgg16_bn_s42/faces_rfwWM64/faces_rfwWM64/results.csv,II
noaa,VGG2k / no AA,r21vgg2k_vgg16_bn_s42,face_transfer,124,single_uu,RFW WM64,Faces,0.37,,50,within_sampled_range,II,114,91.66666666666666,runs/yin_latest_vgg_20260927/single_noise/r21vgg2k_vgg16_bn_s42/faces_rfwWM64/faces_rfwWM64/results.csv,II
noaa,VGG2k / no AA,r21vgg2k_vgg16_bn_s42,face_transfer,124,single_uu,RFW WM64,Faces,0.37,,50,within_sampled_range,II,115,91.66666666666666,runs/yin_latest_vgg_20260927/single_noise/r21vgg2k_vgg16_bn_s42/faces_rfwWM64/faces_rfwWM64/results.csv,II
noaa,VGG2k / no AA,r21vgg2k_vgg16_bn_s42,face_transfer,124,single_uu,RFW WM64,Faces,0.37,,50,within_sampled_range,II,116,100.0,runs/yin_latest_vgg_20260927/single_noise/r21vgg2k_vgg16_bn_s42/faces_rfwWM64/faces_rfwWM64/results.csv,II
noaa,VGG2k / no AA,r21vgg2k_vgg16_bn_s42,face_transfer,124,single_uu,RFW WM64,Faces,0.37,,50,within_sampled_range,II,117,95.83333333333334,runs/yin_latest_vgg_20260927/single_noise/r21vgg2k_vgg16_bn_s42/faces_rfwWM64/faces_rfwWM64/results.csv,II
noaa,VGG2k / no AA,r21vgg2k_vgg16_bn_s42,face_transfer,124,single_uu,RFW WM64,Faces,0.37,,50,within_sampled_range,II,118,100.0,runs/yin_latest_vgg_20260927/single_noise/r21vgg2k_vgg16_bn_s42/faces_rfwWM64/faces_rfwWM64/results.csv,II
noaa,VGG2k / no AA,r21vgg2k_vgg16_bn_s42,face_transfer,124,single_uu,RFW WM64,Faces,0.37,,50,within_sampled_range,II,119,95.83333333333334,runs/yin_latest_vgg_20260927/single_noise/r21vgg2k_vgg16_bn_s42/faces_rfwWM64/faces_rfwWM64/results.csv,II
noaa,VGG2k / no AA,r21vgg2k_vgg16_bn_s42,face_transfer,124,single_uu,RFW WM64,Faces,0.37,,50,within_sampled_range,II,120,91.66666666666666,runs/yin_latest_vgg_20260927/single_noise/r21vgg2k_vgg16_bn_s42/faces_rfwWM64/faces_rfwWM64/results.csv,II
noaa,VGG2k / no AA,r21vgg2k_vgg16_bn_s42,face_transfer,124,single_uu,RFW WM64,Faces,0.37,,50,within_sampled_range,II,121,100.0,runs/yin_latest_vgg_20260927/single_noise/r21vgg2k_vgg16_bn_s42/faces_rfwWM64/faces_rfwWM64/results.csv,II
noaa,VGG2k / no AA,r21vgg2k_vgg16_bn_s42,face_transfer,124,single_uu,RFW WM64,Faces,0.37,,50,within_sampled_range,II,122,95.83333333333334,runs/yin_latest_vgg_20260927/single_noise/r21vgg2k_vgg16_bn_s42/faces_rfwWM64/faces_rfwWM64/results.csv,II
noaa,VGG2k / no AA,r21vgg2k_vgg16_bn_s42,face_transfer,124,single_uu,RFW WM64,Faces,0.37,,50,within_sampled_range,II,123,95.83333333333334,runs/yin_latest_vgg_20260927/single_noise/r21vgg2k_vgg16_bn_s42/faces_rfwWM64/faces_rfwWM64/results.csv,II
noaa,VGG2k / no AA,r21vgg2k_vgg16_bn_s42,face_transfer,124,single_uu,RFW WM64,Faces,0.37,,50,within_sampled_range,II,124,87.5,runs/yin_latest_vgg_20260927/single_noise/r21vgg2k_vgg16_bn_s42/faces_rfwWM64/faces_rfwWM64/results.csv,II
noaa,VGG2k / no AA,r21vgg2k_vgg16_bn_s42,face_transfer,124,single_uu,RFW WM64,Faces,0.37,,50,within_sampled_range,II,125,79.16666666666666,runs/yin_latest_vgg_20260927/single_noise/r21vgg2k_vgg16_bn_s42/faces_rfwWM64/faces_rfwWM64/results.csv,II
noaa,VGG2k / no AA,r21vgg2k_vgg16_bn_s42,face_transfer,124,single_uu,RFW WM64,Faces,0.37,,50,within_sampled_range,II,126,87.5,runs/yin_latest_vgg_20260927/single_noise/r21vgg2k_vgg16_bn_s42/faces_rfwWM64/faces_rfwWM64/results.csv,II
noaa,VGG2k / no AA,r21vgg2k_vgg16_bn_s42,face_transfer,124,single_uu,RFW WM64,Faces,0.37,,50,within_sampled_range,II,127,83.33333333333334,runs/yin_latest_vgg_20260927/single_noise/r21vgg2k_vgg16_bn_s42/faces_rfwWM64/faces_rfwWM64/results.csv,II
noaa,VGG2k / no AA,r21vgg2k_vgg16_bn_s42,face_transfer,124,single_uu,RFW WM64,Faces,0.37,,50,within_sampled_range,II,128,91.66666666666666,runs/yin_latest_vgg_20260927/single_noise/r21vgg2k_vgg16_bn_s42/faces_rfwWM64/faces_rfwWM64/results.csv,II
noaa,VGG2k / no AA,r21vgg2k_vgg16_bn_s42,face_transfer,124,single_uu,RFW WM64,Faces,0.37,,50,within_sampled_range,II,129,100.0,runs/yin_latest_vgg_20260927/single_noise/r21vgg2k_vgg16_bn_s42/faces_rfwWM64/faces_rfwWM64/results.csv,II
noaa,VGG2k / no AA,r21vgg2k_vgg16_bn_s42,face_transfer,124,single_uu,RFW WM64,Faces,0.37,,50,within_sampled_range,II,130,83.33333333333334,runs/yin_latest_vgg_20260927/single_noise/r21vgg2k_vgg16_bn_s42/faces_rfwWM64/faces_rfwWM64/results.csv,II
noaa,VGG2k / no AA,r21vgg2k_vgg16_bn_s42,face_transfer,124,single_uu,RFW WM64,Faces,0.37,,50,within_sampled_range,II,131,83.33333333333334,runs/yin_latest_vgg_20260927/single_noise/r21vgg2k_vgg16_bn_s42/faces_rfwWM64/faces_rfwWM64/results.csv,II
noaa,VGG2k / no AA,r21vgg2k_vgg16_bn_s42,face_transfer,124,single_uu,RFW WM64,Faces,0.37,,50,within_sampled_range,II,132,91.66666666666666,runs/yin_latest_vgg_20260927/single_noise/r21vgg2k_vgg16_bn_s42/faces_rfwWM64/faces_rfwWM64/results.csv,II
noaa,VGG2k / no AA,r21vgg2k_vgg16_bn_s42,face_transfer,124,single_uu,RFW WM64,Faces,0.37,,50,within_sampled_range,II,133,91.66666666666666,runs/yin_latest_vgg_20260927/single_noise/r21vgg2k_vgg16_bn_s42/faces_rfwWM64/faces_rfwWM64/results.csv,II
noaa,VGG2k / no AA,r21vgg2k_vgg16_bn_s42,face_transfer,124,single_uu,RFW WM64,Faces,0.37,,50,within_sampled_range,II,134,91.66666666666666,runs/yin_latest_vgg_20260927/single_noise/r21vgg2k_vgg16_bn_s42/faces_rfwWM64/faces_rfwWM64/results.csv,II
noaa,VGG2k / no AA,r21vgg2k_vgg16_bn_s42,face_transfer,124,single_uu,RFW WM64,Faces,0.37,,50,within_sampled_range,II,135,87.5,runs/yin_latest_vgg_20260927/single_noise/r21vgg2k_vgg16_bn_s42/faces_rfwWM64/faces_rfwWM64/results.csv,II
noaa,VGG2k / no AA,r21vgg2k_vgg16_bn_s42,face_transfer,124,single_uu,RFW WM64,Faces,0.37,,50,within_sampled_range,II,136,83.33333333333334,runs/yin_latest_vgg_20260927/single_noise/r21vgg2k_vgg16_bn_s42/faces_rfwWM64/faces_rfwWM64/results.csv,II
noaa,VGG2k / no AA,r21vgg2k_vgg16_bn_s42,face_transfer,124,single_uu,RFW WM64,Faces,0.37,,50,within_sampled_range,II,137,91.66666666666666,runs/yin_latest_vgg_20260927/single_noise/r21vgg2k_vgg16_bn_s42/faces_rfwWM64/faces_rfwWM64/results.csv,II
noaa,VGG2k / no AA,r21vgg2k_vgg16_bn_s42,face_transfer,124,single_uu,RFW WM64,Faces,0.37,,50,within_sampled_range,II,138,95.83333333333334,runs/yin_latest_vgg_20260927/single_noise/r21vgg2k_vgg16_bn_s42/faces_rfwWM64/faces_rfwWM64/results.csv,II
noaa,VGG2k / no AA,r21vgg2k_vgg16_bn_s42,face_transfer,124,single_uu,RFW WM64,Faces,0.37,,50,within_sampled_range,II,139,83.33333333333334,runs/yin_latest_vgg_20260927/single_noise/r21vgg2k_vgg16_bn_s42/faces_rfwWM64/faces_rfwWM64/results.csv,II
noaa,VGG2k / no AA,r21vgg2k_vgg16_bn_s42,face_transfer,124,single_uu,RFW WM64,Faces,0.37,,50,within_sampled_range,II,140,83.33333333333334,runs/yin_latest_vgg_20260927/single_noise/r21vgg2k_vgg16_bn_s42/faces_rfwWM64/faces_rfwWM64/results.csv,II
noaa,VGG2k / no AA,r21vgg2k_vgg16_bn_s42,face_transfer,124,single_uu,RFW WM64,Faces,0.37,,50,within_sampled_range,II,141,95.83333333333334,runs/yin_latest_vgg_20260927/single_noise/r21vgg2k_vgg16_bn_s42/faces_rfwWM64/faces_rfwWM64/results.csv,II
noaa,VGG2k / no AA,r21vgg2k_vgg16_bn_s42,face_transfer,124,single_uu,RFW WM64,Faces,0.37,,50,within_sampled_range,II,142,83.33333333333334,runs/yin_latest_vgg_20260927/single_noise/r21vgg2k_vgg16_bn_s42/faces_rfwWM64/faces_rfwWM64/results.csv,II
noaa,VGG2k / no AA,r21vgg2k_vgg16_bn_s42,face_transfer,124,single_uu,RFW WM64,Faces,0.37,,50,within_sampled_range,II,143,91.66666666666666,runs/yin_latest_vgg_20260927/single_noise/r21vgg2k_vgg16_bn_s42/faces_rfwWM64/faces_rfwWM64/results.csv,II
noaa,VGG2k / no AA,r21vgg2k_vgg16_bn_s42,face_transfer,124,single_uu,RFW WM64,Faces,0.37,,50,within_sampled_range,II,144,95.83333333333334,runs/yin_latest_vgg_20260927/single_noise/r21vgg2k_vgg16_bn_s42/faces_rfwWM64/faces_rfwWM64/results.csv,II
noaa,VGG2k / no AA,r21vgg2k_vgg16_bn_s42,face_transfer,124,single_uu,RFW WM64,Faces,0.37,,50,within_sampled_range,II,145,91.66666666666666,runs/yin_latest_vgg_20260927/single_noise/r21vgg2k_vgg16_bn_s42/faces_rfwWM64/faces_rfwWM64/results.csv,II
noaa,VGG2k / no AA,r21vgg2k_vgg16_bn_s42,face_transfer,124,single_uu,RFW WM64,Faces,0.37,,50,within_sampled_range,II,146,87.5,runs/yin_latest_vgg_20260927/single_noise/r21vgg2k_vgg16_bn_s42/faces_rfwWM64/faces_rfwWM64/results.csv,II
noaa,VGG2k / no AA,r21vgg2k_vgg16_bn_s42,face_transfer,124,single_uu,RFW WM64,Faces,0.37,,50,within_sampled_range,II,147,95.83333333333334,runs/yin_latest_vgg_20260927/single_noise/r21vgg2k_vgg16_bn_s42/faces_rfwWM64/faces_rfwWM64/results.csv,II
noaa,VGG2k / no AA,r21vgg2k_vgg16_bn_s42,face_transfer,124,single_uu,RFW WM64,Faces,0.37,,50,within_sampled_range,II,148,91.66666666666666,runs/yin_latest_vgg_20260927/single_noise/r21vgg2k_vgg16_bn_s42/faces_rfwWM64/faces_rfwWM64/results.csv,II
noaa,VGG2k / no AA,r21vgg2k_vgg16_bn_s42,face_transfer,124,single_uu,RFW WM64,Faces,0.37,,50,within_sampled_range,II,149,83.33333333333334,runs/yin_latest_vgg_20260927/single_noise/r21vgg2k_vgg16_bn_s42/faces_rfwWM64/faces_rfwWM64/results.csv,II
noaa,VGG2k / no AA,r21vgg2k_vgg16_bn_s42,face_transfer,124,single_uu,RFW WM64,Faces,0.37,,50,within_sampled_range,II,150,87.5,runs/yin_latest_vgg_20260927/single_noise/r21vgg2k_vgg16_bn_s42/faces_rfwWM64/faces_rfwWM64/results.csv,II
noaa,VGG2k / no AA,r21vgg2k_vgg16_bn_s42,face_transfer,124,single_uu,RFW WM64,Faces,0.37,,50,within_sampled_range,UI,101,100.0,runs/yin_latest_vgg_20260927/single_noise/r21vgg2k_vgg16_bn_s42/faces_rfwWM64/faces_rfwWM64/results.csv,UI
noaa,VGG2k / no AA,r21vgg2k_vgg16_bn_s42,face_transfer,124,single_uu,RFW WM64,Faces,0.37,,50,within_sampled_range,UI,102,83.33333333333334,runs/yin_latest_vgg_20260927/single_noise/r21vgg2k_vgg16_bn_s42/faces_rfwWM64/faces_rfwWM64/results.csv,UI
noaa,VGG2k / no AA,r21vgg2k_vgg16_bn_s42,face_transfer,124,single_uu,RFW WM64,Faces,0.37,,50,within_sampled_range,UI,103,83.33333333333334,runs/yin_latest_vgg_20260927/single_noise/r21vgg2k_vgg16_bn_s42/faces_rfwWM64/faces_rfwWM64/results.csv,UI
noaa,VGG2k / no AA,r21vgg2k_vgg16_bn_s42,face_transfer,124,single_uu,RFW WM64,Faces,0.37,,50,within_sampled_range,UI,104,95.83333333333334,runs/yin_latest_vgg_20260927/single_noise/r21vgg2k_vgg16_bn_s42/faces_rfwWM64/faces_rfwWM64/results.csv,UI
noaa,VGG2k / no AA,r21vgg2k_vgg16_bn_s42,face_transfer,124,single_uu,RFW WM64,Faces,0.37,,50,within_sampled_range,UI,105,70.83333333333334,runs/yin_latest_vgg_20260927/single_noise/r21vgg2k_vgg16_bn_s42/faces_rfwWM64/faces_rfwWM64/results.csv,UI
noaa,VGG2k / no AA,r21vgg2k_vgg16_bn_s42,face_transfer,124,single_uu,RFW WM64,Faces,0.37,,50,within_sampled_range,UI,106,95.83333333333334,runs/yin_latest_vgg_20260927/single_noise/r21vgg2k_vgg16_bn_s42/faces_rfwWM64/faces_rfwWM64/results.csv,UI
noaa,VGG2k / no AA,r21vgg2k_vgg16_bn_s42,face_transfer,124,single_uu,RFW WM64,Faces,0.37,,50,within_sampled_range,UI,107,95.83333333333334,runs/yin_latest_vgg_20260927/single_noise/r21vgg2k_vgg16_bn_s42/faces_rfwWM64/faces_rfwWM64/results.csv,UI
noaa,VGG2k / no AA,r21vgg2k_vgg16_bn_s42,face_transfer,124,single_uu,RFW WM64,Faces,0.37,,50,within_sampled_range,UI,108,95.83333333333334,runs/yin_latest_vgg_20260927/single_noise/r21vgg2k_vgg16_bn_s42/faces_rfwWM64/faces_rfwWM64/results.csv,UI
noaa,VGG2k / no AA,r21vgg2k_vgg16_bn_s42,face_transfer,124,single_uu,RFW WM64,Faces,0.37,,50,within_sampled_range,UI,109,91.66666666666666,runs/yin_latest_vgg_20260927/single_noise/r21vgg2k_vgg16_bn_s42/faces_rfwWM64/faces_rfwWM64/results.csv,UI
noaa,VGG2k / no AA,r21vgg2k_vgg16_bn_s42,face_transfer,124,single_uu,RFW WM64,Faces,0.37,,50,within_sampled_range,UI,110,91.66666666666666,runs/yin_latest_vgg_20260927/single_noise/r21vgg2k_vgg16_bn_s42/faces_rfwWM64/faces_rfwWM64/results.csv,UI
noaa,VGG2k / no AA,r21vgg2k_vgg16_bn_s42,face_transfer,124,single_uu,RFW WM64,Faces,0.37,,50,within_sampled_range,UI,111,91.66666666666666,runs/yin_latest_vgg_20260927/single_noise/r21vgg2k_vgg16_bn_s42/faces_rfwWM64/faces_rfwWM64/results.csv,UI
noaa,VGG2k / no AA,r21vgg2k_vgg16_bn_s42,face_transfer,124,single_uu,RFW WM64,Faces,0.37,,50,within_sampled_range,UI,112,91.66666666666666,runs/yin_latest_vgg_20260927/single_noise/r21vgg2k_vgg16_bn_s42/faces_rfwWM64/faces_rfwWM64/results.csv,UI
noaa,VGG2k / no AA,r21vgg2k_vgg16_bn_s42,face_transfer,124,single_uu,RFW WM64,Faces,0.37,,50,within_sampled_range,UI,113,95.83333333333334,runs/yin_latest_vgg_20260927/single_noise/r21vgg2k_vgg16_bn_s42/faces_rfwWM64/faces_rfwWM64/results.csv,UI
noaa,VGG2k / no AA,r21vgg2k_vgg16_bn_s42,face_transfer,124,single_uu,RFW WM64,Faces,0.37,,50,within_sampled_range,UI,114,100.0,runs/yin_latest_vgg_20260927/single_noise/r21vgg2k_vgg16_bn_s42/faces_rfwWM64/faces_rfwWM64/results.csv,UI
noaa,VGG2k / no AA,r21vgg2k_vgg16_bn_s42,face_transfer,124,single_uu,RFW WM64,Faces,0.37,,50,within_sampled_range,UI,115,83.33333333333334,runs/yin_latest_vgg_20260927/single_noise/r21vgg2k_vgg16_bn_s42/faces_rfwWM64/faces_rfwWM64/results.csv,UI
noaa,VGG2k / no AA,r21vgg2k_vgg16_bn_s42,face_transfer,124,single_uu,RFW WM64,Faces,0.37,,50,within_sampled_range,UI,116,87.5,runs/yin_latest_vgg_20260927/single_noise/r21vgg2k_vgg16_bn_s42/faces_rfwWM64/faces_rfwWM64/results.csv,UI
noaa,VGG2k / no AA,r21vgg2k_vgg16_bn_s42,face_transfer,124,single_uu,RFW WM64,Faces,0.37,,50,within_sampled_range,UI,117,95.83333333333334,runs/yin_latest_vgg_20260927/single_noise/r21vgg2k_vgg16_bn_s42/faces_rfwWM64/faces_rfwWM64/results.csv,UI
noaa,VGG2k / no AA,r21vgg2k_vgg16_bn_s42,face_transfer,124,single_uu,RFW WM64,Faces,0.37,,50,within_sampled_range,UI,118,95.83333333333334,runs/yin_latest_vgg_20260927/single_noise/r21vgg2k_vgg16_bn_s42/faces_rfwWM64/faces_rfwWM64/results.csv,UI
noaa,VGG2k / no AA,r21vgg2k_vgg16_bn_s42,face_transfer,124,single_uu,RFW WM64,Faces,0.37,,50,within_sampled_range,UI,119,95.83333333333334,runs/yin_latest_vgg_20260927/single_noise/r21vgg2k_vgg16_bn_s42/faces_rfwWM64/faces_rfwWM64/results.csv,UI
noaa,VGG2k / no AA,r21vgg2k_vgg16_bn_s42,face_transfer,124,single_uu,RFW WM64,Faces,0.37,,50,within_sampled_range,UI,120,95.83333333333334,runs/yin_latest_vgg_20260927/single_noise/r21vgg2k_vgg16_bn_s42/faces_rfwWM64/faces_rfwWM64/results.csv,UI
noaa,VGG2k / no AA,r21vgg2k_vgg16_bn_s42,face_transfer,124,single_uu,RFW WM64,Faces,0.37,,50,within_sampled_range,UI,121,95.83333333333334,runs/yin_latest_vgg_20260927/single_noise/r21vgg2k_vgg16_bn_s42/faces_rfwWM64/faces_rfwWM64/results.csv,UI
noaa,VGG2k / no AA,r21vgg2k_vgg16_bn_s42,face_transfer,124,single_uu,RFW WM64,Faces,0.37,,50,within_sampled_range,UI,122,87.5,runs/yin_latest_vgg_20260927/single_noise/r21vgg2k_vgg16_bn_s42/faces_rfwWM64/faces_rfwWM64/results.csv,UI
noaa,VGG2k / no AA,r21vgg2k_vgg16_bn_s42,face_transfer,124,single_uu,RFW WM64,Faces,0.37,,50,within_sampled_range,UI,123,83.33333333333334,runs/yin_latest_vgg_20260927/single_noise/r21vgg2k_vgg16_bn_s42/faces_rfwWM64/faces_rfwWM64/results.csv,UI
noaa,VGG2k / no AA,r21vgg2k_vgg16_bn_s42,face_transfer,124,single_uu,RFW WM64,Faces,0.37,,50,within_sampled_range,UI,124,95.83333333333334,runs/yin_latest_vgg_20260927/single_noise/r21vgg2k_vgg16_bn_s42/faces_rfwWM64/faces_rfwWM64/results.csv,UI
noaa,VGG2k / no AA,r21vgg2k_vgg16_bn_s42,face_transfer,124,single_uu,RFW WM64,Faces,0.37,,50,within_sampled_range,UI,125,83.33333333333334,runs/yin_latest_vgg_20260927/single_noise/r21vgg2k_vgg16_bn_s42/faces_rfwWM64/faces_rfwWM64/results.csv,UI
noaa,VGG2k / no AA,r21vgg2k_vgg16_bn_s42,face_transfer,124,single_uu,RFW WM64,Faces,0.37,,50,within_sampled_range,UI,126,95.83333333333334,runs/yin_latest_vgg_20260927/single_noise/r21vgg2k_vgg16_bn_s42/faces_rfwWM64/faces_rfwWM64/results.csv,UI
noaa,VGG2k / no AA,r21vgg2k_vgg16_bn_s42,face_transfer,124,single_uu,RFW WM64,Faces,0.37,,50,within_sampled_range,UI,127,87.5,runs/yin_latest_vgg_20260927/single_noise/r21vgg2k_vgg16_bn_s42/faces_rfwWM64/faces_rfwWM64/results.csv,UI
noaa,VGG2k / no AA,r21vgg2k_vgg16_bn_s42,face_transfer,124,single_uu,RFW WM64,Faces,0.37,,50,within_sampled_range,UI,128,91.66666666666666,runs/yin_latest_vgg_20260927/single_noise/r21vgg2k_vgg16_bn_s42/faces_rfwWM64/faces_rfwWM64/results.csv,UI
noaa,VGG2k / no AA,r21vgg2k_vgg16_bn_s42,face_transfer,124,single_uu,RFW WM64,Faces,0.37,,50,within_sampled_range,UI,129,87.5,runs/yin_latest_vgg_20260927/single_noise/r21vgg2k_vgg16_bn_s42/faces_rfwWM64/faces_rfwWM64/results.csv,UI
noaa,VGG2k / no AA,r21vgg2k_vgg16_bn_s42,face_transfer,124,single_uu,RFW WM64,Faces,0.37,,50,within_sampled_range,UI,130,95.83333333333334,runs/yin_latest_vgg_20260927/single_noise/r21vgg2k_vgg16_bn_s42/faces_rfwWM64/faces_rfwWM64/results.csv,UI
noaa,VGG2k / no AA,r21vgg2k_vgg16_bn_s42,face_transfer,124,single_uu,RFW WM64,Faces,0.37,,50,within_sampled_range,UI,131,95.83333333333334,runs/yin_latest_vgg_20260927/single_noise/r21vgg2k_vgg16_bn_s42/faces_rfwWM64/faces_rfwWM64/results.csv,UI
noaa,VGG2k / no AA,r21vgg2k_vgg16_bn_s42,face_transfer,124,single_uu,RFW WM64,Faces,0.37,,50,within_sampled_range,UI,132,91.66666666666666,runs/yin_latest_vgg_20260927/single_noise/r21vgg2k_vgg16_bn_s42/faces_rfwWM64/faces_rfwWM64/results.csv,UI
noaa,VGG2k / no AA,r21vgg2k_vgg16_bn_s42,face_transfer,124,single_uu,RFW WM64,Faces,0.37,,50,within_sampled_range,UI,133,75.0,runs/yin_latest_vgg_20260927/single_noise/r21vgg2k_vgg16_bn_s42/faces_rfwWM64/faces_rfwWM64/results.csv,UI
noaa,VGG2k / no AA,r21vgg2k_vgg16_bn_s42,face_transfer,124,single_uu,RFW WM64,Faces,0.37,,50,within_sampled_range,UI,134,91.66666666666666,runs/yin_latest_vgg_20260927/single_noise/r21vgg2k_vgg16_bn_s42/faces_rfwWM64/faces_rfwWM64/results.csv,UI
noaa,VGG2k / no AA,r21vgg2k_vgg16_bn_s42,face_transfer,124,single_uu,RFW WM64,Faces,0.37,,50,within_sampled_range,UI,135,79.16666666666666,runs/yin_latest_vgg_20260927/single_noise/r21vgg2k_vgg16_bn_s42/faces_rfwWM64/faces_rfwWM64/results.csv,UI
noaa,VGG2k / no AA,r21vgg2k_vgg16_bn_s42,face_transfer,124,single_uu,RFW WM64,Faces,0.37,,50,within_sampled_range,UI,136,95.83333333333334,runs/yin_latest_vgg_20260927/single_noise/r21vgg2k_vgg16_bn_s42/faces_rfwWM64/faces_rfwWM64/results.csv,UI
noaa,VGG2k / no AA,r21vgg2k_vgg16_bn_s42,face_transfer,124,single_uu,RFW WM64,Faces,0.37,,50,within_sampled_range,UI,137,95.83333333333334,runs/yin_latest_vgg_20260927/single_noise/r21vgg2k_vgg16_bn_s42/faces_rfwWM64/faces_rfwWM64/results.csv,UI
noaa,VGG2k / no AA,r21vgg2k_vgg16_bn_s42,face_transfer,124,single_uu,RFW WM64,Faces,0.37,,50,within_sampled_range,UI,138,91.66666666666666,runs/yin_latest_vgg_20260927/single_noise/r21vgg2k_vgg16_bn_s42/faces_rfwWM64/faces_rfwWM64/results.csv,UI
noaa,VGG2k / no AA,r21vgg2k_vgg16_bn_s42,face_transfer,124,single_uu,RFW WM64,Faces,0.37,,50,within_sampled_range,UI,139,87.5,runs/yin_latest_vgg_20260927/single_noise/r21vgg2k_vgg16_bn_s42/faces_rfwWM64/faces_rfwWM64/results.csv,UI
noaa,VGG2k / no AA,r21vgg2k_vgg16_bn_s42,face_transfer,124,single_uu,RFW WM64,Faces,0.37,,50,within_sampled_range,UI,140,87.5,runs/yin_latest_vgg_20260927/single_noise/r21vgg2k_vgg16_bn_s42/faces_rfwWM64/faces_rfwWM64/results.csv,UI
noaa,VGG2k / no AA,r21vgg2k_vgg16_bn_s42,face_transfer,124,single_uu,RFW WM64,Faces,0.37,,50,within_sampled_range,UI,141,91.66666666666666,runs/yin_latest_vgg_20260927/single_noise/r21vgg2k_vgg16_bn_s42/faces_rfwWM64/faces_rfwWM64/results.csv,UI
noaa,VGG2k / no AA,r21vgg2k_vgg16_bn_s42,face_transfer,124,single_uu,RFW WM64,Faces,0.37,,50,within_sampled_range,UI,142,91.66666666666666,runs/yin_latest_vgg_20260927/single_noise/r21vgg2k_vgg16_bn_s42/faces_rfwWM64/faces_rfwWM64/results.csv,UI
noaa,VGG2k / no AA,r21vgg2k_vgg16_bn_s42,face_transfer,124,single_uu,RFW WM64,Faces,0.37,,50,within_sampled_range,UI,143,91.66666666666666,runs/yin_latest_vgg_20260927/single_noise/r21vgg2k_vgg16_bn_s42/faces_rfwWM64/faces_rfwWM64/results.csv,UI
noaa,VGG2k / no AA,r21vgg2k_vgg16_bn_s42,face_transfer,124,single_uu,RFW WM64,Faces,0.37,,50,within_sampled_range,UI,144,100.0,runs/yin_latest_vgg_20260927/single_noise/r21vgg2k_vgg16_bn_s42/faces_rfwWM64/faces_rfwWM64/results.csv,UI
noaa,VGG2k / no AA,r21vgg2k_vgg16_bn_s42,face_transfer,124,single_uu,RFW WM64,Faces,0.37,,50,within_sampled_range,UI,145,91.66666666666666,runs/yin_latest_vgg_20260927/single_noise/r21vgg2k_vgg16_bn_s42/faces_rfwWM64/faces_rfwWM64/results.csv,UI
noaa,VGG2k / no AA,r21vgg2k_vgg16_bn_s42,face_transfer,124,single_uu,RFW WM64,Faces,0.37,,50,within_sampled_range,UI,146,83.33333333333334,runs/yin_latest_vgg_20260927/single_noise/r21vgg2k_vgg16_bn_s42/faces_rfwWM64/faces_rfwWM64/results.csv,UI
noaa,VGG2k / no AA,r21vgg2k_vgg16_bn_s42,face_transfer,124,single_uu,RFW WM64,Faces,0.37,,50,within_sampled_range,UI,147,95.83333333333334,runs/yin_latest_vgg_20260927/single_noise/r21vgg2k_vgg16_bn_s42/faces_rfwWM64/faces_rfwWM64/results.csv,UI
noaa,VGG2k / no AA,r21vgg2k_vgg16_bn_s42,face_transfer,124,single_uu,RFW WM64,Faces,0.37,,50,within_sampled_range,UI,148,95.83333333333334,runs/yin_latest_vgg_20260927/single_noise/r21vgg2k_vgg16_bn_s42/faces_rfwWM64/faces_rfwWM64/results.csv,UI
noaa,VGG2k / no AA,r21vgg2k_vgg16_bn_s42,face_transfer,124,single_uu,RFW WM64,Faces,0.37,,50,within_sampled_range,UI,149,83.33333333333334,runs/yin_latest_vgg_20260927/single_noise/r21vgg2k_vgg16_bn_s42/faces_rfwWM64/faces_rfwWM64/results.csv,UI
noaa,VGG2k / no AA,r21vgg2k_vgg16_bn_s42,face_transfer,124,single_uu,RFW WM64,Faces,0.37,,50,within_sampled_range,UI,150,91.66666666666666,runs/yin_latest_vgg_20260927/single_noise/r21vgg2k_vgg16_bn_s42/faces_rfwWM64/faces_rfwWM64/results.csv,UI
noaa,VGG2k / no AA,r21vgg2k_vgg16_bn_s42,face_transfer,124,single_uu,RFW WM64,Faces,0.37,,50,within_sampled_range,IU,101,87.5,runs/yin_latest_vgg_20260927/single_noise/r21vgg2k_vgg16_bn_s42/faces_rfwWM64/faces_rfwWM64/results.csv,IU
noaa,VGG2k / no AA,r21vgg2k_vgg16_bn_s42,face_transfer,124,single_uu,RFW WM64,Faces,0.37,,50,within_sampled_range,IU,102,100.0,runs/yin_latest_vgg_20260927/single_noise/r21vgg2k_vgg16_bn_s42/faces_rfwWM64/faces_rfwWM64/results.csv,IU
noaa,VGG2k / no AA,r21vgg2k_vgg16_bn_s42,face_transfer,124,single_uu,RFW WM64,Faces,0.37,,50,within_sampled_range,IU,103,75.0,runs/yin_latest_vgg_20260927/single_noise/r21vgg2k_vgg16_bn_s42/faces_rfwWM64/faces_rfwWM64/results.csv,IU
noaa,VGG2k / no AA,r21vgg2k_vgg16_bn_s42,face_transfer,124,single_uu,RFW WM64,Faces,0.37,,50,within_sampled_range,IU,104,91.66666666666666,runs/yin_latest_vgg_20260927/single_noise/r21vgg2k_vgg16_bn_s42/faces_rfwWM64/faces_rfwWM64/results.csv,IU
noaa,VGG2k / no AA,r21vgg2k_vgg16_bn_s42,face_transfer,124,single_uu,RFW WM64,Faces,0.37,,50,within_sampled_range,IU,105,91.66666666666666,runs/yin_latest_vgg_20260927/single_noise/r21vgg2k_vgg16_bn_s42/faces_rfwWM64/faces_rfwWM64/results.csv,IU
noaa,VGG2k / no AA,r21vgg2k_vgg16_bn_s42,face_transfer,124,single_uu,RFW WM64,Faces,0.37,,50,within_sampled_range,IU,106,95.83333333333334,runs/yin_latest_vgg_20260927/single_noise/r21vgg2k_vgg16_bn_s42/faces_rfwWM64/faces_rfwWM64/results.csv,IU
noaa,VGG2k / no AA,r21vgg2k_vgg16_bn_s42,face_transfer,124,single_uu,RFW WM64,Faces,0.37,,50,within_sampled_range,IU,107,95.83333333333334,runs/yin_latest_vgg_20260927/single_noise/r21vgg2k_vgg16_bn_s42/faces_rfwWM64/faces_rfwWM64/results.csv,IU
noaa,VGG2k / no AA,r21vgg2k_vgg16_bn_s42,face_transfer,124,single_uu,RFW WM64,Faces,0.37,,50,within_sampled_range,IU,108,91.66666666666666,runs/yin_latest_vgg_20260927/single_noise/r21vgg2k_vgg16_bn_s42/faces_rfwWM64/faces_rfwWM64/results.csv,IU
noaa,VGG2k / no AA,r21vgg2k_vgg16_bn_s42,face_transfer,124,single_uu,RFW WM64,Faces,0.37,,50,within_sampled_range,IU,109,87.5,runs/yin_latest_vgg_20260927/single_noise/r21vgg2k_vgg16_bn_s42/faces_rfwWM64/faces_rfwWM64/results.csv,IU
noaa,VGG2k / no AA,r21vgg2k_vgg16_bn_s42,face_transfer,124,single_uu,RFW WM64,Faces,0.37,,50,within_sampled_range,IU,110,87.5,runs/yin_latest_vgg_20260927/single_noise/r21vgg2k_vgg16_bn_s42/faces_rfwWM64/faces_rfwWM64/results.csv,IU
noaa,VGG2k / no AA,r21vgg2k_vgg16_bn_s42,face_transfer,124,single_uu,RFW WM64,Faces,0.37,,50,within_sampled_range,IU,111,83.33333333333334,runs/yin_latest_vgg_20260927/single_noise/r21vgg2k_vgg16_bn_s42/faces_rfwWM64/faces_rfwWM64/results.csv,IU
noaa,VGG2k / no AA,r21vgg2k_vgg16_bn_s42,face_transfer,124,single_uu,RFW WM64,Faces,0.37,,50,within_sampled_range,IU,112,87.5,runs/yin_latest_vgg_20260927/single_noise/r21vgg2k_vgg16_bn_s42/faces_rfwWM64/faces_rfwWM64/results.csv,IU
noaa,VGG2k / no AA,r21vgg2k_vgg16_bn_s42,face_transfer,124,single_uu,RFW WM64,Faces,0.37,,50,within_sampled_range,IU,113,95.83333333333334,runs/yin_latest_vgg_20260927/single_noise/r21vgg2k_vgg16_bn_s42/faces_rfwWM64/faces_rfwWM64/results.csv,IU
noaa,VGG2k / no AA,r21vgg2k_vgg16_bn_s42,face_transfer,124,single_uu,RFW WM64,Faces,0.37,,50,within_sampled_range,IU,114,87.5,runs/yin_latest_vgg_20260927/single_noise/r21vgg2k_vgg16_bn_s42/faces_rfwWM64/faces_rfwWM64/results.csv,IU
noaa,VGG2k / no AA,r21vgg2k_vgg16_bn_s42,face_transfer,124,single_uu,RFW WM64,Faces,0.37,,50,within_sampled_range,IU,115,95.83333333333334,runs/yin_latest_vgg_20260927/single_noise/r21vgg2k_vgg16_bn_s42/faces_rfwWM64/faces_rfwWM64/results.csv,IU
noaa,VGG2k / no AA,r21vgg2k_vgg16_bn_s42,face_transfer,124,single_uu,RFW WM64,Faces,0.37,,50,within_sampled_range,IU,116,100.0,runs/yin_latest_vgg_20260927/single_noise/r21vgg2k_vgg16_bn_s42/faces_rfwWM64/faces_rfwWM64/results.csv,IU
noaa,VGG2k / no AA,r21vgg2k_vgg16_bn_s42,face_transfer,124,single_uu,RFW WM64,Faces,0.37,,50,within_sampled_range,IU,117,87.5,runs/yin_latest_vgg_20260927/single_noise/r21vgg2k_vgg16_bn_s42/faces_rfwWM64/faces_rfwWM64/results.csv,IU
noaa,VGG2k / no AA,r21vgg2k_vgg16_bn_s42,face_transfer,124,single_uu,RFW WM64,Faces,0.37,,50,within_sampled_range,IU,118,87.5,runs/yin_latest_vgg_20260927/single_noise/r21vgg2k_vgg16_bn_s42/faces_rfwWM64/faces_rfwWM64/results.csv,IU
noaa,VGG2k / no AA,r21vgg2k_vgg16_bn_s42,face_transfer,124,single_uu,RFW WM64,Faces,0.37,,50,within_sampled_range,IU,119,95.83333333333334,runs/yin_latest_vgg_20260927/single_noise/r21vgg2k_vgg16_bn_s42/faces_rfwWM64/faces_rfwWM64/results.csv,IU
noaa,VGG2k / no AA,r21vgg2k_vgg16_bn_s42,face_transfer,124,single_uu,RFW WM64,Faces,0.37,,50,within_sampled_range,IU,120,91.66666666666666,runs/yin_latest_vgg_20260927/single_noise/r21vgg2k_vgg16_bn_s42/faces_rfwWM64/faces_rfwWM64/results.csv,IU
noaa,VGG2k / no AA,r21vgg2k_vgg16_bn_s42,face_transfer,124,single_uu,RFW WM64,Faces,0.37,,50,within_sampled_range,IU,121,91.66666666666666,runs/yin_latest_vgg_20260927/single_noise/r21vgg2k_vgg16_bn_s42/faces_rfwWM64/faces_rfwWM64/results.csv,IU
noaa,VGG2k / no AA,r21vgg2k_vgg16_bn_s42,face_transfer,124,single_uu,RFW WM64,Faces,0.37,,50,within_sampled_range,IU,122,95.83333333333334,runs/yin_latest_vgg_20260927/single_noise/r21vgg2k_vgg16_bn_s42/faces_rfwWM64/faces_rfwWM64/results.csv,IU
noaa,VGG2k / no AA,r21vgg2k_vgg16_bn_s42,face_transfer,124,single_uu,RFW WM64,Faces,0.37,,50,within_sampled_range,IU,123,87.5,runs/yin_latest_vgg_20260927/single_noise/r21vgg2k_vgg16_bn_s42/faces_rfwWM64/faces_rfwWM64/results.csv,IU
noaa,VGG2k / no AA,r21vgg2k_vgg16_bn_s42,face_transfer,124,single_uu,RFW WM64,Faces,0.37,,50,within_sampled_range,IU,124,91.66666666666666,runs/yin_latest_vgg_20260927/single_noise/r21vgg2k_vgg16_bn_s42/faces_rfwWM64/faces_rfwWM64/results.csv,IU
noaa,VGG2k / no AA,r21vgg2k_vgg16_bn_s42,face_transfer,124,single_uu,RFW WM64,Faces,0.37,,50,within_sampled_range,IU,125,79.16666666666666,runs/yin_latest_vgg_20260927/single_noise/r21vgg2k_vgg16_bn_s42/faces_rfwWM64/faces_rfwWM64/results.csv,IU
noaa,VGG2k / no AA,r21vgg2k_vgg16_bn_s42,face_transfer,124,single_uu,RFW WM64,Faces,0.37,,50,within_sampled_range,IU,126,91.66666666666666,runs/yin_latest_vgg_20260927/single_noise/r21vgg2k_vgg16_bn_s42/faces_rfwWM64/faces_rfwWM64/results.csv,IU
noaa,VGG2k / no AA,r21vgg2k_vgg16_bn_s42,face_transfer,124,single_uu,RFW WM64,Faces,0.37,,50,within_sampled_range,IU,127,87.5,runs/yin_latest_vgg_20260927/single_noise/r21vgg2k_vgg16_bn_s42/faces_rfwWM64/faces_rfwWM64/results.csv,IU
noaa,VGG2k / no AA,r21vgg2k_vgg16_bn_s42,face_transfer,124,single_uu,RFW WM64,Faces,0.37,,50,within_sampled_range,IU,128,91.66666666666666,runs/yin_latest_vgg_20260927/single_noise/r21vgg2k_vgg16_bn_s42/faces_rfwWM64/faces_rfwWM64/results.csv,IU
noaa,VGG2k / no AA,r21vgg2k_vgg16_bn_s42,face_transfer,124,single_uu,RFW WM64,Faces,0.37,,50,within_sampled_range,IU,129,91.66666666666666,runs/yin_latest_vgg_20260927/single_noise/r21vgg2k_vgg16_bn_s42/faces_rfwWM64/faces_rfwWM64/results.csv,IU
noaa,VGG2k / no AA,r21vgg2k_vgg16_bn_s42,face_transfer,124,single_uu,RFW WM64,Faces,0.37,,50,within_sampled_range,IU,130,83.33333333333334,runs/yin_latest_vgg_20260927/single_noise/r21vgg2k_vgg16_bn_s42/faces_rfwWM64/faces_rfwWM64/results.csv,IU
noaa,VGG2k / no AA,r21vgg2k_vgg16_bn_s42,face_transfer,124,single_uu,RFW WM64,Faces,0.37,,50,within_sampled_range,IU,131,100.0,runs/yin_latest_vgg_20260927/single_noise/r21vgg2k_vgg16_bn_s42/faces_rfwWM64/faces_rfwWM64/results.csv,IU
noaa,VGG2k / no AA,r21vgg2k_vgg16_bn_s42,face_transfer,124,single_uu,RFW WM64,Faces,0.37,,50,within_sampled_range,IU,132,79.16666666666666,runs/yin_latest_vgg_20260927/single_noise/r21vgg2k_vgg16_bn_s42/faces_rfwWM64/faces_rfwWM64/results.csv,IU
noaa,VGG2k / no AA,r21vgg2k_vgg16_bn_s42,face_transfer,124,single_uu,RFW WM64,Faces,0.37,,50,within_sampled_range,IU,133,95.83333333333334,runs/yin_latest_vgg_20260927/single_noise/r21vgg2k_vgg16_bn_s42/faces_rfwWM64/faces_rfwWM64/results.csv,IU
noaa,VGG2k / no AA,r21vgg2k_vgg16_bn_s42,face_transfer,124,single_uu,RFW WM64,Faces,0.37,,50,within_sampled_range,IU,134,87.5,runs/yin_latest_vgg_20260927/single_noise/r21vgg2k_vgg16_bn_s42/faces_rfwWM64/faces_rfwWM64/results.csv,IU
noaa,VGG2k / no AA,r21vgg2k_vgg16_bn_s42,face_transfer,124,single_uu,RFW WM64,Faces,0.37,,50,within_sampled_range,IU,135,91.66666666666666,runs/yin_latest_vgg_20260927/single_noise/r21vgg2k_vgg16_bn_s42/faces_rfwWM64/faces_rfwWM64/results.csv,IU
noaa,VGG2k / no AA,r21vgg2k_vgg16_bn_s42,face_transfer,124,single_uu,RFW WM64,Faces,0.37,,50,within_sampled_range,IU,136,87.5,runs/yin_latest_vgg_20260927/single_noise/r21vgg2k_vgg16_bn_s42/faces_rfwWM64/faces_rfwWM64/results.csv,IU
noaa,VGG2k / no AA,r21vgg2k_vgg16_bn_s42,face_transfer,124,single_uu,RFW WM64,Faces,0.37,,50,within_sampled_range,IU,137,95.83333333333334,runs/yin_latest_vgg_20260927/single_noise/r21vgg2k_vgg16_bn_s42/faces_rfwWM64/faces_rfwWM64/results.csv,IU
noaa,VGG2k / no AA,r21vgg2k_vgg16_bn_s42,face_transfer,124,single_uu,RFW WM64,Faces,0.37,,50,within_sampled_range,IU,138,87.5,runs/yin_latest_vgg_20260927/single_noise/r21vgg2k_vgg16_bn_s42/faces_rfwWM64/faces_rfwWM64/results.csv,IU
noaa,VGG2k / no AA,r21vgg2k_vgg16_bn_s42,face_transfer,124,single_uu,RFW WM64,Faces,0.37,,50,within_sampled_range,IU,139,91.66666666666666,runs/yin_latest_vgg_20260927/single_noise/r21vgg2k_vgg16_bn_s42/faces_rfwWM64/faces_rfwWM64/results.csv,IU
noaa,VGG2k / no AA,r21vgg2k_vgg16_bn_s42,face_transfer,124,single_uu,RFW WM64,Faces,0.37,,50,within_sampled_range,IU,140,91.66666666666666,runs/yin_latest_vgg_20260927/single_noise/r21vgg2k_vgg16_bn_s42/faces_rfwWM64/faces_rfwWM64/results.csv,IU
noaa,VGG2k / no AA,r21vgg2k_vgg16_bn_s42,face_transfer,124,single_uu,RFW WM64,Faces,0.37,,50,within_sampled_range,IU,141,87.5,runs/yin_latest_vgg_20260927/single_noise/r21vgg2k_vgg16_bn_s42/faces_rfwWM64/faces_rfwWM64/results.csv,IU
noaa,VGG2k / no AA,r21vgg2k_vgg16_bn_s42,face_transfer,124,single_uu,RFW WM64,Faces,0.37,,50,within_sampled_range,IU,142,83.33333333333334,runs/yin_latest_vgg_20260927/single_noise/r21vgg2k_vgg16_bn_s42/faces_rfwWM64/faces_rfwWM64/results.csv,IU
noaa,VGG2k / no AA,r21vgg2k_vgg16_bn_s42,face_transfer,124,single_uu,RFW WM64,Faces,0.37,,50,within_sampled_range,IU,143,91.66666666666666,runs/yin_latest_vgg_20260927/single_noise/r21vgg2k_vgg16_bn_s42/faces_rfwWM64/faces_rfwWM64/results.csv,IU
noaa,VGG2k / no AA,r21vgg2k_vgg16_bn_s42,face_transfer,124,single_uu,RFW WM64,Faces,0.37,,50,within_sampled_range,IU,144,95.83333333333334,runs/yin_latest_vgg_20260927/single_noise/r21vgg2k_vgg16_bn_s42/faces_rfwWM64/faces_rfwWM64/results.csv,IU
noaa,VGG2k / no AA,r21vgg2k_vgg16_bn_s42,face_transfer,124,single_uu,RFW WM64,Faces,0.37,,50,within_sampled_range,IU,145,87.5,runs/yin_latest_vgg_20260927/single_noise/r21vgg2k_vgg16_bn_s42/faces_rfwWM64/faces_rfwWM64/results.csv,IU
noaa,VGG2k / no AA,r21vgg2k_vgg16_bn_s42,face_transfer,124,single_uu,RFW WM64,Faces,0.37,,50,within_sampled_range,IU,146,87.5,runs/yin_latest_vgg_20260927/single_noise/r21vgg2k_vgg16_bn_s42/faces_rfwWM64/faces_rfwWM64/results.csv,IU
noaa,VGG2k / no AA,r21vgg2k_vgg16_bn_s42,face_transfer,124,single_uu,RFW WM64,Faces,0.37,,50,within_sampled_range,IU,147,87.5,runs/yin_latest_vgg_20260927/single_noise/r21vgg2k_vgg16_bn_s42/faces_rfwWM64/faces_rfwWM64/results.csv,IU
noaa,VGG2k / no AA,r21vgg2k_vgg16_bn_s42,face_transfer,124,single_uu,RFW WM64,Faces,0.37,,50,within_sampled_range,IU,148,91.66666666666666,runs/yin_latest_vgg_20260927/single_noise/r21vgg2k_vgg16_bn_s42/faces_rfwWM64/faces_rfwWM64/results.csv,IU
noaa,VGG2k / no AA,r21vgg2k_vgg16_bn_s42,face_transfer,124,single_uu,RFW WM64,Faces,0.37,,50,within_sampled_range,IU,149,83.33333333333334,runs/yin_latest_vgg_20260927/single_noise/r21vgg2k_vgg16_bn_s42/faces_rfwWM64/faces_rfwWM64/results.csv,IU
noaa,VGG2k / no AA,r21vgg2k_vgg16_bn_s42,face_transfer,124,single_uu,RFW WM64,Faces,0.37,,50,within_sampled_range,IU,150,91.66666666666666,runs/yin_latest_vgg_20260927/single_noise/r21vgg2k_vgg16_bn_s42/faces_rfwWM64/faces_rfwWM64/results.csv,IU
noaa,VGG2k / no AA,r21vgg2k_vgg16_bn_s42,face_transfer,124,two_cross,RFW WM64,Faces,0.37,0.39,50,within_sampled_range,UU,101,100.0,runs/yin_latest_vgg_20260927/transfer/results/r21vgg2k_vgg16_bn_s42/faces_rfwWM64/faces_rfwWM64/results.csv,UU
noaa,VGG2k / no AA,r21vgg2k_vgg16_bn_s42,face_transfer,124,two_cross,RFW WM64,Faces,0.37,0.39,50,within_sampled_range,UU,102,95.83333333333334,runs/yin_latest_vgg_20260927/transfer/results/r21vgg2k_vgg16_bn_s42/faces_rfwWM64/faces_rfwWM64/results.csv,UU
noaa,VGG2k / no AA,r21vgg2k_vgg16_bn_s42,face_transfer,124,two_cross,RFW WM64,Faces,0.37,0.39,50,within_sampled_range,UU,103,100.0,runs/yin_latest_vgg_20260927/transfer/results/r21vgg2k_vgg16_bn_s42/faces_rfwWM64/faces_rfwWM64/results.csv,UU
noaa,VGG2k / no AA,r21vgg2k_vgg16_bn_s42,face_transfer,124,two_cross,RFW WM64,Faces,0.37,0.39,50,within_sampled_range,UU,104,91.66666666666666,runs/yin_latest_vgg_20260927/transfer/results/r21vgg2k_vgg16_bn_s42/faces_rfwWM64/faces_rfwWM64/results.csv,UU
noaa,VGG2k / no AA,r21vgg2k_vgg16_bn_s42,face_transfer,124,two_cross,RFW WM64,Faces,0.37,0.39,50,within_sampled_range,UU,105,100.0,runs/yin_latest_vgg_20260927/transfer/results/r21vgg2k_vgg16_bn_s42/faces_rfwWM64/faces_rfwWM64/results.csv,UU
noaa,VGG2k / no AA,r21vgg2k_vgg16_bn_s42,face_transfer,124,two_cross,RFW WM64,Faces,0.37,0.39,50,within_sampled_range,UU,106,100.0,runs/yin_latest_vgg_20260927/transfer/results/r21vgg2k_vgg16_bn_s42/faces_rfwWM64/faces_rfwWM64/results.csv,UU
noaa,VGG2k / no AA,r21vgg2k_vgg16_bn_s42,face_transfer,124,two_cross,RFW WM64,Faces,0.37,0.39,50,within_sampled_range,UU,107,95.83333333333334,runs/yin_latest_vgg_20260927/transfer/results/r21vgg2k_vgg16_bn_s42/faces_rfwWM64/faces_rfwWM64/results.csv,UU
noaa,VGG2k / no AA,r21vgg2k_vgg16_bn_s42,face_transfer,124,two_cross,RFW WM64,Faces,0.37,0.39,50,within_sampled_range,UU,108,95.83333333333334,runs/yin_latest_vgg_20260927/transfer/results/r21vgg2k_vgg16_bn_s42/faces_rfwWM64/faces_rfwWM64/results.csv,UU
noaa,VGG2k / no AA,r21vgg2k_vgg16_bn_s42,face_transfer,124,two_cross,RFW WM64,Faces,0.37,0.39,50,within_sampled_range,UU,109,100.0,runs/yin_latest_vgg_20260927/transfer/results/r21vgg2k_vgg16_bn_s42/faces_rfwWM64/faces_rfwWM64/results.csv,UU
noaa,VGG2k / no AA,r21vgg2k_vgg16_bn_s42,face_transfer,124,two_cross,RFW WM64,Faces,0.37,0.39,50,within_sampled_range,UU,110,91.66666666666666,runs/yin_latest_vgg_20260927/transfer/results/r21vgg2k_vgg16_bn_s42/faces_rfwWM64/faces_rfwWM64/results.csv,UU
noaa,VGG2k / no AA,r21vgg2k_vgg16_bn_s42,face_transfer,124,two_cross,RFW WM64,Faces,0.37,0.39,50,within_sampled_range,UU,111,95.83333333333334,runs/yin_latest_vgg_20260927/transfer/results/r21vgg2k_vgg16_bn_s42/faces_rfwWM64/faces_rfwWM64/results.csv,UU
noaa,VGG2k / no AA,r21vgg2k_vgg16_bn_s42,face_transfer,124,two_cross,RFW WM64,Faces,0.37,0.39,50,within_sampled_range,UU,112,100.0,runs/yin_latest_vgg_20260927/transfer/results/r21vgg2k_vgg16_bn_s42/faces_rfwWM64/faces_rfwWM64/results.csv,UU
noaa,VGG2k / no AA,r21vgg2k_vgg16_bn_s42,face_transfer,124,two_cross,RFW WM64,Faces,0.37,0.39,50,within_sampled_range,UU,113,100.0,runs/yin_latest_vgg_20260927/transfer/results/r21vgg2k_vgg16_bn_s42/faces_rfwWM64/faces_rfwWM64/results.csv,UU
noaa,VGG2k / no AA,r21vgg2k_vgg16_bn_s42,face_transfer,124,two_cross,RFW WM64,Faces,0.37,0.39,50,within_sampled_range,UU,114,100.0,runs/yin_latest_vgg_20260927/transfer/results/r21vgg2k_vgg16_bn_s42/faces_rfwWM64/faces_rfwWM64/results.csv,UU
noaa,VGG2k / no AA,r21vgg2k_vgg16_bn_s42,face_transfer,124,two_cross,RFW WM64,Faces,0.37,0.39,50,within_sampled_range,UU,115,91.66666666666666,runs/yin_latest_vgg_20260927/transfer/results/r21vgg2k_vgg16_bn_s42/faces_rfwWM64/faces_rfwWM64/results.csv,UU
noaa,VGG2k / no AA,r21vgg2k_vgg16_bn_s42,face_transfer,124,two_cross,RFW WM64,Faces,0.37,0.39,50,within_sampled_range,UU,116,100.0,runs/yin_latest_vgg_20260927/transfer/results/r21vgg2k_vgg16_bn_s42/faces_rfwWM64/faces_rfwWM64/results.csv,UU
noaa,VGG2k / no AA,r21vgg2k_vgg16_bn_s42,face_transfer,124,two_cross,RFW WM64,Faces,0.37,0.39,50,within_sampled_range,UU,117,100.0,runs/yin_latest_vgg_20260927/transfer/results/r21vgg2k_vgg16_bn_s42/faces_rfwWM64/faces_rfwWM64/results.csv,UU
noaa,VGG2k / no AA,r21vgg2k_vgg16_bn_s42,face_transfer,124,two_cross,RFW WM64,Faces,0.37,0.39,50,within_sampled_range,UU,118,95.83333333333334,runs/yin_latest_vgg_20260927/transfer/results/r21vgg2k_vgg16_bn_s42/faces_rfwWM64/faces_rfwWM64/results.csv,UU
noaa,VGG2k / no AA,r21vgg2k_vgg16_bn_s42,face_transfer,124,two_cross,RFW WM64,Faces,0.37,0.39,50,within_sampled_range,UU,119,100.0,runs/yin_latest_vgg_20260927/transfer/results/r21vgg2k_vgg16_bn_s42/faces_rfwWM64/faces_rfwWM64/results.csv,UU
noaa,VGG2k / no AA,r21vgg2k_vgg16_bn_s42,face_transfer,124,two_cross,RFW WM64,Faces,0.37,0.39,50,within_sampled_range,UU,120,95.83333333333334,runs/yin_latest_vgg_20260927/transfer/results/r21vgg2k_vgg16_bn_s42/faces_rfwWM64/faces_rfwWM64/results.csv,UU
noaa,VGG2k / no AA,r21vgg2k_vgg16_bn_s42,face_transfer,124,two_cross,RFW WM64,Faces,0.37,0.39,50,within_sampled_range,UU,121,100.0,runs/yin_latest_vgg_20260927/transfer/results/r21vgg2k_vgg16_bn_s42/faces_rfwWM64/faces_rfwWM64/results.csv,UU
noaa,VGG2k / no AA,r21vgg2k_vgg16_bn_s42,face_transfer,124,two_cross,RFW WM64,Faces,0.37,0.39,50,within_sampled_range,UU,122,91.66666666666666,runs/yin_latest_vgg_20260927/transfer/results/r21vgg2k_vgg16_bn_s42/faces_rfwWM64/faces_rfwWM64/results.csv,UU
noaa,VGG2k / no AA,r21vgg2k_vgg16_bn_s42,face_transfer,124,two_cross,RFW WM64,Faces,0.37,0.39,50,within_sampled_range,UU,123,95.83333333333334,runs/yin_latest_vgg_20260927/transfer/results/r21vgg2k_vgg16_bn_s42/faces_rfwWM64/faces_rfwWM64/results.csv,UU
noaa,VGG2k / no AA,r21vgg2k_vgg16_bn_s42,face_transfer,124,two_cross,RFW WM64,Faces,0.37,0.39,50,within_sampled_range,UU,124,95.83333333333334,runs/yin_latest_vgg_20260927/transfer/results/r21vgg2k_vgg16_bn_s42/faces_rfwWM64/faces_rfwWM64/results.csv,UU
noaa,VGG2k / no AA,r21vgg2k_vgg16_bn_s42,face_transfer,124,two_cross,RFW WM64,Faces,0.37,0.39,50,within_sampled_range,UU,125,100.0,runs/yin_latest_vgg_20260927/transfer/results/r21vgg2k_vgg16_bn_s42/faces_rfwWM64/faces_rfwWM64/results.csv,UU
noaa,VGG2k / no AA,r21vgg2k_vgg16_bn_s42,face_transfer,124,two_cross,RFW WM64,Faces,0.37,0.39,50,within_sampled_range,UU,126,87.5,runs/yin_latest_vgg_20260927/transfer/results/r21vgg2k_vgg16_bn_s42/faces_rfwWM64/faces_rfwWM64/results.csv,UU
noaa,VGG2k / no AA,r21vgg2k_vgg16_bn_s42,face_transfer,124,two_cross,RFW WM64,Faces,0.37,0.39,50,within_sampled_range,UU,127,100.0,runs/yin_latest_vgg_20260927/transfer/results/r21vgg2k_vgg16_bn_s42/faces_rfwWM64/faces_rfwWM64/results.csv,UU
noaa,VGG2k / no AA,r21vgg2k_vgg16_bn_s42,face_transfer,124,two_cross,RFW WM64,Faces,0.37,0.39,50,within_sampled_range,UU,128,83.33333333333334,runs/yin_latest_vgg_20260927/transfer/results/r21vgg2k_vgg16_bn_s42/faces_rfwWM64/faces_rfwWM64/results.csv,UU
noaa,VGG2k / no AA,r21vgg2k_vgg16_bn_s42,face_transfer,124,two_cross,RFW WM64,Faces,0.37,0.39,50,within_sampled_range,UU,129,91.66666666666666,runs/yin_latest_vgg_20260927/transfer/results/r21vgg2k_vgg16_bn_s42/faces_rfwWM64/faces_rfwWM64/results.csv,UU
noaa,VGG2k / no AA,r21vgg2k_vgg16_bn_s42,face_transfer,124,two_cross,RFW WM64,Faces,0.37,0.39,50,within_sampled_range,UU,130,100.0,runs/yin_latest_vgg_20260927/transfer/results/r21vgg2k_vgg16_bn_s42/faces_rfwWM64/faces_rfwWM64/results.csv,UU
noaa,VGG2k / no AA,r21vgg2k_vgg16_bn_s42,face_transfer,124,two_cross,RFW WM64,Faces,0.37,0.39,50,within_sampled_range,UU,131,95.83333333333334,runs/yin_latest_vgg_20260927/transfer/results/r21vgg2k_vgg16_bn_s42/faces_rfwWM64/faces_rfwWM64/results.csv,UU
noaa,VGG2k / no AA,r21vgg2k_vgg16_bn_s42,face_transfer,124,two_cross,RFW WM64,Faces,0.37,0.39,50,within_sampled_range,UU,132,100.0,runs/yin_latest_vgg_20260927/transfer/results/r21vgg2k_vgg16_bn_s42/faces_rfwWM64/faces_rfwWM64/results.csv,UU
noaa,VGG2k / no AA,r21vgg2k_vgg16_bn_s42,face_transfer,124,two_cross,RFW WM64,Faces,0.37,0.39,50,within_sampled_range,UU,133,87.5,runs/yin_latest_vgg_20260927/transfer/results/r21vgg2k_vgg16_bn_s42/faces_rfwWM64/faces_rfwWM64/results.csv,UU
noaa,VGG2k / no AA,r21vgg2k_vgg16_bn_s42,face_transfer,124,two_cross,RFW WM64,Faces,0.37,0.39,50,within_sampled_range,UU,134,91.66666666666666,runs/yin_latest_vgg_20260927/transfer/results/r21vgg2k_vgg16_bn_s42/faces_rfwWM64/faces_rfwWM64/results.csv,UU
noaa,VGG2k / no AA,r21vgg2k_vgg16_bn_s42,face_transfer,124,two_cross,RFW WM64,Faces,0.37,0.39,50,within_sampled_range,UU,135,95.83333333333334,runs/yin_latest_vgg_20260927/transfer/results/r21vgg2k_vgg16_bn_s42/faces_rfwWM64/faces_rfwWM64/results.csv,UU
noaa,VGG2k / no AA,r21vgg2k_vgg16_bn_s42,face_transfer,124,two_cross,RFW WM64,Faces,0.37,0.39,50,within_sampled_range,UU,136,100.0,runs/yin_latest_vgg_20260927/transfer/results/r21vgg2k_vgg16_bn_s42/faces_rfwWM64/faces_rfwWM64/results.csv,UU
noaa,VGG2k / no AA,r21vgg2k_vgg16_bn_s42,face_transfer,124,two_cross,RFW WM64,Faces,0.37,0.39,50,within_sampled_range,UU,137,100.0,runs/yin_latest_vgg_20260927/transfer/results/r21vgg2k_vgg16_bn_s42/faces_rfwWM64/faces_rfwWM64/results.csv,UU
noaa,VGG2k / no AA,r21vgg2k_vgg16_bn_s42,face_transfer,124,two_cross,RFW WM64,Faces,0.37,0.39,50,within_sampled_range,UU,138,91.66666666666666,runs/yin_latest_vgg_20260927/transfer/results/r21vgg2k_vgg16_bn_s42/faces_rfwWM64/faces_rfwWM64/results.csv,UU
noaa,VGG2k / no AA,r21vgg2k_vgg16_bn_s42,face_transfer,124,two_cross,RFW WM64,Faces,0.37,0.39,50,within_sampled_range,UU,139,95.83333333333334,runs/yin_latest_vgg_20260927/transfer/results/r21vgg2k_vgg16_bn_s42/faces_rfwWM64/faces_rfwWM64/results.csv,UU
noaa,VGG2k / no AA,r21vgg2k_vgg16_bn_s42,face_transfer,124,two_cross,RFW WM64,Faces,0.37,0.39,50,within_sampled_range,UU,140,100.0,runs/yin_latest_vgg_20260927/transfer/results/r21vgg2k_vgg16_bn_s42/faces_rfwWM64/faces_rfwWM64/results.csv,UU
noaa,VGG2k / no AA,r21vgg2k_vgg16_bn_s42,face_transfer,124,two_cross,RFW WM64,Faces,0.37,0.39,50,within_sampled_range,UU,141,100.0,runs/yin_latest_vgg_20260927/transfer/results/r21vgg2k_vgg16_bn_s42/faces_rfwWM64/faces_rfwWM64/results.csv,UU
noaa,VGG2k / no AA,r21vgg2k_vgg16_bn_s42,face_transfer,124,two_cross,RFW WM64,Faces,0.37,0.39,50,within_sampled_range,UU,142,100.0,runs/yin_latest_vgg_20260927/transfer/results/r21vgg2k_vgg16_bn_s42/faces_rfwWM64/faces_rfwWM64/results.csv,UU
noaa,VGG2k / no AA,r21vgg2k_vgg16_bn_s42,face_transfer,124,two_cross,RFW WM64,Faces,0.37,0.39,50,within_sampled_range,UU,143,95.83333333333334,runs/yin_latest_vgg_20260927/transfer/results/r21vgg2k_vgg16_bn_s42/faces_rfwWM64/faces_rfwWM64/results.csv,UU
noaa,VGG2k / no AA,r21vgg2k_vgg16_bn_s42,face_transfer,124,two_cross,RFW WM64,Faces,0.37,0.39,50,within_sampled_range,UU,144,100.0,runs/yin_latest_vgg_20260927/transfer/results/r21vgg2k_vgg16_bn_s42/faces_rfwWM64/faces_rfwWM64/results.csv,UU
noaa,VGG2k / no AA,r21vgg2k_vgg16_bn_s42,face_transfer,124,two_cross,RFW WM64,Faces,0.37,0.39,50,within_sampled_range,UU,145,91.66666666666666,runs/yin_latest_vgg_20260927/transfer/results/r21vgg2k_vgg16_bn_s42/faces_rfwWM64/faces_rfwWM64/results.csv,UU
noaa,VGG2k / no AA,r21vgg2k_vgg16_bn_s42,face_transfer,124,two_cross,RFW WM64,Faces,0.37,0.39,50,within_sampled_range,UU,146,91.66666666666666,runs/yin_latest_vgg_20260927/transfer/results/r21vgg2k_vgg16_bn_s42/faces_rfwWM64/faces_rfwWM64/results.csv,UU
noaa,VGG2k / no AA,r21vgg2k_vgg16_bn_s42,face_transfer,124,two_cross,RFW WM64,Faces,0.37,0.39,50,within_sampled_range,UU,147,100.0,runs/yin_latest_vgg_20260927/transfer/results/r21vgg2k_vgg16_bn_s42/faces_rfwWM64/faces_rfwWM64/results.csv,UU
noaa,VGG2k / no AA,r21vgg2k_vgg16_bn_s42,face_transfer,124,two_cross,RFW WM64,Faces,0.37,0.39,50,within_sampled_range,UU,148,100.0,runs/yin_latest_vgg_20260927/transfer/results/r21vgg2k_vgg16_bn_s42/faces_rfwWM64/faces_rfwWM64/results.csv,UU
noaa,VGG2k / no AA,r21vgg2k_vgg16_bn_s42,face_transfer,124,two_cross,RFW WM64,Faces,0.37,0.39,50,within_sampled_range,UU,149,100.0,runs/yin_latest_vgg_20260927/transfer/results/r21vgg2k_vgg16_bn_s42/faces_rfwWM64/faces_rfwWM64/results.csv,UU
noaa,VGG2k / no AA,r21vgg2k_vgg16_bn_s42,face_transfer,124,two_cross,RFW WM64,Faces,0.37,0.39,50,within_sampled_range,UU,150,100.0,runs/yin_latest_vgg_20260927/transfer/results/r21vgg2k_vgg16_bn_s42/faces_rfwWM64/faces_rfwWM64/results.csv,UU
noaa,VGG2k / no AA,r21vgg2k_vgg16_bn_s42,face_transfer,124,two_cross,RFW WM64,Faces,0.37,0.39,50,within_sampled_range,II,101,75.0,runs/yin_latest_vgg_20260927/transfer/results/r21vgg2k_vgg16_bn_s42/faces_rfwWM64/faces_rfwWM64/results.csv,II
noaa,VGG2k / no AA,r21vgg2k_vgg16_bn_s42,face_transfer,124,two_cross,RFW WM64,Faces,0.37,0.39,50,within_sampled_range,II,102,79.16666666666666,runs/yin_latest_vgg_20260927/transfer/results/r21vgg2k_vgg16_bn_s42/faces_rfwWM64/faces_rfwWM64/results.csv,II
noaa,VGG2k / no AA,r21vgg2k_vgg16_bn_s42,face_transfer,124,two_cross,RFW WM64,Faces,0.37,0.39,50,within_sampled_range,II,103,91.66666666666666,runs/yin_latest_vgg_20260927/transfer/results/r21vgg2k_vgg16_bn_s42/faces_rfwWM64/faces_rfwWM64/results.csv,II
noaa,VGG2k / no AA,r21vgg2k_vgg16_bn_s42,face_transfer,124,two_cross,RFW WM64,Faces,0.37,0.39,50,within_sampled_range,II,104,87.5,runs/yin_latest_vgg_20260927/transfer/results/r21vgg2k_vgg16_bn_s42/faces_rfwWM64/faces_rfwWM64/results.csv,II
noaa,VGG2k / no AA,r21vgg2k_vgg16_bn_s42,face_transfer,124,two_cross,RFW WM64,Faces,0.37,0.39,50,within_sampled_range,II,105,79.16666666666666,runs/yin_latest_vgg_20260927/transfer/results/r21vgg2k_vgg16_bn_s42/faces_rfwWM64/faces_rfwWM64/results.csv,II
noaa,VGG2k / no AA,r21vgg2k_vgg16_bn_s42,face_transfer,124,two_cross,RFW WM64,Faces,0.37,0.39,50,within_sampled_range,II,106,79.16666666666666,runs/yin_latest_vgg_20260927/transfer/results/r21vgg2k_vgg16_bn_s42/faces_rfwWM64/faces_rfwWM64/results.csv,II
noaa,VGG2k / no AA,r21vgg2k_vgg16_bn_s42,face_transfer,124,two_cross,RFW WM64,Faces,0.37,0.39,50,within_sampled_range,II,107,83.33333333333334,runs/yin_latest_vgg_20260927/transfer/results/r21vgg2k_vgg16_bn_s42/faces_rfwWM64/faces_rfwWM64/results.csv,II
noaa,VGG2k / no AA,r21vgg2k_vgg16_bn_s42,face_transfer,124,two_cross,RFW WM64,Faces,0.37,0.39,50,within_sampled_range,II,108,87.5,runs/yin_latest_vgg_20260927/transfer/results/r21vgg2k_vgg16_bn_s42/faces_rfwWM64/faces_rfwWM64/results.csv,II
noaa,VGG2k / no AA,r21vgg2k_vgg16_bn_s42,face_transfer,124,two_cross,RFW WM64,Faces,0.37,0.39,50,within_sampled_range,II,109,79.16666666666666,runs/yin_latest_vgg_20260927/transfer/results/r21vgg2k_vgg16_bn_s42/faces_rfwWM64/faces_rfwWM64/results.csv,II
noaa,VGG2k / no AA,r21vgg2k_vgg16_bn_s42,face_transfer,124,two_cross,RFW WM64,Faces,0.37,0.39,50,within_sampled_range,II,110,91.66666666666666,runs/yin_latest_vgg_20260927/transfer/results/r21vgg2k_vgg16_bn_s42/faces_rfwWM64/faces_rfwWM64/results.csv,II
noaa,VGG2k / no AA,r21vgg2k_vgg16_bn_s42,face_transfer,124,two_cross,RFW WM64,Faces,0.37,0.39,50,within_sampled_range,II,111,83.33333333333334,runs/yin_latest_vgg_20260927/transfer/results/r21vgg2k_vgg16_bn_s42/faces_rfwWM64/faces_rfwWM64/results.csv,II
noaa,VGG2k / no AA,r21vgg2k_vgg16_bn_s42,face_transfer,124,two_cross,RFW WM64,Faces,0.37,0.39,50,within_sampled_range,II,112,87.5,runs/yin_latest_vgg_20260927/transfer/results/r21vgg2k_vgg16_bn_s42/faces_rfwWM64/faces_rfwWM64/results.csv,II
noaa,VGG2k / no AA,r21vgg2k_vgg16_bn_s42,face_transfer,124,two_cross,RFW WM64,Faces,0.37,0.39,50,within_sampled_range,II,113,83.33333333333334,runs/yin_latest_vgg_20260927/transfer/results/r21vgg2k_vgg16_bn_s42/faces_rfwWM64/faces_rfwWM64/results.csv,II
noaa,VGG2k / no AA,r21vgg2k_vgg16_bn_s42,face_transfer,124,two_cross,RFW WM64,Faces,0.37,0.39,50,within_sampled_range,II,114,75.0,runs/yin_latest_vgg_20260927/transfer/results/r21vgg2k_vgg16_bn_s42/faces_rfwWM64/faces_rfwWM64/results.csv,II
noaa,VGG2k / no AA,r21vgg2k_vgg16_bn_s42,face_transfer,124,two_cross,RFW WM64,Faces,0.37,0.39,50,within_sampled_range,II,115,83.33333333333334,runs/yin_latest_vgg_20260927/transfer/results/r21vgg2k_vgg16_bn_s42/faces_rfwWM64/faces_rfwWM64/results.csv,II
noaa,VGG2k / no AA,r21vgg2k_vgg16_bn_s42,face_transfer,124,two_cross,RFW WM64,Faces,0.37,0.39,50,within_sampled_range,II,116,100.0,runs/yin_latest_vgg_20260927/transfer/results/r21vgg2k_vgg16_bn_s42/faces_rfwWM64/faces_rfwWM64/results.csv,II
noaa,VGG2k / no AA,r21vgg2k_vgg16_bn_s42,face_transfer,124,two_cross,RFW WM64,Faces,0.37,0.39,50,within_sampled_range,II,117,75.0,runs/yin_latest_vgg_20260927/transfer/results/r21vgg2k_vgg16_bn_s42/faces_rfwWM64/faces_rfwWM64/results.csv,II
noaa,VGG2k / no AA,r21vgg2k_vgg16_bn_s42,face_transfer,124,two_cross,RFW WM64,Faces,0.37,0.39,50,within_sampled_range,II,118,91.66666666666666,runs/yin_latest_vgg_20260927/transfer/results/r21vgg2k_vgg16_bn_s42/faces_rfwWM64/faces_rfwWM64/results.csv,II
noaa,VGG2k / no AA,r21vgg2k_vgg16_bn_s42,face_transfer,124,two_cross,RFW WM64,Faces,0.37,0.39,50,within_sampled_range,II,119,95.83333333333334,runs/yin_latest_vgg_20260927/transfer/results/r21vgg2k_vgg16_bn_s42/faces_rfwWM64/faces_rfwWM64/results.csv,II
noaa,VGG2k / no AA,r21vgg2k_vgg16_bn_s42,face_transfer,124,two_cross,RFW WM64,Faces,0.37,0.39,50,within_sampled_range,II,120,83.33333333333334,runs/yin_latest_vgg_20260927/transfer/results/r21vgg2k_vgg16_bn_s42/faces_rfwWM64/faces_rfwWM64/results.csv,II
noaa,VGG2k / no AA,r21vgg2k_vgg16_bn_s42,face_transfer,124,two_cross,RFW WM64,Faces,0.37,0.39,50,within_sampled_range,II,121,100.0,runs/yin_latest_vgg_20260927/transfer/results/r21vgg2k_vgg16_bn_s42/faces_rfwWM64/faces_rfwWM64/results.csv,II
noaa,VGG2k / no AA,r21vgg2k_vgg16_bn_s42,face_transfer,124,two_cross,RFW WM64,Faces,0.37,0.39,50,within_sampled_range,II,122,83.33333333333334,runs/yin_latest_vgg_20260927/transfer/results/r21vgg2k_vgg16_bn_s42/faces_rfwWM64/faces_rfwWM64/results.csv,II
noaa,VGG2k / no AA,r21vgg2k_vgg16_bn_s42,face_transfer,124,two_cross,RFW WM64,Faces,0.37,0.39,50,within_sampled_range,II,123,83.33333333333334,runs/yin_latest_vgg_20260927/transfer/results/r21vgg2k_vgg16_bn_s42/faces_rfwWM64/faces_rfwWM64/results.csv,II
noaa,VGG2k / no AA,r21vgg2k_vgg16_bn_s42,face_transfer,124,two_cross,RFW WM64,Faces,0.37,0.39,50,within_sampled_range,II,124,83.33333333333334,runs/yin_latest_vgg_20260927/transfer/results/r21vgg2k_vgg16_bn_s42/faces_rfwWM64/faces_rfwWM64/results.csv,II
noaa,VGG2k / no AA,r21vgg2k_vgg16_bn_s42,face_transfer,124,two_cross,RFW WM64,Faces,0.37,0.39,50,within_sampled_range,II,125,70.83333333333334,runs/yin_latest_vgg_20260927/transfer/results/r21vgg2k_vgg16_bn_s42/faces_rfwWM64/faces_rfwWM64/results.csv,II
noaa,VGG2k / no AA,r21vgg2k_vgg16_bn_s42,face_transfer,124,two_cross,RFW WM64,Faces,0.37,0.39,50,within_sampled_range,II,126,91.66666666666666,runs/yin_latest_vgg_20260927/transfer/results/r21vgg2k_vgg16_bn_s42/faces_rfwWM64/faces_rfwWM64/results.csv,II
noaa,VGG2k / no AA,r21vgg2k_vgg16_bn_s42,face_transfer,124,two_cross,RFW WM64,Faces,0.37,0.39,50,within_sampled_range,II,127,79.16666666666666,runs/yin_latest_vgg_20260927/transfer/results/r21vgg2k_vgg16_bn_s42/faces_rfwWM64/faces_rfwWM64/results.csv,II
noaa,VGG2k / no AA,r21vgg2k_vgg16_bn_s42,face_transfer,124,two_cross,RFW WM64,Faces,0.37,0.39,50,within_sampled_range,II,128,91.66666666666666,runs/yin_latest_vgg_20260927/transfer/results/r21vgg2k_vgg16_bn_s42/faces_rfwWM64/faces_rfwWM64/results.csv,II
noaa,VGG2k / no AA,r21vgg2k_vgg16_bn_s42,face_transfer,124,two_cross,RFW WM64,Faces,0.37,0.39,50,within_sampled_range,II,129,91.66666666666666,runs/yin_latest_vgg_20260927/transfer/results/r21vgg2k_vgg16_bn_s42/faces_rfwWM64/faces_rfwWM64/results.csv,II
noaa,VGG2k / no AA,r21vgg2k_vgg16_bn_s42,face_transfer,124,two_cross,RFW WM64,Faces,0.37,0.39,50,within_sampled_range,II,130,70.83333333333334,runs/yin_latest_vgg_20260927/transfer/results/r21vgg2k_vgg16_bn_s42/faces_rfwWM64/faces_rfwWM64/results.csv,II
noaa,VGG2k / no AA,r21vgg2k_vgg16_bn_s42,face_transfer,124,two_cross,RFW WM64,Faces,0.37,0.39,50,within_sampled_range,II,131,70.83333333333334,runs/yin_latest_vgg_20260927/transfer/results/r21vgg2k_vgg16_bn_s42/faces_rfwWM64/faces_rfwWM64/results.csv,II
noaa,VGG2k / no AA,r21vgg2k_vgg16_bn_s42,face_transfer,124,two_cross,RFW WM64,Faces,0.37,0.39,50,within_sampled_range,II,132,75.0,runs/yin_latest_vgg_20260927/transfer/results/r21vgg2k_vgg16_bn_s42/faces_rfwWM64/faces_rfwWM64/results.csv,II
noaa,VGG2k / no AA,r21vgg2k_vgg16_bn_s42,face_transfer,124,two_cross,RFW WM64,Faces,0.37,0.39,50,within_sampled_range,II,133,79.16666666666666,runs/yin_latest_vgg_20260927/transfer/results/r21vgg2k_vgg16_bn_s42/faces_rfwWM64/faces_rfwWM64/results.csv,II
noaa,VGG2k / no AA,r21vgg2k_vgg16_bn_s42,face_transfer,124,two_cross,RFW WM64,Faces,0.37,0.39,50,within_sampled_range,II,134,91.66666666666666,runs/yin_latest_vgg_20260927/transfer/results/r21vgg2k_vgg16_bn_s42/faces_rfwWM64/faces_rfwWM64/results.csv,II
noaa,VGG2k / no AA,r21vgg2k_vgg16_bn_s42,face_transfer,124,two_cross,RFW WM64,Faces,0.37,0.39,50,within_sampled_range,II,135,87.5,runs/yin_latest_vgg_20260927/transfer/results/r21vgg2k_vgg16_bn_s42/faces_rfwWM64/faces_rfwWM64/results.csv,II
noaa,VGG2k / no AA,r21vgg2k_vgg16_bn_s42,face_transfer,124,two_cross,RFW WM64,Faces,0.37,0.39,50,within_sampled_range,II,136,70.83333333333334,runs/yin_latest_vgg_20260927/transfer/results/r21vgg2k_vgg16_bn_s42/faces_rfwWM64/faces_rfwWM64/results.csv,II
noaa,VGG2k / no AA,r21vgg2k_vgg16_bn_s42,face_transfer,124,two_cross,RFW WM64,Faces,0.37,0.39,50,within_sampled_range,II,137,87.5,runs/yin_latest_vgg_20260927/transfer/results/r21vgg2k_vgg16_bn_s42/faces_rfwWM64/faces_rfwWM64/results.csv,II
noaa,VGG2k / no AA,r21vgg2k_vgg16_bn_s42,face_transfer,124,two_cross,RFW WM64,Faces,0.37,0.39,50,within_sampled_range,II,138,91.66666666666666,runs/yin_latest_vgg_20260927/transfer/results/r21vgg2k_vgg16_bn_s42/faces_rfwWM64/faces_rfwWM64/results.csv,II
noaa,VGG2k / no AA,r21vgg2k_vgg16_bn_s42,face_transfer,124,two_cross,RFW WM64,Faces,0.37,0.39,50,within_sampled_range,II,139,79.16666666666666,runs/yin_latest_vgg_20260927/transfer/results/r21vgg2k_vgg16_bn_s42/faces_rfwWM64/faces_rfwWM64/results.csv,II
noaa,VGG2k / no AA,r21vgg2k_vgg16_bn_s42,face_transfer,124,two_cross,RFW WM64,Faces,0.37,0.39,50,within_sampled_range,II,140,70.83333333333334,runs/yin_latest_vgg_20260927/transfer/results/r21vgg2k_vgg16_bn_s42/faces_rfwWM64/faces_rfwWM64/results.csv,II
noaa,VGG2k / no AA,r21vgg2k_vgg16_bn_s42,face_transfer,124,two_cross,RFW WM64,Faces,0.37,0.39,50,within_sampled_range,II,141,75.0,runs/yin_latest_vgg_20260927/transfer/results/r21vgg2k_vgg16_bn_s42/faces_rfwWM64/faces_rfwWM64/results.csv,II
noaa,VGG2k / no AA,r21vgg2k_vgg16_bn_s42,face_transfer,124,two_cross,RFW WM64,Faces,0.37,0.39,50,within_sampled_range,II,142,75.0,runs/yin_latest_vgg_20260927/transfer/results/r21vgg2k_vgg16_bn_s42/faces_rfwWM64/faces_rfwWM64/results.csv,II
noaa,VGG2k / no AA,r21vgg2k_vgg16_bn_s42,face_transfer,124,two_cross,RFW WM64,Faces,0.37,0.39,50,within_sampled_range,II,143,91.66666666666666,runs/yin_latest_vgg_20260927/transfer/results/r21vgg2k_vgg16_bn_s42/faces_rfwWM64/faces_rfwWM64/results.csv,II
noaa,VGG2k / no AA,r21vgg2k_vgg16_bn_s42,face_transfer,124,two_cross,RFW WM64,Faces,0.37,0.39,50,within_sampled_range,II,144,95.83333333333334,runs/yin_latest_vgg_20260927/transfer/results/r21vgg2k_vgg16_bn_s42/faces_rfwWM64/faces_rfwWM64/results.csv,II
noaa,VGG2k / no AA,r21vgg2k_vgg16_bn_s42,face_transfer,124,two_cross,RFW WM64,Faces,0.37,0.39,50,within_sampled_range,II,145,70.83333333333334,runs/yin_latest_vgg_20260927/transfer/results/r21vgg2k_vgg16_bn_s42/faces_rfwWM64/faces_rfwWM64/results.csv,II
noaa,VGG2k / no AA,r21vgg2k_vgg16_bn_s42,face_transfer,124,two_cross,RFW WM64,Faces,0.37,0.39,50,within_sampled_range,II,146,75.0,runs/yin_latest_vgg_20260927/transfer/results/r21vgg2k_vgg16_bn_s42/faces_rfwWM64/faces_rfwWM64/results.csv,II
noaa,VGG2k / no AA,r21vgg2k_vgg16_bn_s42,face_transfer,124,two_cross,RFW WM64,Faces,0.37,0.39,50,within_sampled_range,II,147,91.66666666666666,runs/yin_latest_vgg_20260927/transfer/results/r21vgg2k_vgg16_bn_s42/faces_rfwWM64/faces_rfwWM64/results.csv,II
noaa,VGG2k / no AA,r21vgg2k_vgg16_bn_s42,face_transfer,124,two_cross,RFW WM64,Faces,0.37,0.39,50,within_sampled_range,II,148,79.16666666666666,runs/yin_latest_vgg_20260927/transfer/results/r21vgg2k_vgg16_bn_s42/faces_rfwWM64/faces_rfwWM64/results.csv,II
noaa,VGG2k / no AA,r21vgg2k_vgg16_bn_s42,face_transfer,124,two_cross,RFW WM64,Faces,0.37,0.39,50,within_sampled_range,II,149,62.5,runs/yin_latest_vgg_20260927/transfer/results/r21vgg2k_vgg16_bn_s42/faces_rfwWM64/faces_rfwWM64/results.csv,II
noaa,VGG2k / no AA,r21vgg2k_vgg16_bn_s42,face_transfer,124,two_cross,RFW WM64,Faces,0.37,0.39,50,within_sampled_range,II,150,79.16666666666666,runs/yin_latest_vgg_20260927/transfer/results/r21vgg2k_vgg16_bn_s42/faces_rfwWM64/faces_rfwWM64/results.csv,II
noaa,VGG2k / no AA,r21vgg2k_vgg16_bn_s42,face_transfer,124,two_cross,RFW WM64,Faces,0.37,0.39,50,within_sampled_range,UI,101,95.83333333333334,runs/yin_latest_vgg_20260927/transfer/results/r21vgg2k_vgg16_bn_s42/faces_rfwWM64/faces_rfwWM64/results.csv,UI_cross
noaa,VGG2k / no AA,r21vgg2k_vgg16_bn_s42,face_transfer,124,two_cross,RFW WM64,Faces,0.37,0.39,50,within_sampled_range,UI,102,70.83333333333334,runs/yin_latest_vgg_20260927/transfer/results/r21vgg2k_vgg16_bn_s42/faces_rfwWM64/faces_rfwWM64/results.csv,UI_cross
noaa,VGG2k / no AA,r21vgg2k_vgg16_bn_s42,face_transfer,124,two_cross,RFW WM64,Faces,0.37,0.39,50,within_sampled_range,UI,103,79.16666666666666,runs/yin_latest_vgg_20260927/transfer/results/r21vgg2k_vgg16_bn_s42/faces_rfwWM64/faces_rfwWM64/results.csv,UI_cross
noaa,VGG2k / no AA,r21vgg2k_vgg16_bn_s42,face_transfer,124,two_cross,RFW WM64,Faces,0.37,0.39,50,within_sampled_range,UI,104,91.66666666666666,runs/yin_latest_vgg_20260927/transfer/results/r21vgg2k_vgg16_bn_s42/faces_rfwWM64/faces_rfwWM64/results.csv,UI_cross
noaa,VGG2k / no AA,r21vgg2k_vgg16_bn_s42,face_transfer,124,two_cross,RFW WM64,Faces,0.37,0.39,50,within_sampled_range,UI,105,62.5,runs/yin_latest_vgg_20260927/transfer/results/r21vgg2k_vgg16_bn_s42/faces_rfwWM64/faces_rfwWM64/results.csv,UI_cross
noaa,VGG2k / no AA,r21vgg2k_vgg16_bn_s42,face_transfer,124,two_cross,RFW WM64,Faces,0.37,0.39,50,within_sampled_range,UI,106,91.66666666666666,runs/yin_latest_vgg_20260927/transfer/results/r21vgg2k_vgg16_bn_s42/faces_rfwWM64/faces_rfwWM64/results.csv,UI_cross
noaa,VGG2k / no AA,r21vgg2k_vgg16_bn_s42,face_transfer,124,two_cross,RFW WM64,Faces,0.37,0.39,50,within_sampled_range,UI,107,83.33333333333334,runs/yin_latest_vgg_20260927/transfer/results/r21vgg2k_vgg16_bn_s42/faces_rfwWM64/faces_rfwWM64/results.csv,UI_cross
noaa,VGG2k / no AA,r21vgg2k_vgg16_bn_s42,face_transfer,124,two_cross,RFW WM64,Faces,0.37,0.39,50,within_sampled_range,UI,108,91.66666666666666,runs/yin_latest_vgg_20260927/transfer/results/r21vgg2k_vgg16_bn_s42/faces_rfwWM64/faces_rfwWM64/results.csv,UI_cross
noaa,VGG2k / no AA,r21vgg2k_vgg16_bn_s42,face_transfer,124,two_cross,RFW WM64,Faces,0.37,0.39,50,within_sampled_range,UI,109,83.33333333333334,runs/yin_latest_vgg_20260927/transfer/results/r21vgg2k_vgg16_bn_s42/faces_rfwWM64/faces_rfwWM64/results.csv,UI_cross
noaa,VGG2k / no AA,r21vgg2k_vgg16_bn_s42,face_transfer,124,two_cross,RFW WM64,Faces,0.37,0.39,50,within_sampled_range,UI,110,83.33333333333334,runs/yin_latest_vgg_20260927/transfer/results/r21vgg2k_vgg16_bn_s42/faces_rfwWM64/faces_rfwWM64/results.csv,UI_cross
noaa,VGG2k / no AA,r21vgg2k_vgg16_bn_s42,face_transfer,124,two_cross,RFW WM64,Faces,0.37,0.39,50,within_sampled_range,UI,111,91.66666666666666,runs/yin_latest_vgg_20260927/transfer/results/r21vgg2k_vgg16_bn_s42/faces_rfwWM64/faces_rfwWM64/results.csv,UI_cross
noaa,VGG2k / no AA,r21vgg2k_vgg16_bn_s42,face_transfer,124,two_cross,RFW WM64,Faces,0.37,0.39,50,within_sampled_range,UI,112,79.16666666666666,runs/yin_latest_vgg_20260927/transfer/results/r21vgg2k_vgg16_bn_s42/faces_rfwWM64/faces_rfwWM64/results.csv,UI_cross
noaa,VGG2k / no AA,r21vgg2k_vgg16_bn_s42,face_transfer,124,two_cross,RFW WM64,Faces,0.37,0.39,50,within_sampled_range,UI,113,87.5,runs/yin_latest_vgg_20260927/transfer/results/r21vgg2k_vgg16_bn_s42/faces_rfwWM64/faces_rfwWM64/results.csv,UI_cross
noaa,VGG2k / no AA,r21vgg2k_vgg16_bn_s42,face_transfer,124,two_cross,RFW WM64,Faces,0.37,0.39,50,within_sampled_range,UI,114,100.0,runs/yin_latest_vgg_20260927/transfer/results/r21vgg2k_vgg16_bn_s42/faces_rfwWM64/faces_rfwWM64/results.csv,UI_cross
noaa,VGG2k / no AA,r21vgg2k_vgg16_bn_s42,face_transfer,124,two_cross,RFW WM64,Faces,0.37,0.39,50,within_sampled_range,UI,115,79.16666666666666,runs/yin_latest_vgg_20260927/transfer/results/r21vgg2k_vgg16_bn_s42/faces_rfwWM64/faces_rfwWM64/results.csv,UI_cross
noaa,VGG2k / no AA,r21vgg2k_vgg16_bn_s42,face_transfer,124,two_cross,RFW WM64,Faces,0.37,0.39,50,within_sampled_range,UI,116,79.16666666666666,runs/yin_latest_vgg_20260927/transfer/results/r21vgg2k_vgg16_bn_s42/faces_rfwWM64/faces_rfwWM64/results.csv,UI_cross
noaa,VGG2k / no AA,r21vgg2k_vgg16_bn_s42,face_transfer,124,two_cross,RFW WM64,Faces,0.37,0.39,50,within_sampled_range,UI,117,87.5,runs/yin_latest_vgg_20260927/transfer/results/r21vgg2k_vgg16_bn_s42/faces_rfwWM64/faces_rfwWM64/results.csv,UI_cross
noaa,VGG2k / no AA,r21vgg2k_vgg16_bn_s42,face_transfer,124,two_cross,RFW WM64,Faces,0.37,0.39,50,within_sampled_range,UI,118,91.66666666666666,runs/yin_latest_vgg_20260927/transfer/results/r21vgg2k_vgg16_bn_s42/faces_rfwWM64/faces_rfwWM64/results.csv,UI_cross
noaa,VGG2k / no AA,r21vgg2k_vgg16_bn_s42,face_transfer,124,two_cross,RFW WM64,Faces,0.37,0.39,50,within_sampled_range,UI,119,95.83333333333334,runs/yin_latest_vgg_20260927/transfer/results/r21vgg2k_vgg16_bn_s42/faces_rfwWM64/faces_rfwWM64/results.csv,UI_cross
noaa,VGG2k / no AA,r21vgg2k_vgg16_bn_s42,face_transfer,124,two_cross,RFW WM64,Faces,0.37,0.39,50,within_sampled_range,UI,120,95.83333333333334,runs/yin_latest_vgg_20260927/transfer/results/r21vgg2k_vgg16_bn_s42/faces_rfwWM64/faces_rfwWM64/results.csv,UI_cross
noaa,VGG2k / no AA,r21vgg2k_vgg16_bn_s42,face_transfer,124,two_cross,RFW WM64,Faces,0.37,0.39,50,within_sampled_range,UI,121,100.0,runs/yin_latest_vgg_20260927/transfer/results/r21vgg2k_vgg16_bn_s42/faces_rfwWM64/faces_rfwWM64/results.csv,UI_cross
noaa,VGG2k / no AA,r21vgg2k_vgg16_bn_s42,face_transfer,124,two_cross,RFW WM64,Faces,0.37,0.39,50,within_sampled_range,UI,122,83.33333333333334,runs/yin_latest_vgg_20260927/transfer/results/r21vgg2k_vgg16_bn_s42/faces_rfwWM64/faces_rfwWM64/results.csv,UI_cross
noaa,VGG2k / no AA,r21vgg2k_vgg16_bn_s42,face_transfer,124,two_cross,RFW WM64,Faces,0.37,0.39,50,within_sampled_range,UI,123,83.33333333333334,runs/yin_latest_vgg_20260927/transfer/results/r21vgg2k_vgg16_bn_s42/faces_rfwWM64/faces_rfwWM64/results.csv,UI_cross
noaa,VGG2k / no AA,r21vgg2k_vgg16_bn_s42,face_transfer,124,two_cross,RFW WM64,Faces,0.37,0.39,50,within_sampled_range,UI,124,87.5,runs/yin_latest_vgg_20260927/transfer/results/r21vgg2k_vgg16_bn_s42/faces_rfwWM64/faces_rfwWM64/results.csv,UI_cross
noaa,VGG2k / no AA,r21vgg2k_vgg16_bn_s42,face_transfer,124,two_cross,RFW WM64,Faces,0.37,0.39,50,within_sampled_range,UI,125,87.5,runs/yin_latest_vgg_20260927/transfer/results/r21vgg2k_vgg16_bn_s42/faces_rfwWM64/faces_rfwWM64/results.csv,UI_cross
noaa,VGG2k / no AA,r21vgg2k_vgg16_bn_s42,face_transfer,124,two_cross,RFW WM64,Faces,0.37,0.39,50,within_sampled_range,UI,126,95.83333333333334,runs/yin_latest_vgg_20260927/transfer/results/r21vgg2k_vgg16_bn_s42/faces_rfwWM64/faces_rfwWM64/results.csv,UI_cross
noaa,VGG2k / no AA,r21vgg2k_vgg16_bn_s42,face_transfer,124,two_cross,RFW WM64,Faces,0.37,0.39,50,within_sampled_range,UI,127,83.33333333333334,runs/yin_latest_vgg_20260927/transfer/results/r21vgg2k_vgg16_bn_s42/faces_rfwWM64/faces_rfwWM64/results.csv,UI_cross
noaa,VGG2k / no AA,r21vgg2k_vgg16_bn_s42,face_transfer,124,two_cross,RFW WM64,Faces,0.37,0.39,50,within_sampled_range,UI,128,91.66666666666666,runs/yin_latest_vgg_20260927/transfer/results/r21vgg2k_vgg16_bn_s42/faces_rfwWM64/faces_rfwWM64/results.csv,UI_cross
noaa,VGG2k / no AA,r21vgg2k_vgg16_bn_s42,face_transfer,124,two_cross,RFW WM64,Faces,0.37,0.39,50,within_sampled_range,UI,129,79.16666666666666,runs/yin_latest_vgg_20260927/transfer/results/r21vgg2k_vgg16_bn_s42/faces_rfwWM64/faces_rfwWM64/results.csv,UI_cross
noaa,VGG2k / no AA,r21vgg2k_vgg16_bn_s42,face_transfer,124,two_cross,RFW WM64,Faces,0.37,0.39,50,within_sampled_range,UI,130,91.66666666666666,runs/yin_latest_vgg_20260927/transfer/results/r21vgg2k_vgg16_bn_s42/faces_rfwWM64/faces_rfwWM64/results.csv,UI_cross
noaa,VGG2k / no AA,r21vgg2k_vgg16_bn_s42,face_transfer,124,two_cross,RFW WM64,Faces,0.37,0.39,50,within_sampled_range,UI,131,95.83333333333334,runs/yin_latest_vgg_20260927/transfer/results/r21vgg2k_vgg16_bn_s42/faces_rfwWM64/faces_rfwWM64/results.csv,UI_cross
noaa,VGG2k / no AA,r21vgg2k_vgg16_bn_s42,face_transfer,124,two_cross,RFW WM64,Faces,0.37,0.39,50,within_sampled_range,UI,132,91.66666666666666,runs/yin_latest_vgg_20260927/transfer/results/r21vgg2k_vgg16_bn_s42/faces_rfwWM64/faces_rfwWM64/results.csv,UI_cross
noaa,VGG2k / no AA,r21vgg2k_vgg16_bn_s42,face_transfer,124,two_cross,RFW WM64,Faces,0.37,0.39,50,within_sampled_range,UI,133,66.66666666666666,runs/yin_latest_vgg_20260927/transfer/results/r21vgg2k_vgg16_bn_s42/faces_rfwWM64/faces_rfwWM64/results.csv,UI_cross
noaa,VGG2k / no AA,r21vgg2k_vgg16_bn_s42,face_transfer,124,two_cross,RFW WM64,Faces,0.37,0.39,50,within_sampled_range,UI,134,83.33333333333334,runs/yin_latest_vgg_20260927/transfer/results/r21vgg2k_vgg16_bn_s42/faces_rfwWM64/faces_rfwWM64/results.csv,UI_cross
noaa,VGG2k / no AA,r21vgg2k_vgg16_bn_s42,face_transfer,124,two_cross,RFW WM64,Faces,0.37,0.39,50,within_sampled_range,UI,135,83.33333333333334,runs/yin_latest_vgg_20260927/transfer/results/r21vgg2k_vgg16_bn_s42/faces_rfwWM64/faces_rfwWM64/results.csv,UI_cross
noaa,VGG2k / no AA,r21vgg2k_vgg16_bn_s42,face_transfer,124,two_cross,RFW WM64,Faces,0.37,0.39,50,within_sampled_range,UI,136,87.5,runs/yin_latest_vgg_20260927/transfer/results/r21vgg2k_vgg16_bn_s42/faces_rfwWM64/faces_rfwWM64/results.csv,UI_cross
noaa,VGG2k / no AA,r21vgg2k_vgg16_bn_s42,face_transfer,124,two_cross,RFW WM64,Faces,0.37,0.39,50,within_sampled_range,UI,137,100.0,runs/yin_latest_vgg_20260927/transfer/results/r21vgg2k_vgg16_bn_s42/faces_rfwWM64/faces_rfwWM64/results.csv,UI_cross
noaa,VGG2k / no AA,r21vgg2k_vgg16_bn_s42,face_transfer,124,two_cross,RFW WM64,Faces,0.37,0.39,50,within_sampled_range,UI,138,87.5,runs/yin_latest_vgg_20260927/transfer/results/r21vgg2k_vgg16_bn_s42/faces_rfwWM64/faces_rfwWM64/results.csv,UI_cross
noaa,VGG2k / no AA,r21vgg2k_vgg16_bn_s42,face_transfer,124,two_cross,RFW WM64,Faces,0.37,0.39,50,within_sampled_range,UI,139,87.5,runs/yin_latest_vgg_20260927/transfer/results/r21vgg2k_vgg16_bn_s42/faces_rfwWM64/faces_rfwWM64/results.csv,UI_cross
noaa,VGG2k / no AA,r21vgg2k_vgg16_bn_s42,face_transfer,124,two_cross,RFW WM64,Faces,0.37,0.39,50,within_sampled_range,UI,140,75.0,runs/yin_latest_vgg_20260927/transfer/results/r21vgg2k_vgg16_bn_s42/faces_rfwWM64/faces_rfwWM64/results.csv,UI_cross
noaa,VGG2k / no AA,r21vgg2k_vgg16_bn_s42,face_transfer,124,two_cross,RFW WM64,Faces,0.37,0.39,50,within_sampled_range,UI,141,91.66666666666666,runs/yin_latest_vgg_20260927/transfer/results/r21vgg2k_vgg16_bn_s42/faces_rfwWM64/faces_rfwWM64/results.csv,UI_cross
noaa,VGG2k / no AA,r21vgg2k_vgg16_bn_s42,face_transfer,124,two_cross,RFW WM64,Faces,0.37,0.39,50,within_sampled_range,UI,142,91.66666666666666,runs/yin_latest_vgg_20260927/transfer/results/r21vgg2k_vgg16_bn_s42/faces_rfwWM64/faces_rfwWM64/results.csv,UI_cross
noaa,VGG2k / no AA,r21vgg2k_vgg16_bn_s42,face_transfer,124,two_cross,RFW WM64,Faces,0.37,0.39,50,within_sampled_range,UI,143,91.66666666666666,runs/yin_latest_vgg_20260927/transfer/results/r21vgg2k_vgg16_bn_s42/faces_rfwWM64/faces_rfwWM64/results.csv,UI_cross
noaa,VGG2k / no AA,r21vgg2k_vgg16_bn_s42,face_transfer,124,two_cross,RFW WM64,Faces,0.37,0.39,50,within_sampled_range,UI,144,95.83333333333334,runs/yin_latest_vgg_20260927/transfer/results/r21vgg2k_vgg16_bn_s42/faces_rfwWM64/faces_rfwWM64/results.csv,UI_cross
noaa,VGG2k / no AA,r21vgg2k_vgg16_bn_s42,face_transfer,124,two_cross,RFW WM64,Faces,0.37,0.39,50,within_sampled_range,UI,145,87.5,runs/yin_latest_vgg_20260927/transfer/results/r21vgg2k_vgg16_bn_s42/faces_rfwWM64/faces_rfwWM64/results.csv,UI_cross
noaa,VGG2k / no AA,r21vgg2k_vgg16_bn_s42,face_transfer,124,two_cross,RFW WM64,Faces,0.37,0.39,50,within_sampled_range,UI,146,79.16666666666666,runs/yin_latest_vgg_20260927/transfer/results/r21vgg2k_vgg16_bn_s42/faces_rfwWM64/faces_rfwWM64/results.csv,UI_cross
noaa,VGG2k / no AA,r21vgg2k_vgg16_bn_s42,face_transfer,124,two_cross,RFW WM64,Faces,0.37,0.39,50,within_sampled_range,UI,147,95.83333333333334,runs/yin_latest_vgg_20260927/transfer/results/r21vgg2k_vgg16_bn_s42/faces_rfwWM64/faces_rfwWM64/results.csv,UI_cross
noaa,VGG2k / no AA,r21vgg2k_vgg16_bn_s42,face_transfer,124,two_cross,RFW WM64,Faces,0.37,0.39,50,within_sampled_range,UI,148,91.66666666666666,runs/yin_latest_vgg_20260927/transfer/results/r21vgg2k_vgg16_bn_s42/faces_rfwWM64/faces_rfwWM64/results.csv,UI_cross
noaa,VGG2k / no AA,r21vgg2k_vgg16_bn_s42,face_transfer,124,two_cross,RFW WM64,Faces,0.37,0.39,50,within_sampled_range,UI,149,83.33333333333334,runs/yin_latest_vgg_20260927/transfer/results/r21vgg2k_vgg16_bn_s42/faces_rfwWM64/faces_rfwWM64/results.csv,UI_cross
noaa,VGG2k / no AA,r21vgg2k_vgg16_bn_s42,face_transfer,124,two_cross,RFW WM64,Faces,0.37,0.39,50,within_sampled_range,UI,150,87.5,runs/yin_latest_vgg_20260927/transfer/results/r21vgg2k_vgg16_bn_s42/faces_rfwWM64/faces_rfwWM64/results.csv,UI_cross
noaa,VGG2k / no AA,r21vgg2k_vgg16_bn_s42,face_transfer,124,two_cross,RFW WM64,Faces,0.37,0.39,50,within_sampled_range,IU,101,87.5,runs/yin_latest_vgg_20260927/transfer/results/r21vgg2k_vgg16_bn_s42/faces_rfwWM64/faces_rfwWM64/results.csv,IU
noaa,VGG2k / no AA,r21vgg2k_vgg16_bn_s42,face_transfer,124,two_cross,RFW WM64,Faces,0.37,0.39,50,within_sampled_range,IU,102,100.0,runs/yin_latest_vgg_20260927/transfer/results/r21vgg2k_vgg16_bn_s42/faces_rfwWM64/faces_rfwWM64/results.csv,IU
noaa,VGG2k / no AA,r21vgg2k_vgg16_bn_s42,face_transfer,124,two_cross,RFW WM64,Faces,0.37,0.39,50,within_sampled_range,IU,103,79.16666666666666,runs/yin_latest_vgg_20260927/transfer/results/r21vgg2k_vgg16_bn_s42/faces_rfwWM64/faces_rfwWM64/results.csv,IU
noaa,VGG2k / no AA,r21vgg2k_vgg16_bn_s42,face_transfer,124,two_cross,RFW WM64,Faces,0.37,0.39,50,within_sampled_range,IU,104,83.33333333333334,runs/yin_latest_vgg_20260927/transfer/results/r21vgg2k_vgg16_bn_s42/faces_rfwWM64/faces_rfwWM64/results.csv,IU
noaa,VGG2k / no AA,r21vgg2k_vgg16_bn_s42,face_transfer,124,two_cross,RFW WM64,Faces,0.37,0.39,50,within_sampled_range,IU,105,79.16666666666666,runs/yin_latest_vgg_20260927/transfer/results/r21vgg2k_vgg16_bn_s42/faces_rfwWM64/faces_rfwWM64/results.csv,IU
noaa,VGG2k / no AA,r21vgg2k_vgg16_bn_s42,face_transfer,124,two_cross,RFW WM64,Faces,0.37,0.39,50,within_sampled_range,IU,106,100.0,runs/yin_latest_vgg_20260927/transfer/results/r21vgg2k_vgg16_bn_s42/faces_rfwWM64/faces_rfwWM64/results.csv,IU
noaa,VGG2k / no AA,r21vgg2k_vgg16_bn_s42,face_transfer,124,two_cross,RFW WM64,Faces,0.37,0.39,50,within_sampled_range,IU,107,91.66666666666666,runs/yin_latest_vgg_20260927/transfer/results/r21vgg2k_vgg16_bn_s42/faces_rfwWM64/faces_rfwWM64/results.csv,IU
noaa,VGG2k / no AA,r21vgg2k_vgg16_bn_s42,face_transfer,124,two_cross,RFW WM64,Faces,0.37,0.39,50,within_sampled_range,IU,108,87.5,runs/yin_latest_vgg_20260927/transfer/results/r21vgg2k_vgg16_bn_s42/faces_rfwWM64/faces_rfwWM64/results.csv,IU
noaa,VGG2k / no AA,r21vgg2k_vgg16_bn_s42,face_transfer,124,two_cross,RFW WM64,Faces,0.37,0.39,50,within_sampled_range,IU,109,91.66666666666666,runs/yin_latest_vgg_20260927/transfer/results/r21vgg2k_vgg16_bn_s42/faces_rfwWM64/faces_rfwWM64/results.csv,IU
noaa,VGG2k / no AA,r21vgg2k_vgg16_bn_s42,face_transfer,124,two_cross,RFW WM64,Faces,0.37,0.39,50,within_sampled_range,IU,110,83.33333333333334,runs/yin_latest_vgg_20260927/transfer/results/r21vgg2k_vgg16_bn_s42/faces_rfwWM64/faces_rfwWM64/results.csv,IU
noaa,VGG2k / no AA,r21vgg2k_vgg16_bn_s42,face_transfer,124,two_cross,RFW WM64,Faces,0.37,0.39,50,within_sampled_range,IU,111,75.0,runs/yin_latest_vgg_20260927/transfer/results/r21vgg2k_vgg16_bn_s42/faces_rfwWM64/faces_rfwWM64/results.csv,IU
noaa,VGG2k / no AA,r21vgg2k_vgg16_bn_s42,face_transfer,124,two_cross,RFW WM64,Faces,0.37,0.39,50,within_sampled_range,IU,112,83.33333333333334,runs/yin_latest_vgg_20260927/transfer/results/r21vgg2k_vgg16_bn_s42/faces_rfwWM64/faces_rfwWM64/results.csv,IU
noaa,VGG2k / no AA,r21vgg2k_vgg16_bn_s42,face_transfer,124,two_cross,RFW WM64,Faces,0.37,0.39,50,within_sampled_range,IU,113,87.5,runs/yin_latest_vgg_20260927/transfer/results/r21vgg2k_vgg16_bn_s42/faces_rfwWM64/faces_rfwWM64/results.csv,IU
noaa,VGG2k / no AA,r21vgg2k_vgg16_bn_s42,face_transfer,124,two_cross,RFW WM64,Faces,0.37,0.39,50,within_sampled_range,IU,114,75.0,runs/yin_latest_vgg_20260927/transfer/results/r21vgg2k_vgg16_bn_s42/faces_rfwWM64/faces_rfwWM64/results.csv,IU
noaa,VGG2k / no AA,r21vgg2k_vgg16_bn_s42,face_transfer,124,two_cross,RFW WM64,Faces,0.37,0.39,50,within_sampled_range,IU,115,83.33333333333334,runs/yin_latest_vgg_20260927/transfer/results/r21vgg2k_vgg16_bn_s42/faces_rfwWM64/faces_rfwWM64/results.csv,IU
noaa,VGG2k / no AA,r21vgg2k_vgg16_bn_s42,face_transfer,124,two_cross,RFW WM64,Faces,0.37,0.39,50,within_sampled_range,IU,116,100.0,runs/yin_latest_vgg_20260927/transfer/results/r21vgg2k_vgg16_bn_s42/faces_rfwWM64/faces_rfwWM64/results.csv,IU
noaa,VGG2k / no AA,r21vgg2k_vgg16_bn_s42,face_transfer,124,two_cross,RFW WM64,Faces,0.37,0.39,50,within_sampled_range,IU,117,83.33333333333334,runs/yin_latest_vgg_20260927/transfer/results/r21vgg2k_vgg16_bn_s42/faces_rfwWM64/faces_rfwWM64/results.csv,IU
noaa,VGG2k / no AA,r21vgg2k_vgg16_bn_s42,face_transfer,124,two_cross,RFW WM64,Faces,0.37,0.39,50,within_sampled_range,IU,118,87.5,runs/yin_latest_vgg_20260927/transfer/results/r21vgg2k_vgg16_bn_s42/faces_rfwWM64/faces_rfwWM64/results.csv,IU
noaa,VGG2k / no AA,r21vgg2k_vgg16_bn_s42,face_transfer,124,two_cross,RFW WM64,Faces,0.37,0.39,50,within_sampled_range,IU,119,83.33333333333334,runs/yin_latest_vgg_20260927/transfer/results/r21vgg2k_vgg16_bn_s42/faces_rfwWM64/faces_rfwWM64/results.csv,IU
noaa,VGG2k / no AA,r21vgg2k_vgg16_bn_s42,face_transfer,124,two_cross,RFW WM64,Faces,0.37,0.39,50,within_sampled_range,IU,120,87.5,runs/yin_latest_vgg_20260927/transfer/results/r21vgg2k_vgg16_bn_s42/faces_rfwWM64/faces_rfwWM64/results.csv,IU
noaa,VGG2k / no AA,r21vgg2k_vgg16_bn_s42,face_transfer,124,two_cross,RFW WM64,Faces,0.37,0.39,50,within_sampled_range,IU,121,87.5,runs/yin_latest_vgg_20260927/transfer/results/r21vgg2k_vgg16_bn_s42/faces_rfwWM64/faces_rfwWM64/results.csv,IU
noaa,VGG2k / no AA,r21vgg2k_vgg16_bn_s42,face_transfer,124,two_cross,RFW WM64,Faces,0.37,0.39,50,within_sampled_range,IU,122,95.83333333333334,runs/yin_latest_vgg_20260927/transfer/results/r21vgg2k_vgg16_bn_s42/faces_rfwWM64/faces_rfwWM64/results.csv,IU
noaa,VGG2k / no AA,r21vgg2k_vgg16_bn_s42,face_transfer,124,two_cross,RFW WM64,Faces,0.37,0.39,50,within_sampled_range,IU,123,87.5,runs/yin_latest_vgg_20260927/transfer/results/r21vgg2k_vgg16_bn_s42/faces_rfwWM64/faces_rfwWM64/results.csv,IU
noaa,VGG2k / no AA,r21vgg2k_vgg16_bn_s42,face_transfer,124,two_cross,RFW WM64,Faces,0.37,0.39,50,within_sampled_range,IU,124,91.66666666666666,runs/yin_latest_vgg_20260927/transfer/results/r21vgg2k_vgg16_bn_s42/faces_rfwWM64/faces_rfwWM64/results.csv,IU
noaa,VGG2k / no AA,r21vgg2k_vgg16_bn_s42,face_transfer,124,two_cross,RFW WM64,Faces,0.37,0.39,50,within_sampled_range,IU,125,75.0,runs/yin_latest_vgg_20260927/transfer/results/r21vgg2k_vgg16_bn_s42/faces_rfwWM64/faces_rfwWM64/results.csv,IU
noaa,VGG2k / no AA,r21vgg2k_vgg16_bn_s42,face_transfer,124,two_cross,RFW WM64,Faces,0.37,0.39,50,within_sampled_range,IU,126,87.5,runs/yin_latest_vgg_20260927/transfer/results/r21vgg2k_vgg16_bn_s42/faces_rfwWM64/faces_rfwWM64/results.csv,IU
noaa,VGG2k / no AA,r21vgg2k_vgg16_bn_s42,face_transfer,124,two_cross,RFW WM64,Faces,0.37,0.39,50,within_sampled_range,IU,127,83.33333333333334,runs/yin_latest_vgg_20260927/transfer/results/r21vgg2k_vgg16_bn_s42/faces_rfwWM64/faces_rfwWM64/results.csv,IU
noaa,VGG2k / no AA,r21vgg2k_vgg16_bn_s42,face_transfer,124,two_cross,RFW WM64,Faces,0.37,0.39,50,within_sampled_range,IU,128,83.33333333333334,runs/yin_latest_vgg_20260927/transfer/results/r21vgg2k_vgg16_bn_s42/faces_rfwWM64/faces_rfwWM64/results.csv,IU
noaa,VGG2k / no AA,r21vgg2k_vgg16_bn_s42,face_transfer,124,two_cross,RFW WM64,Faces,0.37,0.39,50,within_sampled_range,IU,129,87.5,runs/yin_latest_vgg_20260927/transfer/results/r21vgg2k_vgg16_bn_s42/faces_rfwWM64/faces_rfwWM64/results.csv,IU
noaa,VGG2k / no AA,r21vgg2k_vgg16_bn_s42,face_transfer,124,two_cross,RFW WM64,Faces,0.37,0.39,50,within_sampled_range,IU,130,79.16666666666666,runs/yin_latest_vgg_20260927/transfer/results/r21vgg2k_vgg16_bn_s42/faces_rfwWM64/faces_rfwWM64/results.csv,IU
noaa,VGG2k / no AA,r21vgg2k_vgg16_bn_s42,face_transfer,124,two_cross,RFW WM64,Faces,0.37,0.39,50,within_sampled_range,IU,131,95.83333333333334,runs/yin_latest_vgg_20260927/transfer/results/r21vgg2k_vgg16_bn_s42/faces_rfwWM64/faces_rfwWM64/results.csv,IU
noaa,VGG2k / no AA,r21vgg2k_vgg16_bn_s42,face_transfer,124,two_cross,RFW WM64,Faces,0.37,0.39,50,within_sampled_range,IU,132,83.33333333333334,runs/yin_latest_vgg_20260927/transfer/results/r21vgg2k_vgg16_bn_s42/faces_rfwWM64/faces_rfwWM64/results.csv,IU
noaa,VGG2k / no AA,r21vgg2k_vgg16_bn_s42,face_transfer,124,two_cross,RFW WM64,Faces,0.37,0.39,50,within_sampled_range,IU,133,87.5,runs/yin_latest_vgg_20260927/transfer/results/r21vgg2k_vgg16_bn_s42/faces_rfwWM64/faces_rfwWM64/results.csv,IU
noaa,VGG2k / no AA,r21vgg2k_vgg16_bn_s42,face_transfer,124,two_cross,RFW WM64,Faces,0.37,0.39,50,within_sampled_range,IU,134,83.33333333333334,runs/yin_latest_vgg_20260927/transfer/results/r21vgg2k_vgg16_bn_s42/faces_rfwWM64/faces_rfwWM64/results.csv,IU
noaa,VGG2k / no AA,r21vgg2k_vgg16_bn_s42,face_transfer,124,two_cross,RFW WM64,Faces,0.37,0.39,50,within_sampled_range,IU,135,75.0,runs/yin_latest_vgg_20260927/transfer/results/r21vgg2k_vgg16_bn_s42/faces_rfwWM64/faces_rfwWM64/results.csv,IU
noaa,VGG2k / no AA,r21vgg2k_vgg16_bn_s42,face_transfer,124,two_cross,RFW WM64,Faces,0.37,0.39,50,within_sampled_range,IU,136,83.33333333333334,runs/yin_latest_vgg_20260927/transfer/results/r21vgg2k_vgg16_bn_s42/faces_rfwWM64/faces_rfwWM64/results.csv,IU
noaa,VGG2k / no AA,r21vgg2k_vgg16_bn_s42,face_transfer,124,two_cross,RFW WM64,Faces,0.37,0.39,50,within_sampled_range,IU,137,79.16666666666666,runs/yin_latest_vgg_20260927/transfer/results/r21vgg2k_vgg16_bn_s42/faces_rfwWM64/faces_rfwWM64/results.csv,IU
noaa,VGG2k / no AA,r21vgg2k_vgg16_bn_s42,face_transfer,124,two_cross,RFW WM64,Faces,0.37,0.39,50,within_sampled_range,IU,138,87.5,runs/yin_latest_vgg_20260927/transfer/results/r21vgg2k_vgg16_bn_s42/faces_rfwWM64/faces_rfwWM64/results.csv,IU
noaa,VGG2k / no AA,r21vgg2k_vgg16_bn_s42,face_transfer,124,two_cross,RFW WM64,Faces,0.37,0.39,50,within_sampled_range,IU,139,83.33333333333334,runs/yin_latest_vgg_20260927/transfer/results/r21vgg2k_vgg16_bn_s42/faces_rfwWM64/faces_rfwWM64/results.csv,IU
noaa,VGG2k / no AA,r21vgg2k_vgg16_bn_s42,face_transfer,124,two_cross,RFW WM64,Faces,0.37,0.39,50,within_sampled_range,IU,140,87.5,runs/yin_latest_vgg_20260927/transfer/results/r21vgg2k_vgg16_bn_s42/faces_rfwWM64/faces_rfwWM64/results.csv,IU
noaa,VGG2k / no AA,r21vgg2k_vgg16_bn_s42,face_transfer,124,two_cross,RFW WM64,Faces,0.37,0.39,50,within_sampled_range,IU,141,79.16666666666666,runs/yin_latest_vgg_20260927/transfer/results/r21vgg2k_vgg16_bn_s42/faces_rfwWM64/faces_rfwWM64/results.csv,IU
noaa,VGG2k / no AA,r21vgg2k_vgg16_bn_s42,face_transfer,124,two_cross,RFW WM64,Faces,0.37,0.39,50,within_sampled_range,IU,142,79.16666666666666,runs/yin_latest_vgg_20260927/transfer/results/r21vgg2k_vgg16_bn_s42/faces_rfwWM64/faces_rfwWM64/results.csv,IU
noaa,VGG2k / no AA,r21vgg2k_vgg16_bn_s42,face_transfer,124,two_cross,RFW WM64,Faces,0.37,0.39,50,within_sampled_range,IU,143,79.16666666666666,runs/yin_latest_vgg_20260927/transfer/results/r21vgg2k_vgg16_bn_s42/faces_rfwWM64/faces_rfwWM64/results.csv,IU
noaa,VGG2k / no AA,r21vgg2k_vgg16_bn_s42,face_transfer,124,two_cross,RFW WM64,Faces,0.37,0.39,50,within_sampled_range,IU,144,95.83333333333334,runs/yin_latest_vgg_20260927/transfer/results/r21vgg2k_vgg16_bn_s42/faces_rfwWM64/faces_rfwWM64/results.csv,IU
noaa,VGG2k / no AA,r21vgg2k_vgg16_bn_s42,face_transfer,124,two_cross,RFW WM64,Faces,0.37,0.39,50,within_sampled_range,IU,145,83.33333333333334,runs/yin_latest_vgg_20260927/transfer/results/r21vgg2k_vgg16_bn_s42/faces_rfwWM64/faces_rfwWM64/results.csv,IU
noaa,VGG2k / no AA,r21vgg2k_vgg16_bn_s42,face_transfer,124,two_cross,RFW WM64,Faces,0.37,0.39,50,within_sampled_range,IU,146,87.5,runs/yin_latest_vgg_20260927/transfer/results/r21vgg2k_vgg16_bn_s42/faces_rfwWM64/faces_rfwWM64/results.csv,IU
noaa,VGG2k / no AA,r21vgg2k_vgg16_bn_s42,face_transfer,124,two_cross,RFW WM64,Faces,0.37,0.39,50,within_sampled_range,IU,147,83.33333333333334,runs/yin_latest_vgg_20260927/transfer/results/r21vgg2k_vgg16_bn_s42/faces_rfwWM64/faces_rfwWM64/results.csv,IU
noaa,VGG2k / no AA,r21vgg2k_vgg16_bn_s42,face_transfer,124,two_cross,RFW WM64,Faces,0.37,0.39,50,within_sampled_range,IU,148,91.66666666666666,runs/yin_latest_vgg_20260927/transfer/results/r21vgg2k_vgg16_bn_s42/faces_rfwWM64/faces_rfwWM64/results.csv,IU
noaa,VGG2k / no AA,r21vgg2k_vgg16_bn_s42,face_transfer,124,two_cross,RFW WM64,Faces,0.37,0.39,50,within_sampled_range,IU,149,75.0,runs/yin_latest_vgg_20260927/transfer/results/r21vgg2k_vgg16_bn_s42/faces_rfwWM64/faces_rfwWM64/results.csv,IU
noaa,VGG2k / no AA,r21vgg2k_vgg16_bn_s42,face_transfer,124,two_cross,RFW WM64,Faces,0.37,0.39,50,within_sampled_range,IU,150,91.66666666666666,runs/yin_latest_vgg_20260927/transfer/results/r21vgg2k_vgg16_bn_s42/faces_rfwWM64/faces_rfwWM64/results.csv,IU
noaa,VGG2k / no AA,r21vgg2k_vgg16_bn_s42,face_transfer,124,two_shared_ui,RFW WM64,Faces,0.37,0.39,50,within_sampled_range,UU,101,100.0,runs/yin_latest_vgg_20260927/transfer/results/r21vgg2k_vgg16_bn_s42/faces_rfwWM64/faces_rfwWM64/results.csv,UU
noaa,VGG2k / no AA,r21vgg2k_vgg16_bn_s42,face_transfer,124,two_shared_ui,RFW WM64,Faces,0.37,0.39,50,within_sampled_range,UU,102,95.83333333333334,runs/yin_latest_vgg_20260927/transfer/results/r21vgg2k_vgg16_bn_s42/faces_rfwWM64/faces_rfwWM64/results.csv,UU
noaa,VGG2k / no AA,r21vgg2k_vgg16_bn_s42,face_transfer,124,two_shared_ui,RFW WM64,Faces,0.37,0.39,50,within_sampled_range,UU,103,100.0,runs/yin_latest_vgg_20260927/transfer/results/r21vgg2k_vgg16_bn_s42/faces_rfwWM64/faces_rfwWM64/results.csv,UU
noaa,VGG2k / no AA,r21vgg2k_vgg16_bn_s42,face_transfer,124,two_shared_ui,RFW WM64,Faces,0.37,0.39,50,within_sampled_range,UU,104,91.66666666666666,runs/yin_latest_vgg_20260927/transfer/results/r21vgg2k_vgg16_bn_s42/faces_rfwWM64/faces_rfwWM64/results.csv,UU
noaa,VGG2k / no AA,r21vgg2k_vgg16_bn_s42,face_transfer,124,two_shared_ui,RFW WM64,Faces,0.37,0.39,50,within_sampled_range,UU,105,100.0,runs/yin_latest_vgg_20260927/transfer/results/r21vgg2k_vgg16_bn_s42/faces_rfwWM64/faces_rfwWM64/results.csv,UU
noaa,VGG2k / no AA,r21vgg2k_vgg16_bn_s42,face_transfer,124,two_shared_ui,RFW WM64,Faces,0.37,0.39,50,within_sampled_range,UU,106,100.0,runs/yin_latest_vgg_20260927/transfer/results/r21vgg2k_vgg16_bn_s42/faces_rfwWM64/faces_rfwWM64/results.csv,UU
noaa,VGG2k / no AA,r21vgg2k_vgg16_bn_s42,face_transfer,124,two_shared_ui,RFW WM64,Faces,0.37,0.39,50,within_sampled_range,UU,107,95.83333333333334,runs/yin_latest_vgg_20260927/transfer/results/r21vgg2k_vgg16_bn_s42/faces_rfwWM64/faces_rfwWM64/results.csv,UU
noaa,VGG2k / no AA,r21vgg2k_vgg16_bn_s42,face_transfer,124,two_shared_ui,RFW WM64,Faces,0.37,0.39,50,within_sampled_range,UU,108,95.83333333333334,runs/yin_latest_vgg_20260927/transfer/results/r21vgg2k_vgg16_bn_s42/faces_rfwWM64/faces_rfwWM64/results.csv,UU
noaa,VGG2k / no AA,r21vgg2k_vgg16_bn_s42,face_transfer,124,two_shared_ui,RFW WM64,Faces,0.37,0.39,50,within_sampled_range,UU,109,100.0,runs/yin_latest_vgg_20260927/transfer/results/r21vgg2k_vgg16_bn_s42/faces_rfwWM64/faces_rfwWM64/results.csv,UU
noaa,VGG2k / no AA,r21vgg2k_vgg16_bn_s42,face_transfer,124,two_shared_ui,RFW WM64,Faces,0.37,0.39,50,within_sampled_range,UU,110,91.66666666666666,runs/yin_latest_vgg_20260927/transfer/results/r21vgg2k_vgg16_bn_s42/faces_rfwWM64/faces_rfwWM64/results.csv,UU
noaa,VGG2k / no AA,r21vgg2k_vgg16_bn_s42,face_transfer,124,two_shared_ui,RFW WM64,Faces,0.37,0.39,50,within_sampled_range,UU,111,95.83333333333334,runs/yin_latest_vgg_20260927/transfer/results/r21vgg2k_vgg16_bn_s42/faces_rfwWM64/faces_rfwWM64/results.csv,UU
noaa,VGG2k / no AA,r21vgg2k_vgg16_bn_s42,face_transfer,124,two_shared_ui,RFW WM64,Faces,0.37,0.39,50,within_sampled_range,UU,112,100.0,runs/yin_latest_vgg_20260927/transfer/results/r21vgg2k_vgg16_bn_s42/faces_rfwWM64/faces_rfwWM64/results.csv,UU
noaa,VGG2k / no AA,r21vgg2k_vgg16_bn_s42,face_transfer,124,two_shared_ui,RFW WM64,Faces,0.37,0.39,50,within_sampled_range,UU,113,100.0,runs/yin_latest_vgg_20260927/transfer/results/r21vgg2k_vgg16_bn_s42/faces_rfwWM64/faces_rfwWM64/results.csv,UU
noaa,VGG2k / no AA,r21vgg2k_vgg16_bn_s42,face_transfer,124,two_shared_ui,RFW WM64,Faces,0.37,0.39,50,within_sampled_range,UU,114,100.0,runs/yin_latest_vgg_20260927/transfer/results/r21vgg2k_vgg16_bn_s42/faces_rfwWM64/faces_rfwWM64/results.csv,UU
noaa,VGG2k / no AA,r21vgg2k_vgg16_bn_s42,face_transfer,124,two_shared_ui,RFW WM64,Faces,0.37,0.39,50,within_sampled_range,UU,115,91.66666666666666,runs/yin_latest_vgg_20260927/transfer/results/r21vgg2k_vgg16_bn_s42/faces_rfwWM64/faces_rfwWM64/results.csv,UU
noaa,VGG2k / no AA,r21vgg2k_vgg16_bn_s42,face_transfer,124,two_shared_ui,RFW WM64,Faces,0.37,0.39,50,within_sampled_range,UU,116,100.0,runs/yin_latest_vgg_20260927/transfer/results/r21vgg2k_vgg16_bn_s42/faces_rfwWM64/faces_rfwWM64/results.csv,UU
noaa,VGG2k / no AA,r21vgg2k_vgg16_bn_s42,face_transfer,124,two_shared_ui,RFW WM64,Faces,0.37,0.39,50,within_sampled_range,UU,117,100.0,runs/yin_latest_vgg_20260927/transfer/results/r21vgg2k_vgg16_bn_s42/faces_rfwWM64/faces_rfwWM64/results.csv,UU
noaa,VGG2k / no AA,r21vgg2k_vgg16_bn_s42,face_transfer,124,two_shared_ui,RFW WM64,Faces,0.37,0.39,50,within_sampled_range,UU,118,95.83333333333334,runs/yin_latest_vgg_20260927/transfer/results/r21vgg2k_vgg16_bn_s42/faces_rfwWM64/faces_rfwWM64/results.csv,UU
noaa,VGG2k / no AA,r21vgg2k_vgg16_bn_s42,face_transfer,124,two_shared_ui,RFW WM64,Faces,0.37,0.39,50,within_sampled_range,UU,119,100.0,runs/yin_latest_vgg_20260927/transfer/results/r21vgg2k_vgg16_bn_s42/faces_rfwWM64/faces_rfwWM64/results.csv,UU
noaa,VGG2k / no AA,r21vgg2k_vgg16_bn_s42,face_transfer,124,two_shared_ui,RFW WM64,Faces,0.37,0.39,50,within_sampled_range,UU,120,95.83333333333334,runs/yin_latest_vgg_20260927/transfer/results/r21vgg2k_vgg16_bn_s42/faces_rfwWM64/faces_rfwWM64/results.csv,UU
noaa,VGG2k / no AA,r21vgg2k_vgg16_bn_s42,face_transfer,124,two_shared_ui,RFW WM64,Faces,0.37,0.39,50,within_sampled_range,UU,121,100.0,runs/yin_latest_vgg_20260927/transfer/results/r21vgg2k_vgg16_bn_s42/faces_rfwWM64/faces_rfwWM64/results.csv,UU
noaa,VGG2k / no AA,r21vgg2k_vgg16_bn_s42,face_transfer,124,two_shared_ui,RFW WM64,Faces,0.37,0.39,50,within_sampled_range,UU,122,91.66666666666666,runs/yin_latest_vgg_20260927/transfer/results/r21vgg2k_vgg16_bn_s42/faces_rfwWM64/faces_rfwWM64/results.csv,UU
noaa,VGG2k / no AA,r21vgg2k_vgg16_bn_s42,face_transfer,124,two_shared_ui,RFW WM64,Faces,0.37,0.39,50,within_sampled_range,UU,123,95.83333333333334,runs/yin_latest_vgg_20260927/transfer/results/r21vgg2k_vgg16_bn_s42/faces_rfwWM64/faces_rfwWM64/results.csv,UU
noaa,VGG2k / no AA,r21vgg2k_vgg16_bn_s42,face_transfer,124,two_shared_ui,RFW WM64,Faces,0.37,0.39,50,within_sampled_range,UU,124,95.83333333333334,runs/yin_latest_vgg_20260927/transfer/results/r21vgg2k_vgg16_bn_s42/faces_rfwWM64/faces_rfwWM64/results.csv,UU
noaa,VGG2k / no AA,r21vgg2k_vgg16_bn_s42,face_transfer,124,two_shared_ui,RFW WM64,Faces,0.37,0.39,50,within_sampled_range,UU,125,100.0,runs/yin_latest_vgg_20260927/transfer/results/r21vgg2k_vgg16_bn_s42/faces_rfwWM64/faces_rfwWM64/results.csv,UU
noaa,VGG2k / no AA,r21vgg2k_vgg16_bn_s42,face_transfer,124,two_shared_ui,RFW WM64,Faces,0.37,0.39,50,within_sampled_range,UU,126,87.5,runs/yin_latest_vgg_20260927/transfer/results/r21vgg2k_vgg16_bn_s42/faces_rfwWM64/faces_rfwWM64/results.csv,UU
noaa,VGG2k / no AA,r21vgg2k_vgg16_bn_s42,face_transfer,124,two_shared_ui,RFW WM64,Faces,0.37,0.39,50,within_sampled_range,UU,127,100.0,runs/yin_latest_vgg_20260927/transfer/results/r21vgg2k_vgg16_bn_s42/faces_rfwWM64/faces_rfwWM64/results.csv,UU
noaa,VGG2k / no AA,r21vgg2k_vgg16_bn_s42,face_transfer,124,two_shared_ui,RFW WM64,Faces,0.37,0.39,50,within_sampled_range,UU,128,83.33333333333334,runs/yin_latest_vgg_20260927/transfer/results/r21vgg2k_vgg16_bn_s42/faces_rfwWM64/faces_rfwWM64/results.csv,UU
noaa,VGG2k / no AA,r21vgg2k_vgg16_bn_s42,face_transfer,124,two_shared_ui,RFW WM64,Faces,0.37,0.39,50,within_sampled_range,UU,129,91.66666666666666,runs/yin_latest_vgg_20260927/transfer/results/r21vgg2k_vgg16_bn_s42/faces_rfwWM64/faces_rfwWM64/results.csv,UU
noaa,VGG2k / no AA,r21vgg2k_vgg16_bn_s42,face_transfer,124,two_shared_ui,RFW WM64,Faces,0.37,0.39,50,within_sampled_range,UU,130,100.0,runs/yin_latest_vgg_20260927/transfer/results/r21vgg2k_vgg16_bn_s42/faces_rfwWM64/faces_rfwWM64/results.csv,UU
noaa,VGG2k / no AA,r21vgg2k_vgg16_bn_s42,face_transfer,124,two_shared_ui,RFW WM64,Faces,0.37,0.39,50,within_sampled_range,UU,131,95.83333333333334,runs/yin_latest_vgg_20260927/transfer/results/r21vgg2k_vgg16_bn_s42/faces_rfwWM64/faces_rfwWM64/results.csv,UU
noaa,VGG2k / no AA,r21vgg2k_vgg16_bn_s42,face_transfer,124,two_shared_ui,RFW WM64,Faces,0.37,0.39,50,within_sampled_range,UU,132,100.0,runs/yin_latest_vgg_20260927/transfer/results/r21vgg2k_vgg16_bn_s42/faces_rfwWM64/faces_rfwWM64/results.csv,UU
noaa,VGG2k / no AA,r21vgg2k_vgg16_bn_s42,face_transfer,124,two_shared_ui,RFW WM64,Faces,0.37,0.39,50,within_sampled_range,UU,133,87.5,runs/yin_latest_vgg_20260927/transfer/results/r21vgg2k_vgg16_bn_s42/faces_rfwWM64/faces_rfwWM64/results.csv,UU
noaa,VGG2k / no AA,r21vgg2k_vgg16_bn_s42,face_transfer,124,two_shared_ui,RFW WM64,Faces,0.37,0.39,50,within_sampled_range,UU,134,91.66666666666666,runs/yin_latest_vgg_20260927/transfer/results/r21vgg2k_vgg16_bn_s42/faces_rfwWM64/faces_rfwWM64/results.csv,UU
noaa,VGG2k / no AA,r21vgg2k_vgg16_bn_s42,face_transfer,124,two_shared_ui,RFW WM64,Faces,0.37,0.39,50,within_sampled_range,UU,135,95.83333333333334,runs/yin_latest_vgg_20260927/transfer/results/r21vgg2k_vgg16_bn_s42/faces_rfwWM64/faces_rfwWM64/results.csv,UU
noaa,VGG2k / no AA,r21vgg2k_vgg16_bn_s42,face_transfer,124,two_shared_ui,RFW WM64,Faces,0.37,0.39,50,within_sampled_range,UU,136,100.0,runs/yin_latest_vgg_20260927/transfer/results/r21vgg2k_vgg16_bn_s42/faces_rfwWM64/faces_rfwWM64/results.csv,UU
noaa,VGG2k / no AA,r21vgg2k_vgg16_bn_s42,face_transfer,124,two_shared_ui,RFW WM64,Faces,0.37,0.39,50,within_sampled_range,UU,137,100.0,runs/yin_latest_vgg_20260927/transfer/results/r21vgg2k_vgg16_bn_s42/faces_rfwWM64/faces_rfwWM64/results.csv,UU
noaa,VGG2k / no AA,r21vgg2k_vgg16_bn_s42,face_transfer,124,two_shared_ui,RFW WM64,Faces,0.37,0.39,50,within_sampled_range,UU,138,91.66666666666666,runs/yin_latest_vgg_20260927/transfer/results/r21vgg2k_vgg16_bn_s42/faces_rfwWM64/faces_rfwWM64/results.csv,UU
noaa,VGG2k / no AA,r21vgg2k_vgg16_bn_s42,face_transfer,124,two_shared_ui,RFW WM64,Faces,0.37,0.39,50,within_sampled_range,UU,139,95.83333333333334,runs/yin_latest_vgg_20260927/transfer/results/r21vgg2k_vgg16_bn_s42/faces_rfwWM64/faces_rfwWM64/results.csv,UU
noaa,VGG2k / no AA,r21vgg2k_vgg16_bn_s42,face_transfer,124,two_shared_ui,RFW WM64,Faces,0.37,0.39,50,within_sampled_range,UU,140,100.0,runs/yin_latest_vgg_20260927/transfer/results/r21vgg2k_vgg16_bn_s42/faces_rfwWM64/faces_rfwWM64/results.csv,UU
noaa,VGG2k / no AA,r21vgg2k_vgg16_bn_s42,face_transfer,124,two_shared_ui,RFW WM64,Faces,0.37,0.39,50,within_sampled_range,UU,141,100.0,runs/yin_latest_vgg_20260927/transfer/results/r21vgg2k_vgg16_bn_s42/faces_rfwWM64/faces_rfwWM64/results.csv,UU
noaa,VGG2k / no AA,r21vgg2k_vgg16_bn_s42,face_transfer,124,two_shared_ui,RFW WM64,Faces,0.37,0.39,50,within_sampled_range,UU,142,100.0,runs/yin_latest_vgg_20260927/transfer/results/r21vgg2k_vgg16_bn_s42/faces_rfwWM64/faces_rfwWM64/results.csv,UU
noaa,VGG2k / no AA,r21vgg2k_vgg16_bn_s42,face_transfer,124,two_shared_ui,RFW WM64,Faces,0.37,0.39,50,within_sampled_range,UU,143,95.83333333333334,runs/yin_latest_vgg_20260927/transfer/results/r21vgg2k_vgg16_bn_s42/faces_rfwWM64/faces_rfwWM64/results.csv,UU
noaa,VGG2k / no AA,r21vgg2k_vgg16_bn_s42,face_transfer,124,two_shared_ui,RFW WM64,Faces,0.37,0.39,50,within_sampled_range,UU,144,100.0,runs/yin_latest_vgg_20260927/transfer/results/r21vgg2k_vgg16_bn_s42/faces_rfwWM64/faces_rfwWM64/results.csv,UU
noaa,VGG2k / no AA,r21vgg2k_vgg16_bn_s42,face_transfer,124,two_shared_ui,RFW WM64,Faces,0.37,0.39,50,within_sampled_range,UU,145,91.66666666666666,runs/yin_latest_vgg_20260927/transfer/results/r21vgg2k_vgg16_bn_s42/faces_rfwWM64/faces_rfwWM64/results.csv,UU
noaa,VGG2k / no AA,r21vgg2k_vgg16_bn_s42,face_transfer,124,two_shared_ui,RFW WM64,Faces,0.37,0.39,50,within_sampled_range,UU,146,91.66666666666666,runs/yin_latest_vgg_20260927/transfer/results/r21vgg2k_vgg16_bn_s42/faces_rfwWM64/faces_rfwWM64/results.csv,UU
noaa,VGG2k / no AA,r21vgg2k_vgg16_bn_s42,face_transfer,124,two_shared_ui,RFW WM64,Faces,0.37,0.39,50,within_sampled_range,UU,147,100.0,runs/yin_latest_vgg_20260927/transfer/results/r21vgg2k_vgg16_bn_s42/faces_rfwWM64/faces_rfwWM64/results.csv,UU
noaa,VGG2k / no AA,r21vgg2k_vgg16_bn_s42,face_transfer,124,two_shared_ui,RFW WM64,Faces,0.37,0.39,50,within_sampled_range,UU,148,100.0,runs/yin_latest_vgg_20260927/transfer/results/r21vgg2k_vgg16_bn_s42/faces_rfwWM64/faces_rfwWM64/results.csv,UU
noaa,VGG2k / no AA,r21vgg2k_vgg16_bn_s42,face_transfer,124,two_shared_ui,RFW WM64,Faces,0.37,0.39,50,within_sampled_range,UU,149,100.0,runs/yin_latest_vgg_20260927/transfer/results/r21vgg2k_vgg16_bn_s42/faces_rfwWM64/faces_rfwWM64/results.csv,UU
noaa,VGG2k / no AA,r21vgg2k_vgg16_bn_s42,face_transfer,124,two_shared_ui,RFW WM64,Faces,0.37,0.39,50,within_sampled_range,UU,150,100.0,runs/yin_latest_vgg_20260927/transfer/results/r21vgg2k_vgg16_bn_s42/faces_rfwWM64/faces_rfwWM64/results.csv,UU
noaa,VGG2k / no AA,r21vgg2k_vgg16_bn_s42,face_transfer,124,two_shared_ui,RFW WM64,Faces,0.37,0.39,50,within_sampled_range,II,101,75.0,runs/yin_latest_vgg_20260927/transfer/results/r21vgg2k_vgg16_bn_s42/faces_rfwWM64/faces_rfwWM64/results.csv,II
noaa,VGG2k / no AA,r21vgg2k_vgg16_bn_s42,face_transfer,124,two_shared_ui,RFW WM64,Faces,0.37,0.39,50,within_sampled_range,II,102,79.16666666666666,runs/yin_latest_vgg_20260927/transfer/results/r21vgg2k_vgg16_bn_s42/faces_rfwWM64/faces_rfwWM64/results.csv,II
noaa,VGG2k / no AA,r21vgg2k_vgg16_bn_s42,face_transfer,124,two_shared_ui,RFW WM64,Faces,0.37,0.39,50,within_sampled_range,II,103,91.66666666666666,runs/yin_latest_vgg_20260927/transfer/results/r21vgg2k_vgg16_bn_s42/faces_rfwWM64/faces_rfwWM64/results.csv,II
noaa,VGG2k / no AA,r21vgg2k_vgg16_bn_s42,face_transfer,124,two_shared_ui,RFW WM64,Faces,0.37,0.39,50,within_sampled_range,II,104,87.5,runs/yin_latest_vgg_20260927/transfer/results/r21vgg2k_vgg16_bn_s42/faces_rfwWM64/faces_rfwWM64/results.csv,II
noaa,VGG2k / no AA,r21vgg2k_vgg16_bn_s42,face_transfer,124,two_shared_ui,RFW WM64,Faces,0.37,0.39,50,within_sampled_range,II,105,79.16666666666666,runs/yin_latest_vgg_20260927/transfer/results/r21vgg2k_vgg16_bn_s42/faces_rfwWM64/faces_rfwWM64/results.csv,II
noaa,VGG2k / no AA,r21vgg2k_vgg16_bn_s42,face_transfer,124,two_shared_ui,RFW WM64,Faces,0.37,0.39,50,within_sampled_range,II,106,79.16666666666666,runs/yin_latest_vgg_20260927/transfer/results/r21vgg2k_vgg16_bn_s42/faces_rfwWM64/faces_rfwWM64/results.csv,II
noaa,VGG2k / no AA,r21vgg2k_vgg16_bn_s42,face_transfer,124,two_shared_ui,RFW WM64,Faces,0.37,0.39,50,within_sampled_range,II,107,83.33333333333334,runs/yin_latest_vgg_20260927/transfer/results/r21vgg2k_vgg16_bn_s42/faces_rfwWM64/faces_rfwWM64/results.csv,II
noaa,VGG2k / no AA,r21vgg2k_vgg16_bn_s42,face_transfer,124,two_shared_ui,RFW WM64,Faces,0.37,0.39,50,within_sampled_range,II,108,87.5,runs/yin_latest_vgg_20260927/transfer/results/r21vgg2k_vgg16_bn_s42/faces_rfwWM64/faces_rfwWM64/results.csv,II
noaa,VGG2k / no AA,r21vgg2k_vgg16_bn_s42,face_transfer,124,two_shared_ui,RFW WM64,Faces,0.37,0.39,50,within_sampled_range,II,109,79.16666666666666,runs/yin_latest_vgg_20260927/transfer/results/r21vgg2k_vgg16_bn_s42/faces_rfwWM64/faces_rfwWM64/results.csv,II
noaa,VGG2k / no AA,r21vgg2k_vgg16_bn_s42,face_transfer,124,two_shared_ui,RFW WM64,Faces,0.37,0.39,50,within_sampled_range,II,110,91.66666666666666,runs/yin_latest_vgg_20260927/transfer/results/r21vgg2k_vgg16_bn_s42/faces_rfwWM64/faces_rfwWM64/results.csv,II
noaa,VGG2k / no AA,r21vgg2k_vgg16_bn_s42,face_transfer,124,two_shared_ui,RFW WM64,Faces,0.37,0.39,50,within_sampled_range,II,111,83.33333333333334,runs/yin_latest_vgg_20260927/transfer/results/r21vgg2k_vgg16_bn_s42/faces_rfwWM64/faces_rfwWM64/results.csv,II
noaa,VGG2k / no AA,r21vgg2k_vgg16_bn_s42,face_transfer,124,two_shared_ui,RFW WM64,Faces,0.37,0.39,50,within_sampled_range,II,112,87.5,runs/yin_latest_vgg_20260927/transfer/results/r21vgg2k_vgg16_bn_s42/faces_rfwWM64/faces_rfwWM64/results.csv,II
noaa,VGG2k / no AA,r21vgg2k_vgg16_bn_s42,face_transfer,124,two_shared_ui,RFW WM64,Faces,0.37,0.39,50,within_sampled_range,II,113,83.33333333333334,runs/yin_latest_vgg_20260927/transfer/results/r21vgg2k_vgg16_bn_s42/faces_rfwWM64/faces_rfwWM64/results.csv,II
noaa,VGG2k / no AA,r21vgg2k_vgg16_bn_s42,face_transfer,124,two_shared_ui,RFW WM64,Faces,0.37,0.39,50,within_sampled_range,II,114,75.0,runs/yin_latest_vgg_20260927/transfer/results/r21vgg2k_vgg16_bn_s42/faces_rfwWM64/faces_rfwWM64/results.csv,II
noaa,VGG2k / no AA,r21vgg2k_vgg16_bn_s42,face_transfer,124,two_shared_ui,RFW WM64,Faces,0.37,0.39,50,within_sampled_range,II,115,83.33333333333334,runs/yin_latest_vgg_20260927/transfer/results/r21vgg2k_vgg16_bn_s42/faces_rfwWM64/faces_rfwWM64/results.csv,II
noaa,VGG2k / no AA,r21vgg2k_vgg16_bn_s42,face_transfer,124,two_shared_ui,RFW WM64,Faces,0.37,0.39,50,within_sampled_range,II,116,100.0,runs/yin_latest_vgg_20260927/transfer/results/r21vgg2k_vgg16_bn_s42/faces_rfwWM64/faces_rfwWM64/results.csv,II
noaa,VGG2k / no AA,r21vgg2k_vgg16_bn_s42,face_transfer,124,two_shared_ui,RFW WM64,Faces,0.37,0.39,50,within_sampled_range,II,117,75.0,runs/yin_latest_vgg_20260927/transfer/results/r21vgg2k_vgg16_bn_s42/faces_rfwWM64/faces_rfwWM64/results.csv,II
noaa,VGG2k / no AA,r21vgg2k_vgg16_bn_s42,face_transfer,124,two_shared_ui,RFW WM64,Faces,0.37,0.39,50,within_sampled_range,II,118,91.66666666666666,runs/yin_latest_vgg_20260927/transfer/results/r21vgg2k_vgg16_bn_s42/faces_rfwWM64/faces_rfwWM64/results.csv,II
noaa,VGG2k / no AA,r21vgg2k_vgg16_bn_s42,face_transfer,124,two_shared_ui,RFW WM64,Faces,0.37,0.39,50,within_sampled_range,II,119,95.83333333333334,runs/yin_latest_vgg_20260927/transfer/results/r21vgg2k_vgg16_bn_s42/faces_rfwWM64/faces_rfwWM64/results.csv,II
noaa,VGG2k / no AA,r21vgg2k_vgg16_bn_s42,face_transfer,124,two_shared_ui,RFW WM64,Faces,0.37,0.39,50,within_sampled_range,II,120,83.33333333333334,runs/yin_latest_vgg_20260927/transfer/results/r21vgg2k_vgg16_bn_s42/faces_rfwWM64/faces_rfwWM64/results.csv,II
noaa,VGG2k / no AA,r21vgg2k_vgg16_bn_s42,face_transfer,124,two_shared_ui,RFW WM64,Faces,0.37,0.39,50,within_sampled_range,II,121,100.0,runs/yin_latest_vgg_20260927/transfer/results/r21vgg2k_vgg16_bn_s42/faces_rfwWM64/faces_rfwWM64/results.csv,II
noaa,VGG2k / no AA,r21vgg2k_vgg16_bn_s42,face_transfer,124,two_shared_ui,RFW WM64,Faces,0.37,0.39,50,within_sampled_range,II,122,83.33333333333334,runs/yin_latest_vgg_20260927/transfer/results/r21vgg2k_vgg16_bn_s42/faces_rfwWM64/faces_rfwWM64/results.csv,II
noaa,VGG2k / no AA,r21vgg2k_vgg16_bn_s42,face_transfer,124,two_shared_ui,RFW WM64,Faces,0.37,0.39,50,within_sampled_range,II,123,83.33333333333334,runs/yin_latest_vgg_20260927/transfer/results/r21vgg2k_vgg16_bn_s42/faces_rfwWM64/faces_rfwWM64/results.csv,II
noaa,VGG2k / no AA,r21vgg2k_vgg16_bn_s42,face_transfer,124,two_shared_ui,RFW WM64,Faces,0.37,0.39,50,within_sampled_range,II,124,83.33333333333334,runs/yin_latest_vgg_20260927/transfer/results/r21vgg2k_vgg16_bn_s42/faces_rfwWM64/faces_rfwWM64/results.csv,II
noaa,VGG2k / no AA,r21vgg2k_vgg16_bn_s42,face_transfer,124,two_shared_ui,RFW WM64,Faces,0.37,0.39,50,within_sampled_range,II,125,70.83333333333334,runs/yin_latest_vgg_20260927/transfer/results/r21vgg2k_vgg16_bn_s42/faces_rfwWM64/faces_rfwWM64/results.csv,II
noaa,VGG2k / no AA,r21vgg2k_vgg16_bn_s42,face_transfer,124,two_shared_ui,RFW WM64,Faces,0.37,0.39,50,within_sampled_range,II,126,91.66666666666666,runs/yin_latest_vgg_20260927/transfer/results/r21vgg2k_vgg16_bn_s42/faces_rfwWM64/faces_rfwWM64/results.csv,II
noaa,VGG2k / no AA,r21vgg2k_vgg16_bn_s42,face_transfer,124,two_shared_ui,RFW WM64,Faces,0.37,0.39,50,within_sampled_range,II,127,79.16666666666666,runs/yin_latest_vgg_20260927/transfer/results/r21vgg2k_vgg16_bn_s42/faces_rfwWM64/faces_rfwWM64/results.csv,II
noaa,VGG2k / no AA,r21vgg2k_vgg16_bn_s42,face_transfer,124,two_shared_ui,RFW WM64,Faces,0.37,0.39,50,within_sampled_range,II,128,91.66666666666666,runs/yin_latest_vgg_20260927/transfer/results/r21vgg2k_vgg16_bn_s42/faces_rfwWM64/faces_rfwWM64/results.csv,II
noaa,VGG2k / no AA,r21vgg2k_vgg16_bn_s42,face_transfer,124,two_shared_ui,RFW WM64,Faces,0.37,0.39,50,within_sampled_range,II,129,91.66666666666666,runs/yin_latest_vgg_20260927/transfer/results/r21vgg2k_vgg16_bn_s42/faces_rfwWM64/faces_rfwWM64/results.csv,II
noaa,VGG2k / no AA,r21vgg2k_vgg16_bn_s42,face_transfer,124,two_shared_ui,RFW WM64,Faces,0.37,0.39,50,within_sampled_range,II,130,70.83333333333334,runs/yin_latest_vgg_20260927/transfer/results/r21vgg2k_vgg16_bn_s42/faces_rfwWM64/faces_rfwWM64/results.csv,II
noaa,VGG2k / no AA,r21vgg2k_vgg16_bn_s42,face_transfer,124,two_shared_ui,RFW WM64,Faces,0.37,0.39,50,within_sampled_range,II,131,70.83333333333334,runs/yin_latest_vgg_20260927/transfer/results/r21vgg2k_vgg16_bn_s42/faces_rfwWM64/faces_rfwWM64/results.csv,II
noaa,VGG2k / no AA,r21vgg2k_vgg16_bn_s42,face_transfer,124,two_shared_ui,RFW WM64,Faces,0.37,0.39,50,within_sampled_range,II,132,75.0,runs/yin_latest_vgg_20260927/transfer/results/r21vgg2k_vgg16_bn_s42/faces_rfwWM64/faces_rfwWM64/results.csv,II
noaa,VGG2k / no AA,r21vgg2k_vgg16_bn_s42,face_transfer,124,two_shared_ui,RFW WM64,Faces,0.37,0.39,50,within_sampled_range,II,133,79.16666666666666,runs/yin_latest_vgg_20260927/transfer/results/r21vgg2k_vgg16_bn_s42/faces_rfwWM64/faces_rfwWM64/results.csv,II
noaa,VGG2k / no AA,r21vgg2k_vgg16_bn_s42,face_transfer,124,two_shared_ui,RFW WM64,Faces,0.37,0.39,50,within_sampled_range,II,134,91.66666666666666,runs/yin_latest_vgg_20260927/transfer/results/r21vgg2k_vgg16_bn_s42/faces_rfwWM64/faces_rfwWM64/results.csv,II
noaa,VGG2k / no AA,r21vgg2k_vgg16_bn_s42,face_transfer,124,two_shared_ui,RFW WM64,Faces,0.37,0.39,50,within_sampled_range,II,135,87.5,runs/yin_latest_vgg_20260927/transfer/results/r21vgg2k_vgg16_bn_s42/faces_rfwWM64/faces_rfwWM64/results.csv,II
noaa,VGG2k / no AA,r21vgg2k_vgg16_bn_s42,face_transfer,124,two_shared_ui,RFW WM64,Faces,0.37,0.39,50,within_sampled_range,II,136,70.83333333333334,runs/yin_latest_vgg_20260927/transfer/results/r21vgg2k_vgg16_bn_s42/faces_rfwWM64/faces_rfwWM64/results.csv,II
noaa,VGG2k / no AA,r21vgg2k_vgg16_bn_s42,face_transfer,124,two_shared_ui,RFW WM64,Faces,0.37,0.39,50,within_sampled_range,II,137,87.5,runs/yin_latest_vgg_20260927/transfer/results/r21vgg2k_vgg16_bn_s42/faces_rfwWM64/faces_rfwWM64/results.csv,II
noaa,VGG2k / no AA,r21vgg2k_vgg16_bn_s42,face_transfer,124,two_shared_ui,RFW WM64,Faces,0.37,0.39,50,within_sampled_range,II,138,91.66666666666666,runs/yin_latest_vgg_20260927/transfer/results/r21vgg2k_vgg16_bn_s42/faces_rfwWM64/faces_rfwWM64/results.csv,II
noaa,VGG2k / no AA,r21vgg2k_vgg16_bn_s42,face_transfer,124,two_shared_ui,RFW WM64,Faces,0.37,0.39,50,within_sampled_range,II,139,79.16666666666666,runs/yin_latest_vgg_20260927/transfer/results/r21vgg2k_vgg16_bn_s42/faces_rfwWM64/faces_rfwWM64/results.csv,II
noaa,VGG2k / no AA,r21vgg2k_vgg16_bn_s42,face_transfer,124,two_shared_ui,RFW WM64,Faces,0.37,0.39,50,within_sampled_range,II,140,70.83333333333334,runs/yin_latest_vgg_20260927/transfer/results/r21vgg2k_vgg16_bn_s42/faces_rfwWM64/faces_rfwWM64/results.csv,II
noaa,VGG2k / no AA,r21vgg2k_vgg16_bn_s42,face_transfer,124,two_shared_ui,RFW WM64,Faces,0.37,0.39,50,within_sampled_range,II,141,75.0,runs/yin_latest_vgg_20260927/transfer/results/r21vgg2k_vgg16_bn_s42/faces_rfwWM64/faces_rfwWM64/results.csv,II
noaa,VGG2k / no AA,r21vgg2k_vgg16_bn_s42,face_transfer,124,two_shared_ui,RFW WM64,Faces,0.37,0.39,50,within_sampled_range,II,142,75.0,runs/yin_latest_vgg_20260927/transfer/results/r21vgg2k_vgg16_bn_s42/faces_rfwWM64/faces_rfwWM64/results.csv,II
noaa,VGG2k / no AA,r21vgg2k_vgg16_bn_s42,face_transfer,124,two_shared_ui,RFW WM64,Faces,0.37,0.39,50,within_sampled_range,II,143,91.66666666666666,runs/yin_latest_vgg_20260927/transfer/results/r21vgg2k_vgg16_bn_s42/faces_rfwWM64/faces_rfwWM64/results.csv,II
noaa,VGG2k / no AA,r21vgg2k_vgg16_bn_s42,face_transfer,124,two_shared_ui,RFW WM64,Faces,0.37,0.39,50,within_sampled_range,II,144,95.83333333333334,runs/yin_latest_vgg_20260927/transfer/results/r21vgg2k_vgg16_bn_s42/faces_rfwWM64/faces_rfwWM64/results.csv,II
noaa,VGG2k / no AA,r21vgg2k_vgg16_bn_s42,face_transfer,124,two_shared_ui,RFW WM64,Faces,0.37,0.39,50,within_sampled_range,II,145,70.83333333333334,runs/yin_latest_vgg_20260927/transfer/results/r21vgg2k_vgg16_bn_s42/faces_rfwWM64/faces_rfwWM64/results.csv,II
noaa,VGG2k / no AA,r21vgg2k_vgg16_bn_s42,face_transfer,124,two_shared_ui,RFW WM64,Faces,0.37,0.39,50,within_sampled_range,II,146,75.0,runs/yin_latest_vgg_20260927/transfer/results/r21vgg2k_vgg16_bn_s42/faces_rfwWM64/faces_rfwWM64/results.csv,II
noaa,VGG2k / no AA,r21vgg2k_vgg16_bn_s42,face_transfer,124,two_shared_ui,RFW WM64,Faces,0.37,0.39,50,within_sampled_range,II,147,91.66666666666666,runs/yin_latest_vgg_20260927/transfer/results/r21vgg2k_vgg16_bn_s42/faces_rfwWM64/faces_rfwWM64/results.csv,II
noaa,VGG2k / no AA,r21vgg2k_vgg16_bn_s42,face_transfer,124,two_shared_ui,RFW WM64,Faces,0.37,0.39,50,within_sampled_range,II,148,79.16666666666666,runs/yin_latest_vgg_20260927/transfer/results/r21vgg2k_vgg16_bn_s42/faces_rfwWM64/faces_rfwWM64/results.csv,II
noaa,VGG2k / no AA,r21vgg2k_vgg16_bn_s42,face_transfer,124,two_shared_ui,RFW WM64,Faces,0.37,0.39,50,within_sampled_range,II,149,62.5,runs/yin_latest_vgg_20260927/transfer/results/r21vgg2k_vgg16_bn_s42/faces_rfwWM64/faces_rfwWM64/results.csv,II
noaa,VGG2k / no AA,r21vgg2k_vgg16_bn_s42,face_transfer,124,two_shared_ui,RFW WM64,Faces,0.37,0.39,50,within_sampled_range,II,150,79.16666666666666,runs/yin_latest_vgg_20260927/transfer/results/r21vgg2k_vgg16_bn_s42/faces_rfwWM64/faces_rfwWM64/results.csv,II
noaa,VGG2k / no AA,r21vgg2k_vgg16_bn_s42,face_transfer,124,two_shared_ui,RFW WM64,Faces,0.37,0.39,50,within_sampled_range,UI,101,100.0,runs/yin_latest_vgg_20260927/transfer/results/r21vgg2k_vgg16_bn_s42/faces_rfwWM64/faces_rfwWM64/results.csv,UI_shared
noaa,VGG2k / no AA,r21vgg2k_vgg16_bn_s42,face_transfer,124,two_shared_ui,RFW WM64,Faces,0.37,0.39,50,within_sampled_range,UI,102,83.33333333333334,runs/yin_latest_vgg_20260927/transfer/results/r21vgg2k_vgg16_bn_s42/faces_rfwWM64/faces_rfwWM64/results.csv,UI_shared
noaa,VGG2k / no AA,r21vgg2k_vgg16_bn_s42,face_transfer,124,two_shared_ui,RFW WM64,Faces,0.37,0.39,50,within_sampled_range,UI,103,83.33333333333334,runs/yin_latest_vgg_20260927/transfer/results/r21vgg2k_vgg16_bn_s42/faces_rfwWM64/faces_rfwWM64/results.csv,UI_shared
noaa,VGG2k / no AA,r21vgg2k_vgg16_bn_s42,face_transfer,124,two_shared_ui,RFW WM64,Faces,0.37,0.39,50,within_sampled_range,UI,104,95.83333333333334,runs/yin_latest_vgg_20260927/transfer/results/r21vgg2k_vgg16_bn_s42/faces_rfwWM64/faces_rfwWM64/results.csv,UI_shared
noaa,VGG2k / no AA,r21vgg2k_vgg16_bn_s42,face_transfer,124,two_shared_ui,RFW WM64,Faces,0.37,0.39,50,within_sampled_range,UI,105,70.83333333333334,runs/yin_latest_vgg_20260927/transfer/results/r21vgg2k_vgg16_bn_s42/faces_rfwWM64/faces_rfwWM64/results.csv,UI_shared
noaa,VGG2k / no AA,r21vgg2k_vgg16_bn_s42,face_transfer,124,two_shared_ui,RFW WM64,Faces,0.37,0.39,50,within_sampled_range,UI,106,95.83333333333334,runs/yin_latest_vgg_20260927/transfer/results/r21vgg2k_vgg16_bn_s42/faces_rfwWM64/faces_rfwWM64/results.csv,UI_shared
noaa,VGG2k / no AA,r21vgg2k_vgg16_bn_s42,face_transfer,124,two_shared_ui,RFW WM64,Faces,0.37,0.39,50,within_sampled_range,UI,107,95.83333333333334,runs/yin_latest_vgg_20260927/transfer/results/r21vgg2k_vgg16_bn_s42/faces_rfwWM64/faces_rfwWM64/results.csv,UI_shared
noaa,VGG2k / no AA,r21vgg2k_vgg16_bn_s42,face_transfer,124,two_shared_ui,RFW WM64,Faces,0.37,0.39,50,within_sampled_range,UI,108,95.83333333333334,runs/yin_latest_vgg_20260927/transfer/results/r21vgg2k_vgg16_bn_s42/faces_rfwWM64/faces_rfwWM64/results.csv,UI_shared
noaa,VGG2k / no AA,r21vgg2k_vgg16_bn_s42,face_transfer,124,two_shared_ui,RFW WM64,Faces,0.37,0.39,50,within_sampled_range,UI,109,91.66666666666666,runs/yin_latest_vgg_20260927/transfer/results/r21vgg2k_vgg16_bn_s42/faces_rfwWM64/faces_rfwWM64/results.csv,UI_shared
noaa,VGG2k / no AA,r21vgg2k_vgg16_bn_s42,face_transfer,124,two_shared_ui,RFW WM64,Faces,0.37,0.39,50,within_sampled_range,UI,110,91.66666666666666,runs/yin_latest_vgg_20260927/transfer/results/r21vgg2k_vgg16_bn_s42/faces_rfwWM64/faces_rfwWM64/results.csv,UI_shared
noaa,VGG2k / no AA,r21vgg2k_vgg16_bn_s42,face_transfer,124,two_shared_ui,RFW WM64,Faces,0.37,0.39,50,within_sampled_range,UI,111,91.66666666666666,runs/yin_latest_vgg_20260927/transfer/results/r21vgg2k_vgg16_bn_s42/faces_rfwWM64/faces_rfwWM64/results.csv,UI_shared
noaa,VGG2k / no AA,r21vgg2k_vgg16_bn_s42,face_transfer,124,two_shared_ui,RFW WM64,Faces,0.37,0.39,50,within_sampled_range,UI,112,91.66666666666666,runs/yin_latest_vgg_20260927/transfer/results/r21vgg2k_vgg16_bn_s42/faces_rfwWM64/faces_rfwWM64/results.csv,UI_shared
noaa,VGG2k / no AA,r21vgg2k_vgg16_bn_s42,face_transfer,124,two_shared_ui,RFW WM64,Faces,0.37,0.39,50,within_sampled_range,UI,113,95.83333333333334,runs/yin_latest_vgg_20260927/transfer/results/r21vgg2k_vgg16_bn_s42/faces_rfwWM64/faces_rfwWM64/results.csv,UI_shared
noaa,VGG2k / no AA,r21vgg2k_vgg16_bn_s42,face_transfer,124,two_shared_ui,RFW WM64,Faces,0.37,0.39,50,within_sampled_range,UI,114,100.0,runs/yin_latest_vgg_20260927/transfer/results/r21vgg2k_vgg16_bn_s42/faces_rfwWM64/faces_rfwWM64/results.csv,UI_shared
noaa,VGG2k / no AA,r21vgg2k_vgg16_bn_s42,face_transfer,124,two_shared_ui,RFW WM64,Faces,0.37,0.39,50,within_sampled_range,UI,115,83.33333333333334,runs/yin_latest_vgg_20260927/transfer/results/r21vgg2k_vgg16_bn_s42/faces_rfwWM64/faces_rfwWM64/results.csv,UI_shared
noaa,VGG2k / no AA,r21vgg2k_vgg16_bn_s42,face_transfer,124,two_shared_ui,RFW WM64,Faces,0.37,0.39,50,within_sampled_range,UI,116,87.5,runs/yin_latest_vgg_20260927/transfer/results/r21vgg2k_vgg16_bn_s42/faces_rfwWM64/faces_rfwWM64/results.csv,UI_shared
noaa,VGG2k / no AA,r21vgg2k_vgg16_bn_s42,face_transfer,124,two_shared_ui,RFW WM64,Faces,0.37,0.39,50,within_sampled_range,UI,117,95.83333333333334,runs/yin_latest_vgg_20260927/transfer/results/r21vgg2k_vgg16_bn_s42/faces_rfwWM64/faces_rfwWM64/results.csv,UI_shared
noaa,VGG2k / no AA,r21vgg2k_vgg16_bn_s42,face_transfer,124,two_shared_ui,RFW WM64,Faces,0.37,0.39,50,within_sampled_range,UI,118,95.83333333333334,runs/yin_latest_vgg_20260927/transfer/results/r21vgg2k_vgg16_bn_s42/faces_rfwWM64/faces_rfwWM64/results.csv,UI_shared
noaa,VGG2k / no AA,r21vgg2k_vgg16_bn_s42,face_transfer,124,two_shared_ui,RFW WM64,Faces,0.37,0.39,50,within_sampled_range,UI,119,95.83333333333334,runs/yin_latest_vgg_20260927/transfer/results/r21vgg2k_vgg16_bn_s42/faces_rfwWM64/faces_rfwWM64/results.csv,UI_shared
noaa,VGG2k / no AA,r21vgg2k_vgg16_bn_s42,face_transfer,124,two_shared_ui,RFW WM64,Faces,0.37,0.39,50,within_sampled_range,UI,120,95.83333333333334,runs/yin_latest_vgg_20260927/transfer/results/r21vgg2k_vgg16_bn_s42/faces_rfwWM64/faces_rfwWM64/results.csv,UI_shared
noaa,VGG2k / no AA,r21vgg2k_vgg16_bn_s42,face_transfer,124,two_shared_ui,RFW WM64,Faces,0.37,0.39,50,within_sampled_range,UI,121,95.83333333333334,runs/yin_latest_vgg_20260927/transfer/results/r21vgg2k_vgg16_bn_s42/faces_rfwWM64/faces_rfwWM64/results.csv,UI_shared
noaa,VGG2k / no AA,r21vgg2k_vgg16_bn_s42,face_transfer,124,two_shared_ui,RFW WM64,Faces,0.37,0.39,50,within_sampled_range,UI,122,87.5,runs/yin_latest_vgg_20260927/transfer/results/r21vgg2k_vgg16_bn_s42/faces_rfwWM64/faces_rfwWM64/results.csv,UI_shared
noaa,VGG2k / no AA,r21vgg2k_vgg16_bn_s42,face_transfer,124,two_shared_ui,RFW WM64,Faces,0.37,0.39,50,within_sampled_range,UI,123,83.33333333333334,runs/yin_latest_vgg_20260927/transfer/results/r21vgg2k_vgg16_bn_s42/faces_rfwWM64/faces_rfwWM64/results.csv,UI_shared
noaa,VGG2k / no AA,r21vgg2k_vgg16_bn_s42,face_transfer,124,two_shared_ui,RFW WM64,Faces,0.37,0.39,50,within_sampled_range,UI,124,95.83333333333334,runs/yin_latest_vgg_20260927/transfer/results/r21vgg2k_vgg16_bn_s42/faces_rfwWM64/faces_rfwWM64/results.csv,UI_shared
noaa,VGG2k / no AA,r21vgg2k_vgg16_bn_s42,face_transfer,124,two_shared_ui,RFW WM64,Faces,0.37,0.39,50,within_sampled_range,UI,125,83.33333333333334,runs/yin_latest_vgg_20260927/transfer/results/r21vgg2k_vgg16_bn_s42/faces_rfwWM64/faces_rfwWM64/results.csv,UI_shared
noaa,VGG2k / no AA,r21vgg2k_vgg16_bn_s42,face_transfer,124,two_shared_ui,RFW WM64,Faces,0.37,0.39,50,within_sampled_range,UI,126,95.83333333333334,runs/yin_latest_vgg_20260927/transfer/results/r21vgg2k_vgg16_bn_s42/faces_rfwWM64/faces_rfwWM64/results.csv,UI_shared
noaa,VGG2k / no AA,r21vgg2k_vgg16_bn_s42,face_transfer,124,two_shared_ui,RFW WM64,Faces,0.37,0.39,50,within_sampled_range,UI,127,87.5,runs/yin_latest_vgg_20260927/transfer/results/r21vgg2k_vgg16_bn_s42/faces_rfwWM64/faces_rfwWM64/results.csv,UI_shared
noaa,VGG2k / no AA,r21vgg2k_vgg16_bn_s42,face_transfer,124,two_shared_ui,RFW WM64,Faces,0.37,0.39,50,within_sampled_range,UI,128,91.66666666666666,runs/yin_latest_vgg_20260927/transfer/results/r21vgg2k_vgg16_bn_s42/faces_rfwWM64/faces_rfwWM64/results.csv,UI_shared
noaa,VGG2k / no AA,r21vgg2k_vgg16_bn_s42,face_transfer,124,two_shared_ui,RFW WM64,Faces,0.37,0.39,50,within_sampled_range,UI,129,87.5,runs/yin_latest_vgg_20260927/transfer/results/r21vgg2k_vgg16_bn_s42/faces_rfwWM64/faces_rfwWM64/results.csv,UI_shared
noaa,VGG2k / no AA,r21vgg2k_vgg16_bn_s42,face_transfer,124,two_shared_ui,RFW WM64,Faces,0.37,0.39,50,within_sampled_range,UI,130,95.83333333333334,runs/yin_latest_vgg_20260927/transfer/results/r21vgg2k_vgg16_bn_s42/faces_rfwWM64/faces_rfwWM64/results.csv,UI_shared
noaa,VGG2k / no AA,r21vgg2k_vgg16_bn_s42,face_transfer,124,two_shared_ui,RFW WM64,Faces,0.37,0.39,50,within_sampled_range,UI,131,95.83333333333334,runs/yin_latest_vgg_20260927/transfer/results/r21vgg2k_vgg16_bn_s42/faces_rfwWM64/faces_rfwWM64/results.csv,UI_shared
noaa,VGG2k / no AA,r21vgg2k_vgg16_bn_s42,face_transfer,124,two_shared_ui,RFW WM64,Faces,0.37,0.39,50,within_sampled_range,UI,132,91.66666666666666,runs/yin_latest_vgg_20260927/transfer/results/r21vgg2k_vgg16_bn_s42/faces_rfwWM64/faces_rfwWM64/results.csv,UI_shared
noaa,VGG2k / no AA,r21vgg2k_vgg16_bn_s42,face_transfer,124,two_shared_ui,RFW WM64,Faces,0.37,0.39,50,within_sampled_range,UI,133,75.0,runs/yin_latest_vgg_20260927/transfer/results/r21vgg2k_vgg16_bn_s42/faces_rfwWM64/faces_rfwWM64/results.csv,UI_shared
noaa,VGG2k / no AA,r21vgg2k_vgg16_bn_s42,face_transfer,124,two_shared_ui,RFW WM64,Faces,0.37,0.39,50,within_sampled_range,UI,134,91.66666666666666,runs/yin_latest_vgg_20260927/transfer/results/r21vgg2k_vgg16_bn_s42/faces_rfwWM64/faces_rfwWM64/results.csv,UI_shared
noaa,VGG2k / no AA,r21vgg2k_vgg16_bn_s42,face_transfer,124,two_shared_ui,RFW WM64,Faces,0.37,0.39,50,within_sampled_range,UI,135,79.16666666666666,runs/yin_latest_vgg_20260927/transfer/results/r21vgg2k_vgg16_bn_s42/faces_rfwWM64/faces_rfwWM64/results.csv,UI_shared
noaa,VGG2k / no AA,r21vgg2k_vgg16_bn_s42,face_transfer,124,two_shared_ui,RFW WM64,Faces,0.37,0.39,50,within_sampled_range,UI,136,95.83333333333334,runs/yin_latest_vgg_20260927/transfer/results/r21vgg2k_vgg16_bn_s42/faces_rfwWM64/faces_rfwWM64/results.csv,UI_shared
noaa,VGG2k / no AA,r21vgg2k_vgg16_bn_s42,face_transfer,124,two_shared_ui,RFW WM64,Faces,0.37,0.39,50,within_sampled_range,UI,137,95.83333333333334,runs/yin_latest_vgg_20260927/transfer/results/r21vgg2k_vgg16_bn_s42/faces_rfwWM64/faces_rfwWM64/results.csv,UI_shared
noaa,VGG2k / no AA,r21vgg2k_vgg16_bn_s42,face_transfer,124,two_shared_ui,RFW WM64,Faces,0.37,0.39,50,within_sampled_range,UI,138,91.66666666666666,runs/yin_latest_vgg_20260927/transfer/results/r21vgg2k_vgg16_bn_s42/faces_rfwWM64/faces_rfwWM64/results.csv,UI_shared
noaa,VGG2k / no AA,r21vgg2k_vgg16_bn_s42,face_transfer,124,two_shared_ui,RFW WM64,Faces,0.37,0.39,50,within_sampled_range,UI,139,87.5,runs/yin_latest_vgg_20260927/transfer/results/r21vgg2k_vgg16_bn_s42/faces_rfwWM64/faces_rfwWM64/results.csv,UI_shared
noaa,VGG2k / no AA,r21vgg2k_vgg16_bn_s42,face_transfer,124,two_shared_ui,RFW WM64,Faces,0.37,0.39,50,within_sampled_range,UI,140,87.5,runs/yin_latest_vgg_20260927/transfer/results/r21vgg2k_vgg16_bn_s42/faces_rfwWM64/faces_rfwWM64/results.csv,UI_shared
noaa,VGG2k / no AA,r21vgg2k_vgg16_bn_s42,face_transfer,124,two_shared_ui,RFW WM64,Faces,0.37,0.39,50,within_sampled_range,UI,141,91.66666666666666,runs/yin_latest_vgg_20260927/transfer/results/r21vgg2k_vgg16_bn_s42/faces_rfwWM64/faces_rfwWM64/results.csv,UI_shared
noaa,VGG2k / no AA,r21vgg2k_vgg16_bn_s42,face_transfer,124,two_shared_ui,RFW WM64,Faces,0.37,0.39,50,within_sampled_range,UI,142,91.66666666666666,runs/yin_latest_vgg_20260927/transfer/results/r21vgg2k_vgg16_bn_s42/faces_rfwWM64/faces_rfwWM64/results.csv,UI_shared
noaa,VGG2k / no AA,r21vgg2k_vgg16_bn_s42,face_transfer,124,two_shared_ui,RFW WM64,Faces,0.37,0.39,50,within_sampled_range,UI,143,91.66666666666666,runs/yin_latest_vgg_20260927/transfer/results/r21vgg2k_vgg16_bn_s42/faces_rfwWM64/faces_rfwWM64/results.csv,UI_shared
noaa,VGG2k / no AA,r21vgg2k_vgg16_bn_s42,face_transfer,124,two_shared_ui,RFW WM64,Faces,0.37,0.39,50,within_sampled_range,UI,144,100.0,runs/yin_latest_vgg_20260927/transfer/results/r21vgg2k_vgg16_bn_s42/faces_rfwWM64/faces_rfwWM64/results.csv,UI_shared
noaa,VGG2k / no AA,r21vgg2k_vgg16_bn_s42,face_transfer,124,two_shared_ui,RFW WM64,Faces,0.37,0.39,50,within_sampled_range,UI,145,91.66666666666666,runs/yin_latest_vgg_20260927/transfer/results/r21vgg2k_vgg16_bn_s42/faces_rfwWM64/faces_rfwWM64/results.csv,UI_shared
noaa,VGG2k / no AA,r21vgg2k_vgg16_bn_s42,face_transfer,124,two_shared_ui,RFW WM64,Faces,0.37,0.39,50,within_sampled_range,UI,146,83.33333333333334,runs/yin_latest_vgg_20260927/transfer/results/r21vgg2k_vgg16_bn_s42/faces_rfwWM64/faces_rfwWM64/results.csv,UI_shared
noaa,VGG2k / no AA,r21vgg2k_vgg16_bn_s42,face_transfer,124,two_shared_ui,RFW WM64,Faces,0.37,0.39,50,within_sampled_range,UI,147,95.83333333333334,runs/yin_latest_vgg_20260927/transfer/results/r21vgg2k_vgg16_bn_s42/faces_rfwWM64/faces_rfwWM64/results.csv,UI_shared
noaa,VGG2k / no AA,r21vgg2k_vgg16_bn_s42,face_transfer,124,two_shared_ui,RFW WM64,Faces,0.37,0.39,50,within_sampled_range,UI,148,95.83333333333334,runs/yin_latest_vgg_20260927/transfer/results/r21vgg2k_vgg16_bn_s42/faces_rfwWM64/faces_rfwWM64/results.csv,UI_shared
noaa,VGG2k / no AA,r21vgg2k_vgg16_bn_s42,face_transfer,124,two_shared_ui,RFW WM64,Faces,0.37,0.39,50,within_sampled_range,UI,149,83.33333333333334,runs/yin_latest_vgg_20260927/transfer/results/r21vgg2k_vgg16_bn_s42/faces_rfwWM64/faces_rfwWM64/results.csv,UI_shared
noaa,VGG2k / no AA,r21vgg2k_vgg16_bn_s42,face_transfer,124,two_shared_ui,RFW WM64,Faces,0.37,0.39,50,within_sampled_range,UI,150,91.66666666666666,runs/yin_latest_vgg_20260927/transfer/results/r21vgg2k_vgg16_bn_s42/faces_rfwWM64/faces_rfwWM64/results.csv,UI_shared
noaa,VGG2k / no AA,r21vgg2k_vgg16_bn_s42,face_transfer,124,two_shared_ui,RFW WM64,Faces,0.37,0.39,50,within_sampled_range,IU,101,87.5,runs/yin_latest_vgg_20260927/transfer/results/r21vgg2k_vgg16_bn_s42/faces_rfwWM64/faces_rfwWM64/results.csv,IU
noaa,VGG2k / no AA,r21vgg2k_vgg16_bn_s42,face_transfer,124,two_shared_ui,RFW WM64,Faces,0.37,0.39,50,within_sampled_range,IU,102,100.0,runs/yin_latest_vgg_20260927/transfer/results/r21vgg2k_vgg16_bn_s42/faces_rfwWM64/faces_rfwWM64/results.csv,IU
noaa,VGG2k / no AA,r21vgg2k_vgg16_bn_s42,face_transfer,124,two_shared_ui,RFW WM64,Faces,0.37,0.39,50,within_sampled_range,IU,103,79.16666666666666,runs/yin_latest_vgg_20260927/transfer/results/r21vgg2k_vgg16_bn_s42/faces_rfwWM64/faces_rfwWM64/results.csv,IU
noaa,VGG2k / no AA,r21vgg2k_vgg16_bn_s42,face_transfer,124,two_shared_ui,RFW WM64,Faces,0.37,0.39,50,within_sampled_range,IU,104,83.33333333333334,runs/yin_latest_vgg_20260927/transfer/results/r21vgg2k_vgg16_bn_s42/faces_rfwWM64/faces_rfwWM64/results.csv,IU
noaa,VGG2k / no AA,r21vgg2k_vgg16_bn_s42,face_transfer,124,two_shared_ui,RFW WM64,Faces,0.37,0.39,50,within_sampled_range,IU,105,79.16666666666666,runs/yin_latest_vgg_20260927/transfer/results/r21vgg2k_vgg16_bn_s42/faces_rfwWM64/faces_rfwWM64/results.csv,IU
noaa,VGG2k / no AA,r21vgg2k_vgg16_bn_s42,face_transfer,124,two_shared_ui,RFW WM64,Faces,0.37,0.39,50,within_sampled_range,IU,106,100.0,runs/yin_latest_vgg_20260927/transfer/results/r21vgg2k_vgg16_bn_s42/faces_rfwWM64/faces_rfwWM64/results.csv,IU
noaa,VGG2k / no AA,r21vgg2k_vgg16_bn_s42,face_transfer,124,two_shared_ui,RFW WM64,Faces,0.37,0.39,50,within_sampled_range,IU,107,91.66666666666666,runs/yin_latest_vgg_20260927/transfer/results/r21vgg2k_vgg16_bn_s42/faces_rfwWM64/faces_rfwWM64/results.csv,IU
noaa,VGG2k / no AA,r21vgg2k_vgg16_bn_s42,face_transfer,124,two_shared_ui,RFW WM64,Faces,0.37,0.39,50,within_sampled_range,IU,108,87.5,runs/yin_latest_vgg_20260927/transfer/results/r21vgg2k_vgg16_bn_s42/faces_rfwWM64/faces_rfwWM64/results.csv,IU
noaa,VGG2k / no AA,r21vgg2k_vgg16_bn_s42,face_transfer,124,two_shared_ui,RFW WM64,Faces,0.37,0.39,50,within_sampled_range,IU,109,91.66666666666666,runs/yin_latest_vgg_20260927/transfer/results/r21vgg2k_vgg16_bn_s42/faces_rfwWM64/faces_rfwWM64/results.csv,IU
noaa,VGG2k / no AA,r21vgg2k_vgg16_bn_s42,face_transfer,124,two_shared_ui,RFW WM64,Faces,0.37,0.39,50,within_sampled_range,IU,110,83.33333333333334,runs/yin_latest_vgg_20260927/transfer/results/r21vgg2k_vgg16_bn_s42/faces_rfwWM64/faces_rfwWM64/results.csv,IU
noaa,VGG2k / no AA,r21vgg2k_vgg16_bn_s42,face_transfer,124,two_shared_ui,RFW WM64,Faces,0.37,0.39,50,within_sampled_range,IU,111,75.0,runs/yin_latest_vgg_20260927/transfer/results/r21vgg2k_vgg16_bn_s42/faces_rfwWM64/faces_rfwWM64/results.csv,IU
noaa,VGG2k / no AA,r21vgg2k_vgg16_bn_s42,face_transfer,124,two_shared_ui,RFW WM64,Faces,0.37,0.39,50,within_sampled_range,IU,112,83.33333333333334,runs/yin_latest_vgg_20260927/transfer/results/r21vgg2k_vgg16_bn_s42/faces_rfwWM64/faces_rfwWM64/results.csv,IU
noaa,VGG2k / no AA,r21vgg2k_vgg16_bn_s42,face_transfer,124,two_shared_ui,RFW WM64,Faces,0.37,0.39,50,within_sampled_range,IU,113,87.5,runs/yin_latest_vgg_20260927/transfer/results/r21vgg2k_vgg16_bn_s42/faces_rfwWM64/faces_rfwWM64/results.csv,IU
noaa,VGG2k / no AA,r21vgg2k_vgg16_bn_s42,face_transfer,124,two_shared_ui,RFW WM64,Faces,0.37,0.39,50,within_sampled_range,IU,114,75.0,runs/yin_latest_vgg_20260927/transfer/results/r21vgg2k_vgg16_bn_s42/faces_rfwWM64/faces_rfwWM64/results.csv,IU
noaa,VGG2k / no AA,r21vgg2k_vgg16_bn_s42,face_transfer,124,two_shared_ui,RFW WM64,Faces,0.37,0.39,50,within_sampled_range,IU,115,83.33333333333334,runs/yin_latest_vgg_20260927/transfer/results/r21vgg2k_vgg16_bn_s42/faces_rfwWM64/faces_rfwWM64/results.csv,IU
noaa,VGG2k / no AA,r21vgg2k_vgg16_bn_s42,face_transfer,124,two_shared_ui,RFW WM64,Faces,0.37,0.39,50,within_sampled_range,IU,116,100.0,runs/yin_latest_vgg_20260927/transfer/results/r21vgg2k_vgg16_bn_s42/faces_rfwWM64/faces_rfwWM64/results.csv,IU
noaa,VGG2k / no AA,r21vgg2k_vgg16_bn_s42,face_transfer,124,two_shared_ui,RFW WM64,Faces,0.37,0.39,50,within_sampled_range,IU,117,83.33333333333334,runs/yin_latest_vgg_20260927/transfer/results/r21vgg2k_vgg16_bn_s42/faces_rfwWM64/faces_rfwWM64/results.csv,IU
noaa,VGG2k / no AA,r21vgg2k_vgg16_bn_s42,face_transfer,124,two_shared_ui,RFW WM64,Faces,0.37,0.39,50,within_sampled_range,IU,118,87.5,runs/yin_latest_vgg_20260927/transfer/results/r21vgg2k_vgg16_bn_s42/faces_rfwWM64/faces_rfwWM64/results.csv,IU
noaa,VGG2k / no AA,r21vgg2k_vgg16_bn_s42,face_transfer,124,two_shared_ui,RFW WM64,Faces,0.37,0.39,50,within_sampled_range,IU,119,83.33333333333334,runs/yin_latest_vgg_20260927/transfer/results/r21vgg2k_vgg16_bn_s42/faces_rfwWM64/faces_rfwWM64/results.csv,IU
noaa,VGG2k / no AA,r21vgg2k_vgg16_bn_s42,face_transfer,124,two_shared_ui,RFW WM64,Faces,0.37,0.39,50,within_sampled_range,IU,120,87.5,runs/yin_latest_vgg_20260927/transfer/results/r21vgg2k_vgg16_bn_s42/faces_rfwWM64/faces_rfwWM64/results.csv,IU
noaa,VGG2k / no AA,r21vgg2k_vgg16_bn_s42,face_transfer,124,two_shared_ui,RFW WM64,Faces,0.37,0.39,50,within_sampled_range,IU,121,87.5,runs/yin_latest_vgg_20260927/transfer/results/r21vgg2k_vgg16_bn_s42/faces_rfwWM64/faces_rfwWM64/results.csv,IU
noaa,VGG2k / no AA,r21vgg2k_vgg16_bn_s42,face_transfer,124,two_shared_ui,RFW WM64,Faces,0.37,0.39,50,within_sampled_range,IU,122,95.83333333333334,runs/yin_latest_vgg_20260927/transfer/results/r21vgg2k_vgg16_bn_s42/faces_rfwWM64/faces_rfwWM64/results.csv,IU
noaa,VGG2k / no AA,r21vgg2k_vgg16_bn_s42,face_transfer,124,two_shared_ui,RFW WM64,Faces,0.37,0.39,50,within_sampled_range,IU,123,87.5,runs/yin_latest_vgg_20260927/transfer/results/r21vgg2k_vgg16_bn_s42/faces_rfwWM64/faces_rfwWM64/results.csv,IU
noaa,VGG2k / no AA,r21vgg2k_vgg16_bn_s42,face_transfer,124,two_shared_ui,RFW WM64,Faces,0.37,0.39,50,within_sampled_range,IU,124,91.66666666666666,runs/yin_latest_vgg_20260927/transfer/results/r21vgg2k_vgg16_bn_s42/faces_rfwWM64/faces_rfwWM64/results.csv,IU
noaa,VGG2k / no AA,r21vgg2k_vgg16_bn_s42,face_transfer,124,two_shared_ui,RFW WM64,Faces,0.37,0.39,50,within_sampled_range,IU,125,75.0,runs/yin_latest_vgg_20260927/transfer/results/r21vgg2k_vgg16_bn_s42/faces_rfwWM64/faces_rfwWM64/results.csv,IU
noaa,VGG2k / no AA,r21vgg2k_vgg16_bn_s42,face_transfer,124,two_shared_ui,RFW WM64,Faces,0.37,0.39,50,within_sampled_range,IU,126,87.5,runs/yin_latest_vgg_20260927/transfer/results/r21vgg2k_vgg16_bn_s42/faces_rfwWM64/faces_rfwWM64/results.csv,IU
noaa,VGG2k / no AA,r21vgg2k_vgg16_bn_s42,face_transfer,124,two_shared_ui,RFW WM64,Faces,0.37,0.39,50,within_sampled_range,IU,127,83.33333333333334,runs/yin_latest_vgg_20260927/transfer/results/r21vgg2k_vgg16_bn_s42/faces_rfwWM64/faces_rfwWM64/results.csv,IU
noaa,VGG2k / no AA,r21vgg2k_vgg16_bn_s42,face_transfer,124,two_shared_ui,RFW WM64,Faces,0.37,0.39,50,within_sampled_range,IU,128,83.33333333333334,runs/yin_latest_vgg_20260927/transfer/results/r21vgg2k_vgg16_bn_s42/faces_rfwWM64/faces_rfwWM64/results.csv,IU
noaa,VGG2k / no AA,r21vgg2k_vgg16_bn_s42,face_transfer,124,two_shared_ui,RFW WM64,Faces,0.37,0.39,50,within_sampled_range,IU,129,87.5,runs/yin_latest_vgg_20260927/transfer/results/r21vgg2k_vgg16_bn_s42/faces_rfwWM64/faces_rfwWM64/results.csv,IU
noaa,VGG2k / no AA,r21vgg2k_vgg16_bn_s42,face_transfer,124,two_shared_ui,RFW WM64,Faces,0.37,0.39,50,within_sampled_range,IU,130,79.16666666666666,runs/yin_latest_vgg_20260927/transfer/results/r21vgg2k_vgg16_bn_s42/faces_rfwWM64/faces_rfwWM64/results.csv,IU
noaa,VGG2k / no AA,r21vgg2k_vgg16_bn_s42,face_transfer,124,two_shared_ui,RFW WM64,Faces,0.37,0.39,50,within_sampled_range,IU,131,95.83333333333334,runs/yin_latest_vgg_20260927/transfer/results/r21vgg2k_vgg16_bn_s42/faces_rfwWM64/faces_rfwWM64/results.csv,IU
noaa,VGG2k / no AA,r21vgg2k_vgg16_bn_s42,face_transfer,124,two_shared_ui,RFW WM64,Faces,0.37,0.39,50,within_sampled_range,IU,132,83.33333333333334,runs/yin_latest_vgg_20260927/transfer/results/r21vgg2k_vgg16_bn_s42/faces_rfwWM64/faces_rfwWM64/results.csv,IU
noaa,VGG2k / no AA,r21vgg2k_vgg16_bn_s42,face_transfer,124,two_shared_ui,RFW WM64,Faces,0.37,0.39,50,within_sampled_range,IU,133,87.5,runs/yin_latest_vgg_20260927/transfer/results/r21vgg2k_vgg16_bn_s42/faces_rfwWM64/faces_rfwWM64/results.csv,IU
noaa,VGG2k / no AA,r21vgg2k_vgg16_bn_s42,face_transfer,124,two_shared_ui,RFW WM64,Faces,0.37,0.39,50,within_sampled_range,IU,134,83.33333333333334,runs/yin_latest_vgg_20260927/transfer/results/r21vgg2k_vgg16_bn_s42/faces_rfwWM64/faces_rfwWM64/results.csv,IU
noaa,VGG2k / no AA,r21vgg2k_vgg16_bn_s42,face_transfer,124,two_shared_ui,RFW WM64,Faces,0.37,0.39,50,within_sampled_range,IU,135,75.0,runs/yin_latest_vgg_20260927/transfer/results/r21vgg2k_vgg16_bn_s42/faces_rfwWM64/faces_rfwWM64/results.csv,IU
noaa,VGG2k / no AA,r21vgg2k_vgg16_bn_s42,face_transfer,124,two_shared_ui,RFW WM64,Faces,0.37,0.39,50,within_sampled_range,IU,136,83.33333333333334,runs/yin_latest_vgg_20260927/transfer/results/r21vgg2k_vgg16_bn_s42/faces_rfwWM64/faces_rfwWM64/results.csv,IU
noaa,VGG2k / no AA,r21vgg2k_vgg16_bn_s42,face_transfer,124,two_shared_ui,RFW WM64,Faces,0.37,0.39,50,within_sampled_range,IU,137,79.16666666666666,runs/yin_latest_vgg_20260927/transfer/results/r21vgg2k_vgg16_bn_s42/faces_rfwWM64/faces_rfwWM64/results.csv,IU
noaa,VGG2k / no AA,r21vgg2k_vgg16_bn_s42,face_transfer,124,two_shared_ui,RFW WM64,Faces,0.37,0.39,50,within_sampled_range,IU,138,87.5,runs/yin_latest_vgg_20260927/transfer/results/r21vgg2k_vgg16_bn_s42/faces_rfwWM64/faces_rfwWM64/results.csv,IU
noaa,VGG2k / no AA,r21vgg2k_vgg16_bn_s42,face_transfer,124,two_shared_ui,RFW WM64,Faces,0.37,0.39,50,within_sampled_range,IU,139,83.33333333333334,runs/yin_latest_vgg_20260927/transfer/results/r21vgg2k_vgg16_bn_s42/faces_rfwWM64/faces_rfwWM64/results.csv,IU
noaa,VGG2k / no AA,r21vgg2k_vgg16_bn_s42,face_transfer,124,two_shared_ui,RFW WM64,Faces,0.37,0.39,50,within_sampled_range,IU,140,87.5,runs/yin_latest_vgg_20260927/transfer/results/r21vgg2k_vgg16_bn_s42/faces_rfwWM64/faces_rfwWM64/results.csv,IU
noaa,VGG2k / no AA,r21vgg2k_vgg16_bn_s42,face_transfer,124,two_shared_ui,RFW WM64,Faces,0.37,0.39,50,within_sampled_range,IU,141,79.16666666666666,runs/yin_latest_vgg_20260927/transfer/results/r21vgg2k_vgg16_bn_s42/faces_rfwWM64/faces_rfwWM64/results.csv,IU
noaa,VGG2k / no AA,r21vgg2k_vgg16_bn_s42,face_transfer,124,two_shared_ui,RFW WM64,Faces,0.37,0.39,50,within_sampled_range,IU,142,79.16666666666666,runs/yin_latest_vgg_20260927/transfer/results/r21vgg2k_vgg16_bn_s42/faces_rfwWM64/faces_rfwWM64/results.csv,IU
noaa,VGG2k / no AA,r21vgg2k_vgg16_bn_s42,face_transfer,124,two_shared_ui,RFW WM64,Faces,0.37,0.39,50,within_sampled_range,IU,143,79.16666666666666,runs/yin_latest_vgg_20260927/transfer/results/r21vgg2k_vgg16_bn_s42/faces_rfwWM64/faces_rfwWM64/results.csv,IU
noaa,VGG2k / no AA,r21vgg2k_vgg16_bn_s42,face_transfer,124,two_shared_ui,RFW WM64,Faces,0.37,0.39,50,within_sampled_range,IU,144,95.83333333333334,runs/yin_latest_vgg_20260927/transfer/results/r21vgg2k_vgg16_bn_s42/faces_rfwWM64/faces_rfwWM64/results.csv,IU
noaa,VGG2k / no AA,r21vgg2k_vgg16_bn_s42,face_transfer,124,two_shared_ui,RFW WM64,Faces,0.37,0.39,50,within_sampled_range,IU,145,83.33333333333334,runs/yin_latest_vgg_20260927/transfer/results/r21vgg2k_vgg16_bn_s42/faces_rfwWM64/faces_rfwWM64/results.csv,IU
noaa,VGG2k / no AA,r21vgg2k_vgg16_bn_s42,face_transfer,124,two_shared_ui,RFW WM64,Faces,0.37,0.39,50,within_sampled_range,IU,146,87.5,runs/yin_latest_vgg_20260927/transfer/results/r21vgg2k_vgg16_bn_s42/faces_rfwWM64/faces_rfwWM64/results.csv,IU
noaa,VGG2k / no AA,r21vgg2k_vgg16_bn_s42,face_transfer,124,two_shared_ui,RFW WM64,Faces,0.37,0.39,50,within_sampled_range,IU,147,83.33333333333334,runs/yin_latest_vgg_20260927/transfer/results/r21vgg2k_vgg16_bn_s42/faces_rfwWM64/faces_rfwWM64/results.csv,IU
noaa,VGG2k / no AA,r21vgg2k_vgg16_bn_s42,face_transfer,124,two_shared_ui,RFW WM64,Faces,0.37,0.39,50,within_sampled_range,IU,148,91.66666666666666,runs/yin_latest_vgg_20260927/transfer/results/r21vgg2k_vgg16_bn_s42/faces_rfwWM64/faces_rfwWM64/results.csv,IU
noaa,VGG2k / no AA,r21vgg2k_vgg16_bn_s42,face_transfer,124,two_shared_ui,RFW WM64,Faces,0.37,0.39,50,within_sampled_range,IU,149,75.0,runs/yin_latest_vgg_20260927/transfer/results/r21vgg2k_vgg16_bn_s42/faces_rfwWM64/faces_rfwWM64/results.csv,IU
noaa,VGG2k / no AA,r21vgg2k_vgg16_bn_s42,face_transfer,124,two_shared_ui,RFW WM64,Faces,0.37,0.39,50,within_sampled_range,IU,150,91.66666666666666,runs/yin_latest_vgg_20260927/transfer/results/r21vgg2k_vgg16_bn_s42/faces_rfwWM64/faces_rfwWM64/results.csv,IU
noaa,VGG2k / no AA,r21vgg2k_vgg16_bn_s42,face_transfer,124,single_uu,RFW WM64,Objects,0.37,,50,within_sampled_range,UU,101,91.66666666666666,runs/yin_latest_vgg_20260927/single_noise/r21vgg2k_vgg16_bn_s42/faces_rfwWM64/objects/results.csv,UU
noaa,VGG2k / no AA,r21vgg2k_vgg16_bn_s42,face_transfer,124,single_uu,RFW WM64,Objects,0.37,,50,within_sampled_range,UU,102,91.66666666666666,runs/yin_latest_vgg_20260927/single_noise/r21vgg2k_vgg16_bn_s42/faces_rfwWM64/objects/results.csv,UU
noaa,VGG2k / no AA,r21vgg2k_vgg16_bn_s42,face_transfer,124,single_uu,RFW WM64,Objects,0.37,,50,within_sampled_range,UU,103,91.66666666666666,runs/yin_latest_vgg_20260927/single_noise/r21vgg2k_vgg16_bn_s42/faces_rfwWM64/objects/results.csv,UU
noaa,VGG2k / no AA,r21vgg2k_vgg16_bn_s42,face_transfer,124,single_uu,RFW WM64,Objects,0.37,,50,within_sampled_range,UU,104,95.83333333333334,runs/yin_latest_vgg_20260927/single_noise/r21vgg2k_vgg16_bn_s42/faces_rfwWM64/objects/results.csv,UU
noaa,VGG2k / no AA,r21vgg2k_vgg16_bn_s42,face_transfer,124,single_uu,RFW WM64,Objects,0.37,,50,within_sampled_range,UU,105,83.33333333333334,runs/yin_latest_vgg_20260927/single_noise/r21vgg2k_vgg16_bn_s42/faces_rfwWM64/objects/results.csv,UU
noaa,VGG2k / no AA,r21vgg2k_vgg16_bn_s42,face_transfer,124,single_uu,RFW WM64,Objects,0.37,,50,within_sampled_range,UU,106,87.5,runs/yin_latest_vgg_20260927/single_noise/r21vgg2k_vgg16_bn_s42/faces_rfwWM64/objects/results.csv,UU
noaa,VGG2k / no AA,r21vgg2k_vgg16_bn_s42,face_transfer,124,single_uu,RFW WM64,Objects,0.37,,50,within_sampled_range,UU,107,100.0,runs/yin_latest_vgg_20260927/single_noise/r21vgg2k_vgg16_bn_s42/faces_rfwWM64/objects/results.csv,UU
noaa,VGG2k / no AA,r21vgg2k_vgg16_bn_s42,face_transfer,124,single_uu,RFW WM64,Objects,0.37,,50,within_sampled_range,UU,108,100.0,runs/yin_latest_vgg_20260927/single_noise/r21vgg2k_vgg16_bn_s42/faces_rfwWM64/objects/results.csv,UU
noaa,VGG2k / no AA,r21vgg2k_vgg16_bn_s42,face_transfer,124,single_uu,RFW WM64,Objects,0.37,,50,within_sampled_range,UU,109,95.83333333333334,runs/yin_latest_vgg_20260927/single_noise/r21vgg2k_vgg16_bn_s42/faces_rfwWM64/objects/results.csv,UU
noaa,VGG2k / no AA,r21vgg2k_vgg16_bn_s42,face_transfer,124,single_uu,RFW WM64,Objects,0.37,,50,within_sampled_range,UU,110,83.33333333333334,runs/yin_latest_vgg_20260927/single_noise/r21vgg2k_vgg16_bn_s42/faces_rfwWM64/objects/results.csv,UU
noaa,VGG2k / no AA,r21vgg2k_vgg16_bn_s42,face_transfer,124,single_uu,RFW WM64,Objects,0.37,,50,within_sampled_range,UU,111,91.66666666666666,runs/yin_latest_vgg_20260927/single_noise/r21vgg2k_vgg16_bn_s42/faces_rfwWM64/objects/results.csv,UU
noaa,VGG2k / no AA,r21vgg2k_vgg16_bn_s42,face_transfer,124,single_uu,RFW WM64,Objects,0.37,,50,within_sampled_range,UU,112,100.0,runs/yin_latest_vgg_20260927/single_noise/r21vgg2k_vgg16_bn_s42/faces_rfwWM64/objects/results.csv,UU
noaa,VGG2k / no AA,r21vgg2k_vgg16_bn_s42,face_transfer,124,single_uu,RFW WM64,Objects,0.37,,50,within_sampled_range,UU,113,95.83333333333334,runs/yin_latest_vgg_20260927/single_noise/r21vgg2k_vgg16_bn_s42/faces_rfwWM64/objects/results.csv,UU
noaa,VGG2k / no AA,r21vgg2k_vgg16_bn_s42,face_transfer,124,single_uu,RFW WM64,Objects,0.37,,50,within_sampled_range,UU,114,95.83333333333334,runs/yin_latest_vgg_20260927/single_noise/r21vgg2k_vgg16_bn_s42/faces_rfwWM64/objects/results.csv,UU
noaa,VGG2k / no AA,r21vgg2k_vgg16_bn_s42,face_transfer,124,single_uu,RFW WM64,Objects,0.37,,50,within_sampled_range,UU,115,100.0,runs/yin_latest_vgg_20260927/single_noise/r21vgg2k_vgg16_bn_s42/faces_rfwWM64/objects/results.csv,UU
noaa,VGG2k / no AA,r21vgg2k_vgg16_bn_s42,face_transfer,124,single_uu,RFW WM64,Objects,0.37,,50,within_sampled_range,UU,116,91.66666666666666,runs/yin_latest_vgg_20260927/single_noise/r21vgg2k_vgg16_bn_s42/faces_rfwWM64/objects/results.csv,UU
noaa,VGG2k / no AA,r21vgg2k_vgg16_bn_s42,face_transfer,124,single_uu,RFW WM64,Objects,0.37,,50,within_sampled_range,UU,117,87.5,runs/yin_latest_vgg_20260927/single_noise/r21vgg2k_vgg16_bn_s42/faces_rfwWM64/objects/results.csv,UU
noaa,VGG2k / no AA,r21vgg2k_vgg16_bn_s42,face_transfer,124,single_uu,RFW WM64,Objects,0.37,,50,within_sampled_range,UU,118,87.5,runs/yin_latest_vgg_20260927/single_noise/r21vgg2k_vgg16_bn_s42/faces_rfwWM64/objects/results.csv,UU
noaa,VGG2k / no AA,r21vgg2k_vgg16_bn_s42,face_transfer,124,single_uu,RFW WM64,Objects,0.37,,50,within_sampled_range,UU,119,95.83333333333334,runs/yin_latest_vgg_20260927/single_noise/r21vgg2k_vgg16_bn_s42/faces_rfwWM64/objects/results.csv,UU
noaa,VGG2k / no AA,r21vgg2k_vgg16_bn_s42,face_transfer,124,single_uu,RFW WM64,Objects,0.37,,50,within_sampled_range,UU,120,91.66666666666666,runs/yin_latest_vgg_20260927/single_noise/r21vgg2k_vgg16_bn_s42/faces_rfwWM64/objects/results.csv,UU
noaa,VGG2k / no AA,r21vgg2k_vgg16_bn_s42,face_transfer,124,single_uu,RFW WM64,Objects,0.37,,50,within_sampled_range,UU,121,91.66666666666666,runs/yin_latest_vgg_20260927/single_noise/r21vgg2k_vgg16_bn_s42/faces_rfwWM64/objects/results.csv,UU
noaa,VGG2k / no AA,r21vgg2k_vgg16_bn_s42,face_transfer,124,single_uu,RFW WM64,Objects,0.37,,50,within_sampled_range,UU,122,100.0,runs/yin_latest_vgg_20260927/single_noise/r21vgg2k_vgg16_bn_s42/faces_rfwWM64/objects/results.csv,UU
noaa,VGG2k / no AA,r21vgg2k_vgg16_bn_s42,face_transfer,124,single_uu,RFW WM64,Objects,0.37,,50,within_sampled_range,UU,123,95.83333333333334,runs/yin_latest_vgg_20260927/single_noise/r21vgg2k_vgg16_bn_s42/faces_rfwWM64/objects/results.csv,UU
noaa,VGG2k / no AA,r21vgg2k_vgg16_bn_s42,face_transfer,124,single_uu,RFW WM64,Objects,0.37,,50,within_sampled_range,UU,124,91.66666666666666,runs/yin_latest_vgg_20260927/single_noise/r21vgg2k_vgg16_bn_s42/faces_rfwWM64/objects/results.csv,UU
noaa,VGG2k / no AA,r21vgg2k_vgg16_bn_s42,face_transfer,124,single_uu,RFW WM64,Objects,0.37,,50,within_sampled_range,UU,125,100.0,runs/yin_latest_vgg_20260927/single_noise/r21vgg2k_vgg16_bn_s42/faces_rfwWM64/objects/results.csv,UU
noaa,VGG2k / no AA,r21vgg2k_vgg16_bn_s42,face_transfer,124,single_uu,RFW WM64,Objects,0.37,,50,within_sampled_range,UU,126,91.66666666666666,runs/yin_latest_vgg_20260927/single_noise/r21vgg2k_vgg16_bn_s42/faces_rfwWM64/objects/results.csv,UU
noaa,VGG2k / no AA,r21vgg2k_vgg16_bn_s42,face_transfer,124,single_uu,RFW WM64,Objects,0.37,,50,within_sampled_range,UU,127,100.0,runs/yin_latest_vgg_20260927/single_noise/r21vgg2k_vgg16_bn_s42/faces_rfwWM64/objects/results.csv,UU
noaa,VGG2k / no AA,r21vgg2k_vgg16_bn_s42,face_transfer,124,single_uu,RFW WM64,Objects,0.37,,50,within_sampled_range,UU,128,87.5,runs/yin_latest_vgg_20260927/single_noise/r21vgg2k_vgg16_bn_s42/faces_rfwWM64/objects/results.csv,UU
noaa,VGG2k / no AA,r21vgg2k_vgg16_bn_s42,face_transfer,124,single_uu,RFW WM64,Objects,0.37,,50,within_sampled_range,UU,129,100.0,runs/yin_latest_vgg_20260927/single_noise/r21vgg2k_vgg16_bn_s42/faces_rfwWM64/objects/results.csv,UU
noaa,VGG2k / no AA,r21vgg2k_vgg16_bn_s42,face_transfer,124,single_uu,RFW WM64,Objects,0.37,,50,within_sampled_range,UU,130,91.66666666666666,runs/yin_latest_vgg_20260927/single_noise/r21vgg2k_vgg16_bn_s42/faces_rfwWM64/objects/results.csv,UU
noaa,VGG2k / no AA,r21vgg2k_vgg16_bn_s42,face_transfer,124,single_uu,RFW WM64,Objects,0.37,,50,within_sampled_range,UU,131,95.83333333333334,runs/yin_latest_vgg_20260927/single_noise/r21vgg2k_vgg16_bn_s42/faces_rfwWM64/objects/results.csv,UU
noaa,VGG2k / no AA,r21vgg2k_vgg16_bn_s42,face_transfer,124,single_uu,RFW WM64,Objects,0.37,,50,within_sampled_range,UU,132,91.66666666666666,runs/yin_latest_vgg_20260927/single_noise/r21vgg2k_vgg16_bn_s42/faces_rfwWM64/objects/results.csv,UU
noaa,VGG2k / no AA,r21vgg2k_vgg16_bn_s42,face_transfer,124,single_uu,RFW WM64,Objects,0.37,,50,within_sampled_range,UU,133,87.5,runs/yin_latest_vgg_20260927/single_noise/r21vgg2k_vgg16_bn_s42/faces_rfwWM64/objects/results.csv,UU
noaa,VGG2k / no AA,r21vgg2k_vgg16_bn_s42,face_transfer,124,single_uu,RFW WM64,Objects,0.37,,50,within_sampled_range,UU,134,95.83333333333334,runs/yin_latest_vgg_20260927/single_noise/r21vgg2k_vgg16_bn_s42/faces_rfwWM64/objects/results.csv,UU
noaa,VGG2k / no AA,r21vgg2k_vgg16_bn_s42,face_transfer,124,single_uu,RFW WM64,Objects,0.37,,50,within_sampled_range,UU,135,95.83333333333334,runs/yin_latest_vgg_20260927/single_noise/r21vgg2k_vgg16_bn_s42/faces_rfwWM64/objects/results.csv,UU
noaa,VGG2k / no AA,r21vgg2k_vgg16_bn_s42,face_transfer,124,single_uu,RFW WM64,Objects,0.37,,50,within_sampled_range,UU,136,95.83333333333334,runs/yin_latest_vgg_20260927/single_noise/r21vgg2k_vgg16_bn_s42/faces_rfwWM64/objects/results.csv,UU
noaa,VGG2k / no AA,r21vgg2k_vgg16_bn_s42,face_transfer,124,single_uu,RFW WM64,Objects,0.37,,50,within_sampled_range,UU,137,95.83333333333334,runs/yin_latest_vgg_20260927/single_noise/r21vgg2k_vgg16_bn_s42/faces_rfwWM64/objects/results.csv,UU
noaa,VGG2k / no AA,r21vgg2k_vgg16_bn_s42,face_transfer,124,single_uu,RFW WM64,Objects,0.37,,50,within_sampled_range,UU,138,95.83333333333334,runs/yin_latest_vgg_20260927/single_noise/r21vgg2k_vgg16_bn_s42/faces_rfwWM64/objects/results.csv,UU
noaa,VGG2k / no AA,r21vgg2k_vgg16_bn_s42,face_transfer,124,single_uu,RFW WM64,Objects,0.37,,50,within_sampled_range,UU,139,79.16666666666666,runs/yin_latest_vgg_20260927/single_noise/r21vgg2k_vgg16_bn_s42/faces_rfwWM64/objects/results.csv,UU
noaa,VGG2k / no AA,r21vgg2k_vgg16_bn_s42,face_transfer,124,single_uu,RFW WM64,Objects,0.37,,50,within_sampled_range,UU,140,87.5,runs/yin_latest_vgg_20260927/single_noise/r21vgg2k_vgg16_bn_s42/faces_rfwWM64/objects/results.csv,UU
noaa,VGG2k / no AA,r21vgg2k_vgg16_bn_s42,face_transfer,124,single_uu,RFW WM64,Objects,0.37,,50,within_sampled_range,UU,141,95.83333333333334,runs/yin_latest_vgg_20260927/single_noise/r21vgg2k_vgg16_bn_s42/faces_rfwWM64/objects/results.csv,UU
noaa,VGG2k / no AA,r21vgg2k_vgg16_bn_s42,face_transfer,124,single_uu,RFW WM64,Objects,0.37,,50,within_sampled_range,UU,142,91.66666666666666,runs/yin_latest_vgg_20260927/single_noise/r21vgg2k_vgg16_bn_s42/faces_rfwWM64/objects/results.csv,UU
noaa,VGG2k / no AA,r21vgg2k_vgg16_bn_s42,face_transfer,124,single_uu,RFW WM64,Objects,0.37,,50,within_sampled_range,UU,143,91.66666666666666,runs/yin_latest_vgg_20260927/single_noise/r21vgg2k_vgg16_bn_s42/faces_rfwWM64/objects/results.csv,UU
noaa,VGG2k / no AA,r21vgg2k_vgg16_bn_s42,face_transfer,124,single_uu,RFW WM64,Objects,0.37,,50,within_sampled_range,UU,144,95.83333333333334,runs/yin_latest_vgg_20260927/single_noise/r21vgg2k_vgg16_bn_s42/faces_rfwWM64/objects/results.csv,UU
noaa,VGG2k / no AA,r21vgg2k_vgg16_bn_s42,face_transfer,124,single_uu,RFW WM64,Objects,0.37,,50,within_sampled_range,UU,145,100.0,runs/yin_latest_vgg_20260927/single_noise/r21vgg2k_vgg16_bn_s42/faces_rfwWM64/objects/results.csv,UU
noaa,VGG2k / no AA,r21vgg2k_vgg16_bn_s42,face_transfer,124,single_uu,RFW WM64,Objects,0.37,,50,within_sampled_range,UU,146,95.83333333333334,runs/yin_latest_vgg_20260927/single_noise/r21vgg2k_vgg16_bn_s42/faces_rfwWM64/objects/results.csv,UU
noaa,VGG2k / no AA,r21vgg2k_vgg16_bn_s42,face_transfer,124,single_uu,RFW WM64,Objects,0.37,,50,within_sampled_range,UU,147,83.33333333333334,runs/yin_latest_vgg_20260927/single_noise/r21vgg2k_vgg16_bn_s42/faces_rfwWM64/objects/results.csv,UU
noaa,VGG2k / no AA,r21vgg2k_vgg16_bn_s42,face_transfer,124,single_uu,RFW WM64,Objects,0.37,,50,within_sampled_range,UU,148,91.66666666666666,runs/yin_latest_vgg_20260927/single_noise/r21vgg2k_vgg16_bn_s42/faces_rfwWM64/objects/results.csv,UU
noaa,VGG2k / no AA,r21vgg2k_vgg16_bn_s42,face_transfer,124,single_uu,RFW WM64,Objects,0.37,,50,within_sampled_range,UU,149,87.5,runs/yin_latest_vgg_20260927/single_noise/r21vgg2k_vgg16_bn_s42/faces_rfwWM64/objects/results.csv,UU
noaa,VGG2k / no AA,r21vgg2k_vgg16_bn_s42,face_transfer,124,single_uu,RFW WM64,Objects,0.37,,50,within_sampled_range,UU,150,95.83333333333334,runs/yin_latest_vgg_20260927/single_noise/r21vgg2k_vgg16_bn_s42/faces_rfwWM64/objects/results.csv,UU
noaa,VGG2k / no AA,r21vgg2k_vgg16_bn_s42,face_transfer,124,single_uu,RFW WM64,Objects,0.37,,50,within_sampled_range,II,101,87.5,runs/yin_latest_vgg_20260927/single_noise/r21vgg2k_vgg16_bn_s42/faces_rfwWM64/objects/results.csv,II
noaa,VGG2k / no AA,r21vgg2k_vgg16_bn_s42,face_transfer,124,single_uu,RFW WM64,Objects,0.37,,50,within_sampled_range,II,102,95.83333333333334,runs/yin_latest_vgg_20260927/single_noise/r21vgg2k_vgg16_bn_s42/faces_rfwWM64/objects/results.csv,II
noaa,VGG2k / no AA,r21vgg2k_vgg16_bn_s42,face_transfer,124,single_uu,RFW WM64,Objects,0.37,,50,within_sampled_range,II,103,91.66666666666666,runs/yin_latest_vgg_20260927/single_noise/r21vgg2k_vgg16_bn_s42/faces_rfwWM64/objects/results.csv,II
noaa,VGG2k / no AA,r21vgg2k_vgg16_bn_s42,face_transfer,124,single_uu,RFW WM64,Objects,0.37,,50,within_sampled_range,II,104,100.0,runs/yin_latest_vgg_20260927/single_noise/r21vgg2k_vgg16_bn_s42/faces_rfwWM64/objects/results.csv,II
noaa,VGG2k / no AA,r21vgg2k_vgg16_bn_s42,face_transfer,124,single_uu,RFW WM64,Objects,0.37,,50,within_sampled_range,II,105,100.0,runs/yin_latest_vgg_20260927/single_noise/r21vgg2k_vgg16_bn_s42/faces_rfwWM64/objects/results.csv,II
noaa,VGG2k / no AA,r21vgg2k_vgg16_bn_s42,face_transfer,124,single_uu,RFW WM64,Objects,0.37,,50,within_sampled_range,II,106,91.66666666666666,runs/yin_latest_vgg_20260927/single_noise/r21vgg2k_vgg16_bn_s42/faces_rfwWM64/objects/results.csv,II
noaa,VGG2k / no AA,r21vgg2k_vgg16_bn_s42,face_transfer,124,single_uu,RFW WM64,Objects,0.37,,50,within_sampled_range,II,107,95.83333333333334,runs/yin_latest_vgg_20260927/single_noise/r21vgg2k_vgg16_bn_s42/faces_rfwWM64/objects/results.csv,II
noaa,VGG2k / no AA,r21vgg2k_vgg16_bn_s42,face_transfer,124,single_uu,RFW WM64,Objects,0.37,,50,within_sampled_range,II,108,95.83333333333334,runs/yin_latest_vgg_20260927/single_noise/r21vgg2k_vgg16_bn_s42/faces_rfwWM64/objects/results.csv,II
noaa,VGG2k / no AA,r21vgg2k_vgg16_bn_s42,face_transfer,124,single_uu,RFW WM64,Objects,0.37,,50,within_sampled_range,II,109,87.5,runs/yin_latest_vgg_20260927/single_noise/r21vgg2k_vgg16_bn_s42/faces_rfwWM64/objects/results.csv,II
noaa,VGG2k / no AA,r21vgg2k_vgg16_bn_s42,face_transfer,124,single_uu,RFW WM64,Objects,0.37,,50,within_sampled_range,II,110,87.5,runs/yin_latest_vgg_20260927/single_noise/r21vgg2k_vgg16_bn_s42/faces_rfwWM64/objects/results.csv,II
noaa,VGG2k / no AA,r21vgg2k_vgg16_bn_s42,face_transfer,124,single_uu,RFW WM64,Objects,0.37,,50,within_sampled_range,II,111,91.66666666666666,runs/yin_latest_vgg_20260927/single_noise/r21vgg2k_vgg16_bn_s42/faces_rfwWM64/objects/results.csv,II
noaa,VGG2k / no AA,r21vgg2k_vgg16_bn_s42,face_transfer,124,single_uu,RFW WM64,Objects,0.37,,50,within_sampled_range,II,112,91.66666666666666,runs/yin_latest_vgg_20260927/single_noise/r21vgg2k_vgg16_bn_s42/faces_rfwWM64/objects/results.csv,II
noaa,VGG2k / no AA,r21vgg2k_vgg16_bn_s42,face_transfer,124,single_uu,RFW WM64,Objects,0.37,,50,within_sampled_range,II,113,95.83333333333334,runs/yin_latest_vgg_20260927/single_noise/r21vgg2k_vgg16_bn_s42/faces_rfwWM64/objects/results.csv,II
noaa,VGG2k / no AA,r21vgg2k_vgg16_bn_s42,face_transfer,124,single_uu,RFW WM64,Objects,0.37,,50,within_sampled_range,II,114,87.5,runs/yin_latest_vgg_20260927/single_noise/r21vgg2k_vgg16_bn_s42/faces_rfwWM64/objects/results.csv,II
noaa,VGG2k / no AA,r21vgg2k_vgg16_bn_s42,face_transfer,124,single_uu,RFW WM64,Objects,0.37,,50,within_sampled_range,II,115,95.83333333333334,runs/yin_latest_vgg_20260927/single_noise/r21vgg2k_vgg16_bn_s42/faces_rfwWM64/objects/results.csv,II
noaa,VGG2k / no AA,r21vgg2k_vgg16_bn_s42,face_transfer,124,single_uu,RFW WM64,Objects,0.37,,50,within_sampled_range,II,116,95.83333333333334,runs/yin_latest_vgg_20260927/single_noise/r21vgg2k_vgg16_bn_s42/faces_rfwWM64/objects/results.csv,II
noaa,VGG2k / no AA,r21vgg2k_vgg16_bn_s42,face_transfer,124,single_uu,RFW WM64,Objects,0.37,,50,within_sampled_range,II,117,79.16666666666666,runs/yin_latest_vgg_20260927/single_noise/r21vgg2k_vgg16_bn_s42/faces_rfwWM64/objects/results.csv,II
noaa,VGG2k / no AA,r21vgg2k_vgg16_bn_s42,face_transfer,124,single_uu,RFW WM64,Objects,0.37,,50,within_sampled_range,II,118,95.83333333333334,runs/yin_latest_vgg_20260927/single_noise/r21vgg2k_vgg16_bn_s42/faces_rfwWM64/objects/results.csv,II
noaa,VGG2k / no AA,r21vgg2k_vgg16_bn_s42,face_transfer,124,single_uu,RFW WM64,Objects,0.37,,50,within_sampled_range,II,119,95.83333333333334,runs/yin_latest_vgg_20260927/single_noise/r21vgg2k_vgg16_bn_s42/faces_rfwWM64/objects/results.csv,II
noaa,VGG2k / no AA,r21vgg2k_vgg16_bn_s42,face_transfer,124,single_uu,RFW WM64,Objects,0.37,,50,within_sampled_range,II,120,95.83333333333334,runs/yin_latest_vgg_20260927/single_noise/r21vgg2k_vgg16_bn_s42/faces_rfwWM64/objects/results.csv,II
noaa,VGG2k / no AA,r21vgg2k_vgg16_bn_s42,face_transfer,124,single_uu,RFW WM64,Objects,0.37,,50,within_sampled_range,II,121,91.66666666666666,runs/yin_latest_vgg_20260927/single_noise/r21vgg2k_vgg16_bn_s42/faces_rfwWM64/objects/results.csv,II
noaa,VGG2k / no AA,r21vgg2k_vgg16_bn_s42,face_transfer,124,single_uu,RFW WM64,Objects,0.37,,50,within_sampled_range,II,122,95.83333333333334,runs/yin_latest_vgg_20260927/single_noise/r21vgg2k_vgg16_bn_s42/faces_rfwWM64/objects/results.csv,II
noaa,VGG2k / no AA,r21vgg2k_vgg16_bn_s42,face_transfer,124,single_uu,RFW WM64,Objects,0.37,,50,within_sampled_range,II,123,95.83333333333334,runs/yin_latest_vgg_20260927/single_noise/r21vgg2k_vgg16_bn_s42/faces_rfwWM64/objects/results.csv,II
noaa,VGG2k / no AA,r21vgg2k_vgg16_bn_s42,face_transfer,124,single_uu,RFW WM64,Objects,0.37,,50,within_sampled_range,II,124,87.5,runs/yin_latest_vgg_20260927/single_noise/r21vgg2k_vgg16_bn_s42/faces_rfwWM64/objects/results.csv,II
noaa,VGG2k / no AA,r21vgg2k_vgg16_bn_s42,face_transfer,124,single_uu,RFW WM64,Objects,0.37,,50,within_sampled_range,II,125,91.66666666666666,runs/yin_latest_vgg_20260927/single_noise/r21vgg2k_vgg16_bn_s42/faces_rfwWM64/objects/results.csv,II
noaa,VGG2k / no AA,r21vgg2k_vgg16_bn_s42,face_transfer,124,single_uu,RFW WM64,Objects,0.37,,50,within_sampled_range,II,126,95.83333333333334,runs/yin_latest_vgg_20260927/single_noise/r21vgg2k_vgg16_bn_s42/faces_rfwWM64/objects/results.csv,II
noaa,VGG2k / no AA,r21vgg2k_vgg16_bn_s42,face_transfer,124,single_uu,RFW WM64,Objects,0.37,,50,within_sampled_range,II,127,83.33333333333334,runs/yin_latest_vgg_20260927/single_noise/r21vgg2k_vgg16_bn_s42/faces_rfwWM64/objects/results.csv,II
noaa,VGG2k / no AA,r21vgg2k_vgg16_bn_s42,face_transfer,124,single_uu,RFW WM64,Objects,0.37,,50,within_sampled_range,II,128,91.66666666666666,runs/yin_latest_vgg_20260927/single_noise/r21vgg2k_vgg16_bn_s42/faces_rfwWM64/objects/results.csv,II
noaa,VGG2k / no AA,r21vgg2k_vgg16_bn_s42,face_transfer,124,single_uu,RFW WM64,Objects,0.37,,50,within_sampled_range,II,129,100.0,runs/yin_latest_vgg_20260927/single_noise/r21vgg2k_vgg16_bn_s42/faces_rfwWM64/objects/results.csv,II
noaa,VGG2k / no AA,r21vgg2k_vgg16_bn_s42,face_transfer,124,single_uu,RFW WM64,Objects,0.37,,50,within_sampled_range,II,130,100.0,runs/yin_latest_vgg_20260927/single_noise/r21vgg2k_vgg16_bn_s42/faces_rfwWM64/objects/results.csv,II
noaa,VGG2k / no AA,r21vgg2k_vgg16_bn_s42,face_transfer,124,single_uu,RFW WM64,Objects,0.37,,50,within_sampled_range,II,131,87.5,runs/yin_latest_vgg_20260927/single_noise/r21vgg2k_vgg16_bn_s42/faces_rfwWM64/objects/results.csv,II
noaa,VGG2k / no AA,r21vgg2k_vgg16_bn_s42,face_transfer,124,single_uu,RFW WM64,Objects,0.37,,50,within_sampled_range,II,132,83.33333333333334,runs/yin_latest_vgg_20260927/single_noise/r21vgg2k_vgg16_bn_s42/faces_rfwWM64/objects/results.csv,II
noaa,VGG2k / no AA,r21vgg2k_vgg16_bn_s42,face_transfer,124,single_uu,RFW WM64,Objects,0.37,,50,within_sampled_range,II,133,95.83333333333334,runs/yin_latest_vgg_20260927/single_noise/r21vgg2k_vgg16_bn_s42/faces_rfwWM64/objects/results.csv,II
noaa,VGG2k / no AA,r21vgg2k_vgg16_bn_s42,face_transfer,124,single_uu,RFW WM64,Objects,0.37,,50,within_sampled_range,II,134,91.66666666666666,runs/yin_latest_vgg_20260927/single_noise/r21vgg2k_vgg16_bn_s42/faces_rfwWM64/objects/results.csv,II
noaa,VGG2k / no AA,r21vgg2k_vgg16_bn_s42,face_transfer,124,single_uu,RFW WM64,Objects,0.37,,50,within_sampled_range,II,135,91.66666666666666,runs/yin_latest_vgg_20260927/single_noise/r21vgg2k_vgg16_bn_s42/faces_rfwWM64/objects/results.csv,II
noaa,VGG2k / no AA,r21vgg2k_vgg16_bn_s42,face_transfer,124,single_uu,RFW WM64,Objects,0.37,,50,within_sampled_range,II,136,91.66666666666666,runs/yin_latest_vgg_20260927/single_noise/r21vgg2k_vgg16_bn_s42/faces_rfwWM64/objects/results.csv,II
noaa,VGG2k / no AA,r21vgg2k_vgg16_bn_s42,face_transfer,124,single_uu,RFW WM64,Objects,0.37,,50,within_sampled_range,II,137,100.0,runs/yin_latest_vgg_20260927/single_noise/r21vgg2k_vgg16_bn_s42/faces_rfwWM64/objects/results.csv,II
noaa,VGG2k / no AA,r21vgg2k_vgg16_bn_s42,face_transfer,124,single_uu,RFW WM64,Objects,0.37,,50,within_sampled_range,II,138,91.66666666666666,runs/yin_latest_vgg_20260927/single_noise/r21vgg2k_vgg16_bn_s42/faces_rfwWM64/objects/results.csv,II
noaa,VGG2k / no AA,r21vgg2k_vgg16_bn_s42,face_transfer,124,single_uu,RFW WM64,Objects,0.37,,50,within_sampled_range,II,139,83.33333333333334,runs/yin_latest_vgg_20260927/single_noise/r21vgg2k_vgg16_bn_s42/faces_rfwWM64/objects/results.csv,II
noaa,VGG2k / no AA,r21vgg2k_vgg16_bn_s42,face_transfer,124,single_uu,RFW WM64,Objects,0.37,,50,within_sampled_range,II,140,91.66666666666666,runs/yin_latest_vgg_20260927/single_noise/r21vgg2k_vgg16_bn_s42/faces_rfwWM64/objects/results.csv,II
noaa,VGG2k / no AA,r21vgg2k_vgg16_bn_s42,face_transfer,124,single_uu,RFW WM64,Objects,0.37,,50,within_sampled_range,II,141,87.5,runs/yin_latest_vgg_20260927/single_noise/r21vgg2k_vgg16_bn_s42/faces_rfwWM64/objects/results.csv,II
noaa,VGG2k / no AA,r21vgg2k_vgg16_bn_s42,face_transfer,124,single_uu,RFW WM64,Objects,0.37,,50,within_sampled_range,II,142,91.66666666666666,runs/yin_latest_vgg_20260927/single_noise/r21vgg2k_vgg16_bn_s42/faces_rfwWM64/objects/results.csv,II
noaa,VGG2k / no AA,r21vgg2k_vgg16_bn_s42,face_transfer,124,single_uu,RFW WM64,Objects,0.37,,50,within_sampled_range,II,143,91.66666666666666,runs/yin_latest_vgg_20260927/single_noise/r21vgg2k_vgg16_bn_s42/faces_rfwWM64/objects/results.csv,II
noaa,VGG2k / no AA,r21vgg2k_vgg16_bn_s42,face_transfer,124,single_uu,RFW WM64,Objects,0.37,,50,within_sampled_range,II,144,95.83333333333334,runs/yin_latest_vgg_20260927/single_noise/r21vgg2k_vgg16_bn_s42/faces_rfwWM64/objects/results.csv,II
noaa,VGG2k / no AA,r21vgg2k_vgg16_bn_s42,face_transfer,124,single_uu,RFW WM64,Objects,0.37,,50,within_sampled_range,II,145,100.0,runs/yin_latest_vgg_20260927/single_noise/r21vgg2k_vgg16_bn_s42/faces_rfwWM64/objects/results.csv,II
noaa,VGG2k / no AA,r21vgg2k_vgg16_bn_s42,face_transfer,124,single_uu,RFW WM64,Objects,0.37,,50,within_sampled_range,II,146,95.83333333333334,runs/yin_latest_vgg_20260927/single_noise/r21vgg2k_vgg16_bn_s42/faces_rfwWM64/objects/results.csv,II
noaa,VGG2k / no AA,r21vgg2k_vgg16_bn_s42,face_transfer,124,single_uu,RFW WM64,Objects,0.37,,50,within_sampled_range,II,147,95.83333333333334,runs/yin_latest_vgg_20260927/single_noise/r21vgg2k_vgg16_bn_s42/faces_rfwWM64/objects/results.csv,II
noaa,VGG2k / no AA,r21vgg2k_vgg16_bn_s42,face_transfer,124,single_uu,RFW WM64,Objects,0.37,,50,within_sampled_range,II,148,87.5,runs/yin_latest_vgg_20260927/single_noise/r21vgg2k_vgg16_bn_s42/faces_rfwWM64/objects/results.csv,II
noaa,VGG2k / no AA,r21vgg2k_vgg16_bn_s42,face_transfer,124,single_uu,RFW WM64,Objects,0.37,,50,within_sampled_range,II,149,95.83333333333334,runs/yin_latest_vgg_20260927/single_noise/r21vgg2k_vgg16_bn_s42/faces_rfwWM64/objects/results.csv,II
noaa,VGG2k / no AA,r21vgg2k_vgg16_bn_s42,face_transfer,124,single_uu,RFW WM64,Objects,0.37,,50,within_sampled_range,II,150,100.0,runs/yin_latest_vgg_20260927/single_noise/r21vgg2k_vgg16_bn_s42/faces_rfwWM64/objects/results.csv,II
noaa,VGG2k / no AA,r21vgg2k_vgg16_bn_s42,face_transfer,124,single_uu,RFW WM64,Objects,0.37,,50,within_sampled_range,UI,101,83.33333333333334,runs/yin_latest_vgg_20260927/single_noise/r21vgg2k_vgg16_bn_s42/faces_rfwWM64/objects/results.csv,UI
noaa,VGG2k / no AA,r21vgg2k_vgg16_bn_s42,face_transfer,124,single_uu,RFW WM64,Objects,0.37,,50,within_sampled_range,UI,102,91.66666666666666,runs/yin_latest_vgg_20260927/single_noise/r21vgg2k_vgg16_bn_s42/faces_rfwWM64/objects/results.csv,UI
noaa,VGG2k / no AA,r21vgg2k_vgg16_bn_s42,face_transfer,124,single_uu,RFW WM64,Objects,0.37,,50,within_sampled_range,UI,103,87.5,runs/yin_latest_vgg_20260927/single_noise/r21vgg2k_vgg16_bn_s42/faces_rfwWM64/objects/results.csv,UI
noaa,VGG2k / no AA,r21vgg2k_vgg16_bn_s42,face_transfer,124,single_uu,RFW WM64,Objects,0.37,,50,within_sampled_range,UI,104,91.66666666666666,runs/yin_latest_vgg_20260927/single_noise/r21vgg2k_vgg16_bn_s42/faces_rfwWM64/objects/results.csv,UI
noaa,VGG2k / no AA,r21vgg2k_vgg16_bn_s42,face_transfer,124,single_uu,RFW WM64,Objects,0.37,,50,within_sampled_range,UI,105,95.83333333333334,runs/yin_latest_vgg_20260927/single_noise/r21vgg2k_vgg16_bn_s42/faces_rfwWM64/objects/results.csv,UI
noaa,VGG2k / no AA,r21vgg2k_vgg16_bn_s42,face_transfer,124,single_uu,RFW WM64,Objects,0.37,,50,within_sampled_range,UI,106,95.83333333333334,runs/yin_latest_vgg_20260927/single_noise/r21vgg2k_vgg16_bn_s42/faces_rfwWM64/objects/results.csv,UI
noaa,VGG2k / no AA,r21vgg2k_vgg16_bn_s42,face_transfer,124,single_uu,RFW WM64,Objects,0.37,,50,within_sampled_range,UI,107,91.66666666666666,runs/yin_latest_vgg_20260927/single_noise/r21vgg2k_vgg16_bn_s42/faces_rfwWM64/objects/results.csv,UI
noaa,VGG2k / no AA,r21vgg2k_vgg16_bn_s42,face_transfer,124,single_uu,RFW WM64,Objects,0.37,,50,within_sampled_range,UI,108,91.66666666666666,runs/yin_latest_vgg_20260927/single_noise/r21vgg2k_vgg16_bn_s42/faces_rfwWM64/objects/results.csv,UI
noaa,VGG2k / no AA,r21vgg2k_vgg16_bn_s42,face_transfer,124,single_uu,RFW WM64,Objects,0.37,,50,within_sampled_range,UI,109,83.33333333333334,runs/yin_latest_vgg_20260927/single_noise/r21vgg2k_vgg16_bn_s42/faces_rfwWM64/objects/results.csv,UI
noaa,VGG2k / no AA,r21vgg2k_vgg16_bn_s42,face_transfer,124,single_uu,RFW WM64,Objects,0.37,,50,within_sampled_range,UI,110,91.66666666666666,runs/yin_latest_vgg_20260927/single_noise/r21vgg2k_vgg16_bn_s42/faces_rfwWM64/objects/results.csv,UI
noaa,VGG2k / no AA,r21vgg2k_vgg16_bn_s42,face_transfer,124,single_uu,RFW WM64,Objects,0.37,,50,within_sampled_range,UI,111,100.0,runs/yin_latest_vgg_20260927/single_noise/r21vgg2k_vgg16_bn_s42/faces_rfwWM64/objects/results.csv,UI
noaa,VGG2k / no AA,r21vgg2k_vgg16_bn_s42,face_transfer,124,single_uu,RFW WM64,Objects,0.37,,50,within_sampled_range,UI,112,83.33333333333334,runs/yin_latest_vgg_20260927/single_noise/r21vgg2k_vgg16_bn_s42/faces_rfwWM64/objects/results.csv,UI
noaa,VGG2k / no AA,r21vgg2k_vgg16_bn_s42,face_transfer,124,single_uu,RFW WM64,Objects,0.37,,50,within_sampled_range,UI,113,95.83333333333334,runs/yin_latest_vgg_20260927/single_noise/r21vgg2k_vgg16_bn_s42/faces_rfwWM64/objects/results.csv,UI
noaa,VGG2k / no AA,r21vgg2k_vgg16_bn_s42,face_transfer,124,single_uu,RFW WM64,Objects,0.37,,50,within_sampled_range,UI,114,95.83333333333334,runs/yin_latest_vgg_20260927/single_noise/r21vgg2k_vgg16_bn_s42/faces_rfwWM64/objects/results.csv,UI
noaa,VGG2k / no AA,r21vgg2k_vgg16_bn_s42,face_transfer,124,single_uu,RFW WM64,Objects,0.37,,50,within_sampled_range,UI,115,100.0,runs/yin_latest_vgg_20260927/single_noise/r21vgg2k_vgg16_bn_s42/faces_rfwWM64/objects/results.csv,UI
noaa,VGG2k / no AA,r21vgg2k_vgg16_bn_s42,face_transfer,124,single_uu,RFW WM64,Objects,0.37,,50,within_sampled_range,UI,116,87.5,runs/yin_latest_vgg_20260927/single_noise/r21vgg2k_vgg16_bn_s42/faces_rfwWM64/objects/results.csv,UI
noaa,VGG2k / no AA,r21vgg2k_vgg16_bn_s42,face_transfer,124,single_uu,RFW WM64,Objects,0.37,,50,within_sampled_range,UI,117,87.5,runs/yin_latest_vgg_20260927/single_noise/r21vgg2k_vgg16_bn_s42/faces_rfwWM64/objects/results.csv,UI
noaa,VGG2k / no AA,r21vgg2k_vgg16_bn_s42,face_transfer,124,single_uu,RFW WM64,Objects,0.37,,50,within_sampled_range,UI,118,87.5,runs/yin_latest_vgg_20260927/single_noise/r21vgg2k_vgg16_bn_s42/faces_rfwWM64/objects/results.csv,UI
noaa,VGG2k / no AA,r21vgg2k_vgg16_bn_s42,face_transfer,124,single_uu,RFW WM64,Objects,0.37,,50,within_sampled_range,UI,119,87.5,runs/yin_latest_vgg_20260927/single_noise/r21vgg2k_vgg16_bn_s42/faces_rfwWM64/objects/results.csv,UI
noaa,VGG2k / no AA,r21vgg2k_vgg16_bn_s42,face_transfer,124,single_uu,RFW WM64,Objects,0.37,,50,within_sampled_range,UI,120,91.66666666666666,runs/yin_latest_vgg_20260927/single_noise/r21vgg2k_vgg16_bn_s42/faces_rfwWM64/objects/results.csv,UI
noaa,VGG2k / no AA,r21vgg2k_vgg16_bn_s42,face_transfer,124,single_uu,RFW WM64,Objects,0.37,,50,within_sampled_range,UI,121,83.33333333333334,runs/yin_latest_vgg_20260927/single_noise/r21vgg2k_vgg16_bn_s42/faces_rfwWM64/objects/results.csv,UI
noaa,VGG2k / no AA,r21vgg2k_vgg16_bn_s42,face_transfer,124,single_uu,RFW WM64,Objects,0.37,,50,within_sampled_range,UI,122,87.5,runs/yin_latest_vgg_20260927/single_noise/r21vgg2k_vgg16_bn_s42/faces_rfwWM64/objects/results.csv,UI
noaa,VGG2k / no AA,r21vgg2k_vgg16_bn_s42,face_transfer,124,single_uu,RFW WM64,Objects,0.37,,50,within_sampled_range,UI,123,79.16666666666666,runs/yin_latest_vgg_20260927/single_noise/r21vgg2k_vgg16_bn_s42/faces_rfwWM64/objects/results.csv,UI
noaa,VGG2k / no AA,r21vgg2k_vgg16_bn_s42,face_transfer,124,single_uu,RFW WM64,Objects,0.37,,50,within_sampled_range,UI,124,91.66666666666666,runs/yin_latest_vgg_20260927/single_noise/r21vgg2k_vgg16_bn_s42/faces_rfwWM64/objects/results.csv,UI
noaa,VGG2k / no AA,r21vgg2k_vgg16_bn_s42,face_transfer,124,single_uu,RFW WM64,Objects,0.37,,50,within_sampled_range,UI,125,100.0,runs/yin_latest_vgg_20260927/single_noise/r21vgg2k_vgg16_bn_s42/faces_rfwWM64/objects/results.csv,UI
noaa,VGG2k / no AA,r21vgg2k_vgg16_bn_s42,face_transfer,124,single_uu,RFW WM64,Objects,0.37,,50,within_sampled_range,UI,126,100.0,runs/yin_latest_vgg_20260927/single_noise/r21vgg2k_vgg16_bn_s42/faces_rfwWM64/objects/results.csv,UI
noaa,VGG2k / no AA,r21vgg2k_vgg16_bn_s42,face_transfer,124,single_uu,RFW WM64,Objects,0.37,,50,within_sampled_range,UI,127,87.5,runs/yin_latest_vgg_20260927/single_noise/r21vgg2k_vgg16_bn_s42/faces_rfwWM64/objects/results.csv,UI
noaa,VGG2k / no AA,r21vgg2k_vgg16_bn_s42,face_transfer,124,single_uu,RFW WM64,Objects,0.37,,50,within_sampled_range,UI,128,87.5,runs/yin_latest_vgg_20260927/single_noise/r21vgg2k_vgg16_bn_s42/faces_rfwWM64/objects/results.csv,UI
noaa,VGG2k / no AA,r21vgg2k_vgg16_bn_s42,face_transfer,124,single_uu,RFW WM64,Objects,0.37,,50,within_sampled_range,UI,129,95.83333333333334,runs/yin_latest_vgg_20260927/single_noise/r21vgg2k_vgg16_bn_s42/faces_rfwWM64/objects/results.csv,UI
noaa,VGG2k / no AA,r21vgg2k_vgg16_bn_s42,face_transfer,124,single_uu,RFW WM64,Objects,0.37,,50,within_sampled_range,UI,130,95.83333333333334,runs/yin_latest_vgg_20260927/single_noise/r21vgg2k_vgg16_bn_s42/faces_rfwWM64/objects/results.csv,UI
noaa,VGG2k / no AA,r21vgg2k_vgg16_bn_s42,face_transfer,124,single_uu,RFW WM64,Objects,0.37,,50,within_sampled_range,UI,131,87.5,runs/yin_latest_vgg_20260927/single_noise/r21vgg2k_vgg16_bn_s42/faces_rfwWM64/objects/results.csv,UI
noaa,VGG2k / no AA,r21vgg2k_vgg16_bn_s42,face_transfer,124,single_uu,RFW WM64,Objects,0.37,,50,within_sampled_range,UI,132,79.16666666666666,runs/yin_latest_vgg_20260927/single_noise/r21vgg2k_vgg16_bn_s42/faces_rfwWM64/objects/results.csv,UI
noaa,VGG2k / no AA,r21vgg2k_vgg16_bn_s42,face_transfer,124,single_uu,RFW WM64,Objects,0.37,,50,within_sampled_range,UI,133,87.5,runs/yin_latest_vgg_20260927/single_noise/r21vgg2k_vgg16_bn_s42/faces_rfwWM64/objects/results.csv,UI
noaa,VGG2k / no AA,r21vgg2k_vgg16_bn_s42,face_transfer,124,single_uu,RFW WM64,Objects,0.37,,50,within_sampled_range,UI,134,95.83333333333334,runs/yin_latest_vgg_20260927/single_noise/r21vgg2k_vgg16_bn_s42/faces_rfwWM64/objects/results.csv,UI
noaa,VGG2k / no AA,r21vgg2k_vgg16_bn_s42,face_transfer,124,single_uu,RFW WM64,Objects,0.37,,50,within_sampled_range,UI,135,91.66666666666666,runs/yin_latest_vgg_20260927/single_noise/r21vgg2k_vgg16_bn_s42/faces_rfwWM64/objects/results.csv,UI
noaa,VGG2k / no AA,r21vgg2k_vgg16_bn_s42,face_transfer,124,single_uu,RFW WM64,Objects,0.37,,50,within_sampled_range,UI,136,87.5,runs/yin_latest_vgg_20260927/single_noise/r21vgg2k_vgg16_bn_s42/faces_rfwWM64/objects/results.csv,UI
noaa,VGG2k / no AA,r21vgg2k_vgg16_bn_s42,face_transfer,124,single_uu,RFW WM64,Objects,0.37,,50,within_sampled_range,UI,137,87.5,runs/yin_latest_vgg_20260927/single_noise/r21vgg2k_vgg16_bn_s42/faces_rfwWM64/objects/results.csv,UI
noaa,VGG2k / no AA,r21vgg2k_vgg16_bn_s42,face_transfer,124,single_uu,RFW WM64,Objects,0.37,,50,within_sampled_range,UI,138,87.5,runs/yin_latest_vgg_20260927/single_noise/r21vgg2k_vgg16_bn_s42/faces_rfwWM64/objects/results.csv,UI
noaa,VGG2k / no AA,r21vgg2k_vgg16_bn_s42,face_transfer,124,single_uu,RFW WM64,Objects,0.37,,50,within_sampled_range,UI,139,87.5,runs/yin_latest_vgg_20260927/single_noise/r21vgg2k_vgg16_bn_s42/faces_rfwWM64/objects/results.csv,UI
noaa,VGG2k / no AA,r21vgg2k_vgg16_bn_s42,face_transfer,124,single_uu,RFW WM64,Objects,0.37,,50,within_sampled_range,UI,140,91.66666666666666,runs/yin_latest_vgg_20260927/single_noise/r21vgg2k_vgg16_bn_s42/faces_rfwWM64/objects/results.csv,UI
noaa,VGG2k / no AA,r21vgg2k_vgg16_bn_s42,face_transfer,124,single_uu,RFW WM64,Objects,0.37,,50,within_sampled_range,UI,141,83.33333333333334,runs/yin_latest_vgg_20260927/single_noise/r21vgg2k_vgg16_bn_s42/faces_rfwWM64/objects/results.csv,UI
noaa,VGG2k / no AA,r21vgg2k_vgg16_bn_s42,face_transfer,124,single_uu,RFW WM64,Objects,0.37,,50,within_sampled_range,UI,142,87.5,runs/yin_latest_vgg_20260927/single_noise/r21vgg2k_vgg16_bn_s42/faces_rfwWM64/objects/results.csv,UI
noaa,VGG2k / no AA,r21vgg2k_vgg16_bn_s42,face_transfer,124,single_uu,RFW WM64,Objects,0.37,,50,within_sampled_range,UI,143,91.66666666666666,runs/yin_latest_vgg_20260927/single_noise/r21vgg2k_vgg16_bn_s42/faces_rfwWM64/objects/results.csv,UI
noaa,VGG2k / no AA,r21vgg2k_vgg16_bn_s42,face_transfer,124,single_uu,RFW WM64,Objects,0.37,,50,within_sampled_range,UI,144,91.66666666666666,runs/yin_latest_vgg_20260927/single_noise/r21vgg2k_vgg16_bn_s42/faces_rfwWM64/objects/results.csv,UI
noaa,VGG2k / no AA,r21vgg2k_vgg16_bn_s42,face_transfer,124,single_uu,RFW WM64,Objects,0.37,,50,within_sampled_range,UI,145,95.83333333333334,runs/yin_latest_vgg_20260927/single_noise/r21vgg2k_vgg16_bn_s42/faces_rfwWM64/objects/results.csv,UI
noaa,VGG2k / no AA,r21vgg2k_vgg16_bn_s42,face_transfer,124,single_uu,RFW WM64,Objects,0.37,,50,within_sampled_range,UI,146,87.5,runs/yin_latest_vgg_20260927/single_noise/r21vgg2k_vgg16_bn_s42/faces_rfwWM64/objects/results.csv,UI
noaa,VGG2k / no AA,r21vgg2k_vgg16_bn_s42,face_transfer,124,single_uu,RFW WM64,Objects,0.37,,50,within_sampled_range,UI,147,91.66666666666666,runs/yin_latest_vgg_20260927/single_noise/r21vgg2k_vgg16_bn_s42/faces_rfwWM64/objects/results.csv,UI
noaa,VGG2k / no AA,r21vgg2k_vgg16_bn_s42,face_transfer,124,single_uu,RFW WM64,Objects,0.37,,50,within_sampled_range,UI,148,83.33333333333334,runs/yin_latest_vgg_20260927/single_noise/r21vgg2k_vgg16_bn_s42/faces_rfwWM64/objects/results.csv,UI
noaa,VGG2k / no AA,r21vgg2k_vgg16_bn_s42,face_transfer,124,single_uu,RFW WM64,Objects,0.37,,50,within_sampled_range,UI,149,87.5,runs/yin_latest_vgg_20260927/single_noise/r21vgg2k_vgg16_bn_s42/faces_rfwWM64/objects/results.csv,UI
noaa,VGG2k / no AA,r21vgg2k_vgg16_bn_s42,face_transfer,124,single_uu,RFW WM64,Objects,0.37,,50,within_sampled_range,UI,150,95.83333333333334,runs/yin_latest_vgg_20260927/single_noise/r21vgg2k_vgg16_bn_s42/faces_rfwWM64/objects/results.csv,UI
noaa,VGG2k / no AA,r21vgg2k_vgg16_bn_s42,face_transfer,124,single_uu,RFW WM64,Objects,0.37,,50,within_sampled_range,IU,101,95.83333333333334,runs/yin_latest_vgg_20260927/single_noise/r21vgg2k_vgg16_bn_s42/faces_rfwWM64/objects/results.csv,IU
noaa,VGG2k / no AA,r21vgg2k_vgg16_bn_s42,face_transfer,124,single_uu,RFW WM64,Objects,0.37,,50,within_sampled_range,IU,102,91.66666666666666,runs/yin_latest_vgg_20260927/single_noise/r21vgg2k_vgg16_bn_s42/faces_rfwWM64/objects/results.csv,IU
noaa,VGG2k / no AA,r21vgg2k_vgg16_bn_s42,face_transfer,124,single_uu,RFW WM64,Objects,0.37,,50,within_sampled_range,IU,103,95.83333333333334,runs/yin_latest_vgg_20260927/single_noise/r21vgg2k_vgg16_bn_s42/faces_rfwWM64/objects/results.csv,IU
noaa,VGG2k / no AA,r21vgg2k_vgg16_bn_s42,face_transfer,124,single_uu,RFW WM64,Objects,0.37,,50,within_sampled_range,IU,104,95.83333333333334,runs/yin_latest_vgg_20260927/single_noise/r21vgg2k_vgg16_bn_s42/faces_rfwWM64/objects/results.csv,IU
noaa,VGG2k / no AA,r21vgg2k_vgg16_bn_s42,face_transfer,124,single_uu,RFW WM64,Objects,0.37,,50,within_sampled_range,IU,105,95.83333333333334,runs/yin_latest_vgg_20260927/single_noise/r21vgg2k_vgg16_bn_s42/faces_rfwWM64/objects/results.csv,IU
noaa,VGG2k / no AA,r21vgg2k_vgg16_bn_s42,face_transfer,124,single_uu,RFW WM64,Objects,0.37,,50,within_sampled_range,IU,106,95.83333333333334,runs/yin_latest_vgg_20260927/single_noise/r21vgg2k_vgg16_bn_s42/faces_rfwWM64/objects/results.csv,IU
noaa,VGG2k / no AA,r21vgg2k_vgg16_bn_s42,face_transfer,124,single_uu,RFW WM64,Objects,0.37,,50,within_sampled_range,IU,107,95.83333333333334,runs/yin_latest_vgg_20260927/single_noise/r21vgg2k_vgg16_bn_s42/faces_rfwWM64/objects/results.csv,IU
noaa,VGG2k / no AA,r21vgg2k_vgg16_bn_s42,face_transfer,124,single_uu,RFW WM64,Objects,0.37,,50,within_sampled_range,IU,108,91.66666666666666,runs/yin_latest_vgg_20260927/single_noise/r21vgg2k_vgg16_bn_s42/faces_rfwWM64/objects/results.csv,IU
noaa,VGG2k / no AA,r21vgg2k_vgg16_bn_s42,face_transfer,124,single_uu,RFW WM64,Objects,0.37,,50,within_sampled_range,IU,109,91.66666666666666,runs/yin_latest_vgg_20260927/single_noise/r21vgg2k_vgg16_bn_s42/faces_rfwWM64/objects/results.csv,IU
noaa,VGG2k / no AA,r21vgg2k_vgg16_bn_s42,face_transfer,124,single_uu,RFW WM64,Objects,0.37,,50,within_sampled_range,IU,110,95.83333333333334,runs/yin_latest_vgg_20260927/single_noise/r21vgg2k_vgg16_bn_s42/faces_rfwWM64/objects/results.csv,IU
noaa,VGG2k / no AA,r21vgg2k_vgg16_bn_s42,face_transfer,124,single_uu,RFW WM64,Objects,0.37,,50,within_sampled_range,IU,111,91.66666666666666,runs/yin_latest_vgg_20260927/single_noise/r21vgg2k_vgg16_bn_s42/faces_rfwWM64/objects/results.csv,IU
noaa,VGG2k / no AA,r21vgg2k_vgg16_bn_s42,face_transfer,124,single_uu,RFW WM64,Objects,0.37,,50,within_sampled_range,IU,112,83.33333333333334,runs/yin_latest_vgg_20260927/single_noise/r21vgg2k_vgg16_bn_s42/faces_rfwWM64/objects/results.csv,IU
noaa,VGG2k / no AA,r21vgg2k_vgg16_bn_s42,face_transfer,124,single_uu,RFW WM64,Objects,0.37,,50,within_sampled_range,IU,113,83.33333333333334,runs/yin_latest_vgg_20260927/single_noise/r21vgg2k_vgg16_bn_s42/faces_rfwWM64/objects/results.csv,IU
noaa,VGG2k / no AA,r21vgg2k_vgg16_bn_s42,face_transfer,124,single_uu,RFW WM64,Objects,0.37,,50,within_sampled_range,IU,114,91.66666666666666,runs/yin_latest_vgg_20260927/single_noise/r21vgg2k_vgg16_bn_s42/faces_rfwWM64/objects/results.csv,IU
noaa,VGG2k / no AA,r21vgg2k_vgg16_bn_s42,face_transfer,124,single_uu,RFW WM64,Objects,0.37,,50,within_sampled_range,IU,115,91.66666666666666,runs/yin_latest_vgg_20260927/single_noise/r21vgg2k_vgg16_bn_s42/faces_rfwWM64/objects/results.csv,IU
noaa,VGG2k / no AA,r21vgg2k_vgg16_bn_s42,face_transfer,124,single_uu,RFW WM64,Objects,0.37,,50,within_sampled_range,IU,116,91.66666666666666,runs/yin_latest_vgg_20260927/single_noise/r21vgg2k_vgg16_bn_s42/faces_rfwWM64/objects/results.csv,IU
noaa,VGG2k / no AA,r21vgg2k_vgg16_bn_s42,face_transfer,124,single_uu,RFW WM64,Objects,0.37,,50,within_sampled_range,IU,117,79.16666666666666,runs/yin_latest_vgg_20260927/single_noise/r21vgg2k_vgg16_bn_s42/faces_rfwWM64/objects/results.csv,IU
noaa,VGG2k / no AA,r21vgg2k_vgg16_bn_s42,face_transfer,124,single_uu,RFW WM64,Objects,0.37,,50,within_sampled_range,IU,118,100.0,runs/yin_latest_vgg_20260927/single_noise/r21vgg2k_vgg16_bn_s42/faces_rfwWM64/objects/results.csv,IU
noaa,VGG2k / no AA,r21vgg2k_vgg16_bn_s42,face_transfer,124,single_uu,RFW WM64,Objects,0.37,,50,within_sampled_range,IU,119,91.66666666666666,runs/yin_latest_vgg_20260927/single_noise/r21vgg2k_vgg16_bn_s42/faces_rfwWM64/objects/results.csv,IU
noaa,VGG2k / no AA,r21vgg2k_vgg16_bn_s42,face_transfer,124,single_uu,RFW WM64,Objects,0.37,,50,within_sampled_range,IU,120,100.0,runs/yin_latest_vgg_20260927/single_noise/r21vgg2k_vgg16_bn_s42/faces_rfwWM64/objects/results.csv,IU
noaa,VGG2k / no AA,r21vgg2k_vgg16_bn_s42,face_transfer,124,single_uu,RFW WM64,Objects,0.37,,50,within_sampled_range,IU,121,87.5,runs/yin_latest_vgg_20260927/single_noise/r21vgg2k_vgg16_bn_s42/faces_rfwWM64/objects/results.csv,IU
noaa,VGG2k / no AA,r21vgg2k_vgg16_bn_s42,face_transfer,124,single_uu,RFW WM64,Objects,0.37,,50,within_sampled_range,IU,122,95.83333333333334,runs/yin_latest_vgg_20260927/single_noise/r21vgg2k_vgg16_bn_s42/faces_rfwWM64/objects/results.csv,IU
noaa,VGG2k / no AA,r21vgg2k_vgg16_bn_s42,face_transfer,124,single_uu,RFW WM64,Objects,0.37,,50,within_sampled_range,IU,123,79.16666666666666,runs/yin_latest_vgg_20260927/single_noise/r21vgg2k_vgg16_bn_s42/faces_rfwWM64/objects/results.csv,IU
noaa,VGG2k / no AA,r21vgg2k_vgg16_bn_s42,face_transfer,124,single_uu,RFW WM64,Objects,0.37,,50,within_sampled_range,IU,124,87.5,runs/yin_latest_vgg_20260927/single_noise/r21vgg2k_vgg16_bn_s42/faces_rfwWM64/objects/results.csv,IU
noaa,VGG2k / no AA,r21vgg2k_vgg16_bn_s42,face_transfer,124,single_uu,RFW WM64,Objects,0.37,,50,within_sampled_range,IU,125,87.5,runs/yin_latest_vgg_20260927/single_noise/r21vgg2k_vgg16_bn_s42/faces_rfwWM64/objects/results.csv,IU
noaa,VGG2k / no AA,r21vgg2k_vgg16_bn_s42,face_transfer,124,single_uu,RFW WM64,Objects,0.37,,50,within_sampled_range,IU,126,95.83333333333334,runs/yin_latest_vgg_20260927/single_noise/r21vgg2k_vgg16_bn_s42/faces_rfwWM64/objects/results.csv,IU
noaa,VGG2k / no AA,r21vgg2k_vgg16_bn_s42,face_transfer,124,single_uu,RFW WM64,Objects,0.37,,50,within_sampled_range,IU,127,91.66666666666666,runs/yin_latest_vgg_20260927/single_noise/r21vgg2k_vgg16_bn_s42/faces_rfwWM64/objects/results.csv,IU
noaa,VGG2k / no AA,r21vgg2k_vgg16_bn_s42,face_transfer,124,single_uu,RFW WM64,Objects,0.37,,50,within_sampled_range,IU,128,83.33333333333334,runs/yin_latest_vgg_20260927/single_noise/r21vgg2k_vgg16_bn_s42/faces_rfwWM64/objects/results.csv,IU
noaa,VGG2k / no AA,r21vgg2k_vgg16_bn_s42,face_transfer,124,single_uu,RFW WM64,Objects,0.37,,50,within_sampled_range,IU,129,95.83333333333334,runs/yin_latest_vgg_20260927/single_noise/r21vgg2k_vgg16_bn_s42/faces_rfwWM64/objects/results.csv,IU
noaa,VGG2k / no AA,r21vgg2k_vgg16_bn_s42,face_transfer,124,single_uu,RFW WM64,Objects,0.37,,50,within_sampled_range,IU,130,87.5,runs/yin_latest_vgg_20260927/single_noise/r21vgg2k_vgg16_bn_s42/faces_rfwWM64/objects/results.csv,IU
noaa,VGG2k / no AA,r21vgg2k_vgg16_bn_s42,face_transfer,124,single_uu,RFW WM64,Objects,0.37,,50,within_sampled_range,IU,131,83.33333333333334,runs/yin_latest_vgg_20260927/single_noise/r21vgg2k_vgg16_bn_s42/faces_rfwWM64/objects/results.csv,IU
noaa,VGG2k / no AA,r21vgg2k_vgg16_bn_s42,face_transfer,124,single_uu,RFW WM64,Objects,0.37,,50,within_sampled_range,IU,132,83.33333333333334,runs/yin_latest_vgg_20260927/single_noise/r21vgg2k_vgg16_bn_s42/faces_rfwWM64/objects/results.csv,IU
noaa,VGG2k / no AA,r21vgg2k_vgg16_bn_s42,face_transfer,124,single_uu,RFW WM64,Objects,0.37,,50,within_sampled_range,IU,133,91.66666666666666,runs/yin_latest_vgg_20260927/single_noise/r21vgg2k_vgg16_bn_s42/faces_rfwWM64/objects/results.csv,IU
noaa,VGG2k / no AA,r21vgg2k_vgg16_bn_s42,face_transfer,124,single_uu,RFW WM64,Objects,0.37,,50,within_sampled_range,IU,134,91.66666666666666,runs/yin_latest_vgg_20260927/single_noise/r21vgg2k_vgg16_bn_s42/faces_rfwWM64/objects/results.csv,IU
noaa,VGG2k / no AA,r21vgg2k_vgg16_bn_s42,face_transfer,124,single_uu,RFW WM64,Objects,0.37,,50,within_sampled_range,IU,135,91.66666666666666,runs/yin_latest_vgg_20260927/single_noise/r21vgg2k_vgg16_bn_s42/faces_rfwWM64/objects/results.csv,IU
noaa,VGG2k / no AA,r21vgg2k_vgg16_bn_s42,face_transfer,124,single_uu,RFW WM64,Objects,0.37,,50,within_sampled_range,IU,136,83.33333333333334,runs/yin_latest_vgg_20260927/single_noise/r21vgg2k_vgg16_bn_s42/faces_rfwWM64/objects/results.csv,IU
noaa,VGG2k / no AA,r21vgg2k_vgg16_bn_s42,face_transfer,124,single_uu,RFW WM64,Objects,0.37,,50,within_sampled_range,IU,137,100.0,runs/yin_latest_vgg_20260927/single_noise/r21vgg2k_vgg16_bn_s42/faces_rfwWM64/objects/results.csv,IU
noaa,VGG2k / no AA,r21vgg2k_vgg16_bn_s42,face_transfer,124,single_uu,RFW WM64,Objects,0.37,,50,within_sampled_range,IU,138,83.33333333333334,runs/yin_latest_vgg_20260927/single_noise/r21vgg2k_vgg16_bn_s42/faces_rfwWM64/objects/results.csv,IU
noaa,VGG2k / no AA,r21vgg2k_vgg16_bn_s42,face_transfer,124,single_uu,RFW WM64,Objects,0.37,,50,within_sampled_range,IU,139,83.33333333333334,runs/yin_latest_vgg_20260927/single_noise/r21vgg2k_vgg16_bn_s42/faces_rfwWM64/objects/results.csv,IU
noaa,VGG2k / no AA,r21vgg2k_vgg16_bn_s42,face_transfer,124,single_uu,RFW WM64,Objects,0.37,,50,within_sampled_range,IU,140,91.66666666666666,runs/yin_latest_vgg_20260927/single_noise/r21vgg2k_vgg16_bn_s42/faces_rfwWM64/objects/results.csv,IU
noaa,VGG2k / no AA,r21vgg2k_vgg16_bn_s42,face_transfer,124,single_uu,RFW WM64,Objects,0.37,,50,within_sampled_range,IU,141,91.66666666666666,runs/yin_latest_vgg_20260927/single_noise/r21vgg2k_vgg16_bn_s42/faces_rfwWM64/objects/results.csv,IU
noaa,VGG2k / no AA,r21vgg2k_vgg16_bn_s42,face_transfer,124,single_uu,RFW WM64,Objects,0.37,,50,within_sampled_range,IU,142,95.83333333333334,runs/yin_latest_vgg_20260927/single_noise/r21vgg2k_vgg16_bn_s42/faces_rfwWM64/objects/results.csv,IU
noaa,VGG2k / no AA,r21vgg2k_vgg16_bn_s42,face_transfer,124,single_uu,RFW WM64,Objects,0.37,,50,within_sampled_range,IU,143,87.5,runs/yin_latest_vgg_20260927/single_noise/r21vgg2k_vgg16_bn_s42/faces_rfwWM64/objects/results.csv,IU
noaa,VGG2k / no AA,r21vgg2k_vgg16_bn_s42,face_transfer,124,single_uu,RFW WM64,Objects,0.37,,50,within_sampled_range,IU,144,79.16666666666666,runs/yin_latest_vgg_20260927/single_noise/r21vgg2k_vgg16_bn_s42/faces_rfwWM64/objects/results.csv,IU
noaa,VGG2k / no AA,r21vgg2k_vgg16_bn_s42,face_transfer,124,single_uu,RFW WM64,Objects,0.37,,50,within_sampled_range,IU,145,100.0,runs/yin_latest_vgg_20260927/single_noise/r21vgg2k_vgg16_bn_s42/faces_rfwWM64/objects/results.csv,IU
noaa,VGG2k / no AA,r21vgg2k_vgg16_bn_s42,face_transfer,124,single_uu,RFW WM64,Objects,0.37,,50,within_sampled_range,IU,146,91.66666666666666,runs/yin_latest_vgg_20260927/single_noise/r21vgg2k_vgg16_bn_s42/faces_rfwWM64/objects/results.csv,IU
noaa,VGG2k / no AA,r21vgg2k_vgg16_bn_s42,face_transfer,124,single_uu,RFW WM64,Objects,0.37,,50,within_sampled_range,IU,147,91.66666666666666,runs/yin_latest_vgg_20260927/single_noise/r21vgg2k_vgg16_bn_s42/faces_rfwWM64/objects/results.csv,IU
noaa,VGG2k / no AA,r21vgg2k_vgg16_bn_s42,face_transfer,124,single_uu,RFW WM64,Objects,0.37,,50,within_sampled_range,IU,148,87.5,runs/yin_latest_vgg_20260927/single_noise/r21vgg2k_vgg16_bn_s42/faces_rfwWM64/objects/results.csv,IU
noaa,VGG2k / no AA,r21vgg2k_vgg16_bn_s42,face_transfer,124,single_uu,RFW WM64,Objects,0.37,,50,within_sampled_range,IU,149,91.66666666666666,runs/yin_latest_vgg_20260927/single_noise/r21vgg2k_vgg16_bn_s42/faces_rfwWM64/objects/results.csv,IU
noaa,VGG2k / no AA,r21vgg2k_vgg16_bn_s42,face_transfer,124,single_uu,RFW WM64,Objects,0.37,,50,within_sampled_range,IU,150,95.83333333333334,runs/yin_latest_vgg_20260927/single_noise/r21vgg2k_vgg16_bn_s42/faces_rfwWM64/objects/results.csv,IU
noaa,VGG2k / no AA,r21vgg2k_vgg16_bn_s42,face_transfer,124,two_cross,RFW WM64,Objects,0.37,0.39,50,within_sampled_range,UU,101,91.66666666666666,runs/yin_latest_vgg_20260927/transfer/results/r21vgg2k_vgg16_bn_s42/faces_rfwWM64/objects/results.csv,UU
noaa,VGG2k / no AA,r21vgg2k_vgg16_bn_s42,face_transfer,124,two_cross,RFW WM64,Objects,0.37,0.39,50,within_sampled_range,UU,102,91.66666666666666,runs/yin_latest_vgg_20260927/transfer/results/r21vgg2k_vgg16_bn_s42/faces_rfwWM64/objects/results.csv,UU
noaa,VGG2k / no AA,r21vgg2k_vgg16_bn_s42,face_transfer,124,two_cross,RFW WM64,Objects,0.37,0.39,50,within_sampled_range,UU,103,91.66666666666666,runs/yin_latest_vgg_20260927/transfer/results/r21vgg2k_vgg16_bn_s42/faces_rfwWM64/objects/results.csv,UU
noaa,VGG2k / no AA,r21vgg2k_vgg16_bn_s42,face_transfer,124,two_cross,RFW WM64,Objects,0.37,0.39,50,within_sampled_range,UU,104,95.83333333333334,runs/yin_latest_vgg_20260927/transfer/results/r21vgg2k_vgg16_bn_s42/faces_rfwWM64/objects/results.csv,UU
noaa,VGG2k / no AA,r21vgg2k_vgg16_bn_s42,face_transfer,124,two_cross,RFW WM64,Objects,0.37,0.39,50,within_sampled_range,UU,105,83.33333333333334,runs/yin_latest_vgg_20260927/transfer/results/r21vgg2k_vgg16_bn_s42/faces_rfwWM64/objects/results.csv,UU
noaa,VGG2k / no AA,r21vgg2k_vgg16_bn_s42,face_transfer,124,two_cross,RFW WM64,Objects,0.37,0.39,50,within_sampled_range,UU,106,87.5,runs/yin_latest_vgg_20260927/transfer/results/r21vgg2k_vgg16_bn_s42/faces_rfwWM64/objects/results.csv,UU
noaa,VGG2k / no AA,r21vgg2k_vgg16_bn_s42,face_transfer,124,two_cross,RFW WM64,Objects,0.37,0.39,50,within_sampled_range,UU,107,100.0,runs/yin_latest_vgg_20260927/transfer/results/r21vgg2k_vgg16_bn_s42/faces_rfwWM64/objects/results.csv,UU
noaa,VGG2k / no AA,r21vgg2k_vgg16_bn_s42,face_transfer,124,two_cross,RFW WM64,Objects,0.37,0.39,50,within_sampled_range,UU,108,100.0,runs/yin_latest_vgg_20260927/transfer/results/r21vgg2k_vgg16_bn_s42/faces_rfwWM64/objects/results.csv,UU
noaa,VGG2k / no AA,r21vgg2k_vgg16_bn_s42,face_transfer,124,two_cross,RFW WM64,Objects,0.37,0.39,50,within_sampled_range,UU,109,95.83333333333334,runs/yin_latest_vgg_20260927/transfer/results/r21vgg2k_vgg16_bn_s42/faces_rfwWM64/objects/results.csv,UU
noaa,VGG2k / no AA,r21vgg2k_vgg16_bn_s42,face_transfer,124,two_cross,RFW WM64,Objects,0.37,0.39,50,within_sampled_range,UU,110,83.33333333333334,runs/yin_latest_vgg_20260927/transfer/results/r21vgg2k_vgg16_bn_s42/faces_rfwWM64/objects/results.csv,UU
noaa,VGG2k / no AA,r21vgg2k_vgg16_bn_s42,face_transfer,124,two_cross,RFW WM64,Objects,0.37,0.39,50,within_sampled_range,UU,111,91.66666666666666,runs/yin_latest_vgg_20260927/transfer/results/r21vgg2k_vgg16_bn_s42/faces_rfwWM64/objects/results.csv,UU
noaa,VGG2k / no AA,r21vgg2k_vgg16_bn_s42,face_transfer,124,two_cross,RFW WM64,Objects,0.37,0.39,50,within_sampled_range,UU,112,100.0,runs/yin_latest_vgg_20260927/transfer/results/r21vgg2k_vgg16_bn_s42/faces_rfwWM64/objects/results.csv,UU
noaa,VGG2k / no AA,r21vgg2k_vgg16_bn_s42,face_transfer,124,two_cross,RFW WM64,Objects,0.37,0.39,50,within_sampled_range,UU,113,95.83333333333334,runs/yin_latest_vgg_20260927/transfer/results/r21vgg2k_vgg16_bn_s42/faces_rfwWM64/objects/results.csv,UU
noaa,VGG2k / no AA,r21vgg2k_vgg16_bn_s42,face_transfer,124,two_cross,RFW WM64,Objects,0.37,0.39,50,within_sampled_range,UU,114,95.83333333333334,runs/yin_latest_vgg_20260927/transfer/results/r21vgg2k_vgg16_bn_s42/faces_rfwWM64/objects/results.csv,UU
noaa,VGG2k / no AA,r21vgg2k_vgg16_bn_s42,face_transfer,124,two_cross,RFW WM64,Objects,0.37,0.39,50,within_sampled_range,UU,115,100.0,runs/yin_latest_vgg_20260927/transfer/results/r21vgg2k_vgg16_bn_s42/faces_rfwWM64/objects/results.csv,UU
noaa,VGG2k / no AA,r21vgg2k_vgg16_bn_s42,face_transfer,124,two_cross,RFW WM64,Objects,0.37,0.39,50,within_sampled_range,UU,116,91.66666666666666,runs/yin_latest_vgg_20260927/transfer/results/r21vgg2k_vgg16_bn_s42/faces_rfwWM64/objects/results.csv,UU
noaa,VGG2k / no AA,r21vgg2k_vgg16_bn_s42,face_transfer,124,two_cross,RFW WM64,Objects,0.37,0.39,50,within_sampled_range,UU,117,87.5,runs/yin_latest_vgg_20260927/transfer/results/r21vgg2k_vgg16_bn_s42/faces_rfwWM64/objects/results.csv,UU
noaa,VGG2k / no AA,r21vgg2k_vgg16_bn_s42,face_transfer,124,two_cross,RFW WM64,Objects,0.37,0.39,50,within_sampled_range,UU,118,87.5,runs/yin_latest_vgg_20260927/transfer/results/r21vgg2k_vgg16_bn_s42/faces_rfwWM64/objects/results.csv,UU
noaa,VGG2k / no AA,r21vgg2k_vgg16_bn_s42,face_transfer,124,two_cross,RFW WM64,Objects,0.37,0.39,50,within_sampled_range,UU,119,95.83333333333334,runs/yin_latest_vgg_20260927/transfer/results/r21vgg2k_vgg16_bn_s42/faces_rfwWM64/objects/results.csv,UU
noaa,VGG2k / no AA,r21vgg2k_vgg16_bn_s42,face_transfer,124,two_cross,RFW WM64,Objects,0.37,0.39,50,within_sampled_range,UU,120,91.66666666666666,runs/yin_latest_vgg_20260927/transfer/results/r21vgg2k_vgg16_bn_s42/faces_rfwWM64/objects/results.csv,UU
noaa,VGG2k / no AA,r21vgg2k_vgg16_bn_s42,face_transfer,124,two_cross,RFW WM64,Objects,0.37,0.39,50,within_sampled_range,UU,121,91.66666666666666,runs/yin_latest_vgg_20260927/transfer/results/r21vgg2k_vgg16_bn_s42/faces_rfwWM64/objects/results.csv,UU
noaa,VGG2k / no AA,r21vgg2k_vgg16_bn_s42,face_transfer,124,two_cross,RFW WM64,Objects,0.37,0.39,50,within_sampled_range,UU,122,100.0,runs/yin_latest_vgg_20260927/transfer/results/r21vgg2k_vgg16_bn_s42/faces_rfwWM64/objects/results.csv,UU
noaa,VGG2k / no AA,r21vgg2k_vgg16_bn_s42,face_transfer,124,two_cross,RFW WM64,Objects,0.37,0.39,50,within_sampled_range,UU,123,95.83333333333334,runs/yin_latest_vgg_20260927/transfer/results/r21vgg2k_vgg16_bn_s42/faces_rfwWM64/objects/results.csv,UU
noaa,VGG2k / no AA,r21vgg2k_vgg16_bn_s42,face_transfer,124,two_cross,RFW WM64,Objects,0.37,0.39,50,within_sampled_range,UU,124,91.66666666666666,runs/yin_latest_vgg_20260927/transfer/results/r21vgg2k_vgg16_bn_s42/faces_rfwWM64/objects/results.csv,UU
noaa,VGG2k / no AA,r21vgg2k_vgg16_bn_s42,face_transfer,124,two_cross,RFW WM64,Objects,0.37,0.39,50,within_sampled_range,UU,125,100.0,runs/yin_latest_vgg_20260927/transfer/results/r21vgg2k_vgg16_bn_s42/faces_rfwWM64/objects/results.csv,UU
noaa,VGG2k / no AA,r21vgg2k_vgg16_bn_s42,face_transfer,124,two_cross,RFW WM64,Objects,0.37,0.39,50,within_sampled_range,UU,126,91.66666666666666,runs/yin_latest_vgg_20260927/transfer/results/r21vgg2k_vgg16_bn_s42/faces_rfwWM64/objects/results.csv,UU
noaa,VGG2k / no AA,r21vgg2k_vgg16_bn_s42,face_transfer,124,two_cross,RFW WM64,Objects,0.37,0.39,50,within_sampled_range,UU,127,100.0,runs/yin_latest_vgg_20260927/transfer/results/r21vgg2k_vgg16_bn_s42/faces_rfwWM64/objects/results.csv,UU
noaa,VGG2k / no AA,r21vgg2k_vgg16_bn_s42,face_transfer,124,two_cross,RFW WM64,Objects,0.37,0.39,50,within_sampled_range,UU,128,87.5,runs/yin_latest_vgg_20260927/transfer/results/r21vgg2k_vgg16_bn_s42/faces_rfwWM64/objects/results.csv,UU
noaa,VGG2k / no AA,r21vgg2k_vgg16_bn_s42,face_transfer,124,two_cross,RFW WM64,Objects,0.37,0.39,50,within_sampled_range,UU,129,100.0,runs/yin_latest_vgg_20260927/transfer/results/r21vgg2k_vgg16_bn_s42/faces_rfwWM64/objects/results.csv,UU
noaa,VGG2k / no AA,r21vgg2k_vgg16_bn_s42,face_transfer,124,two_cross,RFW WM64,Objects,0.37,0.39,50,within_sampled_range,UU,130,91.66666666666666,runs/yin_latest_vgg_20260927/transfer/results/r21vgg2k_vgg16_bn_s42/faces_rfwWM64/objects/results.csv,UU
noaa,VGG2k / no AA,r21vgg2k_vgg16_bn_s42,face_transfer,124,two_cross,RFW WM64,Objects,0.37,0.39,50,within_sampled_range,UU,131,95.83333333333334,runs/yin_latest_vgg_20260927/transfer/results/r21vgg2k_vgg16_bn_s42/faces_rfwWM64/objects/results.csv,UU
noaa,VGG2k / no AA,r21vgg2k_vgg16_bn_s42,face_transfer,124,two_cross,RFW WM64,Objects,0.37,0.39,50,within_sampled_range,UU,132,91.66666666666666,runs/yin_latest_vgg_20260927/transfer/results/r21vgg2k_vgg16_bn_s42/faces_rfwWM64/objects/results.csv,UU
noaa,VGG2k / no AA,r21vgg2k_vgg16_bn_s42,face_transfer,124,two_cross,RFW WM64,Objects,0.37,0.39,50,within_sampled_range,UU,133,87.5,runs/yin_latest_vgg_20260927/transfer/results/r21vgg2k_vgg16_bn_s42/faces_rfwWM64/objects/results.csv,UU
noaa,VGG2k / no AA,r21vgg2k_vgg16_bn_s42,face_transfer,124,two_cross,RFW WM64,Objects,0.37,0.39,50,within_sampled_range,UU,134,95.83333333333334,runs/yin_latest_vgg_20260927/transfer/results/r21vgg2k_vgg16_bn_s42/faces_rfwWM64/objects/results.csv,UU
noaa,VGG2k / no AA,r21vgg2k_vgg16_bn_s42,face_transfer,124,two_cross,RFW WM64,Objects,0.37,0.39,50,within_sampled_range,UU,135,95.83333333333334,runs/yin_latest_vgg_20260927/transfer/results/r21vgg2k_vgg16_bn_s42/faces_rfwWM64/objects/results.csv,UU
noaa,VGG2k / no AA,r21vgg2k_vgg16_bn_s42,face_transfer,124,two_cross,RFW WM64,Objects,0.37,0.39,50,within_sampled_range,UU,136,95.83333333333334,runs/yin_latest_vgg_20260927/transfer/results/r21vgg2k_vgg16_bn_s42/faces_rfwWM64/objects/results.csv,UU
noaa,VGG2k / no AA,r21vgg2k_vgg16_bn_s42,face_transfer,124,two_cross,RFW WM64,Objects,0.37,0.39,50,within_sampled_range,UU,137,95.83333333333334,runs/yin_latest_vgg_20260927/transfer/results/r21vgg2k_vgg16_bn_s42/faces_rfwWM64/objects/results.csv,UU
noaa,VGG2k / no AA,r21vgg2k_vgg16_bn_s42,face_transfer,124,two_cross,RFW WM64,Objects,0.37,0.39,50,within_sampled_range,UU,138,95.83333333333334,runs/yin_latest_vgg_20260927/transfer/results/r21vgg2k_vgg16_bn_s42/faces_rfwWM64/objects/results.csv,UU
noaa,VGG2k / no AA,r21vgg2k_vgg16_bn_s42,face_transfer,124,two_cross,RFW WM64,Objects,0.37,0.39,50,within_sampled_range,UU,139,79.16666666666666,runs/yin_latest_vgg_20260927/transfer/results/r21vgg2k_vgg16_bn_s42/faces_rfwWM64/objects/results.csv,UU
noaa,VGG2k / no AA,r21vgg2k_vgg16_bn_s42,face_transfer,124,two_cross,RFW WM64,Objects,0.37,0.39,50,within_sampled_range,UU,140,87.5,runs/yin_latest_vgg_20260927/transfer/results/r21vgg2k_vgg16_bn_s42/faces_rfwWM64/objects/results.csv,UU
noaa,VGG2k / no AA,r21vgg2k_vgg16_bn_s42,face_transfer,124,two_cross,RFW WM64,Objects,0.37,0.39,50,within_sampled_range,UU,141,95.83333333333334,runs/yin_latest_vgg_20260927/transfer/results/r21vgg2k_vgg16_bn_s42/faces_rfwWM64/objects/results.csv,UU
noaa,VGG2k / no AA,r21vgg2k_vgg16_bn_s42,face_transfer,124,two_cross,RFW WM64,Objects,0.37,0.39,50,within_sampled_range,UU,142,91.66666666666666,runs/yin_latest_vgg_20260927/transfer/results/r21vgg2k_vgg16_bn_s42/faces_rfwWM64/objects/results.csv,UU
noaa,VGG2k / no AA,r21vgg2k_vgg16_bn_s42,face_transfer,124,two_cross,RFW WM64,Objects,0.37,0.39,50,within_sampled_range,UU,143,91.66666666666666,runs/yin_latest_vgg_20260927/transfer/results/r21vgg2k_vgg16_bn_s42/faces_rfwWM64/objects/results.csv,UU
noaa,VGG2k / no AA,r21vgg2k_vgg16_bn_s42,face_transfer,124,two_cross,RFW WM64,Objects,0.37,0.39,50,within_sampled_range,UU,144,95.83333333333334,runs/yin_latest_vgg_20260927/transfer/results/r21vgg2k_vgg16_bn_s42/faces_rfwWM64/objects/results.csv,UU
noaa,VGG2k / no AA,r21vgg2k_vgg16_bn_s42,face_transfer,124,two_cross,RFW WM64,Objects,0.37,0.39,50,within_sampled_range,UU,145,100.0,runs/yin_latest_vgg_20260927/transfer/results/r21vgg2k_vgg16_bn_s42/faces_rfwWM64/objects/results.csv,UU
noaa,VGG2k / no AA,r21vgg2k_vgg16_bn_s42,face_transfer,124,two_cross,RFW WM64,Objects,0.37,0.39,50,within_sampled_range,UU,146,95.83333333333334,runs/yin_latest_vgg_20260927/transfer/results/r21vgg2k_vgg16_bn_s42/faces_rfwWM64/objects/results.csv,UU
noaa,VGG2k / no AA,r21vgg2k_vgg16_bn_s42,face_transfer,124,two_cross,RFW WM64,Objects,0.37,0.39,50,within_sampled_range,UU,147,83.33333333333334,runs/yin_latest_vgg_20260927/transfer/results/r21vgg2k_vgg16_bn_s42/faces_rfwWM64/objects/results.csv,UU
noaa,VGG2k / no AA,r21vgg2k_vgg16_bn_s42,face_transfer,124,two_cross,RFW WM64,Objects,0.37,0.39,50,within_sampled_range,UU,148,91.66666666666666,runs/yin_latest_vgg_20260927/transfer/results/r21vgg2k_vgg16_bn_s42/faces_rfwWM64/objects/results.csv,UU
noaa,VGG2k / no AA,r21vgg2k_vgg16_bn_s42,face_transfer,124,two_cross,RFW WM64,Objects,0.37,0.39,50,within_sampled_range,UU,149,87.5,runs/yin_latest_vgg_20260927/transfer/results/r21vgg2k_vgg16_bn_s42/faces_rfwWM64/objects/results.csv,UU
noaa,VGG2k / no AA,r21vgg2k_vgg16_bn_s42,face_transfer,124,two_cross,RFW WM64,Objects,0.37,0.39,50,within_sampled_range,UU,150,95.83333333333334,runs/yin_latest_vgg_20260927/transfer/results/r21vgg2k_vgg16_bn_s42/faces_rfwWM64/objects/results.csv,UU
noaa,VGG2k / no AA,r21vgg2k_vgg16_bn_s42,face_transfer,124,two_cross,RFW WM64,Objects,0.37,0.39,50,within_sampled_range,II,101,87.5,runs/yin_latest_vgg_20260927/transfer/results/r21vgg2k_vgg16_bn_s42/faces_rfwWM64/objects/results.csv,II
noaa,VGG2k / no AA,r21vgg2k_vgg16_bn_s42,face_transfer,124,two_cross,RFW WM64,Objects,0.37,0.39,50,within_sampled_range,II,102,91.66666666666666,runs/yin_latest_vgg_20260927/transfer/results/r21vgg2k_vgg16_bn_s42/faces_rfwWM64/objects/results.csv,II
noaa,VGG2k / no AA,r21vgg2k_vgg16_bn_s42,face_transfer,124,two_cross,RFW WM64,Objects,0.37,0.39,50,within_sampled_range,II,103,79.16666666666666,runs/yin_latest_vgg_20260927/transfer/results/r21vgg2k_vgg16_bn_s42/faces_rfwWM64/objects/results.csv,II
noaa,VGG2k / no AA,r21vgg2k_vgg16_bn_s42,face_transfer,124,two_cross,RFW WM64,Objects,0.37,0.39,50,within_sampled_range,II,104,95.83333333333334,runs/yin_latest_vgg_20260927/transfer/results/r21vgg2k_vgg16_bn_s42/faces_rfwWM64/objects/results.csv,II
noaa,VGG2k / no AA,r21vgg2k_vgg16_bn_s42,face_transfer,124,two_cross,RFW WM64,Objects,0.37,0.39,50,within_sampled_range,II,105,79.16666666666666,runs/yin_latest_vgg_20260927/transfer/results/r21vgg2k_vgg16_bn_s42/faces_rfwWM64/objects/results.csv,II
noaa,VGG2k / no AA,r21vgg2k_vgg16_bn_s42,face_transfer,124,two_cross,RFW WM64,Objects,0.37,0.39,50,within_sampled_range,II,106,87.5,runs/yin_latest_vgg_20260927/transfer/results/r21vgg2k_vgg16_bn_s42/faces_rfwWM64/objects/results.csv,II
noaa,VGG2k / no AA,r21vgg2k_vgg16_bn_s42,face_transfer,124,two_cross,RFW WM64,Objects,0.37,0.39,50,within_sampled_range,II,107,95.83333333333334,runs/yin_latest_vgg_20260927/transfer/results/r21vgg2k_vgg16_bn_s42/faces_rfwWM64/objects/results.csv,II
noaa,VGG2k / no AA,r21vgg2k_vgg16_bn_s42,face_transfer,124,two_cross,RFW WM64,Objects,0.37,0.39,50,within_sampled_range,II,108,91.66666666666666,runs/yin_latest_vgg_20260927/transfer/results/r21vgg2k_vgg16_bn_s42/faces_rfwWM64/objects/results.csv,II
noaa,VGG2k / no AA,r21vgg2k_vgg16_bn_s42,face_transfer,124,two_cross,RFW WM64,Objects,0.37,0.39,50,within_sampled_range,II,109,79.16666666666666,runs/yin_latest_vgg_20260927/transfer/results/r21vgg2k_vgg16_bn_s42/faces_rfwWM64/objects/results.csv,II
noaa,VGG2k / no AA,r21vgg2k_vgg16_bn_s42,face_transfer,124,two_cross,RFW WM64,Objects,0.37,0.39,50,within_sampled_range,II,110,87.5,runs/yin_latest_vgg_20260927/transfer/results/r21vgg2k_vgg16_bn_s42/faces_rfwWM64/objects/results.csv,II
noaa,VGG2k / no AA,r21vgg2k_vgg16_bn_s42,face_transfer,124,two_cross,RFW WM64,Objects,0.37,0.39,50,within_sampled_range,II,111,87.5,runs/yin_latest_vgg_20260927/transfer/results/r21vgg2k_vgg16_bn_s42/faces_rfwWM64/objects/results.csv,II
noaa,VGG2k / no AA,r21vgg2k_vgg16_bn_s42,face_transfer,124,two_cross,RFW WM64,Objects,0.37,0.39,50,within_sampled_range,II,112,91.66666666666666,runs/yin_latest_vgg_20260927/transfer/results/r21vgg2k_vgg16_bn_s42/faces_rfwWM64/objects/results.csv,II
noaa,VGG2k / no AA,r21vgg2k_vgg16_bn_s42,face_transfer,124,two_cross,RFW WM64,Objects,0.37,0.39,50,within_sampled_range,II,113,79.16666666666666,runs/yin_latest_vgg_20260927/transfer/results/r21vgg2k_vgg16_bn_s42/faces_rfwWM64/objects/results.csv,II
noaa,VGG2k / no AA,r21vgg2k_vgg16_bn_s42,face_transfer,124,two_cross,RFW WM64,Objects,0.37,0.39,50,within_sampled_range,II,114,95.83333333333334,runs/yin_latest_vgg_20260927/transfer/results/r21vgg2k_vgg16_bn_s42/faces_rfwWM64/objects/results.csv,II
noaa,VGG2k / no AA,r21vgg2k_vgg16_bn_s42,face_transfer,124,two_cross,RFW WM64,Objects,0.37,0.39,50,within_sampled_range,II,115,87.5,runs/yin_latest_vgg_20260927/transfer/results/r21vgg2k_vgg16_bn_s42/faces_rfwWM64/objects/results.csv,II
noaa,VGG2k / no AA,r21vgg2k_vgg16_bn_s42,face_transfer,124,two_cross,RFW WM64,Objects,0.37,0.39,50,within_sampled_range,II,116,91.66666666666666,runs/yin_latest_vgg_20260927/transfer/results/r21vgg2k_vgg16_bn_s42/faces_rfwWM64/objects/results.csv,II
noaa,VGG2k / no AA,r21vgg2k_vgg16_bn_s42,face_transfer,124,two_cross,RFW WM64,Objects,0.37,0.39,50,within_sampled_range,II,117,83.33333333333334,runs/yin_latest_vgg_20260927/transfer/results/r21vgg2k_vgg16_bn_s42/faces_rfwWM64/objects/results.csv,II
noaa,VGG2k / no AA,r21vgg2k_vgg16_bn_s42,face_transfer,124,two_cross,RFW WM64,Objects,0.37,0.39,50,within_sampled_range,II,118,95.83333333333334,runs/yin_latest_vgg_20260927/transfer/results/r21vgg2k_vgg16_bn_s42/faces_rfwWM64/objects/results.csv,II
noaa,VGG2k / no AA,r21vgg2k_vgg16_bn_s42,face_transfer,124,two_cross,RFW WM64,Objects,0.37,0.39,50,within_sampled_range,II,119,91.66666666666666,runs/yin_latest_vgg_20260927/transfer/results/r21vgg2k_vgg16_bn_s42/faces_rfwWM64/objects/results.csv,II
noaa,VGG2k / no AA,r21vgg2k_vgg16_bn_s42,face_transfer,124,two_cross,RFW WM64,Objects,0.37,0.39,50,within_sampled_range,II,120,91.66666666666666,runs/yin_latest_vgg_20260927/transfer/results/r21vgg2k_vgg16_bn_s42/faces_rfwWM64/objects/results.csv,II
noaa,VGG2k / no AA,r21vgg2k_vgg16_bn_s42,face_transfer,124,two_cross,RFW WM64,Objects,0.37,0.39,50,within_sampled_range,II,121,91.66666666666666,runs/yin_latest_vgg_20260927/transfer/results/r21vgg2k_vgg16_bn_s42/faces_rfwWM64/objects/results.csv,II
noaa,VGG2k / no AA,r21vgg2k_vgg16_bn_s42,face_transfer,124,two_cross,RFW WM64,Objects,0.37,0.39,50,within_sampled_range,II,122,95.83333333333334,runs/yin_latest_vgg_20260927/transfer/results/r21vgg2k_vgg16_bn_s42/faces_rfwWM64/objects/results.csv,II
noaa,VGG2k / no AA,r21vgg2k_vgg16_bn_s42,face_transfer,124,two_cross,RFW WM64,Objects,0.37,0.39,50,within_sampled_range,II,123,87.5,runs/yin_latest_vgg_20260927/transfer/results/r21vgg2k_vgg16_bn_s42/faces_rfwWM64/objects/results.csv,II
noaa,VGG2k / no AA,r21vgg2k_vgg16_bn_s42,face_transfer,124,two_cross,RFW WM64,Objects,0.37,0.39,50,within_sampled_range,II,124,87.5,runs/yin_latest_vgg_20260927/transfer/results/r21vgg2k_vgg16_bn_s42/faces_rfwWM64/objects/results.csv,II
noaa,VGG2k / no AA,r21vgg2k_vgg16_bn_s42,face_transfer,124,two_cross,RFW WM64,Objects,0.37,0.39,50,within_sampled_range,II,125,87.5,runs/yin_latest_vgg_20260927/transfer/results/r21vgg2k_vgg16_bn_s42/faces_rfwWM64/objects/results.csv,II
noaa,VGG2k / no AA,r21vgg2k_vgg16_bn_s42,face_transfer,124,two_cross,RFW WM64,Objects,0.37,0.39,50,within_sampled_range,II,126,95.83333333333334,runs/yin_latest_vgg_20260927/transfer/results/r21vgg2k_vgg16_bn_s42/faces_rfwWM64/objects/results.csv,II
noaa,VGG2k / no AA,r21vgg2k_vgg16_bn_s42,face_transfer,124,two_cross,RFW WM64,Objects,0.37,0.39,50,within_sampled_range,II,127,87.5,runs/yin_latest_vgg_20260927/transfer/results/r21vgg2k_vgg16_bn_s42/faces_rfwWM64/objects/results.csv,II
noaa,VGG2k / no AA,r21vgg2k_vgg16_bn_s42,face_transfer,124,two_cross,RFW WM64,Objects,0.37,0.39,50,within_sampled_range,II,128,87.5,runs/yin_latest_vgg_20260927/transfer/results/r21vgg2k_vgg16_bn_s42/faces_rfwWM64/objects/results.csv,II
noaa,VGG2k / no AA,r21vgg2k_vgg16_bn_s42,face_transfer,124,two_cross,RFW WM64,Objects,0.37,0.39,50,within_sampled_range,II,129,91.66666666666666,runs/yin_latest_vgg_20260927/transfer/results/r21vgg2k_vgg16_bn_s42/faces_rfwWM64/objects/results.csv,II
noaa,VGG2k / no AA,r21vgg2k_vgg16_bn_s42,face_transfer,124,two_cross,RFW WM64,Objects,0.37,0.39,50,within_sampled_range,II,130,100.0,runs/yin_latest_vgg_20260927/transfer/results/r21vgg2k_vgg16_bn_s42/faces_rfwWM64/objects/results.csv,II
noaa,VGG2k / no AA,r21vgg2k_vgg16_bn_s42,face_transfer,124,two_cross,RFW WM64,Objects,0.37,0.39,50,within_sampled_range,II,131,83.33333333333334,runs/yin_latest_vgg_20260927/transfer/results/r21vgg2k_vgg16_bn_s42/faces_rfwWM64/objects/results.csv,II
noaa,VGG2k / no AA,r21vgg2k_vgg16_bn_s42,face_transfer,124,two_cross,RFW WM64,Objects,0.37,0.39,50,within_sampled_range,II,132,79.16666666666666,runs/yin_latest_vgg_20260927/transfer/results/r21vgg2k_vgg16_bn_s42/faces_rfwWM64/objects/results.csv,II
noaa,VGG2k / no AA,r21vgg2k_vgg16_bn_s42,face_transfer,124,two_cross,RFW WM64,Objects,0.37,0.39,50,within_sampled_range,II,133,91.66666666666666,runs/yin_latest_vgg_20260927/transfer/results/r21vgg2k_vgg16_bn_s42/faces_rfwWM64/objects/results.csv,II
noaa,VGG2k / no AA,r21vgg2k_vgg16_bn_s42,face_transfer,124,two_cross,RFW WM64,Objects,0.37,0.39,50,within_sampled_range,II,134,91.66666666666666,runs/yin_latest_vgg_20260927/transfer/results/r21vgg2k_vgg16_bn_s42/faces_rfwWM64/objects/results.csv,II
noaa,VGG2k / no AA,r21vgg2k_vgg16_bn_s42,face_transfer,124,two_cross,RFW WM64,Objects,0.37,0.39,50,within_sampled_range,II,135,83.33333333333334,runs/yin_latest_vgg_20260927/transfer/results/r21vgg2k_vgg16_bn_s42/faces_rfwWM64/objects/results.csv,II
noaa,VGG2k / no AA,r21vgg2k_vgg16_bn_s42,face_transfer,124,two_cross,RFW WM64,Objects,0.37,0.39,50,within_sampled_range,II,136,95.83333333333334,runs/yin_latest_vgg_20260927/transfer/results/r21vgg2k_vgg16_bn_s42/faces_rfwWM64/objects/results.csv,II
noaa,VGG2k / no AA,r21vgg2k_vgg16_bn_s42,face_transfer,124,two_cross,RFW WM64,Objects,0.37,0.39,50,within_sampled_range,II,137,100.0,runs/yin_latest_vgg_20260927/transfer/results/r21vgg2k_vgg16_bn_s42/faces_rfwWM64/objects/results.csv,II
noaa,VGG2k / no AA,r21vgg2k_vgg16_bn_s42,face_transfer,124,two_cross,RFW WM64,Objects,0.37,0.39,50,within_sampled_range,II,138,83.33333333333334,runs/yin_latest_vgg_20260927/transfer/results/r21vgg2k_vgg16_bn_s42/faces_rfwWM64/objects/results.csv,II
noaa,VGG2k / no AA,r21vgg2k_vgg16_bn_s42,face_transfer,124,two_cross,RFW WM64,Objects,0.37,0.39,50,within_sampled_range,II,139,87.5,runs/yin_latest_vgg_20260927/transfer/results/r21vgg2k_vgg16_bn_s42/faces_rfwWM64/objects/results.csv,II
noaa,VGG2k / no AA,r21vgg2k_vgg16_bn_s42,face_transfer,124,two_cross,RFW WM64,Objects,0.37,0.39,50,within_sampled_range,II,140,87.5,runs/yin_latest_vgg_20260927/transfer/results/r21vgg2k_vgg16_bn_s42/faces_rfwWM64/objects/results.csv,II
noaa,VGG2k / no AA,r21vgg2k_vgg16_bn_s42,face_transfer,124,two_cross,RFW WM64,Objects,0.37,0.39,50,within_sampled_range,II,141,91.66666666666666,runs/yin_latest_vgg_20260927/transfer/results/r21vgg2k_vgg16_bn_s42/faces_rfwWM64/objects/results.csv,II
noaa,VGG2k / no AA,r21vgg2k_vgg16_bn_s42,face_transfer,124,two_cross,RFW WM64,Objects,0.37,0.39,50,within_sampled_range,II,142,87.5,runs/yin_latest_vgg_20260927/transfer/results/r21vgg2k_vgg16_bn_s42/faces_rfwWM64/objects/results.csv,II
noaa,VGG2k / no AA,r21vgg2k_vgg16_bn_s42,face_transfer,124,two_cross,RFW WM64,Objects,0.37,0.39,50,within_sampled_range,II,143,87.5,runs/yin_latest_vgg_20260927/transfer/results/r21vgg2k_vgg16_bn_s42/faces_rfwWM64/objects/results.csv,II
noaa,VGG2k / no AA,r21vgg2k_vgg16_bn_s42,face_transfer,124,two_cross,RFW WM64,Objects,0.37,0.39,50,within_sampled_range,II,144,91.66666666666666,runs/yin_latest_vgg_20260927/transfer/results/r21vgg2k_vgg16_bn_s42/faces_rfwWM64/objects/results.csv,II
noaa,VGG2k / no AA,r21vgg2k_vgg16_bn_s42,face_transfer,124,two_cross,RFW WM64,Objects,0.37,0.39,50,within_sampled_range,II,145,87.5,runs/yin_latest_vgg_20260927/transfer/results/r21vgg2k_vgg16_bn_s42/faces_rfwWM64/objects/results.csv,II
noaa,VGG2k / no AA,r21vgg2k_vgg16_bn_s42,face_transfer,124,two_cross,RFW WM64,Objects,0.37,0.39,50,within_sampled_range,II,146,79.16666666666666,runs/yin_latest_vgg_20260927/transfer/results/r21vgg2k_vgg16_bn_s42/faces_rfwWM64/objects/results.csv,II
noaa,VGG2k / no AA,r21vgg2k_vgg16_bn_s42,face_transfer,124,two_cross,RFW WM64,Objects,0.37,0.39,50,within_sampled_range,II,147,87.5,runs/yin_latest_vgg_20260927/transfer/results/r21vgg2k_vgg16_bn_s42/faces_rfwWM64/objects/results.csv,II
noaa,VGG2k / no AA,r21vgg2k_vgg16_bn_s42,face_transfer,124,two_cross,RFW WM64,Objects,0.37,0.39,50,within_sampled_range,II,148,87.5,runs/yin_latest_vgg_20260927/transfer/results/r21vgg2k_vgg16_bn_s42/faces_rfwWM64/objects/results.csv,II
noaa,VGG2k / no AA,r21vgg2k_vgg16_bn_s42,face_transfer,124,two_cross,RFW WM64,Objects,0.37,0.39,50,within_sampled_range,II,149,83.33333333333334,runs/yin_latest_vgg_20260927/transfer/results/r21vgg2k_vgg16_bn_s42/faces_rfwWM64/objects/results.csv,II
noaa,VGG2k / no AA,r21vgg2k_vgg16_bn_s42,face_transfer,124,two_cross,RFW WM64,Objects,0.37,0.39,50,within_sampled_range,II,150,100.0,runs/yin_latest_vgg_20260927/transfer/results/r21vgg2k_vgg16_bn_s42/faces_rfwWM64/objects/results.csv,II
noaa,VGG2k / no AA,r21vgg2k_vgg16_bn_s42,face_transfer,124,two_cross,RFW WM64,Objects,0.37,0.39,50,within_sampled_range,UI,101,83.33333333333334,runs/yin_latest_vgg_20260927/transfer/results/r21vgg2k_vgg16_bn_s42/faces_rfwWM64/objects/results.csv,UI_cross
noaa,VGG2k / no AA,r21vgg2k_vgg16_bn_s42,face_transfer,124,two_cross,RFW WM64,Objects,0.37,0.39,50,within_sampled_range,UI,102,87.5,runs/yin_latest_vgg_20260927/transfer/results/r21vgg2k_vgg16_bn_s42/faces_rfwWM64/objects/results.csv,UI_cross
noaa,VGG2k / no AA,r21vgg2k_vgg16_bn_s42,face_transfer,124,two_cross,RFW WM64,Objects,0.37,0.39,50,within_sampled_range,UI,103,87.5,runs/yin_latest_vgg_20260927/transfer/results/r21vgg2k_vgg16_bn_s42/faces_rfwWM64/objects/results.csv,UI_cross
noaa,VGG2k / no AA,r21vgg2k_vgg16_bn_s42,face_transfer,124,two_cross,RFW WM64,Objects,0.37,0.39,50,within_sampled_range,UI,104,91.66666666666666,runs/yin_latest_vgg_20260927/transfer/results/r21vgg2k_vgg16_bn_s42/faces_rfwWM64/objects/results.csv,UI_cross
noaa,VGG2k / no AA,r21vgg2k_vgg16_bn_s42,face_transfer,124,two_cross,RFW WM64,Objects,0.37,0.39,50,within_sampled_range,UI,105,95.83333333333334,runs/yin_latest_vgg_20260927/transfer/results/r21vgg2k_vgg16_bn_s42/faces_rfwWM64/objects/results.csv,UI_cross
noaa,VGG2k / no AA,r21vgg2k_vgg16_bn_s42,face_transfer,124,two_cross,RFW WM64,Objects,0.37,0.39,50,within_sampled_range,UI,106,95.83333333333334,runs/yin_latest_vgg_20260927/transfer/results/r21vgg2k_vgg16_bn_s42/faces_rfwWM64/objects/results.csv,UI_cross
noaa,VGG2k / no AA,r21vgg2k_vgg16_bn_s42,face_transfer,124,two_cross,RFW WM64,Objects,0.37,0.39,50,within_sampled_range,UI,107,91.66666666666666,runs/yin_latest_vgg_20260927/transfer/results/r21vgg2k_vgg16_bn_s42/faces_rfwWM64/objects/results.csv,UI_cross
noaa,VGG2k / no AA,r21vgg2k_vgg16_bn_s42,face_transfer,124,two_cross,RFW WM64,Objects,0.37,0.39,50,within_sampled_range,UI,108,91.66666666666666,runs/yin_latest_vgg_20260927/transfer/results/r21vgg2k_vgg16_bn_s42/faces_rfwWM64/objects/results.csv,UI_cross
noaa,VGG2k / no AA,r21vgg2k_vgg16_bn_s42,face_transfer,124,two_cross,RFW WM64,Objects,0.37,0.39,50,within_sampled_range,UI,109,83.33333333333334,runs/yin_latest_vgg_20260927/transfer/results/r21vgg2k_vgg16_bn_s42/faces_rfwWM64/objects/results.csv,UI_cross
noaa,VGG2k / no AA,r21vgg2k_vgg16_bn_s42,face_transfer,124,two_cross,RFW WM64,Objects,0.37,0.39,50,within_sampled_range,UI,110,91.66666666666666,runs/yin_latest_vgg_20260927/transfer/results/r21vgg2k_vgg16_bn_s42/faces_rfwWM64/objects/results.csv,UI_cross
noaa,VGG2k / no AA,r21vgg2k_vgg16_bn_s42,face_transfer,124,two_cross,RFW WM64,Objects,0.37,0.39,50,within_sampled_range,UI,111,91.66666666666666,runs/yin_latest_vgg_20260927/transfer/results/r21vgg2k_vgg16_bn_s42/faces_rfwWM64/objects/results.csv,UI_cross
noaa,VGG2k / no AA,r21vgg2k_vgg16_bn_s42,face_transfer,124,two_cross,RFW WM64,Objects,0.37,0.39,50,within_sampled_range,UI,112,87.5,runs/yin_latest_vgg_20260927/transfer/results/r21vgg2k_vgg16_bn_s42/faces_rfwWM64/objects/results.csv,UI_cross
noaa,VGG2k / no AA,r21vgg2k_vgg16_bn_s42,face_transfer,124,two_cross,RFW WM64,Objects,0.37,0.39,50,within_sampled_range,UI,113,87.5,runs/yin_latest_vgg_20260927/transfer/results/r21vgg2k_vgg16_bn_s42/faces_rfwWM64/objects/results.csv,UI_cross
noaa,VGG2k / no AA,r21vgg2k_vgg16_bn_s42,face_transfer,124,two_cross,RFW WM64,Objects,0.37,0.39,50,within_sampled_range,UI,114,95.83333333333334,runs/yin_latest_vgg_20260927/transfer/results/r21vgg2k_vgg16_bn_s42/faces_rfwWM64/objects/results.csv,UI_cross
noaa,VGG2k / no AA,r21vgg2k_vgg16_bn_s42,face_transfer,124,two_cross,RFW WM64,Objects,0.37,0.39,50,within_sampled_range,UI,115,95.83333333333334,runs/yin_latest_vgg_20260927/transfer/results/r21vgg2k_vgg16_bn_s42/faces_rfwWM64/objects/results.csv,UI_cross
noaa,VGG2k / no AA,r21vgg2k_vgg16_bn_s42,face_transfer,124,two_cross,RFW WM64,Objects,0.37,0.39,50,within_sampled_range,UI,116,87.5,runs/yin_latest_vgg_20260927/transfer/results/r21vgg2k_vgg16_bn_s42/faces_rfwWM64/objects/results.csv,UI_cross
noaa,VGG2k / no AA,r21vgg2k_vgg16_bn_s42,face_transfer,124,two_cross,RFW WM64,Objects,0.37,0.39,50,within_sampled_range,UI,117,91.66666666666666,runs/yin_latest_vgg_20260927/transfer/results/r21vgg2k_vgg16_bn_s42/faces_rfwWM64/objects/results.csv,UI_cross
noaa,VGG2k / no AA,r21vgg2k_vgg16_bn_s42,face_transfer,124,two_cross,RFW WM64,Objects,0.37,0.39,50,within_sampled_range,UI,118,87.5,runs/yin_latest_vgg_20260927/transfer/results/r21vgg2k_vgg16_bn_s42/faces_rfwWM64/objects/results.csv,UI_cross
noaa,VGG2k / no AA,r21vgg2k_vgg16_bn_s42,face_transfer,124,two_cross,RFW WM64,Objects,0.37,0.39,50,within_sampled_range,UI,119,87.5,runs/yin_latest_vgg_20260927/transfer/results/r21vgg2k_vgg16_bn_s42/faces_rfwWM64/objects/results.csv,UI_cross
noaa,VGG2k / no AA,r21vgg2k_vgg16_bn_s42,face_transfer,124,two_cross,RFW WM64,Objects,0.37,0.39,50,within_sampled_range,UI,120,87.5,runs/yin_latest_vgg_20260927/transfer/results/r21vgg2k_vgg16_bn_s42/faces_rfwWM64/objects/results.csv,UI_cross
noaa,VGG2k / no AA,r21vgg2k_vgg16_bn_s42,face_transfer,124,two_cross,RFW WM64,Objects,0.37,0.39,50,within_sampled_range,UI,121,79.16666666666666,runs/yin_latest_vgg_20260927/transfer/results/r21vgg2k_vgg16_bn_s42/faces_rfwWM64/objects/results.csv,UI_cross
noaa,VGG2k / no AA,r21vgg2k_vgg16_bn_s42,face_transfer,124,two_cross,RFW WM64,Objects,0.37,0.39,50,within_sampled_range,UI,122,87.5,runs/yin_latest_vgg_20260927/transfer/results/r21vgg2k_vgg16_bn_s42/faces_rfwWM64/objects/results.csv,UI_cross
noaa,VGG2k / no AA,r21vgg2k_vgg16_bn_s42,face_transfer,124,two_cross,RFW WM64,Objects,0.37,0.39,50,within_sampled_range,UI,123,75.0,runs/yin_latest_vgg_20260927/transfer/results/r21vgg2k_vgg16_bn_s42/faces_rfwWM64/objects/results.csv,UI_cross
noaa,VGG2k / no AA,r21vgg2k_vgg16_bn_s42,face_transfer,124,two_cross,RFW WM64,Objects,0.37,0.39,50,within_sampled_range,UI,124,87.5,runs/yin_latest_vgg_20260927/transfer/results/r21vgg2k_vgg16_bn_s42/faces_rfwWM64/objects/results.csv,UI_cross
noaa,VGG2k / no AA,r21vgg2k_vgg16_bn_s42,face_transfer,124,two_cross,RFW WM64,Objects,0.37,0.39,50,within_sampled_range,UI,125,100.0,runs/yin_latest_vgg_20260927/transfer/results/r21vgg2k_vgg16_bn_s42/faces_rfwWM64/objects/results.csv,UI_cross
noaa,VGG2k / no AA,r21vgg2k_vgg16_bn_s42,face_transfer,124,two_cross,RFW WM64,Objects,0.37,0.39,50,within_sampled_range,UI,126,95.83333333333334,runs/yin_latest_vgg_20260927/transfer/results/r21vgg2k_vgg16_bn_s42/faces_rfwWM64/objects/results.csv,UI_cross
noaa,VGG2k / no AA,r21vgg2k_vgg16_bn_s42,face_transfer,124,two_cross,RFW WM64,Objects,0.37,0.39,50,within_sampled_range,UI,127,83.33333333333334,runs/yin_latest_vgg_20260927/transfer/results/r21vgg2k_vgg16_bn_s42/faces_rfwWM64/objects/results.csv,UI_cross
noaa,VGG2k / no AA,r21vgg2k_vgg16_bn_s42,face_transfer,124,two_cross,RFW WM64,Objects,0.37,0.39,50,within_sampled_range,UI,128,87.5,runs/yin_latest_vgg_20260927/transfer/results/r21vgg2k_vgg16_bn_s42/faces_rfwWM64/objects/results.csv,UI_cross
noaa,VGG2k / no AA,r21vgg2k_vgg16_bn_s42,face_transfer,124,two_cross,RFW WM64,Objects,0.37,0.39,50,within_sampled_range,UI,129,95.83333333333334,runs/yin_latest_vgg_20260927/transfer/results/r21vgg2k_vgg16_bn_s42/faces_rfwWM64/objects/results.csv,UI_cross
noaa,VGG2k / no AA,r21vgg2k_vgg16_bn_s42,face_transfer,124,two_cross,RFW WM64,Objects,0.37,0.39,50,within_sampled_range,UI,130,95.83333333333334,runs/yin_latest_vgg_20260927/transfer/results/r21vgg2k_vgg16_bn_s42/faces_rfwWM64/objects/results.csv,UI_cross
noaa,VGG2k / no AA,r21vgg2k_vgg16_bn_s42,face_transfer,124,two_cross,RFW WM64,Objects,0.37,0.39,50,within_sampled_range,UI,131,83.33333333333334,runs/yin_latest_vgg_20260927/transfer/results/r21vgg2k_vgg16_bn_s42/faces_rfwWM64/objects/results.csv,UI_cross
noaa,VGG2k / no AA,r21vgg2k_vgg16_bn_s42,face_transfer,124,two_cross,RFW WM64,Objects,0.37,0.39,50,within_sampled_range,UI,132,75.0,runs/yin_latest_vgg_20260927/transfer/results/r21vgg2k_vgg16_bn_s42/faces_rfwWM64/objects/results.csv,UI_cross
noaa,VGG2k / no AA,r21vgg2k_vgg16_bn_s42,face_transfer,124,two_cross,RFW WM64,Objects,0.37,0.39,50,within_sampled_range,UI,133,79.16666666666666,runs/yin_latest_vgg_20260927/transfer/results/r21vgg2k_vgg16_bn_s42/faces_rfwWM64/objects/results.csv,UI_cross
noaa,VGG2k / no AA,r21vgg2k_vgg16_bn_s42,face_transfer,124,two_cross,RFW WM64,Objects,0.37,0.39,50,within_sampled_range,UI,134,91.66666666666666,runs/yin_latest_vgg_20260927/transfer/results/r21vgg2k_vgg16_bn_s42/faces_rfwWM64/objects/results.csv,UI_cross
noaa,VGG2k / no AA,r21vgg2k_vgg16_bn_s42,face_transfer,124,two_cross,RFW WM64,Objects,0.37,0.39,50,within_sampled_range,UI,135,87.5,runs/yin_latest_vgg_20260927/transfer/results/r21vgg2k_vgg16_bn_s42/faces_rfwWM64/objects/results.csv,UI_cross
noaa,VGG2k / no AA,r21vgg2k_vgg16_bn_s42,face_transfer,124,two_cross,RFW WM64,Objects,0.37,0.39,50,within_sampled_range,UI,136,87.5,runs/yin_latest_vgg_20260927/transfer/results/r21vgg2k_vgg16_bn_s42/faces_rfwWM64/objects/results.csv,UI_cross
noaa,VGG2k / no AA,r21vgg2k_vgg16_bn_s42,face_transfer,124,two_cross,RFW WM64,Objects,0.37,0.39,50,within_sampled_range,UI,137,87.5,runs/yin_latest_vgg_20260927/transfer/results/r21vgg2k_vgg16_bn_s42/faces_rfwWM64/objects/results.csv,UI_cross
noaa,VGG2k / no AA,r21vgg2k_vgg16_bn_s42,face_transfer,124,two_cross,RFW WM64,Objects,0.37,0.39,50,within_sampled_range,UI,138,87.5,runs/yin_latest_vgg_20260927/transfer/results/r21vgg2k_vgg16_bn_s42/faces_rfwWM64/objects/results.csv,UI_cross
noaa,VGG2k / no AA,r21vgg2k_vgg16_bn_s42,face_transfer,124,two_cross,RFW WM64,Objects,0.37,0.39,50,within_sampled_range,UI,139,83.33333333333334,runs/yin_latest_vgg_20260927/transfer/results/r21vgg2k_vgg16_bn_s42/faces_rfwWM64/objects/results.csv,UI_cross
noaa,VGG2k / no AA,r21vgg2k_vgg16_bn_s42,face_transfer,124,two_cross,RFW WM64,Objects,0.37,0.39,50,within_sampled_range,UI,140,83.33333333333334,runs/yin_latest_vgg_20260927/transfer/results/r21vgg2k_vgg16_bn_s42/faces_rfwWM64/objects/results.csv,UI_cross
noaa,VGG2k / no AA,r21vgg2k_vgg16_bn_s42,face_transfer,124,two_cross,RFW WM64,Objects,0.37,0.39,50,within_sampled_range,UI,141,79.16666666666666,runs/yin_latest_vgg_20260927/transfer/results/r21vgg2k_vgg16_bn_s42/faces_rfwWM64/objects/results.csv,UI_cross
noaa,VGG2k / no AA,r21vgg2k_vgg16_bn_s42,face_transfer,124,two_cross,RFW WM64,Objects,0.37,0.39,50,within_sampled_range,UI,142,75.0,runs/yin_latest_vgg_20260927/transfer/results/r21vgg2k_vgg16_bn_s42/faces_rfwWM64/objects/results.csv,UI_cross
noaa,VGG2k / no AA,r21vgg2k_vgg16_bn_s42,face_transfer,124,two_cross,RFW WM64,Objects,0.37,0.39,50,within_sampled_range,UI,143,91.66666666666666,runs/yin_latest_vgg_20260927/transfer/results/r21vgg2k_vgg16_bn_s42/faces_rfwWM64/objects/results.csv,UI_cross
noaa,VGG2k / no AA,r21vgg2k_vgg16_bn_s42,face_transfer,124,two_cross,RFW WM64,Objects,0.37,0.39,50,within_sampled_range,UI,144,83.33333333333334,runs/yin_latest_vgg_20260927/transfer/results/r21vgg2k_vgg16_bn_s42/faces_rfwWM64/objects/results.csv,UI_cross
noaa,VGG2k / no AA,r21vgg2k_vgg16_bn_s42,face_transfer,124,two_cross,RFW WM64,Objects,0.37,0.39,50,within_sampled_range,UI,145,95.83333333333334,runs/yin_latest_vgg_20260927/transfer/results/r21vgg2k_vgg16_bn_s42/faces_rfwWM64/objects/results.csv,UI_cross
noaa,VGG2k / no AA,r21vgg2k_vgg16_bn_s42,face_transfer,124,two_cross,RFW WM64,Objects,0.37,0.39,50,within_sampled_range,UI,146,87.5,runs/yin_latest_vgg_20260927/transfer/results/r21vgg2k_vgg16_bn_s42/faces_rfwWM64/objects/results.csv,UI_cross
noaa,VGG2k / no AA,r21vgg2k_vgg16_bn_s42,face_transfer,124,two_cross,RFW WM64,Objects,0.37,0.39,50,within_sampled_range,UI,147,87.5,runs/yin_latest_vgg_20260927/transfer/results/r21vgg2k_vgg16_bn_s42/faces_rfwWM64/objects/results.csv,UI_cross
noaa,VGG2k / no AA,r21vgg2k_vgg16_bn_s42,face_transfer,124,two_cross,RFW WM64,Objects,0.37,0.39,50,within_sampled_range,UI,148,79.16666666666666,runs/yin_latest_vgg_20260927/transfer/results/r21vgg2k_vgg16_bn_s42/faces_rfwWM64/objects/results.csv,UI_cross
noaa,VGG2k / no AA,r21vgg2k_vgg16_bn_s42,face_transfer,124,two_cross,RFW WM64,Objects,0.37,0.39,50,within_sampled_range,UI,149,83.33333333333334,runs/yin_latest_vgg_20260927/transfer/results/r21vgg2k_vgg16_bn_s42/faces_rfwWM64/objects/results.csv,UI_cross
noaa,VGG2k / no AA,r21vgg2k_vgg16_bn_s42,face_transfer,124,two_cross,RFW WM64,Objects,0.37,0.39,50,within_sampled_range,UI,150,83.33333333333334,runs/yin_latest_vgg_20260927/transfer/results/r21vgg2k_vgg16_bn_s42/faces_rfwWM64/objects/results.csv,UI_cross
noaa,VGG2k / no AA,r21vgg2k_vgg16_bn_s42,face_transfer,124,two_cross,RFW WM64,Objects,0.37,0.39,50,within_sampled_range,IU,101,91.66666666666666,runs/yin_latest_vgg_20260927/transfer/results/r21vgg2k_vgg16_bn_s42/faces_rfwWM64/objects/results.csv,IU
noaa,VGG2k / no AA,r21vgg2k_vgg16_bn_s42,face_transfer,124,two_cross,RFW WM64,Objects,0.37,0.39,50,within_sampled_range,IU,102,91.66666666666666,runs/yin_latest_vgg_20260927/transfer/results/r21vgg2k_vgg16_bn_s42/faces_rfwWM64/objects/results.csv,IU
noaa,VGG2k / no AA,r21vgg2k_vgg16_bn_s42,face_transfer,124,two_cross,RFW WM64,Objects,0.37,0.39,50,within_sampled_range,IU,103,91.66666666666666,runs/yin_latest_vgg_20260927/transfer/results/r21vgg2k_vgg16_bn_s42/faces_rfwWM64/objects/results.csv,IU
noaa,VGG2k / no AA,r21vgg2k_vgg16_bn_s42,face_transfer,124,two_cross,RFW WM64,Objects,0.37,0.39,50,within_sampled_range,IU,104,83.33333333333334,runs/yin_latest_vgg_20260927/transfer/results/r21vgg2k_vgg16_bn_s42/faces_rfwWM64/objects/results.csv,IU
noaa,VGG2k / no AA,r21vgg2k_vgg16_bn_s42,face_transfer,124,two_cross,RFW WM64,Objects,0.37,0.39,50,within_sampled_range,IU,105,91.66666666666666,runs/yin_latest_vgg_20260927/transfer/results/r21vgg2k_vgg16_bn_s42/faces_rfwWM64/objects/results.csv,IU
noaa,VGG2k / no AA,r21vgg2k_vgg16_bn_s42,face_transfer,124,two_cross,RFW WM64,Objects,0.37,0.39,50,within_sampled_range,IU,106,91.66666666666666,runs/yin_latest_vgg_20260927/transfer/results/r21vgg2k_vgg16_bn_s42/faces_rfwWM64/objects/results.csv,IU
noaa,VGG2k / no AA,r21vgg2k_vgg16_bn_s42,face_transfer,124,two_cross,RFW WM64,Objects,0.37,0.39,50,within_sampled_range,IU,107,95.83333333333334,runs/yin_latest_vgg_20260927/transfer/results/r21vgg2k_vgg16_bn_s42/faces_rfwWM64/objects/results.csv,IU
noaa,VGG2k / no AA,r21vgg2k_vgg16_bn_s42,face_transfer,124,two_cross,RFW WM64,Objects,0.37,0.39,50,within_sampled_range,IU,108,87.5,runs/yin_latest_vgg_20260927/transfer/results/r21vgg2k_vgg16_bn_s42/faces_rfwWM64/objects/results.csv,IU
noaa,VGG2k / no AA,r21vgg2k_vgg16_bn_s42,face_transfer,124,two_cross,RFW WM64,Objects,0.37,0.39,50,within_sampled_range,IU,109,87.5,runs/yin_latest_vgg_20260927/transfer/results/r21vgg2k_vgg16_bn_s42/faces_rfwWM64/objects/results.csv,IU
noaa,VGG2k / no AA,r21vgg2k_vgg16_bn_s42,face_transfer,124,two_cross,RFW WM64,Objects,0.37,0.39,50,within_sampled_range,IU,110,95.83333333333334,runs/yin_latest_vgg_20260927/transfer/results/r21vgg2k_vgg16_bn_s42/faces_rfwWM64/objects/results.csv,IU
noaa,VGG2k / no AA,r21vgg2k_vgg16_bn_s42,face_transfer,124,two_cross,RFW WM64,Objects,0.37,0.39,50,within_sampled_range,IU,111,87.5,runs/yin_latest_vgg_20260927/transfer/results/r21vgg2k_vgg16_bn_s42/faces_rfwWM64/objects/results.csv,IU
noaa,VGG2k / no AA,r21vgg2k_vgg16_bn_s42,face_transfer,124,two_cross,RFW WM64,Objects,0.37,0.39,50,within_sampled_range,IU,112,70.83333333333334,runs/yin_latest_vgg_20260927/transfer/results/r21vgg2k_vgg16_bn_s42/faces_rfwWM64/objects/results.csv,IU
noaa,VGG2k / no AA,r21vgg2k_vgg16_bn_s42,face_transfer,124,two_cross,RFW WM64,Objects,0.37,0.39,50,within_sampled_range,IU,113,79.16666666666666,runs/yin_latest_vgg_20260927/transfer/results/r21vgg2k_vgg16_bn_s42/faces_rfwWM64/objects/results.csv,IU
noaa,VGG2k / no AA,r21vgg2k_vgg16_bn_s42,face_transfer,124,two_cross,RFW WM64,Objects,0.37,0.39,50,within_sampled_range,IU,114,87.5,runs/yin_latest_vgg_20260927/transfer/results/r21vgg2k_vgg16_bn_s42/faces_rfwWM64/objects/results.csv,IU
noaa,VGG2k / no AA,r21vgg2k_vgg16_bn_s42,face_transfer,124,two_cross,RFW WM64,Objects,0.37,0.39,50,within_sampled_range,IU,115,91.66666666666666,runs/yin_latest_vgg_20260927/transfer/results/r21vgg2k_vgg16_bn_s42/faces_rfwWM64/objects/results.csv,IU
noaa,VGG2k / no AA,r21vgg2k_vgg16_bn_s42,face_transfer,124,two_cross,RFW WM64,Objects,0.37,0.39,50,within_sampled_range,IU,116,91.66666666666666,runs/yin_latest_vgg_20260927/transfer/results/r21vgg2k_vgg16_bn_s42/faces_rfwWM64/objects/results.csv,IU
noaa,VGG2k / no AA,r21vgg2k_vgg16_bn_s42,face_transfer,124,two_cross,RFW WM64,Objects,0.37,0.39,50,within_sampled_range,IU,117,83.33333333333334,runs/yin_latest_vgg_20260927/transfer/results/r21vgg2k_vgg16_bn_s42/faces_rfwWM64/objects/results.csv,IU
noaa,VGG2k / no AA,r21vgg2k_vgg16_bn_s42,face_transfer,124,two_cross,RFW WM64,Objects,0.37,0.39,50,within_sampled_range,IU,118,100.0,runs/yin_latest_vgg_20260927/transfer/results/r21vgg2k_vgg16_bn_s42/faces_rfwWM64/objects/results.csv,IU
noaa,VGG2k / no AA,r21vgg2k_vgg16_bn_s42,face_transfer,124,two_cross,RFW WM64,Objects,0.37,0.39,50,within_sampled_range,IU,119,91.66666666666666,runs/yin_latest_vgg_20260927/transfer/results/r21vgg2k_vgg16_bn_s42/faces_rfwWM64/objects/results.csv,IU
noaa,VGG2k / no AA,r21vgg2k_vgg16_bn_s42,face_transfer,124,two_cross,RFW WM64,Objects,0.37,0.39,50,within_sampled_range,IU,120,100.0,runs/yin_latest_vgg_20260927/transfer/results/r21vgg2k_vgg16_bn_s42/faces_rfwWM64/objects/results.csv,IU
noaa,VGG2k / no AA,r21vgg2k_vgg16_bn_s42,face_transfer,124,two_cross,RFW WM64,Objects,0.37,0.39,50,within_sampled_range,IU,121,87.5,runs/yin_latest_vgg_20260927/transfer/results/r21vgg2k_vgg16_bn_s42/faces_rfwWM64/objects/results.csv,IU
noaa,VGG2k / no AA,r21vgg2k_vgg16_bn_s42,face_transfer,124,two_cross,RFW WM64,Objects,0.37,0.39,50,within_sampled_range,IU,122,95.83333333333334,runs/yin_latest_vgg_20260927/transfer/results/r21vgg2k_vgg16_bn_s42/faces_rfwWM64/objects/results.csv,IU
noaa,VGG2k / no AA,r21vgg2k_vgg16_bn_s42,face_transfer,124,two_cross,RFW WM64,Objects,0.37,0.39,50,within_sampled_range,IU,123,79.16666666666666,runs/yin_latest_vgg_20260927/transfer/results/r21vgg2k_vgg16_bn_s42/faces_rfwWM64/objects/results.csv,IU
noaa,VGG2k / no AA,r21vgg2k_vgg16_bn_s42,face_transfer,124,two_cross,RFW WM64,Objects,0.37,0.39,50,within_sampled_range,IU,124,91.66666666666666,runs/yin_latest_vgg_20260927/transfer/results/r21vgg2k_vgg16_bn_s42/faces_rfwWM64/objects/results.csv,IU
noaa,VGG2k / no AA,r21vgg2k_vgg16_bn_s42,face_transfer,124,two_cross,RFW WM64,Objects,0.37,0.39,50,within_sampled_range,IU,125,91.66666666666666,runs/yin_latest_vgg_20260927/transfer/results/r21vgg2k_vgg16_bn_s42/faces_rfwWM64/objects/results.csv,IU
noaa,VGG2k / no AA,r21vgg2k_vgg16_bn_s42,face_transfer,124,two_cross,RFW WM64,Objects,0.37,0.39,50,within_sampled_range,IU,126,95.83333333333334,runs/yin_latest_vgg_20260927/transfer/results/r21vgg2k_vgg16_bn_s42/faces_rfwWM64/objects/results.csv,IU
noaa,VGG2k / no AA,r21vgg2k_vgg16_bn_s42,face_transfer,124,two_cross,RFW WM64,Objects,0.37,0.39,50,within_sampled_range,IU,127,95.83333333333334,runs/yin_latest_vgg_20260927/transfer/results/r21vgg2k_vgg16_bn_s42/faces_rfwWM64/objects/results.csv,IU
noaa,VGG2k / no AA,r21vgg2k_vgg16_bn_s42,face_transfer,124,two_cross,RFW WM64,Objects,0.37,0.39,50,within_sampled_range,IU,128,75.0,runs/yin_latest_vgg_20260927/transfer/results/r21vgg2k_vgg16_bn_s42/faces_rfwWM64/objects/results.csv,IU
noaa,VGG2k / no AA,r21vgg2k_vgg16_bn_s42,face_transfer,124,two_cross,RFW WM64,Objects,0.37,0.39,50,within_sampled_range,IU,129,83.33333333333334,runs/yin_latest_vgg_20260927/transfer/results/r21vgg2k_vgg16_bn_s42/faces_rfwWM64/objects/results.csv,IU
noaa,VGG2k / no AA,r21vgg2k_vgg16_bn_s42,face_transfer,124,two_cross,RFW WM64,Objects,0.37,0.39,50,within_sampled_range,IU,130,83.33333333333334,runs/yin_latest_vgg_20260927/transfer/results/r21vgg2k_vgg16_bn_s42/faces_rfwWM64/objects/results.csv,IU
noaa,VGG2k / no AA,r21vgg2k_vgg16_bn_s42,face_transfer,124,two_cross,RFW WM64,Objects,0.37,0.39,50,within_sampled_range,IU,131,83.33333333333334,runs/yin_latest_vgg_20260927/transfer/results/r21vgg2k_vgg16_bn_s42/faces_rfwWM64/objects/results.csv,IU
noaa,VGG2k / no AA,r21vgg2k_vgg16_bn_s42,face_transfer,124,two_cross,RFW WM64,Objects,0.37,0.39,50,within_sampled_range,IU,132,91.66666666666666,runs/yin_latest_vgg_20260927/transfer/results/r21vgg2k_vgg16_bn_s42/faces_rfwWM64/objects/results.csv,IU
noaa,VGG2k / no AA,r21vgg2k_vgg16_bn_s42,face_transfer,124,two_cross,RFW WM64,Objects,0.37,0.39,50,within_sampled_range,IU,133,87.5,runs/yin_latest_vgg_20260927/transfer/results/r21vgg2k_vgg16_bn_s42/faces_rfwWM64/objects/results.csv,IU
noaa,VGG2k / no AA,r21vgg2k_vgg16_bn_s42,face_transfer,124,two_cross,RFW WM64,Objects,0.37,0.39,50,within_sampled_range,IU,134,91.66666666666666,runs/yin_latest_vgg_20260927/transfer/results/r21vgg2k_vgg16_bn_s42/faces_rfwWM64/objects/results.csv,IU
noaa,VGG2k / no AA,r21vgg2k_vgg16_bn_s42,face_transfer,124,two_cross,RFW WM64,Objects,0.37,0.39,50,within_sampled_range,IU,135,91.66666666666666,runs/yin_latest_vgg_20260927/transfer/results/r21vgg2k_vgg16_bn_s42/faces_rfwWM64/objects/results.csv,IU
noaa,VGG2k / no AA,r21vgg2k_vgg16_bn_s42,face_transfer,124,two_cross,RFW WM64,Objects,0.37,0.39,50,within_sampled_range,IU,136,87.5,runs/yin_latest_vgg_20260927/transfer/results/r21vgg2k_vgg16_bn_s42/faces_rfwWM64/objects/results.csv,IU
noaa,VGG2k / no AA,r21vgg2k_vgg16_bn_s42,face_transfer,124,two_cross,RFW WM64,Objects,0.37,0.39,50,within_sampled_range,IU,137,100.0,runs/yin_latest_vgg_20260927/transfer/results/r21vgg2k_vgg16_bn_s42/faces_rfwWM64/objects/results.csv,IU
noaa,VGG2k / no AA,r21vgg2k_vgg16_bn_s42,face_transfer,124,two_cross,RFW WM64,Objects,0.37,0.39,50,within_sampled_range,IU,138,87.5,runs/yin_latest_vgg_20260927/transfer/results/r21vgg2k_vgg16_bn_s42/faces_rfwWM64/objects/results.csv,IU
noaa,VGG2k / no AA,r21vgg2k_vgg16_bn_s42,face_transfer,124,two_cross,RFW WM64,Objects,0.37,0.39,50,within_sampled_range,IU,139,79.16666666666666,runs/yin_latest_vgg_20260927/transfer/results/r21vgg2k_vgg16_bn_s42/faces_rfwWM64/objects/results.csv,IU
noaa,VGG2k / no AA,r21vgg2k_vgg16_bn_s42,face_transfer,124,two_cross,RFW WM64,Objects,0.37,0.39,50,within_sampled_range,IU,140,91.66666666666666,runs/yin_latest_vgg_20260927/transfer/results/r21vgg2k_vgg16_bn_s42/faces_rfwWM64/objects/results.csv,IU
noaa,VGG2k / no AA,r21vgg2k_vgg16_bn_s42,face_transfer,124,two_cross,RFW WM64,Objects,0.37,0.39,50,within_sampled_range,IU,141,91.66666666666666,runs/yin_latest_vgg_20260927/transfer/results/r21vgg2k_vgg16_bn_s42/faces_rfwWM64/objects/results.csv,IU
noaa,VGG2k / no AA,r21vgg2k_vgg16_bn_s42,face_transfer,124,two_cross,RFW WM64,Objects,0.37,0.39,50,within_sampled_range,IU,142,87.5,runs/yin_latest_vgg_20260927/transfer/results/r21vgg2k_vgg16_bn_s42/faces_rfwWM64/objects/results.csv,IU
noaa,VGG2k / no AA,r21vgg2k_vgg16_bn_s42,face_transfer,124,two_cross,RFW WM64,Objects,0.37,0.39,50,within_sampled_range,IU,143,83.33333333333334,runs/yin_latest_vgg_20260927/transfer/results/r21vgg2k_vgg16_bn_s42/faces_rfwWM64/objects/results.csv,IU
noaa,VGG2k / no AA,r21vgg2k_vgg16_bn_s42,face_transfer,124,two_cross,RFW WM64,Objects,0.37,0.39,50,within_sampled_range,IU,144,87.5,runs/yin_latest_vgg_20260927/transfer/results/r21vgg2k_vgg16_bn_s42/faces_rfwWM64/objects/results.csv,IU
noaa,VGG2k / no AA,r21vgg2k_vgg16_bn_s42,face_transfer,124,two_cross,RFW WM64,Objects,0.37,0.39,50,within_sampled_range,IU,145,95.83333333333334,runs/yin_latest_vgg_20260927/transfer/results/r21vgg2k_vgg16_bn_s42/faces_rfwWM64/objects/results.csv,IU
noaa,VGG2k / no AA,r21vgg2k_vgg16_bn_s42,face_transfer,124,two_cross,RFW WM64,Objects,0.37,0.39,50,within_sampled_range,IU,146,91.66666666666666,runs/yin_latest_vgg_20260927/transfer/results/r21vgg2k_vgg16_bn_s42/faces_rfwWM64/objects/results.csv,IU
noaa,VGG2k / no AA,r21vgg2k_vgg16_bn_s42,face_transfer,124,two_cross,RFW WM64,Objects,0.37,0.39,50,within_sampled_range,IU,147,91.66666666666666,runs/yin_latest_vgg_20260927/transfer/results/r21vgg2k_vgg16_bn_s42/faces_rfwWM64/objects/results.csv,IU
noaa,VGG2k / no AA,r21vgg2k_vgg16_bn_s42,face_transfer,124,two_cross,RFW WM64,Objects,0.37,0.39,50,within_sampled_range,IU,148,79.16666666666666,runs/yin_latest_vgg_20260927/transfer/results/r21vgg2k_vgg16_bn_s42/faces_rfwWM64/objects/results.csv,IU
noaa,VGG2k / no AA,r21vgg2k_vgg16_bn_s42,face_transfer,124,two_cross,RFW WM64,Objects,0.37,0.39,50,within_sampled_range,IU,149,87.5,runs/yin_latest_vgg_20260927/transfer/results/r21vgg2k_vgg16_bn_s42/faces_rfwWM64/objects/results.csv,IU
noaa,VGG2k / no AA,r21vgg2k_vgg16_bn_s42,face_transfer,124,two_cross,RFW WM64,Objects,0.37,0.39,50,within_sampled_range,IU,150,91.66666666666666,runs/yin_latest_vgg_20260927/transfer/results/r21vgg2k_vgg16_bn_s42/faces_rfwWM64/objects/results.csv,IU
noaa,VGG2k / no AA,r21vgg2k_vgg16_bn_s42,face_transfer,124,two_shared_ui,RFW WM64,Objects,0.37,0.39,50,within_sampled_range,UU,101,91.66666666666666,runs/yin_latest_vgg_20260927/transfer/results/r21vgg2k_vgg16_bn_s42/faces_rfwWM64/objects/results.csv,UU
noaa,VGG2k / no AA,r21vgg2k_vgg16_bn_s42,face_transfer,124,two_shared_ui,RFW WM64,Objects,0.37,0.39,50,within_sampled_range,UU,102,91.66666666666666,runs/yin_latest_vgg_20260927/transfer/results/r21vgg2k_vgg16_bn_s42/faces_rfwWM64/objects/results.csv,UU
noaa,VGG2k / no AA,r21vgg2k_vgg16_bn_s42,face_transfer,124,two_shared_ui,RFW WM64,Objects,0.37,0.39,50,within_sampled_range,UU,103,91.66666666666666,runs/yin_latest_vgg_20260927/transfer/results/r21vgg2k_vgg16_bn_s42/faces_rfwWM64/objects/results.csv,UU
noaa,VGG2k / no AA,r21vgg2k_vgg16_bn_s42,face_transfer,124,two_shared_ui,RFW WM64,Objects,0.37,0.39,50,within_sampled_range,UU,104,95.83333333333334,runs/yin_latest_vgg_20260927/transfer/results/r21vgg2k_vgg16_bn_s42/faces_rfwWM64/objects/results.csv,UU
noaa,VGG2k / no AA,r21vgg2k_vgg16_bn_s42,face_transfer,124,two_shared_ui,RFW WM64,Objects,0.37,0.39,50,within_sampled_range,UU,105,83.33333333333334,runs/yin_latest_vgg_20260927/transfer/results/r21vgg2k_vgg16_bn_s42/faces_rfwWM64/objects/results.csv,UU
noaa,VGG2k / no AA,r21vgg2k_vgg16_bn_s42,face_transfer,124,two_shared_ui,RFW WM64,Objects,0.37,0.39,50,within_sampled_range,UU,106,87.5,runs/yin_latest_vgg_20260927/transfer/results/r21vgg2k_vgg16_bn_s42/faces_rfwWM64/objects/results.csv,UU
noaa,VGG2k / no AA,r21vgg2k_vgg16_bn_s42,face_transfer,124,two_shared_ui,RFW WM64,Objects,0.37,0.39,50,within_sampled_range,UU,107,100.0,runs/yin_latest_vgg_20260927/transfer/results/r21vgg2k_vgg16_bn_s42/faces_rfwWM64/objects/results.csv,UU
noaa,VGG2k / no AA,r21vgg2k_vgg16_bn_s42,face_transfer,124,two_shared_ui,RFW WM64,Objects,0.37,0.39,50,within_sampled_range,UU,108,100.0,runs/yin_latest_vgg_20260927/transfer/results/r21vgg2k_vgg16_bn_s42/faces_rfwWM64/objects/results.csv,UU
noaa,VGG2k / no AA,r21vgg2k_vgg16_bn_s42,face_transfer,124,two_shared_ui,RFW WM64,Objects,0.37,0.39,50,within_sampled_range,UU,109,95.83333333333334,runs/yin_latest_vgg_20260927/transfer/results/r21vgg2k_vgg16_bn_s42/faces_rfwWM64/objects/results.csv,UU
noaa,VGG2k / no AA,r21vgg2k_vgg16_bn_s42,face_transfer,124,two_shared_ui,RFW WM64,Objects,0.37,0.39,50,within_sampled_range,UU,110,83.33333333333334,runs/yin_latest_vgg_20260927/transfer/results/r21vgg2k_vgg16_bn_s42/faces_rfwWM64/objects/results.csv,UU
noaa,VGG2k / no AA,r21vgg2k_vgg16_bn_s42,face_transfer,124,two_shared_ui,RFW WM64,Objects,0.37,0.39,50,within_sampled_range,UU,111,91.66666666666666,runs/yin_latest_vgg_20260927/transfer/results/r21vgg2k_vgg16_bn_s42/faces_rfwWM64/objects/results.csv,UU
noaa,VGG2k / no AA,r21vgg2k_vgg16_bn_s42,face_transfer,124,two_shared_ui,RFW WM64,Objects,0.37,0.39,50,within_sampled_range,UU,112,100.0,runs/yin_latest_vgg_20260927/transfer/results/r21vgg2k_vgg16_bn_s42/faces_rfwWM64/objects/results.csv,UU
noaa,VGG2k / no AA,r21vgg2k_vgg16_bn_s42,face_transfer,124,two_shared_ui,RFW WM64,Objects,0.37,0.39,50,within_sampled_range,UU,113,95.83333333333334,runs/yin_latest_vgg_20260927/transfer/results/r21vgg2k_vgg16_bn_s42/faces_rfwWM64/objects/results.csv,UU
noaa,VGG2k / no AA,r21vgg2k_vgg16_bn_s42,face_transfer,124,two_shared_ui,RFW WM64,Objects,0.37,0.39,50,within_sampled_range,UU,114,95.83333333333334,runs/yin_latest_vgg_20260927/transfer/results/r21vgg2k_vgg16_bn_s42/faces_rfwWM64/objects/results.csv,UU
noaa,VGG2k / no AA,r21vgg2k_vgg16_bn_s42,face_transfer,124,two_shared_ui,RFW WM64,Objects,0.37,0.39,50,within_sampled_range,UU,115,100.0,runs/yin_latest_vgg_20260927/transfer/results/r21vgg2k_vgg16_bn_s42/faces_rfwWM64/objects/results.csv,UU
noaa,VGG2k / no AA,r21vgg2k_vgg16_bn_s42,face_transfer,124,two_shared_ui,RFW WM64,Objects,0.37,0.39,50,within_sampled_range,UU,116,91.66666666666666,runs/yin_latest_vgg_20260927/transfer/results/r21vgg2k_vgg16_bn_s42/faces_rfwWM64/objects/results.csv,UU
noaa,VGG2k / no AA,r21vgg2k_vgg16_bn_s42,face_transfer,124,two_shared_ui,RFW WM64,Objects,0.37,0.39,50,within_sampled_range,UU,117,87.5,runs/yin_latest_vgg_20260927/transfer/results/r21vgg2k_vgg16_bn_s42/faces_rfwWM64/objects/results.csv,UU
noaa,VGG2k / no AA,r21vgg2k_vgg16_bn_s42,face_transfer,124,two_shared_ui,RFW WM64,Objects,0.37,0.39,50,within_sampled_range,UU,118,87.5,runs/yin_latest_vgg_20260927/transfer/results/r21vgg2k_vgg16_bn_s42/faces_rfwWM64/objects/results.csv,UU
noaa,VGG2k / no AA,r21vgg2k_vgg16_bn_s42,face_transfer,124,two_shared_ui,RFW WM64,Objects,0.37,0.39,50,within_sampled_range,UU,119,95.83333333333334,runs/yin_latest_vgg_20260927/transfer/results/r21vgg2k_vgg16_bn_s42/faces_rfwWM64/objects/results.csv,UU
noaa,VGG2k / no AA,r21vgg2k_vgg16_bn_s42,face_transfer,124,two_shared_ui,RFW WM64,Objects,0.37,0.39,50,within_sampled_range,UU,120,91.66666666666666,runs/yin_latest_vgg_20260927/transfer/results/r21vgg2k_vgg16_bn_s42/faces_rfwWM64/objects/results.csv,UU
noaa,VGG2k / no AA,r21vgg2k_vgg16_bn_s42,face_transfer,124,two_shared_ui,RFW WM64,Objects,0.37,0.39,50,within_sampled_range,UU,121,91.66666666666666,runs/yin_latest_vgg_20260927/transfer/results/r21vgg2k_vgg16_bn_s42/faces_rfwWM64/objects/results.csv,UU
noaa,VGG2k / no AA,r21vgg2k_vgg16_bn_s42,face_transfer,124,two_shared_ui,RFW WM64,Objects,0.37,0.39,50,within_sampled_range,UU,122,100.0,runs/yin_latest_vgg_20260927/transfer/results/r21vgg2k_vgg16_bn_s42/faces_rfwWM64/objects/results.csv,UU
noaa,VGG2k / no AA,r21vgg2k_vgg16_bn_s42,face_transfer,124,two_shared_ui,RFW WM64,Objects,0.37,0.39,50,within_sampled_range,UU,123,95.83333333333334,runs/yin_latest_vgg_20260927/transfer/results/r21vgg2k_vgg16_bn_s42/faces_rfwWM64/objects/results.csv,UU
noaa,VGG2k / no AA,r21vgg2k_vgg16_bn_s42,face_transfer,124,two_shared_ui,RFW WM64,Objects,0.37,0.39,50,within_sampled_range,UU,124,91.66666666666666,runs/yin_latest_vgg_20260927/transfer/results/r21vgg2k_vgg16_bn_s42/faces_rfwWM64/objects/results.csv,UU
noaa,VGG2k / no AA,r21vgg2k_vgg16_bn_s42,face_transfer,124,two_shared_ui,RFW WM64,Objects,0.37,0.39,50,within_sampled_range,UU,125,100.0,runs/yin_latest_vgg_20260927/transfer/results/r21vgg2k_vgg16_bn_s42/faces_rfwWM64/objects/results.csv,UU
noaa,VGG2k / no AA,r21vgg2k_vgg16_bn_s42,face_transfer,124,two_shared_ui,RFW WM64,Objects,0.37,0.39,50,within_sampled_range,UU,126,91.66666666666666,runs/yin_latest_vgg_20260927/transfer/results/r21vgg2k_vgg16_bn_s42/faces_rfwWM64/objects/results.csv,UU
noaa,VGG2k / no AA,r21vgg2k_vgg16_bn_s42,face_transfer,124,two_shared_ui,RFW WM64,Objects,0.37,0.39,50,within_sampled_range,UU,127,100.0,runs/yin_latest_vgg_20260927/transfer/results/r21vgg2k_vgg16_bn_s42/faces_rfwWM64/objects/results.csv,UU
noaa,VGG2k / no AA,r21vgg2k_vgg16_bn_s42,face_transfer,124,two_shared_ui,RFW WM64,Objects,0.37,0.39,50,within_sampled_range,UU,128,87.5,runs/yin_latest_vgg_20260927/transfer/results/r21vgg2k_vgg16_bn_s42/faces_rfwWM64/objects/results.csv,UU
noaa,VGG2k / no AA,r21vgg2k_vgg16_bn_s42,face_transfer,124,two_shared_ui,RFW WM64,Objects,0.37,0.39,50,within_sampled_range,UU,129,100.0,runs/yin_latest_vgg_20260927/transfer/results/r21vgg2k_vgg16_bn_s42/faces_rfwWM64/objects/results.csv,UU
noaa,VGG2k / no AA,r21vgg2k_vgg16_bn_s42,face_transfer,124,two_shared_ui,RFW WM64,Objects,0.37,0.39,50,within_sampled_range,UU,130,91.66666666666666,runs/yin_latest_vgg_20260927/transfer/results/r21vgg2k_vgg16_bn_s42/faces_rfwWM64/objects/results.csv,UU
noaa,VGG2k / no AA,r21vgg2k_vgg16_bn_s42,face_transfer,124,two_shared_ui,RFW WM64,Objects,0.37,0.39,50,within_sampled_range,UU,131,95.83333333333334,runs/yin_latest_vgg_20260927/transfer/results/r21vgg2k_vgg16_bn_s42/faces_rfwWM64/objects/results.csv,UU
noaa,VGG2k / no AA,r21vgg2k_vgg16_bn_s42,face_transfer,124,two_shared_ui,RFW WM64,Objects,0.37,0.39,50,within_sampled_range,UU,132,91.66666666666666,runs/yin_latest_vgg_20260927/transfer/results/r21vgg2k_vgg16_bn_s42/faces_rfwWM64/objects/results.csv,UU
noaa,VGG2k / no AA,r21vgg2k_vgg16_bn_s42,face_transfer,124,two_shared_ui,RFW WM64,Objects,0.37,0.39,50,within_sampled_range,UU,133,87.5,runs/yin_latest_vgg_20260927/transfer/results/r21vgg2k_vgg16_bn_s42/faces_rfwWM64/objects/results.csv,UU
noaa,VGG2k / no AA,r21vgg2k_vgg16_bn_s42,face_transfer,124,two_shared_ui,RFW WM64,Objects,0.37,0.39,50,within_sampled_range,UU,134,95.83333333333334,runs/yin_latest_vgg_20260927/transfer/results/r21vgg2k_vgg16_bn_s42/faces_rfwWM64/objects/results.csv,UU
noaa,VGG2k / no AA,r21vgg2k_vgg16_bn_s42,face_transfer,124,two_shared_ui,RFW WM64,Objects,0.37,0.39,50,within_sampled_range,UU,135,95.83333333333334,runs/yin_latest_vgg_20260927/transfer/results/r21vgg2k_vgg16_bn_s42/faces_rfwWM64/objects/results.csv,UU
noaa,VGG2k / no AA,r21vgg2k_vgg16_bn_s42,face_transfer,124,two_shared_ui,RFW WM64,Objects,0.37,0.39,50,within_sampled_range,UU,136,95.83333333333334,runs/yin_latest_vgg_20260927/transfer/results/r21vgg2k_vgg16_bn_s42/faces_rfwWM64/objects/results.csv,UU
noaa,VGG2k / no AA,r21vgg2k_vgg16_bn_s42,face_transfer,124,two_shared_ui,RFW WM64,Objects,0.37,0.39,50,within_sampled_range,UU,137,95.83333333333334,runs/yin_latest_vgg_20260927/transfer/results/r21vgg2k_vgg16_bn_s42/faces_rfwWM64/objects/results.csv,UU
noaa,VGG2k / no AA,r21vgg2k_vgg16_bn_s42,face_transfer,124,two_shared_ui,RFW WM64,Objects,0.37,0.39,50,within_sampled_range,UU,138,95.83333333333334,runs/yin_latest_vgg_20260927/transfer/results/r21vgg2k_vgg16_bn_s42/faces_rfwWM64/objects/results.csv,UU
noaa,VGG2k / no AA,r21vgg2k_vgg16_bn_s42,face_transfer,124,two_shared_ui,RFW WM64,Objects,0.37,0.39,50,within_sampled_range,UU,139,79.16666666666666,runs/yin_latest_vgg_20260927/transfer/results/r21vgg2k_vgg16_bn_s42/faces_rfwWM64/objects/results.csv,UU
noaa,VGG2k / no AA,r21vgg2k_vgg16_bn_s42,face_transfer,124,two_shared_ui,RFW WM64,Objects,0.37,0.39,50,within_sampled_range,UU,140,87.5,runs/yin_latest_vgg_20260927/transfer/results/r21vgg2k_vgg16_bn_s42/faces_rfwWM64/objects/results.csv,UU
noaa,VGG2k / no AA,r21vgg2k_vgg16_bn_s42,face_transfer,124,two_shared_ui,RFW WM64,Objects,0.37,0.39,50,within_sampled_range,UU,141,95.83333333333334,runs/yin_latest_vgg_20260927/transfer/results/r21vgg2k_vgg16_bn_s42/faces_rfwWM64/objects/results.csv,UU
noaa,VGG2k / no AA,r21vgg2k_vgg16_bn_s42,face_transfer,124,two_shared_ui,RFW WM64,Objects,0.37,0.39,50,within_sampled_range,UU,142,91.66666666666666,runs/yin_latest_vgg_20260927/transfer/results/r21vgg2k_vgg16_bn_s42/faces_rfwWM64/objects/results.csv,UU
noaa,VGG2k / no AA,r21vgg2k_vgg16_bn_s42,face_transfer,124,two_shared_ui,RFW WM64,Objects,0.37,0.39,50,within_sampled_range,UU,143,91.66666666666666,runs/yin_latest_vgg_20260927/transfer/results/r21vgg2k_vgg16_bn_s42/faces_rfwWM64/objects/results.csv,UU
noaa,VGG2k / no AA,r21vgg2k_vgg16_bn_s42,face_transfer,124,two_shared_ui,RFW WM64,Objects,0.37,0.39,50,within_sampled_range,UU,144,95.83333333333334,runs/yin_latest_vgg_20260927/transfer/results/r21vgg2k_vgg16_bn_s42/faces_rfwWM64/objects/results.csv,UU
noaa,VGG2k / no AA,r21vgg2k_vgg16_bn_s42,face_transfer,124,two_shared_ui,RFW WM64,Objects,0.37,0.39,50,within_sampled_range,UU,145,100.0,runs/yin_latest_vgg_20260927/transfer/results/r21vgg2k_vgg16_bn_s42/faces_rfwWM64/objects/results.csv,UU
noaa,VGG2k / no AA,r21vgg2k_vgg16_bn_s42,face_transfer,124,two_shared_ui,RFW WM64,Objects,0.37,0.39,50,within_sampled_range,UU,146,95.83333333333334,runs/yin_latest_vgg_20260927/transfer/results/r21vgg2k_vgg16_bn_s42/faces_rfwWM64/objects/results.csv,UU
noaa,VGG2k / no AA,r21vgg2k_vgg16_bn_s42,face_transfer,124,two_shared_ui,RFW WM64,Objects,0.37,0.39,50,within_sampled_range,UU,147,83.33333333333334,runs/yin_latest_vgg_20260927/transfer/results/r21vgg2k_vgg16_bn_s42/faces_rfwWM64/objects/results.csv,UU
noaa,VGG2k / no AA,r21vgg2k_vgg16_bn_s42,face_transfer,124,two_shared_ui,RFW WM64,Objects,0.37,0.39,50,within_sampled_range,UU,148,91.66666666666666,runs/yin_latest_vgg_20260927/transfer/results/r21vgg2k_vgg16_bn_s42/faces_rfwWM64/objects/results.csv,UU
noaa,VGG2k / no AA,r21vgg2k_vgg16_bn_s42,face_transfer,124,two_shared_ui,RFW WM64,Objects,0.37,0.39,50,within_sampled_range,UU,149,87.5,runs/yin_latest_vgg_20260927/transfer/results/r21vgg2k_vgg16_bn_s42/faces_rfwWM64/objects/results.csv,UU
noaa,VGG2k / no AA,r21vgg2k_vgg16_bn_s42,face_transfer,124,two_shared_ui,RFW WM64,Objects,0.37,0.39,50,within_sampled_range,UU,150,95.83333333333334,runs/yin_latest_vgg_20260927/transfer/results/r21vgg2k_vgg16_bn_s42/faces_rfwWM64/objects/results.csv,UU
noaa,VGG2k / no AA,r21vgg2k_vgg16_bn_s42,face_transfer,124,two_shared_ui,RFW WM64,Objects,0.37,0.39,50,within_sampled_range,II,101,87.5,runs/yin_latest_vgg_20260927/transfer/results/r21vgg2k_vgg16_bn_s42/faces_rfwWM64/objects/results.csv,II
noaa,VGG2k / no AA,r21vgg2k_vgg16_bn_s42,face_transfer,124,two_shared_ui,RFW WM64,Objects,0.37,0.39,50,within_sampled_range,II,102,91.66666666666666,runs/yin_latest_vgg_20260927/transfer/results/r21vgg2k_vgg16_bn_s42/faces_rfwWM64/objects/results.csv,II
noaa,VGG2k / no AA,r21vgg2k_vgg16_bn_s42,face_transfer,124,two_shared_ui,RFW WM64,Objects,0.37,0.39,50,within_sampled_range,II,103,79.16666666666666,runs/yin_latest_vgg_20260927/transfer/results/r21vgg2k_vgg16_bn_s42/faces_rfwWM64/objects/results.csv,II
noaa,VGG2k / no AA,r21vgg2k_vgg16_bn_s42,face_transfer,124,two_shared_ui,RFW WM64,Objects,0.37,0.39,50,within_sampled_range,II,104,95.83333333333334,runs/yin_latest_vgg_20260927/transfer/results/r21vgg2k_vgg16_bn_s42/faces_rfwWM64/objects/results.csv,II
noaa,VGG2k / no AA,r21vgg2k_vgg16_bn_s42,face_transfer,124,two_shared_ui,RFW WM64,Objects,0.37,0.39,50,within_sampled_range,II,105,79.16666666666666,runs/yin_latest_vgg_20260927/transfer/results/r21vgg2k_vgg16_bn_s42/faces_rfwWM64/objects/results.csv,II
noaa,VGG2k / no AA,r21vgg2k_vgg16_bn_s42,face_transfer,124,two_shared_ui,RFW WM64,Objects,0.37,0.39,50,within_sampled_range,II,106,87.5,runs/yin_latest_vgg_20260927/transfer/results/r21vgg2k_vgg16_bn_s42/faces_rfwWM64/objects/results.csv,II
noaa,VGG2k / no AA,r21vgg2k_vgg16_bn_s42,face_transfer,124,two_shared_ui,RFW WM64,Objects,0.37,0.39,50,within_sampled_range,II,107,95.83333333333334,runs/yin_latest_vgg_20260927/transfer/results/r21vgg2k_vgg16_bn_s42/faces_rfwWM64/objects/results.csv,II
noaa,VGG2k / no AA,r21vgg2k_vgg16_bn_s42,face_transfer,124,two_shared_ui,RFW WM64,Objects,0.37,0.39,50,within_sampled_range,II,108,91.66666666666666,runs/yin_latest_vgg_20260927/transfer/results/r21vgg2k_vgg16_bn_s42/faces_rfwWM64/objects/results.csv,II
noaa,VGG2k / no AA,r21vgg2k_vgg16_bn_s42,face_transfer,124,two_shared_ui,RFW WM64,Objects,0.37,0.39,50,within_sampled_range,II,109,79.16666666666666,runs/yin_latest_vgg_20260927/transfer/results/r21vgg2k_vgg16_bn_s42/faces_rfwWM64/objects/results.csv,II
noaa,VGG2k / no AA,r21vgg2k_vgg16_bn_s42,face_transfer,124,two_shared_ui,RFW WM64,Objects,0.37,0.39,50,within_sampled_range,II,110,87.5,runs/yin_latest_vgg_20260927/transfer/results/r21vgg2k_vgg16_bn_s42/faces_rfwWM64/objects/results.csv,II
noaa,VGG2k / no AA,r21vgg2k_vgg16_bn_s42,face_transfer,124,two_shared_ui,RFW WM64,Objects,0.37,0.39,50,within_sampled_range,II,111,87.5,runs/yin_latest_vgg_20260927/transfer/results/r21vgg2k_vgg16_bn_s42/faces_rfwWM64/objects/results.csv,II
noaa,VGG2k / no AA,r21vgg2k_vgg16_bn_s42,face_transfer,124,two_shared_ui,RFW WM64,Objects,0.37,0.39,50,within_sampled_range,II,112,91.66666666666666,runs/yin_latest_vgg_20260927/transfer/results/r21vgg2k_vgg16_bn_s42/faces_rfwWM64/objects/results.csv,II
noaa,VGG2k / no AA,r21vgg2k_vgg16_bn_s42,face_transfer,124,two_shared_ui,RFW WM64,Objects,0.37,0.39,50,within_sampled_range,II,113,79.16666666666666,runs/yin_latest_vgg_20260927/transfer/results/r21vgg2k_vgg16_bn_s42/faces_rfwWM64/objects/results.csv,II
noaa,VGG2k / no AA,r21vgg2k_vgg16_bn_s42,face_transfer,124,two_shared_ui,RFW WM64,Objects,0.37,0.39,50,within_sampled_range,II,114,95.83333333333334,runs/yin_latest_vgg_20260927/transfer/results/r21vgg2k_vgg16_bn_s42/faces_rfwWM64/objects/results.csv,II
noaa,VGG2k / no AA,r21vgg2k_vgg16_bn_s42,face_transfer,124,two_shared_ui,RFW WM64,Objects,0.37,0.39,50,within_sampled_range,II,115,87.5,runs/yin_latest_vgg_20260927/transfer/results/r21vgg2k_vgg16_bn_s42/faces_rfwWM64/objects/results.csv,II
noaa,VGG2k / no AA,r21vgg2k_vgg16_bn_s42,face_transfer,124,two_shared_ui,RFW WM64,Objects,0.37,0.39,50,within_sampled_range,II,116,91.66666666666666,runs/yin_latest_vgg_20260927/transfer/results/r21vgg2k_vgg16_bn_s42/faces_rfwWM64/objects/results.csv,II
noaa,VGG2k / no AA,r21vgg2k_vgg16_bn_s42,face_transfer,124,two_shared_ui,RFW WM64,Objects,0.37,0.39,50,within_sampled_range,II,117,83.33333333333334,runs/yin_latest_vgg_20260927/transfer/results/r21vgg2k_vgg16_bn_s42/faces_rfwWM64/objects/results.csv,II
noaa,VGG2k / no AA,r21vgg2k_vgg16_bn_s42,face_transfer,124,two_shared_ui,RFW WM64,Objects,0.37,0.39,50,within_sampled_range,II,118,95.83333333333334,runs/yin_latest_vgg_20260927/transfer/results/r21vgg2k_vgg16_bn_s42/faces_rfwWM64/objects/results.csv,II
noaa,VGG2k / no AA,r21vgg2k_vgg16_bn_s42,face_transfer,124,two_shared_ui,RFW WM64,Objects,0.37,0.39,50,within_sampled_range,II,119,91.66666666666666,runs/yin_latest_vgg_20260927/transfer/results/r21vgg2k_vgg16_bn_s42/faces_rfwWM64/objects/results.csv,II
noaa,VGG2k / no AA,r21vgg2k_vgg16_bn_s42,face_transfer,124,two_shared_ui,RFW WM64,Objects,0.37,0.39,50,within_sampled_range,II,120,91.66666666666666,runs/yin_latest_vgg_20260927/transfer/results/r21vgg2k_vgg16_bn_s42/faces_rfwWM64/objects/results.csv,II
noaa,VGG2k / no AA,r21vgg2k_vgg16_bn_s42,face_transfer,124,two_shared_ui,RFW WM64,Objects,0.37,0.39,50,within_sampled_range,II,121,91.66666666666666,runs/yin_latest_vgg_20260927/transfer/results/r21vgg2k_vgg16_bn_s42/faces_rfwWM64/objects/results.csv,II
noaa,VGG2k / no AA,r21vgg2k_vgg16_bn_s42,face_transfer,124,two_shared_ui,RFW WM64,Objects,0.37,0.39,50,within_sampled_range,II,122,95.83333333333334,runs/yin_latest_vgg_20260927/transfer/results/r21vgg2k_vgg16_bn_s42/faces_rfwWM64/objects/results.csv,II
noaa,VGG2k / no AA,r21vgg2k_vgg16_bn_s42,face_transfer,124,two_shared_ui,RFW WM64,Objects,0.37,0.39,50,within_sampled_range,II,123,87.5,runs/yin_latest_vgg_20260927/transfer/results/r21vgg2k_vgg16_bn_s42/faces_rfwWM64/objects/results.csv,II
noaa,VGG2k / no AA,r21vgg2k_vgg16_bn_s42,face_transfer,124,two_shared_ui,RFW WM64,Objects,0.37,0.39,50,within_sampled_range,II,124,87.5,runs/yin_latest_vgg_20260927/transfer/results/r21vgg2k_vgg16_bn_s42/faces_rfwWM64/objects/results.csv,II
noaa,VGG2k / no AA,r21vgg2k_vgg16_bn_s42,face_transfer,124,two_shared_ui,RFW WM64,Objects,0.37,0.39,50,within_sampled_range,II,125,87.5,runs/yin_latest_vgg_20260927/transfer/results/r21vgg2k_vgg16_bn_s42/faces_rfwWM64/objects/results.csv,II
noaa,VGG2k / no AA,r21vgg2k_vgg16_bn_s42,face_transfer,124,two_shared_ui,RFW WM64,Objects,0.37,0.39,50,within_sampled_range,II,126,95.83333333333334,runs/yin_latest_vgg_20260927/transfer/results/r21vgg2k_vgg16_bn_s42/faces_rfwWM64/objects/results.csv,II
noaa,VGG2k / no AA,r21vgg2k_vgg16_bn_s42,face_transfer,124,two_shared_ui,RFW WM64,Objects,0.37,0.39,50,within_sampled_range,II,127,87.5,runs/yin_latest_vgg_20260927/transfer/results/r21vgg2k_vgg16_bn_s42/faces_rfwWM64/objects/results.csv,II
noaa,VGG2k / no AA,r21vgg2k_vgg16_bn_s42,face_transfer,124,two_shared_ui,RFW WM64,Objects,0.37,0.39,50,within_sampled_range,II,128,87.5,runs/yin_latest_vgg_20260927/transfer/results/r21vgg2k_vgg16_bn_s42/faces_rfwWM64/objects/results.csv,II
noaa,VGG2k / no AA,r21vgg2k_vgg16_bn_s42,face_transfer,124,two_shared_ui,RFW WM64,Objects,0.37,0.39,50,within_sampled_range,II,129,91.66666666666666,runs/yin_latest_vgg_20260927/transfer/results/r21vgg2k_vgg16_bn_s42/faces_rfwWM64/objects/results.csv,II
noaa,VGG2k / no AA,r21vgg2k_vgg16_bn_s42,face_transfer,124,two_shared_ui,RFW WM64,Objects,0.37,0.39,50,within_sampled_range,II,130,100.0,runs/yin_latest_vgg_20260927/transfer/results/r21vgg2k_vgg16_bn_s42/faces_rfwWM64/objects/results.csv,II
noaa,VGG2k / no AA,r21vgg2k_vgg16_bn_s42,face_transfer,124,two_shared_ui,RFW WM64,Objects,0.37,0.39,50,within_sampled_range,II,131,83.33333333333334,runs/yin_latest_vgg_20260927/transfer/results/r21vgg2k_vgg16_bn_s42/faces_rfwWM64/objects/results.csv,II
noaa,VGG2k / no AA,r21vgg2k_vgg16_bn_s42,face_transfer,124,two_shared_ui,RFW WM64,Objects,0.37,0.39,50,within_sampled_range,II,132,79.16666666666666,runs/yin_latest_vgg_20260927/transfer/results/r21vgg2k_vgg16_bn_s42/faces_rfwWM64/objects/results.csv,II
noaa,VGG2k / no AA,r21vgg2k_vgg16_bn_s42,face_transfer,124,two_shared_ui,RFW WM64,Objects,0.37,0.39,50,within_sampled_range,II,133,91.66666666666666,runs/yin_latest_vgg_20260927/transfer/results/r21vgg2k_vgg16_bn_s42/faces_rfwWM64/objects/results.csv,II
noaa,VGG2k / no AA,r21vgg2k_vgg16_bn_s42,face_transfer,124,two_shared_ui,RFW WM64,Objects,0.37,0.39,50,within_sampled_range,II,134,91.66666666666666,runs/yin_latest_vgg_20260927/transfer/results/r21vgg2k_vgg16_bn_s42/faces_rfwWM64/objects/results.csv,II
noaa,VGG2k / no AA,r21vgg2k_vgg16_bn_s42,face_transfer,124,two_shared_ui,RFW WM64,Objects,0.37,0.39,50,within_sampled_range,II,135,83.33333333333334,runs/yin_latest_vgg_20260927/transfer/results/r21vgg2k_vgg16_bn_s42/faces_rfwWM64/objects/results.csv,II
noaa,VGG2k / no AA,r21vgg2k_vgg16_bn_s42,face_transfer,124,two_shared_ui,RFW WM64,Objects,0.37,0.39,50,within_sampled_range,II,136,95.83333333333334,runs/yin_latest_vgg_20260927/transfer/results/r21vgg2k_vgg16_bn_s42/faces_rfwWM64/objects/results.csv,II
noaa,VGG2k / no AA,r21vgg2k_vgg16_bn_s42,face_transfer,124,two_shared_ui,RFW WM64,Objects,0.37,0.39,50,within_sampled_range,II,137,100.0,runs/yin_latest_vgg_20260927/transfer/results/r21vgg2k_vgg16_bn_s42/faces_rfwWM64/objects/results.csv,II
noaa,VGG2k / no AA,r21vgg2k_vgg16_bn_s42,face_transfer,124,two_shared_ui,RFW WM64,Objects,0.37,0.39,50,within_sampled_range,II,138,83.33333333333334,runs/yin_latest_vgg_20260927/transfer/results/r21vgg2k_vgg16_bn_s42/faces_rfwWM64/objects/results.csv,II
noaa,VGG2k / no AA,r21vgg2k_vgg16_bn_s42,face_transfer,124,two_shared_ui,RFW WM64,Objects,0.37,0.39,50,within_sampled_range,II,139,87.5,runs/yin_latest_vgg_20260927/transfer/results/r21vgg2k_vgg16_bn_s42/faces_rfwWM64/objects/results.csv,II
noaa,VGG2k / no AA,r21vgg2k_vgg16_bn_s42,face_transfer,124,two_shared_ui,RFW WM64,Objects,0.37,0.39,50,within_sampled_range,II,140,87.5,runs/yin_latest_vgg_20260927/transfer/results/r21vgg2k_vgg16_bn_s42/faces_rfwWM64/objects/results.csv,II
noaa,VGG2k / no AA,r21vgg2k_vgg16_bn_s42,face_transfer,124,two_shared_ui,RFW WM64,Objects,0.37,0.39,50,within_sampled_range,II,141,91.66666666666666,runs/yin_latest_vgg_20260927/transfer/results/r21vgg2k_vgg16_bn_s42/faces_rfwWM64/objects/results.csv,II
noaa,VGG2k / no AA,r21vgg2k_vgg16_bn_s42,face_transfer,124,two_shared_ui,RFW WM64,Objects,0.37,0.39,50,within_sampled_range,II,142,87.5,runs/yin_latest_vgg_20260927/transfer/results/r21vgg2k_vgg16_bn_s42/faces_rfwWM64/objects/results.csv,II
noaa,VGG2k / no AA,r21vgg2k_vgg16_bn_s42,face_transfer,124,two_shared_ui,RFW WM64,Objects,0.37,0.39,50,within_sampled_range,II,143,87.5,runs/yin_latest_vgg_20260927/transfer/results/r21vgg2k_vgg16_bn_s42/faces_rfwWM64/objects/results.csv,II
noaa,VGG2k / no AA,r21vgg2k_vgg16_bn_s42,face_transfer,124,two_shared_ui,RFW WM64,Objects,0.37,0.39,50,within_sampled_range,II,144,91.66666666666666,runs/yin_latest_vgg_20260927/transfer/results/r21vgg2k_vgg16_bn_s42/faces_rfwWM64/objects/results.csv,II
noaa,VGG2k / no AA,r21vgg2k_vgg16_bn_s42,face_transfer,124,two_shared_ui,RFW WM64,Objects,0.37,0.39,50,within_sampled_range,II,145,87.5,runs/yin_latest_vgg_20260927/transfer/results/r21vgg2k_vgg16_bn_s42/faces_rfwWM64/objects/results.csv,II
noaa,VGG2k / no AA,r21vgg2k_vgg16_bn_s42,face_transfer,124,two_shared_ui,RFW WM64,Objects,0.37,0.39,50,within_sampled_range,II,146,79.16666666666666,runs/yin_latest_vgg_20260927/transfer/results/r21vgg2k_vgg16_bn_s42/faces_rfwWM64/objects/results.csv,II
noaa,VGG2k / no AA,r21vgg2k_vgg16_bn_s42,face_transfer,124,two_shared_ui,RFW WM64,Objects,0.37,0.39,50,within_sampled_range,II,147,87.5,runs/yin_latest_vgg_20260927/transfer/results/r21vgg2k_vgg16_bn_s42/faces_rfwWM64/objects/results.csv,II
noaa,VGG2k / no AA,r21vgg2k_vgg16_bn_s42,face_transfer,124,two_shared_ui,RFW WM64,Objects,0.37,0.39,50,within_sampled_range,II,148,87.5,runs/yin_latest_vgg_20260927/transfer/results/r21vgg2k_vgg16_bn_s42/faces_rfwWM64/objects/results.csv,II
noaa,VGG2k / no AA,r21vgg2k_vgg16_bn_s42,face_transfer,124,two_shared_ui,RFW WM64,Objects,0.37,0.39,50,within_sampled_range,II,149,83.33333333333334,runs/yin_latest_vgg_20260927/transfer/results/r21vgg2k_vgg16_bn_s42/faces_rfwWM64/objects/results.csv,II
noaa,VGG2k / no AA,r21vgg2k_vgg16_bn_s42,face_transfer,124,two_shared_ui,RFW WM64,Objects,0.37,0.39,50,within_sampled_range,II,150,100.0,runs/yin_latest_vgg_20260927/transfer/results/r21vgg2k_vgg16_bn_s42/faces_rfwWM64/objects/results.csv,II
noaa,VGG2k / no AA,r21vgg2k_vgg16_bn_s42,face_transfer,124,two_shared_ui,RFW WM64,Objects,0.37,0.39,50,within_sampled_range,UI,101,83.33333333333334,runs/yin_latest_vgg_20260927/transfer/results/r21vgg2k_vgg16_bn_s42/faces_rfwWM64/objects/results.csv,UI_shared
noaa,VGG2k / no AA,r21vgg2k_vgg16_bn_s42,face_transfer,124,two_shared_ui,RFW WM64,Objects,0.37,0.39,50,within_sampled_range,UI,102,91.66666666666666,runs/yin_latest_vgg_20260927/transfer/results/r21vgg2k_vgg16_bn_s42/faces_rfwWM64/objects/results.csv,UI_shared
noaa,VGG2k / no AA,r21vgg2k_vgg16_bn_s42,face_transfer,124,two_shared_ui,RFW WM64,Objects,0.37,0.39,50,within_sampled_range,UI,103,87.5,runs/yin_latest_vgg_20260927/transfer/results/r21vgg2k_vgg16_bn_s42/faces_rfwWM64/objects/results.csv,UI_shared
noaa,VGG2k / no AA,r21vgg2k_vgg16_bn_s42,face_transfer,124,two_shared_ui,RFW WM64,Objects,0.37,0.39,50,within_sampled_range,UI,104,91.66666666666666,runs/yin_latest_vgg_20260927/transfer/results/r21vgg2k_vgg16_bn_s42/faces_rfwWM64/objects/results.csv,UI_shared
noaa,VGG2k / no AA,r21vgg2k_vgg16_bn_s42,face_transfer,124,two_shared_ui,RFW WM64,Objects,0.37,0.39,50,within_sampled_range,UI,105,95.83333333333334,runs/yin_latest_vgg_20260927/transfer/results/r21vgg2k_vgg16_bn_s42/faces_rfwWM64/objects/results.csv,UI_shared
noaa,VGG2k / no AA,r21vgg2k_vgg16_bn_s42,face_transfer,124,two_shared_ui,RFW WM64,Objects,0.37,0.39,50,within_sampled_range,UI,106,95.83333333333334,runs/yin_latest_vgg_20260927/transfer/results/r21vgg2k_vgg16_bn_s42/faces_rfwWM64/objects/results.csv,UI_shared
noaa,VGG2k / no AA,r21vgg2k_vgg16_bn_s42,face_transfer,124,two_shared_ui,RFW WM64,Objects,0.37,0.39,50,within_sampled_range,UI,107,91.66666666666666,runs/yin_latest_vgg_20260927/transfer/results/r21vgg2k_vgg16_bn_s42/faces_rfwWM64/objects/results.csv,UI_shared
noaa,VGG2k / no AA,r21vgg2k_vgg16_bn_s42,face_transfer,124,two_shared_ui,RFW WM64,Objects,0.37,0.39,50,within_sampled_range,UI,108,91.66666666666666,runs/yin_latest_vgg_20260927/transfer/results/r21vgg2k_vgg16_bn_s42/faces_rfwWM64/objects/results.csv,UI_shared
noaa,VGG2k / no AA,r21vgg2k_vgg16_bn_s42,face_transfer,124,two_shared_ui,RFW WM64,Objects,0.37,0.39,50,within_sampled_range,UI,109,83.33333333333334,runs/yin_latest_vgg_20260927/transfer/results/r21vgg2k_vgg16_bn_s42/faces_rfwWM64/objects/results.csv,UI_shared
noaa,VGG2k / no AA,r21vgg2k_vgg16_bn_s42,face_transfer,124,two_shared_ui,RFW WM64,Objects,0.37,0.39,50,within_sampled_range,UI,110,91.66666666666666,runs/yin_latest_vgg_20260927/transfer/results/r21vgg2k_vgg16_bn_s42/faces_rfwWM64/objects/results.csv,UI_shared
noaa,VGG2k / no AA,r21vgg2k_vgg16_bn_s42,face_transfer,124,two_shared_ui,RFW WM64,Objects,0.37,0.39,50,within_sampled_range,UI,111,100.0,runs/yin_latest_vgg_20260927/transfer/results/r21vgg2k_vgg16_bn_s42/faces_rfwWM64/objects/results.csv,UI_shared
noaa,VGG2k / no AA,r21vgg2k_vgg16_bn_s42,face_transfer,124,two_shared_ui,RFW WM64,Objects,0.37,0.39,50,within_sampled_range,UI,112,83.33333333333334,runs/yin_latest_vgg_20260927/transfer/results/r21vgg2k_vgg16_bn_s42/faces_rfwWM64/objects/results.csv,UI_shared
noaa,VGG2k / no AA,r21vgg2k_vgg16_bn_s42,face_transfer,124,two_shared_ui,RFW WM64,Objects,0.37,0.39,50,within_sampled_range,UI,113,95.83333333333334,runs/yin_latest_vgg_20260927/transfer/results/r21vgg2k_vgg16_bn_s42/faces_rfwWM64/objects/results.csv,UI_shared
noaa,VGG2k / no AA,r21vgg2k_vgg16_bn_s42,face_transfer,124,two_shared_ui,RFW WM64,Objects,0.37,0.39,50,within_sampled_range,UI,114,95.83333333333334,runs/yin_latest_vgg_20260927/transfer/results/r21vgg2k_vgg16_bn_s42/faces_rfwWM64/objects/results.csv,UI_shared
noaa,VGG2k / no AA,r21vgg2k_vgg16_bn_s42,face_transfer,124,two_shared_ui,RFW WM64,Objects,0.37,0.39,50,within_sampled_range,UI,115,100.0,runs/yin_latest_vgg_20260927/transfer/results/r21vgg2k_vgg16_bn_s42/faces_rfwWM64/objects/results.csv,UI_shared
noaa,VGG2k / no AA,r21vgg2k_vgg16_bn_s42,face_transfer,124,two_shared_ui,RFW WM64,Objects,0.37,0.39,50,within_sampled_range,UI,116,87.5,runs/yin_latest_vgg_20260927/transfer/results/r21vgg2k_vgg16_bn_s42/faces_rfwWM64/objects/results.csv,UI_shared
noaa,VGG2k / no AA,r21vgg2k_vgg16_bn_s42,face_transfer,124,two_shared_ui,RFW WM64,Objects,0.37,0.39,50,within_sampled_range,UI,117,87.5,runs/yin_latest_vgg_20260927/transfer/results/r21vgg2k_vgg16_bn_s42/faces_rfwWM64/objects/results.csv,UI_shared
noaa,VGG2k / no AA,r21vgg2k_vgg16_bn_s42,face_transfer,124,two_shared_ui,RFW WM64,Objects,0.37,0.39,50,within_sampled_range,UI,118,87.5,runs/yin_latest_vgg_20260927/transfer/results/r21vgg2k_vgg16_bn_s42/faces_rfwWM64/objects/results.csv,UI_shared
noaa,VGG2k / no AA,r21vgg2k_vgg16_bn_s42,face_transfer,124,two_shared_ui,RFW WM64,Objects,0.37,0.39,50,within_sampled_range,UI,119,87.5,runs/yin_latest_vgg_20260927/transfer/results/r21vgg2k_vgg16_bn_s42/faces_rfwWM64/objects/results.csv,UI_shared
noaa,VGG2k / no AA,r21vgg2k_vgg16_bn_s42,face_transfer,124,two_shared_ui,RFW WM64,Objects,0.37,0.39,50,within_sampled_range,UI,120,91.66666666666666,runs/yin_latest_vgg_20260927/transfer/results/r21vgg2k_vgg16_bn_s42/faces_rfwWM64/objects/results.csv,UI_shared
noaa,VGG2k / no AA,r21vgg2k_vgg16_bn_s42,face_transfer,124,two_shared_ui,RFW WM64,Objects,0.37,0.39,50,within_sampled_range,UI,121,83.33333333333334,runs/yin_latest_vgg_20260927/transfer/results/r21vgg2k_vgg16_bn_s42/faces_rfwWM64/objects/results.csv,UI_shared
noaa,VGG2k / no AA,r21vgg2k_vgg16_bn_s42,face_transfer,124,two_shared_ui,RFW WM64,Objects,0.37,0.39,50,within_sampled_range,UI,122,87.5,runs/yin_latest_vgg_20260927/transfer/results/r21vgg2k_vgg16_bn_s42/faces_rfwWM64/objects/results.csv,UI_shared
noaa,VGG2k / no AA,r21vgg2k_vgg16_bn_s42,face_transfer,124,two_shared_ui,RFW WM64,Objects,0.37,0.39,50,within_sampled_range,UI,123,79.16666666666666,runs/yin_latest_vgg_20260927/transfer/results/r21vgg2k_vgg16_bn_s42/faces_rfwWM64/objects/results.csv,UI_shared
noaa,VGG2k / no AA,r21vgg2k_vgg16_bn_s42,face_transfer,124,two_shared_ui,RFW WM64,Objects,0.37,0.39,50,within_sampled_range,UI,124,91.66666666666666,runs/yin_latest_vgg_20260927/transfer/results/r21vgg2k_vgg16_bn_s42/faces_rfwWM64/objects/results.csv,UI_shared
noaa,VGG2k / no AA,r21vgg2k_vgg16_bn_s42,face_transfer,124,two_shared_ui,RFW WM64,Objects,0.37,0.39,50,within_sampled_range,UI,125,100.0,runs/yin_latest_vgg_20260927/transfer/results/r21vgg2k_vgg16_bn_s42/faces_rfwWM64/objects/results.csv,UI_shared
noaa,VGG2k / no AA,r21vgg2k_vgg16_bn_s42,face_transfer,124,two_shared_ui,RFW WM64,Objects,0.37,0.39,50,within_sampled_range,UI,126,100.0,runs/yin_latest_vgg_20260927/transfer/results/r21vgg2k_vgg16_bn_s42/faces_rfwWM64/objects/results.csv,UI_shared
noaa,VGG2k / no AA,r21vgg2k_vgg16_bn_s42,face_transfer,124,two_shared_ui,RFW WM64,Objects,0.37,0.39,50,within_sampled_range,UI,127,87.5,runs/yin_latest_vgg_20260927/transfer/results/r21vgg2k_vgg16_bn_s42/faces_rfwWM64/objects/results.csv,UI_shared
noaa,VGG2k / no AA,r21vgg2k_vgg16_bn_s42,face_transfer,124,two_shared_ui,RFW WM64,Objects,0.37,0.39,50,within_sampled_range,UI,128,87.5,runs/yin_latest_vgg_20260927/transfer/results/r21vgg2k_vgg16_bn_s42/faces_rfwWM64/objects/results.csv,UI_shared
noaa,VGG2k / no AA,r21vgg2k_vgg16_bn_s42,face_transfer,124,two_shared_ui,RFW WM64,Objects,0.37,0.39,50,within_sampled_range,UI,129,95.83333333333334,runs/yin_latest_vgg_20260927/transfer/results/r21vgg2k_vgg16_bn_s42/faces_rfwWM64/objects/results.csv,UI_shared
noaa,VGG2k / no AA,r21vgg2k_vgg16_bn_s42,face_transfer,124,two_shared_ui,RFW WM64,Objects,0.37,0.39,50,within_sampled_range,UI,130,95.83333333333334,runs/yin_latest_vgg_20260927/transfer/results/r21vgg2k_vgg16_bn_s42/faces_rfwWM64/objects/results.csv,UI_shared
noaa,VGG2k / no AA,r21vgg2k_vgg16_bn_s42,face_transfer,124,two_shared_ui,RFW WM64,Objects,0.37,0.39,50,within_sampled_range,UI,131,87.5,runs/yin_latest_vgg_20260927/transfer/results/r21vgg2k_vgg16_bn_s42/faces_rfwWM64/objects/results.csv,UI_shared
noaa,VGG2k / no AA,r21vgg2k_vgg16_bn_s42,face_transfer,124,two_shared_ui,RFW WM64,Objects,0.37,0.39,50,within_sampled_range,UI,132,79.16666666666666,runs/yin_latest_vgg_20260927/transfer/results/r21vgg2k_vgg16_bn_s42/faces_rfwWM64/objects/results.csv,UI_shared
noaa,VGG2k / no AA,r21vgg2k_vgg16_bn_s42,face_transfer,124,two_shared_ui,RFW WM64,Objects,0.37,0.39,50,within_sampled_range,UI,133,87.5,runs/yin_latest_vgg_20260927/transfer/results/r21vgg2k_vgg16_bn_s42/faces_rfwWM64/objects/results.csv,UI_shared
noaa,VGG2k / no AA,r21vgg2k_vgg16_bn_s42,face_transfer,124,two_shared_ui,RFW WM64,Objects,0.37,0.39,50,within_sampled_range,UI,134,95.83333333333334,runs/yin_latest_vgg_20260927/transfer/results/r21vgg2k_vgg16_bn_s42/faces_rfwWM64/objects/results.csv,UI_shared
noaa,VGG2k / no AA,r21vgg2k_vgg16_bn_s42,face_transfer,124,two_shared_ui,RFW WM64,Objects,0.37,0.39,50,within_sampled_range,UI,135,91.66666666666666,runs/yin_latest_vgg_20260927/transfer/results/r21vgg2k_vgg16_bn_s42/faces_rfwWM64/objects/results.csv,UI_shared
noaa,VGG2k / no AA,r21vgg2k_vgg16_bn_s42,face_transfer,124,two_shared_ui,RFW WM64,Objects,0.37,0.39,50,within_sampled_range,UI,136,87.5,runs/yin_latest_vgg_20260927/transfer/results/r21vgg2k_vgg16_bn_s42/faces_rfwWM64/objects/results.csv,UI_shared
noaa,VGG2k / no AA,r21vgg2k_vgg16_bn_s42,face_transfer,124,two_shared_ui,RFW WM64,Objects,0.37,0.39,50,within_sampled_range,UI,137,87.5,runs/yin_latest_vgg_20260927/transfer/results/r21vgg2k_vgg16_bn_s42/faces_rfwWM64/objects/results.csv,UI_shared
noaa,VGG2k / no AA,r21vgg2k_vgg16_bn_s42,face_transfer,124,two_shared_ui,RFW WM64,Objects,0.37,0.39,50,within_sampled_range,UI,138,87.5,runs/yin_latest_vgg_20260927/transfer/results/r21vgg2k_vgg16_bn_s42/faces_rfwWM64/objects/results.csv,UI_shared
noaa,VGG2k / no AA,r21vgg2k_vgg16_bn_s42,face_transfer,124,two_shared_ui,RFW WM64,Objects,0.37,0.39,50,within_sampled_range,UI,139,87.5,runs/yin_latest_vgg_20260927/transfer/results/r21vgg2k_vgg16_bn_s42/faces_rfwWM64/objects/results.csv,UI_shared
noaa,VGG2k / no AA,r21vgg2k_vgg16_bn_s42,face_transfer,124,two_shared_ui,RFW WM64,Objects,0.37,0.39,50,within_sampled_range,UI,140,91.66666666666666,runs/yin_latest_vgg_20260927/transfer/results/r21vgg2k_vgg16_bn_s42/faces_rfwWM64/objects/results.csv,UI_shared
noaa,VGG2k / no AA,r21vgg2k_vgg16_bn_s42,face_transfer,124,two_shared_ui,RFW WM64,Objects,0.37,0.39,50,within_sampled_range,UI,141,83.33333333333334,runs/yin_latest_vgg_20260927/transfer/results/r21vgg2k_vgg16_bn_s42/faces_rfwWM64/objects/results.csv,UI_shared
noaa,VGG2k / no AA,r21vgg2k_vgg16_bn_s42,face_transfer,124,two_shared_ui,RFW WM64,Objects,0.37,0.39,50,within_sampled_range,UI,142,87.5,runs/yin_latest_vgg_20260927/transfer/results/r21vgg2k_vgg16_bn_s42/faces_rfwWM64/objects/results.csv,UI_shared
noaa,VGG2k / no AA,r21vgg2k_vgg16_bn_s42,face_transfer,124,two_shared_ui,RFW WM64,Objects,0.37,0.39,50,within_sampled_range,UI,143,91.66666666666666,runs/yin_latest_vgg_20260927/transfer/results/r21vgg2k_vgg16_bn_s42/faces_rfwWM64/objects/results.csv,UI_shared
noaa,VGG2k / no AA,r21vgg2k_vgg16_bn_s42,face_transfer,124,two_shared_ui,RFW WM64,Objects,0.37,0.39,50,within_sampled_range,UI,144,91.66666666666666,runs/yin_latest_vgg_20260927/transfer/results/r21vgg2k_vgg16_bn_s42/faces_rfwWM64/objects/results.csv,UI_shared
noaa,VGG2k / no AA,r21vgg2k_vgg16_bn_s42,face_transfer,124,two_shared_ui,RFW WM64,Objects,0.37,0.39,50,within_sampled_range,UI,145,95.83333333333334,runs/yin_latest_vgg_20260927/transfer/results/r21vgg2k_vgg16_bn_s42/faces_rfwWM64/objects/results.csv,UI_shared
noaa,VGG2k / no AA,r21vgg2k_vgg16_bn_s42,face_transfer,124,two_shared_ui,RFW WM64,Objects,0.37,0.39,50,within_sampled_range,UI,146,87.5,runs/yin_latest_vgg_20260927/transfer/results/r21vgg2k_vgg16_bn_s42/faces_rfwWM64/objects/results.csv,UI_shared
noaa,VGG2k / no AA,r21vgg2k_vgg16_bn_s42,face_transfer,124,two_shared_ui,RFW WM64,Objects,0.37,0.39,50,within_sampled_range,UI,147,91.66666666666666,runs/yin_latest_vgg_20260927/transfer/results/r21vgg2k_vgg16_bn_s42/faces_rfwWM64/objects/results.csv,UI_shared
noaa,VGG2k / no AA,r21vgg2k_vgg16_bn_s42,face_transfer,124,two_shared_ui,RFW WM64,Objects,0.37,0.39,50,within_sampled_range,UI,148,83.33333333333334,runs/yin_latest_vgg_20260927/transfer/results/r21vgg2k_vgg16_bn_s42/faces_rfwWM64/objects/results.csv,UI_shared
noaa,VGG2k / no AA,r21vgg2k_vgg16_bn_s42,face_transfer,124,two_shared_ui,RFW WM64,Objects,0.37,0.39,50,within_sampled_range,UI,149,87.5,runs/yin_latest_vgg_20260927/transfer/results/r21vgg2k_vgg16_bn_s42/faces_rfwWM64/objects/results.csv,UI_shared
noaa,VGG2k / no AA,r21vgg2k_vgg16_bn_s42,face_transfer,124,two_shared_ui,RFW WM64,Objects,0.37,0.39,50,within_sampled_range,UI,150,95.83333333333334,runs/yin_latest_vgg_20260927/transfer/results/r21vgg2k_vgg16_bn_s42/faces_rfwWM64/objects/results.csv,UI_shared
noaa,VGG2k / no AA,r21vgg2k_vgg16_bn_s42,face_transfer,124,two_shared_ui,RFW WM64,Objects,0.37,0.39,50,within_sampled_range,IU,101,91.66666666666666,runs/yin_latest_vgg_20260927/transfer/results/r21vgg2k_vgg16_bn_s42/faces_rfwWM64/objects/results.csv,IU
noaa,VGG2k / no AA,r21vgg2k_vgg16_bn_s42,face_transfer,124,two_shared_ui,RFW WM64,Objects,0.37,0.39,50,within_sampled_range,IU,102,91.66666666666666,runs/yin_latest_vgg_20260927/transfer/results/r21vgg2k_vgg16_bn_s42/faces_rfwWM64/objects/results.csv,IU
noaa,VGG2k / no AA,r21vgg2k_vgg16_bn_s42,face_transfer,124,two_shared_ui,RFW WM64,Objects,0.37,0.39,50,within_sampled_range,IU,103,91.66666666666666,runs/yin_latest_vgg_20260927/transfer/results/r21vgg2k_vgg16_bn_s42/faces_rfwWM64/objects/results.csv,IU
noaa,VGG2k / no AA,r21vgg2k_vgg16_bn_s42,face_transfer,124,two_shared_ui,RFW WM64,Objects,0.37,0.39,50,within_sampled_range,IU,104,83.33333333333334,runs/yin_latest_vgg_20260927/transfer/results/r21vgg2k_vgg16_bn_s42/faces_rfwWM64/objects/results.csv,IU
noaa,VGG2k / no AA,r21vgg2k_vgg16_bn_s42,face_transfer,124,two_shared_ui,RFW WM64,Objects,0.37,0.39,50,within_sampled_range,IU,105,91.66666666666666,runs/yin_latest_vgg_20260927/transfer/results/r21vgg2k_vgg16_bn_s42/faces_rfwWM64/objects/results.csv,IU
noaa,VGG2k / no AA,r21vgg2k_vgg16_bn_s42,face_transfer,124,two_shared_ui,RFW WM64,Objects,0.37,0.39,50,within_sampled_range,IU,106,91.66666666666666,runs/yin_latest_vgg_20260927/transfer/results/r21vgg2k_vgg16_bn_s42/faces_rfwWM64/objects/results.csv,IU
noaa,VGG2k / no AA,r21vgg2k_vgg16_bn_s42,face_transfer,124,two_shared_ui,RFW WM64,Objects,0.37,0.39,50,within_sampled_range,IU,107,95.83333333333334,runs/yin_latest_vgg_20260927/transfer/results/r21vgg2k_vgg16_bn_s42/faces_rfwWM64/objects/results.csv,IU
noaa,VGG2k / no AA,r21vgg2k_vgg16_bn_s42,face_transfer,124,two_shared_ui,RFW WM64,Objects,0.37,0.39,50,within_sampled_range,IU,108,87.5,runs/yin_latest_vgg_20260927/transfer/results/r21vgg2k_vgg16_bn_s42/faces_rfwWM64/objects/results.csv,IU
noaa,VGG2k / no AA,r21vgg2k_vgg16_bn_s42,face_transfer,124,two_shared_ui,RFW WM64,Objects,0.37,0.39,50,within_sampled_range,IU,109,87.5,runs/yin_latest_vgg_20260927/transfer/results/r21vgg2k_vgg16_bn_s42/faces_rfwWM64/objects/results.csv,IU
noaa,VGG2k / no AA,r21vgg2k_vgg16_bn_s42,face_transfer,124,two_shared_ui,RFW WM64,Objects,0.37,0.39,50,within_sampled_range,IU,110,95.83333333333334,runs/yin_latest_vgg_20260927/transfer/results/r21vgg2k_vgg16_bn_s42/faces_rfwWM64/objects/results.csv,IU
noaa,VGG2k / no AA,r21vgg2k_vgg16_bn_s42,face_transfer,124,two_shared_ui,RFW WM64,Objects,0.37,0.39,50,within_sampled_range,IU,111,87.5,runs/yin_latest_vgg_20260927/transfer/results/r21vgg2k_vgg16_bn_s42/faces_rfwWM64/objects/results.csv,IU
noaa,VGG2k / no AA,r21vgg2k_vgg16_bn_s42,face_transfer,124,two_shared_ui,RFW WM64,Objects,0.37,0.39,50,within_sampled_range,IU,112,70.83333333333334,runs/yin_latest_vgg_20260927/transfer/results/r21vgg2k_vgg16_bn_s42/faces_rfwWM64/objects/results.csv,IU
noaa,VGG2k / no AA,r21vgg2k_vgg16_bn_s42,face_transfer,124,two_shared_ui,RFW WM64,Objects,0.37,0.39,50,within_sampled_range,IU,113,79.16666666666666,runs/yin_latest_vgg_20260927/transfer/results/r21vgg2k_vgg16_bn_s42/faces_rfwWM64/objects/results.csv,IU
noaa,VGG2k / no AA,r21vgg2k_vgg16_bn_s42,face_transfer,124,two_shared_ui,RFW WM64,Objects,0.37,0.39,50,within_sampled_range,IU,114,87.5,runs/yin_latest_vgg_20260927/transfer/results/r21vgg2k_vgg16_bn_s42/faces_rfwWM64/objects/results.csv,IU
noaa,VGG2k / no AA,r21vgg2k_vgg16_bn_s42,face_transfer,124,two_shared_ui,RFW WM64,Objects,0.37,0.39,50,within_sampled_range,IU,115,91.66666666666666,runs/yin_latest_vgg_20260927/transfer/results/r21vgg2k_vgg16_bn_s42/faces_rfwWM64/objects/results.csv,IU
noaa,VGG2k / no AA,r21vgg2k_vgg16_bn_s42,face_transfer,124,two_shared_ui,RFW WM64,Objects,0.37,0.39,50,within_sampled_range,IU,116,91.66666666666666,runs/yin_latest_vgg_20260927/transfer/results/r21vgg2k_vgg16_bn_s42/faces_rfwWM64/objects/results.csv,IU
noaa,VGG2k / no AA,r21vgg2k_vgg16_bn_s42,face_transfer,124,two_shared_ui,RFW WM64,Objects,0.37,0.39,50,within_sampled_range,IU,117,83.33333333333334,runs/yin_latest_vgg_20260927/transfer/results/r21vgg2k_vgg16_bn_s42/faces_rfwWM64/objects/results.csv,IU
noaa,VGG2k / no AA,r21vgg2k_vgg16_bn_s42,face_transfer,124,two_shared_ui,RFW WM64,Objects,0.37,0.39,50,within_sampled_range,IU,118,100.0,runs/yin_latest_vgg_20260927/transfer/results/r21vgg2k_vgg16_bn_s42/faces_rfwWM64/objects/results.csv,IU
noaa,VGG2k / no AA,r21vgg2k_vgg16_bn_s42,face_transfer,124,two_shared_ui,RFW WM64,Objects,0.37,0.39,50,within_sampled_range,IU,119,91.66666666666666,runs/yin_latest_vgg_20260927/transfer/results/r21vgg2k_vgg16_bn_s42/faces_rfwWM64/objects/results.csv,IU
noaa,VGG2k / no AA,r21vgg2k_vgg16_bn_s42,face_transfer,124,two_shared_ui,RFW WM64,Objects,0.37,0.39,50,within_sampled_range,IU,120,100.0,runs/yin_latest_vgg_20260927/transfer/results/r21vgg2k_vgg16_bn_s42/faces_rfwWM64/objects/results.csv,IU
noaa,VGG2k / no AA,r21vgg2k_vgg16_bn_s42,face_transfer,124,two_shared_ui,RFW WM64,Objects,0.37,0.39,50,within_sampled_range,IU,121,87.5,runs/yin_latest_vgg_20260927/transfer/results/r21vgg2k_vgg16_bn_s42/faces_rfwWM64/objects/results.csv,IU
noaa,VGG2k / no AA,r21vgg2k_vgg16_bn_s42,face_transfer,124,two_shared_ui,RFW WM64,Objects,0.37,0.39,50,within_sampled_range,IU,122,95.83333333333334,runs/yin_latest_vgg_20260927/transfer/results/r21vgg2k_vgg16_bn_s42/faces_rfwWM64/objects/results.csv,IU
noaa,VGG2k / no AA,r21vgg2k_vgg16_bn_s42,face_transfer,124,two_shared_ui,RFW WM64,Objects,0.37,0.39,50,within_sampled_range,IU,123,79.16666666666666,runs/yin_latest_vgg_20260927/transfer/results/r21vgg2k_vgg16_bn_s42/faces_rfwWM64/objects/results.csv,IU
noaa,VGG2k / no AA,r21vgg2k_vgg16_bn_s42,face_transfer,124,two_shared_ui,RFW WM64,Objects,0.37,0.39,50,within_sampled_range,IU,124,91.66666666666666,runs/yin_latest_vgg_20260927/transfer/results/r21vgg2k_vgg16_bn_s42/faces_rfwWM64/objects/results.csv,IU
noaa,VGG2k / no AA,r21vgg2k_vgg16_bn_s42,face_transfer,124,two_shared_ui,RFW WM64,Objects,0.37,0.39,50,within_sampled_range,IU,125,91.66666666666666,runs/yin_latest_vgg_20260927/transfer/results/r21vgg2k_vgg16_bn_s42/faces_rfwWM64/objects/results.csv,IU
noaa,VGG2k / no AA,r21vgg2k_vgg16_bn_s42,face_transfer,124,two_shared_ui,RFW WM64,Objects,0.37,0.39,50,within_sampled_range,IU,126,95.83333333333334,runs/yin_latest_vgg_20260927/transfer/results/r21vgg2k_vgg16_bn_s42/faces_rfwWM64/objects/results.csv,IU
noaa,VGG2k / no AA,r21vgg2k_vgg16_bn_s42,face_transfer,124,two_shared_ui,RFW WM64,Objects,0.37,0.39,50,within_sampled_range,IU,127,95.83333333333334,runs/yin_latest_vgg_20260927/transfer/results/r21vgg2k_vgg16_bn_s42/faces_rfwWM64/objects/results.csv,IU
noaa,VGG2k / no AA,r21vgg2k_vgg16_bn_s42,face_transfer,124,two_shared_ui,RFW WM64,Objects,0.37,0.39,50,within_sampled_range,IU,128,75.0,runs/yin_latest_vgg_20260927/transfer/results/r21vgg2k_vgg16_bn_s42/faces_rfwWM64/objects/results.csv,IU
noaa,VGG2k / no AA,r21vgg2k_vgg16_bn_s42,face_transfer,124,two_shared_ui,RFW WM64,Objects,0.37,0.39,50,within_sampled_range,IU,129,83.33333333333334,runs/yin_latest_vgg_20260927/transfer/results/r21vgg2k_vgg16_bn_s42/faces_rfwWM64/objects/results.csv,IU
noaa,VGG2k / no AA,r21vgg2k_vgg16_bn_s42,face_transfer,124,two_shared_ui,RFW WM64,Objects,0.37,0.39,50,within_sampled_range,IU,130,83.33333333333334,runs/yin_latest_vgg_20260927/transfer/results/r21vgg2k_vgg16_bn_s42/faces_rfwWM64/objects/results.csv,IU
noaa,VGG2k / no AA,r21vgg2k_vgg16_bn_s42,face_transfer,124,two_shared_ui,RFW WM64,Objects,0.37,0.39,50,within_sampled_range,IU,131,83.33333333333334,runs/yin_latest_vgg_20260927/transfer/results/r21vgg2k_vgg16_bn_s42/faces_rfwWM64/objects/results.csv,IU
noaa,VGG2k / no AA,r21vgg2k_vgg16_bn_s42,face_transfer,124,two_shared_ui,RFW WM64,Objects,0.37,0.39,50,within_sampled_range,IU,132,91.66666666666666,runs/yin_latest_vgg_20260927/transfer/results/r21vgg2k_vgg16_bn_s42/faces_rfwWM64/objects/results.csv,IU
noaa,VGG2k / no AA,r21vgg2k_vgg16_bn_s42,face_transfer,124,two_shared_ui,RFW WM64,Objects,0.37,0.39,50,within_sampled_range,IU,133,87.5,runs/yin_latest_vgg_20260927/transfer/results/r21vgg2k_vgg16_bn_s42/faces_rfwWM64/objects/results.csv,IU
noaa,VGG2k / no AA,r21vgg2k_vgg16_bn_s42,face_transfer,124,two_shared_ui,RFW WM64,Objects,0.37,0.39,50,within_sampled_range,IU,134,91.66666666666666,runs/yin_latest_vgg_20260927/transfer/results/r21vgg2k_vgg16_bn_s42/faces_rfwWM64/objects/results.csv,IU
noaa,VGG2k / no AA,r21vgg2k_vgg16_bn_s42,face_transfer,124,two_shared_ui,RFW WM64,Objects,0.37,0.39,50,within_sampled_range,IU,135,91.66666666666666,runs/yin_latest_vgg_20260927/transfer/results/r21vgg2k_vgg16_bn_s42/faces_rfwWM64/objects/results.csv,IU
noaa,VGG2k / no AA,r21vgg2k_vgg16_bn_s42,face_transfer,124,two_shared_ui,RFW WM64,Objects,0.37,0.39,50,within_sampled_range,IU,136,87.5,runs/yin_latest_vgg_20260927/transfer/results/r21vgg2k_vgg16_bn_s42/faces_rfwWM64/objects/results.csv,IU
noaa,VGG2k / no AA,r21vgg2k_vgg16_bn_s42,face_transfer,124,two_shared_ui,RFW WM64,Objects,0.37,0.39,50,within_sampled_range,IU,137,100.0,runs/yin_latest_vgg_20260927/transfer/results/r21vgg2k_vgg16_bn_s42/faces_rfwWM64/objects/results.csv,IU
noaa,VGG2k / no AA,r21vgg2k_vgg16_bn_s42,face_transfer,124,two_shared_ui,RFW WM64,Objects,0.37,0.39,50,within_sampled_range,IU,138,87.5,runs/yin_latest_vgg_20260927/transfer/results/r21vgg2k_vgg16_bn_s42/faces_rfwWM64/objects/results.csv,IU
noaa,VGG2k / no AA,r21vgg2k_vgg16_bn_s42,face_transfer,124,two_shared_ui,RFW WM64,Objects,0.37,0.39,50,within_sampled_range,IU,139,79.16666666666666,runs/yin_latest_vgg_20260927/transfer/results/r21vgg2k_vgg16_bn_s42/faces_rfwWM64/objects/results.csv,IU
noaa,VGG2k / no AA,r21vgg2k_vgg16_bn_s42,face_transfer,124,two_shared_ui,RFW WM64,Objects,0.37,0.39,50,within_sampled_range,IU,140,91.66666666666666,runs/yin_latest_vgg_20260927/transfer/results/r21vgg2k_vgg16_bn_s42/faces_rfwWM64/objects/results.csv,IU
noaa,VGG2k / no AA,r21vgg2k_vgg16_bn_s42,face_transfer,124,two_shared_ui,RFW WM64,Objects,0.37,0.39,50,within_sampled_range,IU,141,91.66666666666666,runs/yin_latest_vgg_20260927/transfer/results/r21vgg2k_vgg16_bn_s42/faces_rfwWM64/objects/results.csv,IU
noaa,VGG2k / no AA,r21vgg2k_vgg16_bn_s42,face_transfer,124,two_shared_ui,RFW WM64,Objects,0.37,0.39,50,within_sampled_range,IU,142,87.5,runs/yin_latest_vgg_20260927/transfer/results/r21vgg2k_vgg16_bn_s42/faces_rfwWM64/objects/results.csv,IU
noaa,VGG2k / no AA,r21vgg2k_vgg16_bn_s42,face_transfer,124,two_shared_ui,RFW WM64,Objects,0.37,0.39,50,within_sampled_range,IU,143,83.33333333333334,runs/yin_latest_vgg_20260927/transfer/results/r21vgg2k_vgg16_bn_s42/faces_rfwWM64/objects/results.csv,IU
noaa,VGG2k / no AA,r21vgg2k_vgg16_bn_s42,face_transfer,124,two_shared_ui,RFW WM64,Objects,0.37,0.39,50,within_sampled_range,IU,144,87.5,runs/yin_latest_vgg_20260927/transfer/results/r21vgg2k_vgg16_bn_s42/faces_rfwWM64/objects/results.csv,IU
noaa,VGG2k / no AA,r21vgg2k_vgg16_bn_s42,face_transfer,124,two_shared_ui,RFW WM64,Objects,0.37,0.39,50,within_sampled_range,IU,145,95.83333333333334,runs/yin_latest_vgg_20260927/transfer/results/r21vgg2k_vgg16_bn_s42/faces_rfwWM64/objects/results.csv,IU
noaa,VGG2k / no AA,r21vgg2k_vgg16_bn_s42,face_transfer,124,two_shared_ui,RFW WM64,Objects,0.37,0.39,50,within_sampled_range,IU,146,91.66666666666666,runs/yin_latest_vgg_20260927/transfer/results/r21vgg2k_vgg16_bn_s42/faces_rfwWM64/objects/results.csv,IU
noaa,VGG2k / no AA,r21vgg2k_vgg16_bn_s42,face_transfer,124,two_shared_ui,RFW WM64,Objects,0.37,0.39,50,within_sampled_range,IU,147,91.66666666666666,runs/yin_latest_vgg_20260927/transfer/results/r21vgg2k_vgg16_bn_s42/faces_rfwWM64/objects/results.csv,IU
noaa,VGG2k / no AA,r21vgg2k_vgg16_bn_s42,face_transfer,124,two_shared_ui,RFW WM64,Objects,0.37,0.39,50,within_sampled_range,IU,148,79.16666666666666,runs/yin_latest_vgg_20260927/transfer/results/r21vgg2k_vgg16_bn_s42/faces_rfwWM64/objects/results.csv,IU
noaa,VGG2k / no AA,r21vgg2k_vgg16_bn_s42,face_transfer,124,two_shared_ui,RFW WM64,Objects,0.37,0.39,50,within_sampled_range,IU,149,87.5,runs/yin_latest_vgg_20260927/transfer/results/r21vgg2k_vgg16_bn_s42/faces_rfwWM64/objects/results.csv,IU
noaa,VGG2k / no AA,r21vgg2k_vgg16_bn_s42,face_transfer,124,two_shared_ui,RFW WM64,Objects,0.37,0.39,50,within_sampled_range,IU,150,91.66666666666666,runs/yin_latest_vgg_20260927/transfer/results/r21vgg2k_vgg16_bn_s42/faces_rfwWM64/objects/results.csv,IU
noaa,VGG2k / no AA,r21vgg2k_vgg16_bn_s42,face_transfer,124,single_uu,RFW WM64,Houses,0.37,,50,within_sampled_range,UU,101,70.83333333333334,runs/yin_latest_vgg_20260927/single_noise/r21vgg2k_vgg16_bn_s42/faces_rfwWM64/houses_yin64/results.csv,UU
noaa,VGG2k / no AA,r21vgg2k_vgg16_bn_s42,face_transfer,124,single_uu,RFW WM64,Houses,0.37,,50,within_sampled_range,UU,102,91.66666666666666,runs/yin_latest_vgg_20260927/single_noise/r21vgg2k_vgg16_bn_s42/faces_rfwWM64/houses_yin64/results.csv,UU
noaa,VGG2k / no AA,r21vgg2k_vgg16_bn_s42,face_transfer,124,single_uu,RFW WM64,Houses,0.37,,50,within_sampled_range,UU,103,79.16666666666666,runs/yin_latest_vgg_20260927/single_noise/r21vgg2k_vgg16_bn_s42/faces_rfwWM64/houses_yin64/results.csv,UU
noaa,VGG2k / no AA,r21vgg2k_vgg16_bn_s42,face_transfer,124,single_uu,RFW WM64,Houses,0.37,,50,within_sampled_range,UU,104,75.0,runs/yin_latest_vgg_20260927/single_noise/r21vgg2k_vgg16_bn_s42/faces_rfwWM64/houses_yin64/results.csv,UU
noaa,VGG2k / no AA,r21vgg2k_vgg16_bn_s42,face_transfer,124,single_uu,RFW WM64,Houses,0.37,,50,within_sampled_range,UU,105,66.66666666666666,runs/yin_latest_vgg_20260927/single_noise/r21vgg2k_vgg16_bn_s42/faces_rfwWM64/houses_yin64/results.csv,UU
noaa,VGG2k / no AA,r21vgg2k_vgg16_bn_s42,face_transfer,124,single_uu,RFW WM64,Houses,0.37,,50,within_sampled_range,UU,106,70.83333333333334,runs/yin_latest_vgg_20260927/single_noise/r21vgg2k_vgg16_bn_s42/faces_rfwWM64/houses_yin64/results.csv,UU
noaa,VGG2k / no AA,r21vgg2k_vgg16_bn_s42,face_transfer,124,single_uu,RFW WM64,Houses,0.37,,50,within_sampled_range,UU,107,75.0,runs/yin_latest_vgg_20260927/single_noise/r21vgg2k_vgg16_bn_s42/faces_rfwWM64/houses_yin64/results.csv,UU
noaa,VGG2k / no AA,r21vgg2k_vgg16_bn_s42,face_transfer,124,single_uu,RFW WM64,Houses,0.37,,50,within_sampled_range,UU,108,75.0,runs/yin_latest_vgg_20260927/single_noise/r21vgg2k_vgg16_bn_s42/faces_rfwWM64/houses_yin64/results.csv,UU
noaa,VGG2k / no AA,r21vgg2k_vgg16_bn_s42,face_transfer,124,single_uu,RFW WM64,Houses,0.37,,50,within_sampled_range,UU,109,54.166666666666664,runs/yin_latest_vgg_20260927/single_noise/r21vgg2k_vgg16_bn_s42/faces_rfwWM64/houses_yin64/results.csv,UU
noaa,VGG2k / no AA,r21vgg2k_vgg16_bn_s42,face_transfer,124,single_uu,RFW WM64,Houses,0.37,,50,within_sampled_range,UU,110,58.333333333333336,runs/yin_latest_vgg_20260927/single_noise/r21vgg2k_vgg16_bn_s42/faces_rfwWM64/houses_yin64/results.csv,UU
noaa,VGG2k / no AA,r21vgg2k_vgg16_bn_s42,face_transfer,124,single_uu,RFW WM64,Houses,0.37,,50,within_sampled_range,UU,111,66.66666666666666,runs/yin_latest_vgg_20260927/single_noise/r21vgg2k_vgg16_bn_s42/faces_rfwWM64/houses_yin64/results.csv,UU
noaa,VGG2k / no AA,r21vgg2k_vgg16_bn_s42,face_transfer,124,single_uu,RFW WM64,Houses,0.37,,50,within_sampled_range,UU,112,70.83333333333334,runs/yin_latest_vgg_20260927/single_noise/r21vgg2k_vgg16_bn_s42/faces_rfwWM64/houses_yin64/results.csv,UU
noaa,VGG2k / no AA,r21vgg2k_vgg16_bn_s42,face_transfer,124,single_uu,RFW WM64,Houses,0.37,,50,within_sampled_range,UU,113,70.83333333333334,runs/yin_latest_vgg_20260927/single_noise/r21vgg2k_vgg16_bn_s42/faces_rfwWM64/houses_yin64/results.csv,UU
noaa,VGG2k / no AA,r21vgg2k_vgg16_bn_s42,face_transfer,124,single_uu,RFW WM64,Houses,0.37,,50,within_sampled_range,UU,114,79.16666666666666,runs/yin_latest_vgg_20260927/single_noise/r21vgg2k_vgg16_bn_s42/faces_rfwWM64/houses_yin64/results.csv,UU
noaa,VGG2k / no AA,r21vgg2k_vgg16_bn_s42,face_transfer,124,single_uu,RFW WM64,Houses,0.37,,50,within_sampled_range,UU,115,58.333333333333336,runs/yin_latest_vgg_20260927/single_noise/r21vgg2k_vgg16_bn_s42/faces_rfwWM64/houses_yin64/results.csv,UU
noaa,VGG2k / no AA,r21vgg2k_vgg16_bn_s42,face_transfer,124,single_uu,RFW WM64,Houses,0.37,,50,within_sampled_range,UU,116,62.5,runs/yin_latest_vgg_20260927/single_noise/r21vgg2k_vgg16_bn_s42/faces_rfwWM64/houses_yin64/results.csv,UU
noaa,VGG2k / no AA,r21vgg2k_vgg16_bn_s42,face_transfer,124,single_uu,RFW WM64,Houses,0.37,,50,within_sampled_range,UU,117,79.16666666666666,runs/yin_latest_vgg_20260927/single_noise/r21vgg2k_vgg16_bn_s42/faces_rfwWM64/houses_yin64/results.csv,UU
noaa,VGG2k / no AA,r21vgg2k_vgg16_bn_s42,face_transfer,124,single_uu,RFW WM64,Houses,0.37,,50,within_sampled_range,UU,118,66.66666666666666,runs/yin_latest_vgg_20260927/single_noise/r21vgg2k_vgg16_bn_s42/faces_rfwWM64/houses_yin64/results.csv,UU
noaa,VGG2k / no AA,r21vgg2k_vgg16_bn_s42,face_transfer,124,single_uu,RFW WM64,Houses,0.37,,50,within_sampled_range,UU,119,58.333333333333336,runs/yin_latest_vgg_20260927/single_noise/r21vgg2k_vgg16_bn_s42/faces_rfwWM64/houses_yin64/results.csv,UU
noaa,VGG2k / no AA,r21vgg2k_vgg16_bn_s42,face_transfer,124,single_uu,RFW WM64,Houses,0.37,,50,within_sampled_range,UU,120,62.5,runs/yin_latest_vgg_20260927/single_noise/r21vgg2k_vgg16_bn_s42/faces_rfwWM64/houses_yin64/results.csv,UU
noaa,VGG2k / no AA,r21vgg2k_vgg16_bn_s42,face_transfer,124,single_uu,RFW WM64,Houses,0.37,,50,within_sampled_range,UU,121,58.333333333333336,runs/yin_latest_vgg_20260927/single_noise/r21vgg2k_vgg16_bn_s42/faces_rfwWM64/houses_yin64/results.csv,UU
noaa,VGG2k / no AA,r21vgg2k_vgg16_bn_s42,face_transfer,124,single_uu,RFW WM64,Houses,0.37,,50,within_sampled_range,UU,122,66.66666666666666,runs/yin_latest_vgg_20260927/single_noise/r21vgg2k_vgg16_bn_s42/faces_rfwWM64/houses_yin64/results.csv,UU
noaa,VGG2k / no AA,r21vgg2k_vgg16_bn_s42,face_transfer,124,single_uu,RFW WM64,Houses,0.37,,50,within_sampled_range,UU,123,66.66666666666666,runs/yin_latest_vgg_20260927/single_noise/r21vgg2k_vgg16_bn_s42/faces_rfwWM64/houses_yin64/results.csv,UU
noaa,VGG2k / no AA,r21vgg2k_vgg16_bn_s42,face_transfer,124,single_uu,RFW WM64,Houses,0.37,,50,within_sampled_range,UU,124,75.0,runs/yin_latest_vgg_20260927/single_noise/r21vgg2k_vgg16_bn_s42/faces_rfwWM64/houses_yin64/results.csv,UU
noaa,VGG2k / no AA,r21vgg2k_vgg16_bn_s42,face_transfer,124,single_uu,RFW WM64,Houses,0.37,,50,within_sampled_range,UU,125,66.66666666666666,runs/yin_latest_vgg_20260927/single_noise/r21vgg2k_vgg16_bn_s42/faces_rfwWM64/houses_yin64/results.csv,UU
noaa,VGG2k / no AA,r21vgg2k_vgg16_bn_s42,face_transfer,124,single_uu,RFW WM64,Houses,0.37,,50,within_sampled_range,UU,126,62.5,runs/yin_latest_vgg_20260927/single_noise/r21vgg2k_vgg16_bn_s42/faces_rfwWM64/houses_yin64/results.csv,UU
noaa,VGG2k / no AA,r21vgg2k_vgg16_bn_s42,face_transfer,124,single_uu,RFW WM64,Houses,0.37,,50,within_sampled_range,UU,127,70.83333333333334,runs/yin_latest_vgg_20260927/single_noise/r21vgg2k_vgg16_bn_s42/faces_rfwWM64/houses_yin64/results.csv,UU
noaa,VGG2k / no AA,r21vgg2k_vgg16_bn_s42,face_transfer,124,single_uu,RFW WM64,Houses,0.37,,50,within_sampled_range,UU,128,70.83333333333334,runs/yin_latest_vgg_20260927/single_noise/r21vgg2k_vgg16_bn_s42/faces_rfwWM64/houses_yin64/results.csv,UU
noaa,VGG2k / no AA,r21vgg2k_vgg16_bn_s42,face_transfer,124,single_uu,RFW WM64,Houses,0.37,,50,within_sampled_range,UU,129,70.83333333333334,runs/yin_latest_vgg_20260927/single_noise/r21vgg2k_vgg16_bn_s42/faces_rfwWM64/houses_yin64/results.csv,UU
noaa,VGG2k / no AA,r21vgg2k_vgg16_bn_s42,face_transfer,124,single_uu,RFW WM64,Houses,0.37,,50,within_sampled_range,UU,130,75.0,runs/yin_latest_vgg_20260927/single_noise/r21vgg2k_vgg16_bn_s42/faces_rfwWM64/houses_yin64/results.csv,UU
noaa,VGG2k / no AA,r21vgg2k_vgg16_bn_s42,face_transfer,124,single_uu,RFW WM64,Houses,0.37,,50,within_sampled_range,UU,131,79.16666666666666,runs/yin_latest_vgg_20260927/single_noise/r21vgg2k_vgg16_bn_s42/faces_rfwWM64/houses_yin64/results.csv,UU
noaa,VGG2k / no AA,r21vgg2k_vgg16_bn_s42,face_transfer,124,single_uu,RFW WM64,Houses,0.37,,50,within_sampled_range,UU,132,70.83333333333334,runs/yin_latest_vgg_20260927/single_noise/r21vgg2k_vgg16_bn_s42/faces_rfwWM64/houses_yin64/results.csv,UU
noaa,VGG2k / no AA,r21vgg2k_vgg16_bn_s42,face_transfer,124,single_uu,RFW WM64,Houses,0.37,,50,within_sampled_range,UU,133,70.83333333333334,runs/yin_latest_vgg_20260927/single_noise/r21vgg2k_vgg16_bn_s42/faces_rfwWM64/houses_yin64/results.csv,UU
noaa,VGG2k / no AA,r21vgg2k_vgg16_bn_s42,face_transfer,124,single_uu,RFW WM64,Houses,0.37,,50,within_sampled_range,UU,134,62.5,runs/yin_latest_vgg_20260927/single_noise/r21vgg2k_vgg16_bn_s42/faces_rfwWM64/houses_yin64/results.csv,UU
noaa,VGG2k / no AA,r21vgg2k_vgg16_bn_s42,face_transfer,124,single_uu,RFW WM64,Houses,0.37,,50,within_sampled_range,UU,135,62.5,runs/yin_latest_vgg_20260927/single_noise/r21vgg2k_vgg16_bn_s42/faces_rfwWM64/houses_yin64/results.csv,UU
noaa,VGG2k / no AA,r21vgg2k_vgg16_bn_s42,face_transfer,124,single_uu,RFW WM64,Houses,0.37,,50,within_sampled_range,UU,136,66.66666666666666,runs/yin_latest_vgg_20260927/single_noise/r21vgg2k_vgg16_bn_s42/faces_rfwWM64/houses_yin64/results.csv,UU
noaa,VGG2k / no AA,r21vgg2k_vgg16_bn_s42,face_transfer,124,single_uu,RFW WM64,Houses,0.37,,50,within_sampled_range,UU,137,58.333333333333336,runs/yin_latest_vgg_20260927/single_noise/r21vgg2k_vgg16_bn_s42/faces_rfwWM64/houses_yin64/results.csv,UU
noaa,VGG2k / no AA,r21vgg2k_vgg16_bn_s42,face_transfer,124,single_uu,RFW WM64,Houses,0.37,,50,within_sampled_range,UU,138,79.16666666666666,runs/yin_latest_vgg_20260927/single_noise/r21vgg2k_vgg16_bn_s42/faces_rfwWM64/houses_yin64/results.csv,UU
noaa,VGG2k / no AA,r21vgg2k_vgg16_bn_s42,face_transfer,124,single_uu,RFW WM64,Houses,0.37,,50,within_sampled_range,UU,139,62.5,runs/yin_latest_vgg_20260927/single_noise/r21vgg2k_vgg16_bn_s42/faces_rfwWM64/houses_yin64/results.csv,UU
noaa,VGG2k / no AA,r21vgg2k_vgg16_bn_s42,face_transfer,124,single_uu,RFW WM64,Houses,0.37,,50,within_sampled_range,UU,140,79.16666666666666,runs/yin_latest_vgg_20260927/single_noise/r21vgg2k_vgg16_bn_s42/faces_rfwWM64/houses_yin64/results.csv,UU
noaa,VGG2k / no AA,r21vgg2k_vgg16_bn_s42,face_transfer,124,single_uu,RFW WM64,Houses,0.37,,50,within_sampled_range,UU,141,75.0,runs/yin_latest_vgg_20260927/single_noise/r21vgg2k_vgg16_bn_s42/faces_rfwWM64/houses_yin64/results.csv,UU
noaa,VGG2k / no AA,r21vgg2k_vgg16_bn_s42,face_transfer,124,single_uu,RFW WM64,Houses,0.37,,50,within_sampled_range,UU,142,66.66666666666666,runs/yin_latest_vgg_20260927/single_noise/r21vgg2k_vgg16_bn_s42/faces_rfwWM64/houses_yin64/results.csv,UU
noaa,VGG2k / no AA,r21vgg2k_vgg16_bn_s42,face_transfer,124,single_uu,RFW WM64,Houses,0.37,,50,within_sampled_range,UU,143,54.166666666666664,runs/yin_latest_vgg_20260927/single_noise/r21vgg2k_vgg16_bn_s42/faces_rfwWM64/houses_yin64/results.csv,UU
noaa,VGG2k / no AA,r21vgg2k_vgg16_bn_s42,face_transfer,124,single_uu,RFW WM64,Houses,0.37,,50,within_sampled_range,UU,144,70.83333333333334,runs/yin_latest_vgg_20260927/single_noise/r21vgg2k_vgg16_bn_s42/faces_rfwWM64/houses_yin64/results.csv,UU
noaa,VGG2k / no AA,r21vgg2k_vgg16_bn_s42,face_transfer,124,single_uu,RFW WM64,Houses,0.37,,50,within_sampled_range,UU,145,75.0,runs/yin_latest_vgg_20260927/single_noise/r21vgg2k_vgg16_bn_s42/faces_rfwWM64/houses_yin64/results.csv,UU
noaa,VGG2k / no AA,r21vgg2k_vgg16_bn_s42,face_transfer,124,single_uu,RFW WM64,Houses,0.37,,50,within_sampled_range,UU,146,83.33333333333334,runs/yin_latest_vgg_20260927/single_noise/r21vgg2k_vgg16_bn_s42/faces_rfwWM64/houses_yin64/results.csv,UU
noaa,VGG2k / no AA,r21vgg2k_vgg16_bn_s42,face_transfer,124,single_uu,RFW WM64,Houses,0.37,,50,within_sampled_range,UU,147,58.333333333333336,runs/yin_latest_vgg_20260927/single_noise/r21vgg2k_vgg16_bn_s42/faces_rfwWM64/houses_yin64/results.csv,UU
noaa,VGG2k / no AA,r21vgg2k_vgg16_bn_s42,face_transfer,124,single_uu,RFW WM64,Houses,0.37,,50,within_sampled_range,UU,148,70.83333333333334,runs/yin_latest_vgg_20260927/single_noise/r21vgg2k_vgg16_bn_s42/faces_rfwWM64/houses_yin64/results.csv,UU
noaa,VGG2k / no AA,r21vgg2k_vgg16_bn_s42,face_transfer,124,single_uu,RFW WM64,Houses,0.37,,50,within_sampled_range,UU,149,70.83333333333334,runs/yin_latest_vgg_20260927/single_noise/r21vgg2k_vgg16_bn_s42/faces_rfwWM64/houses_yin64/results.csv,UU
noaa,VGG2k / no AA,r21vgg2k_vgg16_bn_s42,face_transfer,124,single_uu,RFW WM64,Houses,0.37,,50,within_sampled_range,UU,150,79.16666666666666,runs/yin_latest_vgg_20260927/single_noise/r21vgg2k_vgg16_bn_s42/faces_rfwWM64/houses_yin64/results.csv,UU
noaa,VGG2k / no AA,r21vgg2k_vgg16_bn_s42,face_transfer,124,single_uu,RFW WM64,Houses,0.37,,50,within_sampled_range,II,101,70.83333333333334,runs/yin_latest_vgg_20260927/single_noise/r21vgg2k_vgg16_bn_s42/faces_rfwWM64/houses_yin64/results.csv,II
noaa,VGG2k / no AA,r21vgg2k_vgg16_bn_s42,face_transfer,124,single_uu,RFW WM64,Houses,0.37,,50,within_sampled_range,II,102,87.5,runs/yin_latest_vgg_20260927/single_noise/r21vgg2k_vgg16_bn_s42/faces_rfwWM64/houses_yin64/results.csv,II
noaa,VGG2k / no AA,r21vgg2k_vgg16_bn_s42,face_transfer,124,single_uu,RFW WM64,Houses,0.37,,50,within_sampled_range,II,103,83.33333333333334,runs/yin_latest_vgg_20260927/single_noise/r21vgg2k_vgg16_bn_s42/faces_rfwWM64/houses_yin64/results.csv,II
noaa,VGG2k / no AA,r21vgg2k_vgg16_bn_s42,face_transfer,124,single_uu,RFW WM64,Houses,0.37,,50,within_sampled_range,II,104,75.0,runs/yin_latest_vgg_20260927/single_noise/r21vgg2k_vgg16_bn_s42/faces_rfwWM64/houses_yin64/results.csv,II
noaa,VGG2k / no AA,r21vgg2k_vgg16_bn_s42,face_transfer,124,single_uu,RFW WM64,Houses,0.37,,50,within_sampled_range,II,105,70.83333333333334,runs/yin_latest_vgg_20260927/single_noise/r21vgg2k_vgg16_bn_s42/faces_rfwWM64/houses_yin64/results.csv,II
noaa,VGG2k / no AA,r21vgg2k_vgg16_bn_s42,face_transfer,124,single_uu,RFW WM64,Houses,0.37,,50,within_sampled_range,II,106,66.66666666666666,runs/yin_latest_vgg_20260927/single_noise/r21vgg2k_vgg16_bn_s42/faces_rfwWM64/houses_yin64/results.csv,II
noaa,VGG2k / no AA,r21vgg2k_vgg16_bn_s42,face_transfer,124,single_uu,RFW WM64,Houses,0.37,,50,within_sampled_range,II,107,79.16666666666666,runs/yin_latest_vgg_20260927/single_noise/r21vgg2k_vgg16_bn_s42/faces_rfwWM64/houses_yin64/results.csv,II
noaa,VGG2k / no AA,r21vgg2k_vgg16_bn_s42,face_transfer,124,single_uu,RFW WM64,Houses,0.37,,50,within_sampled_range,II,108,75.0,runs/yin_latest_vgg_20260927/single_noise/r21vgg2k_vgg16_bn_s42/faces_rfwWM64/houses_yin64/results.csv,II
noaa,VGG2k / no AA,r21vgg2k_vgg16_bn_s42,face_transfer,124,single_uu,RFW WM64,Houses,0.37,,50,within_sampled_range,II,109,54.166666666666664,runs/yin_latest_vgg_20260927/single_noise/r21vgg2k_vgg16_bn_s42/faces_rfwWM64/houses_yin64/results.csv,II
noaa,VGG2k / no AA,r21vgg2k_vgg16_bn_s42,face_transfer,124,single_uu,RFW WM64,Houses,0.37,,50,within_sampled_range,II,110,66.66666666666666,runs/yin_latest_vgg_20260927/single_noise/r21vgg2k_vgg16_bn_s42/faces_rfwWM64/houses_yin64/results.csv,II
noaa,VGG2k / no AA,r21vgg2k_vgg16_bn_s42,face_transfer,124,single_uu,RFW WM64,Houses,0.37,,50,within_sampled_range,II,111,62.5,runs/yin_latest_vgg_20260927/single_noise/r21vgg2k_vgg16_bn_s42/faces_rfwWM64/houses_yin64/results.csv,II
noaa,VGG2k / no AA,r21vgg2k_vgg16_bn_s42,face_transfer,124,single_uu,RFW WM64,Houses,0.37,,50,within_sampled_range,II,112,79.16666666666666,runs/yin_latest_vgg_20260927/single_noise/r21vgg2k_vgg16_bn_s42/faces_rfwWM64/houses_yin64/results.csv,II
noaa,VGG2k / no AA,r21vgg2k_vgg16_bn_s42,face_transfer,124,single_uu,RFW WM64,Houses,0.37,,50,within_sampled_range,II,113,58.333333333333336,runs/yin_latest_vgg_20260927/single_noise/r21vgg2k_vgg16_bn_s42/faces_rfwWM64/houses_yin64/results.csv,II
noaa,VGG2k / no AA,r21vgg2k_vgg16_bn_s42,face_transfer,124,single_uu,RFW WM64,Houses,0.37,,50,within_sampled_range,II,114,62.5,runs/yin_latest_vgg_20260927/single_noise/r21vgg2k_vgg16_bn_s42/faces_rfwWM64/houses_yin64/results.csv,II
noaa,VGG2k / no AA,r21vgg2k_vgg16_bn_s42,face_transfer,124,single_uu,RFW WM64,Houses,0.37,,50,within_sampled_range,II,115,79.16666666666666,runs/yin_latest_vgg_20260927/single_noise/r21vgg2k_vgg16_bn_s42/faces_rfwWM64/houses_yin64/results.csv,II
noaa,VGG2k / no AA,r21vgg2k_vgg16_bn_s42,face_transfer,124,single_uu,RFW WM64,Houses,0.37,,50,within_sampled_range,II,116,79.16666666666666,runs/yin_latest_vgg_20260927/single_noise/r21vgg2k_vgg16_bn_s42/faces_rfwWM64/houses_yin64/results.csv,II
noaa,VGG2k / no AA,r21vgg2k_vgg16_bn_s42,face_transfer,124,single_uu,RFW WM64,Houses,0.37,,50,within_sampled_range,II,117,75.0,runs/yin_latest_vgg_20260927/single_noise/r21vgg2k_vgg16_bn_s42/faces_rfwWM64/houses_yin64/results.csv,II
noaa,VGG2k / no AA,r21vgg2k_vgg16_bn_s42,face_transfer,124,single_uu,RFW WM64,Houses,0.37,,50,within_sampled_range,II,118,66.66666666666666,runs/yin_latest_vgg_20260927/single_noise/r21vgg2k_vgg16_bn_s42/faces_rfwWM64/houses_yin64/results.csv,II
noaa,VGG2k / no AA,r21vgg2k_vgg16_bn_s42,face_transfer,124,single_uu,RFW WM64,Houses,0.37,,50,within_sampled_range,II,119,70.83333333333334,runs/yin_latest_vgg_20260927/single_noise/r21vgg2k_vgg16_bn_s42/faces_rfwWM64/houses_yin64/results.csv,II
noaa,VGG2k / no AA,r21vgg2k_vgg16_bn_s42,face_transfer,124,single_uu,RFW WM64,Houses,0.37,,50,within_sampled_range,II,120,62.5,runs/yin_latest_vgg_20260927/single_noise/r21vgg2k_vgg16_bn_s42/faces_rfwWM64/houses_yin64/results.csv,II
noaa,VGG2k / no AA,r21vgg2k_vgg16_bn_s42,face_transfer,124,single_uu,RFW WM64,Houses,0.37,,50,within_sampled_range,II,121,75.0,runs/yin_latest_vgg_20260927/single_noise/r21vgg2k_vgg16_bn_s42/faces_rfwWM64/houses_yin64/results.csv,II
noaa,VGG2k / no AA,r21vgg2k_vgg16_bn_s42,face_transfer,124,single_uu,RFW WM64,Houses,0.37,,50,within_sampled_range,II,122,79.16666666666666,runs/yin_latest_vgg_20260927/single_noise/r21vgg2k_vgg16_bn_s42/faces_rfwWM64/houses_yin64/results.csv,II
noaa,VGG2k / no AA,r21vgg2k_vgg16_bn_s42,face_transfer,124,single_uu,RFW WM64,Houses,0.37,,50,within_sampled_range,II,123,79.16666666666666,runs/yin_latest_vgg_20260927/single_noise/r21vgg2k_vgg16_bn_s42/faces_rfwWM64/houses_yin64/results.csv,II
noaa,VGG2k / no AA,r21vgg2k_vgg16_bn_s42,face_transfer,124,single_uu,RFW WM64,Houses,0.37,,50,within_sampled_range,II,124,79.16666666666666,runs/yin_latest_vgg_20260927/single_noise/r21vgg2k_vgg16_bn_s42/faces_rfwWM64/houses_yin64/results.csv,II
noaa,VGG2k / no AA,r21vgg2k_vgg16_bn_s42,face_transfer,124,single_uu,RFW WM64,Houses,0.37,,50,within_sampled_range,II,125,79.16666666666666,runs/yin_latest_vgg_20260927/single_noise/r21vgg2k_vgg16_bn_s42/faces_rfwWM64/houses_yin64/results.csv,II
noaa,VGG2k / no AA,r21vgg2k_vgg16_bn_s42,face_transfer,124,single_uu,RFW WM64,Houses,0.37,,50,within_sampled_range,II,126,87.5,runs/yin_latest_vgg_20260927/single_noise/r21vgg2k_vgg16_bn_s42/faces_rfwWM64/houses_yin64/results.csv,II
noaa,VGG2k / no AA,r21vgg2k_vgg16_bn_s42,face_transfer,124,single_uu,RFW WM64,Houses,0.37,,50,within_sampled_range,II,127,62.5,runs/yin_latest_vgg_20260927/single_noise/r21vgg2k_vgg16_bn_s42/faces_rfwWM64/houses_yin64/results.csv,II
noaa,VGG2k / no AA,r21vgg2k_vgg16_bn_s42,face_transfer,124,single_uu,RFW WM64,Houses,0.37,,50,within_sampled_range,II,128,79.16666666666666,runs/yin_latest_vgg_20260927/single_noise/r21vgg2k_vgg16_bn_s42/faces_rfwWM64/houses_yin64/results.csv,II
noaa,VGG2k / no AA,r21vgg2k_vgg16_bn_s42,face_transfer,124,single_uu,RFW WM64,Houses,0.37,,50,within_sampled_range,II,129,66.66666666666666,runs/yin_latest_vgg_20260927/single_noise/r21vgg2k_vgg16_bn_s42/faces_rfwWM64/houses_yin64/results.csv,II
noaa,VGG2k / no AA,r21vgg2k_vgg16_bn_s42,face_transfer,124,single_uu,RFW WM64,Houses,0.37,,50,within_sampled_range,II,130,79.16666666666666,runs/yin_latest_vgg_20260927/single_noise/r21vgg2k_vgg16_bn_s42/faces_rfwWM64/houses_yin64/results.csv,II
noaa,VGG2k / no AA,r21vgg2k_vgg16_bn_s42,face_transfer,124,single_uu,RFW WM64,Houses,0.37,,50,within_sampled_range,II,131,83.33333333333334,runs/yin_latest_vgg_20260927/single_noise/r21vgg2k_vgg16_bn_s42/faces_rfwWM64/houses_yin64/results.csv,II
noaa,VGG2k / no AA,r21vgg2k_vgg16_bn_s42,face_transfer,124,single_uu,RFW WM64,Houses,0.37,,50,within_sampled_range,II,132,62.5,runs/yin_latest_vgg_20260927/single_noise/r21vgg2k_vgg16_bn_s42/faces_rfwWM64/houses_yin64/results.csv,II
noaa,VGG2k / no AA,r21vgg2k_vgg16_bn_s42,face_transfer,124,single_uu,RFW WM64,Houses,0.37,,50,within_sampled_range,II,133,87.5,runs/yin_latest_vgg_20260927/single_noise/r21vgg2k_vgg16_bn_s42/faces_rfwWM64/houses_yin64/results.csv,II
noaa,VGG2k / no AA,r21vgg2k_vgg16_bn_s42,face_transfer,124,single_uu,RFW WM64,Houses,0.37,,50,within_sampled_range,II,134,70.83333333333334,runs/yin_latest_vgg_20260927/single_noise/r21vgg2k_vgg16_bn_s42/faces_rfwWM64/houses_yin64/results.csv,II
noaa,VGG2k / no AA,r21vgg2k_vgg16_bn_s42,face_transfer,124,single_uu,RFW WM64,Houses,0.37,,50,within_sampled_range,II,135,66.66666666666666,runs/yin_latest_vgg_20260927/single_noise/r21vgg2k_vgg16_bn_s42/faces_rfwWM64/houses_yin64/results.csv,II
noaa,VGG2k / no AA,r21vgg2k_vgg16_bn_s42,face_transfer,124,single_uu,RFW WM64,Houses,0.37,,50,within_sampled_range,II,136,75.0,runs/yin_latest_vgg_20260927/single_noise/r21vgg2k_vgg16_bn_s42/faces_rfwWM64/houses_yin64/results.csv,II
noaa,VGG2k / no AA,r21vgg2k_vgg16_bn_s42,face_transfer,124,single_uu,RFW WM64,Houses,0.37,,50,within_sampled_range,II,137,70.83333333333334,runs/yin_latest_vgg_20260927/single_noise/r21vgg2k_vgg16_bn_s42/faces_rfwWM64/houses_yin64/results.csv,II
noaa,VGG2k / no AA,r21vgg2k_vgg16_bn_s42,face_transfer,124,single_uu,RFW WM64,Houses,0.37,,50,within_sampled_range,II,138,62.5,runs/yin_latest_vgg_20260927/single_noise/r21vgg2k_vgg16_bn_s42/faces_rfwWM64/houses_yin64/results.csv,II
noaa,VGG2k / no AA,r21vgg2k_vgg16_bn_s42,face_transfer,124,single_uu,RFW WM64,Houses,0.37,,50,within_sampled_range,II,139,54.166666666666664,runs/yin_latest_vgg_20260927/single_noise/r21vgg2k_vgg16_bn_s42/faces_rfwWM64/houses_yin64/results.csv,II
noaa,VGG2k / no AA,r21vgg2k_vgg16_bn_s42,face_transfer,124,single_uu,RFW WM64,Houses,0.37,,50,within_sampled_range,II,140,66.66666666666666,runs/yin_latest_vgg_20260927/single_noise/r21vgg2k_vgg16_bn_s42/faces_rfwWM64/houses_yin64/results.csv,II
noaa,VGG2k / no AA,r21vgg2k_vgg16_bn_s42,face_transfer,124,single_uu,RFW WM64,Houses,0.37,,50,within_sampled_range,II,141,70.83333333333334,runs/yin_latest_vgg_20260927/single_noise/r21vgg2k_vgg16_bn_s42/faces_rfwWM64/houses_yin64/results.csv,II
noaa,VGG2k / no AA,r21vgg2k_vgg16_bn_s42,face_transfer,124,single_uu,RFW WM64,Houses,0.37,,50,within_sampled_range,II,142,70.83333333333334,runs/yin_latest_vgg_20260927/single_noise/r21vgg2k_vgg16_bn_s42/faces_rfwWM64/houses_yin64/results.csv,II
noaa,VGG2k / no AA,r21vgg2k_vgg16_bn_s42,face_transfer,124,single_uu,RFW WM64,Houses,0.37,,50,within_sampled_range,II,143,79.16666666666666,runs/yin_latest_vgg_20260927/single_noise/r21vgg2k_vgg16_bn_s42/faces_rfwWM64/houses_yin64/results.csv,II
noaa,VGG2k / no AA,r21vgg2k_vgg16_bn_s42,face_transfer,124,single_uu,RFW WM64,Houses,0.37,,50,within_sampled_range,II,144,58.333333333333336,runs/yin_latest_vgg_20260927/single_noise/r21vgg2k_vgg16_bn_s42/faces_rfwWM64/houses_yin64/results.csv,II
noaa,VGG2k / no AA,r21vgg2k_vgg16_bn_s42,face_transfer,124,single_uu,RFW WM64,Houses,0.37,,50,within_sampled_range,II,145,75.0,runs/yin_latest_vgg_20260927/single_noise/r21vgg2k_vgg16_bn_s42/faces_rfwWM64/houses_yin64/results.csv,II
noaa,VGG2k / no AA,r21vgg2k_vgg16_bn_s42,face_transfer,124,single_uu,RFW WM64,Houses,0.37,,50,within_sampled_range,II,146,75.0,runs/yin_latest_vgg_20260927/single_noise/r21vgg2k_vgg16_bn_s42/faces_rfwWM64/houses_yin64/results.csv,II
noaa,VGG2k / no AA,r21vgg2k_vgg16_bn_s42,face_transfer,124,single_uu,RFW WM64,Houses,0.37,,50,within_sampled_range,II,147,75.0,runs/yin_latest_vgg_20260927/single_noise/r21vgg2k_vgg16_bn_s42/faces_rfwWM64/houses_yin64/results.csv,II
noaa,VGG2k / no AA,r21vgg2k_vgg16_bn_s42,face_transfer,124,single_uu,RFW WM64,Houses,0.37,,50,within_sampled_range,II,148,66.66666666666666,runs/yin_latest_vgg_20260927/single_noise/r21vgg2k_vgg16_bn_s42/faces_rfwWM64/houses_yin64/results.csv,II
noaa,VGG2k / no AA,r21vgg2k_vgg16_bn_s42,face_transfer,124,single_uu,RFW WM64,Houses,0.37,,50,within_sampled_range,II,149,66.66666666666666,runs/yin_latest_vgg_20260927/single_noise/r21vgg2k_vgg16_bn_s42/faces_rfwWM64/houses_yin64/results.csv,II
noaa,VGG2k / no AA,r21vgg2k_vgg16_bn_s42,face_transfer,124,single_uu,RFW WM64,Houses,0.37,,50,within_sampled_range,II,150,79.16666666666666,runs/yin_latest_vgg_20260927/single_noise/r21vgg2k_vgg16_bn_s42/faces_rfwWM64/houses_yin64/results.csv,II
noaa,VGG2k / no AA,r21vgg2k_vgg16_bn_s42,face_transfer,124,single_uu,RFW WM64,Houses,0.37,,50,within_sampled_range,UI,101,58.333333333333336,runs/yin_latest_vgg_20260927/single_noise/r21vgg2k_vgg16_bn_s42/faces_rfwWM64/houses_yin64/results.csv,UI
noaa,VGG2k / no AA,r21vgg2k_vgg16_bn_s42,face_transfer,124,single_uu,RFW WM64,Houses,0.37,,50,within_sampled_range,UI,102,62.5,runs/yin_latest_vgg_20260927/single_noise/r21vgg2k_vgg16_bn_s42/faces_rfwWM64/houses_yin64/results.csv,UI
noaa,VGG2k / no AA,r21vgg2k_vgg16_bn_s42,face_transfer,124,single_uu,RFW WM64,Houses,0.37,,50,within_sampled_range,UI,103,70.83333333333334,runs/yin_latest_vgg_20260927/single_noise/r21vgg2k_vgg16_bn_s42/faces_rfwWM64/houses_yin64/results.csv,UI
noaa,VGG2k / no AA,r21vgg2k_vgg16_bn_s42,face_transfer,124,single_uu,RFW WM64,Houses,0.37,,50,within_sampled_range,UI,104,79.16666666666666,runs/yin_latest_vgg_20260927/single_noise/r21vgg2k_vgg16_bn_s42/faces_rfwWM64/houses_yin64/results.csv,UI
noaa,VGG2k / no AA,r21vgg2k_vgg16_bn_s42,face_transfer,124,single_uu,RFW WM64,Houses,0.37,,50,within_sampled_range,UI,105,58.333333333333336,runs/yin_latest_vgg_20260927/single_noise/r21vgg2k_vgg16_bn_s42/faces_rfwWM64/houses_yin64/results.csv,UI
noaa,VGG2k / no AA,r21vgg2k_vgg16_bn_s42,face_transfer,124,single_uu,RFW WM64,Houses,0.37,,50,within_sampled_range,UI,106,75.0,runs/yin_latest_vgg_20260927/single_noise/r21vgg2k_vgg16_bn_s42/faces_rfwWM64/houses_yin64/results.csv,UI
noaa,VGG2k / no AA,r21vgg2k_vgg16_bn_s42,face_transfer,124,single_uu,RFW WM64,Houses,0.37,,50,within_sampled_range,UI,107,79.16666666666666,runs/yin_latest_vgg_20260927/single_noise/r21vgg2k_vgg16_bn_s42/faces_rfwWM64/houses_yin64/results.csv,UI
noaa,VGG2k / no AA,r21vgg2k_vgg16_bn_s42,face_transfer,124,single_uu,RFW WM64,Houses,0.37,,50,within_sampled_range,UI,108,75.0,runs/yin_latest_vgg_20260927/single_noise/r21vgg2k_vgg16_bn_s42/faces_rfwWM64/houses_yin64/results.csv,UI
noaa,VGG2k / no AA,r21vgg2k_vgg16_bn_s42,face_transfer,124,single_uu,RFW WM64,Houses,0.37,,50,within_sampled_range,UI,109,83.33333333333334,runs/yin_latest_vgg_20260927/single_noise/r21vgg2k_vgg16_bn_s42/faces_rfwWM64/houses_yin64/results.csv,UI
noaa,VGG2k / no AA,r21vgg2k_vgg16_bn_s42,face_transfer,124,single_uu,RFW WM64,Houses,0.37,,50,within_sampled_range,UI,110,75.0,runs/yin_latest_vgg_20260927/single_noise/r21vgg2k_vgg16_bn_s42/faces_rfwWM64/houses_yin64/results.csv,UI
noaa,VGG2k / no AA,r21vgg2k_vgg16_bn_s42,face_transfer,124,single_uu,RFW WM64,Houses,0.37,,50,within_sampled_range,UI,111,62.5,runs/yin_latest_vgg_20260927/single_noise/r21vgg2k_vgg16_bn_s42/faces_rfwWM64/houses_yin64/results.csv,UI
noaa,VGG2k / no AA,r21vgg2k_vgg16_bn_s42,face_transfer,124,single_uu,RFW WM64,Houses,0.37,,50,within_sampled_range,UI,112,62.5,runs/yin_latest_vgg_20260927/single_noise/r21vgg2k_vgg16_bn_s42/faces_rfwWM64/houses_yin64/results.csv,UI
noaa,VGG2k / no AA,r21vgg2k_vgg16_bn_s42,face_transfer,124,single_uu,RFW WM64,Houses,0.37,,50,within_sampled_range,UI,113,79.16666666666666,runs/yin_latest_vgg_20260927/single_noise/r21vgg2k_vgg16_bn_s42/faces_rfwWM64/houses_yin64/results.csv,UI
noaa,VGG2k / no AA,r21vgg2k_vgg16_bn_s42,face_transfer,124,single_uu,RFW WM64,Houses,0.37,,50,within_sampled_range,UI,114,79.16666666666666,runs/yin_latest_vgg_20260927/single_noise/r21vgg2k_vgg16_bn_s42/faces_rfwWM64/houses_yin64/results.csv,UI
noaa,VGG2k / no AA,r21vgg2k_vgg16_bn_s42,face_transfer,124,single_uu,RFW WM64,Houses,0.37,,50,within_sampled_range,UI,115,62.5,runs/yin_latest_vgg_20260927/single_noise/r21vgg2k_vgg16_bn_s42/faces_rfwWM64/houses_yin64/results.csv,UI
noaa,VGG2k / no AA,r21vgg2k_vgg16_bn_s42,face_transfer,124,single_uu,RFW WM64,Houses,0.37,,50,within_sampled_range,UI,116,75.0,runs/yin_latest_vgg_20260927/single_noise/r21vgg2k_vgg16_bn_s42/faces_rfwWM64/houses_yin64/results.csv,UI
noaa,VGG2k / no AA,r21vgg2k_vgg16_bn_s42,face_transfer,124,single_uu,RFW WM64,Houses,0.37,,50,within_sampled_range,UI,117,66.66666666666666,runs/yin_latest_vgg_20260927/single_noise/r21vgg2k_vgg16_bn_s42/faces_rfwWM64/houses_yin64/results.csv,UI
noaa,VGG2k / no AA,r21vgg2k_vgg16_bn_s42,face_transfer,124,single_uu,RFW WM64,Houses,0.37,,50,within_sampled_range,UI,118,70.83333333333334,runs/yin_latest_vgg_20260927/single_noise/r21vgg2k_vgg16_bn_s42/faces_rfwWM64/houses_yin64/results.csv,UI
noaa,VGG2k / no AA,r21vgg2k_vgg16_bn_s42,face_transfer,124,single_uu,RFW WM64,Houses,0.37,,50,within_sampled_range,UI,119,75.0,runs/yin_latest_vgg_20260927/single_noise/r21vgg2k_vgg16_bn_s42/faces_rfwWM64/houses_yin64/results.csv,UI
noaa,VGG2k / no AA,r21vgg2k_vgg16_bn_s42,face_transfer,124,single_uu,RFW WM64,Houses,0.37,,50,within_sampled_range,UI,120,70.83333333333334,runs/yin_latest_vgg_20260927/single_noise/r21vgg2k_vgg16_bn_s42/faces_rfwWM64/houses_yin64/results.csv,UI
noaa,VGG2k / no AA,r21vgg2k_vgg16_bn_s42,face_transfer,124,single_uu,RFW WM64,Houses,0.37,,50,within_sampled_range,UI,121,54.166666666666664,runs/yin_latest_vgg_20260927/single_noise/r21vgg2k_vgg16_bn_s42/faces_rfwWM64/houses_yin64/results.csv,UI
noaa,VGG2k / no AA,r21vgg2k_vgg16_bn_s42,face_transfer,124,single_uu,RFW WM64,Houses,0.37,,50,within_sampled_range,UI,122,50.0,runs/yin_latest_vgg_20260927/single_noise/r21vgg2k_vgg16_bn_s42/faces_rfwWM64/houses_yin64/results.csv,UI
noaa,VGG2k / no AA,r21vgg2k_vgg16_bn_s42,face_transfer,124,single_uu,RFW WM64,Houses,0.37,,50,within_sampled_range,UI,123,75.0,runs/yin_latest_vgg_20260927/single_noise/r21vgg2k_vgg16_bn_s42/faces_rfwWM64/houses_yin64/results.csv,UI
noaa,VGG2k / no AA,r21vgg2k_vgg16_bn_s42,face_transfer,124,single_uu,RFW WM64,Houses,0.37,,50,within_sampled_range,UI,124,75.0,runs/yin_latest_vgg_20260927/single_noise/r21vgg2k_vgg16_bn_s42/faces_rfwWM64/houses_yin64/results.csv,UI
noaa,VGG2k / no AA,r21vgg2k_vgg16_bn_s42,face_transfer,124,single_uu,RFW WM64,Houses,0.37,,50,within_sampled_range,UI,125,58.333333333333336,runs/yin_latest_vgg_20260927/single_noise/r21vgg2k_vgg16_bn_s42/faces_rfwWM64/houses_yin64/results.csv,UI
noaa,VGG2k / no AA,r21vgg2k_vgg16_bn_s42,face_transfer,124,single_uu,RFW WM64,Houses,0.37,,50,within_sampled_range,UI,126,79.16666666666666,runs/yin_latest_vgg_20260927/single_noise/r21vgg2k_vgg16_bn_s42/faces_rfwWM64/houses_yin64/results.csv,UI
noaa,VGG2k / no AA,r21vgg2k_vgg16_bn_s42,face_transfer,124,single_uu,RFW WM64,Houses,0.37,,50,within_sampled_range,UI,127,75.0,runs/yin_latest_vgg_20260927/single_noise/r21vgg2k_vgg16_bn_s42/faces_rfwWM64/houses_yin64/results.csv,UI
noaa,VGG2k / no AA,r21vgg2k_vgg16_bn_s42,face_transfer,124,single_uu,RFW WM64,Houses,0.37,,50,within_sampled_range,UI,128,79.16666666666666,runs/yin_latest_vgg_20260927/single_noise/r21vgg2k_vgg16_bn_s42/faces_rfwWM64/houses_yin64/results.csv,UI
noaa,VGG2k / no AA,r21vgg2k_vgg16_bn_s42,face_transfer,124,single_uu,RFW WM64,Houses,0.37,,50,within_sampled_range,UI,129,70.83333333333334,runs/yin_latest_vgg_20260927/single_noise/r21vgg2k_vgg16_bn_s42/faces_rfwWM64/houses_yin64/results.csv,UI
noaa,VGG2k / no AA,r21vgg2k_vgg16_bn_s42,face_transfer,124,single_uu,RFW WM64,Houses,0.37,,50,within_sampled_range,UI,130,75.0,runs/yin_latest_vgg_20260927/single_noise/r21vgg2k_vgg16_bn_s42/faces_rfwWM64/houses_yin64/results.csv,UI
noaa,VGG2k / no AA,r21vgg2k_vgg16_bn_s42,face_transfer,124,single_uu,RFW WM64,Houses,0.37,,50,within_sampled_range,UI,131,75.0,runs/yin_latest_vgg_20260927/single_noise/r21vgg2k_vgg16_bn_s42/faces_rfwWM64/houses_yin64/results.csv,UI
noaa,VGG2k / no AA,r21vgg2k_vgg16_bn_s42,face_transfer,124,single_uu,RFW WM64,Houses,0.37,,50,within_sampled_range,UI,132,70.83333333333334,runs/yin_latest_vgg_20260927/single_noise/r21vgg2k_vgg16_bn_s42/faces_rfwWM64/houses_yin64/results.csv,UI
noaa,VGG2k / no AA,r21vgg2k_vgg16_bn_s42,face_transfer,124,single_uu,RFW WM64,Houses,0.37,,50,within_sampled_range,UI,133,75.0,runs/yin_latest_vgg_20260927/single_noise/r21vgg2k_vgg16_bn_s42/faces_rfwWM64/houses_yin64/results.csv,UI
noaa,VGG2k / no AA,r21vgg2k_vgg16_bn_s42,face_transfer,124,single_uu,RFW WM64,Houses,0.37,,50,within_sampled_range,UI,134,79.16666666666666,runs/yin_latest_vgg_20260927/single_noise/r21vgg2k_vgg16_bn_s42/faces_rfwWM64/houses_yin64/results.csv,UI
noaa,VGG2k / no AA,r21vgg2k_vgg16_bn_s42,face_transfer,124,single_uu,RFW WM64,Houses,0.37,,50,within_sampled_range,UI,135,75.0,runs/yin_latest_vgg_20260927/single_noise/r21vgg2k_vgg16_bn_s42/faces_rfwWM64/houses_yin64/results.csv,UI
noaa,VGG2k / no AA,r21vgg2k_vgg16_bn_s42,face_transfer,124,single_uu,RFW WM64,Houses,0.37,,50,within_sampled_range,UI,136,70.83333333333334,runs/yin_latest_vgg_20260927/single_noise/r21vgg2k_vgg16_bn_s42/faces_rfwWM64/houses_yin64/results.csv,UI
noaa,VGG2k / no AA,r21vgg2k_vgg16_bn_s42,face_transfer,124,single_uu,RFW WM64,Houses,0.37,,50,within_sampled_range,UI,137,70.83333333333334,runs/yin_latest_vgg_20260927/single_noise/r21vgg2k_vgg16_bn_s42/faces_rfwWM64/houses_yin64/results.csv,UI
noaa,VGG2k / no AA,r21vgg2k_vgg16_bn_s42,face_transfer,124,single_uu,RFW WM64,Houses,0.37,,50,within_sampled_range,UI,138,62.5,runs/yin_latest_vgg_20260927/single_noise/r21vgg2k_vgg16_bn_s42/faces_rfwWM64/houses_yin64/results.csv,UI
noaa,VGG2k / no AA,r21vgg2k_vgg16_bn_s42,face_transfer,124,single_uu,RFW WM64,Houses,0.37,,50,within_sampled_range,UI,139,62.5,runs/yin_latest_vgg_20260927/single_noise/r21vgg2k_vgg16_bn_s42/faces_rfwWM64/houses_yin64/results.csv,UI
noaa,VGG2k / no AA,r21vgg2k_vgg16_bn_s42,face_transfer,124,single_uu,RFW WM64,Houses,0.37,,50,within_sampled_range,UI,140,75.0,runs/yin_latest_vgg_20260927/single_noise/r21vgg2k_vgg16_bn_s42/faces_rfwWM64/houses_yin64/results.csv,UI
noaa,VGG2k / no AA,r21vgg2k_vgg16_bn_s42,face_transfer,124,single_uu,RFW WM64,Houses,0.37,,50,within_sampled_range,UI,141,70.83333333333334,runs/yin_latest_vgg_20260927/single_noise/r21vgg2k_vgg16_bn_s42/faces_rfwWM64/houses_yin64/results.csv,UI
noaa,VGG2k / no AA,r21vgg2k_vgg16_bn_s42,face_transfer,124,single_uu,RFW WM64,Houses,0.37,,50,within_sampled_range,UI,142,79.16666666666666,runs/yin_latest_vgg_20260927/single_noise/r21vgg2k_vgg16_bn_s42/faces_rfwWM64/houses_yin64/results.csv,UI
noaa,VGG2k / no AA,r21vgg2k_vgg16_bn_s42,face_transfer,124,single_uu,RFW WM64,Houses,0.37,,50,within_sampled_range,UI,143,66.66666666666666,runs/yin_latest_vgg_20260927/single_noise/r21vgg2k_vgg16_bn_s42/faces_rfwWM64/houses_yin64/results.csv,UI
noaa,VGG2k / no AA,r21vgg2k_vgg16_bn_s42,face_transfer,124,single_uu,RFW WM64,Houses,0.37,,50,within_sampled_range,UI,144,62.5,runs/yin_latest_vgg_20260927/single_noise/r21vgg2k_vgg16_bn_s42/faces_rfwWM64/houses_yin64/results.csv,UI
noaa,VGG2k / no AA,r21vgg2k_vgg16_bn_s42,face_transfer,124,single_uu,RFW WM64,Houses,0.37,,50,within_sampled_range,UI,145,79.16666666666666,runs/yin_latest_vgg_20260927/single_noise/r21vgg2k_vgg16_bn_s42/faces_rfwWM64/houses_yin64/results.csv,UI
noaa,VGG2k / no AA,r21vgg2k_vgg16_bn_s42,face_transfer,124,single_uu,RFW WM64,Houses,0.37,,50,within_sampled_range,UI,146,62.5,runs/yin_latest_vgg_20260927/single_noise/r21vgg2k_vgg16_bn_s42/faces_rfwWM64/houses_yin64/results.csv,UI
noaa,VGG2k / no AA,r21vgg2k_vgg16_bn_s42,face_transfer,124,single_uu,RFW WM64,Houses,0.37,,50,within_sampled_range,UI,147,54.166666666666664,runs/yin_latest_vgg_20260927/single_noise/r21vgg2k_vgg16_bn_s42/faces_rfwWM64/houses_yin64/results.csv,UI
noaa,VGG2k / no AA,r21vgg2k_vgg16_bn_s42,face_transfer,124,single_uu,RFW WM64,Houses,0.37,,50,within_sampled_range,UI,148,70.83333333333334,runs/yin_latest_vgg_20260927/single_noise/r21vgg2k_vgg16_bn_s42/faces_rfwWM64/houses_yin64/results.csv,UI
noaa,VGG2k / no AA,r21vgg2k_vgg16_bn_s42,face_transfer,124,single_uu,RFW WM64,Houses,0.37,,50,within_sampled_range,UI,149,58.333333333333336,runs/yin_latest_vgg_20260927/single_noise/r21vgg2k_vgg16_bn_s42/faces_rfwWM64/houses_yin64/results.csv,UI
noaa,VGG2k / no AA,r21vgg2k_vgg16_bn_s42,face_transfer,124,single_uu,RFW WM64,Houses,0.37,,50,within_sampled_range,UI,150,79.16666666666666,runs/yin_latest_vgg_20260927/single_noise/r21vgg2k_vgg16_bn_s42/faces_rfwWM64/houses_yin64/results.csv,UI
noaa,VGG2k / no AA,r21vgg2k_vgg16_bn_s42,face_transfer,124,single_uu,RFW WM64,Houses,0.37,,50,within_sampled_range,IU,101,66.66666666666666,runs/yin_latest_vgg_20260927/single_noise/r21vgg2k_vgg16_bn_s42/faces_rfwWM64/houses_yin64/results.csv,IU
noaa,VGG2k / no AA,r21vgg2k_vgg16_bn_s42,face_transfer,124,single_uu,RFW WM64,Houses,0.37,,50,within_sampled_range,IU,102,75.0,runs/yin_latest_vgg_20260927/single_noise/r21vgg2k_vgg16_bn_s42/faces_rfwWM64/houses_yin64/results.csv,IU
noaa,VGG2k / no AA,r21vgg2k_vgg16_bn_s42,face_transfer,124,single_uu,RFW WM64,Houses,0.37,,50,within_sampled_range,IU,103,70.83333333333334,runs/yin_latest_vgg_20260927/single_noise/r21vgg2k_vgg16_bn_s42/faces_rfwWM64/houses_yin64/results.csv,IU
noaa,VGG2k / no AA,r21vgg2k_vgg16_bn_s42,face_transfer,124,single_uu,RFW WM64,Houses,0.37,,50,within_sampled_range,IU,104,75.0,runs/yin_latest_vgg_20260927/single_noise/r21vgg2k_vgg16_bn_s42/faces_rfwWM64/houses_yin64/results.csv,IU
noaa,VGG2k / no AA,r21vgg2k_vgg16_bn_s42,face_transfer,124,single_uu,RFW WM64,Houses,0.37,,50,within_sampled_range,IU,105,58.333333333333336,runs/yin_latest_vgg_20260927/single_noise/r21vgg2k_vgg16_bn_s42/faces_rfwWM64/houses_yin64/results.csv,IU
noaa,VGG2k / no AA,r21vgg2k_vgg16_bn_s42,face_transfer,124,single_uu,RFW WM64,Houses,0.37,,50,within_sampled_range,IU,106,66.66666666666666,runs/yin_latest_vgg_20260927/single_noise/r21vgg2k_vgg16_bn_s42/faces_rfwWM64/houses_yin64/results.csv,IU
noaa,VGG2k / no AA,r21vgg2k_vgg16_bn_s42,face_transfer,124,single_uu,RFW WM64,Houses,0.37,,50,within_sampled_range,IU,107,62.5,runs/yin_latest_vgg_20260927/single_noise/r21vgg2k_vgg16_bn_s42/faces_rfwWM64/houses_yin64/results.csv,IU
noaa,VGG2k / no AA,r21vgg2k_vgg16_bn_s42,face_transfer,124,single_uu,RFW WM64,Houses,0.37,,50,within_sampled_range,IU,108,58.333333333333336,runs/yin_latest_vgg_20260927/single_noise/r21vgg2k_vgg16_bn_s42/faces_rfwWM64/houses_yin64/results.csv,IU
noaa,VGG2k / no AA,r21vgg2k_vgg16_bn_s42,face_transfer,124,single_uu,RFW WM64,Houses,0.37,,50,within_sampled_range,IU,109,62.5,runs/yin_latest_vgg_20260927/single_noise/r21vgg2k_vgg16_bn_s42/faces_rfwWM64/houses_yin64/results.csv,IU
noaa,VGG2k / no AA,r21vgg2k_vgg16_bn_s42,face_transfer,124,single_uu,RFW WM64,Houses,0.37,,50,within_sampled_range,IU,110,54.166666666666664,runs/yin_latest_vgg_20260927/single_noise/r21vgg2k_vgg16_bn_s42/faces_rfwWM64/houses_yin64/results.csv,IU
noaa,VGG2k / no AA,r21vgg2k_vgg16_bn_s42,face_transfer,124,single_uu,RFW WM64,Houses,0.37,,50,within_sampled_range,IU,111,62.5,runs/yin_latest_vgg_20260927/single_noise/r21vgg2k_vgg16_bn_s42/faces_rfwWM64/houses_yin64/results.csv,IU
noaa,VGG2k / no AA,r21vgg2k_vgg16_bn_s42,face_transfer,124,single_uu,RFW WM64,Houses,0.37,,50,within_sampled_range,IU,112,62.5,runs/yin_latest_vgg_20260927/single_noise/r21vgg2k_vgg16_bn_s42/faces_rfwWM64/houses_yin64/results.csv,IU
noaa,VGG2k / no AA,r21vgg2k_vgg16_bn_s42,face_transfer,124,single_uu,RFW WM64,Houses,0.37,,50,within_sampled_range,IU,113,70.83333333333334,runs/yin_latest_vgg_20260927/single_noise/r21vgg2k_vgg16_bn_s42/faces_rfwWM64/houses_yin64/results.csv,IU
noaa,VGG2k / no AA,r21vgg2k_vgg16_bn_s42,face_transfer,124,single_uu,RFW WM64,Houses,0.37,,50,within_sampled_range,IU,114,79.16666666666666,runs/yin_latest_vgg_20260927/single_noise/r21vgg2k_vgg16_bn_s42/faces_rfwWM64/houses_yin64/results.csv,IU
noaa,VGG2k / no AA,r21vgg2k_vgg16_bn_s42,face_transfer,124,single_uu,RFW WM64,Houses,0.37,,50,within_sampled_range,IU,115,75.0,runs/yin_latest_vgg_20260927/single_noise/r21vgg2k_vgg16_bn_s42/faces_rfwWM64/houses_yin64/results.csv,IU
noaa,VGG2k / no AA,r21vgg2k_vgg16_bn_s42,face_transfer,124,single_uu,RFW WM64,Houses,0.37,,50,within_sampled_range,IU,116,70.83333333333334,runs/yin_latest_vgg_20260927/single_noise/r21vgg2k_vgg16_bn_s42/faces_rfwWM64/houses_yin64/results.csv,IU
noaa,VGG2k / no AA,r21vgg2k_vgg16_bn_s42,face_transfer,124,single_uu,RFW WM64,Houses,0.37,,50,within_sampled_range,IU,117,62.5,runs/yin_latest_vgg_20260927/single_noise/r21vgg2k_vgg16_bn_s42/faces_rfwWM64/houses_yin64/results.csv,IU
noaa,VGG2k / no AA,r21vgg2k_vgg16_bn_s42,face_transfer,124,single_uu,RFW WM64,Houses,0.37,,50,within_sampled_range,IU,118,75.0,runs/yin_latest_vgg_20260927/single_noise/r21vgg2k_vgg16_bn_s42/faces_rfwWM64/houses_yin64/results.csv,IU
noaa,VGG2k / no AA,r21vgg2k_vgg16_bn_s42,face_transfer,124,single_uu,RFW WM64,Houses,0.37,,50,within_sampled_range,IU,119,75.0,runs/yin_latest_vgg_20260927/single_noise/r21vgg2k_vgg16_bn_s42/faces_rfwWM64/houses_yin64/results.csv,IU
noaa,VGG2k / no AA,r21vgg2k_vgg16_bn_s42,face_transfer,124,single_uu,RFW WM64,Houses,0.37,,50,within_sampled_range,IU,120,62.5,runs/yin_latest_vgg_20260927/single_noise/r21vgg2k_vgg16_bn_s42/faces_rfwWM64/houses_yin64/results.csv,IU
noaa,VGG2k / no AA,r21vgg2k_vgg16_bn_s42,face_transfer,124,single_uu,RFW WM64,Houses,0.37,,50,within_sampled_range,IU,121,66.66666666666666,runs/yin_latest_vgg_20260927/single_noise/r21vgg2k_vgg16_bn_s42/faces_rfwWM64/houses_yin64/results.csv,IU
noaa,VGG2k / no AA,r21vgg2k_vgg16_bn_s42,face_transfer,124,single_uu,RFW WM64,Houses,0.37,,50,within_sampled_range,IU,122,50.0,runs/yin_latest_vgg_20260927/single_noise/r21vgg2k_vgg16_bn_s42/faces_rfwWM64/houses_yin64/results.csv,IU
noaa,VGG2k / no AA,r21vgg2k_vgg16_bn_s42,face_transfer,124,single_uu,RFW WM64,Houses,0.37,,50,within_sampled_range,IU,123,75.0,runs/yin_latest_vgg_20260927/single_noise/r21vgg2k_vgg16_bn_s42/faces_rfwWM64/houses_yin64/results.csv,IU
noaa,VGG2k / no AA,r21vgg2k_vgg16_bn_s42,face_transfer,124,single_uu,RFW WM64,Houses,0.37,,50,within_sampled_range,IU,124,70.83333333333334,runs/yin_latest_vgg_20260927/single_noise/r21vgg2k_vgg16_bn_s42/faces_rfwWM64/houses_yin64/results.csv,IU
noaa,VGG2k / no AA,r21vgg2k_vgg16_bn_s42,face_transfer,124,single_uu,RFW WM64,Houses,0.37,,50,within_sampled_range,IU,125,70.83333333333334,runs/yin_latest_vgg_20260927/single_noise/r21vgg2k_vgg16_bn_s42/faces_rfwWM64/houses_yin64/results.csv,IU
noaa,VGG2k / no AA,r21vgg2k_vgg16_bn_s42,face_transfer,124,single_uu,RFW WM64,Houses,0.37,,50,within_sampled_range,IU,126,70.83333333333334,runs/yin_latest_vgg_20260927/single_noise/r21vgg2k_vgg16_bn_s42/faces_rfwWM64/houses_yin64/results.csv,IU
noaa,VGG2k / no AA,r21vgg2k_vgg16_bn_s42,face_transfer,124,single_uu,RFW WM64,Houses,0.37,,50,within_sampled_range,IU,127,83.33333333333334,runs/yin_latest_vgg_20260927/single_noise/r21vgg2k_vgg16_bn_s42/faces_rfwWM64/houses_yin64/results.csv,IU
noaa,VGG2k / no AA,r21vgg2k_vgg16_bn_s42,face_transfer,124,single_uu,RFW WM64,Houses,0.37,,50,within_sampled_range,IU,128,70.83333333333334,runs/yin_latest_vgg_20260927/single_noise/r21vgg2k_vgg16_bn_s42/faces_rfwWM64/houses_yin64/results.csv,IU
noaa,VGG2k / no AA,r21vgg2k_vgg16_bn_s42,face_transfer,124,single_uu,RFW WM64,Houses,0.37,,50,within_sampled_range,IU,129,66.66666666666666,runs/yin_latest_vgg_20260927/single_noise/r21vgg2k_vgg16_bn_s42/faces_rfwWM64/houses_yin64/results.csv,IU
noaa,VGG2k / no AA,r21vgg2k_vgg16_bn_s42,face_transfer,124,single_uu,RFW WM64,Houses,0.37,,50,within_sampled_range,IU,130,66.66666666666666,runs/yin_latest_vgg_20260927/single_noise/r21vgg2k_vgg16_bn_s42/faces_rfwWM64/houses_yin64/results.csv,IU
noaa,VGG2k / no AA,r21vgg2k_vgg16_bn_s42,face_transfer,124,single_uu,RFW WM64,Houses,0.37,,50,within_sampled_range,IU,131,62.5,runs/yin_latest_vgg_20260927/single_noise/r21vgg2k_vgg16_bn_s42/faces_rfwWM64/houses_yin64/results.csv,IU
noaa,VGG2k / no AA,r21vgg2k_vgg16_bn_s42,face_transfer,124,single_uu,RFW WM64,Houses,0.37,,50,within_sampled_range,IU,132,66.66666666666666,runs/yin_latest_vgg_20260927/single_noise/r21vgg2k_vgg16_bn_s42/faces_rfwWM64/houses_yin64/results.csv,IU
noaa,VGG2k / no AA,r21vgg2k_vgg16_bn_s42,face_transfer,124,single_uu,RFW WM64,Houses,0.37,,50,within_sampled_range,IU,133,70.83333333333334,runs/yin_latest_vgg_20260927/single_noise/r21vgg2k_vgg16_bn_s42/faces_rfwWM64/houses_yin64/results.csv,IU
noaa,VGG2k / no AA,r21vgg2k_vgg16_bn_s42,face_transfer,124,single_uu,RFW WM64,Houses,0.37,,50,within_sampled_range,IU,134,70.83333333333334,runs/yin_latest_vgg_20260927/single_noise/r21vgg2k_vgg16_bn_s42/faces_rfwWM64/houses_yin64/results.csv,IU
noaa,VGG2k / no AA,r21vgg2k_vgg16_bn_s42,face_transfer,124,single_uu,RFW WM64,Houses,0.37,,50,within_sampled_range,IU,135,70.83333333333334,runs/yin_latest_vgg_20260927/single_noise/r21vgg2k_vgg16_bn_s42/faces_rfwWM64/houses_yin64/results.csv,IU
noaa,VGG2k / no AA,r21vgg2k_vgg16_bn_s42,face_transfer,124,single_uu,RFW WM64,Houses,0.37,,50,within_sampled_range,IU,136,66.66666666666666,runs/yin_latest_vgg_20260927/single_noise/r21vgg2k_vgg16_bn_s42/faces_rfwWM64/houses_yin64/results.csv,IU
noaa,VGG2k / no AA,r21vgg2k_vgg16_bn_s42,face_transfer,124,single_uu,RFW WM64,Houses,0.37,,50,within_sampled_range,IU,137,79.16666666666666,runs/yin_latest_vgg_20260927/single_noise/r21vgg2k_vgg16_bn_s42/faces_rfwWM64/houses_yin64/results.csv,IU
noaa,VGG2k / no AA,r21vgg2k_vgg16_bn_s42,face_transfer,124,single_uu,RFW WM64,Houses,0.37,,50,within_sampled_range,IU,138,62.5,runs/yin_latest_vgg_20260927/single_noise/r21vgg2k_vgg16_bn_s42/faces_rfwWM64/houses_yin64/results.csv,IU
noaa,VGG2k / no AA,r21vgg2k_vgg16_bn_s42,face_transfer,124,single_uu,RFW WM64,Houses,0.37,,50,within_sampled_range,IU,139,66.66666666666666,runs/yin_latest_vgg_20260927/single_noise/r21vgg2k_vgg16_bn_s42/faces_rfwWM64/houses_yin64/results.csv,IU
noaa,VGG2k / no AA,r21vgg2k_vgg16_bn_s42,face_transfer,124,single_uu,RFW WM64,Houses,0.37,,50,within_sampled_range,IU,140,75.0,runs/yin_latest_vgg_20260927/single_noise/r21vgg2k_vgg16_bn_s42/faces_rfwWM64/houses_yin64/results.csv,IU
noaa,VGG2k / no AA,r21vgg2k_vgg16_bn_s42,face_transfer,124,single_uu,RFW WM64,Houses,0.37,,50,within_sampled_range,IU,141,66.66666666666666,runs/yin_latest_vgg_20260927/single_noise/r21vgg2k_vgg16_bn_s42/faces_rfwWM64/houses_yin64/results.csv,IU
noaa,VGG2k / no AA,r21vgg2k_vgg16_bn_s42,face_transfer,124,single_uu,RFW WM64,Houses,0.37,,50,within_sampled_range,IU,142,58.333333333333336,runs/yin_latest_vgg_20260927/single_noise/r21vgg2k_vgg16_bn_s42/faces_rfwWM64/houses_yin64/results.csv,IU
noaa,VGG2k / no AA,r21vgg2k_vgg16_bn_s42,face_transfer,124,single_uu,RFW WM64,Houses,0.37,,50,within_sampled_range,IU,143,66.66666666666666,runs/yin_latest_vgg_20260927/single_noise/r21vgg2k_vgg16_bn_s42/faces_rfwWM64/houses_yin64/results.csv,IU
noaa,VGG2k / no AA,r21vgg2k_vgg16_bn_s42,face_transfer,124,single_uu,RFW WM64,Houses,0.37,,50,within_sampled_range,IU,144,66.66666666666666,runs/yin_latest_vgg_20260927/single_noise/r21vgg2k_vgg16_bn_s42/faces_rfwWM64/houses_yin64/results.csv,IU
noaa,VGG2k / no AA,r21vgg2k_vgg16_bn_s42,face_transfer,124,single_uu,RFW WM64,Houses,0.37,,50,within_sampled_range,IU,145,87.5,runs/yin_latest_vgg_20260927/single_noise/r21vgg2k_vgg16_bn_s42/faces_rfwWM64/houses_yin64/results.csv,IU
noaa,VGG2k / no AA,r21vgg2k_vgg16_bn_s42,face_transfer,124,single_uu,RFW WM64,Houses,0.37,,50,within_sampled_range,IU,146,54.166666666666664,runs/yin_latest_vgg_20260927/single_noise/r21vgg2k_vgg16_bn_s42/faces_rfwWM64/houses_yin64/results.csv,IU
noaa,VGG2k / no AA,r21vgg2k_vgg16_bn_s42,face_transfer,124,single_uu,RFW WM64,Houses,0.37,,50,within_sampled_range,IU,147,66.66666666666666,runs/yin_latest_vgg_20260927/single_noise/r21vgg2k_vgg16_bn_s42/faces_rfwWM64/houses_yin64/results.csv,IU
noaa,VGG2k / no AA,r21vgg2k_vgg16_bn_s42,face_transfer,124,single_uu,RFW WM64,Houses,0.37,,50,within_sampled_range,IU,148,66.66666666666666,runs/yin_latest_vgg_20260927/single_noise/r21vgg2k_vgg16_bn_s42/faces_rfwWM64/houses_yin64/results.csv,IU
noaa,VGG2k / no AA,r21vgg2k_vgg16_bn_s42,face_transfer,124,single_uu,RFW WM64,Houses,0.37,,50,within_sampled_range,IU,149,66.66666666666666,runs/yin_latest_vgg_20260927/single_noise/r21vgg2k_vgg16_bn_s42/faces_rfwWM64/houses_yin64/results.csv,IU
noaa,VGG2k / no AA,r21vgg2k_vgg16_bn_s42,face_transfer,124,single_uu,RFW WM64,Houses,0.37,,50,within_sampled_range,IU,150,70.83333333333334,runs/yin_latest_vgg_20260927/single_noise/r21vgg2k_vgg16_bn_s42/faces_rfwWM64/houses_yin64/results.csv,IU
noaa,VGG2k / no AA,r21vgg2k_vgg16_bn_s42,face_transfer,124,two_cross,RFW WM64,Houses,0.37,0.39,50,within_sampled_range,UU,101,70.83333333333334,runs/yin_latest_vgg_20260927/transfer/results/r21vgg2k_vgg16_bn_s42/faces_rfwWM64/houses_yin64/results.csv,UU
noaa,VGG2k / no AA,r21vgg2k_vgg16_bn_s42,face_transfer,124,two_cross,RFW WM64,Houses,0.37,0.39,50,within_sampled_range,UU,102,91.66666666666666,runs/yin_latest_vgg_20260927/transfer/results/r21vgg2k_vgg16_bn_s42/faces_rfwWM64/houses_yin64/results.csv,UU
noaa,VGG2k / no AA,r21vgg2k_vgg16_bn_s42,face_transfer,124,two_cross,RFW WM64,Houses,0.37,0.39,50,within_sampled_range,UU,103,79.16666666666666,runs/yin_latest_vgg_20260927/transfer/results/r21vgg2k_vgg16_bn_s42/faces_rfwWM64/houses_yin64/results.csv,UU
noaa,VGG2k / no AA,r21vgg2k_vgg16_bn_s42,face_transfer,124,two_cross,RFW WM64,Houses,0.37,0.39,50,within_sampled_range,UU,104,75.0,runs/yin_latest_vgg_20260927/transfer/results/r21vgg2k_vgg16_bn_s42/faces_rfwWM64/houses_yin64/results.csv,UU
noaa,VGG2k / no AA,r21vgg2k_vgg16_bn_s42,face_transfer,124,two_cross,RFW WM64,Houses,0.37,0.39,50,within_sampled_range,UU,105,66.66666666666666,runs/yin_latest_vgg_20260927/transfer/results/r21vgg2k_vgg16_bn_s42/faces_rfwWM64/houses_yin64/results.csv,UU
noaa,VGG2k / no AA,r21vgg2k_vgg16_bn_s42,face_transfer,124,two_cross,RFW WM64,Houses,0.37,0.39,50,within_sampled_range,UU,106,70.83333333333334,runs/yin_latest_vgg_20260927/transfer/results/r21vgg2k_vgg16_bn_s42/faces_rfwWM64/houses_yin64/results.csv,UU
noaa,VGG2k / no AA,r21vgg2k_vgg16_bn_s42,face_transfer,124,two_cross,RFW WM64,Houses,0.37,0.39,50,within_sampled_range,UU,107,75.0,runs/yin_latest_vgg_20260927/transfer/results/r21vgg2k_vgg16_bn_s42/faces_rfwWM64/houses_yin64/results.csv,UU
noaa,VGG2k / no AA,r21vgg2k_vgg16_bn_s42,face_transfer,124,two_cross,RFW WM64,Houses,0.37,0.39,50,within_sampled_range,UU,108,75.0,runs/yin_latest_vgg_20260927/transfer/results/r21vgg2k_vgg16_bn_s42/faces_rfwWM64/houses_yin64/results.csv,UU
noaa,VGG2k / no AA,r21vgg2k_vgg16_bn_s42,face_transfer,124,two_cross,RFW WM64,Houses,0.37,0.39,50,within_sampled_range,UU,109,54.166666666666664,runs/yin_latest_vgg_20260927/transfer/results/r21vgg2k_vgg16_bn_s42/faces_rfwWM64/houses_yin64/results.csv,UU
noaa,VGG2k / no AA,r21vgg2k_vgg16_bn_s42,face_transfer,124,two_cross,RFW WM64,Houses,0.37,0.39,50,within_sampled_range,UU,110,58.333333333333336,runs/yin_latest_vgg_20260927/transfer/results/r21vgg2k_vgg16_bn_s42/faces_rfwWM64/houses_yin64/results.csv,UU
noaa,VGG2k / no AA,r21vgg2k_vgg16_bn_s42,face_transfer,124,two_cross,RFW WM64,Houses,0.37,0.39,50,within_sampled_range,UU,111,66.66666666666666,runs/yin_latest_vgg_20260927/transfer/results/r21vgg2k_vgg16_bn_s42/faces_rfwWM64/houses_yin64/results.csv,UU
noaa,VGG2k / no AA,r21vgg2k_vgg16_bn_s42,face_transfer,124,two_cross,RFW WM64,Houses,0.37,0.39,50,within_sampled_range,UU,112,70.83333333333334,runs/yin_latest_vgg_20260927/transfer/results/r21vgg2k_vgg16_bn_s42/faces_rfwWM64/houses_yin64/results.csv,UU
noaa,VGG2k / no AA,r21vgg2k_vgg16_bn_s42,face_transfer,124,two_cross,RFW WM64,Houses,0.37,0.39,50,within_sampled_range,UU,113,70.83333333333334,runs/yin_latest_vgg_20260927/transfer/results/r21vgg2k_vgg16_bn_s42/faces_rfwWM64/houses_yin64/results.csv,UU
noaa,VGG2k / no AA,r21vgg2k_vgg16_bn_s42,face_transfer,124,two_cross,RFW WM64,Houses,0.37,0.39,50,within_sampled_range,UU,114,79.16666666666666,runs/yin_latest_vgg_20260927/transfer/results/r21vgg2k_vgg16_bn_s42/faces_rfwWM64/houses_yin64/results.csv,UU
noaa,VGG2k / no AA,r21vgg2k_vgg16_bn_s42,face_transfer,124,two_cross,RFW WM64,Houses,0.37,0.39,50,within_sampled_range,UU,115,58.333333333333336,runs/yin_latest_vgg_20260927/transfer/results/r21vgg2k_vgg16_bn_s42/faces_rfwWM64/houses_yin64/results.csv,UU
noaa,VGG2k / no AA,r21vgg2k_vgg16_bn_s42,face_transfer,124,two_cross,RFW WM64,Houses,0.37,0.39,50,within_sampled_range,UU,116,62.5,runs/yin_latest_vgg_20260927/transfer/results/r21vgg2k_vgg16_bn_s42/faces_rfwWM64/houses_yin64/results.csv,UU
noaa,VGG2k / no AA,r21vgg2k_vgg16_bn_s42,face_transfer,124,two_cross,RFW WM64,Houses,0.37,0.39,50,within_sampled_range,UU,117,79.16666666666666,runs/yin_latest_vgg_20260927/transfer/results/r21vgg2k_vgg16_bn_s42/faces_rfwWM64/houses_yin64/results.csv,UU
noaa,VGG2k / no AA,r21vgg2k_vgg16_bn_s42,face_transfer,124,two_cross,RFW WM64,Houses,0.37,0.39,50,within_sampled_range,UU,118,66.66666666666666,runs/yin_latest_vgg_20260927/transfer/results/r21vgg2k_vgg16_bn_s42/faces_rfwWM64/houses_yin64/results.csv,UU
noaa,VGG2k / no AA,r21vgg2k_vgg16_bn_s42,face_transfer,124,two_cross,RFW WM64,Houses,0.37,0.39,50,within_sampled_range,UU,119,58.333333333333336,runs/yin_latest_vgg_20260927/transfer/results/r21vgg2k_vgg16_bn_s42/faces_rfwWM64/houses_yin64/results.csv,UU
noaa,VGG2k / no AA,r21vgg2k_vgg16_bn_s42,face_transfer,124,two_cross,RFW WM64,Houses,0.37,0.39,50,within_sampled_range,UU,120,62.5,runs/yin_latest_vgg_20260927/transfer/results/r21vgg2k_vgg16_bn_s42/faces_rfwWM64/houses_yin64/results.csv,UU
noaa,VGG2k / no AA,r21vgg2k_vgg16_bn_s42,face_transfer,124,two_cross,RFW WM64,Houses,0.37,0.39,50,within_sampled_range,UU,121,58.333333333333336,runs/yin_latest_vgg_20260927/transfer/results/r21vgg2k_vgg16_bn_s42/faces_rfwWM64/houses_yin64/results.csv,UU
noaa,VGG2k / no AA,r21vgg2k_vgg16_bn_s42,face_transfer,124,two_cross,RFW WM64,Houses,0.37,0.39,50,within_sampled_range,UU,122,66.66666666666666,runs/yin_latest_vgg_20260927/transfer/results/r21vgg2k_vgg16_bn_s42/faces_rfwWM64/houses_yin64/results.csv,UU
noaa,VGG2k / no AA,r21vgg2k_vgg16_bn_s42,face_transfer,124,two_cross,RFW WM64,Houses,0.37,0.39,50,within_sampled_range,UU,123,66.66666666666666,runs/yin_latest_vgg_20260927/transfer/results/r21vgg2k_vgg16_bn_s42/faces_rfwWM64/houses_yin64/results.csv,UU
noaa,VGG2k / no AA,r21vgg2k_vgg16_bn_s42,face_transfer,124,two_cross,RFW WM64,Houses,0.37,0.39,50,within_sampled_range,UU,124,75.0,runs/yin_latest_vgg_20260927/transfer/results/r21vgg2k_vgg16_bn_s42/faces_rfwWM64/houses_yin64/results.csv,UU
noaa,VGG2k / no AA,r21vgg2k_vgg16_bn_s42,face_transfer,124,two_cross,RFW WM64,Houses,0.37,0.39,50,within_sampled_range,UU,125,66.66666666666666,runs/yin_latest_vgg_20260927/transfer/results/r21vgg2k_vgg16_bn_s42/faces_rfwWM64/houses_yin64/results.csv,UU
noaa,VGG2k / no AA,r21vgg2k_vgg16_bn_s42,face_transfer,124,two_cross,RFW WM64,Houses,0.37,0.39,50,within_sampled_range,UU,126,62.5,runs/yin_latest_vgg_20260927/transfer/results/r21vgg2k_vgg16_bn_s42/faces_rfwWM64/houses_yin64/results.csv,UU
noaa,VGG2k / no AA,r21vgg2k_vgg16_bn_s42,face_transfer,124,two_cross,RFW WM64,Houses,0.37,0.39,50,within_sampled_range,UU,127,70.83333333333334,runs/yin_latest_vgg_20260927/transfer/results/r21vgg2k_vgg16_bn_s42/faces_rfwWM64/houses_yin64/results.csv,UU
noaa,VGG2k / no AA,r21vgg2k_vgg16_bn_s42,face_transfer,124,two_cross,RFW WM64,Houses,0.37,0.39,50,within_sampled_range,UU,128,70.83333333333334,runs/yin_latest_vgg_20260927/transfer/results/r21vgg2k_vgg16_bn_s42/faces_rfwWM64/houses_yin64/results.csv,UU
noaa,VGG2k / no AA,r21vgg2k_vgg16_bn_s42,face_transfer,124,two_cross,RFW WM64,Houses,0.37,0.39,50,within_sampled_range,UU,129,70.83333333333334,runs/yin_latest_vgg_20260927/transfer/results/r21vgg2k_vgg16_bn_s42/faces_rfwWM64/houses_yin64/results.csv,UU
noaa,VGG2k / no AA,r21vgg2k_vgg16_bn_s42,face_transfer,124,two_cross,RFW WM64,Houses,0.37,0.39,50,within_sampled_range,UU,130,75.0,runs/yin_latest_vgg_20260927/transfer/results/r21vgg2k_vgg16_bn_s42/faces_rfwWM64/houses_yin64/results.csv,UU
noaa,VGG2k / no AA,r21vgg2k_vgg16_bn_s42,face_transfer,124,two_cross,RFW WM64,Houses,0.37,0.39,50,within_sampled_range,UU,131,79.16666666666666,runs/yin_latest_vgg_20260927/transfer/results/r21vgg2k_vgg16_bn_s42/faces_rfwWM64/houses_yin64/results.csv,UU
noaa,VGG2k / no AA,r21vgg2k_vgg16_bn_s42,face_transfer,124,two_cross,RFW WM64,Houses,0.37,0.39,50,within_sampled_range,UU,132,70.83333333333334,runs/yin_latest_vgg_20260927/transfer/results/r21vgg2k_vgg16_bn_s42/faces_rfwWM64/houses_yin64/results.csv,UU
noaa,VGG2k / no AA,r21vgg2k_vgg16_bn_s42,face_transfer,124,two_cross,RFW WM64,Houses,0.37,0.39,50,within_sampled_range,UU,133,70.83333333333334,runs/yin_latest_vgg_20260927/transfer/results/r21vgg2k_vgg16_bn_s42/faces_rfwWM64/houses_yin64/results.csv,UU
noaa,VGG2k / no AA,r21vgg2k_vgg16_bn_s42,face_transfer,124,two_cross,RFW WM64,Houses,0.37,0.39,50,within_sampled_range,UU,134,62.5,runs/yin_latest_vgg_20260927/transfer/results/r21vgg2k_vgg16_bn_s42/faces_rfwWM64/houses_yin64/results.csv,UU
noaa,VGG2k / no AA,r21vgg2k_vgg16_bn_s42,face_transfer,124,two_cross,RFW WM64,Houses,0.37,0.39,50,within_sampled_range,UU,135,62.5,runs/yin_latest_vgg_20260927/transfer/results/r21vgg2k_vgg16_bn_s42/faces_rfwWM64/houses_yin64/results.csv,UU
noaa,VGG2k / no AA,r21vgg2k_vgg16_bn_s42,face_transfer,124,two_cross,RFW WM64,Houses,0.37,0.39,50,within_sampled_range,UU,136,66.66666666666666,runs/yin_latest_vgg_20260927/transfer/results/r21vgg2k_vgg16_bn_s42/faces_rfwWM64/houses_yin64/results.csv,UU
noaa,VGG2k / no AA,r21vgg2k_vgg16_bn_s42,face_transfer,124,two_cross,RFW WM64,Houses,0.37,0.39,50,within_sampled_range,UU,137,58.333333333333336,runs/yin_latest_vgg_20260927/transfer/results/r21vgg2k_vgg16_bn_s42/faces_rfwWM64/houses_yin64/results.csv,UU
noaa,VGG2k / no AA,r21vgg2k_vgg16_bn_s42,face_transfer,124,two_cross,RFW WM64,Houses,0.37,0.39,50,within_sampled_range,UU,138,79.16666666666666,runs/yin_latest_vgg_20260927/transfer/results/r21vgg2k_vgg16_bn_s42/faces_rfwWM64/houses_yin64/results.csv,UU
noaa,VGG2k / no AA,r21vgg2k_vgg16_bn_s42,face_transfer,124,two_cross,RFW WM64,Houses,0.37,0.39,50,within_sampled_range,UU,139,62.5,runs/yin_latest_vgg_20260927/transfer/results/r21vgg2k_vgg16_bn_s42/faces_rfwWM64/houses_yin64/results.csv,UU
noaa,VGG2k / no AA,r21vgg2k_vgg16_bn_s42,face_transfer,124,two_cross,RFW WM64,Houses,0.37,0.39,50,within_sampled_range,UU,140,79.16666666666666,runs/yin_latest_vgg_20260927/transfer/results/r21vgg2k_vgg16_bn_s42/faces_rfwWM64/houses_yin64/results.csv,UU
noaa,VGG2k / no AA,r21vgg2k_vgg16_bn_s42,face_transfer,124,two_cross,RFW WM64,Houses,0.37,0.39,50,within_sampled_range,UU,141,75.0,runs/yin_latest_vgg_20260927/transfer/results/r21vgg2k_vgg16_bn_s42/faces_rfwWM64/houses_yin64/results.csv,UU
noaa,VGG2k / no AA,r21vgg2k_vgg16_bn_s42,face_transfer,124,two_cross,RFW WM64,Houses,0.37,0.39,50,within_sampled_range,UU,142,66.66666666666666,runs/yin_latest_vgg_20260927/transfer/results/r21vgg2k_vgg16_bn_s42/faces_rfwWM64/houses_yin64/results.csv,UU
noaa,VGG2k / no AA,r21vgg2k_vgg16_bn_s42,face_transfer,124,two_cross,RFW WM64,Houses,0.37,0.39,50,within_sampled_range,UU,143,54.166666666666664,runs/yin_latest_vgg_20260927/transfer/results/r21vgg2k_vgg16_bn_s42/faces_rfwWM64/houses_yin64/results.csv,UU
noaa,VGG2k / no AA,r21vgg2k_vgg16_bn_s42,face_transfer,124,two_cross,RFW WM64,Houses,0.37,0.39,50,within_sampled_range,UU,144,70.83333333333334,runs/yin_latest_vgg_20260927/transfer/results/r21vgg2k_vgg16_bn_s42/faces_rfwWM64/houses_yin64/results.csv,UU
noaa,VGG2k / no AA,r21vgg2k_vgg16_bn_s42,face_transfer,124,two_cross,RFW WM64,Houses,0.37,0.39,50,within_sampled_range,UU,145,75.0,runs/yin_latest_vgg_20260927/transfer/results/r21vgg2k_vgg16_bn_s42/faces_rfwWM64/houses_yin64/results.csv,UU
noaa,VGG2k / no AA,r21vgg2k_vgg16_bn_s42,face_transfer,124,two_cross,RFW WM64,Houses,0.37,0.39,50,within_sampled_range,UU,146,83.33333333333334,runs/yin_latest_vgg_20260927/transfer/results/r21vgg2k_vgg16_bn_s42/faces_rfwWM64/houses_yin64/results.csv,UU
noaa,VGG2k / no AA,r21vgg2k_vgg16_bn_s42,face_transfer,124,two_cross,RFW WM64,Houses,0.37,0.39,50,within_sampled_range,UU,147,58.333333333333336,runs/yin_latest_vgg_20260927/transfer/results/r21vgg2k_vgg16_bn_s42/faces_rfwWM64/houses_yin64/results.csv,UU
noaa,VGG2k / no AA,r21vgg2k_vgg16_bn_s42,face_transfer,124,two_cross,RFW WM64,Houses,0.37,0.39,50,within_sampled_range,UU,148,70.83333333333334,runs/yin_latest_vgg_20260927/transfer/results/r21vgg2k_vgg16_bn_s42/faces_rfwWM64/houses_yin64/results.csv,UU
noaa,VGG2k / no AA,r21vgg2k_vgg16_bn_s42,face_transfer,124,two_cross,RFW WM64,Houses,0.37,0.39,50,within_sampled_range,UU,149,70.83333333333334,runs/yin_latest_vgg_20260927/transfer/results/r21vgg2k_vgg16_bn_s42/faces_rfwWM64/houses_yin64/results.csv,UU
noaa,VGG2k / no AA,r21vgg2k_vgg16_bn_s42,face_transfer,124,two_cross,RFW WM64,Houses,0.37,0.39,50,within_sampled_range,UU,150,79.16666666666666,runs/yin_latest_vgg_20260927/transfer/results/r21vgg2k_vgg16_bn_s42/faces_rfwWM64/houses_yin64/results.csv,UU
noaa,VGG2k / no AA,r21vgg2k_vgg16_bn_s42,face_transfer,124,two_cross,RFW WM64,Houses,0.37,0.39,50,within_sampled_range,II,101,66.66666666666666,runs/yin_latest_vgg_20260927/transfer/results/r21vgg2k_vgg16_bn_s42/faces_rfwWM64/houses_yin64/results.csv,II
noaa,VGG2k / no AA,r21vgg2k_vgg16_bn_s42,face_transfer,124,two_cross,RFW WM64,Houses,0.37,0.39,50,within_sampled_range,II,102,66.66666666666666,runs/yin_latest_vgg_20260927/transfer/results/r21vgg2k_vgg16_bn_s42/faces_rfwWM64/houses_yin64/results.csv,II
noaa,VGG2k / no AA,r21vgg2k_vgg16_bn_s42,face_transfer,124,two_cross,RFW WM64,Houses,0.37,0.39,50,within_sampled_range,II,103,70.83333333333334,runs/yin_latest_vgg_20260927/transfer/results/r21vgg2k_vgg16_bn_s42/faces_rfwWM64/houses_yin64/results.csv,II
noaa,VGG2k / no AA,r21vgg2k_vgg16_bn_s42,face_transfer,124,two_cross,RFW WM64,Houses,0.37,0.39,50,within_sampled_range,II,104,58.333333333333336,runs/yin_latest_vgg_20260927/transfer/results/r21vgg2k_vgg16_bn_s42/faces_rfwWM64/houses_yin64/results.csv,II
noaa,VGG2k / no AA,r21vgg2k_vgg16_bn_s42,face_transfer,124,two_cross,RFW WM64,Houses,0.37,0.39,50,within_sampled_range,II,105,66.66666666666666,runs/yin_latest_vgg_20260927/transfer/results/r21vgg2k_vgg16_bn_s42/faces_rfwWM64/houses_yin64/results.csv,II
noaa,VGG2k / no AA,r21vgg2k_vgg16_bn_s42,face_transfer,124,two_cross,RFW WM64,Houses,0.37,0.39,50,within_sampled_range,II,106,54.166666666666664,runs/yin_latest_vgg_20260927/transfer/results/r21vgg2k_vgg16_bn_s42/faces_rfwWM64/houses_yin64/results.csv,II
noaa,VGG2k / no AA,r21vgg2k_vgg16_bn_s42,face_transfer,124,two_cross,RFW WM64,Houses,0.37,0.39,50,within_sampled_range,II,107,70.83333333333334,runs/yin_latest_vgg_20260927/transfer/results/r21vgg2k_vgg16_bn_s42/faces_rfwWM64/houses_yin64/results.csv,II
noaa,VGG2k / no AA,r21vgg2k_vgg16_bn_s42,face_transfer,124,two_cross,RFW WM64,Houses,0.37,0.39,50,within_sampled_range,II,108,54.166666666666664,runs/yin_latest_vgg_20260927/transfer/results/r21vgg2k_vgg16_bn_s42/faces_rfwWM64/houses_yin64/results.csv,II
noaa,VGG2k / no AA,r21vgg2k_vgg16_bn_s42,face_transfer,124,two_cross,RFW WM64,Houses,0.37,0.39,50,within_sampled_range,II,109,41.66666666666667,runs/yin_latest_vgg_20260927/transfer/results/r21vgg2k_vgg16_bn_s42/faces_rfwWM64/houses_yin64/results.csv,II
noaa,VGG2k / no AA,r21vgg2k_vgg16_bn_s42,face_transfer,124,two_cross,RFW WM64,Houses,0.37,0.39,50,within_sampled_range,II,110,62.5,runs/yin_latest_vgg_20260927/transfer/results/r21vgg2k_vgg16_bn_s42/faces_rfwWM64/houses_yin64/results.csv,II
noaa,VGG2k / no AA,r21vgg2k_vgg16_bn_s42,face_transfer,124,two_cross,RFW WM64,Houses,0.37,0.39,50,within_sampled_range,II,111,62.5,runs/yin_latest_vgg_20260927/transfer/results/r21vgg2k_vgg16_bn_s42/faces_rfwWM64/houses_yin64/results.csv,II
noaa,VGG2k / no AA,r21vgg2k_vgg16_bn_s42,face_transfer,124,two_cross,RFW WM64,Houses,0.37,0.39,50,within_sampled_range,II,112,54.166666666666664,runs/yin_latest_vgg_20260927/transfer/results/r21vgg2k_vgg16_bn_s42/faces_rfwWM64/houses_yin64/results.csv,II
noaa,VGG2k / no AA,r21vgg2k_vgg16_bn_s42,face_transfer,124,two_cross,RFW WM64,Houses,0.37,0.39,50,within_sampled_range,II,113,45.83333333333333,runs/yin_latest_vgg_20260927/transfer/results/r21vgg2k_vgg16_bn_s42/faces_rfwWM64/houses_yin64/results.csv,II
noaa,VGG2k / no AA,r21vgg2k_vgg16_bn_s42,face_transfer,124,two_cross,RFW WM64,Houses,0.37,0.39,50,within_sampled_range,II,114,62.5,runs/yin_latest_vgg_20260927/transfer/results/r21vgg2k_vgg16_bn_s42/faces_rfwWM64/houses_yin64/results.csv,II
noaa,VGG2k / no AA,r21vgg2k_vgg16_bn_s42,face_transfer,124,two_cross,RFW WM64,Houses,0.37,0.39,50,within_sampled_range,II,115,62.5,runs/yin_latest_vgg_20260927/transfer/results/r21vgg2k_vgg16_bn_s42/faces_rfwWM64/houses_yin64/results.csv,II
noaa,VGG2k / no AA,r21vgg2k_vgg16_bn_s42,face_transfer,124,two_cross,RFW WM64,Houses,0.37,0.39,50,within_sampled_range,II,116,66.66666666666666,runs/yin_latest_vgg_20260927/transfer/results/r21vgg2k_vgg16_bn_s42/faces_rfwWM64/houses_yin64/results.csv,II
noaa,VGG2k / no AA,r21vgg2k_vgg16_bn_s42,face_transfer,124,two_cross,RFW WM64,Houses,0.37,0.39,50,within_sampled_range,II,117,79.16666666666666,runs/yin_latest_vgg_20260927/transfer/results/r21vgg2k_vgg16_bn_s42/faces_rfwWM64/houses_yin64/results.csv,II
noaa,VGG2k / no AA,r21vgg2k_vgg16_bn_s42,face_transfer,124,two_cross,RFW WM64,Houses,0.37,0.39,50,within_sampled_range,II,118,62.5,runs/yin_latest_vgg_20260927/transfer/results/r21vgg2k_vgg16_bn_s42/faces_rfwWM64/houses_yin64/results.csv,II
noaa,VGG2k / no AA,r21vgg2k_vgg16_bn_s42,face_transfer,124,two_cross,RFW WM64,Houses,0.37,0.39,50,within_sampled_range,II,119,75.0,runs/yin_latest_vgg_20260927/transfer/results/r21vgg2k_vgg16_bn_s42/faces_rfwWM64/houses_yin64/results.csv,II
noaa,VGG2k / no AA,r21vgg2k_vgg16_bn_s42,face_transfer,124,two_cross,RFW WM64,Houses,0.37,0.39,50,within_sampled_range,II,120,58.333333333333336,runs/yin_latest_vgg_20260927/transfer/results/r21vgg2k_vgg16_bn_s42/faces_rfwWM64/houses_yin64/results.csv,II
noaa,VGG2k / no AA,r21vgg2k_vgg16_bn_s42,face_transfer,124,two_cross,RFW WM64,Houses,0.37,0.39,50,within_sampled_range,II,121,58.333333333333336,runs/yin_latest_vgg_20260927/transfer/results/r21vgg2k_vgg16_bn_s42/faces_rfwWM64/houses_yin64/results.csv,II
noaa,VGG2k / no AA,r21vgg2k_vgg16_bn_s42,face_transfer,124,two_cross,RFW WM64,Houses,0.37,0.39,50,within_sampled_range,II,122,75.0,runs/yin_latest_vgg_20260927/transfer/results/r21vgg2k_vgg16_bn_s42/faces_rfwWM64/houses_yin64/results.csv,II
noaa,VGG2k / no AA,r21vgg2k_vgg16_bn_s42,face_transfer,124,two_cross,RFW WM64,Houses,0.37,0.39,50,within_sampled_range,II,123,70.83333333333334,runs/yin_latest_vgg_20260927/transfer/results/r21vgg2k_vgg16_bn_s42/faces_rfwWM64/houses_yin64/results.csv,II
noaa,VGG2k / no AA,r21vgg2k_vgg16_bn_s42,face_transfer,124,two_cross,RFW WM64,Houses,0.37,0.39,50,within_sampled_range,II,124,62.5,runs/yin_latest_vgg_20260927/transfer/results/r21vgg2k_vgg16_bn_s42/faces_rfwWM64/houses_yin64/results.csv,II
noaa,VGG2k / no AA,r21vgg2k_vgg16_bn_s42,face_transfer,124,two_cross,RFW WM64,Houses,0.37,0.39,50,within_sampled_range,II,125,75.0,runs/yin_latest_vgg_20260927/transfer/results/r21vgg2k_vgg16_bn_s42/faces_rfwWM64/houses_yin64/results.csv,II
noaa,VGG2k / no AA,r21vgg2k_vgg16_bn_s42,face_transfer,124,two_cross,RFW WM64,Houses,0.37,0.39,50,within_sampled_range,II,126,66.66666666666666,runs/yin_latest_vgg_20260927/transfer/results/r21vgg2k_vgg16_bn_s42/faces_rfwWM64/houses_yin64/results.csv,II
noaa,VGG2k / no AA,r21vgg2k_vgg16_bn_s42,face_transfer,124,two_cross,RFW WM64,Houses,0.37,0.39,50,within_sampled_range,II,127,54.166666666666664,runs/yin_latest_vgg_20260927/transfer/results/r21vgg2k_vgg16_bn_s42/faces_rfwWM64/houses_yin64/results.csv,II
noaa,VGG2k / no AA,r21vgg2k_vgg16_bn_s42,face_transfer,124,two_cross,RFW WM64,Houses,0.37,0.39,50,within_sampled_range,II,128,62.5,runs/yin_latest_vgg_20260927/transfer/results/r21vgg2k_vgg16_bn_s42/faces_rfwWM64/houses_yin64/results.csv,II
noaa,VGG2k / no AA,r21vgg2k_vgg16_bn_s42,face_transfer,124,two_cross,RFW WM64,Houses,0.37,0.39,50,within_sampled_range,II,129,58.333333333333336,runs/yin_latest_vgg_20260927/transfer/results/r21vgg2k_vgg16_bn_s42/faces_rfwWM64/houses_yin64/results.csv,II
noaa,VGG2k / no AA,r21vgg2k_vgg16_bn_s42,face_transfer,124,two_cross,RFW WM64,Houses,0.37,0.39,50,within_sampled_range,II,130,70.83333333333334,runs/yin_latest_vgg_20260927/transfer/results/r21vgg2k_vgg16_bn_s42/faces_rfwWM64/houses_yin64/results.csv,II
noaa,VGG2k / no AA,r21vgg2k_vgg16_bn_s42,face_transfer,124,two_cross,RFW WM64,Houses,0.37,0.39,50,within_sampled_range,II,131,70.83333333333334,runs/yin_latest_vgg_20260927/transfer/results/r21vgg2k_vgg16_bn_s42/faces_rfwWM64/houses_yin64/results.csv,II
noaa,VGG2k / no AA,r21vgg2k_vgg16_bn_s42,face_transfer,124,two_cross,RFW WM64,Houses,0.37,0.39,50,within_sampled_range,II,132,62.5,runs/yin_latest_vgg_20260927/transfer/results/r21vgg2k_vgg16_bn_s42/faces_rfwWM64/houses_yin64/results.csv,II
noaa,VGG2k / no AA,r21vgg2k_vgg16_bn_s42,face_transfer,124,two_cross,RFW WM64,Houses,0.37,0.39,50,within_sampled_range,II,133,75.0,runs/yin_latest_vgg_20260927/transfer/results/r21vgg2k_vgg16_bn_s42/faces_rfwWM64/houses_yin64/results.csv,II
noaa,VGG2k / no AA,r21vgg2k_vgg16_bn_s42,face_transfer,124,two_cross,RFW WM64,Houses,0.37,0.39,50,within_sampled_range,II,134,75.0,runs/yin_latest_vgg_20260927/transfer/results/r21vgg2k_vgg16_bn_s42/faces_rfwWM64/houses_yin64/results.csv,II
noaa,VGG2k / no AA,r21vgg2k_vgg16_bn_s42,face_transfer,124,two_cross,RFW WM64,Houses,0.37,0.39,50,within_sampled_range,II,135,54.166666666666664,runs/yin_latest_vgg_20260927/transfer/results/r21vgg2k_vgg16_bn_s42/faces_rfwWM64/houses_yin64/results.csv,II
noaa,VGG2k / no AA,r21vgg2k_vgg16_bn_s42,face_transfer,124,two_cross,RFW WM64,Houses,0.37,0.39,50,within_sampled_range,II,136,62.5,runs/yin_latest_vgg_20260927/transfer/results/r21vgg2k_vgg16_bn_s42/faces_rfwWM64/houses_yin64/results.csv,II
noaa,VGG2k / no AA,r21vgg2k_vgg16_bn_s42,face_transfer,124,two_cross,RFW WM64,Houses,0.37,0.39,50,within_sampled_range,II,137,58.333333333333336,runs/yin_latest_vgg_20260927/transfer/results/r21vgg2k_vgg16_bn_s42/faces_rfwWM64/houses_yin64/results.csv,II
noaa,VGG2k / no AA,r21vgg2k_vgg16_bn_s42,face_transfer,124,two_cross,RFW WM64,Houses,0.37,0.39,50,within_sampled_range,II,138,50.0,runs/yin_latest_vgg_20260927/transfer/results/r21vgg2k_vgg16_bn_s42/faces_rfwWM64/houses_yin64/results.csv,II
noaa,VGG2k / no AA,r21vgg2k_vgg16_bn_s42,face_transfer,124,two_cross,RFW WM64,Houses,0.37,0.39,50,within_sampled_range,II,139,50.0,runs/yin_latest_vgg_20260927/transfer/results/r21vgg2k_vgg16_bn_s42/faces_rfwWM64/houses_yin64/results.csv,II
noaa,VGG2k / no AA,r21vgg2k_vgg16_bn_s42,face_transfer,124,two_cross,RFW WM64,Houses,0.37,0.39,50,within_sampled_range,II,140,62.5,runs/yin_latest_vgg_20260927/transfer/results/r21vgg2k_vgg16_bn_s42/faces_rfwWM64/houses_yin64/results.csv,II
noaa,VGG2k / no AA,r21vgg2k_vgg16_bn_s42,face_transfer,124,two_cross,RFW WM64,Houses,0.37,0.39,50,within_sampled_range,II,141,62.5,runs/yin_latest_vgg_20260927/transfer/results/r21vgg2k_vgg16_bn_s42/faces_rfwWM64/houses_yin64/results.csv,II
noaa,VGG2k / no AA,r21vgg2k_vgg16_bn_s42,face_transfer,124,two_cross,RFW WM64,Houses,0.37,0.39,50,within_sampled_range,II,142,75.0,runs/yin_latest_vgg_20260927/transfer/results/r21vgg2k_vgg16_bn_s42/faces_rfwWM64/houses_yin64/results.csv,II
noaa,VGG2k / no AA,r21vgg2k_vgg16_bn_s42,face_transfer,124,two_cross,RFW WM64,Houses,0.37,0.39,50,within_sampled_range,II,143,62.5,runs/yin_latest_vgg_20260927/transfer/results/r21vgg2k_vgg16_bn_s42/faces_rfwWM64/houses_yin64/results.csv,II
noaa,VGG2k / no AA,r21vgg2k_vgg16_bn_s42,face_transfer,124,two_cross,RFW WM64,Houses,0.37,0.39,50,within_sampled_range,II,144,70.83333333333334,runs/yin_latest_vgg_20260927/transfer/results/r21vgg2k_vgg16_bn_s42/faces_rfwWM64/houses_yin64/results.csv,II
noaa,VGG2k / no AA,r21vgg2k_vgg16_bn_s42,face_transfer,124,two_cross,RFW WM64,Houses,0.37,0.39,50,within_sampled_range,II,145,66.66666666666666,runs/yin_latest_vgg_20260927/transfer/results/r21vgg2k_vgg16_bn_s42/faces_rfwWM64/houses_yin64/results.csv,II
noaa,VGG2k / no AA,r21vgg2k_vgg16_bn_s42,face_transfer,124,two_cross,RFW WM64,Houses,0.37,0.39,50,within_sampled_range,II,146,58.333333333333336,runs/yin_latest_vgg_20260927/transfer/results/r21vgg2k_vgg16_bn_s42/faces_rfwWM64/houses_yin64/results.csv,II
noaa,VGG2k / no AA,r21vgg2k_vgg16_bn_s42,face_transfer,124,two_cross,RFW WM64,Houses,0.37,0.39,50,within_sampled_range,II,147,62.5,runs/yin_latest_vgg_20260927/transfer/results/r21vgg2k_vgg16_bn_s42/faces_rfwWM64/houses_yin64/results.csv,II
noaa,VGG2k / no AA,r21vgg2k_vgg16_bn_s42,face_transfer,124,two_cross,RFW WM64,Houses,0.37,0.39,50,within_sampled_range,II,148,50.0,runs/yin_latest_vgg_20260927/transfer/results/r21vgg2k_vgg16_bn_s42/faces_rfwWM64/houses_yin64/results.csv,II
noaa,VGG2k / no AA,r21vgg2k_vgg16_bn_s42,face_transfer,124,two_cross,RFW WM64,Houses,0.37,0.39,50,within_sampled_range,II,149,70.83333333333334,runs/yin_latest_vgg_20260927/transfer/results/r21vgg2k_vgg16_bn_s42/faces_rfwWM64/houses_yin64/results.csv,II
noaa,VGG2k / no AA,r21vgg2k_vgg16_bn_s42,face_transfer,124,two_cross,RFW WM64,Houses,0.37,0.39,50,within_sampled_range,II,150,83.33333333333334,runs/yin_latest_vgg_20260927/transfer/results/r21vgg2k_vgg16_bn_s42/faces_rfwWM64/houses_yin64/results.csv,II
noaa,VGG2k / no AA,r21vgg2k_vgg16_bn_s42,face_transfer,124,two_cross,RFW WM64,Houses,0.37,0.39,50,within_sampled_range,UI,101,58.333333333333336,runs/yin_latest_vgg_20260927/transfer/results/r21vgg2k_vgg16_bn_s42/faces_rfwWM64/houses_yin64/results.csv,UI_cross
noaa,VGG2k / no AA,r21vgg2k_vgg16_bn_s42,face_transfer,124,two_cross,RFW WM64,Houses,0.37,0.39,50,within_sampled_range,UI,102,62.5,runs/yin_latest_vgg_20260927/transfer/results/r21vgg2k_vgg16_bn_s42/faces_rfwWM64/houses_yin64/results.csv,UI_cross
noaa,VGG2k / no AA,r21vgg2k_vgg16_bn_s42,face_transfer,124,two_cross,RFW WM64,Houses,0.37,0.39,50,within_sampled_range,UI,103,70.83333333333334,runs/yin_latest_vgg_20260927/transfer/results/r21vgg2k_vgg16_bn_s42/faces_rfwWM64/houses_yin64/results.csv,UI_cross
noaa,VGG2k / no AA,r21vgg2k_vgg16_bn_s42,face_transfer,124,two_cross,RFW WM64,Houses,0.37,0.39,50,within_sampled_range,UI,104,79.16666666666666,runs/yin_latest_vgg_20260927/transfer/results/r21vgg2k_vgg16_bn_s42/faces_rfwWM64/houses_yin64/results.csv,UI_cross
noaa,VGG2k / no AA,r21vgg2k_vgg16_bn_s42,face_transfer,124,two_cross,RFW WM64,Houses,0.37,0.39,50,within_sampled_range,UI,105,58.333333333333336,runs/yin_latest_vgg_20260927/transfer/results/r21vgg2k_vgg16_bn_s42/faces_rfwWM64/houses_yin64/results.csv,UI_cross
noaa,VGG2k / no AA,r21vgg2k_vgg16_bn_s42,face_transfer,124,two_cross,RFW WM64,Houses,0.37,0.39,50,within_sampled_range,UI,106,66.66666666666666,runs/yin_latest_vgg_20260927/transfer/results/r21vgg2k_vgg16_bn_s42/faces_rfwWM64/houses_yin64/results.csv,UI_cross
noaa,VGG2k / no AA,r21vgg2k_vgg16_bn_s42,face_transfer,124,two_cross,RFW WM64,Houses,0.37,0.39,50,within_sampled_range,UI,107,66.66666666666666,runs/yin_latest_vgg_20260927/transfer/results/r21vgg2k_vgg16_bn_s42/faces_rfwWM64/houses_yin64/results.csv,UI_cross
noaa,VGG2k / no AA,r21vgg2k_vgg16_bn_s42,face_transfer,124,two_cross,RFW WM64,Houses,0.37,0.39,50,within_sampled_range,UI,108,70.83333333333334,runs/yin_latest_vgg_20260927/transfer/results/r21vgg2k_vgg16_bn_s42/faces_rfwWM64/houses_yin64/results.csv,UI_cross
noaa,VGG2k / no AA,r21vgg2k_vgg16_bn_s42,face_transfer,124,two_cross,RFW WM64,Houses,0.37,0.39,50,within_sampled_range,UI,109,83.33333333333334,runs/yin_latest_vgg_20260927/transfer/results/r21vgg2k_vgg16_bn_s42/faces_rfwWM64/houses_yin64/results.csv,UI_cross
noaa,VGG2k / no AA,r21vgg2k_vgg16_bn_s42,face_transfer,124,two_cross,RFW WM64,Houses,0.37,0.39,50,within_sampled_range,UI,110,75.0,runs/yin_latest_vgg_20260927/transfer/results/r21vgg2k_vgg16_bn_s42/faces_rfwWM64/houses_yin64/results.csv,UI_cross
noaa,VGG2k / no AA,r21vgg2k_vgg16_bn_s42,face_transfer,124,two_cross,RFW WM64,Houses,0.37,0.39,50,within_sampled_range,UI,111,75.0,runs/yin_latest_vgg_20260927/transfer/results/r21vgg2k_vgg16_bn_s42/faces_rfwWM64/houses_yin64/results.csv,UI_cross
noaa,VGG2k / no AA,r21vgg2k_vgg16_bn_s42,face_transfer,124,two_cross,RFW WM64,Houses,0.37,0.39,50,within_sampled_range,UI,112,45.83333333333333,runs/yin_latest_vgg_20260927/transfer/results/r21vgg2k_vgg16_bn_s42/faces_rfwWM64/houses_yin64/results.csv,UI_cross
noaa,VGG2k / no AA,r21vgg2k_vgg16_bn_s42,face_transfer,124,two_cross,RFW WM64,Houses,0.37,0.39,50,within_sampled_range,UI,113,70.83333333333334,runs/yin_latest_vgg_20260927/transfer/results/r21vgg2k_vgg16_bn_s42/faces_rfwWM64/houses_yin64/results.csv,UI_cross
noaa,VGG2k / no AA,r21vgg2k_vgg16_bn_s42,face_transfer,124,two_cross,RFW WM64,Houses,0.37,0.39,50,within_sampled_range,UI,114,79.16666666666666,runs/yin_latest_vgg_20260927/transfer/results/r21vgg2k_vgg16_bn_s42/faces_rfwWM64/houses_yin64/results.csv,UI_cross
noaa,VGG2k / no AA,r21vgg2k_vgg16_bn_s42,face_transfer,124,two_cross,RFW WM64,Houses,0.37,0.39,50,within_sampled_range,UI,115,70.83333333333334,runs/yin_latest_vgg_20260927/transfer/results/r21vgg2k_vgg16_bn_s42/faces_rfwWM64/houses_yin64/results.csv,UI_cross
noaa,VGG2k / no AA,r21vgg2k_vgg16_bn_s42,face_transfer,124,two_cross,RFW WM64,Houses,0.37,0.39,50,within_sampled_range,UI,116,70.83333333333334,runs/yin_latest_vgg_20260927/transfer/results/r21vgg2k_vgg16_bn_s42/faces_rfwWM64/houses_yin64/results.csv,UI_cross
noaa,VGG2k / no AA,r21vgg2k_vgg16_bn_s42,face_transfer,124,two_cross,RFW WM64,Houses,0.37,0.39,50,within_sampled_range,UI,117,70.83333333333334,runs/yin_latest_vgg_20260927/transfer/results/r21vgg2k_vgg16_bn_s42/faces_rfwWM64/houses_yin64/results.csv,UI_cross
noaa,VGG2k / no AA,r21vgg2k_vgg16_bn_s42,face_transfer,124,two_cross,RFW WM64,Houses,0.37,0.39,50,within_sampled_range,UI,118,62.5,runs/yin_latest_vgg_20260927/transfer/results/r21vgg2k_vgg16_bn_s42/faces_rfwWM64/houses_yin64/results.csv,UI_cross
noaa,VGG2k / no AA,r21vgg2k_vgg16_bn_s42,face_transfer,124,two_cross,RFW WM64,Houses,0.37,0.39,50,within_sampled_range,UI,119,62.5,runs/yin_latest_vgg_20260927/transfer/results/r21vgg2k_vgg16_bn_s42/faces_rfwWM64/houses_yin64/results.csv,UI_cross
noaa,VGG2k / no AA,r21vgg2k_vgg16_bn_s42,face_transfer,124,two_cross,RFW WM64,Houses,0.37,0.39,50,within_sampled_range,UI,120,66.66666666666666,runs/yin_latest_vgg_20260927/transfer/results/r21vgg2k_vgg16_bn_s42/faces_rfwWM64/houses_yin64/results.csv,UI_cross
noaa,VGG2k / no AA,r21vgg2k_vgg16_bn_s42,face_transfer,124,two_cross,RFW WM64,Houses,0.37,0.39,50,within_sampled_range,UI,121,58.333333333333336,runs/yin_latest_vgg_20260927/transfer/results/r21vgg2k_vgg16_bn_s42/faces_rfwWM64/houses_yin64/results.csv,UI_cross
noaa,VGG2k / no AA,r21vgg2k_vgg16_bn_s42,face_transfer,124,two_cross,RFW WM64,Houses,0.37,0.39,50,within_sampled_range,UI,122,54.166666666666664,runs/yin_latest_vgg_20260927/transfer/results/r21vgg2k_vgg16_bn_s42/faces_rfwWM64/houses_yin64/results.csv,UI_cross
noaa,VGG2k / no AA,r21vgg2k_vgg16_bn_s42,face_transfer,124,two_cross,RFW WM64,Houses,0.37,0.39,50,within_sampled_range,UI,123,75.0,runs/yin_latest_vgg_20260927/transfer/results/r21vgg2k_vgg16_bn_s42/faces_rfwWM64/houses_yin64/results.csv,UI_cross
noaa,VGG2k / no AA,r21vgg2k_vgg16_bn_s42,face_transfer,124,two_cross,RFW WM64,Houses,0.37,0.39,50,within_sampled_range,UI,124,79.16666666666666,runs/yin_latest_vgg_20260927/transfer/results/r21vgg2k_vgg16_bn_s42/faces_rfwWM64/houses_yin64/results.csv,UI_cross
noaa,VGG2k / no AA,r21vgg2k_vgg16_bn_s42,face_transfer,124,two_cross,RFW WM64,Houses,0.37,0.39,50,within_sampled_range,UI,125,54.166666666666664,runs/yin_latest_vgg_20260927/transfer/results/r21vgg2k_vgg16_bn_s42/faces_rfwWM64/houses_yin64/results.csv,UI_cross
noaa,VGG2k / no AA,r21vgg2k_vgg16_bn_s42,face_transfer,124,two_cross,RFW WM64,Houses,0.37,0.39,50,within_sampled_range,UI,126,75.0,runs/yin_latest_vgg_20260927/transfer/results/r21vgg2k_vgg16_bn_s42/faces_rfwWM64/houses_yin64/results.csv,UI_cross
noaa,VGG2k / no AA,r21vgg2k_vgg16_bn_s42,face_transfer,124,two_cross,RFW WM64,Houses,0.37,0.39,50,within_sampled_range,UI,127,75.0,runs/yin_latest_vgg_20260927/transfer/results/r21vgg2k_vgg16_bn_s42/faces_rfwWM64/houses_yin64/results.csv,UI_cross
noaa,VGG2k / no AA,r21vgg2k_vgg16_bn_s42,face_transfer,124,two_cross,RFW WM64,Houses,0.37,0.39,50,within_sampled_range,UI,128,79.16666666666666,runs/yin_latest_vgg_20260927/transfer/results/r21vgg2k_vgg16_bn_s42/faces_rfwWM64/houses_yin64/results.csv,UI_cross
noaa,VGG2k / no AA,r21vgg2k_vgg16_bn_s42,face_transfer,124,two_cross,RFW WM64,Houses,0.37,0.39,50,within_sampled_range,UI,129,66.66666666666666,runs/yin_latest_vgg_20260927/transfer/results/r21vgg2k_vgg16_bn_s42/faces_rfwWM64/houses_yin64/results.csv,UI_cross
noaa,VGG2k / no AA,r21vgg2k_vgg16_bn_s42,face_transfer,124,two_cross,RFW WM64,Houses,0.37,0.39,50,within_sampled_range,UI,130,75.0,runs/yin_latest_vgg_20260927/transfer/results/r21vgg2k_vgg16_bn_s42/faces_rfwWM64/houses_yin64/results.csv,UI_cross
noaa,VGG2k / no AA,r21vgg2k_vgg16_bn_s42,face_transfer,124,two_cross,RFW WM64,Houses,0.37,0.39,50,within_sampled_range,UI,131,70.83333333333334,runs/yin_latest_vgg_20260927/transfer/results/r21vgg2k_vgg16_bn_s42/faces_rfwWM64/houses_yin64/results.csv,UI_cross
noaa,VGG2k / no AA,r21vgg2k_vgg16_bn_s42,face_transfer,124,two_cross,RFW WM64,Houses,0.37,0.39,50,within_sampled_range,UI,132,70.83333333333334,runs/yin_latest_vgg_20260927/transfer/results/r21vgg2k_vgg16_bn_s42/faces_rfwWM64/houses_yin64/results.csv,UI_cross
noaa,VGG2k / no AA,r21vgg2k_vgg16_bn_s42,face_transfer,124,two_cross,RFW WM64,Houses,0.37,0.39,50,within_sampled_range,UI,133,66.66666666666666,runs/yin_latest_vgg_20260927/transfer/results/r21vgg2k_vgg16_bn_s42/faces_rfwWM64/houses_yin64/results.csv,UI_cross
noaa,VGG2k / no AA,r21vgg2k_vgg16_bn_s42,face_transfer,124,two_cross,RFW WM64,Houses,0.37,0.39,50,within_sampled_range,UI,134,75.0,runs/yin_latest_vgg_20260927/transfer/results/r21vgg2k_vgg16_bn_s42/faces_rfwWM64/houses_yin64/results.csv,UI_cross
noaa,VGG2k / no AA,r21vgg2k_vgg16_bn_s42,face_transfer,124,two_cross,RFW WM64,Houses,0.37,0.39,50,within_sampled_range,UI,135,66.66666666666666,runs/yin_latest_vgg_20260927/transfer/results/r21vgg2k_vgg16_bn_s42/faces_rfwWM64/houses_yin64/results.csv,UI_cross
noaa,VGG2k / no AA,r21vgg2k_vgg16_bn_s42,face_transfer,124,two_cross,RFW WM64,Houses,0.37,0.39,50,within_sampled_range,UI,136,75.0,runs/yin_latest_vgg_20260927/transfer/results/r21vgg2k_vgg16_bn_s42/faces_rfwWM64/houses_yin64/results.csv,UI_cross
noaa,VGG2k / no AA,r21vgg2k_vgg16_bn_s42,face_transfer,124,two_cross,RFW WM64,Houses,0.37,0.39,50,within_sampled_range,UI,137,58.333333333333336,runs/yin_latest_vgg_20260927/transfer/results/r21vgg2k_vgg16_bn_s42/faces_rfwWM64/houses_yin64/results.csv,UI_cross
noaa,VGG2k / no AA,r21vgg2k_vgg16_bn_s42,face_transfer,124,two_cross,RFW WM64,Houses,0.37,0.39,50,within_sampled_range,UI,138,58.333333333333336,runs/yin_latest_vgg_20260927/transfer/results/r21vgg2k_vgg16_bn_s42/faces_rfwWM64/houses_yin64/results.csv,UI_cross
noaa,VGG2k / no AA,r21vgg2k_vgg16_bn_s42,face_transfer,124,two_cross,RFW WM64,Houses,0.37,0.39,50,within_sampled_range,UI,139,70.83333333333334,runs/yin_latest_vgg_20260927/transfer/results/r21vgg2k_vgg16_bn_s42/faces_rfwWM64/houses_yin64/results.csv,UI_cross
noaa,VGG2k / no AA,r21vgg2k_vgg16_bn_s42,face_transfer,124,two_cross,RFW WM64,Houses,0.37,0.39,50,within_sampled_range,UI,140,79.16666666666666,runs/yin_latest_vgg_20260927/transfer/results/r21vgg2k_vgg16_bn_s42/faces_rfwWM64/houses_yin64/results.csv,UI_cross
noaa,VGG2k / no AA,r21vgg2k_vgg16_bn_s42,face_transfer,124,two_cross,RFW WM64,Houses,0.37,0.39,50,within_sampled_range,UI,141,75.0,runs/yin_latest_vgg_20260927/transfer/results/r21vgg2k_vgg16_bn_s42/faces_rfwWM64/houses_yin64/results.csv,UI_cross
noaa,VGG2k / no AA,r21vgg2k_vgg16_bn_s42,face_transfer,124,two_cross,RFW WM64,Houses,0.37,0.39,50,within_sampled_range,UI,142,70.83333333333334,runs/yin_latest_vgg_20260927/transfer/results/r21vgg2k_vgg16_bn_s42/faces_rfwWM64/houses_yin64/results.csv,UI_cross
noaa,VGG2k / no AA,r21vgg2k_vgg16_bn_s42,face_transfer,124,two_cross,RFW WM64,Houses,0.37,0.39,50,within_sampled_range,UI,143,66.66666666666666,runs/yin_latest_vgg_20260927/transfer/results/r21vgg2k_vgg16_bn_s42/faces_rfwWM64/houses_yin64/results.csv,UI_cross
noaa,VGG2k / no AA,r21vgg2k_vgg16_bn_s42,face_transfer,124,two_cross,RFW WM64,Houses,0.37,0.39,50,within_sampled_range,UI,144,54.166666666666664,runs/yin_latest_vgg_20260927/transfer/results/r21vgg2k_vgg16_bn_s42/faces_rfwWM64/houses_yin64/results.csv,UI_cross
noaa,VGG2k / no AA,r21vgg2k_vgg16_bn_s42,face_transfer,124,two_cross,RFW WM64,Houses,0.37,0.39,50,within_sampled_range,UI,145,66.66666666666666,runs/yin_latest_vgg_20260927/transfer/results/r21vgg2k_vgg16_bn_s42/faces_rfwWM64/houses_yin64/results.csv,UI_cross
noaa,VGG2k / no AA,r21vgg2k_vgg16_bn_s42,face_transfer,124,two_cross,RFW WM64,Houses,0.37,0.39,50,within_sampled_range,UI,146,66.66666666666666,runs/yin_latest_vgg_20260927/transfer/results/r21vgg2k_vgg16_bn_s42/faces_rfwWM64/houses_yin64/results.csv,UI_cross
noaa,VGG2k / no AA,r21vgg2k_vgg16_bn_s42,face_transfer,124,two_cross,RFW WM64,Houses,0.37,0.39,50,within_sampled_range,UI,147,58.333333333333336,runs/yin_latest_vgg_20260927/transfer/results/r21vgg2k_vgg16_bn_s42/faces_rfwWM64/houses_yin64/results.csv,UI_cross
noaa,VGG2k / no AA,r21vgg2k_vgg16_bn_s42,face_transfer,124,two_cross,RFW WM64,Houses,0.37,0.39,50,within_sampled_range,UI,148,66.66666666666666,runs/yin_latest_vgg_20260927/transfer/results/r21vgg2k_vgg16_bn_s42/faces_rfwWM64/houses_yin64/results.csv,UI_cross
noaa,VGG2k / no AA,r21vgg2k_vgg16_bn_s42,face_transfer,124,two_cross,RFW WM64,Houses,0.37,0.39,50,within_sampled_range,UI,149,58.333333333333336,runs/yin_latest_vgg_20260927/transfer/results/r21vgg2k_vgg16_bn_s42/faces_rfwWM64/houses_yin64/results.csv,UI_cross
noaa,VGG2k / no AA,r21vgg2k_vgg16_bn_s42,face_transfer,124,two_cross,RFW WM64,Houses,0.37,0.39,50,within_sampled_range,UI,150,83.33333333333334,runs/yin_latest_vgg_20260927/transfer/results/r21vgg2k_vgg16_bn_s42/faces_rfwWM64/houses_yin64/results.csv,UI_cross
noaa,VGG2k / no AA,r21vgg2k_vgg16_bn_s42,face_transfer,124,two_cross,RFW WM64,Houses,0.37,0.39,50,within_sampled_range,IU,101,70.83333333333334,runs/yin_latest_vgg_20260927/transfer/results/r21vgg2k_vgg16_bn_s42/faces_rfwWM64/houses_yin64/results.csv,IU
noaa,VGG2k / no AA,r21vgg2k_vgg16_bn_s42,face_transfer,124,two_cross,RFW WM64,Houses,0.37,0.39,50,within_sampled_range,IU,102,66.66666666666666,runs/yin_latest_vgg_20260927/transfer/results/r21vgg2k_vgg16_bn_s42/faces_rfwWM64/houses_yin64/results.csv,IU
noaa,VGG2k / no AA,r21vgg2k_vgg16_bn_s42,face_transfer,124,two_cross,RFW WM64,Houses,0.37,0.39,50,within_sampled_range,IU,103,66.66666666666666,runs/yin_latest_vgg_20260927/transfer/results/r21vgg2k_vgg16_bn_s42/faces_rfwWM64/houses_yin64/results.csv,IU
noaa,VGG2k / no AA,r21vgg2k_vgg16_bn_s42,face_transfer,124,two_cross,RFW WM64,Houses,0.37,0.39,50,within_sampled_range,IU,104,54.166666666666664,runs/yin_latest_vgg_20260927/transfer/results/r21vgg2k_vgg16_bn_s42/faces_rfwWM64/houses_yin64/results.csv,IU
noaa,VGG2k / no AA,r21vgg2k_vgg16_bn_s42,face_transfer,124,two_cross,RFW WM64,Houses,0.37,0.39,50,within_sampled_range,IU,105,66.66666666666666,runs/yin_latest_vgg_20260927/transfer/results/r21vgg2k_vgg16_bn_s42/faces_rfwWM64/houses_yin64/results.csv,IU
noaa,VGG2k / no AA,r21vgg2k_vgg16_bn_s42,face_transfer,124,two_cross,RFW WM64,Houses,0.37,0.39,50,within_sampled_range,IU,106,62.5,runs/yin_latest_vgg_20260927/transfer/results/r21vgg2k_vgg16_bn_s42/faces_rfwWM64/houses_yin64/results.csv,IU
noaa,VGG2k / no AA,r21vgg2k_vgg16_bn_s42,face_transfer,124,two_cross,RFW WM64,Houses,0.37,0.39,50,within_sampled_range,IU,107,62.5,runs/yin_latest_vgg_20260927/transfer/results/r21vgg2k_vgg16_bn_s42/faces_rfwWM64/houses_yin64/results.csv,IU
noaa,VGG2k / no AA,r21vgg2k_vgg16_bn_s42,face_transfer,124,two_cross,RFW WM64,Houses,0.37,0.39,50,within_sampled_range,IU,108,54.166666666666664,runs/yin_latest_vgg_20260927/transfer/results/r21vgg2k_vgg16_bn_s42/faces_rfwWM64/houses_yin64/results.csv,IU
noaa,VGG2k / no AA,r21vgg2k_vgg16_bn_s42,face_transfer,124,two_cross,RFW WM64,Houses,0.37,0.39,50,within_sampled_range,IU,109,58.333333333333336,runs/yin_latest_vgg_20260927/transfer/results/r21vgg2k_vgg16_bn_s42/faces_rfwWM64/houses_yin64/results.csv,IU
noaa,VGG2k / no AA,r21vgg2k_vgg16_bn_s42,face_transfer,124,two_cross,RFW WM64,Houses,0.37,0.39,50,within_sampled_range,IU,110,54.166666666666664,runs/yin_latest_vgg_20260927/transfer/results/r21vgg2k_vgg16_bn_s42/faces_rfwWM64/houses_yin64/results.csv,IU
noaa,VGG2k / no AA,r21vgg2k_vgg16_bn_s42,face_transfer,124,two_cross,RFW WM64,Houses,0.37,0.39,50,within_sampled_range,IU,111,58.333333333333336,runs/yin_latest_vgg_20260927/transfer/results/r21vgg2k_vgg16_bn_s42/faces_rfwWM64/houses_yin64/results.csv,IU
noaa,VGG2k / no AA,r21vgg2k_vgg16_bn_s42,face_transfer,124,two_cross,RFW WM64,Houses,0.37,0.39,50,within_sampled_range,IU,112,62.5,runs/yin_latest_vgg_20260927/transfer/results/r21vgg2k_vgg16_bn_s42/faces_rfwWM64/houses_yin64/results.csv,IU
noaa,VGG2k / no AA,r21vgg2k_vgg16_bn_s42,face_transfer,124,two_cross,RFW WM64,Houses,0.37,0.39,50,within_sampled_range,IU,113,70.83333333333334,runs/yin_latest_vgg_20260927/transfer/results/r21vgg2k_vgg16_bn_s42/faces_rfwWM64/houses_yin64/results.csv,IU
noaa,VGG2k / no AA,r21vgg2k_vgg16_bn_s42,face_transfer,124,two_cross,RFW WM64,Houses,0.37,0.39,50,within_sampled_range,IU,114,75.0,runs/yin_latest_vgg_20260927/transfer/results/r21vgg2k_vgg16_bn_s42/faces_rfwWM64/houses_yin64/results.csv,IU
noaa,VGG2k / no AA,r21vgg2k_vgg16_bn_s42,face_transfer,124,two_cross,RFW WM64,Houses,0.37,0.39,50,within_sampled_range,IU,115,70.83333333333334,runs/yin_latest_vgg_20260927/transfer/results/r21vgg2k_vgg16_bn_s42/faces_rfwWM64/houses_yin64/results.csv,IU
noaa,VGG2k / no AA,r21vgg2k_vgg16_bn_s42,face_transfer,124,two_cross,RFW WM64,Houses,0.37,0.39,50,within_sampled_range,IU,116,62.5,runs/yin_latest_vgg_20260927/transfer/results/r21vgg2k_vgg16_bn_s42/faces_rfwWM64/houses_yin64/results.csv,IU
noaa,VGG2k / no AA,r21vgg2k_vgg16_bn_s42,face_transfer,124,two_cross,RFW WM64,Houses,0.37,0.39,50,within_sampled_range,IU,117,75.0,runs/yin_latest_vgg_20260927/transfer/results/r21vgg2k_vgg16_bn_s42/faces_rfwWM64/houses_yin64/results.csv,IU
noaa,VGG2k / no AA,r21vgg2k_vgg16_bn_s42,face_transfer,124,two_cross,RFW WM64,Houses,0.37,0.39,50,within_sampled_range,IU,118,75.0,runs/yin_latest_vgg_20260927/transfer/results/r21vgg2k_vgg16_bn_s42/faces_rfwWM64/houses_yin64/results.csv,IU
noaa,VGG2k / no AA,r21vgg2k_vgg16_bn_s42,face_transfer,124,two_cross,RFW WM64,Houses,0.37,0.39,50,within_sampled_range,IU,119,45.83333333333333,runs/yin_latest_vgg_20260927/transfer/results/r21vgg2k_vgg16_bn_s42/faces_rfwWM64/houses_yin64/results.csv,IU
noaa,VGG2k / no AA,r21vgg2k_vgg16_bn_s42,face_transfer,124,two_cross,RFW WM64,Houses,0.37,0.39,50,within_sampled_range,IU,120,62.5,runs/yin_latest_vgg_20260927/transfer/results/r21vgg2k_vgg16_bn_s42/faces_rfwWM64/houses_yin64/results.csv,IU
noaa,VGG2k / no AA,r21vgg2k_vgg16_bn_s42,face_transfer,124,two_cross,RFW WM64,Houses,0.37,0.39,50,within_sampled_range,IU,121,66.66666666666666,runs/yin_latest_vgg_20260927/transfer/results/r21vgg2k_vgg16_bn_s42/faces_rfwWM64/houses_yin64/results.csv,IU
noaa,VGG2k / no AA,r21vgg2k_vgg16_bn_s42,face_transfer,124,two_cross,RFW WM64,Houses,0.37,0.39,50,within_sampled_range,IU,122,58.333333333333336,runs/yin_latest_vgg_20260927/transfer/results/r21vgg2k_vgg16_bn_s42/faces_rfwWM64/houses_yin64/results.csv,IU
noaa,VGG2k / no AA,r21vgg2k_vgg16_bn_s42,face_transfer,124,two_cross,RFW WM64,Houses,0.37,0.39,50,within_sampled_range,IU,123,70.83333333333334,runs/yin_latest_vgg_20260927/transfer/results/r21vgg2k_vgg16_bn_s42/faces_rfwWM64/houses_yin64/results.csv,IU
noaa,VGG2k / no AA,r21vgg2k_vgg16_bn_s42,face_transfer,124,two_cross,RFW WM64,Houses,0.37,0.39,50,within_sampled_range,IU,124,54.166666666666664,runs/yin_latest_vgg_20260927/transfer/results/r21vgg2k_vgg16_bn_s42/faces_rfwWM64/houses_yin64/results.csv,IU
noaa,VGG2k / no AA,r21vgg2k_vgg16_bn_s42,face_transfer,124,two_cross,RFW WM64,Houses,0.37,0.39,50,within_sampled_range,IU,125,79.16666666666666,runs/yin_latest_vgg_20260927/transfer/results/r21vgg2k_vgg16_bn_s42/faces_rfwWM64/houses_yin64/results.csv,IU
noaa,VGG2k / no AA,r21vgg2k_vgg16_bn_s42,face_transfer,124,two_cross,RFW WM64,Houses,0.37,0.39,50,within_sampled_range,IU,126,79.16666666666666,runs/yin_latest_vgg_20260927/transfer/results/r21vgg2k_vgg16_bn_s42/faces_rfwWM64/houses_yin64/results.csv,IU
noaa,VGG2k / no AA,r21vgg2k_vgg16_bn_s42,face_transfer,124,two_cross,RFW WM64,Houses,0.37,0.39,50,within_sampled_range,IU,127,70.83333333333334,runs/yin_latest_vgg_20260927/transfer/results/r21vgg2k_vgg16_bn_s42/faces_rfwWM64/houses_yin64/results.csv,IU
noaa,VGG2k / no AA,r21vgg2k_vgg16_bn_s42,face_transfer,124,two_cross,RFW WM64,Houses,0.37,0.39,50,within_sampled_range,IU,128,75.0,runs/yin_latest_vgg_20260927/transfer/results/r21vgg2k_vgg16_bn_s42/faces_rfwWM64/houses_yin64/results.csv,IU
noaa,VGG2k / no AA,r21vgg2k_vgg16_bn_s42,face_transfer,124,two_cross,RFW WM64,Houses,0.37,0.39,50,within_sampled_range,IU,129,70.83333333333334,runs/yin_latest_vgg_20260927/transfer/results/r21vgg2k_vgg16_bn_s42/faces_rfwWM64/houses_yin64/results.csv,IU
noaa,VGG2k / no AA,r21vgg2k_vgg16_bn_s42,face_transfer,124,two_cross,RFW WM64,Houses,0.37,0.39,50,within_sampled_range,IU,130,66.66666666666666,runs/yin_latest_vgg_20260927/transfer/results/r21vgg2k_vgg16_bn_s42/faces_rfwWM64/houses_yin64/results.csv,IU
noaa,VGG2k / no AA,r21vgg2k_vgg16_bn_s42,face_transfer,124,two_cross,RFW WM64,Houses,0.37,0.39,50,within_sampled_range,IU,131,50.0,runs/yin_latest_vgg_20260927/transfer/results/r21vgg2k_vgg16_bn_s42/faces_rfwWM64/houses_yin64/results.csv,IU
noaa,VGG2k / no AA,r21vgg2k_vgg16_bn_s42,face_transfer,124,two_cross,RFW WM64,Houses,0.37,0.39,50,within_sampled_range,IU,132,54.166666666666664,runs/yin_latest_vgg_20260927/transfer/results/r21vgg2k_vgg16_bn_s42/faces_rfwWM64/houses_yin64/results.csv,IU
noaa,VGG2k / no AA,r21vgg2k_vgg16_bn_s42,face_transfer,124,two_cross,RFW WM64,Houses,0.37,0.39,50,within_sampled_range,IU,133,79.16666666666666,runs/yin_latest_vgg_20260927/transfer/results/r21vgg2k_vgg16_bn_s42/faces_rfwWM64/houses_yin64/results.csv,IU
noaa,VGG2k / no AA,r21vgg2k_vgg16_bn_s42,face_transfer,124,two_cross,RFW WM64,Houses,0.37,0.39,50,within_sampled_range,IU,134,79.16666666666666,runs/yin_latest_vgg_20260927/transfer/results/r21vgg2k_vgg16_bn_s42/faces_rfwWM64/houses_yin64/results.csv,IU
noaa,VGG2k / no AA,r21vgg2k_vgg16_bn_s42,face_transfer,124,two_cross,RFW WM64,Houses,0.37,0.39,50,within_sampled_range,IU,135,62.5,runs/yin_latest_vgg_20260927/transfer/results/r21vgg2k_vgg16_bn_s42/faces_rfwWM64/houses_yin64/results.csv,IU
noaa,VGG2k / no AA,r21vgg2k_vgg16_bn_s42,face_transfer,124,two_cross,RFW WM64,Houses,0.37,0.39,50,within_sampled_range,IU,136,66.66666666666666,runs/yin_latest_vgg_20260927/transfer/results/r21vgg2k_vgg16_bn_s42/faces_rfwWM64/houses_yin64/results.csv,IU
noaa,VGG2k / no AA,r21vgg2k_vgg16_bn_s42,face_transfer,124,two_cross,RFW WM64,Houses,0.37,0.39,50,within_sampled_range,IU,137,79.16666666666666,runs/yin_latest_vgg_20260927/transfer/results/r21vgg2k_vgg16_bn_s42/faces_rfwWM64/houses_yin64/results.csv,IU
noaa,VGG2k / no AA,r21vgg2k_vgg16_bn_s42,face_transfer,124,two_cross,RFW WM64,Houses,0.37,0.39,50,within_sampled_range,IU,138,70.83333333333334,runs/yin_latest_vgg_20260927/transfer/results/r21vgg2k_vgg16_bn_s42/faces_rfwWM64/houses_yin64/results.csv,IU
noaa,VGG2k / no AA,r21vgg2k_vgg16_bn_s42,face_transfer,124,two_cross,RFW WM64,Houses,0.37,0.39,50,within_sampled_range,IU,139,75.0,runs/yin_latest_vgg_20260927/transfer/results/r21vgg2k_vgg16_bn_s42/faces_rfwWM64/houses_yin64/results.csv,IU
noaa,VGG2k / no AA,r21vgg2k_vgg16_bn_s42,face_transfer,124,two_cross,RFW WM64,Houses,0.37,0.39,50,within_sampled_range,IU,140,62.5,runs/yin_latest_vgg_20260927/transfer/results/r21vgg2k_vgg16_bn_s42/faces_rfwWM64/houses_yin64/results.csv,IU
noaa,VGG2k / no AA,r21vgg2k_vgg16_bn_s42,face_transfer,124,two_cross,RFW WM64,Houses,0.37,0.39,50,within_sampled_range,IU,141,62.5,runs/yin_latest_vgg_20260927/transfer/results/r21vgg2k_vgg16_bn_s42/faces_rfwWM64/houses_yin64/results.csv,IU
noaa,VGG2k / no AA,r21vgg2k_vgg16_bn_s42,face_transfer,124,two_cross,RFW WM64,Houses,0.37,0.39,50,within_sampled_range,IU,142,58.333333333333336,runs/yin_latest_vgg_20260927/transfer/results/r21vgg2k_vgg16_bn_s42/faces_rfwWM64/houses_yin64/results.csv,IU
noaa,VGG2k / no AA,r21vgg2k_vgg16_bn_s42,face_transfer,124,two_cross,RFW WM64,Houses,0.37,0.39,50,within_sampled_range,IU,143,75.0,runs/yin_latest_vgg_20260927/transfer/results/r21vgg2k_vgg16_bn_s42/faces_rfwWM64/houses_yin64/results.csv,IU
noaa,VGG2k / no AA,r21vgg2k_vgg16_bn_s42,face_transfer,124,two_cross,RFW WM64,Houses,0.37,0.39,50,within_sampled_range,IU,144,75.0,runs/yin_latest_vgg_20260927/transfer/results/r21vgg2k_vgg16_bn_s42/faces_rfwWM64/houses_yin64/results.csv,IU
noaa,VGG2k / no AA,r21vgg2k_vgg16_bn_s42,face_transfer,124,two_cross,RFW WM64,Houses,0.37,0.39,50,within_sampled_range,IU,145,83.33333333333334,runs/yin_latest_vgg_20260927/transfer/results/r21vgg2k_vgg16_bn_s42/faces_rfwWM64/houses_yin64/results.csv,IU
noaa,VGG2k / no AA,r21vgg2k_vgg16_bn_s42,face_transfer,124,two_cross,RFW WM64,Houses,0.37,0.39,50,within_sampled_range,IU,146,58.333333333333336,runs/yin_latest_vgg_20260927/transfer/results/r21vgg2k_vgg16_bn_s42/faces_rfwWM64/houses_yin64/results.csv,IU
noaa,VGG2k / no AA,r21vgg2k_vgg16_bn_s42,face_transfer,124,two_cross,RFW WM64,Houses,0.37,0.39,50,within_sampled_range,IU,147,66.66666666666666,runs/yin_latest_vgg_20260927/transfer/results/r21vgg2k_vgg16_bn_s42/faces_rfwWM64/houses_yin64/results.csv,IU
noaa,VGG2k / no AA,r21vgg2k_vgg16_bn_s42,face_transfer,124,two_cross,RFW WM64,Houses,0.37,0.39,50,within_sampled_range,IU,148,62.5,runs/yin_latest_vgg_20260927/transfer/results/r21vgg2k_vgg16_bn_s42/faces_rfwWM64/houses_yin64/results.csv,IU
noaa,VGG2k / no AA,r21vgg2k_vgg16_bn_s42,face_transfer,124,two_cross,RFW WM64,Houses,0.37,0.39,50,within_sampled_range,IU,149,66.66666666666666,runs/yin_latest_vgg_20260927/transfer/results/r21vgg2k_vgg16_bn_s42/faces_rfwWM64/houses_yin64/results.csv,IU
noaa,VGG2k / no AA,r21vgg2k_vgg16_bn_s42,face_transfer,124,two_cross,RFW WM64,Houses,0.37,0.39,50,within_sampled_range,IU,150,70.83333333333334,runs/yin_latest_vgg_20260927/transfer/results/r21vgg2k_vgg16_bn_s42/faces_rfwWM64/houses_yin64/results.csv,IU
noaa,VGG2k / no AA,r21vgg2k_vgg16_bn_s42,face_transfer,124,two_shared_ui,RFW WM64,Houses,0.37,0.39,50,within_sampled_range,UU,101,70.83333333333334,runs/yin_latest_vgg_20260927/transfer/results/r21vgg2k_vgg16_bn_s42/faces_rfwWM64/houses_yin64/results.csv,UU
noaa,VGG2k / no AA,r21vgg2k_vgg16_bn_s42,face_transfer,124,two_shared_ui,RFW WM64,Houses,0.37,0.39,50,within_sampled_range,UU,102,91.66666666666666,runs/yin_latest_vgg_20260927/transfer/results/r21vgg2k_vgg16_bn_s42/faces_rfwWM64/houses_yin64/results.csv,UU
noaa,VGG2k / no AA,r21vgg2k_vgg16_bn_s42,face_transfer,124,two_shared_ui,RFW WM64,Houses,0.37,0.39,50,within_sampled_range,UU,103,79.16666666666666,runs/yin_latest_vgg_20260927/transfer/results/r21vgg2k_vgg16_bn_s42/faces_rfwWM64/houses_yin64/results.csv,UU
noaa,VGG2k / no AA,r21vgg2k_vgg16_bn_s42,face_transfer,124,two_shared_ui,RFW WM64,Houses,0.37,0.39,50,within_sampled_range,UU,104,75.0,runs/yin_latest_vgg_20260927/transfer/results/r21vgg2k_vgg16_bn_s42/faces_rfwWM64/houses_yin64/results.csv,UU
noaa,VGG2k / no AA,r21vgg2k_vgg16_bn_s42,face_transfer,124,two_shared_ui,RFW WM64,Houses,0.37,0.39,50,within_sampled_range,UU,105,66.66666666666666,runs/yin_latest_vgg_20260927/transfer/results/r21vgg2k_vgg16_bn_s42/faces_rfwWM64/houses_yin64/results.csv,UU
noaa,VGG2k / no AA,r21vgg2k_vgg16_bn_s42,face_transfer,124,two_shared_ui,RFW WM64,Houses,0.37,0.39,50,within_sampled_range,UU,106,70.83333333333334,runs/yin_latest_vgg_20260927/transfer/results/r21vgg2k_vgg16_bn_s42/faces_rfwWM64/houses_yin64/results.csv,UU
noaa,VGG2k / no AA,r21vgg2k_vgg16_bn_s42,face_transfer,124,two_shared_ui,RFW WM64,Houses,0.37,0.39,50,within_sampled_range,UU,107,75.0,runs/yin_latest_vgg_20260927/transfer/results/r21vgg2k_vgg16_bn_s42/faces_rfwWM64/houses_yin64/results.csv,UU
noaa,VGG2k / no AA,r21vgg2k_vgg16_bn_s42,face_transfer,124,two_shared_ui,RFW WM64,Houses,0.37,0.39,50,within_sampled_range,UU,108,75.0,runs/yin_latest_vgg_20260927/transfer/results/r21vgg2k_vgg16_bn_s42/faces_rfwWM64/houses_yin64/results.csv,UU
noaa,VGG2k / no AA,r21vgg2k_vgg16_bn_s42,face_transfer,124,two_shared_ui,RFW WM64,Houses,0.37,0.39,50,within_sampled_range,UU,109,54.166666666666664,runs/yin_latest_vgg_20260927/transfer/results/r21vgg2k_vgg16_bn_s42/faces_rfwWM64/houses_yin64/results.csv,UU
noaa,VGG2k / no AA,r21vgg2k_vgg16_bn_s42,face_transfer,124,two_shared_ui,RFW WM64,Houses,0.37,0.39,50,within_sampled_range,UU,110,58.333333333333336,runs/yin_latest_vgg_20260927/transfer/results/r21vgg2k_vgg16_bn_s42/faces_rfwWM64/houses_yin64/results.csv,UU
noaa,VGG2k / no AA,r21vgg2k_vgg16_bn_s42,face_transfer,124,two_shared_ui,RFW WM64,Houses,0.37,0.39,50,within_sampled_range,UU,111,66.66666666666666,runs/yin_latest_vgg_20260927/transfer/results/r21vgg2k_vgg16_bn_s42/faces_rfwWM64/houses_yin64/results.csv,UU
noaa,VGG2k / no AA,r21vgg2k_vgg16_bn_s42,face_transfer,124,two_shared_ui,RFW WM64,Houses,0.37,0.39,50,within_sampled_range,UU,112,70.83333333333334,runs/yin_latest_vgg_20260927/transfer/results/r21vgg2k_vgg16_bn_s42/faces_rfwWM64/houses_yin64/results.csv,UU
noaa,VGG2k / no AA,r21vgg2k_vgg16_bn_s42,face_transfer,124,two_shared_ui,RFW WM64,Houses,0.37,0.39,50,within_sampled_range,UU,113,70.83333333333334,runs/yin_latest_vgg_20260927/transfer/results/r21vgg2k_vgg16_bn_s42/faces_rfwWM64/houses_yin64/results.csv,UU
noaa,VGG2k / no AA,r21vgg2k_vgg16_bn_s42,face_transfer,124,two_shared_ui,RFW WM64,Houses,0.37,0.39,50,within_sampled_range,UU,114,79.16666666666666,runs/yin_latest_vgg_20260927/transfer/results/r21vgg2k_vgg16_bn_s42/faces_rfwWM64/houses_yin64/results.csv,UU
noaa,VGG2k / no AA,r21vgg2k_vgg16_bn_s42,face_transfer,124,two_shared_ui,RFW WM64,Houses,0.37,0.39,50,within_sampled_range,UU,115,58.333333333333336,runs/yin_latest_vgg_20260927/transfer/results/r21vgg2k_vgg16_bn_s42/faces_rfwWM64/houses_yin64/results.csv,UU
noaa,VGG2k / no AA,r21vgg2k_vgg16_bn_s42,face_transfer,124,two_shared_ui,RFW WM64,Houses,0.37,0.39,50,within_sampled_range,UU,116,62.5,runs/yin_latest_vgg_20260927/transfer/results/r21vgg2k_vgg16_bn_s42/faces_rfwWM64/houses_yin64/results.csv,UU
noaa,VGG2k / no AA,r21vgg2k_vgg16_bn_s42,face_transfer,124,two_shared_ui,RFW WM64,Houses,0.37,0.39,50,within_sampled_range,UU,117,79.16666666666666,runs/yin_latest_vgg_20260927/transfer/results/r21vgg2k_vgg16_bn_s42/faces_rfwWM64/houses_yin64/results.csv,UU
noaa,VGG2k / no AA,r21vgg2k_vgg16_bn_s42,face_transfer,124,two_shared_ui,RFW WM64,Houses,0.37,0.39,50,within_sampled_range,UU,118,66.66666666666666,runs/yin_latest_vgg_20260927/transfer/results/r21vgg2k_vgg16_bn_s42/faces_rfwWM64/houses_yin64/results.csv,UU
noaa,VGG2k / no AA,r21vgg2k_vgg16_bn_s42,face_transfer,124,two_shared_ui,RFW WM64,Houses,0.37,0.39,50,within_sampled_range,UU,119,58.333333333333336,runs/yin_latest_vgg_20260927/transfer/results/r21vgg2k_vgg16_bn_s42/faces_rfwWM64/houses_yin64/results.csv,UU
noaa,VGG2k / no AA,r21vgg2k_vgg16_bn_s42,face_transfer,124,two_shared_ui,RFW WM64,Houses,0.37,0.39,50,within_sampled_range,UU,120,62.5,runs/yin_latest_vgg_20260927/transfer/results/r21vgg2k_vgg16_bn_s42/faces_rfwWM64/houses_yin64/results.csv,UU
noaa,VGG2k / no AA,r21vgg2k_vgg16_bn_s42,face_transfer,124,two_shared_ui,RFW WM64,Houses,0.37,0.39,50,within_sampled_range,UU,121,58.333333333333336,runs/yin_latest_vgg_20260927/transfer/results/r21vgg2k_vgg16_bn_s42/faces_rfwWM64/houses_yin64/results.csv,UU
noaa,VGG2k / no AA,r21vgg2k_vgg16_bn_s42,face_transfer,124,two_shared_ui,RFW WM64,Houses,0.37,0.39,50,within_sampled_range,UU,122,66.66666666666666,runs/yin_latest_vgg_20260927/transfer/results/r21vgg2k_vgg16_bn_s42/faces_rfwWM64/houses_yin64/results.csv,UU
noaa,VGG2k / no AA,r21vgg2k_vgg16_bn_s42,face_transfer,124,two_shared_ui,RFW WM64,Houses,0.37,0.39,50,within_sampled_range,UU,123,66.66666666666666,runs/yin_latest_vgg_20260927/transfer/results/r21vgg2k_vgg16_bn_s42/faces_rfwWM64/houses_yin64/results.csv,UU
noaa,VGG2k / no AA,r21vgg2k_vgg16_bn_s42,face_transfer,124,two_shared_ui,RFW WM64,Houses,0.37,0.39,50,within_sampled_range,UU,124,75.0,runs/yin_latest_vgg_20260927/transfer/results/r21vgg2k_vgg16_bn_s42/faces_rfwWM64/houses_yin64/results.csv,UU
noaa,VGG2k / no AA,r21vgg2k_vgg16_bn_s42,face_transfer,124,two_shared_ui,RFW WM64,Houses,0.37,0.39,50,within_sampled_range,UU,125,66.66666666666666,runs/yin_latest_vgg_20260927/transfer/results/r21vgg2k_vgg16_bn_s42/faces_rfwWM64/houses_yin64/results.csv,UU
noaa,VGG2k / no AA,r21vgg2k_vgg16_bn_s42,face_transfer,124,two_shared_ui,RFW WM64,Houses,0.37,0.39,50,within_sampled_range,UU,126,62.5,runs/yin_latest_vgg_20260927/transfer/results/r21vgg2k_vgg16_bn_s42/faces_rfwWM64/houses_yin64/results.csv,UU
noaa,VGG2k / no AA,r21vgg2k_vgg16_bn_s42,face_transfer,124,two_shared_ui,RFW WM64,Houses,0.37,0.39,50,within_sampled_range,UU,127,70.83333333333334,runs/yin_latest_vgg_20260927/transfer/results/r21vgg2k_vgg16_bn_s42/faces_rfwWM64/houses_yin64/results.csv,UU
noaa,VGG2k / no AA,r21vgg2k_vgg16_bn_s42,face_transfer,124,two_shared_ui,RFW WM64,Houses,0.37,0.39,50,within_sampled_range,UU,128,70.83333333333334,runs/yin_latest_vgg_20260927/transfer/results/r21vgg2k_vgg16_bn_s42/faces_rfwWM64/houses_yin64/results.csv,UU
noaa,VGG2k / no AA,r21vgg2k_vgg16_bn_s42,face_transfer,124,two_shared_ui,RFW WM64,Houses,0.37,0.39,50,within_sampled_range,UU,129,70.83333333333334,runs/yin_latest_vgg_20260927/transfer/results/r21vgg2k_vgg16_bn_s42/faces_rfwWM64/houses_yin64/results.csv,UU
noaa,VGG2k / no AA,r21vgg2k_vgg16_bn_s42,face_transfer,124,two_shared_ui,RFW WM64,Houses,0.37,0.39,50,within_sampled_range,UU,130,75.0,runs/yin_latest_vgg_20260927/transfer/results/r21vgg2k_vgg16_bn_s42/faces_rfwWM64/houses_yin64/results.csv,UU
noaa,VGG2k / no AA,r21vgg2k_vgg16_bn_s42,face_transfer,124,two_shared_ui,RFW WM64,Houses,0.37,0.39,50,within_sampled_range,UU,131,79.16666666666666,runs/yin_latest_vgg_20260927/transfer/results/r21vgg2k_vgg16_bn_s42/faces_rfwWM64/houses_yin64/results.csv,UU
noaa,VGG2k / no AA,r21vgg2k_vgg16_bn_s42,face_transfer,124,two_shared_ui,RFW WM64,Houses,0.37,0.39,50,within_sampled_range,UU,132,70.83333333333334,runs/yin_latest_vgg_20260927/transfer/results/r21vgg2k_vgg16_bn_s42/faces_rfwWM64/houses_yin64/results.csv,UU
noaa,VGG2k / no AA,r21vgg2k_vgg16_bn_s42,face_transfer,124,two_shared_ui,RFW WM64,Houses,0.37,0.39,50,within_sampled_range,UU,133,70.83333333333334,runs/yin_latest_vgg_20260927/transfer/results/r21vgg2k_vgg16_bn_s42/faces_rfwWM64/houses_yin64/results.csv,UU
noaa,VGG2k / no AA,r21vgg2k_vgg16_bn_s42,face_transfer,124,two_shared_ui,RFW WM64,Houses,0.37,0.39,50,within_sampled_range,UU,134,62.5,runs/yin_latest_vgg_20260927/transfer/results/r21vgg2k_vgg16_bn_s42/faces_rfwWM64/houses_yin64/results.csv,UU
noaa,VGG2k / no AA,r21vgg2k_vgg16_bn_s42,face_transfer,124,two_shared_ui,RFW WM64,Houses,0.37,0.39,50,within_sampled_range,UU,135,62.5,runs/yin_latest_vgg_20260927/transfer/results/r21vgg2k_vgg16_bn_s42/faces_rfwWM64/houses_yin64/results.csv,UU
noaa,VGG2k / no AA,r21vgg2k_vgg16_bn_s42,face_transfer,124,two_shared_ui,RFW WM64,Houses,0.37,0.39,50,within_sampled_range,UU,136,66.66666666666666,runs/yin_latest_vgg_20260927/transfer/results/r21vgg2k_vgg16_bn_s42/faces_rfwWM64/houses_yin64/results.csv,UU
noaa,VGG2k / no AA,r21vgg2k_vgg16_bn_s42,face_transfer,124,two_shared_ui,RFW WM64,Houses,0.37,0.39,50,within_sampled_range,UU,137,58.333333333333336,runs/yin_latest_vgg_20260927/transfer/results/r21vgg2k_vgg16_bn_s42/faces_rfwWM64/houses_yin64/results.csv,UU
noaa,VGG2k / no AA,r21vgg2k_vgg16_bn_s42,face_transfer,124,two_shared_ui,RFW WM64,Houses,0.37,0.39,50,within_sampled_range,UU,138,79.16666666666666,runs/yin_latest_vgg_20260927/transfer/results/r21vgg2k_vgg16_bn_s42/faces_rfwWM64/houses_yin64/results.csv,UU
noaa,VGG2k / no AA,r21vgg2k_vgg16_bn_s42,face_transfer,124,two_shared_ui,RFW WM64,Houses,0.37,0.39,50,within_sampled_range,UU,139,62.5,runs/yin_latest_vgg_20260927/transfer/results/r21vgg2k_vgg16_bn_s42/faces_rfwWM64/houses_yin64/results.csv,UU
noaa,VGG2k / no AA,r21vgg2k_vgg16_bn_s42,face_transfer,124,two_shared_ui,RFW WM64,Houses,0.37,0.39,50,within_sampled_range,UU,140,79.16666666666666,runs/yin_latest_vgg_20260927/transfer/results/r21vgg2k_vgg16_bn_s42/faces_rfwWM64/houses_yin64/results.csv,UU
noaa,VGG2k / no AA,r21vgg2k_vgg16_bn_s42,face_transfer,124,two_shared_ui,RFW WM64,Houses,0.37,0.39,50,within_sampled_range,UU,141,75.0,runs/yin_latest_vgg_20260927/transfer/results/r21vgg2k_vgg16_bn_s42/faces_rfwWM64/houses_yin64/results.csv,UU
noaa,VGG2k / no AA,r21vgg2k_vgg16_bn_s42,face_transfer,124,two_shared_ui,RFW WM64,Houses,0.37,0.39,50,within_sampled_range,UU,142,66.66666666666666,runs/yin_latest_vgg_20260927/transfer/results/r21vgg2k_vgg16_bn_s42/faces_rfwWM64/houses_yin64/results.csv,UU
noaa,VGG2k / no AA,r21vgg2k_vgg16_bn_s42,face_transfer,124,two_shared_ui,RFW WM64,Houses,0.37,0.39,50,within_sampled_range,UU,143,54.166666666666664,runs/yin_latest_vgg_20260927/transfer/results/r21vgg2k_vgg16_bn_s42/faces_rfwWM64/houses_yin64/results.csv,UU
noaa,VGG2k / no AA,r21vgg2k_vgg16_bn_s42,face_transfer,124,two_shared_ui,RFW WM64,Houses,0.37,0.39,50,within_sampled_range,UU,144,70.83333333333334,runs/yin_latest_vgg_20260927/transfer/results/r21vgg2k_vgg16_bn_s42/faces_rfwWM64/houses_yin64/results.csv,UU
noaa,VGG2k / no AA,r21vgg2k_vgg16_bn_s42,face_transfer,124,two_shared_ui,RFW WM64,Houses,0.37,0.39,50,within_sampled_range,UU,145,75.0,runs/yin_latest_vgg_20260927/transfer/results/r21vgg2k_vgg16_bn_s42/faces_rfwWM64/houses_yin64/results.csv,UU
noaa,VGG2k / no AA,r21vgg2k_vgg16_bn_s42,face_transfer,124,two_shared_ui,RFW WM64,Houses,0.37,0.39,50,within_sampled_range,UU,146,83.33333333333334,runs/yin_latest_vgg_20260927/transfer/results/r21vgg2k_vgg16_bn_s42/faces_rfwWM64/houses_yin64/results.csv,UU
noaa,VGG2k / no AA,r21vgg2k_vgg16_bn_s42,face_transfer,124,two_shared_ui,RFW WM64,Houses,0.37,0.39,50,within_sampled_range,UU,147,58.333333333333336,runs/yin_latest_vgg_20260927/transfer/results/r21vgg2k_vgg16_bn_s42/faces_rfwWM64/houses_yin64/results.csv,UU
noaa,VGG2k / no AA,r21vgg2k_vgg16_bn_s42,face_transfer,124,two_shared_ui,RFW WM64,Houses,0.37,0.39,50,within_sampled_range,UU,148,70.83333333333334,runs/yin_latest_vgg_20260927/transfer/results/r21vgg2k_vgg16_bn_s42/faces_rfwWM64/houses_yin64/results.csv,UU
noaa,VGG2k / no AA,r21vgg2k_vgg16_bn_s42,face_transfer,124,two_shared_ui,RFW WM64,Houses,0.37,0.39,50,within_sampled_range,UU,149,70.83333333333334,runs/yin_latest_vgg_20260927/transfer/results/r21vgg2k_vgg16_bn_s42/faces_rfwWM64/houses_yin64/results.csv,UU
noaa,VGG2k / no AA,r21vgg2k_vgg16_bn_s42,face_transfer,124,two_shared_ui,RFW WM64,Houses,0.37,0.39,50,within_sampled_range,UU,150,79.16666666666666,runs/yin_latest_vgg_20260927/transfer/results/r21vgg2k_vgg16_bn_s42/faces_rfwWM64/houses_yin64/results.csv,UU
noaa,VGG2k / no AA,r21vgg2k_vgg16_bn_s42,face_transfer,124,two_shared_ui,RFW WM64,Houses,0.37,0.39,50,within_sampled_range,II,101,66.66666666666666,runs/yin_latest_vgg_20260927/transfer/results/r21vgg2k_vgg16_bn_s42/faces_rfwWM64/houses_yin64/results.csv,II
noaa,VGG2k / no AA,r21vgg2k_vgg16_bn_s42,face_transfer,124,two_shared_ui,RFW WM64,Houses,0.37,0.39,50,within_sampled_range,II,102,66.66666666666666,runs/yin_latest_vgg_20260927/transfer/results/r21vgg2k_vgg16_bn_s42/faces_rfwWM64/houses_yin64/results.csv,II
noaa,VGG2k / no AA,r21vgg2k_vgg16_bn_s42,face_transfer,124,two_shared_ui,RFW WM64,Houses,0.37,0.39,50,within_sampled_range,II,103,70.83333333333334,runs/yin_latest_vgg_20260927/transfer/results/r21vgg2k_vgg16_bn_s42/faces_rfwWM64/houses_yin64/results.csv,II
noaa,VGG2k / no AA,r21vgg2k_vgg16_bn_s42,face_transfer,124,two_shared_ui,RFW WM64,Houses,0.37,0.39,50,within_sampled_range,II,104,58.333333333333336,runs/yin_latest_vgg_20260927/transfer/results/r21vgg2k_vgg16_bn_s42/faces_rfwWM64/houses_yin64/results.csv,II
noaa,VGG2k / no AA,r21vgg2k_vgg16_bn_s42,face_transfer,124,two_shared_ui,RFW WM64,Houses,0.37,0.39,50,within_sampled_range,II,105,66.66666666666666,runs/yin_latest_vgg_20260927/transfer/results/r21vgg2k_vgg16_bn_s42/faces_rfwWM64/houses_yin64/results.csv,II
noaa,VGG2k / no AA,r21vgg2k_vgg16_bn_s42,face_transfer,124,two_shared_ui,RFW WM64,Houses,0.37,0.39,50,within_sampled_range,II,106,54.166666666666664,runs/yin_latest_vgg_20260927/transfer/results/r21vgg2k_vgg16_bn_s42/faces_rfwWM64/houses_yin64/results.csv,II
noaa,VGG2k / no AA,r21vgg2k_vgg16_bn_s42,face_transfer,124,two_shared_ui,RFW WM64,Houses,0.37,0.39,50,within_sampled_range,II,107,70.83333333333334,runs/yin_latest_vgg_20260927/transfer/results/r21vgg2k_vgg16_bn_s42/faces_rfwWM64/houses_yin64/results.csv,II
noaa,VGG2k / no AA,r21vgg2k_vgg16_bn_s42,face_transfer,124,two_shared_ui,RFW WM64,Houses,0.37,0.39,50,within_sampled_range,II,108,54.166666666666664,runs/yin_latest_vgg_20260927/transfer/results/r21vgg2k_vgg16_bn_s42/faces_rfwWM64/houses_yin64/results.csv,II
noaa,VGG2k / no AA,r21vgg2k_vgg16_bn_s42,face_transfer,124,two_shared_ui,RFW WM64,Houses,0.37,0.39,50,within_sampled_range,II,109,41.66666666666667,runs/yin_latest_vgg_20260927/transfer/results/r21vgg2k_vgg16_bn_s42/faces_rfwWM64/houses_yin64/results.csv,II
noaa,VGG2k / no AA,r21vgg2k_vgg16_bn_s42,face_transfer,124,two_shared_ui,RFW WM64,Houses,0.37,0.39,50,within_sampled_range,II,110,62.5,runs/yin_latest_vgg_20260927/transfer/results/r21vgg2k_vgg16_bn_s42/faces_rfwWM64/houses_yin64/results.csv,II
noaa,VGG2k / no AA,r21vgg2k_vgg16_bn_s42,face_transfer,124,two_shared_ui,RFW WM64,Houses,0.37,0.39,50,within_sampled_range,II,111,62.5,runs/yin_latest_vgg_20260927/transfer/results/r21vgg2k_vgg16_bn_s42/faces_rfwWM64/houses_yin64/results.csv,II
noaa,VGG2k / no AA,r21vgg2k_vgg16_bn_s42,face_transfer,124,two_shared_ui,RFW WM64,Houses,0.37,0.39,50,within_sampled_range,II,112,54.166666666666664,runs/yin_latest_vgg_20260927/transfer/results/r21vgg2k_vgg16_bn_s42/faces_rfwWM64/houses_yin64/results.csv,II
noaa,VGG2k / no AA,r21vgg2k_vgg16_bn_s42,face_transfer,124,two_shared_ui,RFW WM64,Houses,0.37,0.39,50,within_sampled_range,II,113,45.83333333333333,runs/yin_latest_vgg_20260927/transfer/results/r21vgg2k_vgg16_bn_s42/faces_rfwWM64/houses_yin64/results.csv,II
noaa,VGG2k / no AA,r21vgg2k_vgg16_bn_s42,face_transfer,124,two_shared_ui,RFW WM64,Houses,0.37,0.39,50,within_sampled_range,II,114,62.5,runs/yin_latest_vgg_20260927/transfer/results/r21vgg2k_vgg16_bn_s42/faces_rfwWM64/houses_yin64/results.csv,II
noaa,VGG2k / no AA,r21vgg2k_vgg16_bn_s42,face_transfer,124,two_shared_ui,RFW WM64,Houses,0.37,0.39,50,within_sampled_range,II,115,62.5,runs/yin_latest_vgg_20260927/transfer/results/r21vgg2k_vgg16_bn_s42/faces_rfwWM64/houses_yin64/results.csv,II
noaa,VGG2k / no AA,r21vgg2k_vgg16_bn_s42,face_transfer,124,two_shared_ui,RFW WM64,Houses,0.37,0.39,50,within_sampled_range,II,116,66.66666666666666,runs/yin_latest_vgg_20260927/transfer/results/r21vgg2k_vgg16_bn_s42/faces_rfwWM64/houses_yin64/results.csv,II
noaa,VGG2k / no AA,r21vgg2k_vgg16_bn_s42,face_transfer,124,two_shared_ui,RFW WM64,Houses,0.37,0.39,50,within_sampled_range,II,117,79.16666666666666,runs/yin_latest_vgg_20260927/transfer/results/r21vgg2k_vgg16_bn_s42/faces_rfwWM64/houses_yin64/results.csv,II
noaa,VGG2k / no AA,r21vgg2k_vgg16_bn_s42,face_transfer,124,two_shared_ui,RFW WM64,Houses,0.37,0.39,50,within_sampled_range,II,118,62.5,runs/yin_latest_vgg_20260927/transfer/results/r21vgg2k_vgg16_bn_s42/faces_rfwWM64/houses_yin64/results.csv,II
noaa,VGG2k / no AA,r21vgg2k_vgg16_bn_s42,face_transfer,124,two_shared_ui,RFW WM64,Houses,0.37,0.39,50,within_sampled_range,II,119,75.0,runs/yin_latest_vgg_20260927/transfer/results/r21vgg2k_vgg16_bn_s42/faces_rfwWM64/houses_yin64/results.csv,II
noaa,VGG2k / no AA,r21vgg2k_vgg16_bn_s42,face_transfer,124,two_shared_ui,RFW WM64,Houses,0.37,0.39,50,within_sampled_range,II,120,58.333333333333336,runs/yin_latest_vgg_20260927/transfer/results/r21vgg2k_vgg16_bn_s42/faces_rfwWM64/houses_yin64/results.csv,II
noaa,VGG2k / no AA,r21vgg2k_vgg16_bn_s42,face_transfer,124,two_shared_ui,RFW WM64,Houses,0.37,0.39,50,within_sampled_range,II,121,58.333333333333336,runs/yin_latest_vgg_20260927/transfer/results/r21vgg2k_vgg16_bn_s42/faces_rfwWM64/houses_yin64/results.csv,II
noaa,VGG2k / no AA,r21vgg2k_vgg16_bn_s42,face_transfer,124,two_shared_ui,RFW WM64,Houses,0.37,0.39,50,within_sampled_range,II,122,75.0,runs/yin_latest_vgg_20260927/transfer/results/r21vgg2k_vgg16_bn_s42/faces_rfwWM64/houses_yin64/results.csv,II
noaa,VGG2k / no AA,r21vgg2k_vgg16_bn_s42,face_transfer,124,two_shared_ui,RFW WM64,Houses,0.37,0.39,50,within_sampled_range,II,123,70.83333333333334,runs/yin_latest_vgg_20260927/transfer/results/r21vgg2k_vgg16_bn_s42/faces_rfwWM64/houses_yin64/results.csv,II
noaa,VGG2k / no AA,r21vgg2k_vgg16_bn_s42,face_transfer,124,two_shared_ui,RFW WM64,Houses,0.37,0.39,50,within_sampled_range,II,124,62.5,runs/yin_latest_vgg_20260927/transfer/results/r21vgg2k_vgg16_bn_s42/faces_rfwWM64/houses_yin64/results.csv,II
noaa,VGG2k / no AA,r21vgg2k_vgg16_bn_s42,face_transfer,124,two_shared_ui,RFW WM64,Houses,0.37,0.39,50,within_sampled_range,II,125,75.0,runs/yin_latest_vgg_20260927/transfer/results/r21vgg2k_vgg16_bn_s42/faces_rfwWM64/houses_yin64/results.csv,II
noaa,VGG2k / no AA,r21vgg2k_vgg16_bn_s42,face_transfer,124,two_shared_ui,RFW WM64,Houses,0.37,0.39,50,within_sampled_range,II,126,66.66666666666666,runs/yin_latest_vgg_20260927/transfer/results/r21vgg2k_vgg16_bn_s42/faces_rfwWM64/houses_yin64/results.csv,II
noaa,VGG2k / no AA,r21vgg2k_vgg16_bn_s42,face_transfer,124,two_shared_ui,RFW WM64,Houses,0.37,0.39,50,within_sampled_range,II,127,54.166666666666664,runs/yin_latest_vgg_20260927/transfer/results/r21vgg2k_vgg16_bn_s42/faces_rfwWM64/houses_yin64/results.csv,II
noaa,VGG2k / no AA,r21vgg2k_vgg16_bn_s42,face_transfer,124,two_shared_ui,RFW WM64,Houses,0.37,0.39,50,within_sampled_range,II,128,62.5,runs/yin_latest_vgg_20260927/transfer/results/r21vgg2k_vgg16_bn_s42/faces_rfwWM64/houses_yin64/results.csv,II
noaa,VGG2k / no AA,r21vgg2k_vgg16_bn_s42,face_transfer,124,two_shared_ui,RFW WM64,Houses,0.37,0.39,50,within_sampled_range,II,129,58.333333333333336,runs/yin_latest_vgg_20260927/transfer/results/r21vgg2k_vgg16_bn_s42/faces_rfwWM64/houses_yin64/results.csv,II
noaa,VGG2k / no AA,r21vgg2k_vgg16_bn_s42,face_transfer,124,two_shared_ui,RFW WM64,Houses,0.37,0.39,50,within_sampled_range,II,130,70.83333333333334,runs/yin_latest_vgg_20260927/transfer/results/r21vgg2k_vgg16_bn_s42/faces_rfwWM64/houses_yin64/results.csv,II
noaa,VGG2k / no AA,r21vgg2k_vgg16_bn_s42,face_transfer,124,two_shared_ui,RFW WM64,Houses,0.37,0.39,50,within_sampled_range,II,131,70.83333333333334,runs/yin_latest_vgg_20260927/transfer/results/r21vgg2k_vgg16_bn_s42/faces_rfwWM64/houses_yin64/results.csv,II
noaa,VGG2k / no AA,r21vgg2k_vgg16_bn_s42,face_transfer,124,two_shared_ui,RFW WM64,Houses,0.37,0.39,50,within_sampled_range,II,132,62.5,runs/yin_latest_vgg_20260927/transfer/results/r21vgg2k_vgg16_bn_s42/faces_rfwWM64/houses_yin64/results.csv,II
noaa,VGG2k / no AA,r21vgg2k_vgg16_bn_s42,face_transfer,124,two_shared_ui,RFW WM64,Houses,0.37,0.39,50,within_sampled_range,II,133,75.0,runs/yin_latest_vgg_20260927/transfer/results/r21vgg2k_vgg16_bn_s42/faces_rfwWM64/houses_yin64/results.csv,II
noaa,VGG2k / no AA,r21vgg2k_vgg16_bn_s42,face_transfer,124,two_shared_ui,RFW WM64,Houses,0.37,0.39,50,within_sampled_range,II,134,75.0,runs/yin_latest_vgg_20260927/transfer/results/r21vgg2k_vgg16_bn_s42/faces_rfwWM64/houses_yin64/results.csv,II
noaa,VGG2k / no AA,r21vgg2k_vgg16_bn_s42,face_transfer,124,two_shared_ui,RFW WM64,Houses,0.37,0.39,50,within_sampled_range,II,135,54.166666666666664,runs/yin_latest_vgg_20260927/transfer/results/r21vgg2k_vgg16_bn_s42/faces_rfwWM64/houses_yin64/results.csv,II
noaa,VGG2k / no AA,r21vgg2k_vgg16_bn_s42,face_transfer,124,two_shared_ui,RFW WM64,Houses,0.37,0.39,50,within_sampled_range,II,136,62.5,runs/yin_latest_vgg_20260927/transfer/results/r21vgg2k_vgg16_bn_s42/faces_rfwWM64/houses_yin64/results.csv,II
noaa,VGG2k / no AA,r21vgg2k_vgg16_bn_s42,face_transfer,124,two_shared_ui,RFW WM64,Houses,0.37,0.39,50,within_sampled_range,II,137,58.333333333333336,runs/yin_latest_vgg_20260927/transfer/results/r21vgg2k_vgg16_bn_s42/faces_rfwWM64/houses_yin64/results.csv,II
noaa,VGG2k / no AA,r21vgg2k_vgg16_bn_s42,face_transfer,124,two_shared_ui,RFW WM64,Houses,0.37,0.39,50,within_sampled_range,II,138,50.0,runs/yin_latest_vgg_20260927/transfer/results/r21vgg2k_vgg16_bn_s42/faces_rfwWM64/houses_yin64/results.csv,II
noaa,VGG2k / no AA,r21vgg2k_vgg16_bn_s42,face_transfer,124,two_shared_ui,RFW WM64,Houses,0.37,0.39,50,within_sampled_range,II,139,50.0,runs/yin_latest_vgg_20260927/transfer/results/r21vgg2k_vgg16_bn_s42/faces_rfwWM64/houses_yin64/results.csv,II
noaa,VGG2k / no AA,r21vgg2k_vgg16_bn_s42,face_transfer,124,two_shared_ui,RFW WM64,Houses,0.37,0.39,50,within_sampled_range,II,140,62.5,runs/yin_latest_vgg_20260927/transfer/results/r21vgg2k_vgg16_bn_s42/faces_rfwWM64/houses_yin64/results.csv,II
noaa,VGG2k / no AA,r21vgg2k_vgg16_bn_s42,face_transfer,124,two_shared_ui,RFW WM64,Houses,0.37,0.39,50,within_sampled_range,II,141,62.5,runs/yin_latest_vgg_20260927/transfer/results/r21vgg2k_vgg16_bn_s42/faces_rfwWM64/houses_yin64/results.csv,II
noaa,VGG2k / no AA,r21vgg2k_vgg16_bn_s42,face_transfer,124,two_shared_ui,RFW WM64,Houses,0.37,0.39,50,within_sampled_range,II,142,75.0,runs/yin_latest_vgg_20260927/transfer/results/r21vgg2k_vgg16_bn_s42/faces_rfwWM64/houses_yin64/results.csv,II
noaa,VGG2k / no AA,r21vgg2k_vgg16_bn_s42,face_transfer,124,two_shared_ui,RFW WM64,Houses,0.37,0.39,50,within_sampled_range,II,143,62.5,runs/yin_latest_vgg_20260927/transfer/results/r21vgg2k_vgg16_bn_s42/faces_rfwWM64/houses_yin64/results.csv,II
noaa,VGG2k / no AA,r21vgg2k_vgg16_bn_s42,face_transfer,124,two_shared_ui,RFW WM64,Houses,0.37,0.39,50,within_sampled_range,II,144,70.83333333333334,runs/yin_latest_vgg_20260927/transfer/results/r21vgg2k_vgg16_bn_s42/faces_rfwWM64/houses_yin64/results.csv,II
noaa,VGG2k / no AA,r21vgg2k_vgg16_bn_s42,face_transfer,124,two_shared_ui,RFW WM64,Houses,0.37,0.39,50,within_sampled_range,II,145,66.66666666666666,runs/yin_latest_vgg_20260927/transfer/results/r21vgg2k_vgg16_bn_s42/faces_rfwWM64/houses_yin64/results.csv,II
noaa,VGG2k / no AA,r21vgg2k_vgg16_bn_s42,face_transfer,124,two_shared_ui,RFW WM64,Houses,0.37,0.39,50,within_sampled_range,II,146,58.333333333333336,runs/yin_latest_vgg_20260927/transfer/results/r21vgg2k_vgg16_bn_s42/faces_rfwWM64/houses_yin64/results.csv,II
noaa,VGG2k / no AA,r21vgg2k_vgg16_bn_s42,face_transfer,124,two_shared_ui,RFW WM64,Houses,0.37,0.39,50,within_sampled_range,II,147,62.5,runs/yin_latest_vgg_20260927/transfer/results/r21vgg2k_vgg16_bn_s42/faces_rfwWM64/houses_yin64/results.csv,II
noaa,VGG2k / no AA,r21vgg2k_vgg16_bn_s42,face_transfer,124,two_shared_ui,RFW WM64,Houses,0.37,0.39,50,within_sampled_range,II,148,50.0,runs/yin_latest_vgg_20260927/transfer/results/r21vgg2k_vgg16_bn_s42/faces_rfwWM64/houses_yin64/results.csv,II
noaa,VGG2k / no AA,r21vgg2k_vgg16_bn_s42,face_transfer,124,two_shared_ui,RFW WM64,Houses,0.37,0.39,50,within_sampled_range,II,149,70.83333333333334,runs/yin_latest_vgg_20260927/transfer/results/r21vgg2k_vgg16_bn_s42/faces_rfwWM64/houses_yin64/results.csv,II
noaa,VGG2k / no AA,r21vgg2k_vgg16_bn_s42,face_transfer,124,two_shared_ui,RFW WM64,Houses,0.37,0.39,50,within_sampled_range,II,150,83.33333333333334,runs/yin_latest_vgg_20260927/transfer/results/r21vgg2k_vgg16_bn_s42/faces_rfwWM64/houses_yin64/results.csv,II
noaa,VGG2k / no AA,r21vgg2k_vgg16_bn_s42,face_transfer,124,two_shared_ui,RFW WM64,Houses,0.37,0.39,50,within_sampled_range,UI,101,58.333333333333336,runs/yin_latest_vgg_20260927/transfer/results/r21vgg2k_vgg16_bn_s42/faces_rfwWM64/houses_yin64/results.csv,UI_shared
noaa,VGG2k / no AA,r21vgg2k_vgg16_bn_s42,face_transfer,124,two_shared_ui,RFW WM64,Houses,0.37,0.39,50,within_sampled_range,UI,102,62.5,runs/yin_latest_vgg_20260927/transfer/results/r21vgg2k_vgg16_bn_s42/faces_rfwWM64/houses_yin64/results.csv,UI_shared
noaa,VGG2k / no AA,r21vgg2k_vgg16_bn_s42,face_transfer,124,two_shared_ui,RFW WM64,Houses,0.37,0.39,50,within_sampled_range,UI,103,70.83333333333334,runs/yin_latest_vgg_20260927/transfer/results/r21vgg2k_vgg16_bn_s42/faces_rfwWM64/houses_yin64/results.csv,UI_shared
noaa,VGG2k / no AA,r21vgg2k_vgg16_bn_s42,face_transfer,124,two_shared_ui,RFW WM64,Houses,0.37,0.39,50,within_sampled_range,UI,104,79.16666666666666,runs/yin_latest_vgg_20260927/transfer/results/r21vgg2k_vgg16_bn_s42/faces_rfwWM64/houses_yin64/results.csv,UI_shared
noaa,VGG2k / no AA,r21vgg2k_vgg16_bn_s42,face_transfer,124,two_shared_ui,RFW WM64,Houses,0.37,0.39,50,within_sampled_range,UI,105,58.333333333333336,runs/yin_latest_vgg_20260927/transfer/results/r21vgg2k_vgg16_bn_s42/faces_rfwWM64/houses_yin64/results.csv,UI_shared
noaa,VGG2k / no AA,r21vgg2k_vgg16_bn_s42,face_transfer,124,two_shared_ui,RFW WM64,Houses,0.37,0.39,50,within_sampled_range,UI,106,75.0,runs/yin_latest_vgg_20260927/transfer/results/r21vgg2k_vgg16_bn_s42/faces_rfwWM64/houses_yin64/results.csv,UI_shared
noaa,VGG2k / no AA,r21vgg2k_vgg16_bn_s42,face_transfer,124,two_shared_ui,RFW WM64,Houses,0.37,0.39,50,within_sampled_range,UI,107,79.16666666666666,runs/yin_latest_vgg_20260927/transfer/results/r21vgg2k_vgg16_bn_s42/faces_rfwWM64/houses_yin64/results.csv,UI_shared
noaa,VGG2k / no AA,r21vgg2k_vgg16_bn_s42,face_transfer,124,two_shared_ui,RFW WM64,Houses,0.37,0.39,50,within_sampled_range,UI,108,75.0,runs/yin_latest_vgg_20260927/transfer/results/r21vgg2k_vgg16_bn_s42/faces_rfwWM64/houses_yin64/results.csv,UI_shared
noaa,VGG2k / no AA,r21vgg2k_vgg16_bn_s42,face_transfer,124,two_shared_ui,RFW WM64,Houses,0.37,0.39,50,within_sampled_range,UI,109,83.33333333333334,runs/yin_latest_vgg_20260927/transfer/results/r21vgg2k_vgg16_bn_s42/faces_rfwWM64/houses_yin64/results.csv,UI_shared
noaa,VGG2k / no AA,r21vgg2k_vgg16_bn_s42,face_transfer,124,two_shared_ui,RFW WM64,Houses,0.37,0.39,50,within_sampled_range,UI,110,75.0,runs/yin_latest_vgg_20260927/transfer/results/r21vgg2k_vgg16_bn_s42/faces_rfwWM64/houses_yin64/results.csv,UI_shared
noaa,VGG2k / no AA,r21vgg2k_vgg16_bn_s42,face_transfer,124,two_shared_ui,RFW WM64,Houses,0.37,0.39,50,within_sampled_range,UI,111,62.5,runs/yin_latest_vgg_20260927/transfer/results/r21vgg2k_vgg16_bn_s42/faces_rfwWM64/houses_yin64/results.csv,UI_shared
noaa,VGG2k / no AA,r21vgg2k_vgg16_bn_s42,face_transfer,124,two_shared_ui,RFW WM64,Houses,0.37,0.39,50,within_sampled_range,UI,112,62.5,runs/yin_latest_vgg_20260927/transfer/results/r21vgg2k_vgg16_bn_s42/faces_rfwWM64/houses_yin64/results.csv,UI_shared
noaa,VGG2k / no AA,r21vgg2k_vgg16_bn_s42,face_transfer,124,two_shared_ui,RFW WM64,Houses,0.37,0.39,50,within_sampled_range,UI,113,79.16666666666666,runs/yin_latest_vgg_20260927/transfer/results/r21vgg2k_vgg16_bn_s42/faces_rfwWM64/houses_yin64/results.csv,UI_shared
noaa,VGG2k / no AA,r21vgg2k_vgg16_bn_s42,face_transfer,124,two_shared_ui,RFW WM64,Houses,0.37,0.39,50,within_sampled_range,UI,114,79.16666666666666,runs/yin_latest_vgg_20260927/transfer/results/r21vgg2k_vgg16_bn_s42/faces_rfwWM64/houses_yin64/results.csv,UI_shared
noaa,VGG2k / no AA,r21vgg2k_vgg16_bn_s42,face_transfer,124,two_shared_ui,RFW WM64,Houses,0.37,0.39,50,within_sampled_range,UI,115,62.5,runs/yin_latest_vgg_20260927/transfer/results/r21vgg2k_vgg16_bn_s42/faces_rfwWM64/houses_yin64/results.csv,UI_shared
noaa,VGG2k / no AA,r21vgg2k_vgg16_bn_s42,face_transfer,124,two_shared_ui,RFW WM64,Houses,0.37,0.39,50,within_sampled_range,UI,116,75.0,runs/yin_latest_vgg_20260927/transfer/results/r21vgg2k_vgg16_bn_s42/faces_rfwWM64/houses_yin64/results.csv,UI_shared
noaa,VGG2k / no AA,r21vgg2k_vgg16_bn_s42,face_transfer,124,two_shared_ui,RFW WM64,Houses,0.37,0.39,50,within_sampled_range,UI,117,66.66666666666666,runs/yin_latest_vgg_20260927/transfer/results/r21vgg2k_vgg16_bn_s42/faces_rfwWM64/houses_yin64/results.csv,UI_shared
noaa,VGG2k / no AA,r21vgg2k_vgg16_bn_s42,face_transfer,124,two_shared_ui,RFW WM64,Houses,0.37,0.39,50,within_sampled_range,UI,118,70.83333333333334,runs/yin_latest_vgg_20260927/transfer/results/r21vgg2k_vgg16_bn_s42/faces_rfwWM64/houses_yin64/results.csv,UI_shared
noaa,VGG2k / no AA,r21vgg2k_vgg16_bn_s42,face_transfer,124,two_shared_ui,RFW WM64,Houses,0.37,0.39,50,within_sampled_range,UI,119,75.0,runs/yin_latest_vgg_20260927/transfer/results/r21vgg2k_vgg16_bn_s42/faces_rfwWM64/houses_yin64/results.csv,UI_shared
noaa,VGG2k / no AA,r21vgg2k_vgg16_bn_s42,face_transfer,124,two_shared_ui,RFW WM64,Houses,0.37,0.39,50,within_sampled_range,UI,120,70.83333333333334,runs/yin_latest_vgg_20260927/transfer/results/r21vgg2k_vgg16_bn_s42/faces_rfwWM64/houses_yin64/results.csv,UI_shared
noaa,VGG2k / no AA,r21vgg2k_vgg16_bn_s42,face_transfer,124,two_shared_ui,RFW WM64,Houses,0.37,0.39,50,within_sampled_range,UI,121,54.166666666666664,runs/yin_latest_vgg_20260927/transfer/results/r21vgg2k_vgg16_bn_s42/faces_rfwWM64/houses_yin64/results.csv,UI_shared
noaa,VGG2k / no AA,r21vgg2k_vgg16_bn_s42,face_transfer,124,two_shared_ui,RFW WM64,Houses,0.37,0.39,50,within_sampled_range,UI,122,50.0,runs/yin_latest_vgg_20260927/transfer/results/r21vgg2k_vgg16_bn_s42/faces_rfwWM64/houses_yin64/results.csv,UI_shared
noaa,VGG2k / no AA,r21vgg2k_vgg16_bn_s42,face_transfer,124,two_shared_ui,RFW WM64,Houses,0.37,0.39,50,within_sampled_range,UI,123,75.0,runs/yin_latest_vgg_20260927/transfer/results/r21vgg2k_vgg16_bn_s42/faces_rfwWM64/houses_yin64/results.csv,UI_shared
noaa,VGG2k / no AA,r21vgg2k_vgg16_bn_s42,face_transfer,124,two_shared_ui,RFW WM64,Houses,0.37,0.39,50,within_sampled_range,UI,124,75.0,runs/yin_latest_vgg_20260927/transfer/results/r21vgg2k_vgg16_bn_s42/faces_rfwWM64/houses_yin64/results.csv,UI_shared
noaa,VGG2k / no AA,r21vgg2k_vgg16_bn_s42,face_transfer,124,two_shared_ui,RFW WM64,Houses,0.37,0.39,50,within_sampled_range,UI,125,58.333333333333336,runs/yin_latest_vgg_20260927/transfer/results/r21vgg2k_vgg16_bn_s42/faces_rfwWM64/houses_yin64/results.csv,UI_shared
noaa,VGG2k / no AA,r21vgg2k_vgg16_bn_s42,face_transfer,124,two_shared_ui,RFW WM64,Houses,0.37,0.39,50,within_sampled_range,UI,126,79.16666666666666,runs/yin_latest_vgg_20260927/transfer/results/r21vgg2k_vgg16_bn_s42/faces_rfwWM64/houses_yin64/results.csv,UI_shared
noaa,VGG2k / no AA,r21vgg2k_vgg16_bn_s42,face_transfer,124,two_shared_ui,RFW WM64,Houses,0.37,0.39,50,within_sampled_range,UI,127,75.0,runs/yin_latest_vgg_20260927/transfer/results/r21vgg2k_vgg16_bn_s42/faces_rfwWM64/houses_yin64/results.csv,UI_shared
noaa,VGG2k / no AA,r21vgg2k_vgg16_bn_s42,face_transfer,124,two_shared_ui,RFW WM64,Houses,0.37,0.39,50,within_sampled_range,UI,128,79.16666666666666,runs/yin_latest_vgg_20260927/transfer/results/r21vgg2k_vgg16_bn_s42/faces_rfwWM64/houses_yin64/results.csv,UI_shared
noaa,VGG2k / no AA,r21vgg2k_vgg16_bn_s42,face_transfer,124,two_shared_ui,RFW WM64,Houses,0.37,0.39,50,within_sampled_range,UI,129,70.83333333333334,runs/yin_latest_vgg_20260927/transfer/results/r21vgg2k_vgg16_bn_s42/faces_rfwWM64/houses_yin64/results.csv,UI_shared
noaa,VGG2k / no AA,r21vgg2k_vgg16_bn_s42,face_transfer,124,two_shared_ui,RFW WM64,Houses,0.37,0.39,50,within_sampled_range,UI,130,75.0,runs/yin_latest_vgg_20260927/transfer/results/r21vgg2k_vgg16_bn_s42/faces_rfwWM64/houses_yin64/results.csv,UI_shared
noaa,VGG2k / no AA,r21vgg2k_vgg16_bn_s42,face_transfer,124,two_shared_ui,RFW WM64,Houses,0.37,0.39,50,within_sampled_range,UI,131,75.0,runs/yin_latest_vgg_20260927/transfer/results/r21vgg2k_vgg16_bn_s42/faces_rfwWM64/houses_yin64/results.csv,UI_shared
noaa,VGG2k / no AA,r21vgg2k_vgg16_bn_s42,face_transfer,124,two_shared_ui,RFW WM64,Houses,0.37,0.39,50,within_sampled_range,UI,132,70.83333333333334,runs/yin_latest_vgg_20260927/transfer/results/r21vgg2k_vgg16_bn_s42/faces_rfwWM64/houses_yin64/results.csv,UI_shared
noaa,VGG2k / no AA,r21vgg2k_vgg16_bn_s42,face_transfer,124,two_shared_ui,RFW WM64,Houses,0.37,0.39,50,within_sampled_range,UI,133,75.0,runs/yin_latest_vgg_20260927/transfer/results/r21vgg2k_vgg16_bn_s42/faces_rfwWM64/houses_yin64/results.csv,UI_shared
noaa,VGG2k / no AA,r21vgg2k_vgg16_bn_s42,face_transfer,124,two_shared_ui,RFW WM64,Houses,0.37,0.39,50,within_sampled_range,UI,134,79.16666666666666,runs/yin_latest_vgg_20260927/transfer/results/r21vgg2k_vgg16_bn_s42/faces_rfwWM64/houses_yin64/results.csv,UI_shared
noaa,VGG2k / no AA,r21vgg2k_vgg16_bn_s42,face_transfer,124,two_shared_ui,RFW WM64,Houses,0.37,0.39,50,within_sampled_range,UI,135,75.0,runs/yin_latest_vgg_20260927/transfer/results/r21vgg2k_vgg16_bn_s42/faces_rfwWM64/houses_yin64/results.csv,UI_shared
noaa,VGG2k / no AA,r21vgg2k_vgg16_bn_s42,face_transfer,124,two_shared_ui,RFW WM64,Houses,0.37,0.39,50,within_sampled_range,UI,136,70.83333333333334,runs/yin_latest_vgg_20260927/transfer/results/r21vgg2k_vgg16_bn_s42/faces_rfwWM64/houses_yin64/results.csv,UI_shared
noaa,VGG2k / no AA,r21vgg2k_vgg16_bn_s42,face_transfer,124,two_shared_ui,RFW WM64,Houses,0.37,0.39,50,within_sampled_range,UI,137,70.83333333333334,runs/yin_latest_vgg_20260927/transfer/results/r21vgg2k_vgg16_bn_s42/faces_rfwWM64/houses_yin64/results.csv,UI_shared
noaa,VGG2k / no AA,r21vgg2k_vgg16_bn_s42,face_transfer,124,two_shared_ui,RFW WM64,Houses,0.37,0.39,50,within_sampled_range,UI,138,62.5,runs/yin_latest_vgg_20260927/transfer/results/r21vgg2k_vgg16_bn_s42/faces_rfwWM64/houses_yin64/results.csv,UI_shared
noaa,VGG2k / no AA,r21vgg2k_vgg16_bn_s42,face_transfer,124,two_shared_ui,RFW WM64,Houses,0.37,0.39,50,within_sampled_range,UI,139,62.5,runs/yin_latest_vgg_20260927/transfer/results/r21vgg2k_vgg16_bn_s42/faces_rfwWM64/houses_yin64/results.csv,UI_shared
noaa,VGG2k / no AA,r21vgg2k_vgg16_bn_s42,face_transfer,124,two_shared_ui,RFW WM64,Houses,0.37,0.39,50,within_sampled_range,UI,140,75.0,runs/yin_latest_vgg_20260927/transfer/results/r21vgg2k_vgg16_bn_s42/faces_rfwWM64/houses_yin64/results.csv,UI_shared
noaa,VGG2k / no AA,r21vgg2k_vgg16_bn_s42,face_transfer,124,two_shared_ui,RFW WM64,Houses,0.37,0.39,50,within_sampled_range,UI,141,70.83333333333334,runs/yin_latest_vgg_20260927/transfer/results/r21vgg2k_vgg16_bn_s42/faces_rfwWM64/houses_yin64/results.csv,UI_shared
noaa,VGG2k / no AA,r21vgg2k_vgg16_bn_s42,face_transfer,124,two_shared_ui,RFW WM64,Houses,0.37,0.39,50,within_sampled_range,UI,142,79.16666666666666,runs/yin_latest_vgg_20260927/transfer/results/r21vgg2k_vgg16_bn_s42/faces_rfwWM64/houses_yin64/results.csv,UI_shared
noaa,VGG2k / no AA,r21vgg2k_vgg16_bn_s42,face_transfer,124,two_shared_ui,RFW WM64,Houses,0.37,0.39,50,within_sampled_range,UI,143,66.66666666666666,runs/yin_latest_vgg_20260927/transfer/results/r21vgg2k_vgg16_bn_s42/faces_rfwWM64/houses_yin64/results.csv,UI_shared
noaa,VGG2k / no AA,r21vgg2k_vgg16_bn_s42,face_transfer,124,two_shared_ui,RFW WM64,Houses,0.37,0.39,50,within_sampled_range,UI,144,62.5,runs/yin_latest_vgg_20260927/transfer/results/r21vgg2k_vgg16_bn_s42/faces_rfwWM64/houses_yin64/results.csv,UI_shared
noaa,VGG2k / no AA,r21vgg2k_vgg16_bn_s42,face_transfer,124,two_shared_ui,RFW WM64,Houses,0.37,0.39,50,within_sampled_range,UI,145,79.16666666666666,runs/yin_latest_vgg_20260927/transfer/results/r21vgg2k_vgg16_bn_s42/faces_rfwWM64/houses_yin64/results.csv,UI_shared
noaa,VGG2k / no AA,r21vgg2k_vgg16_bn_s42,face_transfer,124,two_shared_ui,RFW WM64,Houses,0.37,0.39,50,within_sampled_range,UI,146,62.5,runs/yin_latest_vgg_20260927/transfer/results/r21vgg2k_vgg16_bn_s42/faces_rfwWM64/houses_yin64/results.csv,UI_shared
noaa,VGG2k / no AA,r21vgg2k_vgg16_bn_s42,face_transfer,124,two_shared_ui,RFW WM64,Houses,0.37,0.39,50,within_sampled_range,UI,147,54.166666666666664,runs/yin_latest_vgg_20260927/transfer/results/r21vgg2k_vgg16_bn_s42/faces_rfwWM64/houses_yin64/results.csv,UI_shared
noaa,VGG2k / no AA,r21vgg2k_vgg16_bn_s42,face_transfer,124,two_shared_ui,RFW WM64,Houses,0.37,0.39,50,within_sampled_range,UI,148,70.83333333333334,runs/yin_latest_vgg_20260927/transfer/results/r21vgg2k_vgg16_bn_s42/faces_rfwWM64/houses_yin64/results.csv,UI_shared
noaa,VGG2k / no AA,r21vgg2k_vgg16_bn_s42,face_transfer,124,two_shared_ui,RFW WM64,Houses,0.37,0.39,50,within_sampled_range,UI,149,58.333333333333336,runs/yin_latest_vgg_20260927/transfer/results/r21vgg2k_vgg16_bn_s42/faces_rfwWM64/houses_yin64/results.csv,UI_shared
noaa,VGG2k / no AA,r21vgg2k_vgg16_bn_s42,face_transfer,124,two_shared_ui,RFW WM64,Houses,0.37,0.39,50,within_sampled_range,UI,150,79.16666666666666,runs/yin_latest_vgg_20260927/transfer/results/r21vgg2k_vgg16_bn_s42/faces_rfwWM64/houses_yin64/results.csv,UI_shared
noaa,VGG2k / no AA,r21vgg2k_vgg16_bn_s42,face_transfer,124,two_shared_ui,RFW WM64,Houses,0.37,0.39,50,within_sampled_range,IU,101,70.83333333333334,runs/yin_latest_vgg_20260927/transfer/results/r21vgg2k_vgg16_bn_s42/faces_rfwWM64/houses_yin64/results.csv,IU
noaa,VGG2k / no AA,r21vgg2k_vgg16_bn_s42,face_transfer,124,two_shared_ui,RFW WM64,Houses,0.37,0.39,50,within_sampled_range,IU,102,66.66666666666666,runs/yin_latest_vgg_20260927/transfer/results/r21vgg2k_vgg16_bn_s42/faces_rfwWM64/houses_yin64/results.csv,IU
noaa,VGG2k / no AA,r21vgg2k_vgg16_bn_s42,face_transfer,124,two_shared_ui,RFW WM64,Houses,0.37,0.39,50,within_sampled_range,IU,103,66.66666666666666,runs/yin_latest_vgg_20260927/transfer/results/r21vgg2k_vgg16_bn_s42/faces_rfwWM64/houses_yin64/results.csv,IU
noaa,VGG2k / no AA,r21vgg2k_vgg16_bn_s42,face_transfer,124,two_shared_ui,RFW WM64,Houses,0.37,0.39,50,within_sampled_range,IU,104,54.166666666666664,runs/yin_latest_vgg_20260927/transfer/results/r21vgg2k_vgg16_bn_s42/faces_rfwWM64/houses_yin64/results.csv,IU
noaa,VGG2k / no AA,r21vgg2k_vgg16_bn_s42,face_transfer,124,two_shared_ui,RFW WM64,Houses,0.37,0.39,50,within_sampled_range,IU,105,66.66666666666666,runs/yin_latest_vgg_20260927/transfer/results/r21vgg2k_vgg16_bn_s42/faces_rfwWM64/houses_yin64/results.csv,IU
noaa,VGG2k / no AA,r21vgg2k_vgg16_bn_s42,face_transfer,124,two_shared_ui,RFW WM64,Houses,0.37,0.39,50,within_sampled_range,IU,106,62.5,runs/yin_latest_vgg_20260927/transfer/results/r21vgg2k_vgg16_bn_s42/faces_rfwWM64/houses_yin64/results.csv,IU
noaa,VGG2k / no AA,r21vgg2k_vgg16_bn_s42,face_transfer,124,two_shared_ui,RFW WM64,Houses,0.37,0.39,50,within_sampled_range,IU,107,62.5,runs/yin_latest_vgg_20260927/transfer/results/r21vgg2k_vgg16_bn_s42/faces_rfwWM64/houses_yin64/results.csv,IU
noaa,VGG2k / no AA,r21vgg2k_vgg16_bn_s42,face_transfer,124,two_shared_ui,RFW WM64,Houses,0.37,0.39,50,within_sampled_range,IU,108,54.166666666666664,runs/yin_latest_vgg_20260927/transfer/results/r21vgg2k_vgg16_bn_s42/faces_rfwWM64/houses_yin64/results.csv,IU
noaa,VGG2k / no AA,r21vgg2k_vgg16_bn_s42,face_transfer,124,two_shared_ui,RFW WM64,Houses,0.37,0.39,50,within_sampled_range,IU,109,58.333333333333336,runs/yin_latest_vgg_20260927/transfer/results/r21vgg2k_vgg16_bn_s42/faces_rfwWM64/houses_yin64/results.csv,IU
noaa,VGG2k / no AA,r21vgg2k_vgg16_bn_s42,face_transfer,124,two_shared_ui,RFW WM64,Houses,0.37,0.39,50,within_sampled_range,IU,110,54.166666666666664,runs/yin_latest_vgg_20260927/transfer/results/r21vgg2k_vgg16_bn_s42/faces_rfwWM64/houses_yin64/results.csv,IU
noaa,VGG2k / no AA,r21vgg2k_vgg16_bn_s42,face_transfer,124,two_shared_ui,RFW WM64,Houses,0.37,0.39,50,within_sampled_range,IU,111,58.333333333333336,runs/yin_latest_vgg_20260927/transfer/results/r21vgg2k_vgg16_bn_s42/faces_rfwWM64/houses_yin64/results.csv,IU
noaa,VGG2k / no AA,r21vgg2k_vgg16_bn_s42,face_transfer,124,two_shared_ui,RFW WM64,Houses,0.37,0.39,50,within_sampled_range,IU,112,62.5,runs/yin_latest_vgg_20260927/transfer/results/r21vgg2k_vgg16_bn_s42/faces_rfwWM64/houses_yin64/results.csv,IU
noaa,VGG2k / no AA,r21vgg2k_vgg16_bn_s42,face_transfer,124,two_shared_ui,RFW WM64,Houses,0.37,0.39,50,within_sampled_range,IU,113,70.83333333333334,runs/yin_latest_vgg_20260927/transfer/results/r21vgg2k_vgg16_bn_s42/faces_rfwWM64/houses_yin64/results.csv,IU
noaa,VGG2k / no AA,r21vgg2k_vgg16_bn_s42,face_transfer,124,two_shared_ui,RFW WM64,Houses,0.37,0.39,50,within_sampled_range,IU,114,75.0,runs/yin_latest_vgg_20260927/transfer/results/r21vgg2k_vgg16_bn_s42/faces_rfwWM64/houses_yin64/results.csv,IU
noaa,VGG2k / no AA,r21vgg2k_vgg16_bn_s42,face_transfer,124,two_shared_ui,RFW WM64,Houses,0.37,0.39,50,within_sampled_range,IU,115,70.83333333333334,runs/yin_latest_vgg_20260927/transfer/results/r21vgg2k_vgg16_bn_s42/faces_rfwWM64/houses_yin64/results.csv,IU
noaa,VGG2k / no AA,r21vgg2k_vgg16_bn_s42,face_transfer,124,two_shared_ui,RFW WM64,Houses,0.37,0.39,50,within_sampled_range,IU,116,62.5,runs/yin_latest_vgg_20260927/transfer/results/r21vgg2k_vgg16_bn_s42/faces_rfwWM64/houses_yin64/results.csv,IU
noaa,VGG2k / no AA,r21vgg2k_vgg16_bn_s42,face_transfer,124,two_shared_ui,RFW WM64,Houses,0.37,0.39,50,within_sampled_range,IU,117,75.0,runs/yin_latest_vgg_20260927/transfer/results/r21vgg2k_vgg16_bn_s42/faces_rfwWM64/houses_yin64/results.csv,IU
noaa,VGG2k / no AA,r21vgg2k_vgg16_bn_s42,face_transfer,124,two_shared_ui,RFW WM64,Houses,0.37,0.39,50,within_sampled_range,IU,118,75.0,runs/yin_latest_vgg_20260927/transfer/results/r21vgg2k_vgg16_bn_s42/faces_rfwWM64/houses_yin64/results.csv,IU
noaa,VGG2k / no AA,r21vgg2k_vgg16_bn_s42,face_transfer,124,two_shared_ui,RFW WM64,Houses,0.37,0.39,50,within_sampled_range,IU,119,45.83333333333333,runs/yin_latest_vgg_20260927/transfer/results/r21vgg2k_vgg16_bn_s42/faces_rfwWM64/houses_yin64/results.csv,IU
noaa,VGG2k / no AA,r21vgg2k_vgg16_bn_s42,face_transfer,124,two_shared_ui,RFW WM64,Houses,0.37,0.39,50,within_sampled_range,IU,120,62.5,runs/yin_latest_vgg_20260927/transfer/results/r21vgg2k_vgg16_bn_s42/faces_rfwWM64/houses_yin64/results.csv,IU
noaa,VGG2k / no AA,r21vgg2k_vgg16_bn_s42,face_transfer,124,two_shared_ui,RFW WM64,Houses,0.37,0.39,50,within_sampled_range,IU,121,66.66666666666666,runs/yin_latest_vgg_20260927/transfer/results/r21vgg2k_vgg16_bn_s42/faces_rfwWM64/houses_yin64/results.csv,IU
noaa,VGG2k / no AA,r21vgg2k_vgg16_bn_s42,face_transfer,124,two_shared_ui,RFW WM64,Houses,0.37,0.39,50,within_sampled_range,IU,122,58.333333333333336,runs/yin_latest_vgg_20260927/transfer/results/r21vgg2k_vgg16_bn_s42/faces_rfwWM64/houses_yin64/results.csv,IU
noaa,VGG2k / no AA,r21vgg2k_vgg16_bn_s42,face_transfer,124,two_shared_ui,RFW WM64,Houses,0.37,0.39,50,within_sampled_range,IU,123,70.83333333333334,runs/yin_latest_vgg_20260927/transfer/results/r21vgg2k_vgg16_bn_s42/faces_rfwWM64/houses_yin64/results.csv,IU
noaa,VGG2k / no AA,r21vgg2k_vgg16_bn_s42,face_transfer,124,two_shared_ui,RFW WM64,Houses,0.37,0.39,50,within_sampled_range,IU,124,54.166666666666664,runs/yin_latest_vgg_20260927/transfer/results/r21vgg2k_vgg16_bn_s42/faces_rfwWM64/houses_yin64/results.csv,IU
noaa,VGG2k / no AA,r21vgg2k_vgg16_bn_s42,face_transfer,124,two_shared_ui,RFW WM64,Houses,0.37,0.39,50,within_sampled_range,IU,125,79.16666666666666,runs/yin_latest_vgg_20260927/transfer/results/r21vgg2k_vgg16_bn_s42/faces_rfwWM64/houses_yin64/results.csv,IU
noaa,VGG2k / no AA,r21vgg2k_vgg16_bn_s42,face_transfer,124,two_shared_ui,RFW WM64,Houses,0.37,0.39,50,within_sampled_range,IU,126,79.16666666666666,runs/yin_latest_vgg_20260927/transfer/results/r21vgg2k_vgg16_bn_s42/faces_rfwWM64/houses_yin64/results.csv,IU
noaa,VGG2k / no AA,r21vgg2k_vgg16_bn_s42,face_transfer,124,two_shared_ui,RFW WM64,Houses,0.37,0.39,50,within_sampled_range,IU,127,70.83333333333334,runs/yin_latest_vgg_20260927/transfer/results/r21vgg2k_vgg16_bn_s42/faces_rfwWM64/houses_yin64/results.csv,IU
noaa,VGG2k / no AA,r21vgg2k_vgg16_bn_s42,face_transfer,124,two_shared_ui,RFW WM64,Houses,0.37,0.39,50,within_sampled_range,IU,128,75.0,runs/yin_latest_vgg_20260927/transfer/results/r21vgg2k_vgg16_bn_s42/faces_rfwWM64/houses_yin64/results.csv,IU
noaa,VGG2k / no AA,r21vgg2k_vgg16_bn_s42,face_transfer,124,two_shared_ui,RFW WM64,Houses,0.37,0.39,50,within_sampled_range,IU,129,70.83333333333334,runs/yin_latest_vgg_20260927/transfer/results/r21vgg2k_vgg16_bn_s42/faces_rfwWM64/houses_yin64/results.csv,IU
noaa,VGG2k / no AA,r21vgg2k_vgg16_bn_s42,face_transfer,124,two_shared_ui,RFW WM64,Houses,0.37,0.39,50,within_sampled_range,IU,130,66.66666666666666,runs/yin_latest_vgg_20260927/transfer/results/r21vgg2k_vgg16_bn_s42/faces_rfwWM64/houses_yin64/results.csv,IU
noaa,VGG2k / no AA,r21vgg2k_vgg16_bn_s42,face_transfer,124,two_shared_ui,RFW WM64,Houses,0.37,0.39,50,within_sampled_range,IU,131,50.0,runs/yin_latest_vgg_20260927/transfer/results/r21vgg2k_vgg16_bn_s42/faces_rfwWM64/houses_yin64/results.csv,IU
noaa,VGG2k / no AA,r21vgg2k_vgg16_bn_s42,face_transfer,124,two_shared_ui,RFW WM64,Houses,0.37,0.39,50,within_sampled_range,IU,132,54.166666666666664,runs/yin_latest_vgg_20260927/transfer/results/r21vgg2k_vgg16_bn_s42/faces_rfwWM64/houses_yin64/results.csv,IU
noaa,VGG2k / no AA,r21vgg2k_vgg16_bn_s42,face_transfer,124,two_shared_ui,RFW WM64,Houses,0.37,0.39,50,within_sampled_range,IU,133,79.16666666666666,runs/yin_latest_vgg_20260927/transfer/results/r21vgg2k_vgg16_bn_s42/faces_rfwWM64/houses_yin64/results.csv,IU
noaa,VGG2k / no AA,r21vgg2k_vgg16_bn_s42,face_transfer,124,two_shared_ui,RFW WM64,Houses,0.37,0.39,50,within_sampled_range,IU,134,79.16666666666666,runs/yin_latest_vgg_20260927/transfer/results/r21vgg2k_vgg16_bn_s42/faces_rfwWM64/houses_yin64/results.csv,IU
noaa,VGG2k / no AA,r21vgg2k_vgg16_bn_s42,face_transfer,124,two_shared_ui,RFW WM64,Houses,0.37,0.39,50,within_sampled_range,IU,135,62.5,runs/yin_latest_vgg_20260927/transfer/results/r21vgg2k_vgg16_bn_s42/faces_rfwWM64/houses_yin64/results.csv,IU
noaa,VGG2k / no AA,r21vgg2k_vgg16_bn_s42,face_transfer,124,two_shared_ui,RFW WM64,Houses,0.37,0.39,50,within_sampled_range,IU,136,66.66666666666666,runs/yin_latest_vgg_20260927/transfer/results/r21vgg2k_vgg16_bn_s42/faces_rfwWM64/houses_yin64/results.csv,IU
noaa,VGG2k / no AA,r21vgg2k_vgg16_bn_s42,face_transfer,124,two_shared_ui,RFW WM64,Houses,0.37,0.39,50,within_sampled_range,IU,137,79.16666666666666,runs/yin_latest_vgg_20260927/transfer/results/r21vgg2k_vgg16_bn_s42/faces_rfwWM64/houses_yin64/results.csv,IU
noaa,VGG2k / no AA,r21vgg2k_vgg16_bn_s42,face_transfer,124,two_shared_ui,RFW WM64,Houses,0.37,0.39,50,within_sampled_range,IU,138,70.83333333333334,runs/yin_latest_vgg_20260927/transfer/results/r21vgg2k_vgg16_bn_s42/faces_rfwWM64/houses_yin64/results.csv,IU
noaa,VGG2k / no AA,r21vgg2k_vgg16_bn_s42,face_transfer,124,two_shared_ui,RFW WM64,Houses,0.37,0.39,50,within_sampled_range,IU,139,75.0,runs/yin_latest_vgg_20260927/transfer/results/r21vgg2k_vgg16_bn_s42/faces_rfwWM64/houses_yin64/results.csv,IU
noaa,VGG2k / no AA,r21vgg2k_vgg16_bn_s42,face_transfer,124,two_shared_ui,RFW WM64,Houses,0.37,0.39,50,within_sampled_range,IU,140,62.5,runs/yin_latest_vgg_20260927/transfer/results/r21vgg2k_vgg16_bn_s42/faces_rfwWM64/houses_yin64/results.csv,IU
noaa,VGG2k / no AA,r21vgg2k_vgg16_bn_s42,face_transfer,124,two_shared_ui,RFW WM64,Houses,0.37,0.39,50,within_sampled_range,IU,141,62.5,runs/yin_latest_vgg_20260927/transfer/results/r21vgg2k_vgg16_bn_s42/faces_rfwWM64/houses_yin64/results.csv,IU
noaa,VGG2k / no AA,r21vgg2k_vgg16_bn_s42,face_transfer,124,two_shared_ui,RFW WM64,Houses,0.37,0.39,50,within_sampled_range,IU,142,58.333333333333336,runs/yin_latest_vgg_20260927/transfer/results/r21vgg2k_vgg16_bn_s42/faces_rfwWM64/houses_yin64/results.csv,IU
noaa,VGG2k / no AA,r21vgg2k_vgg16_bn_s42,face_transfer,124,two_shared_ui,RFW WM64,Houses,0.37,0.39,50,within_sampled_range,IU,143,75.0,runs/yin_latest_vgg_20260927/transfer/results/r21vgg2k_vgg16_bn_s42/faces_rfwWM64/houses_yin64/results.csv,IU
noaa,VGG2k / no AA,r21vgg2k_vgg16_bn_s42,face_transfer,124,two_shared_ui,RFW WM64,Houses,0.37,0.39,50,within_sampled_range,IU,144,75.0,runs/yin_latest_vgg_20260927/transfer/results/r21vgg2k_vgg16_bn_s42/faces_rfwWM64/houses_yin64/results.csv,IU
noaa,VGG2k / no AA,r21vgg2k_vgg16_bn_s42,face_transfer,124,two_shared_ui,RFW WM64,Houses,0.37,0.39,50,within_sampled_range,IU,145,83.33333333333334,runs/yin_latest_vgg_20260927/transfer/results/r21vgg2k_vgg16_bn_s42/faces_rfwWM64/houses_yin64/results.csv,IU
noaa,VGG2k / no AA,r21vgg2k_vgg16_bn_s42,face_transfer,124,two_shared_ui,RFW WM64,Houses,0.37,0.39,50,within_sampled_range,IU,146,58.333333333333336,runs/yin_latest_vgg_20260927/transfer/results/r21vgg2k_vgg16_bn_s42/faces_rfwWM64/houses_yin64/results.csv,IU
noaa,VGG2k / no AA,r21vgg2k_vgg16_bn_s42,face_transfer,124,two_shared_ui,RFW WM64,Houses,0.37,0.39,50,within_sampled_range,IU,147,66.66666666666666,runs/yin_latest_vgg_20260927/transfer/results/r21vgg2k_vgg16_bn_s42/faces_rfwWM64/houses_yin64/results.csv,IU
noaa,VGG2k / no AA,r21vgg2k_vgg16_bn_s42,face_transfer,124,two_shared_ui,RFW WM64,Houses,0.37,0.39,50,within_sampled_range,IU,148,62.5,runs/yin_latest_vgg_20260927/transfer/results/r21vgg2k_vgg16_bn_s42/faces_rfwWM64/houses_yin64/results.csv,IU
noaa,VGG2k / no AA,r21vgg2k_vgg16_bn_s42,face_transfer,124,two_shared_ui,RFW WM64,Houses,0.37,0.39,50,within_sampled_range,IU,149,66.66666666666666,runs/yin_latest_vgg_20260927/transfer/results/r21vgg2k_vgg16_bn_s42/faces_rfwWM64/houses_yin64/results.csv,IU
noaa,VGG2k / no AA,r21vgg2k_vgg16_bn_s42,face_transfer,124,two_shared_ui,RFW WM64,Houses,0.37,0.39,50,within_sampled_range,IU,150,70.83333333333334,runs/yin_latest_vgg_20260927/transfer/results/r21vgg2k_vgg16_bn_s42/faces_rfwWM64/houses_yin64/results.csv,IU
noaa,VGG2k / no AA,r21vgg2k_vgg16_bn_s42,face_transfer,124,single_uu,CFD WM64,Faces,0.36,,50,within_sampled_range,UU,101,95.83333333333334,runs/yin_latest_vgg_20260927/single_noise/r21vgg2k_vgg16_bn_s42/faces_cfdWM64/faces_cfdWM64/results.csv,UU
noaa,VGG2k / no AA,r21vgg2k_vgg16_bn_s42,face_transfer,124,single_uu,CFD WM64,Faces,0.36,,50,within_sampled_range,UU,102,100.0,runs/yin_latest_vgg_20260927/single_noise/r21vgg2k_vgg16_bn_s42/faces_cfdWM64/faces_cfdWM64/results.csv,UU
noaa,VGG2k / no AA,r21vgg2k_vgg16_bn_s42,face_transfer,124,single_uu,CFD WM64,Faces,0.36,,50,within_sampled_range,UU,103,95.83333333333334,runs/yin_latest_vgg_20260927/single_noise/r21vgg2k_vgg16_bn_s42/faces_cfdWM64/faces_cfdWM64/results.csv,UU
noaa,VGG2k / no AA,r21vgg2k_vgg16_bn_s42,face_transfer,124,single_uu,CFD WM64,Faces,0.36,,50,within_sampled_range,UU,104,100.0,runs/yin_latest_vgg_20260927/single_noise/r21vgg2k_vgg16_bn_s42/faces_cfdWM64/faces_cfdWM64/results.csv,UU
noaa,VGG2k / no AA,r21vgg2k_vgg16_bn_s42,face_transfer,124,single_uu,CFD WM64,Faces,0.36,,50,within_sampled_range,UU,105,91.66666666666666,runs/yin_latest_vgg_20260927/single_noise/r21vgg2k_vgg16_bn_s42/faces_cfdWM64/faces_cfdWM64/results.csv,UU
noaa,VGG2k / no AA,r21vgg2k_vgg16_bn_s42,face_transfer,124,single_uu,CFD WM64,Faces,0.36,,50,within_sampled_range,UU,106,95.83333333333334,runs/yin_latest_vgg_20260927/single_noise/r21vgg2k_vgg16_bn_s42/faces_cfdWM64/faces_cfdWM64/results.csv,UU
noaa,VGG2k / no AA,r21vgg2k_vgg16_bn_s42,face_transfer,124,single_uu,CFD WM64,Faces,0.36,,50,within_sampled_range,UU,107,100.0,runs/yin_latest_vgg_20260927/single_noise/r21vgg2k_vgg16_bn_s42/faces_cfdWM64/faces_cfdWM64/results.csv,UU
noaa,VGG2k / no AA,r21vgg2k_vgg16_bn_s42,face_transfer,124,single_uu,CFD WM64,Faces,0.36,,50,within_sampled_range,UU,108,100.0,runs/yin_latest_vgg_20260927/single_noise/r21vgg2k_vgg16_bn_s42/faces_cfdWM64/faces_cfdWM64/results.csv,UU
noaa,VGG2k / no AA,r21vgg2k_vgg16_bn_s42,face_transfer,124,single_uu,CFD WM64,Faces,0.36,,50,within_sampled_range,UU,109,95.83333333333334,runs/yin_latest_vgg_20260927/single_noise/r21vgg2k_vgg16_bn_s42/faces_cfdWM64/faces_cfdWM64/results.csv,UU
noaa,VGG2k / no AA,r21vgg2k_vgg16_bn_s42,face_transfer,124,single_uu,CFD WM64,Faces,0.36,,50,within_sampled_range,UU,110,95.83333333333334,runs/yin_latest_vgg_20260927/single_noise/r21vgg2k_vgg16_bn_s42/faces_cfdWM64/faces_cfdWM64/results.csv,UU
noaa,VGG2k / no AA,r21vgg2k_vgg16_bn_s42,face_transfer,124,single_uu,CFD WM64,Faces,0.36,,50,within_sampled_range,UU,111,87.5,runs/yin_latest_vgg_20260927/single_noise/r21vgg2k_vgg16_bn_s42/faces_cfdWM64/faces_cfdWM64/results.csv,UU
noaa,VGG2k / no AA,r21vgg2k_vgg16_bn_s42,face_transfer,124,single_uu,CFD WM64,Faces,0.36,,50,within_sampled_range,UU,112,95.83333333333334,runs/yin_latest_vgg_20260927/single_noise/r21vgg2k_vgg16_bn_s42/faces_cfdWM64/faces_cfdWM64/results.csv,UU
noaa,VGG2k / no AA,r21vgg2k_vgg16_bn_s42,face_transfer,124,single_uu,CFD WM64,Faces,0.36,,50,within_sampled_range,UU,113,100.0,runs/yin_latest_vgg_20260927/single_noise/r21vgg2k_vgg16_bn_s42/faces_cfdWM64/faces_cfdWM64/results.csv,UU
noaa,VGG2k / no AA,r21vgg2k_vgg16_bn_s42,face_transfer,124,single_uu,CFD WM64,Faces,0.36,,50,within_sampled_range,UU,114,91.66666666666666,runs/yin_latest_vgg_20260927/single_noise/r21vgg2k_vgg16_bn_s42/faces_cfdWM64/faces_cfdWM64/results.csv,UU
noaa,VGG2k / no AA,r21vgg2k_vgg16_bn_s42,face_transfer,124,single_uu,CFD WM64,Faces,0.36,,50,within_sampled_range,UU,115,95.83333333333334,runs/yin_latest_vgg_20260927/single_noise/r21vgg2k_vgg16_bn_s42/faces_cfdWM64/faces_cfdWM64/results.csv,UU
noaa,VGG2k / no AA,r21vgg2k_vgg16_bn_s42,face_transfer,124,single_uu,CFD WM64,Faces,0.36,,50,within_sampled_range,UU,116,91.66666666666666,runs/yin_latest_vgg_20260927/single_noise/r21vgg2k_vgg16_bn_s42/faces_cfdWM64/faces_cfdWM64/results.csv,UU
noaa,VGG2k / no AA,r21vgg2k_vgg16_bn_s42,face_transfer,124,single_uu,CFD WM64,Faces,0.36,,50,within_sampled_range,UU,117,91.66666666666666,runs/yin_latest_vgg_20260927/single_noise/r21vgg2k_vgg16_bn_s42/faces_cfdWM64/faces_cfdWM64/results.csv,UU
noaa,VGG2k / no AA,r21vgg2k_vgg16_bn_s42,face_transfer,124,single_uu,CFD WM64,Faces,0.36,,50,within_sampled_range,UU,118,95.83333333333334,runs/yin_latest_vgg_20260927/single_noise/r21vgg2k_vgg16_bn_s42/faces_cfdWM64/faces_cfdWM64/results.csv,UU
noaa,VGG2k / no AA,r21vgg2k_vgg16_bn_s42,face_transfer,124,single_uu,CFD WM64,Faces,0.36,,50,within_sampled_range,UU,119,91.66666666666666,runs/yin_latest_vgg_20260927/single_noise/r21vgg2k_vgg16_bn_s42/faces_cfdWM64/faces_cfdWM64/results.csv,UU
noaa,VGG2k / no AA,r21vgg2k_vgg16_bn_s42,face_transfer,124,single_uu,CFD WM64,Faces,0.36,,50,within_sampled_range,UU,120,100.0,runs/yin_latest_vgg_20260927/single_noise/r21vgg2k_vgg16_bn_s42/faces_cfdWM64/faces_cfdWM64/results.csv,UU
noaa,VGG2k / no AA,r21vgg2k_vgg16_bn_s42,face_transfer,124,single_uu,CFD WM64,Faces,0.36,,50,within_sampled_range,UU,121,95.83333333333334,runs/yin_latest_vgg_20260927/single_noise/r21vgg2k_vgg16_bn_s42/faces_cfdWM64/faces_cfdWM64/results.csv,UU
noaa,VGG2k / no AA,r21vgg2k_vgg16_bn_s42,face_transfer,124,single_uu,CFD WM64,Faces,0.36,,50,within_sampled_range,UU,122,95.83333333333334,runs/yin_latest_vgg_20260927/single_noise/r21vgg2k_vgg16_bn_s42/faces_cfdWM64/faces_cfdWM64/results.csv,UU
noaa,VGG2k / no AA,r21vgg2k_vgg16_bn_s42,face_transfer,124,single_uu,CFD WM64,Faces,0.36,,50,within_sampled_range,UU,123,95.83333333333334,runs/yin_latest_vgg_20260927/single_noise/r21vgg2k_vgg16_bn_s42/faces_cfdWM64/faces_cfdWM64/results.csv,UU
noaa,VGG2k / no AA,r21vgg2k_vgg16_bn_s42,face_transfer,124,single_uu,CFD WM64,Faces,0.36,,50,within_sampled_range,UU,124,100.0,runs/yin_latest_vgg_20260927/single_noise/r21vgg2k_vgg16_bn_s42/faces_cfdWM64/faces_cfdWM64/results.csv,UU
noaa,VGG2k / no AA,r21vgg2k_vgg16_bn_s42,face_transfer,124,single_uu,CFD WM64,Faces,0.36,,50,within_sampled_range,UU,125,100.0,runs/yin_latest_vgg_20260927/single_noise/r21vgg2k_vgg16_bn_s42/faces_cfdWM64/faces_cfdWM64/results.csv,UU
noaa,VGG2k / no AA,r21vgg2k_vgg16_bn_s42,face_transfer,124,single_uu,CFD WM64,Faces,0.36,,50,within_sampled_range,UU,126,95.83333333333334,runs/yin_latest_vgg_20260927/single_noise/r21vgg2k_vgg16_bn_s42/faces_cfdWM64/faces_cfdWM64/results.csv,UU
noaa,VGG2k / no AA,r21vgg2k_vgg16_bn_s42,face_transfer,124,single_uu,CFD WM64,Faces,0.36,,50,within_sampled_range,UU,127,95.83333333333334,runs/yin_latest_vgg_20260927/single_noise/r21vgg2k_vgg16_bn_s42/faces_cfdWM64/faces_cfdWM64/results.csv,UU
noaa,VGG2k / no AA,r21vgg2k_vgg16_bn_s42,face_transfer,124,single_uu,CFD WM64,Faces,0.36,,50,within_sampled_range,UU,128,91.66666666666666,runs/yin_latest_vgg_20260927/single_noise/r21vgg2k_vgg16_bn_s42/faces_cfdWM64/faces_cfdWM64/results.csv,UU
noaa,VGG2k / no AA,r21vgg2k_vgg16_bn_s42,face_transfer,124,single_uu,CFD WM64,Faces,0.36,,50,within_sampled_range,UU,129,95.83333333333334,runs/yin_latest_vgg_20260927/single_noise/r21vgg2k_vgg16_bn_s42/faces_cfdWM64/faces_cfdWM64/results.csv,UU
noaa,VGG2k / no AA,r21vgg2k_vgg16_bn_s42,face_transfer,124,single_uu,CFD WM64,Faces,0.36,,50,within_sampled_range,UU,130,100.0,runs/yin_latest_vgg_20260927/single_noise/r21vgg2k_vgg16_bn_s42/faces_cfdWM64/faces_cfdWM64/results.csv,UU
noaa,VGG2k / no AA,r21vgg2k_vgg16_bn_s42,face_transfer,124,single_uu,CFD WM64,Faces,0.36,,50,within_sampled_range,UU,131,100.0,runs/yin_latest_vgg_20260927/single_noise/r21vgg2k_vgg16_bn_s42/faces_cfdWM64/faces_cfdWM64/results.csv,UU
noaa,VGG2k / no AA,r21vgg2k_vgg16_bn_s42,face_transfer,124,single_uu,CFD WM64,Faces,0.36,,50,within_sampled_range,UU,132,95.83333333333334,runs/yin_latest_vgg_20260927/single_noise/r21vgg2k_vgg16_bn_s42/faces_cfdWM64/faces_cfdWM64/results.csv,UU
noaa,VGG2k / no AA,r21vgg2k_vgg16_bn_s42,face_transfer,124,single_uu,CFD WM64,Faces,0.36,,50,within_sampled_range,UU,133,91.66666666666666,runs/yin_latest_vgg_20260927/single_noise/r21vgg2k_vgg16_bn_s42/faces_cfdWM64/faces_cfdWM64/results.csv,UU
noaa,VGG2k / no AA,r21vgg2k_vgg16_bn_s42,face_transfer,124,single_uu,CFD WM64,Faces,0.36,,50,within_sampled_range,UU,134,100.0,runs/yin_latest_vgg_20260927/single_noise/r21vgg2k_vgg16_bn_s42/faces_cfdWM64/faces_cfdWM64/results.csv,UU
noaa,VGG2k / no AA,r21vgg2k_vgg16_bn_s42,face_transfer,124,single_uu,CFD WM64,Faces,0.36,,50,within_sampled_range,UU,135,91.66666666666666,runs/yin_latest_vgg_20260927/single_noise/r21vgg2k_vgg16_bn_s42/faces_cfdWM64/faces_cfdWM64/results.csv,UU
noaa,VGG2k / no AA,r21vgg2k_vgg16_bn_s42,face_transfer,124,single_uu,CFD WM64,Faces,0.36,,50,within_sampled_range,UU,136,100.0,runs/yin_latest_vgg_20260927/single_noise/r21vgg2k_vgg16_bn_s42/faces_cfdWM64/faces_cfdWM64/results.csv,UU
noaa,VGG2k / no AA,r21vgg2k_vgg16_bn_s42,face_transfer,124,single_uu,CFD WM64,Faces,0.36,,50,within_sampled_range,UU,137,100.0,runs/yin_latest_vgg_20260927/single_noise/r21vgg2k_vgg16_bn_s42/faces_cfdWM64/faces_cfdWM64/results.csv,UU
noaa,VGG2k / no AA,r21vgg2k_vgg16_bn_s42,face_transfer,124,single_uu,CFD WM64,Faces,0.36,,50,within_sampled_range,UU,138,100.0,runs/yin_latest_vgg_20260927/single_noise/r21vgg2k_vgg16_bn_s42/faces_cfdWM64/faces_cfdWM64/results.csv,UU
noaa,VGG2k / no AA,r21vgg2k_vgg16_bn_s42,face_transfer,124,single_uu,CFD WM64,Faces,0.36,,50,within_sampled_range,UU,139,83.33333333333334,runs/yin_latest_vgg_20260927/single_noise/r21vgg2k_vgg16_bn_s42/faces_cfdWM64/faces_cfdWM64/results.csv,UU
noaa,VGG2k / no AA,r21vgg2k_vgg16_bn_s42,face_transfer,124,single_uu,CFD WM64,Faces,0.36,,50,within_sampled_range,UU,140,91.66666666666666,runs/yin_latest_vgg_20260927/single_noise/r21vgg2k_vgg16_bn_s42/faces_cfdWM64/faces_cfdWM64/results.csv,UU
noaa,VGG2k / no AA,r21vgg2k_vgg16_bn_s42,face_transfer,124,single_uu,CFD WM64,Faces,0.36,,50,within_sampled_range,UU,141,100.0,runs/yin_latest_vgg_20260927/single_noise/r21vgg2k_vgg16_bn_s42/faces_cfdWM64/faces_cfdWM64/results.csv,UU
noaa,VGG2k / no AA,r21vgg2k_vgg16_bn_s42,face_transfer,124,single_uu,CFD WM64,Faces,0.36,,50,within_sampled_range,UU,142,100.0,runs/yin_latest_vgg_20260927/single_noise/r21vgg2k_vgg16_bn_s42/faces_cfdWM64/faces_cfdWM64/results.csv,UU
noaa,VGG2k / no AA,r21vgg2k_vgg16_bn_s42,face_transfer,124,single_uu,CFD WM64,Faces,0.36,,50,within_sampled_range,UU,143,95.83333333333334,runs/yin_latest_vgg_20260927/single_noise/r21vgg2k_vgg16_bn_s42/faces_cfdWM64/faces_cfdWM64/results.csv,UU
noaa,VGG2k / no AA,r21vgg2k_vgg16_bn_s42,face_transfer,124,single_uu,CFD WM64,Faces,0.36,,50,within_sampled_range,UU,144,100.0,runs/yin_latest_vgg_20260927/single_noise/r21vgg2k_vgg16_bn_s42/faces_cfdWM64/faces_cfdWM64/results.csv,UU
noaa,VGG2k / no AA,r21vgg2k_vgg16_bn_s42,face_transfer,124,single_uu,CFD WM64,Faces,0.36,,50,within_sampled_range,UU,145,95.83333333333334,runs/yin_latest_vgg_20260927/single_noise/r21vgg2k_vgg16_bn_s42/faces_cfdWM64/faces_cfdWM64/results.csv,UU
noaa,VGG2k / no AA,r21vgg2k_vgg16_bn_s42,face_transfer,124,single_uu,CFD WM64,Faces,0.36,,50,within_sampled_range,UU,146,95.83333333333334,runs/yin_latest_vgg_20260927/single_noise/r21vgg2k_vgg16_bn_s42/faces_cfdWM64/faces_cfdWM64/results.csv,UU
noaa,VGG2k / no AA,r21vgg2k_vgg16_bn_s42,face_transfer,124,single_uu,CFD WM64,Faces,0.36,,50,within_sampled_range,UU,147,91.66666666666666,runs/yin_latest_vgg_20260927/single_noise/r21vgg2k_vgg16_bn_s42/faces_cfdWM64/faces_cfdWM64/results.csv,UU
noaa,VGG2k / no AA,r21vgg2k_vgg16_bn_s42,face_transfer,124,single_uu,CFD WM64,Faces,0.36,,50,within_sampled_range,UU,148,95.83333333333334,runs/yin_latest_vgg_20260927/single_noise/r21vgg2k_vgg16_bn_s42/faces_cfdWM64/faces_cfdWM64/results.csv,UU
noaa,VGG2k / no AA,r21vgg2k_vgg16_bn_s42,face_transfer,124,single_uu,CFD WM64,Faces,0.36,,50,within_sampled_range,UU,149,95.83333333333334,runs/yin_latest_vgg_20260927/single_noise/r21vgg2k_vgg16_bn_s42/faces_cfdWM64/faces_cfdWM64/results.csv,UU
noaa,VGG2k / no AA,r21vgg2k_vgg16_bn_s42,face_transfer,124,single_uu,CFD WM64,Faces,0.36,,50,within_sampled_range,UU,150,100.0,runs/yin_latest_vgg_20260927/single_noise/r21vgg2k_vgg16_bn_s42/faces_cfdWM64/faces_cfdWM64/results.csv,UU
noaa,VGG2k / no AA,r21vgg2k_vgg16_bn_s42,face_transfer,124,single_uu,CFD WM64,Faces,0.36,,50,within_sampled_range,II,101,95.83333333333334,runs/yin_latest_vgg_20260927/single_noise/r21vgg2k_vgg16_bn_s42/faces_cfdWM64/faces_cfdWM64/results.csv,II
noaa,VGG2k / no AA,r21vgg2k_vgg16_bn_s42,face_transfer,124,single_uu,CFD WM64,Faces,0.36,,50,within_sampled_range,II,102,87.5,runs/yin_latest_vgg_20260927/single_noise/r21vgg2k_vgg16_bn_s42/faces_cfdWM64/faces_cfdWM64/results.csv,II
noaa,VGG2k / no AA,r21vgg2k_vgg16_bn_s42,face_transfer,124,single_uu,CFD WM64,Faces,0.36,,50,within_sampled_range,II,103,91.66666666666666,runs/yin_latest_vgg_20260927/single_noise/r21vgg2k_vgg16_bn_s42/faces_cfdWM64/faces_cfdWM64/results.csv,II
noaa,VGG2k / no AA,r21vgg2k_vgg16_bn_s42,face_transfer,124,single_uu,CFD WM64,Faces,0.36,,50,within_sampled_range,II,104,91.66666666666666,runs/yin_latest_vgg_20260927/single_noise/r21vgg2k_vgg16_bn_s42/faces_cfdWM64/faces_cfdWM64/results.csv,II
noaa,VGG2k / no AA,r21vgg2k_vgg16_bn_s42,face_transfer,124,single_uu,CFD WM64,Faces,0.36,,50,within_sampled_range,II,105,87.5,runs/yin_latest_vgg_20260927/single_noise/r21vgg2k_vgg16_bn_s42/faces_cfdWM64/faces_cfdWM64/results.csv,II
noaa,VGG2k / no AA,r21vgg2k_vgg16_bn_s42,face_transfer,124,single_uu,CFD WM64,Faces,0.36,,50,within_sampled_range,II,106,91.66666666666666,runs/yin_latest_vgg_20260927/single_noise/r21vgg2k_vgg16_bn_s42/faces_cfdWM64/faces_cfdWM64/results.csv,II
noaa,VGG2k / no AA,r21vgg2k_vgg16_bn_s42,face_transfer,124,single_uu,CFD WM64,Faces,0.36,,50,within_sampled_range,II,107,91.66666666666666,runs/yin_latest_vgg_20260927/single_noise/r21vgg2k_vgg16_bn_s42/faces_cfdWM64/faces_cfdWM64/results.csv,II
noaa,VGG2k / no AA,r21vgg2k_vgg16_bn_s42,face_transfer,124,single_uu,CFD WM64,Faces,0.36,,50,within_sampled_range,II,108,95.83333333333334,runs/yin_latest_vgg_20260927/single_noise/r21vgg2k_vgg16_bn_s42/faces_cfdWM64/faces_cfdWM64/results.csv,II
noaa,VGG2k / no AA,r21vgg2k_vgg16_bn_s42,face_transfer,124,single_uu,CFD WM64,Faces,0.36,,50,within_sampled_range,II,109,95.83333333333334,runs/yin_latest_vgg_20260927/single_noise/r21vgg2k_vgg16_bn_s42/faces_cfdWM64/faces_cfdWM64/results.csv,II
noaa,VGG2k / no AA,r21vgg2k_vgg16_bn_s42,face_transfer,124,single_uu,CFD WM64,Faces,0.36,,50,within_sampled_range,II,110,87.5,runs/yin_latest_vgg_20260927/single_noise/r21vgg2k_vgg16_bn_s42/faces_cfdWM64/faces_cfdWM64/results.csv,II
noaa,VGG2k / no AA,r21vgg2k_vgg16_bn_s42,face_transfer,124,single_uu,CFD WM64,Faces,0.36,,50,within_sampled_range,II,111,79.16666666666666,runs/yin_latest_vgg_20260927/single_noise/r21vgg2k_vgg16_bn_s42/faces_cfdWM64/faces_cfdWM64/results.csv,II
noaa,VGG2k / no AA,r21vgg2k_vgg16_bn_s42,face_transfer,124,single_uu,CFD WM64,Faces,0.36,,50,within_sampled_range,II,112,91.66666666666666,runs/yin_latest_vgg_20260927/single_noise/r21vgg2k_vgg16_bn_s42/faces_cfdWM64/faces_cfdWM64/results.csv,II
noaa,VGG2k / no AA,r21vgg2k_vgg16_bn_s42,face_transfer,124,single_uu,CFD WM64,Faces,0.36,,50,within_sampled_range,II,113,87.5,runs/yin_latest_vgg_20260927/single_noise/r21vgg2k_vgg16_bn_s42/faces_cfdWM64/faces_cfdWM64/results.csv,II
noaa,VGG2k / no AA,r21vgg2k_vgg16_bn_s42,face_transfer,124,single_uu,CFD WM64,Faces,0.36,,50,within_sampled_range,II,114,91.66666666666666,runs/yin_latest_vgg_20260927/single_noise/r21vgg2k_vgg16_bn_s42/faces_cfdWM64/faces_cfdWM64/results.csv,II
noaa,VGG2k / no AA,r21vgg2k_vgg16_bn_s42,face_transfer,124,single_uu,CFD WM64,Faces,0.36,,50,within_sampled_range,II,115,91.66666666666666,runs/yin_latest_vgg_20260927/single_noise/r21vgg2k_vgg16_bn_s42/faces_cfdWM64/faces_cfdWM64/results.csv,II
noaa,VGG2k / no AA,r21vgg2k_vgg16_bn_s42,face_transfer,124,single_uu,CFD WM64,Faces,0.36,,50,within_sampled_range,II,116,87.5,runs/yin_latest_vgg_20260927/single_noise/r21vgg2k_vgg16_bn_s42/faces_cfdWM64/faces_cfdWM64/results.csv,II
noaa,VGG2k / no AA,r21vgg2k_vgg16_bn_s42,face_transfer,124,single_uu,CFD WM64,Faces,0.36,,50,within_sampled_range,II,117,83.33333333333334,runs/yin_latest_vgg_20260927/single_noise/r21vgg2k_vgg16_bn_s42/faces_cfdWM64/faces_cfdWM64/results.csv,II
noaa,VGG2k / no AA,r21vgg2k_vgg16_bn_s42,face_transfer,124,single_uu,CFD WM64,Faces,0.36,,50,within_sampled_range,II,118,95.83333333333334,runs/yin_latest_vgg_20260927/single_noise/r21vgg2k_vgg16_bn_s42/faces_cfdWM64/faces_cfdWM64/results.csv,II
noaa,VGG2k / no AA,r21vgg2k_vgg16_bn_s42,face_transfer,124,single_uu,CFD WM64,Faces,0.36,,50,within_sampled_range,II,119,91.66666666666666,runs/yin_latest_vgg_20260927/single_noise/r21vgg2k_vgg16_bn_s42/faces_cfdWM64/faces_cfdWM64/results.csv,II
noaa,VGG2k / no AA,r21vgg2k_vgg16_bn_s42,face_transfer,124,single_uu,CFD WM64,Faces,0.36,,50,within_sampled_range,II,120,87.5,runs/yin_latest_vgg_20260927/single_noise/r21vgg2k_vgg16_bn_s42/faces_cfdWM64/faces_cfdWM64/results.csv,II
noaa,VGG2k / no AA,r21vgg2k_vgg16_bn_s42,face_transfer,124,single_uu,CFD WM64,Faces,0.36,,50,within_sampled_range,II,121,87.5,runs/yin_latest_vgg_20260927/single_noise/r21vgg2k_vgg16_bn_s42/faces_cfdWM64/faces_cfdWM64/results.csv,II
noaa,VGG2k / no AA,r21vgg2k_vgg16_bn_s42,face_transfer,124,single_uu,CFD WM64,Faces,0.36,,50,within_sampled_range,II,122,87.5,runs/yin_latest_vgg_20260927/single_noise/r21vgg2k_vgg16_bn_s42/faces_cfdWM64/faces_cfdWM64/results.csv,II
noaa,VGG2k / no AA,r21vgg2k_vgg16_bn_s42,face_transfer,124,single_uu,CFD WM64,Faces,0.36,,50,within_sampled_range,II,123,87.5,runs/yin_latest_vgg_20260927/single_noise/r21vgg2k_vgg16_bn_s42/faces_cfdWM64/faces_cfdWM64/results.csv,II
noaa,VGG2k / no AA,r21vgg2k_vgg16_bn_s42,face_transfer,124,single_uu,CFD WM64,Faces,0.36,,50,within_sampled_range,II,124,91.66666666666666,runs/yin_latest_vgg_20260927/single_noise/r21vgg2k_vgg16_bn_s42/faces_cfdWM64/faces_cfdWM64/results.csv,II
noaa,VGG2k / no AA,r21vgg2k_vgg16_bn_s42,face_transfer,124,single_uu,CFD WM64,Faces,0.36,,50,within_sampled_range,II,125,95.83333333333334,runs/yin_latest_vgg_20260927/single_noise/r21vgg2k_vgg16_bn_s42/faces_cfdWM64/faces_cfdWM64/results.csv,II
noaa,VGG2k / no AA,r21vgg2k_vgg16_bn_s42,face_transfer,124,single_uu,CFD WM64,Faces,0.36,,50,within_sampled_range,II,126,83.33333333333334,runs/yin_latest_vgg_20260927/single_noise/r21vgg2k_vgg16_bn_s42/faces_cfdWM64/faces_cfdWM64/results.csv,II
noaa,VGG2k / no AA,r21vgg2k_vgg16_bn_s42,face_transfer,124,single_uu,CFD WM64,Faces,0.36,,50,within_sampled_range,II,127,87.5,runs/yin_latest_vgg_20260927/single_noise/r21vgg2k_vgg16_bn_s42/faces_cfdWM64/faces_cfdWM64/results.csv,II
noaa,VGG2k / no AA,r21vgg2k_vgg16_bn_s42,face_transfer,124,single_uu,CFD WM64,Faces,0.36,,50,within_sampled_range,II,128,83.33333333333334,runs/yin_latest_vgg_20260927/single_noise/r21vgg2k_vgg16_bn_s42/faces_cfdWM64/faces_cfdWM64/results.csv,II
noaa,VGG2k / no AA,r21vgg2k_vgg16_bn_s42,face_transfer,124,single_uu,CFD WM64,Faces,0.36,,50,within_sampled_range,II,129,83.33333333333334,runs/yin_latest_vgg_20260927/single_noise/r21vgg2k_vgg16_bn_s42/faces_cfdWM64/faces_cfdWM64/results.csv,II
noaa,VGG2k / no AA,r21vgg2k_vgg16_bn_s42,face_transfer,124,single_uu,CFD WM64,Faces,0.36,,50,within_sampled_range,II,130,87.5,runs/yin_latest_vgg_20260927/single_noise/r21vgg2k_vgg16_bn_s42/faces_cfdWM64/faces_cfdWM64/results.csv,II
noaa,VGG2k / no AA,r21vgg2k_vgg16_bn_s42,face_transfer,124,single_uu,CFD WM64,Faces,0.36,,50,within_sampled_range,II,131,100.0,runs/yin_latest_vgg_20260927/single_noise/r21vgg2k_vgg16_bn_s42/faces_cfdWM64/faces_cfdWM64/results.csv,II
noaa,VGG2k / no AA,r21vgg2k_vgg16_bn_s42,face_transfer,124,single_uu,CFD WM64,Faces,0.36,,50,within_sampled_range,II,132,91.66666666666666,runs/yin_latest_vgg_20260927/single_noise/r21vgg2k_vgg16_bn_s42/faces_cfdWM64/faces_cfdWM64/results.csv,II
noaa,VGG2k / no AA,r21vgg2k_vgg16_bn_s42,face_transfer,124,single_uu,CFD WM64,Faces,0.36,,50,within_sampled_range,II,133,87.5,runs/yin_latest_vgg_20260927/single_noise/r21vgg2k_vgg16_bn_s42/faces_cfdWM64/faces_cfdWM64/results.csv,II
noaa,VGG2k / no AA,r21vgg2k_vgg16_bn_s42,face_transfer,124,single_uu,CFD WM64,Faces,0.36,,50,within_sampled_range,II,134,91.66666666666666,runs/yin_latest_vgg_20260927/single_noise/r21vgg2k_vgg16_bn_s42/faces_cfdWM64/faces_cfdWM64/results.csv,II
noaa,VGG2k / no AA,r21vgg2k_vgg16_bn_s42,face_transfer,124,single_uu,CFD WM64,Faces,0.36,,50,within_sampled_range,II,135,79.16666666666666,runs/yin_latest_vgg_20260927/single_noise/r21vgg2k_vgg16_bn_s42/faces_cfdWM64/faces_cfdWM64/results.csv,II
noaa,VGG2k / no AA,r21vgg2k_vgg16_bn_s42,face_transfer,124,single_uu,CFD WM64,Faces,0.36,,50,within_sampled_range,II,136,95.83333333333334,runs/yin_latest_vgg_20260927/single_noise/r21vgg2k_vgg16_bn_s42/faces_cfdWM64/faces_cfdWM64/results.csv,II
noaa,VGG2k / no AA,r21vgg2k_vgg16_bn_s42,face_transfer,124,single_uu,CFD WM64,Faces,0.36,,50,within_sampled_range,II,137,100.0,runs/yin_latest_vgg_20260927/single_noise/r21vgg2k_vgg16_bn_s42/faces_cfdWM64/faces_cfdWM64/results.csv,II
noaa,VGG2k / no AA,r21vgg2k_vgg16_bn_s42,face_transfer,124,single_uu,CFD WM64,Faces,0.36,,50,within_sampled_range,II,138,87.5,runs/yin_latest_vgg_20260927/single_noise/r21vgg2k_vgg16_bn_s42/faces_cfdWM64/faces_cfdWM64/results.csv,II
noaa,VGG2k / no AA,r21vgg2k_vgg16_bn_s42,face_transfer,124,single_uu,CFD WM64,Faces,0.36,,50,within_sampled_range,II,139,87.5,runs/yin_latest_vgg_20260927/single_noise/r21vgg2k_vgg16_bn_s42/faces_cfdWM64/faces_cfdWM64/results.csv,II
noaa,VGG2k / no AA,r21vgg2k_vgg16_bn_s42,face_transfer,124,single_uu,CFD WM64,Faces,0.36,,50,within_sampled_range,II,140,87.5,runs/yin_latest_vgg_20260927/single_noise/r21vgg2k_vgg16_bn_s42/faces_cfdWM64/faces_cfdWM64/results.csv,II
noaa,VGG2k / no AA,r21vgg2k_vgg16_bn_s42,face_transfer,124,single_uu,CFD WM64,Faces,0.36,,50,within_sampled_range,II,141,87.5,runs/yin_latest_vgg_20260927/single_noise/r21vgg2k_vgg16_bn_s42/faces_cfdWM64/faces_cfdWM64/results.csv,II
noaa,VGG2k / no AA,r21vgg2k_vgg16_bn_s42,face_transfer,124,single_uu,CFD WM64,Faces,0.36,,50,within_sampled_range,II,142,83.33333333333334,runs/yin_latest_vgg_20260927/single_noise/r21vgg2k_vgg16_bn_s42/faces_cfdWM64/faces_cfdWM64/results.csv,II
noaa,VGG2k / no AA,r21vgg2k_vgg16_bn_s42,face_transfer,124,single_uu,CFD WM64,Faces,0.36,,50,within_sampled_range,II,143,95.83333333333334,runs/yin_latest_vgg_20260927/single_noise/r21vgg2k_vgg16_bn_s42/faces_cfdWM64/faces_cfdWM64/results.csv,II
noaa,VGG2k / no AA,r21vgg2k_vgg16_bn_s42,face_transfer,124,single_uu,CFD WM64,Faces,0.36,,50,within_sampled_range,II,144,91.66666666666666,runs/yin_latest_vgg_20260927/single_noise/r21vgg2k_vgg16_bn_s42/faces_cfdWM64/faces_cfdWM64/results.csv,II
noaa,VGG2k / no AA,r21vgg2k_vgg16_bn_s42,face_transfer,124,single_uu,CFD WM64,Faces,0.36,,50,within_sampled_range,II,145,91.66666666666666,runs/yin_latest_vgg_20260927/single_noise/r21vgg2k_vgg16_bn_s42/faces_cfdWM64/faces_cfdWM64/results.csv,II
noaa,VGG2k / no AA,r21vgg2k_vgg16_bn_s42,face_transfer,124,single_uu,CFD WM64,Faces,0.36,,50,within_sampled_range,II,146,83.33333333333334,runs/yin_latest_vgg_20260927/single_noise/r21vgg2k_vgg16_bn_s42/faces_cfdWM64/faces_cfdWM64/results.csv,II
noaa,VGG2k / no AA,r21vgg2k_vgg16_bn_s42,face_transfer,124,single_uu,CFD WM64,Faces,0.36,,50,within_sampled_range,II,147,83.33333333333334,runs/yin_latest_vgg_20260927/single_noise/r21vgg2k_vgg16_bn_s42/faces_cfdWM64/faces_cfdWM64/results.csv,II
noaa,VGG2k / no AA,r21vgg2k_vgg16_bn_s42,face_transfer,124,single_uu,CFD WM64,Faces,0.36,,50,within_sampled_range,II,148,87.5,runs/yin_latest_vgg_20260927/single_noise/r21vgg2k_vgg16_bn_s42/faces_cfdWM64/faces_cfdWM64/results.csv,II
noaa,VGG2k / no AA,r21vgg2k_vgg16_bn_s42,face_transfer,124,single_uu,CFD WM64,Faces,0.36,,50,within_sampled_range,II,149,91.66666666666666,runs/yin_latest_vgg_20260927/single_noise/r21vgg2k_vgg16_bn_s42/faces_cfdWM64/faces_cfdWM64/results.csv,II
noaa,VGG2k / no AA,r21vgg2k_vgg16_bn_s42,face_transfer,124,single_uu,CFD WM64,Faces,0.36,,50,within_sampled_range,II,150,95.83333333333334,runs/yin_latest_vgg_20260927/single_noise/r21vgg2k_vgg16_bn_s42/faces_cfdWM64/faces_cfdWM64/results.csv,II
noaa,VGG2k / no AA,r21vgg2k_vgg16_bn_s42,face_transfer,124,single_uu,CFD WM64,Faces,0.36,,50,within_sampled_range,UI,101,95.83333333333334,runs/yin_latest_vgg_20260927/single_noise/r21vgg2k_vgg16_bn_s42/faces_cfdWM64/faces_cfdWM64/results.csv,UI
noaa,VGG2k / no AA,r21vgg2k_vgg16_bn_s42,face_transfer,124,single_uu,CFD WM64,Faces,0.36,,50,within_sampled_range,UI,102,91.66666666666666,runs/yin_latest_vgg_20260927/single_noise/r21vgg2k_vgg16_bn_s42/faces_cfdWM64/faces_cfdWM64/results.csv,UI
noaa,VGG2k / no AA,r21vgg2k_vgg16_bn_s42,face_transfer,124,single_uu,CFD WM64,Faces,0.36,,50,within_sampled_range,UI,103,91.66666666666666,runs/yin_latest_vgg_20260927/single_noise/r21vgg2k_vgg16_bn_s42/faces_cfdWM64/faces_cfdWM64/results.csv,UI
noaa,VGG2k / no AA,r21vgg2k_vgg16_bn_s42,face_transfer,124,single_uu,CFD WM64,Faces,0.36,,50,within_sampled_range,UI,104,95.83333333333334,runs/yin_latest_vgg_20260927/single_noise/r21vgg2k_vgg16_bn_s42/faces_cfdWM64/faces_cfdWM64/results.csv,UI
noaa,VGG2k / no AA,r21vgg2k_vgg16_bn_s42,face_transfer,124,single_uu,CFD WM64,Faces,0.36,,50,within_sampled_range,UI,105,91.66666666666666,runs/yin_latest_vgg_20260927/single_noise/r21vgg2k_vgg16_bn_s42/faces_cfdWM64/faces_cfdWM64/results.csv,UI
noaa,VGG2k / no AA,r21vgg2k_vgg16_bn_s42,face_transfer,124,single_uu,CFD WM64,Faces,0.36,,50,within_sampled_range,UI,106,91.66666666666666,runs/yin_latest_vgg_20260927/single_noise/r21vgg2k_vgg16_bn_s42/faces_cfdWM64/faces_cfdWM64/results.csv,UI
noaa,VGG2k / no AA,r21vgg2k_vgg16_bn_s42,face_transfer,124,single_uu,CFD WM64,Faces,0.36,,50,within_sampled_range,UI,107,95.83333333333334,runs/yin_latest_vgg_20260927/single_noise/r21vgg2k_vgg16_bn_s42/faces_cfdWM64/faces_cfdWM64/results.csv,UI
noaa,VGG2k / no AA,r21vgg2k_vgg16_bn_s42,face_transfer,124,single_uu,CFD WM64,Faces,0.36,,50,within_sampled_range,UI,108,87.5,runs/yin_latest_vgg_20260927/single_noise/r21vgg2k_vgg16_bn_s42/faces_cfdWM64/faces_cfdWM64/results.csv,UI
noaa,VGG2k / no AA,r21vgg2k_vgg16_bn_s42,face_transfer,124,single_uu,CFD WM64,Faces,0.36,,50,within_sampled_range,UI,109,91.66666666666666,runs/yin_latest_vgg_20260927/single_noise/r21vgg2k_vgg16_bn_s42/faces_cfdWM64/faces_cfdWM64/results.csv,UI
noaa,VGG2k / no AA,r21vgg2k_vgg16_bn_s42,face_transfer,124,single_uu,CFD WM64,Faces,0.36,,50,within_sampled_range,UI,110,100.0,runs/yin_latest_vgg_20260927/single_noise/r21vgg2k_vgg16_bn_s42/faces_cfdWM64/faces_cfdWM64/results.csv,UI
noaa,VGG2k / no AA,r21vgg2k_vgg16_bn_s42,face_transfer,124,single_uu,CFD WM64,Faces,0.36,,50,within_sampled_range,UI,111,79.16666666666666,runs/yin_latest_vgg_20260927/single_noise/r21vgg2k_vgg16_bn_s42/faces_cfdWM64/faces_cfdWM64/results.csv,UI
noaa,VGG2k / no AA,r21vgg2k_vgg16_bn_s42,face_transfer,124,single_uu,CFD WM64,Faces,0.36,,50,within_sampled_range,UI,112,95.83333333333334,runs/yin_latest_vgg_20260927/single_noise/r21vgg2k_vgg16_bn_s42/faces_cfdWM64/faces_cfdWM64/results.csv,UI
noaa,VGG2k / no AA,r21vgg2k_vgg16_bn_s42,face_transfer,124,single_uu,CFD WM64,Faces,0.36,,50,within_sampled_range,UI,113,83.33333333333334,runs/yin_latest_vgg_20260927/single_noise/r21vgg2k_vgg16_bn_s42/faces_cfdWM64/faces_cfdWM64/results.csv,UI
noaa,VGG2k / no AA,r21vgg2k_vgg16_bn_s42,face_transfer,124,single_uu,CFD WM64,Faces,0.36,,50,within_sampled_range,UI,114,83.33333333333334,runs/yin_latest_vgg_20260927/single_noise/r21vgg2k_vgg16_bn_s42/faces_cfdWM64/faces_cfdWM64/results.csv,UI
noaa,VGG2k / no AA,r21vgg2k_vgg16_bn_s42,face_transfer,124,single_uu,CFD WM64,Faces,0.36,,50,within_sampled_range,UI,115,95.83333333333334,runs/yin_latest_vgg_20260927/single_noise/r21vgg2k_vgg16_bn_s42/faces_cfdWM64/faces_cfdWM64/results.csv,UI
noaa,VGG2k / no AA,r21vgg2k_vgg16_bn_s42,face_transfer,124,single_uu,CFD WM64,Faces,0.36,,50,within_sampled_range,UI,116,91.66666666666666,runs/yin_latest_vgg_20260927/single_noise/r21vgg2k_vgg16_bn_s42/faces_cfdWM64/faces_cfdWM64/results.csv,UI
noaa,VGG2k / no AA,r21vgg2k_vgg16_bn_s42,face_transfer,124,single_uu,CFD WM64,Faces,0.36,,50,within_sampled_range,UI,117,83.33333333333334,runs/yin_latest_vgg_20260927/single_noise/r21vgg2k_vgg16_bn_s42/faces_cfdWM64/faces_cfdWM64/results.csv,UI
noaa,VGG2k / no AA,r21vgg2k_vgg16_bn_s42,face_transfer,124,single_uu,CFD WM64,Faces,0.36,,50,within_sampled_range,UI,118,95.83333333333334,runs/yin_latest_vgg_20260927/single_noise/r21vgg2k_vgg16_bn_s42/faces_cfdWM64/faces_cfdWM64/results.csv,UI
noaa,VGG2k / no AA,r21vgg2k_vgg16_bn_s42,face_transfer,124,single_uu,CFD WM64,Faces,0.36,,50,within_sampled_range,UI,119,95.83333333333334,runs/yin_latest_vgg_20260927/single_noise/r21vgg2k_vgg16_bn_s42/faces_cfdWM64/faces_cfdWM64/results.csv,UI
noaa,VGG2k / no AA,r21vgg2k_vgg16_bn_s42,face_transfer,124,single_uu,CFD WM64,Faces,0.36,,50,within_sampled_range,UI,120,100.0,runs/yin_latest_vgg_20260927/single_noise/r21vgg2k_vgg16_bn_s42/faces_cfdWM64/faces_cfdWM64/results.csv,UI
noaa,VGG2k / no AA,r21vgg2k_vgg16_bn_s42,face_transfer,124,single_uu,CFD WM64,Faces,0.36,,50,within_sampled_range,UI,121,87.5,runs/yin_latest_vgg_20260927/single_noise/r21vgg2k_vgg16_bn_s42/faces_cfdWM64/faces_cfdWM64/results.csv,UI
noaa,VGG2k / no AA,r21vgg2k_vgg16_bn_s42,face_transfer,124,single_uu,CFD WM64,Faces,0.36,,50,within_sampled_range,UI,122,95.83333333333334,runs/yin_latest_vgg_20260927/single_noise/r21vgg2k_vgg16_bn_s42/faces_cfdWM64/faces_cfdWM64/results.csv,UI
noaa,VGG2k / no AA,r21vgg2k_vgg16_bn_s42,face_transfer,124,single_uu,CFD WM64,Faces,0.36,,50,within_sampled_range,UI,123,83.33333333333334,runs/yin_latest_vgg_20260927/single_noise/r21vgg2k_vgg16_bn_s42/faces_cfdWM64/faces_cfdWM64/results.csv,UI
noaa,VGG2k / no AA,r21vgg2k_vgg16_bn_s42,face_transfer,124,single_uu,CFD WM64,Faces,0.36,,50,within_sampled_range,UI,124,87.5,runs/yin_latest_vgg_20260927/single_noise/r21vgg2k_vgg16_bn_s42/faces_cfdWM64/faces_cfdWM64/results.csv,UI
noaa,VGG2k / no AA,r21vgg2k_vgg16_bn_s42,face_transfer,124,single_uu,CFD WM64,Faces,0.36,,50,within_sampled_range,UI,125,91.66666666666666,runs/yin_latest_vgg_20260927/single_noise/r21vgg2k_vgg16_bn_s42/faces_cfdWM64/faces_cfdWM64/results.csv,UI
noaa,VGG2k / no AA,r21vgg2k_vgg16_bn_s42,face_transfer,124,single_uu,CFD WM64,Faces,0.36,,50,within_sampled_range,UI,126,83.33333333333334,runs/yin_latest_vgg_20260927/single_noise/r21vgg2k_vgg16_bn_s42/faces_cfdWM64/faces_cfdWM64/results.csv,UI
noaa,VGG2k / no AA,r21vgg2k_vgg16_bn_s42,face_transfer,124,single_uu,CFD WM64,Faces,0.36,,50,within_sampled_range,UI,127,83.33333333333334,runs/yin_latest_vgg_20260927/single_noise/r21vgg2k_vgg16_bn_s42/faces_cfdWM64/faces_cfdWM64/results.csv,UI
noaa,VGG2k / no AA,r21vgg2k_vgg16_bn_s42,face_transfer,124,single_uu,CFD WM64,Faces,0.36,,50,within_sampled_range,UI,128,83.33333333333334,runs/yin_latest_vgg_20260927/single_noise/r21vgg2k_vgg16_bn_s42/faces_cfdWM64/faces_cfdWM64/results.csv,UI
noaa,VGG2k / no AA,r21vgg2k_vgg16_bn_s42,face_transfer,124,single_uu,CFD WM64,Faces,0.36,,50,within_sampled_range,UI,129,91.66666666666666,runs/yin_latest_vgg_20260927/single_noise/r21vgg2k_vgg16_bn_s42/faces_cfdWM64/faces_cfdWM64/results.csv,UI
noaa,VGG2k / no AA,r21vgg2k_vgg16_bn_s42,face_transfer,124,single_uu,CFD WM64,Faces,0.36,,50,within_sampled_range,UI,130,91.66666666666666,runs/yin_latest_vgg_20260927/single_noise/r21vgg2k_vgg16_bn_s42/faces_cfdWM64/faces_cfdWM64/results.csv,UI
noaa,VGG2k / no AA,r21vgg2k_vgg16_bn_s42,face_transfer,124,single_uu,CFD WM64,Faces,0.36,,50,within_sampled_range,UI,131,100.0,runs/yin_latest_vgg_20260927/single_noise/r21vgg2k_vgg16_bn_s42/faces_cfdWM64/faces_cfdWM64/results.csv,UI
noaa,VGG2k / no AA,r21vgg2k_vgg16_bn_s42,face_transfer,124,single_uu,CFD WM64,Faces,0.36,,50,within_sampled_range,UI,132,91.66666666666666,runs/yin_latest_vgg_20260927/single_noise/r21vgg2k_vgg16_bn_s42/faces_cfdWM64/faces_cfdWM64/results.csv,UI
noaa,VGG2k / no AA,r21vgg2k_vgg16_bn_s42,face_transfer,124,single_uu,CFD WM64,Faces,0.36,,50,within_sampled_range,UI,133,83.33333333333334,runs/yin_latest_vgg_20260927/single_noise/r21vgg2k_vgg16_bn_s42/faces_cfdWM64/faces_cfdWM64/results.csv,UI
noaa,VGG2k / no AA,r21vgg2k_vgg16_bn_s42,face_transfer,124,single_uu,CFD WM64,Faces,0.36,,50,within_sampled_range,UI,134,95.83333333333334,runs/yin_latest_vgg_20260927/single_noise/r21vgg2k_vgg16_bn_s42/faces_cfdWM64/faces_cfdWM64/results.csv,UI
noaa,VGG2k / no AA,r21vgg2k_vgg16_bn_s42,face_transfer,124,single_uu,CFD WM64,Faces,0.36,,50,within_sampled_range,UI,135,87.5,runs/yin_latest_vgg_20260927/single_noise/r21vgg2k_vgg16_bn_s42/faces_cfdWM64/faces_cfdWM64/results.csv,UI
noaa,VGG2k / no AA,r21vgg2k_vgg16_bn_s42,face_transfer,124,single_uu,CFD WM64,Faces,0.36,,50,within_sampled_range,UI,136,91.66666666666666,runs/yin_latest_vgg_20260927/single_noise/r21vgg2k_vgg16_bn_s42/faces_cfdWM64/faces_cfdWM64/results.csv,UI
noaa,VGG2k / no AA,r21vgg2k_vgg16_bn_s42,face_transfer,124,single_uu,CFD WM64,Faces,0.36,,50,within_sampled_range,UI,137,100.0,runs/yin_latest_vgg_20260927/single_noise/r21vgg2k_vgg16_bn_s42/faces_cfdWM64/faces_cfdWM64/results.csv,UI
noaa,VGG2k / no AA,r21vgg2k_vgg16_bn_s42,face_transfer,124,single_uu,CFD WM64,Faces,0.36,,50,within_sampled_range,UI,138,87.5,runs/yin_latest_vgg_20260927/single_noise/r21vgg2k_vgg16_bn_s42/faces_cfdWM64/faces_cfdWM64/results.csv,UI
noaa,VGG2k / no AA,r21vgg2k_vgg16_bn_s42,face_transfer,124,single_uu,CFD WM64,Faces,0.36,,50,within_sampled_range,UI,139,79.16666666666666,runs/yin_latest_vgg_20260927/single_noise/r21vgg2k_vgg16_bn_s42/faces_cfdWM64/faces_cfdWM64/results.csv,UI
noaa,VGG2k / no AA,r21vgg2k_vgg16_bn_s42,face_transfer,124,single_uu,CFD WM64,Faces,0.36,,50,within_sampled_range,UI,140,83.33333333333334,runs/yin_latest_vgg_20260927/single_noise/r21vgg2k_vgg16_bn_s42/faces_cfdWM64/faces_cfdWM64/results.csv,UI
noaa,VGG2k / no AA,r21vgg2k_vgg16_bn_s42,face_transfer,124,single_uu,CFD WM64,Faces,0.36,,50,within_sampled_range,UI,141,91.66666666666666,runs/yin_latest_vgg_20260927/single_noise/r21vgg2k_vgg16_bn_s42/faces_cfdWM64/faces_cfdWM64/results.csv,UI
noaa,VGG2k / no AA,r21vgg2k_vgg16_bn_s42,face_transfer,124,single_uu,CFD WM64,Faces,0.36,,50,within_sampled_range,UI,142,100.0,runs/yin_latest_vgg_20260927/single_noise/r21vgg2k_vgg16_bn_s42/faces_cfdWM64/faces_cfdWM64/results.csv,UI
noaa,VGG2k / no AA,r21vgg2k_vgg16_bn_s42,face_transfer,124,single_uu,CFD WM64,Faces,0.36,,50,within_sampled_range,UI,143,83.33333333333334,runs/yin_latest_vgg_20260927/single_noise/r21vgg2k_vgg16_bn_s42/faces_cfdWM64/faces_cfdWM64/results.csv,UI
noaa,VGG2k / no AA,r21vgg2k_vgg16_bn_s42,face_transfer,124,single_uu,CFD WM64,Faces,0.36,,50,within_sampled_range,UI,144,95.83333333333334,runs/yin_latest_vgg_20260927/single_noise/r21vgg2k_vgg16_bn_s42/faces_cfdWM64/faces_cfdWM64/results.csv,UI
noaa,VGG2k / no AA,r21vgg2k_vgg16_bn_s42,face_transfer,124,single_uu,CFD WM64,Faces,0.36,,50,within_sampled_range,UI,145,95.83333333333334,runs/yin_latest_vgg_20260927/single_noise/r21vgg2k_vgg16_bn_s42/faces_cfdWM64/faces_cfdWM64/results.csv,UI
noaa,VGG2k / no AA,r21vgg2k_vgg16_bn_s42,face_transfer,124,single_uu,CFD WM64,Faces,0.36,,50,within_sampled_range,UI,146,91.66666666666666,runs/yin_latest_vgg_20260927/single_noise/r21vgg2k_vgg16_bn_s42/faces_cfdWM64/faces_cfdWM64/results.csv,UI
noaa,VGG2k / no AA,r21vgg2k_vgg16_bn_s42,face_transfer,124,single_uu,CFD WM64,Faces,0.36,,50,within_sampled_range,UI,147,87.5,runs/yin_latest_vgg_20260927/single_noise/r21vgg2k_vgg16_bn_s42/faces_cfdWM64/faces_cfdWM64/results.csv,UI
noaa,VGG2k / no AA,r21vgg2k_vgg16_bn_s42,face_transfer,124,single_uu,CFD WM64,Faces,0.36,,50,within_sampled_range,UI,148,83.33333333333334,runs/yin_latest_vgg_20260927/single_noise/r21vgg2k_vgg16_bn_s42/faces_cfdWM64/faces_cfdWM64/results.csv,UI
noaa,VGG2k / no AA,r21vgg2k_vgg16_bn_s42,face_transfer,124,single_uu,CFD WM64,Faces,0.36,,50,within_sampled_range,UI,149,87.5,runs/yin_latest_vgg_20260927/single_noise/r21vgg2k_vgg16_bn_s42/faces_cfdWM64/faces_cfdWM64/results.csv,UI
noaa,VGG2k / no AA,r21vgg2k_vgg16_bn_s42,face_transfer,124,single_uu,CFD WM64,Faces,0.36,,50,within_sampled_range,UI,150,95.83333333333334,runs/yin_latest_vgg_20260927/single_noise/r21vgg2k_vgg16_bn_s42/faces_cfdWM64/faces_cfdWM64/results.csv,UI
noaa,VGG2k / no AA,r21vgg2k_vgg16_bn_s42,face_transfer,124,single_uu,CFD WM64,Faces,0.36,,50,within_sampled_range,IU,101,83.33333333333334,runs/yin_latest_vgg_20260927/single_noise/r21vgg2k_vgg16_bn_s42/faces_cfdWM64/faces_cfdWM64/results.csv,IU
noaa,VGG2k / no AA,r21vgg2k_vgg16_bn_s42,face_transfer,124,single_uu,CFD WM64,Faces,0.36,,50,within_sampled_range,IU,102,95.83333333333334,runs/yin_latest_vgg_20260927/single_noise/r21vgg2k_vgg16_bn_s42/faces_cfdWM64/faces_cfdWM64/results.csv,IU
noaa,VGG2k / no AA,r21vgg2k_vgg16_bn_s42,face_transfer,124,single_uu,CFD WM64,Faces,0.36,,50,within_sampled_range,IU,103,91.66666666666666,runs/yin_latest_vgg_20260927/single_noise/r21vgg2k_vgg16_bn_s42/faces_cfdWM64/faces_cfdWM64/results.csv,IU
noaa,VGG2k / no AA,r21vgg2k_vgg16_bn_s42,face_transfer,124,single_uu,CFD WM64,Faces,0.36,,50,within_sampled_range,IU,104,91.66666666666666,runs/yin_latest_vgg_20260927/single_noise/r21vgg2k_vgg16_bn_s42/faces_cfdWM64/faces_cfdWM64/results.csv,IU
noaa,VGG2k / no AA,r21vgg2k_vgg16_bn_s42,face_transfer,124,single_uu,CFD WM64,Faces,0.36,,50,within_sampled_range,IU,105,91.66666666666666,runs/yin_latest_vgg_20260927/single_noise/r21vgg2k_vgg16_bn_s42/faces_cfdWM64/faces_cfdWM64/results.csv,IU
noaa,VGG2k / no AA,r21vgg2k_vgg16_bn_s42,face_transfer,124,single_uu,CFD WM64,Faces,0.36,,50,within_sampled_range,IU,106,91.66666666666666,runs/yin_latest_vgg_20260927/single_noise/r21vgg2k_vgg16_bn_s42/faces_cfdWM64/faces_cfdWM64/results.csv,IU
noaa,VGG2k / no AA,r21vgg2k_vgg16_bn_s42,face_transfer,124,single_uu,CFD WM64,Faces,0.36,,50,within_sampled_range,IU,107,83.33333333333334,runs/yin_latest_vgg_20260927/single_noise/r21vgg2k_vgg16_bn_s42/faces_cfdWM64/faces_cfdWM64/results.csv,IU
noaa,VGG2k / no AA,r21vgg2k_vgg16_bn_s42,face_transfer,124,single_uu,CFD WM64,Faces,0.36,,50,within_sampled_range,IU,108,87.5,runs/yin_latest_vgg_20260927/single_noise/r21vgg2k_vgg16_bn_s42/faces_cfdWM64/faces_cfdWM64/results.csv,IU
noaa,VGG2k / no AA,r21vgg2k_vgg16_bn_s42,face_transfer,124,single_uu,CFD WM64,Faces,0.36,,50,within_sampled_range,IU,109,91.66666666666666,runs/yin_latest_vgg_20260927/single_noise/r21vgg2k_vgg16_bn_s42/faces_cfdWM64/faces_cfdWM64/results.csv,IU
noaa,VGG2k / no AA,r21vgg2k_vgg16_bn_s42,face_transfer,124,single_uu,CFD WM64,Faces,0.36,,50,within_sampled_range,IU,110,95.83333333333334,runs/yin_latest_vgg_20260927/single_noise/r21vgg2k_vgg16_bn_s42/faces_cfdWM64/faces_cfdWM64/results.csv,IU
noaa,VGG2k / no AA,r21vgg2k_vgg16_bn_s42,face_transfer,124,single_uu,CFD WM64,Faces,0.36,,50,within_sampled_range,IU,111,79.16666666666666,runs/yin_latest_vgg_20260927/single_noise/r21vgg2k_vgg16_bn_s42/faces_cfdWM64/faces_cfdWM64/results.csv,IU
noaa,VGG2k / no AA,r21vgg2k_vgg16_bn_s42,face_transfer,124,single_uu,CFD WM64,Faces,0.36,,50,within_sampled_range,IU,112,91.66666666666666,runs/yin_latest_vgg_20260927/single_noise/r21vgg2k_vgg16_bn_s42/faces_cfdWM64/faces_cfdWM64/results.csv,IU
noaa,VGG2k / no AA,r21vgg2k_vgg16_bn_s42,face_transfer,124,single_uu,CFD WM64,Faces,0.36,,50,within_sampled_range,IU,113,91.66666666666666,runs/yin_latest_vgg_20260927/single_noise/r21vgg2k_vgg16_bn_s42/faces_cfdWM64/faces_cfdWM64/results.csv,IU
noaa,VGG2k / no AA,r21vgg2k_vgg16_bn_s42,face_transfer,124,single_uu,CFD WM64,Faces,0.36,,50,within_sampled_range,IU,114,95.83333333333334,runs/yin_latest_vgg_20260927/single_noise/r21vgg2k_vgg16_bn_s42/faces_cfdWM64/faces_cfdWM64/results.csv,IU
noaa,VGG2k / no AA,r21vgg2k_vgg16_bn_s42,face_transfer,124,single_uu,CFD WM64,Faces,0.36,,50,within_sampled_range,IU,115,83.33333333333334,runs/yin_latest_vgg_20260927/single_noise/r21vgg2k_vgg16_bn_s42/faces_cfdWM64/faces_cfdWM64/results.csv,IU
noaa,VGG2k / no AA,r21vgg2k_vgg16_bn_s42,face_transfer,124,single_uu,CFD WM64,Faces,0.36,,50,within_sampled_range,IU,116,87.5,runs/yin_latest_vgg_20260927/single_noise/r21vgg2k_vgg16_bn_s42/faces_cfdWM64/faces_cfdWM64/results.csv,IU
noaa,VGG2k / no AA,r21vgg2k_vgg16_bn_s42,face_transfer,124,single_uu,CFD WM64,Faces,0.36,,50,within_sampled_range,IU,117,91.66666666666666,runs/yin_latest_vgg_20260927/single_noise/r21vgg2k_vgg16_bn_s42/faces_cfdWM64/faces_cfdWM64/results.csv,IU
noaa,VGG2k / no AA,r21vgg2k_vgg16_bn_s42,face_transfer,124,single_uu,CFD WM64,Faces,0.36,,50,within_sampled_range,IU,118,91.66666666666666,runs/yin_latest_vgg_20260927/single_noise/r21vgg2k_vgg16_bn_s42/faces_cfdWM64/faces_cfdWM64/results.csv,IU
noaa,VGG2k / no AA,r21vgg2k_vgg16_bn_s42,face_transfer,124,single_uu,CFD WM64,Faces,0.36,,50,within_sampled_range,IU,119,91.66666666666666,runs/yin_latest_vgg_20260927/single_noise/r21vgg2k_vgg16_bn_s42/faces_cfdWM64/faces_cfdWM64/results.csv,IU
noaa,VGG2k / no AA,r21vgg2k_vgg16_bn_s42,face_transfer,124,single_uu,CFD WM64,Faces,0.36,,50,within_sampled_range,IU,120,83.33333333333334,runs/yin_latest_vgg_20260927/single_noise/r21vgg2k_vgg16_bn_s42/faces_cfdWM64/faces_cfdWM64/results.csv,IU
noaa,VGG2k / no AA,r21vgg2k_vgg16_bn_s42,face_transfer,124,single_uu,CFD WM64,Faces,0.36,,50,within_sampled_range,IU,121,91.66666666666666,runs/yin_latest_vgg_20260927/single_noise/r21vgg2k_vgg16_bn_s42/faces_cfdWM64/faces_cfdWM64/results.csv,IU
noaa,VGG2k / no AA,r21vgg2k_vgg16_bn_s42,face_transfer,124,single_uu,CFD WM64,Faces,0.36,,50,within_sampled_range,IU,122,91.66666666666666,runs/yin_latest_vgg_20260927/single_noise/r21vgg2k_vgg16_bn_s42/faces_cfdWM64/faces_cfdWM64/results.csv,IU
noaa,VGG2k / no AA,r21vgg2k_vgg16_bn_s42,face_transfer,124,single_uu,CFD WM64,Faces,0.36,,50,within_sampled_range,IU,123,95.83333333333334,runs/yin_latest_vgg_20260927/single_noise/r21vgg2k_vgg16_bn_s42/faces_cfdWM64/faces_cfdWM64/results.csv,IU
noaa,VGG2k / no AA,r21vgg2k_vgg16_bn_s42,face_transfer,124,single_uu,CFD WM64,Faces,0.36,,50,within_sampled_range,IU,124,91.66666666666666,runs/yin_latest_vgg_20260927/single_noise/r21vgg2k_vgg16_bn_s42/faces_cfdWM64/faces_cfdWM64/results.csv,IU
noaa,VGG2k / no AA,r21vgg2k_vgg16_bn_s42,face_transfer,124,single_uu,CFD WM64,Faces,0.36,,50,within_sampled_range,IU,125,91.66666666666666,runs/yin_latest_vgg_20260927/single_noise/r21vgg2k_vgg16_bn_s42/faces_cfdWM64/faces_cfdWM64/results.csv,IU
noaa,VGG2k / no AA,r21vgg2k_vgg16_bn_s42,face_transfer,124,single_uu,CFD WM64,Faces,0.36,,50,within_sampled_range,IU,126,95.83333333333334,runs/yin_latest_vgg_20260927/single_noise/r21vgg2k_vgg16_bn_s42/faces_cfdWM64/faces_cfdWM64/results.csv,IU
noaa,VGG2k / no AA,r21vgg2k_vgg16_bn_s42,face_transfer,124,single_uu,CFD WM64,Faces,0.36,,50,within_sampled_range,IU,127,87.5,runs/yin_latest_vgg_20260927/single_noise/r21vgg2k_vgg16_bn_s42/faces_cfdWM64/faces_cfdWM64/results.csv,IU
noaa,VGG2k / no AA,r21vgg2k_vgg16_bn_s42,face_transfer,124,single_uu,CFD WM64,Faces,0.36,,50,within_sampled_range,IU,128,83.33333333333334,runs/yin_latest_vgg_20260927/single_noise/r21vgg2k_vgg16_bn_s42/faces_cfdWM64/faces_cfdWM64/results.csv,IU
noaa,VGG2k / no AA,r21vgg2k_vgg16_bn_s42,face_transfer,124,single_uu,CFD WM64,Faces,0.36,,50,within_sampled_range,IU,129,95.83333333333334,runs/yin_latest_vgg_20260927/single_noise/r21vgg2k_vgg16_bn_s42/faces_cfdWM64/faces_cfdWM64/results.csv,IU
noaa,VGG2k / no AA,r21vgg2k_vgg16_bn_s42,face_transfer,124,single_uu,CFD WM64,Faces,0.36,,50,within_sampled_range,IU,130,95.83333333333334,runs/yin_latest_vgg_20260927/single_noise/r21vgg2k_vgg16_bn_s42/faces_cfdWM64/faces_cfdWM64/results.csv,IU
noaa,VGG2k / no AA,r21vgg2k_vgg16_bn_s42,face_transfer,124,single_uu,CFD WM64,Faces,0.36,,50,within_sampled_range,IU,131,87.5,runs/yin_latest_vgg_20260927/single_noise/r21vgg2k_vgg16_bn_s42/faces_cfdWM64/faces_cfdWM64/results.csv,IU
noaa,VGG2k / no AA,r21vgg2k_vgg16_bn_s42,face_transfer,124,single_uu,CFD WM64,Faces,0.36,,50,within_sampled_range,IU,132,95.83333333333334,runs/yin_latest_vgg_20260927/single_noise/r21vgg2k_vgg16_bn_s42/faces_cfdWM64/faces_cfdWM64/results.csv,IU
noaa,VGG2k / no AA,r21vgg2k_vgg16_bn_s42,face_transfer,124,single_uu,CFD WM64,Faces,0.36,,50,within_sampled_range,IU,133,87.5,runs/yin_latest_vgg_20260927/single_noise/r21vgg2k_vgg16_bn_s42/faces_cfdWM64/faces_cfdWM64/results.csv,IU
noaa,VGG2k / no AA,r21vgg2k_vgg16_bn_s42,face_transfer,124,single_uu,CFD WM64,Faces,0.36,,50,within_sampled_range,IU,134,91.66666666666666,runs/yin_latest_vgg_20260927/single_noise/r21vgg2k_vgg16_bn_s42/faces_cfdWM64/faces_cfdWM64/results.csv,IU
noaa,VGG2k / no AA,r21vgg2k_vgg16_bn_s42,face_transfer,124,single_uu,CFD WM64,Faces,0.36,,50,within_sampled_range,IU,135,83.33333333333334,runs/yin_latest_vgg_20260927/single_noise/r21vgg2k_vgg16_bn_s42/faces_cfdWM64/faces_cfdWM64/results.csv,IU
noaa,VGG2k / no AA,r21vgg2k_vgg16_bn_s42,face_transfer,124,single_uu,CFD WM64,Faces,0.36,,50,within_sampled_range,IU,136,91.66666666666666,runs/yin_latest_vgg_20260927/single_noise/r21vgg2k_vgg16_bn_s42/faces_cfdWM64/faces_cfdWM64/results.csv,IU
noaa,VGG2k / no AA,r21vgg2k_vgg16_bn_s42,face_transfer,124,single_uu,CFD WM64,Faces,0.36,,50,within_sampled_range,IU,137,95.83333333333334,runs/yin_latest_vgg_20260927/single_noise/r21vgg2k_vgg16_bn_s42/faces_cfdWM64/faces_cfdWM64/results.csv,IU
noaa,VGG2k / no AA,r21vgg2k_vgg16_bn_s42,face_transfer,124,single_uu,CFD WM64,Faces,0.36,,50,within_sampled_range,IU,138,95.83333333333334,runs/yin_latest_vgg_20260927/single_noise/r21vgg2k_vgg16_bn_s42/faces_cfdWM64/faces_cfdWM64/results.csv,IU
noaa,VGG2k / no AA,r21vgg2k_vgg16_bn_s42,face_transfer,124,single_uu,CFD WM64,Faces,0.36,,50,within_sampled_range,IU,139,87.5,runs/yin_latest_vgg_20260927/single_noise/r21vgg2k_vgg16_bn_s42/faces_cfdWM64/faces_cfdWM64/results.csv,IU
noaa,VGG2k / no AA,r21vgg2k_vgg16_bn_s42,face_transfer,124,single_uu,CFD WM64,Faces,0.36,,50,within_sampled_range,IU,140,95.83333333333334,runs/yin_latest_vgg_20260927/single_noise/r21vgg2k_vgg16_bn_s42/faces_cfdWM64/faces_cfdWM64/results.csv,IU
noaa,VGG2k / no AA,r21vgg2k_vgg16_bn_s42,face_transfer,124,single_uu,CFD WM64,Faces,0.36,,50,within_sampled_range,IU,141,91.66666666666666,runs/yin_latest_vgg_20260927/single_noise/r21vgg2k_vgg16_bn_s42/faces_cfdWM64/faces_cfdWM64/results.csv,IU
noaa,VGG2k / no AA,r21vgg2k_vgg16_bn_s42,face_transfer,124,single_uu,CFD WM64,Faces,0.36,,50,within_sampled_range,IU,142,91.66666666666666,runs/yin_latest_vgg_20260927/single_noise/r21vgg2k_vgg16_bn_s42/faces_cfdWM64/faces_cfdWM64/results.csv,IU
noaa,VGG2k / no AA,r21vgg2k_vgg16_bn_s42,face_transfer,124,single_uu,CFD WM64,Faces,0.36,,50,within_sampled_range,IU,143,91.66666666666666,runs/yin_latest_vgg_20260927/single_noise/r21vgg2k_vgg16_bn_s42/faces_cfdWM64/faces_cfdWM64/results.csv,IU
noaa,VGG2k / no AA,r21vgg2k_vgg16_bn_s42,face_transfer,124,single_uu,CFD WM64,Faces,0.36,,50,within_sampled_range,IU,144,91.66666666666666,runs/yin_latest_vgg_20260927/single_noise/r21vgg2k_vgg16_bn_s42/faces_cfdWM64/faces_cfdWM64/results.csv,IU
noaa,VGG2k / no AA,r21vgg2k_vgg16_bn_s42,face_transfer,124,single_uu,CFD WM64,Faces,0.36,,50,within_sampled_range,IU,145,87.5,runs/yin_latest_vgg_20260927/single_noise/r21vgg2k_vgg16_bn_s42/faces_cfdWM64/faces_cfdWM64/results.csv,IU
noaa,VGG2k / no AA,r21vgg2k_vgg16_bn_s42,face_transfer,124,single_uu,CFD WM64,Faces,0.36,,50,within_sampled_range,IU,146,83.33333333333334,runs/yin_latest_vgg_20260927/single_noise/r21vgg2k_vgg16_bn_s42/faces_cfdWM64/faces_cfdWM64/results.csv,IU
noaa,VGG2k / no AA,r21vgg2k_vgg16_bn_s42,face_transfer,124,single_uu,CFD WM64,Faces,0.36,,50,within_sampled_range,IU,147,83.33333333333334,runs/yin_latest_vgg_20260927/single_noise/r21vgg2k_vgg16_bn_s42/faces_cfdWM64/faces_cfdWM64/results.csv,IU
noaa,VGG2k / no AA,r21vgg2k_vgg16_bn_s42,face_transfer,124,single_uu,CFD WM64,Faces,0.36,,50,within_sampled_range,IU,148,79.16666666666666,runs/yin_latest_vgg_20260927/single_noise/r21vgg2k_vgg16_bn_s42/faces_cfdWM64/faces_cfdWM64/results.csv,IU
noaa,VGG2k / no AA,r21vgg2k_vgg16_bn_s42,face_transfer,124,single_uu,CFD WM64,Faces,0.36,,50,within_sampled_range,IU,149,95.83333333333334,runs/yin_latest_vgg_20260927/single_noise/r21vgg2k_vgg16_bn_s42/faces_cfdWM64/faces_cfdWM64/results.csv,IU
noaa,VGG2k / no AA,r21vgg2k_vgg16_bn_s42,face_transfer,124,single_uu,CFD WM64,Faces,0.36,,50,within_sampled_range,IU,150,91.66666666666666,runs/yin_latest_vgg_20260927/single_noise/r21vgg2k_vgg16_bn_s42/faces_cfdWM64/faces_cfdWM64/results.csv,IU
noaa,VGG2k / no AA,r21vgg2k_vgg16_bn_s42,face_transfer,124,two_cross,CFD WM64,Faces,0.36,0.38,50,within_sampled_range,UU,101,95.83333333333334,runs/yin_latest_vgg_20260927/transfer/results/r21vgg2k_vgg16_bn_s42/faces_cfdWM64/faces_cfdWM64/results.csv,UU
noaa,VGG2k / no AA,r21vgg2k_vgg16_bn_s42,face_transfer,124,two_cross,CFD WM64,Faces,0.36,0.38,50,within_sampled_range,UU,102,100.0,runs/yin_latest_vgg_20260927/transfer/results/r21vgg2k_vgg16_bn_s42/faces_cfdWM64/faces_cfdWM64/results.csv,UU
noaa,VGG2k / no AA,r21vgg2k_vgg16_bn_s42,face_transfer,124,two_cross,CFD WM64,Faces,0.36,0.38,50,within_sampled_range,UU,103,95.83333333333334,runs/yin_latest_vgg_20260927/transfer/results/r21vgg2k_vgg16_bn_s42/faces_cfdWM64/faces_cfdWM64/results.csv,UU
noaa,VGG2k / no AA,r21vgg2k_vgg16_bn_s42,face_transfer,124,two_cross,CFD WM64,Faces,0.36,0.38,50,within_sampled_range,UU,104,100.0,runs/yin_latest_vgg_20260927/transfer/results/r21vgg2k_vgg16_bn_s42/faces_cfdWM64/faces_cfdWM64/results.csv,UU
noaa,VGG2k / no AA,r21vgg2k_vgg16_bn_s42,face_transfer,124,two_cross,CFD WM64,Faces,0.36,0.38,50,within_sampled_range,UU,105,91.66666666666666,runs/yin_latest_vgg_20260927/transfer/results/r21vgg2k_vgg16_bn_s42/faces_cfdWM64/faces_cfdWM64/results.csv,UU
noaa,VGG2k / no AA,r21vgg2k_vgg16_bn_s42,face_transfer,124,two_cross,CFD WM64,Faces,0.36,0.38,50,within_sampled_range,UU,106,95.83333333333334,runs/yin_latest_vgg_20260927/transfer/results/r21vgg2k_vgg16_bn_s42/faces_cfdWM64/faces_cfdWM64/results.csv,UU
noaa,VGG2k / no AA,r21vgg2k_vgg16_bn_s42,face_transfer,124,two_cross,CFD WM64,Faces,0.36,0.38,50,within_sampled_range,UU,107,100.0,runs/yin_latest_vgg_20260927/transfer/results/r21vgg2k_vgg16_bn_s42/faces_cfdWM64/faces_cfdWM64/results.csv,UU
noaa,VGG2k / no AA,r21vgg2k_vgg16_bn_s42,face_transfer,124,two_cross,CFD WM64,Faces,0.36,0.38,50,within_sampled_range,UU,108,100.0,runs/yin_latest_vgg_20260927/transfer/results/r21vgg2k_vgg16_bn_s42/faces_cfdWM64/faces_cfdWM64/results.csv,UU
noaa,VGG2k / no AA,r21vgg2k_vgg16_bn_s42,face_transfer,124,two_cross,CFD WM64,Faces,0.36,0.38,50,within_sampled_range,UU,109,95.83333333333334,runs/yin_latest_vgg_20260927/transfer/results/r21vgg2k_vgg16_bn_s42/faces_cfdWM64/faces_cfdWM64/results.csv,UU
noaa,VGG2k / no AA,r21vgg2k_vgg16_bn_s42,face_transfer,124,two_cross,CFD WM64,Faces,0.36,0.38,50,within_sampled_range,UU,110,95.83333333333334,runs/yin_latest_vgg_20260927/transfer/results/r21vgg2k_vgg16_bn_s42/faces_cfdWM64/faces_cfdWM64/results.csv,UU
noaa,VGG2k / no AA,r21vgg2k_vgg16_bn_s42,face_transfer,124,two_cross,CFD WM64,Faces,0.36,0.38,50,within_sampled_range,UU,111,87.5,runs/yin_latest_vgg_20260927/transfer/results/r21vgg2k_vgg16_bn_s42/faces_cfdWM64/faces_cfdWM64/results.csv,UU
noaa,VGG2k / no AA,r21vgg2k_vgg16_bn_s42,face_transfer,124,two_cross,CFD WM64,Faces,0.36,0.38,50,within_sampled_range,UU,112,95.83333333333334,runs/yin_latest_vgg_20260927/transfer/results/r21vgg2k_vgg16_bn_s42/faces_cfdWM64/faces_cfdWM64/results.csv,UU
noaa,VGG2k / no AA,r21vgg2k_vgg16_bn_s42,face_transfer,124,two_cross,CFD WM64,Faces,0.36,0.38,50,within_sampled_range,UU,113,100.0,runs/yin_latest_vgg_20260927/transfer/results/r21vgg2k_vgg16_bn_s42/faces_cfdWM64/faces_cfdWM64/results.csv,UU
noaa,VGG2k / no AA,r21vgg2k_vgg16_bn_s42,face_transfer,124,two_cross,CFD WM64,Faces,0.36,0.38,50,within_sampled_range,UU,114,91.66666666666666,runs/yin_latest_vgg_20260927/transfer/results/r21vgg2k_vgg16_bn_s42/faces_cfdWM64/faces_cfdWM64/results.csv,UU
noaa,VGG2k / no AA,r21vgg2k_vgg16_bn_s42,face_transfer,124,two_cross,CFD WM64,Faces,0.36,0.38,50,within_sampled_range,UU,115,95.83333333333334,runs/yin_latest_vgg_20260927/transfer/results/r21vgg2k_vgg16_bn_s42/faces_cfdWM64/faces_cfdWM64/results.csv,UU
noaa,VGG2k / no AA,r21vgg2k_vgg16_bn_s42,face_transfer,124,two_cross,CFD WM64,Faces,0.36,0.38,50,within_sampled_range,UU,116,91.66666666666666,runs/yin_latest_vgg_20260927/transfer/results/r21vgg2k_vgg16_bn_s42/faces_cfdWM64/faces_cfdWM64/results.csv,UU
noaa,VGG2k / no AA,r21vgg2k_vgg16_bn_s42,face_transfer,124,two_cross,CFD WM64,Faces,0.36,0.38,50,within_sampled_range,UU,117,91.66666666666666,runs/yin_latest_vgg_20260927/transfer/results/r21vgg2k_vgg16_bn_s42/faces_cfdWM64/faces_cfdWM64/results.csv,UU
noaa,VGG2k / no AA,r21vgg2k_vgg16_bn_s42,face_transfer,124,two_cross,CFD WM64,Faces,0.36,0.38,50,within_sampled_range,UU,118,95.83333333333334,runs/yin_latest_vgg_20260927/transfer/results/r21vgg2k_vgg16_bn_s42/faces_cfdWM64/faces_cfdWM64/results.csv,UU
noaa,VGG2k / no AA,r21vgg2k_vgg16_bn_s42,face_transfer,124,two_cross,CFD WM64,Faces,0.36,0.38,50,within_sampled_range,UU,119,91.66666666666666,runs/yin_latest_vgg_20260927/transfer/results/r21vgg2k_vgg16_bn_s42/faces_cfdWM64/faces_cfdWM64/results.csv,UU
noaa,VGG2k / no AA,r21vgg2k_vgg16_bn_s42,face_transfer,124,two_cross,CFD WM64,Faces,0.36,0.38,50,within_sampled_range,UU,120,100.0,runs/yin_latest_vgg_20260927/transfer/results/r21vgg2k_vgg16_bn_s42/faces_cfdWM64/faces_cfdWM64/results.csv,UU
noaa,VGG2k / no AA,r21vgg2k_vgg16_bn_s42,face_transfer,124,two_cross,CFD WM64,Faces,0.36,0.38,50,within_sampled_range,UU,121,95.83333333333334,runs/yin_latest_vgg_20260927/transfer/results/r21vgg2k_vgg16_bn_s42/faces_cfdWM64/faces_cfdWM64/results.csv,UU
noaa,VGG2k / no AA,r21vgg2k_vgg16_bn_s42,face_transfer,124,two_cross,CFD WM64,Faces,0.36,0.38,50,within_sampled_range,UU,122,95.83333333333334,runs/yin_latest_vgg_20260927/transfer/results/r21vgg2k_vgg16_bn_s42/faces_cfdWM64/faces_cfdWM64/results.csv,UU
noaa,VGG2k / no AA,r21vgg2k_vgg16_bn_s42,face_transfer,124,two_cross,CFD WM64,Faces,0.36,0.38,50,within_sampled_range,UU,123,95.83333333333334,runs/yin_latest_vgg_20260927/transfer/results/r21vgg2k_vgg16_bn_s42/faces_cfdWM64/faces_cfdWM64/results.csv,UU
noaa,VGG2k / no AA,r21vgg2k_vgg16_bn_s42,face_transfer,124,two_cross,CFD WM64,Faces,0.36,0.38,50,within_sampled_range,UU,124,100.0,runs/yin_latest_vgg_20260927/transfer/results/r21vgg2k_vgg16_bn_s42/faces_cfdWM64/faces_cfdWM64/results.csv,UU
noaa,VGG2k / no AA,r21vgg2k_vgg16_bn_s42,face_transfer,124,two_cross,CFD WM64,Faces,0.36,0.38,50,within_sampled_range,UU,125,100.0,runs/yin_latest_vgg_20260927/transfer/results/r21vgg2k_vgg16_bn_s42/faces_cfdWM64/faces_cfdWM64/results.csv,UU
noaa,VGG2k / no AA,r21vgg2k_vgg16_bn_s42,face_transfer,124,two_cross,CFD WM64,Faces,0.36,0.38,50,within_sampled_range,UU,126,95.83333333333334,runs/yin_latest_vgg_20260927/transfer/results/r21vgg2k_vgg16_bn_s42/faces_cfdWM64/faces_cfdWM64/results.csv,UU
noaa,VGG2k / no AA,r21vgg2k_vgg16_bn_s42,face_transfer,124,two_cross,CFD WM64,Faces,0.36,0.38,50,within_sampled_range,UU,127,95.83333333333334,runs/yin_latest_vgg_20260927/transfer/results/r21vgg2k_vgg16_bn_s42/faces_cfdWM64/faces_cfdWM64/results.csv,UU
noaa,VGG2k / no AA,r21vgg2k_vgg16_bn_s42,face_transfer,124,two_cross,CFD WM64,Faces,0.36,0.38,50,within_sampled_range,UU,128,91.66666666666666,runs/yin_latest_vgg_20260927/transfer/results/r21vgg2k_vgg16_bn_s42/faces_cfdWM64/faces_cfdWM64/results.csv,UU
noaa,VGG2k / no AA,r21vgg2k_vgg16_bn_s42,face_transfer,124,two_cross,CFD WM64,Faces,0.36,0.38,50,within_sampled_range,UU,129,95.83333333333334,runs/yin_latest_vgg_20260927/transfer/results/r21vgg2k_vgg16_bn_s42/faces_cfdWM64/faces_cfdWM64/results.csv,UU
noaa,VGG2k / no AA,r21vgg2k_vgg16_bn_s42,face_transfer,124,two_cross,CFD WM64,Faces,0.36,0.38,50,within_sampled_range,UU,130,100.0,runs/yin_latest_vgg_20260927/transfer/results/r21vgg2k_vgg16_bn_s42/faces_cfdWM64/faces_cfdWM64/results.csv,UU
noaa,VGG2k / no AA,r21vgg2k_vgg16_bn_s42,face_transfer,124,two_cross,CFD WM64,Faces,0.36,0.38,50,within_sampled_range,UU,131,100.0,runs/yin_latest_vgg_20260927/transfer/results/r21vgg2k_vgg16_bn_s42/faces_cfdWM64/faces_cfdWM64/results.csv,UU
noaa,VGG2k / no AA,r21vgg2k_vgg16_bn_s42,face_transfer,124,two_cross,CFD WM64,Faces,0.36,0.38,50,within_sampled_range,UU,132,95.83333333333334,runs/yin_latest_vgg_20260927/transfer/results/r21vgg2k_vgg16_bn_s42/faces_cfdWM64/faces_cfdWM64/results.csv,UU
noaa,VGG2k / no AA,r21vgg2k_vgg16_bn_s42,face_transfer,124,two_cross,CFD WM64,Faces,0.36,0.38,50,within_sampled_range,UU,133,91.66666666666666,runs/yin_latest_vgg_20260927/transfer/results/r21vgg2k_vgg16_bn_s42/faces_cfdWM64/faces_cfdWM64/results.csv,UU
noaa,VGG2k / no AA,r21vgg2k_vgg16_bn_s42,face_transfer,124,two_cross,CFD WM64,Faces,0.36,0.38,50,within_sampled_range,UU,134,100.0,runs/yin_latest_vgg_20260927/transfer/results/r21vgg2k_vgg16_bn_s42/faces_cfdWM64/faces_cfdWM64/results.csv,UU
noaa,VGG2k / no AA,r21vgg2k_vgg16_bn_s42,face_transfer,124,two_cross,CFD WM64,Faces,0.36,0.38,50,within_sampled_range,UU,135,91.66666666666666,runs/yin_latest_vgg_20260927/transfer/results/r21vgg2k_vgg16_bn_s42/faces_cfdWM64/faces_cfdWM64/results.csv,UU
noaa,VGG2k / no AA,r21vgg2k_vgg16_bn_s42,face_transfer,124,two_cross,CFD WM64,Faces,0.36,0.38,50,within_sampled_range,UU,136,100.0,runs/yin_latest_vgg_20260927/transfer/results/r21vgg2k_vgg16_bn_s42/faces_cfdWM64/faces_cfdWM64/results.csv,UU
noaa,VGG2k / no AA,r21vgg2k_vgg16_bn_s42,face_transfer,124,two_cross,CFD WM64,Faces,0.36,0.38,50,within_sampled_range,UU,137,100.0,runs/yin_latest_vgg_20260927/transfer/results/r21vgg2k_vgg16_bn_s42/faces_cfdWM64/faces_cfdWM64/results.csv,UU
noaa,VGG2k / no AA,r21vgg2k_vgg16_bn_s42,face_transfer,124,two_cross,CFD WM64,Faces,0.36,0.38,50,within_sampled_range,UU,138,100.0,runs/yin_latest_vgg_20260927/transfer/results/r21vgg2k_vgg16_bn_s42/faces_cfdWM64/faces_cfdWM64/results.csv,UU
noaa,VGG2k / no AA,r21vgg2k_vgg16_bn_s42,face_transfer,124,two_cross,CFD WM64,Faces,0.36,0.38,50,within_sampled_range,UU,139,83.33333333333334,runs/yin_latest_vgg_20260927/transfer/results/r21vgg2k_vgg16_bn_s42/faces_cfdWM64/faces_cfdWM64/results.csv,UU
noaa,VGG2k / no AA,r21vgg2k_vgg16_bn_s42,face_transfer,124,two_cross,CFD WM64,Faces,0.36,0.38,50,within_sampled_range,UU,140,91.66666666666666,runs/yin_latest_vgg_20260927/transfer/results/r21vgg2k_vgg16_bn_s42/faces_cfdWM64/faces_cfdWM64/results.csv,UU
noaa,VGG2k / no AA,r21vgg2k_vgg16_bn_s42,face_transfer,124,two_cross,CFD WM64,Faces,0.36,0.38,50,within_sampled_range,UU,141,100.0,runs/yin_latest_vgg_20260927/transfer/results/r21vgg2k_vgg16_bn_s42/faces_cfdWM64/faces_cfdWM64/results.csv,UU
noaa,VGG2k / no AA,r21vgg2k_vgg16_bn_s42,face_transfer,124,two_cross,CFD WM64,Faces,0.36,0.38,50,within_sampled_range,UU,142,100.0,runs/yin_latest_vgg_20260927/transfer/results/r21vgg2k_vgg16_bn_s42/faces_cfdWM64/faces_cfdWM64/results.csv,UU
noaa,VGG2k / no AA,r21vgg2k_vgg16_bn_s42,face_transfer,124,two_cross,CFD WM64,Faces,0.36,0.38,50,within_sampled_range,UU,143,95.83333333333334,runs/yin_latest_vgg_20260927/transfer/results/r21vgg2k_vgg16_bn_s42/faces_cfdWM64/faces_cfdWM64/results.csv,UU
noaa,VGG2k / no AA,r21vgg2k_vgg16_bn_s42,face_transfer,124,two_cross,CFD WM64,Faces,0.36,0.38,50,within_sampled_range,UU,144,100.0,runs/yin_latest_vgg_20260927/transfer/results/r21vgg2k_vgg16_bn_s42/faces_cfdWM64/faces_cfdWM64/results.csv,UU
noaa,VGG2k / no AA,r21vgg2k_vgg16_bn_s42,face_transfer,124,two_cross,CFD WM64,Faces,0.36,0.38,50,within_sampled_range,UU,145,95.83333333333334,runs/yin_latest_vgg_20260927/transfer/results/r21vgg2k_vgg16_bn_s42/faces_cfdWM64/faces_cfdWM64/results.csv,UU
noaa,VGG2k / no AA,r21vgg2k_vgg16_bn_s42,face_transfer,124,two_cross,CFD WM64,Faces,0.36,0.38,50,within_sampled_range,UU,146,95.83333333333334,runs/yin_latest_vgg_20260927/transfer/results/r21vgg2k_vgg16_bn_s42/faces_cfdWM64/faces_cfdWM64/results.csv,UU
noaa,VGG2k / no AA,r21vgg2k_vgg16_bn_s42,face_transfer,124,two_cross,CFD WM64,Faces,0.36,0.38,50,within_sampled_range,UU,147,91.66666666666666,runs/yin_latest_vgg_20260927/transfer/results/r21vgg2k_vgg16_bn_s42/faces_cfdWM64/faces_cfdWM64/results.csv,UU
noaa,VGG2k / no AA,r21vgg2k_vgg16_bn_s42,face_transfer,124,two_cross,CFD WM64,Faces,0.36,0.38,50,within_sampled_range,UU,148,95.83333333333334,runs/yin_latest_vgg_20260927/transfer/results/r21vgg2k_vgg16_bn_s42/faces_cfdWM64/faces_cfdWM64/results.csv,UU
noaa,VGG2k / no AA,r21vgg2k_vgg16_bn_s42,face_transfer,124,two_cross,CFD WM64,Faces,0.36,0.38,50,within_sampled_range,UU,149,95.83333333333334,runs/yin_latest_vgg_20260927/transfer/results/r21vgg2k_vgg16_bn_s42/faces_cfdWM64/faces_cfdWM64/results.csv,UU
noaa,VGG2k / no AA,r21vgg2k_vgg16_bn_s42,face_transfer,124,two_cross,CFD WM64,Faces,0.36,0.38,50,within_sampled_range,UU,150,100.0,runs/yin_latest_vgg_20260927/transfer/results/r21vgg2k_vgg16_bn_s42/faces_cfdWM64/faces_cfdWM64/results.csv,UU
noaa,VGG2k / no AA,r21vgg2k_vgg16_bn_s42,face_transfer,124,two_cross,CFD WM64,Faces,0.36,0.38,50,within_sampled_range,II,101,87.5,runs/yin_latest_vgg_20260927/transfer/results/r21vgg2k_vgg16_bn_s42/faces_cfdWM64/faces_cfdWM64/results.csv,II
noaa,VGG2k / no AA,r21vgg2k_vgg16_bn_s42,face_transfer,124,two_cross,CFD WM64,Faces,0.36,0.38,50,within_sampled_range,II,102,66.66666666666666,runs/yin_latest_vgg_20260927/transfer/results/r21vgg2k_vgg16_bn_s42/faces_cfdWM64/faces_cfdWM64/results.csv,II
noaa,VGG2k / no AA,r21vgg2k_vgg16_bn_s42,face_transfer,124,two_cross,CFD WM64,Faces,0.36,0.38,50,within_sampled_range,II,103,91.66666666666666,runs/yin_latest_vgg_20260927/transfer/results/r21vgg2k_vgg16_bn_s42/faces_cfdWM64/faces_cfdWM64/results.csv,II
noaa,VGG2k / no AA,r21vgg2k_vgg16_bn_s42,face_transfer,124,two_cross,CFD WM64,Faces,0.36,0.38,50,within_sampled_range,II,104,91.66666666666666,runs/yin_latest_vgg_20260927/transfer/results/r21vgg2k_vgg16_bn_s42/faces_cfdWM64/faces_cfdWM64/results.csv,II
noaa,VGG2k / no AA,r21vgg2k_vgg16_bn_s42,face_transfer,124,two_cross,CFD WM64,Faces,0.36,0.38,50,within_sampled_range,II,105,83.33333333333334,runs/yin_latest_vgg_20260927/transfer/results/r21vgg2k_vgg16_bn_s42/faces_cfdWM64/faces_cfdWM64/results.csv,II
noaa,VGG2k / no AA,r21vgg2k_vgg16_bn_s42,face_transfer,124,two_cross,CFD WM64,Faces,0.36,0.38,50,within_sampled_range,II,106,91.66666666666666,runs/yin_latest_vgg_20260927/transfer/results/r21vgg2k_vgg16_bn_s42/faces_cfdWM64/faces_cfdWM64/results.csv,II
noaa,VGG2k / no AA,r21vgg2k_vgg16_bn_s42,face_transfer,124,two_cross,CFD WM64,Faces,0.36,0.38,50,within_sampled_range,II,107,75.0,runs/yin_latest_vgg_20260927/transfer/results/r21vgg2k_vgg16_bn_s42/faces_cfdWM64/faces_cfdWM64/results.csv,II
noaa,VGG2k / no AA,r21vgg2k_vgg16_bn_s42,face_transfer,124,two_cross,CFD WM64,Faces,0.36,0.38,50,within_sampled_range,II,108,83.33333333333334,runs/yin_latest_vgg_20260927/transfer/results/r21vgg2k_vgg16_bn_s42/faces_cfdWM64/faces_cfdWM64/results.csv,II
noaa,VGG2k / no AA,r21vgg2k_vgg16_bn_s42,face_transfer,124,two_cross,CFD WM64,Faces,0.36,0.38,50,within_sampled_range,II,109,79.16666666666666,runs/yin_latest_vgg_20260927/transfer/results/r21vgg2k_vgg16_bn_s42/faces_cfdWM64/faces_cfdWM64/results.csv,II
noaa,VGG2k / no AA,r21vgg2k_vgg16_bn_s42,face_transfer,124,two_cross,CFD WM64,Faces,0.36,0.38,50,within_sampled_range,II,110,83.33333333333334,runs/yin_latest_vgg_20260927/transfer/results/r21vgg2k_vgg16_bn_s42/faces_cfdWM64/faces_cfdWM64/results.csv,II
noaa,VGG2k / no AA,r21vgg2k_vgg16_bn_s42,face_transfer,124,two_cross,CFD WM64,Faces,0.36,0.38,50,within_sampled_range,II,111,62.5,runs/yin_latest_vgg_20260927/transfer/results/r21vgg2k_vgg16_bn_s42/faces_cfdWM64/faces_cfdWM64/results.csv,II
noaa,VGG2k / no AA,r21vgg2k_vgg16_bn_s42,face_transfer,124,two_cross,CFD WM64,Faces,0.36,0.38,50,within_sampled_range,II,112,91.66666666666666,runs/yin_latest_vgg_20260927/transfer/results/r21vgg2k_vgg16_bn_s42/faces_cfdWM64/faces_cfdWM64/results.csv,II
noaa,VGG2k / no AA,r21vgg2k_vgg16_bn_s42,face_transfer,124,two_cross,CFD WM64,Faces,0.36,0.38,50,within_sampled_range,II,113,66.66666666666666,runs/yin_latest_vgg_20260927/transfer/results/r21vgg2k_vgg16_bn_s42/faces_cfdWM64/faces_cfdWM64/results.csv,II
noaa,VGG2k / no AA,r21vgg2k_vgg16_bn_s42,face_transfer,124,two_cross,CFD WM64,Faces,0.36,0.38,50,within_sampled_range,II,114,75.0,runs/yin_latest_vgg_20260927/transfer/results/r21vgg2k_vgg16_bn_s42/faces_cfdWM64/faces_cfdWM64/results.csv,II
noaa,VGG2k / no AA,r21vgg2k_vgg16_bn_s42,face_transfer,124,two_cross,CFD WM64,Faces,0.36,0.38,50,within_sampled_range,II,115,79.16666666666666,runs/yin_latest_vgg_20260927/transfer/results/r21vgg2k_vgg16_bn_s42/faces_cfdWM64/faces_cfdWM64/results.csv,II
noaa,VGG2k / no AA,r21vgg2k_vgg16_bn_s42,face_transfer,124,two_cross,CFD WM64,Faces,0.36,0.38,50,within_sampled_range,II,116,79.16666666666666,runs/yin_latest_vgg_20260927/transfer/results/r21vgg2k_vgg16_bn_s42/faces_cfdWM64/faces_cfdWM64/results.csv,II
noaa,VGG2k / no AA,r21vgg2k_vgg16_bn_s42,face_transfer,124,two_cross,CFD WM64,Faces,0.36,0.38,50,within_sampled_range,II,117,79.16666666666666,runs/yin_latest_vgg_20260927/transfer/results/r21vgg2k_vgg16_bn_s42/faces_cfdWM64/faces_cfdWM64/results.csv,II
noaa,VGG2k / no AA,r21vgg2k_vgg16_bn_s42,face_transfer,124,two_cross,CFD WM64,Faces,0.36,0.38,50,within_sampled_range,II,118,95.83333333333334,runs/yin_latest_vgg_20260927/transfer/results/r21vgg2k_vgg16_bn_s42/faces_cfdWM64/faces_cfdWM64/results.csv,II
noaa,VGG2k / no AA,r21vgg2k_vgg16_bn_s42,face_transfer,124,two_cross,CFD WM64,Faces,0.36,0.38,50,within_sampled_range,II,119,87.5,runs/yin_latest_vgg_20260927/transfer/results/r21vgg2k_vgg16_bn_s42/faces_cfdWM64/faces_cfdWM64/results.csv,II
noaa,VGG2k / no AA,r21vgg2k_vgg16_bn_s42,face_transfer,124,two_cross,CFD WM64,Faces,0.36,0.38,50,within_sampled_range,II,120,75.0,runs/yin_latest_vgg_20260927/transfer/results/r21vgg2k_vgg16_bn_s42/faces_cfdWM64/faces_cfdWM64/results.csv,II
noaa,VGG2k / no AA,r21vgg2k_vgg16_bn_s42,face_transfer,124,two_cross,CFD WM64,Faces,0.36,0.38,50,within_sampled_range,II,121,75.0,runs/yin_latest_vgg_20260927/transfer/results/r21vgg2k_vgg16_bn_s42/faces_cfdWM64/faces_cfdWM64/results.csv,II
noaa,VGG2k / no AA,r21vgg2k_vgg16_bn_s42,face_transfer,124,two_cross,CFD WM64,Faces,0.36,0.38,50,within_sampled_range,II,122,87.5,runs/yin_latest_vgg_20260927/transfer/results/r21vgg2k_vgg16_bn_s42/faces_cfdWM64/faces_cfdWM64/results.csv,II
noaa,VGG2k / no AA,r21vgg2k_vgg16_bn_s42,face_transfer,124,two_cross,CFD WM64,Faces,0.36,0.38,50,within_sampled_range,II,123,75.0,runs/yin_latest_vgg_20260927/transfer/results/r21vgg2k_vgg16_bn_s42/faces_cfdWM64/faces_cfdWM64/results.csv,II
noaa,VGG2k / no AA,r21vgg2k_vgg16_bn_s42,face_transfer,124,two_cross,CFD WM64,Faces,0.36,0.38,50,within_sampled_range,II,124,83.33333333333334,runs/yin_latest_vgg_20260927/transfer/results/r21vgg2k_vgg16_bn_s42/faces_cfdWM64/faces_cfdWM64/results.csv,II
noaa,VGG2k / no AA,r21vgg2k_vgg16_bn_s42,face_transfer,124,two_cross,CFD WM64,Faces,0.36,0.38,50,within_sampled_range,II,125,79.16666666666666,runs/yin_latest_vgg_20260927/transfer/results/r21vgg2k_vgg16_bn_s42/faces_cfdWM64/faces_cfdWM64/results.csv,II
noaa,VGG2k / no AA,r21vgg2k_vgg16_bn_s42,face_transfer,124,two_cross,CFD WM64,Faces,0.36,0.38,50,within_sampled_range,II,126,75.0,runs/yin_latest_vgg_20260927/transfer/results/r21vgg2k_vgg16_bn_s42/faces_cfdWM64/faces_cfdWM64/results.csv,II
noaa,VGG2k / no AA,r21vgg2k_vgg16_bn_s42,face_transfer,124,two_cross,CFD WM64,Faces,0.36,0.38,50,within_sampled_range,II,127,83.33333333333334,runs/yin_latest_vgg_20260927/transfer/results/r21vgg2k_vgg16_bn_s42/faces_cfdWM64/faces_cfdWM64/results.csv,II
noaa,VGG2k / no AA,r21vgg2k_vgg16_bn_s42,face_transfer,124,two_cross,CFD WM64,Faces,0.36,0.38,50,within_sampled_range,II,128,79.16666666666666,runs/yin_latest_vgg_20260927/transfer/results/r21vgg2k_vgg16_bn_s42/faces_cfdWM64/faces_cfdWM64/results.csv,II
noaa,VGG2k / no AA,r21vgg2k_vgg16_bn_s42,face_transfer,124,two_cross,CFD WM64,Faces,0.36,0.38,50,within_sampled_range,II,129,75.0,runs/yin_latest_vgg_20260927/transfer/results/r21vgg2k_vgg16_bn_s42/faces_cfdWM64/faces_cfdWM64/results.csv,II
noaa,VGG2k / no AA,r21vgg2k_vgg16_bn_s42,face_transfer,124,two_cross,CFD WM64,Faces,0.36,0.38,50,within_sampled_range,II,130,79.16666666666666,runs/yin_latest_vgg_20260927/transfer/results/r21vgg2k_vgg16_bn_s42/faces_cfdWM64/faces_cfdWM64/results.csv,II
noaa,VGG2k / no AA,r21vgg2k_vgg16_bn_s42,face_transfer,124,two_cross,CFD WM64,Faces,0.36,0.38,50,within_sampled_range,II,131,83.33333333333334,runs/yin_latest_vgg_20260927/transfer/results/r21vgg2k_vgg16_bn_s42/faces_cfdWM64/faces_cfdWM64/results.csv,II
noaa,VGG2k / no AA,r21vgg2k_vgg16_bn_s42,face_transfer,124,two_cross,CFD WM64,Faces,0.36,0.38,50,within_sampled_range,II,132,91.66666666666666,runs/yin_latest_vgg_20260927/transfer/results/r21vgg2k_vgg16_bn_s42/faces_cfdWM64/faces_cfdWM64/results.csv,II
noaa,VGG2k / no AA,r21vgg2k_vgg16_bn_s42,face_transfer,124,two_cross,CFD WM64,Faces,0.36,0.38,50,within_sampled_range,II,133,83.33333333333334,runs/yin_latest_vgg_20260927/transfer/results/r21vgg2k_vgg16_bn_s42/faces_cfdWM64/faces_cfdWM64/results.csv,II
noaa,VGG2k / no AA,r21vgg2k_vgg16_bn_s42,face_transfer,124,two_cross,CFD WM64,Faces,0.36,0.38,50,within_sampled_range,II,134,91.66666666666666,runs/yin_latest_vgg_20260927/transfer/results/r21vgg2k_vgg16_bn_s42/faces_cfdWM64/faces_cfdWM64/results.csv,II
noaa,VGG2k / no AA,r21vgg2k_vgg16_bn_s42,face_transfer,124,two_cross,CFD WM64,Faces,0.36,0.38,50,within_sampled_range,II,135,75.0,runs/yin_latest_vgg_20260927/transfer/results/r21vgg2k_vgg16_bn_s42/faces_cfdWM64/faces_cfdWM64/results.csv,II
noaa,VGG2k / no AA,r21vgg2k_vgg16_bn_s42,face_transfer,124,two_cross,CFD WM64,Faces,0.36,0.38,50,within_sampled_range,II,136,83.33333333333334,runs/yin_latest_vgg_20260927/transfer/results/r21vgg2k_vgg16_bn_s42/faces_cfdWM64/faces_cfdWM64/results.csv,II
noaa,VGG2k / no AA,r21vgg2k_vgg16_bn_s42,face_transfer,124,two_cross,CFD WM64,Faces,0.36,0.38,50,within_sampled_range,II,137,83.33333333333334,runs/yin_latest_vgg_20260927/transfer/results/r21vgg2k_vgg16_bn_s42/faces_cfdWM64/faces_cfdWM64/results.csv,II
noaa,VGG2k / no AA,r21vgg2k_vgg16_bn_s42,face_transfer,124,two_cross,CFD WM64,Faces,0.36,0.38,50,within_sampled_range,II,138,87.5,runs/yin_latest_vgg_20260927/transfer/results/r21vgg2k_vgg16_bn_s42/faces_cfdWM64/faces_cfdWM64/results.csv,II
noaa,VGG2k / no AA,r21vgg2k_vgg16_bn_s42,face_transfer,124,two_cross,CFD WM64,Faces,0.36,0.38,50,within_sampled_range,II,139,87.5,runs/yin_latest_vgg_20260927/transfer/results/r21vgg2k_vgg16_bn_s42/faces_cfdWM64/faces_cfdWM64/results.csv,II
noaa,VGG2k / no AA,r21vgg2k_vgg16_bn_s42,face_transfer,124,two_cross,CFD WM64,Faces,0.36,0.38,50,within_sampled_range,II,140,79.16666666666666,runs/yin_latest_vgg_20260927/transfer/results/r21vgg2k_vgg16_bn_s42/faces_cfdWM64/faces_cfdWM64/results.csv,II
noaa,VGG2k / no AA,r21vgg2k_vgg16_bn_s42,face_transfer,124,two_cross,CFD WM64,Faces,0.36,0.38,50,within_sampled_range,II,141,91.66666666666666,runs/yin_latest_vgg_20260927/transfer/results/r21vgg2k_vgg16_bn_s42/faces_cfdWM64/faces_cfdWM64/results.csv,II
noaa,VGG2k / no AA,r21vgg2k_vgg16_bn_s42,face_transfer,124,two_cross,CFD WM64,Faces,0.36,0.38,50,within_sampled_range,II,142,79.16666666666666,runs/yin_latest_vgg_20260927/transfer/results/r21vgg2k_vgg16_bn_s42/faces_cfdWM64/faces_cfdWM64/results.csv,II
noaa,VGG2k / no AA,r21vgg2k_vgg16_bn_s42,face_transfer,124,two_cross,CFD WM64,Faces,0.36,0.38,50,within_sampled_range,II,143,83.33333333333334,runs/yin_latest_vgg_20260927/transfer/results/r21vgg2k_vgg16_bn_s42/faces_cfdWM64/faces_cfdWM64/results.csv,II
noaa,VGG2k / no AA,r21vgg2k_vgg16_bn_s42,face_transfer,124,two_cross,CFD WM64,Faces,0.36,0.38,50,within_sampled_range,II,144,79.16666666666666,runs/yin_latest_vgg_20260927/transfer/results/r21vgg2k_vgg16_bn_s42/faces_cfdWM64/faces_cfdWM64/results.csv,II
noaa,VGG2k / no AA,r21vgg2k_vgg16_bn_s42,face_transfer,124,two_cross,CFD WM64,Faces,0.36,0.38,50,within_sampled_range,II,145,79.16666666666666,runs/yin_latest_vgg_20260927/transfer/results/r21vgg2k_vgg16_bn_s42/faces_cfdWM64/faces_cfdWM64/results.csv,II
noaa,VGG2k / no AA,r21vgg2k_vgg16_bn_s42,face_transfer,124,two_cross,CFD WM64,Faces,0.36,0.38,50,within_sampled_range,II,146,70.83333333333334,runs/yin_latest_vgg_20260927/transfer/results/r21vgg2k_vgg16_bn_s42/faces_cfdWM64/faces_cfdWM64/results.csv,II
noaa,VGG2k / no AA,r21vgg2k_vgg16_bn_s42,face_transfer,124,two_cross,CFD WM64,Faces,0.36,0.38,50,within_sampled_range,II,147,79.16666666666666,runs/yin_latest_vgg_20260927/transfer/results/r21vgg2k_vgg16_bn_s42/faces_cfdWM64/faces_cfdWM64/results.csv,II
noaa,VGG2k / no AA,r21vgg2k_vgg16_bn_s42,face_transfer,124,two_cross,CFD WM64,Faces,0.36,0.38,50,within_sampled_range,II,148,75.0,runs/yin_latest_vgg_20260927/transfer/results/r21vgg2k_vgg16_bn_s42/faces_cfdWM64/faces_cfdWM64/results.csv,II
noaa,VGG2k / no AA,r21vgg2k_vgg16_bn_s42,face_transfer,124,two_cross,CFD WM64,Faces,0.36,0.38,50,within_sampled_range,II,149,75.0,runs/yin_latest_vgg_20260927/transfer/results/r21vgg2k_vgg16_bn_s42/faces_cfdWM64/faces_cfdWM64/results.csv,II
noaa,VGG2k / no AA,r21vgg2k_vgg16_bn_s42,face_transfer,124,two_cross,CFD WM64,Faces,0.36,0.38,50,within_sampled_range,II,150,87.5,runs/yin_latest_vgg_20260927/transfer/results/r21vgg2k_vgg16_bn_s42/faces_cfdWM64/faces_cfdWM64/results.csv,II
noaa,VGG2k / no AA,r21vgg2k_vgg16_bn_s42,face_transfer,124,two_cross,CFD WM64,Faces,0.36,0.38,50,within_sampled_range,UI,101,87.5,runs/yin_latest_vgg_20260927/transfer/results/r21vgg2k_vgg16_bn_s42/faces_cfdWM64/faces_cfdWM64/results.csv,UI_cross
noaa,VGG2k / no AA,r21vgg2k_vgg16_bn_s42,face_transfer,124,two_cross,CFD WM64,Faces,0.36,0.38,50,within_sampled_range,UI,102,87.5,runs/yin_latest_vgg_20260927/transfer/results/r21vgg2k_vgg16_bn_s42/faces_cfdWM64/faces_cfdWM64/results.csv,UI_cross
noaa,VGG2k / no AA,r21vgg2k_vgg16_bn_s42,face_transfer,124,two_cross,CFD WM64,Faces,0.36,0.38,50,within_sampled_range,UI,103,91.66666666666666,runs/yin_latest_vgg_20260927/transfer/results/r21vgg2k_vgg16_bn_s42/faces_cfdWM64/faces_cfdWM64/results.csv,UI_cross
noaa,VGG2k / no AA,r21vgg2k_vgg16_bn_s42,face_transfer,124,two_cross,CFD WM64,Faces,0.36,0.38,50,within_sampled_range,UI,104,95.83333333333334,runs/yin_latest_vgg_20260927/transfer/results/r21vgg2k_vgg16_bn_s42/faces_cfdWM64/faces_cfdWM64/results.csv,UI_cross
noaa,VGG2k / no AA,r21vgg2k_vgg16_bn_s42,face_transfer,124,two_cross,CFD WM64,Faces,0.36,0.38,50,within_sampled_range,UI,105,87.5,runs/yin_latest_vgg_20260927/transfer/results/r21vgg2k_vgg16_bn_s42/faces_cfdWM64/faces_cfdWM64/results.csv,UI_cross
noaa,VGG2k / no AA,r21vgg2k_vgg16_bn_s42,face_transfer,124,two_cross,CFD WM64,Faces,0.36,0.38,50,within_sampled_range,UI,106,100.0,runs/yin_latest_vgg_20260927/transfer/results/r21vgg2k_vgg16_bn_s42/faces_cfdWM64/faces_cfdWM64/results.csv,UI_cross
noaa,VGG2k / no AA,r21vgg2k_vgg16_bn_s42,face_transfer,124,two_cross,CFD WM64,Faces,0.36,0.38,50,within_sampled_range,UI,107,87.5,runs/yin_latest_vgg_20260927/transfer/results/r21vgg2k_vgg16_bn_s42/faces_cfdWM64/faces_cfdWM64/results.csv,UI_cross
noaa,VGG2k / no AA,r21vgg2k_vgg16_bn_s42,face_transfer,124,two_cross,CFD WM64,Faces,0.36,0.38,50,within_sampled_range,UI,108,95.83333333333334,runs/yin_latest_vgg_20260927/transfer/results/r21vgg2k_vgg16_bn_s42/faces_cfdWM64/faces_cfdWM64/results.csv,UI_cross
noaa,VGG2k / no AA,r21vgg2k_vgg16_bn_s42,face_transfer,124,two_cross,CFD WM64,Faces,0.36,0.38,50,within_sampled_range,UI,109,87.5,runs/yin_latest_vgg_20260927/transfer/results/r21vgg2k_vgg16_bn_s42/faces_cfdWM64/faces_cfdWM64/results.csv,UI_cross
noaa,VGG2k / no AA,r21vgg2k_vgg16_bn_s42,face_transfer,124,two_cross,CFD WM64,Faces,0.36,0.38,50,within_sampled_range,UI,110,91.66666666666666,runs/yin_latest_vgg_20260927/transfer/results/r21vgg2k_vgg16_bn_s42/faces_cfdWM64/faces_cfdWM64/results.csv,UI_cross
noaa,VGG2k / no AA,r21vgg2k_vgg16_bn_s42,face_transfer,124,two_cross,CFD WM64,Faces,0.36,0.38,50,within_sampled_range,UI,111,79.16666666666666,runs/yin_latest_vgg_20260927/transfer/results/r21vgg2k_vgg16_bn_s42/faces_cfdWM64/faces_cfdWM64/results.csv,UI_cross
noaa,VGG2k / no AA,r21vgg2k_vgg16_bn_s42,face_transfer,124,two_cross,CFD WM64,Faces,0.36,0.38,50,within_sampled_range,UI,112,95.83333333333334,runs/yin_latest_vgg_20260927/transfer/results/r21vgg2k_vgg16_bn_s42/faces_cfdWM64/faces_cfdWM64/results.csv,UI_cross
noaa,VGG2k / no AA,r21vgg2k_vgg16_bn_s42,face_transfer,124,two_cross,CFD WM64,Faces,0.36,0.38,50,within_sampled_range,UI,113,75.0,runs/yin_latest_vgg_20260927/transfer/results/r21vgg2k_vgg16_bn_s42/faces_cfdWM64/faces_cfdWM64/results.csv,UI_cross
noaa,VGG2k / no AA,r21vgg2k_vgg16_bn_s42,face_transfer,124,two_cross,CFD WM64,Faces,0.36,0.38,50,within_sampled_range,UI,114,79.16666666666666,runs/yin_latest_vgg_20260927/transfer/results/r21vgg2k_vgg16_bn_s42/faces_cfdWM64/faces_cfdWM64/results.csv,UI_cross
noaa,VGG2k / no AA,r21vgg2k_vgg16_bn_s42,face_transfer,124,two_cross,CFD WM64,Faces,0.36,0.38,50,within_sampled_range,UI,115,95.83333333333334,runs/yin_latest_vgg_20260927/transfer/results/r21vgg2k_vgg16_bn_s42/faces_cfdWM64/faces_cfdWM64/results.csv,UI_cross
noaa,VGG2k / no AA,r21vgg2k_vgg16_bn_s42,face_transfer,124,two_cross,CFD WM64,Faces,0.36,0.38,50,within_sampled_range,UI,116,87.5,runs/yin_latest_vgg_20260927/transfer/results/r21vgg2k_vgg16_bn_s42/faces_cfdWM64/faces_cfdWM64/results.csv,UI_cross
noaa,VGG2k / no AA,r21vgg2k_vgg16_bn_s42,face_transfer,124,two_cross,CFD WM64,Faces,0.36,0.38,50,within_sampled_range,UI,117,83.33333333333334,runs/yin_latest_vgg_20260927/transfer/results/r21vgg2k_vgg16_bn_s42/faces_cfdWM64/faces_cfdWM64/results.csv,UI_cross
noaa,VGG2k / no AA,r21vgg2k_vgg16_bn_s42,face_transfer,124,two_cross,CFD WM64,Faces,0.36,0.38,50,within_sampled_range,UI,118,91.66666666666666,runs/yin_latest_vgg_20260927/transfer/results/r21vgg2k_vgg16_bn_s42/faces_cfdWM64/faces_cfdWM64/results.csv,UI_cross
noaa,VGG2k / no AA,r21vgg2k_vgg16_bn_s42,face_transfer,124,two_cross,CFD WM64,Faces,0.36,0.38,50,within_sampled_range,UI,119,95.83333333333334,runs/yin_latest_vgg_20260927/transfer/results/r21vgg2k_vgg16_bn_s42/faces_cfdWM64/faces_cfdWM64/results.csv,UI_cross
noaa,VGG2k / no AA,r21vgg2k_vgg16_bn_s42,face_transfer,124,two_cross,CFD WM64,Faces,0.36,0.38,50,within_sampled_range,UI,120,95.83333333333334,runs/yin_latest_vgg_20260927/transfer/results/r21vgg2k_vgg16_bn_s42/faces_cfdWM64/faces_cfdWM64/results.csv,UI_cross
noaa,VGG2k / no AA,r21vgg2k_vgg16_bn_s42,face_transfer,124,two_cross,CFD WM64,Faces,0.36,0.38,50,within_sampled_range,UI,121,75.0,runs/yin_latest_vgg_20260927/transfer/results/r21vgg2k_vgg16_bn_s42/faces_cfdWM64/faces_cfdWM64/results.csv,UI_cross
noaa,VGG2k / no AA,r21vgg2k_vgg16_bn_s42,face_transfer,124,two_cross,CFD WM64,Faces,0.36,0.38,50,within_sampled_range,UI,122,95.83333333333334,runs/yin_latest_vgg_20260927/transfer/results/r21vgg2k_vgg16_bn_s42/faces_cfdWM64/faces_cfdWM64/results.csv,UI_cross
noaa,VGG2k / no AA,r21vgg2k_vgg16_bn_s42,face_transfer,124,two_cross,CFD WM64,Faces,0.36,0.38,50,within_sampled_range,UI,123,75.0,runs/yin_latest_vgg_20260927/transfer/results/r21vgg2k_vgg16_bn_s42/faces_cfdWM64/faces_cfdWM64/results.csv,UI_cross
noaa,VGG2k / no AA,r21vgg2k_vgg16_bn_s42,face_transfer,124,two_cross,CFD WM64,Faces,0.36,0.38,50,within_sampled_range,UI,124,87.5,runs/yin_latest_vgg_20260927/transfer/results/r21vgg2k_vgg16_bn_s42/faces_cfdWM64/faces_cfdWM64/results.csv,UI_cross
noaa,VGG2k / no AA,r21vgg2k_vgg16_bn_s42,face_transfer,124,two_cross,CFD WM64,Faces,0.36,0.38,50,within_sampled_range,UI,125,87.5,runs/yin_latest_vgg_20260927/transfer/results/r21vgg2k_vgg16_bn_s42/faces_cfdWM64/faces_cfdWM64/results.csv,UI_cross
noaa,VGG2k / no AA,r21vgg2k_vgg16_bn_s42,face_transfer,124,two_cross,CFD WM64,Faces,0.36,0.38,50,within_sampled_range,UI,126,83.33333333333334,runs/yin_latest_vgg_20260927/transfer/results/r21vgg2k_vgg16_bn_s42/faces_cfdWM64/faces_cfdWM64/results.csv,UI_cross
noaa,VGG2k / no AA,r21vgg2k_vgg16_bn_s42,face_transfer,124,two_cross,CFD WM64,Faces,0.36,0.38,50,within_sampled_range,UI,127,79.16666666666666,runs/yin_latest_vgg_20260927/transfer/results/r21vgg2k_vgg16_bn_s42/faces_cfdWM64/faces_cfdWM64/results.csv,UI_cross
noaa,VGG2k / no AA,r21vgg2k_vgg16_bn_s42,face_transfer,124,two_cross,CFD WM64,Faces,0.36,0.38,50,within_sampled_range,UI,128,79.16666666666666,runs/yin_latest_vgg_20260927/transfer/results/r21vgg2k_vgg16_bn_s42/faces_cfdWM64/faces_cfdWM64/results.csv,UI_cross
noaa,VGG2k / no AA,r21vgg2k_vgg16_bn_s42,face_transfer,124,two_cross,CFD WM64,Faces,0.36,0.38,50,within_sampled_range,UI,129,87.5,runs/yin_latest_vgg_20260927/transfer/results/r21vgg2k_vgg16_bn_s42/faces_cfdWM64/faces_cfdWM64/results.csv,UI_cross
noaa,VGG2k / no AA,r21vgg2k_vgg16_bn_s42,face_transfer,124,two_cross,CFD WM64,Faces,0.36,0.38,50,within_sampled_range,UI,130,91.66666666666666,runs/yin_latest_vgg_20260927/transfer/results/r21vgg2k_vgg16_bn_s42/faces_cfdWM64/faces_cfdWM64/results.csv,UI_cross
noaa,VGG2k / no AA,r21vgg2k_vgg16_bn_s42,face_transfer,124,two_cross,CFD WM64,Faces,0.36,0.38,50,within_sampled_range,UI,131,100.0,runs/yin_latest_vgg_20260927/transfer/results/r21vgg2k_vgg16_bn_s42/faces_cfdWM64/faces_cfdWM64/results.csv,UI_cross
noaa,VGG2k / no AA,r21vgg2k_vgg16_bn_s42,face_transfer,124,two_cross,CFD WM64,Faces,0.36,0.38,50,within_sampled_range,UI,132,87.5,runs/yin_latest_vgg_20260927/transfer/results/r21vgg2k_vgg16_bn_s42/faces_cfdWM64/faces_cfdWM64/results.csv,UI_cross
noaa,VGG2k / no AA,r21vgg2k_vgg16_bn_s42,face_transfer,124,two_cross,CFD WM64,Faces,0.36,0.38,50,within_sampled_range,UI,133,83.33333333333334,runs/yin_latest_vgg_20260927/transfer/results/r21vgg2k_vgg16_bn_s42/faces_cfdWM64/faces_cfdWM64/results.csv,UI_cross
noaa,VGG2k / no AA,r21vgg2k_vgg16_bn_s42,face_transfer,124,two_cross,CFD WM64,Faces,0.36,0.38,50,within_sampled_range,UI,134,95.83333333333334,runs/yin_latest_vgg_20260927/transfer/results/r21vgg2k_vgg16_bn_s42/faces_cfdWM64/faces_cfdWM64/results.csv,UI_cross
noaa,VGG2k / no AA,r21vgg2k_vgg16_bn_s42,face_transfer,124,two_cross,CFD WM64,Faces,0.36,0.38,50,within_sampled_range,UI,135,83.33333333333334,runs/yin_latest_vgg_20260927/transfer/results/r21vgg2k_vgg16_bn_s42/faces_cfdWM64/faces_cfdWM64/results.csv,UI_cross
noaa,VGG2k / no AA,r21vgg2k_vgg16_bn_s42,face_transfer,124,two_cross,CFD WM64,Faces,0.36,0.38,50,within_sampled_range,UI,136,87.5,runs/yin_latest_vgg_20260927/transfer/results/r21vgg2k_vgg16_bn_s42/faces_cfdWM64/faces_cfdWM64/results.csv,UI_cross
noaa,VGG2k / no AA,r21vgg2k_vgg16_bn_s42,face_transfer,124,two_cross,CFD WM64,Faces,0.36,0.38,50,within_sampled_range,UI,137,100.0,runs/yin_latest_vgg_20260927/transfer/results/r21vgg2k_vgg16_bn_s42/faces_cfdWM64/faces_cfdWM64/results.csv,UI_cross
noaa,VGG2k / no AA,r21vgg2k_vgg16_bn_s42,face_transfer,124,two_cross,CFD WM64,Faces,0.36,0.38,50,within_sampled_range,UI,138,87.5,runs/yin_latest_vgg_20260927/transfer/results/r21vgg2k_vgg16_bn_s42/faces_cfdWM64/faces_cfdWM64/results.csv,UI_cross
noaa,VGG2k / no AA,r21vgg2k_vgg16_bn_s42,face_transfer,124,two_cross,CFD WM64,Faces,0.36,0.38,50,within_sampled_range,UI,139,79.16666666666666,runs/yin_latest_vgg_20260927/transfer/results/r21vgg2k_vgg16_bn_s42/faces_cfdWM64/faces_cfdWM64/results.csv,UI_cross
noaa,VGG2k / no AA,r21vgg2k_vgg16_bn_s42,face_transfer,124,two_cross,CFD WM64,Faces,0.36,0.38,50,within_sampled_range,UI,140,87.5,runs/yin_latest_vgg_20260927/transfer/results/r21vgg2k_vgg16_bn_s42/faces_cfdWM64/faces_cfdWM64/results.csv,UI_cross
noaa,VGG2k / no AA,r21vgg2k_vgg16_bn_s42,face_transfer,124,two_cross,CFD WM64,Faces,0.36,0.38,50,within_sampled_range,UI,141,87.5,runs/yin_latest_vgg_20260927/transfer/results/r21vgg2k_vgg16_bn_s42/faces_cfdWM64/faces_cfdWM64/results.csv,UI_cross
noaa,VGG2k / no AA,r21vgg2k_vgg16_bn_s42,face_transfer,124,two_cross,CFD WM64,Faces,0.36,0.38,50,within_sampled_range,UI,142,95.83333333333334,runs/yin_latest_vgg_20260927/transfer/results/r21vgg2k_vgg16_bn_s42/faces_cfdWM64/faces_cfdWM64/results.csv,UI_cross
noaa,VGG2k / no AA,r21vgg2k_vgg16_bn_s42,face_transfer,124,two_cross,CFD WM64,Faces,0.36,0.38,50,within_sampled_range,UI,143,91.66666666666666,runs/yin_latest_vgg_20260927/transfer/results/r21vgg2k_vgg16_bn_s42/faces_cfdWM64/faces_cfdWM64/results.csv,UI_cross
noaa,VGG2k / no AA,r21vgg2k_vgg16_bn_s42,face_transfer,124,two_cross,CFD WM64,Faces,0.36,0.38,50,within_sampled_range,UI,144,91.66666666666666,runs/yin_latest_vgg_20260927/transfer/results/r21vgg2k_vgg16_bn_s42/faces_cfdWM64/faces_cfdWM64/results.csv,UI_cross
noaa,VGG2k / no AA,r21vgg2k_vgg16_bn_s42,face_transfer,124,two_cross,CFD WM64,Faces,0.36,0.38,50,within_sampled_range,UI,145,95.83333333333334,runs/yin_latest_vgg_20260927/transfer/results/r21vgg2k_vgg16_bn_s42/faces_cfdWM64/faces_cfdWM64/results.csv,UI_cross
noaa,VGG2k / no AA,r21vgg2k_vgg16_bn_s42,face_transfer,124,two_cross,CFD WM64,Faces,0.36,0.38,50,within_sampled_range,UI,146,83.33333333333334,runs/yin_latest_vgg_20260927/transfer/results/r21vgg2k_vgg16_bn_s42/faces_cfdWM64/faces_cfdWM64/results.csv,UI_cross
noaa,VGG2k / no AA,r21vgg2k_vgg16_bn_s42,face_transfer,124,two_cross,CFD WM64,Faces,0.36,0.38,50,within_sampled_range,UI,147,83.33333333333334,runs/yin_latest_vgg_20260927/transfer/results/r21vgg2k_vgg16_bn_s42/faces_cfdWM64/faces_cfdWM64/results.csv,UI_cross
noaa,VGG2k / no AA,r21vgg2k_vgg16_bn_s42,face_transfer,124,two_cross,CFD WM64,Faces,0.36,0.38,50,within_sampled_range,UI,148,83.33333333333334,runs/yin_latest_vgg_20260927/transfer/results/r21vgg2k_vgg16_bn_s42/faces_cfdWM64/faces_cfdWM64/results.csv,UI_cross
noaa,VGG2k / no AA,r21vgg2k_vgg16_bn_s42,face_transfer,124,two_cross,CFD WM64,Faces,0.36,0.38,50,within_sampled_range,UI,149,83.33333333333334,runs/yin_latest_vgg_20260927/transfer/results/r21vgg2k_vgg16_bn_s42/faces_cfdWM64/faces_cfdWM64/results.csv,UI_cross
noaa,VGG2k / no AA,r21vgg2k_vgg16_bn_s42,face_transfer,124,two_cross,CFD WM64,Faces,0.36,0.38,50,within_sampled_range,UI,150,95.83333333333334,runs/yin_latest_vgg_20260927/transfer/results/r21vgg2k_vgg16_bn_s42/faces_cfdWM64/faces_cfdWM64/results.csv,UI_cross
noaa,VGG2k / no AA,r21vgg2k_vgg16_bn_s42,face_transfer,124,two_cross,CFD WM64,Faces,0.36,0.38,50,within_sampled_range,IU,101,83.33333333333334,runs/yin_latest_vgg_20260927/transfer/results/r21vgg2k_vgg16_bn_s42/faces_cfdWM64/faces_cfdWM64/results.csv,IU
noaa,VGG2k / no AA,r21vgg2k_vgg16_bn_s42,face_transfer,124,two_cross,CFD WM64,Faces,0.36,0.38,50,within_sampled_range,IU,102,91.66666666666666,runs/yin_latest_vgg_20260927/transfer/results/r21vgg2k_vgg16_bn_s42/faces_cfdWM64/faces_cfdWM64/results.csv,IU
noaa,VGG2k / no AA,r21vgg2k_vgg16_bn_s42,face_transfer,124,two_cross,CFD WM64,Faces,0.36,0.38,50,within_sampled_range,IU,103,91.66666666666666,runs/yin_latest_vgg_20260927/transfer/results/r21vgg2k_vgg16_bn_s42/faces_cfdWM64/faces_cfdWM64/results.csv,IU
noaa,VGG2k / no AA,r21vgg2k_vgg16_bn_s42,face_transfer,124,two_cross,CFD WM64,Faces,0.36,0.38,50,within_sampled_range,IU,104,87.5,runs/yin_latest_vgg_20260927/transfer/results/r21vgg2k_vgg16_bn_s42/faces_cfdWM64/faces_cfdWM64/results.csv,IU
noaa,VGG2k / no AA,r21vgg2k_vgg16_bn_s42,face_transfer,124,two_cross,CFD WM64,Faces,0.36,0.38,50,within_sampled_range,IU,105,87.5,runs/yin_latest_vgg_20260927/transfer/results/r21vgg2k_vgg16_bn_s42/faces_cfdWM64/faces_cfdWM64/results.csv,IU
noaa,VGG2k / no AA,r21vgg2k_vgg16_bn_s42,face_transfer,124,two_cross,CFD WM64,Faces,0.36,0.38,50,within_sampled_range,IU,106,83.33333333333334,runs/yin_latest_vgg_20260927/transfer/results/r21vgg2k_vgg16_bn_s42/faces_cfdWM64/faces_cfdWM64/results.csv,IU
noaa,VGG2k / no AA,r21vgg2k_vgg16_bn_s42,face_transfer,124,two_cross,CFD WM64,Faces,0.36,0.38,50,within_sampled_range,IU,107,83.33333333333334,runs/yin_latest_vgg_20260927/transfer/results/r21vgg2k_vgg16_bn_s42/faces_cfdWM64/faces_cfdWM64/results.csv,IU
noaa,VGG2k / no AA,r21vgg2k_vgg16_bn_s42,face_transfer,124,two_cross,CFD WM64,Faces,0.36,0.38,50,within_sampled_range,IU,108,83.33333333333334,runs/yin_latest_vgg_20260927/transfer/results/r21vgg2k_vgg16_bn_s42/faces_cfdWM64/faces_cfdWM64/results.csv,IU
noaa,VGG2k / no AA,r21vgg2k_vgg16_bn_s42,face_transfer,124,two_cross,CFD WM64,Faces,0.36,0.38,50,within_sampled_range,IU,109,83.33333333333334,runs/yin_latest_vgg_20260927/transfer/results/r21vgg2k_vgg16_bn_s42/faces_cfdWM64/faces_cfdWM64/results.csv,IU
noaa,VGG2k / no AA,r21vgg2k_vgg16_bn_s42,face_transfer,124,two_cross,CFD WM64,Faces,0.36,0.38,50,within_sampled_range,IU,110,87.5,runs/yin_latest_vgg_20260927/transfer/results/r21vgg2k_vgg16_bn_s42/faces_cfdWM64/faces_cfdWM64/results.csv,IU
noaa,VGG2k / no AA,r21vgg2k_vgg16_bn_s42,face_transfer,124,two_cross,CFD WM64,Faces,0.36,0.38,50,within_sampled_range,IU,111,66.66666666666666,runs/yin_latest_vgg_20260927/transfer/results/r21vgg2k_vgg16_bn_s42/faces_cfdWM64/faces_cfdWM64/results.csv,IU
noaa,VGG2k / no AA,r21vgg2k_vgg16_bn_s42,face_transfer,124,two_cross,CFD WM64,Faces,0.36,0.38,50,within_sampled_range,IU,112,83.33333333333334,runs/yin_latest_vgg_20260927/transfer/results/r21vgg2k_vgg16_bn_s42/faces_cfdWM64/faces_cfdWM64/results.csv,IU
noaa,VGG2k / no AA,r21vgg2k_vgg16_bn_s42,face_transfer,124,two_cross,CFD WM64,Faces,0.36,0.38,50,within_sampled_range,IU,113,87.5,runs/yin_latest_vgg_20260927/transfer/results/r21vgg2k_vgg16_bn_s42/faces_cfdWM64/faces_cfdWM64/results.csv,IU
noaa,VGG2k / no AA,r21vgg2k_vgg16_bn_s42,face_transfer,124,two_cross,CFD WM64,Faces,0.36,0.38,50,within_sampled_range,IU,114,91.66666666666666,runs/yin_latest_vgg_20260927/transfer/results/r21vgg2k_vgg16_bn_s42/faces_cfdWM64/faces_cfdWM64/results.csv,IU
noaa,VGG2k / no AA,r21vgg2k_vgg16_bn_s42,face_transfer,124,two_cross,CFD WM64,Faces,0.36,0.38,50,within_sampled_range,IU,115,79.16666666666666,runs/yin_latest_vgg_20260927/transfer/results/r21vgg2k_vgg16_bn_s42/faces_cfdWM64/faces_cfdWM64/results.csv,IU
noaa,VGG2k / no AA,r21vgg2k_vgg16_bn_s42,face_transfer,124,two_cross,CFD WM64,Faces,0.36,0.38,50,within_sampled_range,IU,116,83.33333333333334,runs/yin_latest_vgg_20260927/transfer/results/r21vgg2k_vgg16_bn_s42/faces_cfdWM64/faces_cfdWM64/results.csv,IU
noaa,VGG2k / no AA,r21vgg2k_vgg16_bn_s42,face_transfer,124,two_cross,CFD WM64,Faces,0.36,0.38,50,within_sampled_range,IU,117,91.66666666666666,runs/yin_latest_vgg_20260927/transfer/results/r21vgg2k_vgg16_bn_s42/faces_cfdWM64/faces_cfdWM64/results.csv,IU
noaa,VGG2k / no AA,r21vgg2k_vgg16_bn_s42,face_transfer,124,two_cross,CFD WM64,Faces,0.36,0.38,50,within_sampled_range,IU,118,87.5,runs/yin_latest_vgg_20260927/transfer/results/r21vgg2k_vgg16_bn_s42/faces_cfdWM64/faces_cfdWM64/results.csv,IU
noaa,VGG2k / no AA,r21vgg2k_vgg16_bn_s42,face_transfer,124,two_cross,CFD WM64,Faces,0.36,0.38,50,within_sampled_range,IU,119,79.16666666666666,runs/yin_latest_vgg_20260927/transfer/results/r21vgg2k_vgg16_bn_s42/faces_cfdWM64/faces_cfdWM64/results.csv,IU
noaa,VGG2k / no AA,r21vgg2k_vgg16_bn_s42,face_transfer,124,two_cross,CFD WM64,Faces,0.36,0.38,50,within_sampled_range,IU,120,83.33333333333334,runs/yin_latest_vgg_20260927/transfer/results/r21vgg2k_vgg16_bn_s42/faces_cfdWM64/faces_cfdWM64/results.csv,IU
noaa,VGG2k / no AA,r21vgg2k_vgg16_bn_s42,face_transfer,124,two_cross,CFD WM64,Faces,0.36,0.38,50,within_sampled_range,IU,121,83.33333333333334,runs/yin_latest_vgg_20260927/transfer/results/r21vgg2k_vgg16_bn_s42/faces_cfdWM64/faces_cfdWM64/results.csv,IU
noaa,VGG2k / no AA,r21vgg2k_vgg16_bn_s42,face_transfer,124,two_cross,CFD WM64,Faces,0.36,0.38,50,within_sampled_range,IU,122,91.66666666666666,runs/yin_latest_vgg_20260927/transfer/results/r21vgg2k_vgg16_bn_s42/faces_cfdWM64/faces_cfdWM64/results.csv,IU
noaa,VGG2k / no AA,r21vgg2k_vgg16_bn_s42,face_transfer,124,two_cross,CFD WM64,Faces,0.36,0.38,50,within_sampled_range,IU,123,95.83333333333334,runs/yin_latest_vgg_20260927/transfer/results/r21vgg2k_vgg16_bn_s42/faces_cfdWM64/faces_cfdWM64/results.csv,IU
noaa,VGG2k / no AA,r21vgg2k_vgg16_bn_s42,face_transfer,124,two_cross,CFD WM64,Faces,0.36,0.38,50,within_sampled_range,IU,124,87.5,runs/yin_latest_vgg_20260927/transfer/results/r21vgg2k_vgg16_bn_s42/faces_cfdWM64/faces_cfdWM64/results.csv,IU
noaa,VGG2k / no AA,r21vgg2k_vgg16_bn_s42,face_transfer,124,two_cross,CFD WM64,Faces,0.36,0.38,50,within_sampled_range,IU,125,100.0,runs/yin_latest_vgg_20260927/transfer/results/r21vgg2k_vgg16_bn_s42/faces_cfdWM64/faces_cfdWM64/results.csv,IU
noaa,VGG2k / no AA,r21vgg2k_vgg16_bn_s42,face_transfer,124,two_cross,CFD WM64,Faces,0.36,0.38,50,within_sampled_range,IU,126,87.5,runs/yin_latest_vgg_20260927/transfer/results/r21vgg2k_vgg16_bn_s42/faces_cfdWM64/faces_cfdWM64/results.csv,IU
noaa,VGG2k / no AA,r21vgg2k_vgg16_bn_s42,face_transfer,124,two_cross,CFD WM64,Faces,0.36,0.38,50,within_sampled_range,IU,127,87.5,runs/yin_latest_vgg_20260927/transfer/results/r21vgg2k_vgg16_bn_s42/faces_cfdWM64/faces_cfdWM64/results.csv,IU
noaa,VGG2k / no AA,r21vgg2k_vgg16_bn_s42,face_transfer,124,two_cross,CFD WM64,Faces,0.36,0.38,50,within_sampled_range,IU,128,87.5,runs/yin_latest_vgg_20260927/transfer/results/r21vgg2k_vgg16_bn_s42/faces_cfdWM64/faces_cfdWM64/results.csv,IU
noaa,VGG2k / no AA,r21vgg2k_vgg16_bn_s42,face_transfer,124,two_cross,CFD WM64,Faces,0.36,0.38,50,within_sampled_range,IU,129,91.66666666666666,runs/yin_latest_vgg_20260927/transfer/results/r21vgg2k_vgg16_bn_s42/faces_cfdWM64/faces_cfdWM64/results.csv,IU
noaa,VGG2k / no AA,r21vgg2k_vgg16_bn_s42,face_transfer,124,two_cross,CFD WM64,Faces,0.36,0.38,50,within_sampled_range,IU,130,83.33333333333334,runs/yin_latest_vgg_20260927/transfer/results/r21vgg2k_vgg16_bn_s42/faces_cfdWM64/faces_cfdWM64/results.csv,IU
noaa,VGG2k / no AA,r21vgg2k_vgg16_bn_s42,face_transfer,124,two_cross,CFD WM64,Faces,0.36,0.38,50,within_sampled_range,IU,131,83.33333333333334,runs/yin_latest_vgg_20260927/transfer/results/r21vgg2k_vgg16_bn_s42/faces_cfdWM64/faces_cfdWM64/results.csv,IU
noaa,VGG2k / no AA,r21vgg2k_vgg16_bn_s42,face_transfer,124,two_cross,CFD WM64,Faces,0.36,0.38,50,within_sampled_range,IU,132,87.5,runs/yin_latest_vgg_20260927/transfer/results/r21vgg2k_vgg16_bn_s42/faces_cfdWM64/faces_cfdWM64/results.csv,IU
noaa,VGG2k / no AA,r21vgg2k_vgg16_bn_s42,face_transfer,124,two_cross,CFD WM64,Faces,0.36,0.38,50,within_sampled_range,IU,133,79.16666666666666,runs/yin_latest_vgg_20260927/transfer/results/r21vgg2k_vgg16_bn_s42/faces_cfdWM64/faces_cfdWM64/results.csv,IU
noaa,VGG2k / no AA,r21vgg2k_vgg16_bn_s42,face_transfer,124,two_cross,CFD WM64,Faces,0.36,0.38,50,within_sampled_range,IU,134,79.16666666666666,runs/yin_latest_vgg_20260927/transfer/results/r21vgg2k_vgg16_bn_s42/faces_cfdWM64/faces_cfdWM64/results.csv,IU
noaa,VGG2k / no AA,r21vgg2k_vgg16_bn_s42,face_transfer,124,two_cross,CFD WM64,Faces,0.36,0.38,50,within_sampled_range,IU,135,79.16666666666666,runs/yin_latest_vgg_20260927/transfer/results/r21vgg2k_vgg16_bn_s42/faces_cfdWM64/faces_cfdWM64/results.csv,IU
noaa,VGG2k / no AA,r21vgg2k_vgg16_bn_s42,face_transfer,124,two_cross,CFD WM64,Faces,0.36,0.38,50,within_sampled_range,IU,136,87.5,runs/yin_latest_vgg_20260927/transfer/results/r21vgg2k_vgg16_bn_s42/faces_cfdWM64/faces_cfdWM64/results.csv,IU
noaa,VGG2k / no AA,r21vgg2k_vgg16_bn_s42,face_transfer,124,two_cross,CFD WM64,Faces,0.36,0.38,50,within_sampled_range,IU,137,87.5,runs/yin_latest_vgg_20260927/transfer/results/r21vgg2k_vgg16_bn_s42/faces_cfdWM64/faces_cfdWM64/results.csv,IU
noaa,VGG2k / no AA,r21vgg2k_vgg16_bn_s42,face_transfer,124,two_cross,CFD WM64,Faces,0.36,0.38,50,within_sampled_range,IU,138,95.83333333333334,runs/yin_latest_vgg_20260927/transfer/results/r21vgg2k_vgg16_bn_s42/faces_cfdWM64/faces_cfdWM64/results.csv,IU
noaa,VGG2k / no AA,r21vgg2k_vgg16_bn_s42,face_transfer,124,two_cross,CFD WM64,Faces,0.36,0.38,50,within_sampled_range,IU,139,95.83333333333334,runs/yin_latest_vgg_20260927/transfer/results/r21vgg2k_vgg16_bn_s42/faces_cfdWM64/faces_cfdWM64/results.csv,IU
noaa,VGG2k / no AA,r21vgg2k_vgg16_bn_s42,face_transfer,124,two_cross,CFD WM64,Faces,0.36,0.38,50,within_sampled_range,IU,140,95.83333333333334,runs/yin_latest_vgg_20260927/transfer/results/r21vgg2k_vgg16_bn_s42/faces_cfdWM64/faces_cfdWM64/results.csv,IU
noaa,VGG2k / no AA,r21vgg2k_vgg16_bn_s42,face_transfer,124,two_cross,CFD WM64,Faces,0.36,0.38,50,within_sampled_range,IU,141,87.5,runs/yin_latest_vgg_20260927/transfer/results/r21vgg2k_vgg16_bn_s42/faces_cfdWM64/faces_cfdWM64/results.csv,IU
noaa,VGG2k / no AA,r21vgg2k_vgg16_bn_s42,face_transfer,124,two_cross,CFD WM64,Faces,0.36,0.38,50,within_sampled_range,IU,142,91.66666666666666,runs/yin_latest_vgg_20260927/transfer/results/r21vgg2k_vgg16_bn_s42/faces_cfdWM64/faces_cfdWM64/results.csv,IU
noaa,VGG2k / no AA,r21vgg2k_vgg16_bn_s42,face_transfer,124,two_cross,CFD WM64,Faces,0.36,0.38,50,within_sampled_range,IU,143,91.66666666666666,runs/yin_latest_vgg_20260927/transfer/results/r21vgg2k_vgg16_bn_s42/faces_cfdWM64/faces_cfdWM64/results.csv,IU
noaa,VGG2k / no AA,r21vgg2k_vgg16_bn_s42,face_transfer,124,two_cross,CFD WM64,Faces,0.36,0.38,50,within_sampled_range,IU,144,87.5,runs/yin_latest_vgg_20260927/transfer/results/r21vgg2k_vgg16_bn_s42/faces_cfdWM64/faces_cfdWM64/results.csv,IU
noaa,VGG2k / no AA,r21vgg2k_vgg16_bn_s42,face_transfer,124,two_cross,CFD WM64,Faces,0.36,0.38,50,within_sampled_range,IU,145,83.33333333333334,runs/yin_latest_vgg_20260927/transfer/results/r21vgg2k_vgg16_bn_s42/faces_cfdWM64/faces_cfdWM64/results.csv,IU
noaa,VGG2k / no AA,r21vgg2k_vgg16_bn_s42,face_transfer,124,two_cross,CFD WM64,Faces,0.36,0.38,50,within_sampled_range,IU,146,83.33333333333334,runs/yin_latest_vgg_20260927/transfer/results/r21vgg2k_vgg16_bn_s42/faces_cfdWM64/faces_cfdWM64/results.csv,IU
noaa,VGG2k / no AA,r21vgg2k_vgg16_bn_s42,face_transfer,124,two_cross,CFD WM64,Faces,0.36,0.38,50,within_sampled_range,IU,147,79.16666666666666,runs/yin_latest_vgg_20260927/transfer/results/r21vgg2k_vgg16_bn_s42/faces_cfdWM64/faces_cfdWM64/results.csv,IU
noaa,VGG2k / no AA,r21vgg2k_vgg16_bn_s42,face_transfer,124,two_cross,CFD WM64,Faces,0.36,0.38,50,within_sampled_range,IU,148,83.33333333333334,runs/yin_latest_vgg_20260927/transfer/results/r21vgg2k_vgg16_bn_s42/faces_cfdWM64/faces_cfdWM64/results.csv,IU
noaa,VGG2k / no AA,r21vgg2k_vgg16_bn_s42,face_transfer,124,two_cross,CFD WM64,Faces,0.36,0.38,50,within_sampled_range,IU,149,91.66666666666666,runs/yin_latest_vgg_20260927/transfer/results/r21vgg2k_vgg16_bn_s42/faces_cfdWM64/faces_cfdWM64/results.csv,IU
noaa,VGG2k / no AA,r21vgg2k_vgg16_bn_s42,face_transfer,124,two_cross,CFD WM64,Faces,0.36,0.38,50,within_sampled_range,IU,150,87.5,runs/yin_latest_vgg_20260927/transfer/results/r21vgg2k_vgg16_bn_s42/faces_cfdWM64/faces_cfdWM64/results.csv,IU
noaa,VGG2k / no AA,r21vgg2k_vgg16_bn_s42,face_transfer,124,two_shared_ui,CFD WM64,Faces,0.36,0.38,50,within_sampled_range,UU,101,95.83333333333334,runs/yin_latest_vgg_20260927/transfer/results/r21vgg2k_vgg16_bn_s42/faces_cfdWM64/faces_cfdWM64/results.csv,UU
noaa,VGG2k / no AA,r21vgg2k_vgg16_bn_s42,face_transfer,124,two_shared_ui,CFD WM64,Faces,0.36,0.38,50,within_sampled_range,UU,102,100.0,runs/yin_latest_vgg_20260927/transfer/results/r21vgg2k_vgg16_bn_s42/faces_cfdWM64/faces_cfdWM64/results.csv,UU
noaa,VGG2k / no AA,r21vgg2k_vgg16_bn_s42,face_transfer,124,two_shared_ui,CFD WM64,Faces,0.36,0.38,50,within_sampled_range,UU,103,95.83333333333334,runs/yin_latest_vgg_20260927/transfer/results/r21vgg2k_vgg16_bn_s42/faces_cfdWM64/faces_cfdWM64/results.csv,UU
noaa,VGG2k / no AA,r21vgg2k_vgg16_bn_s42,face_transfer,124,two_shared_ui,CFD WM64,Faces,0.36,0.38,50,within_sampled_range,UU,104,100.0,runs/yin_latest_vgg_20260927/transfer/results/r21vgg2k_vgg16_bn_s42/faces_cfdWM64/faces_cfdWM64/results.csv,UU
noaa,VGG2k / no AA,r21vgg2k_vgg16_bn_s42,face_transfer,124,two_shared_ui,CFD WM64,Faces,0.36,0.38,50,within_sampled_range,UU,105,91.66666666666666,runs/yin_latest_vgg_20260927/transfer/results/r21vgg2k_vgg16_bn_s42/faces_cfdWM64/faces_cfdWM64/results.csv,UU
noaa,VGG2k / no AA,r21vgg2k_vgg16_bn_s42,face_transfer,124,two_shared_ui,CFD WM64,Faces,0.36,0.38,50,within_sampled_range,UU,106,95.83333333333334,runs/yin_latest_vgg_20260927/transfer/results/r21vgg2k_vgg16_bn_s42/faces_cfdWM64/faces_cfdWM64/results.csv,UU
noaa,VGG2k / no AA,r21vgg2k_vgg16_bn_s42,face_transfer,124,two_shared_ui,CFD WM64,Faces,0.36,0.38,50,within_sampled_range,UU,107,100.0,runs/yin_latest_vgg_20260927/transfer/results/r21vgg2k_vgg16_bn_s42/faces_cfdWM64/faces_cfdWM64/results.csv,UU
noaa,VGG2k / no AA,r21vgg2k_vgg16_bn_s42,face_transfer,124,two_shared_ui,CFD WM64,Faces,0.36,0.38,50,within_sampled_range,UU,108,100.0,runs/yin_latest_vgg_20260927/transfer/results/r21vgg2k_vgg16_bn_s42/faces_cfdWM64/faces_cfdWM64/results.csv,UU
noaa,VGG2k / no AA,r21vgg2k_vgg16_bn_s42,face_transfer,124,two_shared_ui,CFD WM64,Faces,0.36,0.38,50,within_sampled_range,UU,109,95.83333333333334,runs/yin_latest_vgg_20260927/transfer/results/r21vgg2k_vgg16_bn_s42/faces_cfdWM64/faces_cfdWM64/results.csv,UU
noaa,VGG2k / no AA,r21vgg2k_vgg16_bn_s42,face_transfer,124,two_shared_ui,CFD WM64,Faces,0.36,0.38,50,within_sampled_range,UU,110,95.83333333333334,runs/yin_latest_vgg_20260927/transfer/results/r21vgg2k_vgg16_bn_s42/faces_cfdWM64/faces_cfdWM64/results.csv,UU
noaa,VGG2k / no AA,r21vgg2k_vgg16_bn_s42,face_transfer,124,two_shared_ui,CFD WM64,Faces,0.36,0.38,50,within_sampled_range,UU,111,87.5,runs/yin_latest_vgg_20260927/transfer/results/r21vgg2k_vgg16_bn_s42/faces_cfdWM64/faces_cfdWM64/results.csv,UU
noaa,VGG2k / no AA,r21vgg2k_vgg16_bn_s42,face_transfer,124,two_shared_ui,CFD WM64,Faces,0.36,0.38,50,within_sampled_range,UU,112,95.83333333333334,runs/yin_latest_vgg_20260927/transfer/results/r21vgg2k_vgg16_bn_s42/faces_cfdWM64/faces_cfdWM64/results.csv,UU
noaa,VGG2k / no AA,r21vgg2k_vgg16_bn_s42,face_transfer,124,two_shared_ui,CFD WM64,Faces,0.36,0.38,50,within_sampled_range,UU,113,100.0,runs/yin_latest_vgg_20260927/transfer/results/r21vgg2k_vgg16_bn_s42/faces_cfdWM64/faces_cfdWM64/results.csv,UU
noaa,VGG2k / no AA,r21vgg2k_vgg16_bn_s42,face_transfer,124,two_shared_ui,CFD WM64,Faces,0.36,0.38,50,within_sampled_range,UU,114,91.66666666666666,runs/yin_latest_vgg_20260927/transfer/results/r21vgg2k_vgg16_bn_s42/faces_cfdWM64/faces_cfdWM64/results.csv,UU
noaa,VGG2k / no AA,r21vgg2k_vgg16_bn_s42,face_transfer,124,two_shared_ui,CFD WM64,Faces,0.36,0.38,50,within_sampled_range,UU,115,95.83333333333334,runs/yin_latest_vgg_20260927/transfer/results/r21vgg2k_vgg16_bn_s42/faces_cfdWM64/faces_cfdWM64/results.csv,UU
noaa,VGG2k / no AA,r21vgg2k_vgg16_bn_s42,face_transfer,124,two_shared_ui,CFD WM64,Faces,0.36,0.38,50,within_sampled_range,UU,116,91.66666666666666,runs/yin_latest_vgg_20260927/transfer/results/r21vgg2k_vgg16_bn_s42/faces_cfdWM64/faces_cfdWM64/results.csv,UU
noaa,VGG2k / no AA,r21vgg2k_vgg16_bn_s42,face_transfer,124,two_shared_ui,CFD WM64,Faces,0.36,0.38,50,within_sampled_range,UU,117,91.66666666666666,runs/yin_latest_vgg_20260927/transfer/results/r21vgg2k_vgg16_bn_s42/faces_cfdWM64/faces_cfdWM64/results.csv,UU
noaa,VGG2k / no AA,r21vgg2k_vgg16_bn_s42,face_transfer,124,two_shared_ui,CFD WM64,Faces,0.36,0.38,50,within_sampled_range,UU,118,95.83333333333334,runs/yin_latest_vgg_20260927/transfer/results/r21vgg2k_vgg16_bn_s42/faces_cfdWM64/faces_cfdWM64/results.csv,UU
noaa,VGG2k / no AA,r21vgg2k_vgg16_bn_s42,face_transfer,124,two_shared_ui,CFD WM64,Faces,0.36,0.38,50,within_sampled_range,UU,119,91.66666666666666,runs/yin_latest_vgg_20260927/transfer/results/r21vgg2k_vgg16_bn_s42/faces_cfdWM64/faces_cfdWM64/results.csv,UU
noaa,VGG2k / no AA,r21vgg2k_vgg16_bn_s42,face_transfer,124,two_shared_ui,CFD WM64,Faces,0.36,0.38,50,within_sampled_range,UU,120,100.0,runs/yin_latest_vgg_20260927/transfer/results/r21vgg2k_vgg16_bn_s42/faces_cfdWM64/faces_cfdWM64/results.csv,UU
noaa,VGG2k / no AA,r21vgg2k_vgg16_bn_s42,face_transfer,124,two_shared_ui,CFD WM64,Faces,0.36,0.38,50,within_sampled_range,UU,121,95.83333333333334,runs/yin_latest_vgg_20260927/transfer/results/r21vgg2k_vgg16_bn_s42/faces_cfdWM64/faces_cfdWM64/results.csv,UU
noaa,VGG2k / no AA,r21vgg2k_vgg16_bn_s42,face_transfer,124,two_shared_ui,CFD WM64,Faces,0.36,0.38,50,within_sampled_range,UU,122,95.83333333333334,runs/yin_latest_vgg_20260927/transfer/results/r21vgg2k_vgg16_bn_s42/faces_cfdWM64/faces_cfdWM64/results.csv,UU
noaa,VGG2k / no AA,r21vgg2k_vgg16_bn_s42,face_transfer,124,two_shared_ui,CFD WM64,Faces,0.36,0.38,50,within_sampled_range,UU,123,95.83333333333334,runs/yin_latest_vgg_20260927/transfer/results/r21vgg2k_vgg16_bn_s42/faces_cfdWM64/faces_cfdWM64/results.csv,UU
noaa,VGG2k / no AA,r21vgg2k_vgg16_bn_s42,face_transfer,124,two_shared_ui,CFD WM64,Faces,0.36,0.38,50,within_sampled_range,UU,124,100.0,runs/yin_latest_vgg_20260927/transfer/results/r21vgg2k_vgg16_bn_s42/faces_cfdWM64/faces_cfdWM64/results.csv,UU
noaa,VGG2k / no AA,r21vgg2k_vgg16_bn_s42,face_transfer,124,two_shared_ui,CFD WM64,Faces,0.36,0.38,50,within_sampled_range,UU,125,100.0,runs/yin_latest_vgg_20260927/transfer/results/r21vgg2k_vgg16_bn_s42/faces_cfdWM64/faces_cfdWM64/results.csv,UU
noaa,VGG2k / no AA,r21vgg2k_vgg16_bn_s42,face_transfer,124,two_shared_ui,CFD WM64,Faces,0.36,0.38,50,within_sampled_range,UU,126,95.83333333333334,runs/yin_latest_vgg_20260927/transfer/results/r21vgg2k_vgg16_bn_s42/faces_cfdWM64/faces_cfdWM64/results.csv,UU
noaa,VGG2k / no AA,r21vgg2k_vgg16_bn_s42,face_transfer,124,two_shared_ui,CFD WM64,Faces,0.36,0.38,50,within_sampled_range,UU,127,95.83333333333334,runs/yin_latest_vgg_20260927/transfer/results/r21vgg2k_vgg16_bn_s42/faces_cfdWM64/faces_cfdWM64/results.csv,UU
noaa,VGG2k / no AA,r21vgg2k_vgg16_bn_s42,face_transfer,124,two_shared_ui,CFD WM64,Faces,0.36,0.38,50,within_sampled_range,UU,128,91.66666666666666,runs/yin_latest_vgg_20260927/transfer/results/r21vgg2k_vgg16_bn_s42/faces_cfdWM64/faces_cfdWM64/results.csv,UU
noaa,VGG2k / no AA,r21vgg2k_vgg16_bn_s42,face_transfer,124,two_shared_ui,CFD WM64,Faces,0.36,0.38,50,within_sampled_range,UU,129,95.83333333333334,runs/yin_latest_vgg_20260927/transfer/results/r21vgg2k_vgg16_bn_s42/faces_cfdWM64/faces_cfdWM64/results.csv,UU
noaa,VGG2k / no AA,r21vgg2k_vgg16_bn_s42,face_transfer,124,two_shared_ui,CFD WM64,Faces,0.36,0.38,50,within_sampled_range,UU,130,100.0,runs/yin_latest_vgg_20260927/transfer/results/r21vgg2k_vgg16_bn_s42/faces_cfdWM64/faces_cfdWM64/results.csv,UU
noaa,VGG2k / no AA,r21vgg2k_vgg16_bn_s42,face_transfer,124,two_shared_ui,CFD WM64,Faces,0.36,0.38,50,within_sampled_range,UU,131,100.0,runs/yin_latest_vgg_20260927/transfer/results/r21vgg2k_vgg16_bn_s42/faces_cfdWM64/faces_cfdWM64/results.csv,UU
noaa,VGG2k / no AA,r21vgg2k_vgg16_bn_s42,face_transfer,124,two_shared_ui,CFD WM64,Faces,0.36,0.38,50,within_sampled_range,UU,132,95.83333333333334,runs/yin_latest_vgg_20260927/transfer/results/r21vgg2k_vgg16_bn_s42/faces_cfdWM64/faces_cfdWM64/results.csv,UU
noaa,VGG2k / no AA,r21vgg2k_vgg16_bn_s42,face_transfer,124,two_shared_ui,CFD WM64,Faces,0.36,0.38,50,within_sampled_range,UU,133,91.66666666666666,runs/yin_latest_vgg_20260927/transfer/results/r21vgg2k_vgg16_bn_s42/faces_cfdWM64/faces_cfdWM64/results.csv,UU
noaa,VGG2k / no AA,r21vgg2k_vgg16_bn_s42,face_transfer,124,two_shared_ui,CFD WM64,Faces,0.36,0.38,50,within_sampled_range,UU,134,100.0,runs/yin_latest_vgg_20260927/transfer/results/r21vgg2k_vgg16_bn_s42/faces_cfdWM64/faces_cfdWM64/results.csv,UU
noaa,VGG2k / no AA,r21vgg2k_vgg16_bn_s42,face_transfer,124,two_shared_ui,CFD WM64,Faces,0.36,0.38,50,within_sampled_range,UU,135,91.66666666666666,runs/yin_latest_vgg_20260927/transfer/results/r21vgg2k_vgg16_bn_s42/faces_cfdWM64/faces_cfdWM64/results.csv,UU
noaa,VGG2k / no AA,r21vgg2k_vgg16_bn_s42,face_transfer,124,two_shared_ui,CFD WM64,Faces,0.36,0.38,50,within_sampled_range,UU,136,100.0,runs/yin_latest_vgg_20260927/transfer/results/r21vgg2k_vgg16_bn_s42/faces_cfdWM64/faces_cfdWM64/results.csv,UU
noaa,VGG2k / no AA,r21vgg2k_vgg16_bn_s42,face_transfer,124,two_shared_ui,CFD WM64,Faces,0.36,0.38,50,within_sampled_range,UU,137,100.0,runs/yin_latest_vgg_20260927/transfer/results/r21vgg2k_vgg16_bn_s42/faces_cfdWM64/faces_cfdWM64/results.csv,UU
noaa,VGG2k / no AA,r21vgg2k_vgg16_bn_s42,face_transfer,124,two_shared_ui,CFD WM64,Faces,0.36,0.38,50,within_sampled_range,UU,138,100.0,runs/yin_latest_vgg_20260927/transfer/results/r21vgg2k_vgg16_bn_s42/faces_cfdWM64/faces_cfdWM64/results.csv,UU
noaa,VGG2k / no AA,r21vgg2k_vgg16_bn_s42,face_transfer,124,two_shared_ui,CFD WM64,Faces,0.36,0.38,50,within_sampled_range,UU,139,83.33333333333334,runs/yin_latest_vgg_20260927/transfer/results/r21vgg2k_vgg16_bn_s42/faces_cfdWM64/faces_cfdWM64/results.csv,UU
noaa,VGG2k / no AA,r21vgg2k_vgg16_bn_s42,face_transfer,124,two_shared_ui,CFD WM64,Faces,0.36,0.38,50,within_sampled_range,UU,140,91.66666666666666,runs/yin_latest_vgg_20260927/transfer/results/r21vgg2k_vgg16_bn_s42/faces_cfdWM64/faces_cfdWM64/results.csv,UU
noaa,VGG2k / no AA,r21vgg2k_vgg16_bn_s42,face_transfer,124,two_shared_ui,CFD WM64,Faces,0.36,0.38,50,within_sampled_range,UU,141,100.0,runs/yin_latest_vgg_20260927/transfer/results/r21vgg2k_vgg16_bn_s42/faces_cfdWM64/faces_cfdWM64/results.csv,UU
noaa,VGG2k / no AA,r21vgg2k_vgg16_bn_s42,face_transfer,124,two_shared_ui,CFD WM64,Faces,0.36,0.38,50,within_sampled_range,UU,142,100.0,runs/yin_latest_vgg_20260927/transfer/results/r21vgg2k_vgg16_bn_s42/faces_cfdWM64/faces_cfdWM64/results.csv,UU
noaa,VGG2k / no AA,r21vgg2k_vgg16_bn_s42,face_transfer,124,two_shared_ui,CFD WM64,Faces,0.36,0.38,50,within_sampled_range,UU,143,95.83333333333334,runs/yin_latest_vgg_20260927/transfer/results/r21vgg2k_vgg16_bn_s42/faces_cfdWM64/faces_cfdWM64/results.csv,UU
noaa,VGG2k / no AA,r21vgg2k_vgg16_bn_s42,face_transfer,124,two_shared_ui,CFD WM64,Faces,0.36,0.38,50,within_sampled_range,UU,144,100.0,runs/yin_latest_vgg_20260927/transfer/results/r21vgg2k_vgg16_bn_s42/faces_cfdWM64/faces_cfdWM64/results.csv,UU
noaa,VGG2k / no AA,r21vgg2k_vgg16_bn_s42,face_transfer,124,two_shared_ui,CFD WM64,Faces,0.36,0.38,50,within_sampled_range,UU,145,95.83333333333334,runs/yin_latest_vgg_20260927/transfer/results/r21vgg2k_vgg16_bn_s42/faces_cfdWM64/faces_cfdWM64/results.csv,UU
noaa,VGG2k / no AA,r21vgg2k_vgg16_bn_s42,face_transfer,124,two_shared_ui,CFD WM64,Faces,0.36,0.38,50,within_sampled_range,UU,146,95.83333333333334,runs/yin_latest_vgg_20260927/transfer/results/r21vgg2k_vgg16_bn_s42/faces_cfdWM64/faces_cfdWM64/results.csv,UU
noaa,VGG2k / no AA,r21vgg2k_vgg16_bn_s42,face_transfer,124,two_shared_ui,CFD WM64,Faces,0.36,0.38,50,within_sampled_range,UU,147,91.66666666666666,runs/yin_latest_vgg_20260927/transfer/results/r21vgg2k_vgg16_bn_s42/faces_cfdWM64/faces_cfdWM64/results.csv,UU
noaa,VGG2k / no AA,r21vgg2k_vgg16_bn_s42,face_transfer,124,two_shared_ui,CFD WM64,Faces,0.36,0.38,50,within_sampled_range,UU,148,95.83333333333334,runs/yin_latest_vgg_20260927/transfer/results/r21vgg2k_vgg16_bn_s42/faces_cfdWM64/faces_cfdWM64/results.csv,UU
noaa,VGG2k / no AA,r21vgg2k_vgg16_bn_s42,face_transfer,124,two_shared_ui,CFD WM64,Faces,0.36,0.38,50,within_sampled_range,UU,149,95.83333333333334,runs/yin_latest_vgg_20260927/transfer/results/r21vgg2k_vgg16_bn_s42/faces_cfdWM64/faces_cfdWM64/results.csv,UU
noaa,VGG2k / no AA,r21vgg2k_vgg16_bn_s42,face_transfer,124,two_shared_ui,CFD WM64,Faces,0.36,0.38,50,within_sampled_range,UU,150,100.0,runs/yin_latest_vgg_20260927/transfer/results/r21vgg2k_vgg16_bn_s42/faces_cfdWM64/faces_cfdWM64/results.csv,UU
noaa,VGG2k / no AA,r21vgg2k_vgg16_bn_s42,face_transfer,124,two_shared_ui,CFD WM64,Faces,0.36,0.38,50,within_sampled_range,II,101,87.5,runs/yin_latest_vgg_20260927/transfer/results/r21vgg2k_vgg16_bn_s42/faces_cfdWM64/faces_cfdWM64/results.csv,II
noaa,VGG2k / no AA,r21vgg2k_vgg16_bn_s42,face_transfer,124,two_shared_ui,CFD WM64,Faces,0.36,0.38,50,within_sampled_range,II,102,66.66666666666666,runs/yin_latest_vgg_20260927/transfer/results/r21vgg2k_vgg16_bn_s42/faces_cfdWM64/faces_cfdWM64/results.csv,II
noaa,VGG2k / no AA,r21vgg2k_vgg16_bn_s42,face_transfer,124,two_shared_ui,CFD WM64,Faces,0.36,0.38,50,within_sampled_range,II,103,91.66666666666666,runs/yin_latest_vgg_20260927/transfer/results/r21vgg2k_vgg16_bn_s42/faces_cfdWM64/faces_cfdWM64/results.csv,II
noaa,VGG2k / no AA,r21vgg2k_vgg16_bn_s42,face_transfer,124,two_shared_ui,CFD WM64,Faces,0.36,0.38,50,within_sampled_range,II,104,91.66666666666666,runs/yin_latest_vgg_20260927/transfer/results/r21vgg2k_vgg16_bn_s42/faces_cfdWM64/faces_cfdWM64/results.csv,II
noaa,VGG2k / no AA,r21vgg2k_vgg16_bn_s42,face_transfer,124,two_shared_ui,CFD WM64,Faces,0.36,0.38,50,within_sampled_range,II,105,83.33333333333334,runs/yin_latest_vgg_20260927/transfer/results/r21vgg2k_vgg16_bn_s42/faces_cfdWM64/faces_cfdWM64/results.csv,II
noaa,VGG2k / no AA,r21vgg2k_vgg16_bn_s42,face_transfer,124,two_shared_ui,CFD WM64,Faces,0.36,0.38,50,within_sampled_range,II,106,91.66666666666666,runs/yin_latest_vgg_20260927/transfer/results/r21vgg2k_vgg16_bn_s42/faces_cfdWM64/faces_cfdWM64/results.csv,II
noaa,VGG2k / no AA,r21vgg2k_vgg16_bn_s42,face_transfer,124,two_shared_ui,CFD WM64,Faces,0.36,0.38,50,within_sampled_range,II,107,75.0,runs/yin_latest_vgg_20260927/transfer/results/r21vgg2k_vgg16_bn_s42/faces_cfdWM64/faces_cfdWM64/results.csv,II
noaa,VGG2k / no AA,r21vgg2k_vgg16_bn_s42,face_transfer,124,two_shared_ui,CFD WM64,Faces,0.36,0.38,50,within_sampled_range,II,108,83.33333333333334,runs/yin_latest_vgg_20260927/transfer/results/r21vgg2k_vgg16_bn_s42/faces_cfdWM64/faces_cfdWM64/results.csv,II
noaa,VGG2k / no AA,r21vgg2k_vgg16_bn_s42,face_transfer,124,two_shared_ui,CFD WM64,Faces,0.36,0.38,50,within_sampled_range,II,109,79.16666666666666,runs/yin_latest_vgg_20260927/transfer/results/r21vgg2k_vgg16_bn_s42/faces_cfdWM64/faces_cfdWM64/results.csv,II
noaa,VGG2k / no AA,r21vgg2k_vgg16_bn_s42,face_transfer,124,two_shared_ui,CFD WM64,Faces,0.36,0.38,50,within_sampled_range,II,110,83.33333333333334,runs/yin_latest_vgg_20260927/transfer/results/r21vgg2k_vgg16_bn_s42/faces_cfdWM64/faces_cfdWM64/results.csv,II
noaa,VGG2k / no AA,r21vgg2k_vgg16_bn_s42,face_transfer,124,two_shared_ui,CFD WM64,Faces,0.36,0.38,50,within_sampled_range,II,111,62.5,runs/yin_latest_vgg_20260927/transfer/results/r21vgg2k_vgg16_bn_s42/faces_cfdWM64/faces_cfdWM64/results.csv,II
noaa,VGG2k / no AA,r21vgg2k_vgg16_bn_s42,face_transfer,124,two_shared_ui,CFD WM64,Faces,0.36,0.38,50,within_sampled_range,II,112,91.66666666666666,runs/yin_latest_vgg_20260927/transfer/results/r21vgg2k_vgg16_bn_s42/faces_cfdWM64/faces_cfdWM64/results.csv,II
noaa,VGG2k / no AA,r21vgg2k_vgg16_bn_s42,face_transfer,124,two_shared_ui,CFD WM64,Faces,0.36,0.38,50,within_sampled_range,II,113,66.66666666666666,runs/yin_latest_vgg_20260927/transfer/results/r21vgg2k_vgg16_bn_s42/faces_cfdWM64/faces_cfdWM64/results.csv,II
noaa,VGG2k / no AA,r21vgg2k_vgg16_bn_s42,face_transfer,124,two_shared_ui,CFD WM64,Faces,0.36,0.38,50,within_sampled_range,II,114,75.0,runs/yin_latest_vgg_20260927/transfer/results/r21vgg2k_vgg16_bn_s42/faces_cfdWM64/faces_cfdWM64/results.csv,II
noaa,VGG2k / no AA,r21vgg2k_vgg16_bn_s42,face_transfer,124,two_shared_ui,CFD WM64,Faces,0.36,0.38,50,within_sampled_range,II,115,79.16666666666666,runs/yin_latest_vgg_20260927/transfer/results/r21vgg2k_vgg16_bn_s42/faces_cfdWM64/faces_cfdWM64/results.csv,II
noaa,VGG2k / no AA,r21vgg2k_vgg16_bn_s42,face_transfer,124,two_shared_ui,CFD WM64,Faces,0.36,0.38,50,within_sampled_range,II,116,79.16666666666666,runs/yin_latest_vgg_20260927/transfer/results/r21vgg2k_vgg16_bn_s42/faces_cfdWM64/faces_cfdWM64/results.csv,II
noaa,VGG2k / no AA,r21vgg2k_vgg16_bn_s42,face_transfer,124,two_shared_ui,CFD WM64,Faces,0.36,0.38,50,within_sampled_range,II,117,79.16666666666666,runs/yin_latest_vgg_20260927/transfer/results/r21vgg2k_vgg16_bn_s42/faces_cfdWM64/faces_cfdWM64/results.csv,II
noaa,VGG2k / no AA,r21vgg2k_vgg16_bn_s42,face_transfer,124,two_shared_ui,CFD WM64,Faces,0.36,0.38,50,within_sampled_range,II,118,95.83333333333334,runs/yin_latest_vgg_20260927/transfer/results/r21vgg2k_vgg16_bn_s42/faces_cfdWM64/faces_cfdWM64/results.csv,II
noaa,VGG2k / no AA,r21vgg2k_vgg16_bn_s42,face_transfer,124,two_shared_ui,CFD WM64,Faces,0.36,0.38,50,within_sampled_range,II,119,87.5,runs/yin_latest_vgg_20260927/transfer/results/r21vgg2k_vgg16_bn_s42/faces_cfdWM64/faces_cfdWM64/results.csv,II
noaa,VGG2k / no AA,r21vgg2k_vgg16_bn_s42,face_transfer,124,two_shared_ui,CFD WM64,Faces,0.36,0.38,50,within_sampled_range,II,120,75.0,runs/yin_latest_vgg_20260927/transfer/results/r21vgg2k_vgg16_bn_s42/faces_cfdWM64/faces_cfdWM64/results.csv,II
noaa,VGG2k / no AA,r21vgg2k_vgg16_bn_s42,face_transfer,124,two_shared_ui,CFD WM64,Faces,0.36,0.38,50,within_sampled_range,II,121,75.0,runs/yin_latest_vgg_20260927/transfer/results/r21vgg2k_vgg16_bn_s42/faces_cfdWM64/faces_cfdWM64/results.csv,II
noaa,VGG2k / no AA,r21vgg2k_vgg16_bn_s42,face_transfer,124,two_shared_ui,CFD WM64,Faces,0.36,0.38,50,within_sampled_range,II,122,87.5,runs/yin_latest_vgg_20260927/transfer/results/r21vgg2k_vgg16_bn_s42/faces_cfdWM64/faces_cfdWM64/results.csv,II
noaa,VGG2k / no AA,r21vgg2k_vgg16_bn_s42,face_transfer,124,two_shared_ui,CFD WM64,Faces,0.36,0.38,50,within_sampled_range,II,123,75.0,runs/yin_latest_vgg_20260927/transfer/results/r21vgg2k_vgg16_bn_s42/faces_cfdWM64/faces_cfdWM64/results.csv,II
noaa,VGG2k / no AA,r21vgg2k_vgg16_bn_s42,face_transfer,124,two_shared_ui,CFD WM64,Faces,0.36,0.38,50,within_sampled_range,II,124,83.33333333333334,runs/yin_latest_vgg_20260927/transfer/results/r21vgg2k_vgg16_bn_s42/faces_cfdWM64/faces_cfdWM64/results.csv,II
noaa,VGG2k / no AA,r21vgg2k_vgg16_bn_s42,face_transfer,124,two_shared_ui,CFD WM64,Faces,0.36,0.38,50,within_sampled_range,II,125,79.16666666666666,runs/yin_latest_vgg_20260927/transfer/results/r21vgg2k_vgg16_bn_s42/faces_cfdWM64/faces_cfdWM64/results.csv,II
noaa,VGG2k / no AA,r21vgg2k_vgg16_bn_s42,face_transfer,124,two_shared_ui,CFD WM64,Faces,0.36,0.38,50,within_sampled_range,II,126,75.0,runs/yin_latest_vgg_20260927/transfer/results/r21vgg2k_vgg16_bn_s42/faces_cfdWM64/faces_cfdWM64/results.csv,II
noaa,VGG2k / no AA,r21vgg2k_vgg16_bn_s42,face_transfer,124,two_shared_ui,CFD WM64,Faces,0.36,0.38,50,within_sampled_range,II,127,83.33333333333334,runs/yin_latest_vgg_20260927/transfer/results/r21vgg2k_vgg16_bn_s42/faces_cfdWM64/faces_cfdWM64/results.csv,II
noaa,VGG2k / no AA,r21vgg2k_vgg16_bn_s42,face_transfer,124,two_shared_ui,CFD WM64,Faces,0.36,0.38,50,within_sampled_range,II,128,79.16666666666666,runs/yin_latest_vgg_20260927/transfer/results/r21vgg2k_vgg16_bn_s42/faces_cfdWM64/faces_cfdWM64/results.csv,II
noaa,VGG2k / no AA,r21vgg2k_vgg16_bn_s42,face_transfer,124,two_shared_ui,CFD WM64,Faces,0.36,0.38,50,within_sampled_range,II,129,75.0,runs/yin_latest_vgg_20260927/transfer/results/r21vgg2k_vgg16_bn_s42/faces_cfdWM64/faces_cfdWM64/results.csv,II
noaa,VGG2k / no AA,r21vgg2k_vgg16_bn_s42,face_transfer,124,two_shared_ui,CFD WM64,Faces,0.36,0.38,50,within_sampled_range,II,130,79.16666666666666,runs/yin_latest_vgg_20260927/transfer/results/r21vgg2k_vgg16_bn_s42/faces_cfdWM64/faces_cfdWM64/results.csv,II
noaa,VGG2k / no AA,r21vgg2k_vgg16_bn_s42,face_transfer,124,two_shared_ui,CFD WM64,Faces,0.36,0.38,50,within_sampled_range,II,131,83.33333333333334,runs/yin_latest_vgg_20260927/transfer/results/r21vgg2k_vgg16_bn_s42/faces_cfdWM64/faces_cfdWM64/results.csv,II
noaa,VGG2k / no AA,r21vgg2k_vgg16_bn_s42,face_transfer,124,two_shared_ui,CFD WM64,Faces,0.36,0.38,50,within_sampled_range,II,132,91.66666666666666,runs/yin_latest_vgg_20260927/transfer/results/r21vgg2k_vgg16_bn_s42/faces_cfdWM64/faces_cfdWM64/results.csv,II
noaa,VGG2k / no AA,r21vgg2k_vgg16_bn_s42,face_transfer,124,two_shared_ui,CFD WM64,Faces,0.36,0.38,50,within_sampled_range,II,133,83.33333333333334,runs/yin_latest_vgg_20260927/transfer/results/r21vgg2k_vgg16_bn_s42/faces_cfdWM64/faces_cfdWM64/results.csv,II
noaa,VGG2k / no AA,r21vgg2k_vgg16_bn_s42,face_transfer,124,two_shared_ui,CFD WM64,Faces,0.36,0.38,50,within_sampled_range,II,134,91.66666666666666,runs/yin_latest_vgg_20260927/transfer/results/r21vgg2k_vgg16_bn_s42/faces_cfdWM64/faces_cfdWM64/results.csv,II
noaa,VGG2k / no AA,r21vgg2k_vgg16_bn_s42,face_transfer,124,two_shared_ui,CFD WM64,Faces,0.36,0.38,50,within_sampled_range,II,135,75.0,runs/yin_latest_vgg_20260927/transfer/results/r21vgg2k_vgg16_bn_s42/faces_cfdWM64/faces_cfdWM64/results.csv,II
noaa,VGG2k / no AA,r21vgg2k_vgg16_bn_s42,face_transfer,124,two_shared_ui,CFD WM64,Faces,0.36,0.38,50,within_sampled_range,II,136,83.33333333333334,runs/yin_latest_vgg_20260927/transfer/results/r21vgg2k_vgg16_bn_s42/faces_cfdWM64/faces_cfdWM64/results.csv,II
noaa,VGG2k / no AA,r21vgg2k_vgg16_bn_s42,face_transfer,124,two_shared_ui,CFD WM64,Faces,0.36,0.38,50,within_sampled_range,II,137,83.33333333333334,runs/yin_latest_vgg_20260927/transfer/results/r21vgg2k_vgg16_bn_s42/faces_cfdWM64/faces_cfdWM64/results.csv,II
noaa,VGG2k / no AA,r21vgg2k_vgg16_bn_s42,face_transfer,124,two_shared_ui,CFD WM64,Faces,0.36,0.38,50,within_sampled_range,II,138,87.5,runs/yin_latest_vgg_20260927/transfer/results/r21vgg2k_vgg16_bn_s42/faces_cfdWM64/faces_cfdWM64/results.csv,II
noaa,VGG2k / no AA,r21vgg2k_vgg16_bn_s42,face_transfer,124,two_shared_ui,CFD WM64,Faces,0.36,0.38,50,within_sampled_range,II,139,87.5,runs/yin_latest_vgg_20260927/transfer/results/r21vgg2k_vgg16_bn_s42/faces_cfdWM64/faces_cfdWM64/results.csv,II
noaa,VGG2k / no AA,r21vgg2k_vgg16_bn_s42,face_transfer,124,two_shared_ui,CFD WM64,Faces,0.36,0.38,50,within_sampled_range,II,140,79.16666666666666,runs/yin_latest_vgg_20260927/transfer/results/r21vgg2k_vgg16_bn_s42/faces_cfdWM64/faces_cfdWM64/results.csv,II
noaa,VGG2k / no AA,r21vgg2k_vgg16_bn_s42,face_transfer,124,two_shared_ui,CFD WM64,Faces,0.36,0.38,50,within_sampled_range,II,141,91.66666666666666,runs/yin_latest_vgg_20260927/transfer/results/r21vgg2k_vgg16_bn_s42/faces_cfdWM64/faces_cfdWM64/results.csv,II
noaa,VGG2k / no AA,r21vgg2k_vgg16_bn_s42,face_transfer,124,two_shared_ui,CFD WM64,Faces,0.36,0.38,50,within_sampled_range,II,142,79.16666666666666,runs/yin_latest_vgg_20260927/transfer/results/r21vgg2k_vgg16_bn_s42/faces_cfdWM64/faces_cfdWM64/results.csv,II
noaa,VGG2k / no AA,r21vgg2k_vgg16_bn_s42,face_transfer,124,two_shared_ui,CFD WM64,Faces,0.36,0.38,50,within_sampled_range,II,143,83.33333333333334,runs/yin_latest_vgg_20260927/transfer/results/r21vgg2k_vgg16_bn_s42/faces_cfdWM64/faces_cfdWM64/results.csv,II
noaa,VGG2k / no AA,r21vgg2k_vgg16_bn_s42,face_transfer,124,two_shared_ui,CFD WM64,Faces,0.36,0.38,50,within_sampled_range,II,144,79.16666666666666,runs/yin_latest_vgg_20260927/transfer/results/r21vgg2k_vgg16_bn_s42/faces_cfdWM64/faces_cfdWM64/results.csv,II
noaa,VGG2k / no AA,r21vgg2k_vgg16_bn_s42,face_transfer,124,two_shared_ui,CFD WM64,Faces,0.36,0.38,50,within_sampled_range,II,145,79.16666666666666,runs/yin_latest_vgg_20260927/transfer/results/r21vgg2k_vgg16_bn_s42/faces_cfdWM64/faces_cfdWM64/results.csv,II
noaa,VGG2k / no AA,r21vgg2k_vgg16_bn_s42,face_transfer,124,two_shared_ui,CFD WM64,Faces,0.36,0.38,50,within_sampled_range,II,146,70.83333333333334,runs/yin_latest_vgg_20260927/transfer/results/r21vgg2k_vgg16_bn_s42/faces_cfdWM64/faces_cfdWM64/results.csv,II
noaa,VGG2k / no AA,r21vgg2k_vgg16_bn_s42,face_transfer,124,two_shared_ui,CFD WM64,Faces,0.36,0.38,50,within_sampled_range,II,147,79.16666666666666,runs/yin_latest_vgg_20260927/transfer/results/r21vgg2k_vgg16_bn_s42/faces_cfdWM64/faces_cfdWM64/results.csv,II
noaa,VGG2k / no AA,r21vgg2k_vgg16_bn_s42,face_transfer,124,two_shared_ui,CFD WM64,Faces,0.36,0.38,50,within_sampled_range,II,148,75.0,runs/yin_latest_vgg_20260927/transfer/results/r21vgg2k_vgg16_bn_s42/faces_cfdWM64/faces_cfdWM64/results.csv,II
noaa,VGG2k / no AA,r21vgg2k_vgg16_bn_s42,face_transfer,124,two_shared_ui,CFD WM64,Faces,0.36,0.38,50,within_sampled_range,II,149,75.0,runs/yin_latest_vgg_20260927/transfer/results/r21vgg2k_vgg16_bn_s42/faces_cfdWM64/faces_cfdWM64/results.csv,II
noaa,VGG2k / no AA,r21vgg2k_vgg16_bn_s42,face_transfer,124,two_shared_ui,CFD WM64,Faces,0.36,0.38,50,within_sampled_range,II,150,87.5,runs/yin_latest_vgg_20260927/transfer/results/r21vgg2k_vgg16_bn_s42/faces_cfdWM64/faces_cfdWM64/results.csv,II
noaa,VGG2k / no AA,r21vgg2k_vgg16_bn_s42,face_transfer,124,two_shared_ui,CFD WM64,Faces,0.36,0.38,50,within_sampled_range,UI,101,95.83333333333334,runs/yin_latest_vgg_20260927/transfer/results/r21vgg2k_vgg16_bn_s42/faces_cfdWM64/faces_cfdWM64/results.csv,UI_shared
noaa,VGG2k / no AA,r21vgg2k_vgg16_bn_s42,face_transfer,124,two_shared_ui,CFD WM64,Faces,0.36,0.38,50,within_sampled_range,UI,102,91.66666666666666,runs/yin_latest_vgg_20260927/transfer/results/r21vgg2k_vgg16_bn_s42/faces_cfdWM64/faces_cfdWM64/results.csv,UI_shared
noaa,VGG2k / no AA,r21vgg2k_vgg16_bn_s42,face_transfer,124,two_shared_ui,CFD WM64,Faces,0.36,0.38,50,within_sampled_range,UI,103,91.66666666666666,runs/yin_latest_vgg_20260927/transfer/results/r21vgg2k_vgg16_bn_s42/faces_cfdWM64/faces_cfdWM64/results.csv,UI_shared
noaa,VGG2k / no AA,r21vgg2k_vgg16_bn_s42,face_transfer,124,two_shared_ui,CFD WM64,Faces,0.36,0.38,50,within_sampled_range,UI,104,95.83333333333334,runs/yin_latest_vgg_20260927/transfer/results/r21vgg2k_vgg16_bn_s42/faces_cfdWM64/faces_cfdWM64/results.csv,UI_shared
noaa,VGG2k / no AA,r21vgg2k_vgg16_bn_s42,face_transfer,124,two_shared_ui,CFD WM64,Faces,0.36,0.38,50,within_sampled_range,UI,105,91.66666666666666,runs/yin_latest_vgg_20260927/transfer/results/r21vgg2k_vgg16_bn_s42/faces_cfdWM64/faces_cfdWM64/results.csv,UI_shared
noaa,VGG2k / no AA,r21vgg2k_vgg16_bn_s42,face_transfer,124,two_shared_ui,CFD WM64,Faces,0.36,0.38,50,within_sampled_range,UI,106,91.66666666666666,runs/yin_latest_vgg_20260927/transfer/results/r21vgg2k_vgg16_bn_s42/faces_cfdWM64/faces_cfdWM64/results.csv,UI_shared
noaa,VGG2k / no AA,r21vgg2k_vgg16_bn_s42,face_transfer,124,two_shared_ui,CFD WM64,Faces,0.36,0.38,50,within_sampled_range,UI,107,95.83333333333334,runs/yin_latest_vgg_20260927/transfer/results/r21vgg2k_vgg16_bn_s42/faces_cfdWM64/faces_cfdWM64/results.csv,UI_shared
noaa,VGG2k / no AA,r21vgg2k_vgg16_bn_s42,face_transfer,124,two_shared_ui,CFD WM64,Faces,0.36,0.38,50,within_sampled_range,UI,108,87.5,runs/yin_latest_vgg_20260927/transfer/results/r21vgg2k_vgg16_bn_s42/faces_cfdWM64/faces_cfdWM64/results.csv,UI_shared
noaa,VGG2k / no AA,r21vgg2k_vgg16_bn_s42,face_transfer,124,two_shared_ui,CFD WM64,Faces,0.36,0.38,50,within_sampled_range,UI,109,91.66666666666666,runs/yin_latest_vgg_20260927/transfer/results/r21vgg2k_vgg16_bn_s42/faces_cfdWM64/faces_cfdWM64/results.csv,UI_shared
noaa,VGG2k / no AA,r21vgg2k_vgg16_bn_s42,face_transfer,124,two_shared_ui,CFD WM64,Faces,0.36,0.38,50,within_sampled_range,UI,110,100.0,runs/yin_latest_vgg_20260927/transfer/results/r21vgg2k_vgg16_bn_s42/faces_cfdWM64/faces_cfdWM64/results.csv,UI_shared
noaa,VGG2k / no AA,r21vgg2k_vgg16_bn_s42,face_transfer,124,two_shared_ui,CFD WM64,Faces,0.36,0.38,50,within_sampled_range,UI,111,79.16666666666666,runs/yin_latest_vgg_20260927/transfer/results/r21vgg2k_vgg16_bn_s42/faces_cfdWM64/faces_cfdWM64/results.csv,UI_shared
noaa,VGG2k / no AA,r21vgg2k_vgg16_bn_s42,face_transfer,124,two_shared_ui,CFD WM64,Faces,0.36,0.38,50,within_sampled_range,UI,112,95.83333333333334,runs/yin_latest_vgg_20260927/transfer/results/r21vgg2k_vgg16_bn_s42/faces_cfdWM64/faces_cfdWM64/results.csv,UI_shared
noaa,VGG2k / no AA,r21vgg2k_vgg16_bn_s42,face_transfer,124,two_shared_ui,CFD WM64,Faces,0.36,0.38,50,within_sampled_range,UI,113,83.33333333333334,runs/yin_latest_vgg_20260927/transfer/results/r21vgg2k_vgg16_bn_s42/faces_cfdWM64/faces_cfdWM64/results.csv,UI_shared
noaa,VGG2k / no AA,r21vgg2k_vgg16_bn_s42,face_transfer,124,two_shared_ui,CFD WM64,Faces,0.36,0.38,50,within_sampled_range,UI,114,83.33333333333334,runs/yin_latest_vgg_20260927/transfer/results/r21vgg2k_vgg16_bn_s42/faces_cfdWM64/faces_cfdWM64/results.csv,UI_shared
noaa,VGG2k / no AA,r21vgg2k_vgg16_bn_s42,face_transfer,124,two_shared_ui,CFD WM64,Faces,0.36,0.38,50,within_sampled_range,UI,115,95.83333333333334,runs/yin_latest_vgg_20260927/transfer/results/r21vgg2k_vgg16_bn_s42/faces_cfdWM64/faces_cfdWM64/results.csv,UI_shared
noaa,VGG2k / no AA,r21vgg2k_vgg16_bn_s42,face_transfer,124,two_shared_ui,CFD WM64,Faces,0.36,0.38,50,within_sampled_range,UI,116,91.66666666666666,runs/yin_latest_vgg_20260927/transfer/results/r21vgg2k_vgg16_bn_s42/faces_cfdWM64/faces_cfdWM64/results.csv,UI_shared
noaa,VGG2k / no AA,r21vgg2k_vgg16_bn_s42,face_transfer,124,two_shared_ui,CFD WM64,Faces,0.36,0.38,50,within_sampled_range,UI,117,83.33333333333334,runs/yin_latest_vgg_20260927/transfer/results/r21vgg2k_vgg16_bn_s42/faces_cfdWM64/faces_cfdWM64/results.csv,UI_shared
noaa,VGG2k / no AA,r21vgg2k_vgg16_bn_s42,face_transfer,124,two_shared_ui,CFD WM64,Faces,0.36,0.38,50,within_sampled_range,UI,118,95.83333333333334,runs/yin_latest_vgg_20260927/transfer/results/r21vgg2k_vgg16_bn_s42/faces_cfdWM64/faces_cfdWM64/results.csv,UI_shared
noaa,VGG2k / no AA,r21vgg2k_vgg16_bn_s42,face_transfer,124,two_shared_ui,CFD WM64,Faces,0.36,0.38,50,within_sampled_range,UI,119,95.83333333333334,runs/yin_latest_vgg_20260927/transfer/results/r21vgg2k_vgg16_bn_s42/faces_cfdWM64/faces_cfdWM64/results.csv,UI_shared
noaa,VGG2k / no AA,r21vgg2k_vgg16_bn_s42,face_transfer,124,two_shared_ui,CFD WM64,Faces,0.36,0.38,50,within_sampled_range,UI,120,100.0,runs/yin_latest_vgg_20260927/transfer/results/r21vgg2k_vgg16_bn_s42/faces_cfdWM64/faces_cfdWM64/results.csv,UI_shared
noaa,VGG2k / no AA,r21vgg2k_vgg16_bn_s42,face_transfer,124,two_shared_ui,CFD WM64,Faces,0.36,0.38,50,within_sampled_range,UI,121,87.5,runs/yin_latest_vgg_20260927/transfer/results/r21vgg2k_vgg16_bn_s42/faces_cfdWM64/faces_cfdWM64/results.csv,UI_shared
noaa,VGG2k / no AA,r21vgg2k_vgg16_bn_s42,face_transfer,124,two_shared_ui,CFD WM64,Faces,0.36,0.38,50,within_sampled_range,UI,122,95.83333333333334,runs/yin_latest_vgg_20260927/transfer/results/r21vgg2k_vgg16_bn_s42/faces_cfdWM64/faces_cfdWM64/results.csv,UI_shared
noaa,VGG2k / no AA,r21vgg2k_vgg16_bn_s42,face_transfer,124,two_shared_ui,CFD WM64,Faces,0.36,0.38,50,within_sampled_range,UI,123,83.33333333333334,runs/yin_latest_vgg_20260927/transfer/results/r21vgg2k_vgg16_bn_s42/faces_cfdWM64/faces_cfdWM64/results.csv,UI_shared
noaa,VGG2k / no AA,r21vgg2k_vgg16_bn_s42,face_transfer,124,two_shared_ui,CFD WM64,Faces,0.36,0.38,50,within_sampled_range,UI,124,87.5,runs/yin_latest_vgg_20260927/transfer/results/r21vgg2k_vgg16_bn_s42/faces_cfdWM64/faces_cfdWM64/results.csv,UI_shared
noaa,VGG2k / no AA,r21vgg2k_vgg16_bn_s42,face_transfer,124,two_shared_ui,CFD WM64,Faces,0.36,0.38,50,within_sampled_range,UI,125,91.66666666666666,runs/yin_latest_vgg_20260927/transfer/results/r21vgg2k_vgg16_bn_s42/faces_cfdWM64/faces_cfdWM64/results.csv,UI_shared
noaa,VGG2k / no AA,r21vgg2k_vgg16_bn_s42,face_transfer,124,two_shared_ui,CFD WM64,Faces,0.36,0.38,50,within_sampled_range,UI,126,83.33333333333334,runs/yin_latest_vgg_20260927/transfer/results/r21vgg2k_vgg16_bn_s42/faces_cfdWM64/faces_cfdWM64/results.csv,UI_shared
noaa,VGG2k / no AA,r21vgg2k_vgg16_bn_s42,face_transfer,124,two_shared_ui,CFD WM64,Faces,0.36,0.38,50,within_sampled_range,UI,127,83.33333333333334,runs/yin_latest_vgg_20260927/transfer/results/r21vgg2k_vgg16_bn_s42/faces_cfdWM64/faces_cfdWM64/results.csv,UI_shared
noaa,VGG2k / no AA,r21vgg2k_vgg16_bn_s42,face_transfer,124,two_shared_ui,CFD WM64,Faces,0.36,0.38,50,within_sampled_range,UI,128,83.33333333333334,runs/yin_latest_vgg_20260927/transfer/results/r21vgg2k_vgg16_bn_s42/faces_cfdWM64/faces_cfdWM64/results.csv,UI_shared
noaa,VGG2k / no AA,r21vgg2k_vgg16_bn_s42,face_transfer,124,two_shared_ui,CFD WM64,Faces,0.36,0.38,50,within_sampled_range,UI,129,91.66666666666666,runs/yin_latest_vgg_20260927/transfer/results/r21vgg2k_vgg16_bn_s42/faces_cfdWM64/faces_cfdWM64/results.csv,UI_shared
noaa,VGG2k / no AA,r21vgg2k_vgg16_bn_s42,face_transfer,124,two_shared_ui,CFD WM64,Faces,0.36,0.38,50,within_sampled_range,UI,130,91.66666666666666,runs/yin_latest_vgg_20260927/transfer/results/r21vgg2k_vgg16_bn_s42/faces_cfdWM64/faces_cfdWM64/results.csv,UI_shared
noaa,VGG2k / no AA,r21vgg2k_vgg16_bn_s42,face_transfer,124,two_shared_ui,CFD WM64,Faces,0.36,0.38,50,within_sampled_range,UI,131,100.0,runs/yin_latest_vgg_20260927/transfer/results/r21vgg2k_vgg16_bn_s42/faces_cfdWM64/faces_cfdWM64/results.csv,UI_shared
noaa,VGG2k / no AA,r21vgg2k_vgg16_bn_s42,face_transfer,124,two_shared_ui,CFD WM64,Faces,0.36,0.38,50,within_sampled_range,UI,132,91.66666666666666,runs/yin_latest_vgg_20260927/transfer/results/r21vgg2k_vgg16_bn_s42/faces_cfdWM64/faces_cfdWM64/results.csv,UI_shared
noaa,VGG2k / no AA,r21vgg2k_vgg16_bn_s42,face_transfer,124,two_shared_ui,CFD WM64,Faces,0.36,0.38,50,within_sampled_range,UI,133,83.33333333333334,runs/yin_latest_vgg_20260927/transfer/results/r21vgg2k_vgg16_bn_s42/faces_cfdWM64/faces_cfdWM64/results.csv,UI_shared
noaa,VGG2k / no AA,r21vgg2k_vgg16_bn_s42,face_transfer,124,two_shared_ui,CFD WM64,Faces,0.36,0.38,50,within_sampled_range,UI,134,95.83333333333334,runs/yin_latest_vgg_20260927/transfer/results/r21vgg2k_vgg16_bn_s42/faces_cfdWM64/faces_cfdWM64/results.csv,UI_shared
noaa,VGG2k / no AA,r21vgg2k_vgg16_bn_s42,face_transfer,124,two_shared_ui,CFD WM64,Faces,0.36,0.38,50,within_sampled_range,UI,135,87.5,runs/yin_latest_vgg_20260927/transfer/results/r21vgg2k_vgg16_bn_s42/faces_cfdWM64/faces_cfdWM64/results.csv,UI_shared
noaa,VGG2k / no AA,r21vgg2k_vgg16_bn_s42,face_transfer,124,two_shared_ui,CFD WM64,Faces,0.36,0.38,50,within_sampled_range,UI,136,91.66666666666666,runs/yin_latest_vgg_20260927/transfer/results/r21vgg2k_vgg16_bn_s42/faces_cfdWM64/faces_cfdWM64/results.csv,UI_shared
noaa,VGG2k / no AA,r21vgg2k_vgg16_bn_s42,face_transfer,124,two_shared_ui,CFD WM64,Faces,0.36,0.38,50,within_sampled_range,UI,137,100.0,runs/yin_latest_vgg_20260927/transfer/results/r21vgg2k_vgg16_bn_s42/faces_cfdWM64/faces_cfdWM64/results.csv,UI_shared
noaa,VGG2k / no AA,r21vgg2k_vgg16_bn_s42,face_transfer,124,two_shared_ui,CFD WM64,Faces,0.36,0.38,50,within_sampled_range,UI,138,87.5,runs/yin_latest_vgg_20260927/transfer/results/r21vgg2k_vgg16_bn_s42/faces_cfdWM64/faces_cfdWM64/results.csv,UI_shared
noaa,VGG2k / no AA,r21vgg2k_vgg16_bn_s42,face_transfer,124,two_shared_ui,CFD WM64,Faces,0.36,0.38,50,within_sampled_range,UI,139,79.16666666666666,runs/yin_latest_vgg_20260927/transfer/results/r21vgg2k_vgg16_bn_s42/faces_cfdWM64/faces_cfdWM64/results.csv,UI_shared
noaa,VGG2k / no AA,r21vgg2k_vgg16_bn_s42,face_transfer,124,two_shared_ui,CFD WM64,Faces,0.36,0.38,50,within_sampled_range,UI,140,83.33333333333334,runs/yin_latest_vgg_20260927/transfer/results/r21vgg2k_vgg16_bn_s42/faces_cfdWM64/faces_cfdWM64/results.csv,UI_shared
noaa,VGG2k / no AA,r21vgg2k_vgg16_bn_s42,face_transfer,124,two_shared_ui,CFD WM64,Faces,0.36,0.38,50,within_sampled_range,UI,141,91.66666666666666,runs/yin_latest_vgg_20260927/transfer/results/r21vgg2k_vgg16_bn_s42/faces_cfdWM64/faces_cfdWM64/results.csv,UI_shared
noaa,VGG2k / no AA,r21vgg2k_vgg16_bn_s42,face_transfer,124,two_shared_ui,CFD WM64,Faces,0.36,0.38,50,within_sampled_range,UI,142,100.0,runs/yin_latest_vgg_20260927/transfer/results/r21vgg2k_vgg16_bn_s42/faces_cfdWM64/faces_cfdWM64/results.csv,UI_shared
noaa,VGG2k / no AA,r21vgg2k_vgg16_bn_s42,face_transfer,124,two_shared_ui,CFD WM64,Faces,0.36,0.38,50,within_sampled_range,UI,143,83.33333333333334,runs/yin_latest_vgg_20260927/transfer/results/r21vgg2k_vgg16_bn_s42/faces_cfdWM64/faces_cfdWM64/results.csv,UI_shared
noaa,VGG2k / no AA,r21vgg2k_vgg16_bn_s42,face_transfer,124,two_shared_ui,CFD WM64,Faces,0.36,0.38,50,within_sampled_range,UI,144,95.83333333333334,runs/yin_latest_vgg_20260927/transfer/results/r21vgg2k_vgg16_bn_s42/faces_cfdWM64/faces_cfdWM64/results.csv,UI_shared
noaa,VGG2k / no AA,r21vgg2k_vgg16_bn_s42,face_transfer,124,two_shared_ui,CFD WM64,Faces,0.36,0.38,50,within_sampled_range,UI,145,95.83333333333334,runs/yin_latest_vgg_20260927/transfer/results/r21vgg2k_vgg16_bn_s42/faces_cfdWM64/faces_cfdWM64/results.csv,UI_shared
noaa,VGG2k / no AA,r21vgg2k_vgg16_bn_s42,face_transfer,124,two_shared_ui,CFD WM64,Faces,0.36,0.38,50,within_sampled_range,UI,146,91.66666666666666,runs/yin_latest_vgg_20260927/transfer/results/r21vgg2k_vgg16_bn_s42/faces_cfdWM64/faces_cfdWM64/results.csv,UI_shared
noaa,VGG2k / no AA,r21vgg2k_vgg16_bn_s42,face_transfer,124,two_shared_ui,CFD WM64,Faces,0.36,0.38,50,within_sampled_range,UI,147,87.5,runs/yin_latest_vgg_20260927/transfer/results/r21vgg2k_vgg16_bn_s42/faces_cfdWM64/faces_cfdWM64/results.csv,UI_shared
noaa,VGG2k / no AA,r21vgg2k_vgg16_bn_s42,face_transfer,124,two_shared_ui,CFD WM64,Faces,0.36,0.38,50,within_sampled_range,UI,148,83.33333333333334,runs/yin_latest_vgg_20260927/transfer/results/r21vgg2k_vgg16_bn_s42/faces_cfdWM64/faces_cfdWM64/results.csv,UI_shared
noaa,VGG2k / no AA,r21vgg2k_vgg16_bn_s42,face_transfer,124,two_shared_ui,CFD WM64,Faces,0.36,0.38,50,within_sampled_range,UI,149,87.5,runs/yin_latest_vgg_20260927/transfer/results/r21vgg2k_vgg16_bn_s42/faces_cfdWM64/faces_cfdWM64/results.csv,UI_shared
noaa,VGG2k / no AA,r21vgg2k_vgg16_bn_s42,face_transfer,124,two_shared_ui,CFD WM64,Faces,0.36,0.38,50,within_sampled_range,UI,150,95.83333333333334,runs/yin_latest_vgg_20260927/transfer/results/r21vgg2k_vgg16_bn_s42/faces_cfdWM64/faces_cfdWM64/results.csv,UI_shared
noaa,VGG2k / no AA,r21vgg2k_vgg16_bn_s42,face_transfer,124,two_shared_ui,CFD WM64,Faces,0.36,0.38,50,within_sampled_range,IU,101,83.33333333333334,runs/yin_latest_vgg_20260927/transfer/results/r21vgg2k_vgg16_bn_s42/faces_cfdWM64/faces_cfdWM64/results.csv,IU
noaa,VGG2k / no AA,r21vgg2k_vgg16_bn_s42,face_transfer,124,two_shared_ui,CFD WM64,Faces,0.36,0.38,50,within_sampled_range,IU,102,91.66666666666666,runs/yin_latest_vgg_20260927/transfer/results/r21vgg2k_vgg16_bn_s42/faces_cfdWM64/faces_cfdWM64/results.csv,IU
noaa,VGG2k / no AA,r21vgg2k_vgg16_bn_s42,face_transfer,124,two_shared_ui,CFD WM64,Faces,0.36,0.38,50,within_sampled_range,IU,103,91.66666666666666,runs/yin_latest_vgg_20260927/transfer/results/r21vgg2k_vgg16_bn_s42/faces_cfdWM64/faces_cfdWM64/results.csv,IU
noaa,VGG2k / no AA,r21vgg2k_vgg16_bn_s42,face_transfer,124,two_shared_ui,CFD WM64,Faces,0.36,0.38,50,within_sampled_range,IU,104,87.5,runs/yin_latest_vgg_20260927/transfer/results/r21vgg2k_vgg16_bn_s42/faces_cfdWM64/faces_cfdWM64/results.csv,IU
noaa,VGG2k / no AA,r21vgg2k_vgg16_bn_s42,face_transfer,124,two_shared_ui,CFD WM64,Faces,0.36,0.38,50,within_sampled_range,IU,105,87.5,runs/yin_latest_vgg_20260927/transfer/results/r21vgg2k_vgg16_bn_s42/faces_cfdWM64/faces_cfdWM64/results.csv,IU
noaa,VGG2k / no AA,r21vgg2k_vgg16_bn_s42,face_transfer,124,two_shared_ui,CFD WM64,Faces,0.36,0.38,50,within_sampled_range,IU,106,83.33333333333334,runs/yin_latest_vgg_20260927/transfer/results/r21vgg2k_vgg16_bn_s42/faces_cfdWM64/faces_cfdWM64/results.csv,IU
noaa,VGG2k / no AA,r21vgg2k_vgg16_bn_s42,face_transfer,124,two_shared_ui,CFD WM64,Faces,0.36,0.38,50,within_sampled_range,IU,107,83.33333333333334,runs/yin_latest_vgg_20260927/transfer/results/r21vgg2k_vgg16_bn_s42/faces_cfdWM64/faces_cfdWM64/results.csv,IU
noaa,VGG2k / no AA,r21vgg2k_vgg16_bn_s42,face_transfer,124,two_shared_ui,CFD WM64,Faces,0.36,0.38,50,within_sampled_range,IU,108,83.33333333333334,runs/yin_latest_vgg_20260927/transfer/results/r21vgg2k_vgg16_bn_s42/faces_cfdWM64/faces_cfdWM64/results.csv,IU
noaa,VGG2k / no AA,r21vgg2k_vgg16_bn_s42,face_transfer,124,two_shared_ui,CFD WM64,Faces,0.36,0.38,50,within_sampled_range,IU,109,83.33333333333334,runs/yin_latest_vgg_20260927/transfer/results/r21vgg2k_vgg16_bn_s42/faces_cfdWM64/faces_cfdWM64/results.csv,IU
noaa,VGG2k / no AA,r21vgg2k_vgg16_bn_s42,face_transfer,124,two_shared_ui,CFD WM64,Faces,0.36,0.38,50,within_sampled_range,IU,110,87.5,runs/yin_latest_vgg_20260927/transfer/results/r21vgg2k_vgg16_bn_s42/faces_cfdWM64/faces_cfdWM64/results.csv,IU
noaa,VGG2k / no AA,r21vgg2k_vgg16_bn_s42,face_transfer,124,two_shared_ui,CFD WM64,Faces,0.36,0.38,50,within_sampled_range,IU,111,66.66666666666666,runs/yin_latest_vgg_20260927/transfer/results/r21vgg2k_vgg16_bn_s42/faces_cfdWM64/faces_cfdWM64/results.csv,IU
noaa,VGG2k / no AA,r21vgg2k_vgg16_bn_s42,face_transfer,124,two_shared_ui,CFD WM64,Faces,0.36,0.38,50,within_sampled_range,IU,112,83.33333333333334,runs/yin_latest_vgg_20260927/transfer/results/r21vgg2k_vgg16_bn_s42/faces_cfdWM64/faces_cfdWM64/results.csv,IU
noaa,VGG2k / no AA,r21vgg2k_vgg16_bn_s42,face_transfer,124,two_shared_ui,CFD WM64,Faces,0.36,0.38,50,within_sampled_range,IU,113,87.5,runs/yin_latest_vgg_20260927/transfer/results/r21vgg2k_vgg16_bn_s42/faces_cfdWM64/faces_cfdWM64/results.csv,IU
noaa,VGG2k / no AA,r21vgg2k_vgg16_bn_s42,face_transfer,124,two_shared_ui,CFD WM64,Faces,0.36,0.38,50,within_sampled_range,IU,114,91.66666666666666,runs/yin_latest_vgg_20260927/transfer/results/r21vgg2k_vgg16_bn_s42/faces_cfdWM64/faces_cfdWM64/results.csv,IU
noaa,VGG2k / no AA,r21vgg2k_vgg16_bn_s42,face_transfer,124,two_shared_ui,CFD WM64,Faces,0.36,0.38,50,within_sampled_range,IU,115,79.16666666666666,runs/yin_latest_vgg_20260927/transfer/results/r21vgg2k_vgg16_bn_s42/faces_cfdWM64/faces_cfdWM64/results.csv,IU
noaa,VGG2k / no AA,r21vgg2k_vgg16_bn_s42,face_transfer,124,two_shared_ui,CFD WM64,Faces,0.36,0.38,50,within_sampled_range,IU,116,83.33333333333334,runs/yin_latest_vgg_20260927/transfer/results/r21vgg2k_vgg16_bn_s42/faces_cfdWM64/faces_cfdWM64/results.csv,IU
noaa,VGG2k / no AA,r21vgg2k_vgg16_bn_s42,face_transfer,124,two_shared_ui,CFD WM64,Faces,0.36,0.38,50,within_sampled_range,IU,117,91.66666666666666,runs/yin_latest_vgg_20260927/transfer/results/r21vgg2k_vgg16_bn_s42/faces_cfdWM64/faces_cfdWM64/results.csv,IU
noaa,VGG2k / no AA,r21vgg2k_vgg16_bn_s42,face_transfer,124,two_shared_ui,CFD WM64,Faces,0.36,0.38,50,within_sampled_range,IU,118,87.5,runs/yin_latest_vgg_20260927/transfer/results/r21vgg2k_vgg16_bn_s42/faces_cfdWM64/faces_cfdWM64/results.csv,IU
noaa,VGG2k / no AA,r21vgg2k_vgg16_bn_s42,face_transfer,124,two_shared_ui,CFD WM64,Faces,0.36,0.38,50,within_sampled_range,IU,119,79.16666666666666,runs/yin_latest_vgg_20260927/transfer/results/r21vgg2k_vgg16_bn_s42/faces_cfdWM64/faces_cfdWM64/results.csv,IU
noaa,VGG2k / no AA,r21vgg2k_vgg16_bn_s42,face_transfer,124,two_shared_ui,CFD WM64,Faces,0.36,0.38,50,within_sampled_range,IU,120,83.33333333333334,runs/yin_latest_vgg_20260927/transfer/results/r21vgg2k_vgg16_bn_s42/faces_cfdWM64/faces_cfdWM64/results.csv,IU
noaa,VGG2k / no AA,r21vgg2k_vgg16_bn_s42,face_transfer,124,two_shared_ui,CFD WM64,Faces,0.36,0.38,50,within_sampled_range,IU,121,83.33333333333334,runs/yin_latest_vgg_20260927/transfer/results/r21vgg2k_vgg16_bn_s42/faces_cfdWM64/faces_cfdWM64/results.csv,IU
noaa,VGG2k / no AA,r21vgg2k_vgg16_bn_s42,face_transfer,124,two_shared_ui,CFD WM64,Faces,0.36,0.38,50,within_sampled_range,IU,122,91.66666666666666,runs/yin_latest_vgg_20260927/transfer/results/r21vgg2k_vgg16_bn_s42/faces_cfdWM64/faces_cfdWM64/results.csv,IU
noaa,VGG2k / no AA,r21vgg2k_vgg16_bn_s42,face_transfer,124,two_shared_ui,CFD WM64,Faces,0.36,0.38,50,within_sampled_range,IU,123,95.83333333333334,runs/yin_latest_vgg_20260927/transfer/results/r21vgg2k_vgg16_bn_s42/faces_cfdWM64/faces_cfdWM64/results.csv,IU
noaa,VGG2k / no AA,r21vgg2k_vgg16_bn_s42,face_transfer,124,two_shared_ui,CFD WM64,Faces,0.36,0.38,50,within_sampled_range,IU,124,87.5,runs/yin_latest_vgg_20260927/transfer/results/r21vgg2k_vgg16_bn_s42/faces_cfdWM64/faces_cfdWM64/results.csv,IU
noaa,VGG2k / no AA,r21vgg2k_vgg16_bn_s42,face_transfer,124,two_shared_ui,CFD WM64,Faces,0.36,0.38,50,within_sampled_range,IU,125,100.0,runs/yin_latest_vgg_20260927/transfer/results/r21vgg2k_vgg16_bn_s42/faces_cfdWM64/faces_cfdWM64/results.csv,IU
noaa,VGG2k / no AA,r21vgg2k_vgg16_bn_s42,face_transfer,124,two_shared_ui,CFD WM64,Faces,0.36,0.38,50,within_sampled_range,IU,126,87.5,runs/yin_latest_vgg_20260927/transfer/results/r21vgg2k_vgg16_bn_s42/faces_cfdWM64/faces_cfdWM64/results.csv,IU
noaa,VGG2k / no AA,r21vgg2k_vgg16_bn_s42,face_transfer,124,two_shared_ui,CFD WM64,Faces,0.36,0.38,50,within_sampled_range,IU,127,87.5,runs/yin_latest_vgg_20260927/transfer/results/r21vgg2k_vgg16_bn_s42/faces_cfdWM64/faces_cfdWM64/results.csv,IU
noaa,VGG2k / no AA,r21vgg2k_vgg16_bn_s42,face_transfer,124,two_shared_ui,CFD WM64,Faces,0.36,0.38,50,within_sampled_range,IU,128,87.5,runs/yin_latest_vgg_20260927/transfer/results/r21vgg2k_vgg16_bn_s42/faces_cfdWM64/faces_cfdWM64/results.csv,IU
noaa,VGG2k / no AA,r21vgg2k_vgg16_bn_s42,face_transfer,124,two_shared_ui,CFD WM64,Faces,0.36,0.38,50,within_sampled_range,IU,129,91.66666666666666,runs/yin_latest_vgg_20260927/transfer/results/r21vgg2k_vgg16_bn_s42/faces_cfdWM64/faces_cfdWM64/results.csv,IU
noaa,VGG2k / no AA,r21vgg2k_vgg16_bn_s42,face_transfer,124,two_shared_ui,CFD WM64,Faces,0.36,0.38,50,within_sampled_range,IU,130,83.33333333333334,runs/yin_latest_vgg_20260927/transfer/results/r21vgg2k_vgg16_bn_s42/faces_cfdWM64/faces_cfdWM64/results.csv,IU
noaa,VGG2k / no AA,r21vgg2k_vgg16_bn_s42,face_transfer,124,two_shared_ui,CFD WM64,Faces,0.36,0.38,50,within_sampled_range,IU,131,83.33333333333334,runs/yin_latest_vgg_20260927/transfer/results/r21vgg2k_vgg16_bn_s42/faces_cfdWM64/faces_cfdWM64/results.csv,IU
noaa,VGG2k / no AA,r21vgg2k_vgg16_bn_s42,face_transfer,124,two_shared_ui,CFD WM64,Faces,0.36,0.38,50,within_sampled_range,IU,132,87.5,runs/yin_latest_vgg_20260927/transfer/results/r21vgg2k_vgg16_bn_s42/faces_cfdWM64/faces_cfdWM64/results.csv,IU
noaa,VGG2k / no AA,r21vgg2k_vgg16_bn_s42,face_transfer,124,two_shared_ui,CFD WM64,Faces,0.36,0.38,50,within_sampled_range,IU,133,79.16666666666666,runs/yin_latest_vgg_20260927/transfer/results/r21vgg2k_vgg16_bn_s42/faces_cfdWM64/faces_cfdWM64/results.csv,IU
noaa,VGG2k / no AA,r21vgg2k_vgg16_bn_s42,face_transfer,124,two_shared_ui,CFD WM64,Faces,0.36,0.38,50,within_sampled_range,IU,134,79.16666666666666,runs/yin_latest_vgg_20260927/transfer/results/r21vgg2k_vgg16_bn_s42/faces_cfdWM64/faces_cfdWM64/results.csv,IU
noaa,VGG2k / no AA,r21vgg2k_vgg16_bn_s42,face_transfer,124,two_shared_ui,CFD WM64,Faces,0.36,0.38,50,within_sampled_range,IU,135,79.16666666666666,runs/yin_latest_vgg_20260927/transfer/results/r21vgg2k_vgg16_bn_s42/faces_cfdWM64/faces_cfdWM64/results.csv,IU
noaa,VGG2k / no AA,r21vgg2k_vgg16_bn_s42,face_transfer,124,two_shared_ui,CFD WM64,Faces,0.36,0.38,50,within_sampled_range,IU,136,87.5,runs/yin_latest_vgg_20260927/transfer/results/r21vgg2k_vgg16_bn_s42/faces_cfdWM64/faces_cfdWM64/results.csv,IU
noaa,VGG2k / no AA,r21vgg2k_vgg16_bn_s42,face_transfer,124,two_shared_ui,CFD WM64,Faces,0.36,0.38,50,within_sampled_range,IU,137,87.5,runs/yin_latest_vgg_20260927/transfer/results/r21vgg2k_vgg16_bn_s42/faces_cfdWM64/faces_cfdWM64/results.csv,IU
noaa,VGG2k / no AA,r21vgg2k_vgg16_bn_s42,face_transfer,124,two_shared_ui,CFD WM64,Faces,0.36,0.38,50,within_sampled_range,IU,138,95.83333333333334,runs/yin_latest_vgg_20260927/transfer/results/r21vgg2k_vgg16_bn_s42/faces_cfdWM64/faces_cfdWM64/results.csv,IU
noaa,VGG2k / no AA,r21vgg2k_vgg16_bn_s42,face_transfer,124,two_shared_ui,CFD WM64,Faces,0.36,0.38,50,within_sampled_range,IU,139,95.83333333333334,runs/yin_latest_vgg_20260927/transfer/results/r21vgg2k_vgg16_bn_s42/faces_cfdWM64/faces_cfdWM64/results.csv,IU
noaa,VGG2k / no AA,r21vgg2k_vgg16_bn_s42,face_transfer,124,two_shared_ui,CFD WM64,Faces,0.36,0.38,50,within_sampled_range,IU,140,95.83333333333334,runs/yin_latest_vgg_20260927/transfer/results/r21vgg2k_vgg16_bn_s42/faces_cfdWM64/faces_cfdWM64/results.csv,IU
noaa,VGG2k / no AA,r21vgg2k_vgg16_bn_s42,face_transfer,124,two_shared_ui,CFD WM64,Faces,0.36,0.38,50,within_sampled_range,IU,141,87.5,runs/yin_latest_vgg_20260927/transfer/results/r21vgg2k_vgg16_bn_s42/faces_cfdWM64/faces_cfdWM64/results.csv,IU
noaa,VGG2k / no AA,r21vgg2k_vgg16_bn_s42,face_transfer,124,two_shared_ui,CFD WM64,Faces,0.36,0.38,50,within_sampled_range,IU,142,91.66666666666666,runs/yin_latest_vgg_20260927/transfer/results/r21vgg2k_vgg16_bn_s42/faces_cfdWM64/faces_cfdWM64/results.csv,IU
noaa,VGG2k / no AA,r21vgg2k_vgg16_bn_s42,face_transfer,124,two_shared_ui,CFD WM64,Faces,0.36,0.38,50,within_sampled_range,IU,143,91.66666666666666,runs/yin_latest_vgg_20260927/transfer/results/r21vgg2k_vgg16_bn_s42/faces_cfdWM64/faces_cfdWM64/results.csv,IU
noaa,VGG2k / no AA,r21vgg2k_vgg16_bn_s42,face_transfer,124,two_shared_ui,CFD WM64,Faces,0.36,0.38,50,within_sampled_range,IU,144,87.5,runs/yin_latest_vgg_20260927/transfer/results/r21vgg2k_vgg16_bn_s42/faces_cfdWM64/faces_cfdWM64/results.csv,IU
noaa,VGG2k / no AA,r21vgg2k_vgg16_bn_s42,face_transfer,124,two_shared_ui,CFD WM64,Faces,0.36,0.38,50,within_sampled_range,IU,145,83.33333333333334,runs/yin_latest_vgg_20260927/transfer/results/r21vgg2k_vgg16_bn_s42/faces_cfdWM64/faces_cfdWM64/results.csv,IU
noaa,VGG2k / no AA,r21vgg2k_vgg16_bn_s42,face_transfer,124,two_shared_ui,CFD WM64,Faces,0.36,0.38,50,within_sampled_range,IU,146,83.33333333333334,runs/yin_latest_vgg_20260927/transfer/results/r21vgg2k_vgg16_bn_s42/faces_cfdWM64/faces_cfdWM64/results.csv,IU
noaa,VGG2k / no AA,r21vgg2k_vgg16_bn_s42,face_transfer,124,two_shared_ui,CFD WM64,Faces,0.36,0.38,50,within_sampled_range,IU,147,79.16666666666666,runs/yin_latest_vgg_20260927/transfer/results/r21vgg2k_vgg16_bn_s42/faces_cfdWM64/faces_cfdWM64/results.csv,IU
noaa,VGG2k / no AA,r21vgg2k_vgg16_bn_s42,face_transfer,124,two_shared_ui,CFD WM64,Faces,0.36,0.38,50,within_sampled_range,IU,148,83.33333333333334,runs/yin_latest_vgg_20260927/transfer/results/r21vgg2k_vgg16_bn_s42/faces_cfdWM64/faces_cfdWM64/results.csv,IU
noaa,VGG2k / no AA,r21vgg2k_vgg16_bn_s42,face_transfer,124,two_shared_ui,CFD WM64,Faces,0.36,0.38,50,within_sampled_range,IU,149,91.66666666666666,runs/yin_latest_vgg_20260927/transfer/results/r21vgg2k_vgg16_bn_s42/faces_cfdWM64/faces_cfdWM64/results.csv,IU
noaa,VGG2k / no AA,r21vgg2k_vgg16_bn_s42,face_transfer,124,two_shared_ui,CFD WM64,Faces,0.36,0.38,50,within_sampled_range,IU,150,87.5,runs/yin_latest_vgg_20260927/transfer/results/r21vgg2k_vgg16_bn_s42/faces_cfdWM64/faces_cfdWM64/results.csv,IU
noaa,VGG2k / no AA,r21vgg2k_vgg16_bn_s42,face_transfer,124,single_uu,CFD WM64,Objects,0.36,,50,within_sampled_range,UU,101,100.0,runs/yin_latest_vgg_20260927/single_noise/r21vgg2k_vgg16_bn_s42/faces_cfdWM64/objects/results.csv,UU
noaa,VGG2k / no AA,r21vgg2k_vgg16_bn_s42,face_transfer,124,single_uu,CFD WM64,Objects,0.36,,50,within_sampled_range,UU,102,91.66666666666666,runs/yin_latest_vgg_20260927/single_noise/r21vgg2k_vgg16_bn_s42/faces_cfdWM64/objects/results.csv,UU
noaa,VGG2k / no AA,r21vgg2k_vgg16_bn_s42,face_transfer,124,single_uu,CFD WM64,Objects,0.36,,50,within_sampled_range,UU,103,91.66666666666666,runs/yin_latest_vgg_20260927/single_noise/r21vgg2k_vgg16_bn_s42/faces_cfdWM64/objects/results.csv,UU
noaa,VGG2k / no AA,r21vgg2k_vgg16_bn_s42,face_transfer,124,single_uu,CFD WM64,Objects,0.36,,50,within_sampled_range,UU,104,95.83333333333334,runs/yin_latest_vgg_20260927/single_noise/r21vgg2k_vgg16_bn_s42/faces_cfdWM64/objects/results.csv,UU
noaa,VGG2k / no AA,r21vgg2k_vgg16_bn_s42,face_transfer,124,single_uu,CFD WM64,Objects,0.36,,50,within_sampled_range,UU,105,87.5,runs/yin_latest_vgg_20260927/single_noise/r21vgg2k_vgg16_bn_s42/faces_cfdWM64/objects/results.csv,UU
noaa,VGG2k / no AA,r21vgg2k_vgg16_bn_s42,face_transfer,124,single_uu,CFD WM64,Objects,0.36,,50,within_sampled_range,UU,106,95.83333333333334,runs/yin_latest_vgg_20260927/single_noise/r21vgg2k_vgg16_bn_s42/faces_cfdWM64/objects/results.csv,UU
noaa,VGG2k / no AA,r21vgg2k_vgg16_bn_s42,face_transfer,124,single_uu,CFD WM64,Objects,0.36,,50,within_sampled_range,UU,107,95.83333333333334,runs/yin_latest_vgg_20260927/single_noise/r21vgg2k_vgg16_bn_s42/faces_cfdWM64/objects/results.csv,UU
noaa,VGG2k / no AA,r21vgg2k_vgg16_bn_s42,face_transfer,124,single_uu,CFD WM64,Objects,0.36,,50,within_sampled_range,UU,108,100.0,runs/yin_latest_vgg_20260927/single_noise/r21vgg2k_vgg16_bn_s42/faces_cfdWM64/objects/results.csv,UU
noaa,VGG2k / no AA,r21vgg2k_vgg16_bn_s42,face_transfer,124,single_uu,CFD WM64,Objects,0.36,,50,within_sampled_range,UU,109,95.83333333333334,runs/yin_latest_vgg_20260927/single_noise/r21vgg2k_vgg16_bn_s42/faces_cfdWM64/objects/results.csv,UU
noaa,VGG2k / no AA,r21vgg2k_vgg16_bn_s42,face_transfer,124,single_uu,CFD WM64,Objects,0.36,,50,within_sampled_range,UU,110,91.66666666666666,runs/yin_latest_vgg_20260927/single_noise/r21vgg2k_vgg16_bn_s42/faces_cfdWM64/objects/results.csv,UU
noaa,VGG2k / no AA,r21vgg2k_vgg16_bn_s42,face_transfer,124,single_uu,CFD WM64,Objects,0.36,,50,within_sampled_range,UU,111,91.66666666666666,runs/yin_latest_vgg_20260927/single_noise/r21vgg2k_vgg16_bn_s42/faces_cfdWM64/objects/results.csv,UU
noaa,VGG2k / no AA,r21vgg2k_vgg16_bn_s42,face_transfer,124,single_uu,CFD WM64,Objects,0.36,,50,within_sampled_range,UU,112,100.0,runs/yin_latest_vgg_20260927/single_noise/r21vgg2k_vgg16_bn_s42/faces_cfdWM64/objects/results.csv,UU
noaa,VGG2k / no AA,r21vgg2k_vgg16_bn_s42,face_transfer,124,single_uu,CFD WM64,Objects,0.36,,50,within_sampled_range,UU,113,100.0,runs/yin_latest_vgg_20260927/single_noise/r21vgg2k_vgg16_bn_s42/faces_cfdWM64/objects/results.csv,UU
noaa,VGG2k / no AA,r21vgg2k_vgg16_bn_s42,face_transfer,124,single_uu,CFD WM64,Objects,0.36,,50,within_sampled_range,UU,114,95.83333333333334,runs/yin_latest_vgg_20260927/single_noise/r21vgg2k_vgg16_bn_s42/faces_cfdWM64/objects/results.csv,UU
noaa,VGG2k / no AA,r21vgg2k_vgg16_bn_s42,face_transfer,124,single_uu,CFD WM64,Objects,0.36,,50,within_sampled_range,UU,115,100.0,runs/yin_latest_vgg_20260927/single_noise/r21vgg2k_vgg16_bn_s42/faces_cfdWM64/objects/results.csv,UU
noaa,VGG2k / no AA,r21vgg2k_vgg16_bn_s42,face_transfer,124,single_uu,CFD WM64,Objects,0.36,,50,within_sampled_range,UU,116,95.83333333333334,runs/yin_latest_vgg_20260927/single_noise/r21vgg2k_vgg16_bn_s42/faces_cfdWM64/objects/results.csv,UU
noaa,VGG2k / no AA,r21vgg2k_vgg16_bn_s42,face_transfer,124,single_uu,CFD WM64,Objects,0.36,,50,within_sampled_range,UU,117,91.66666666666666,runs/yin_latest_vgg_20260927/single_noise/r21vgg2k_vgg16_bn_s42/faces_cfdWM64/objects/results.csv,UU
noaa,VGG2k / no AA,r21vgg2k_vgg16_bn_s42,face_transfer,124,single_uu,CFD WM64,Objects,0.36,,50,within_sampled_range,UU,118,91.66666666666666,runs/yin_latest_vgg_20260927/single_noise/r21vgg2k_vgg16_bn_s42/faces_cfdWM64/objects/results.csv,UU
noaa,VGG2k / no AA,r21vgg2k_vgg16_bn_s42,face_transfer,124,single_uu,CFD WM64,Objects,0.36,,50,within_sampled_range,UU,119,100.0,runs/yin_latest_vgg_20260927/single_noise/r21vgg2k_vgg16_bn_s42/faces_cfdWM64/objects/results.csv,UU
noaa,VGG2k / no AA,r21vgg2k_vgg16_bn_s42,face_transfer,124,single_uu,CFD WM64,Objects,0.36,,50,within_sampled_range,UU,120,91.66666666666666,runs/yin_latest_vgg_20260927/single_noise/r21vgg2k_vgg16_bn_s42/faces_cfdWM64/objects/results.csv,UU
noaa,VGG2k / no AA,r21vgg2k_vgg16_bn_s42,face_transfer,124,single_uu,CFD WM64,Objects,0.36,,50,within_sampled_range,UU,121,91.66666666666666,runs/yin_latest_vgg_20260927/single_noise/r21vgg2k_vgg16_bn_s42/faces_cfdWM64/objects/results.csv,UU
noaa,VGG2k / no AA,r21vgg2k_vgg16_bn_s42,face_transfer,124,single_uu,CFD WM64,Objects,0.36,,50,within_sampled_range,UU,122,100.0,runs/yin_latest_vgg_20260927/single_noise/r21vgg2k_vgg16_bn_s42/faces_cfdWM64/objects/results.csv,UU
noaa,VGG2k / no AA,r21vgg2k_vgg16_bn_s42,face_transfer,124,single_uu,CFD WM64,Objects,0.36,,50,within_sampled_range,UU,123,95.83333333333334,runs/yin_latest_vgg_20260927/single_noise/r21vgg2k_vgg16_bn_s42/faces_cfdWM64/objects/results.csv,UU
noaa,VGG2k / no AA,r21vgg2k_vgg16_bn_s42,face_transfer,124,single_uu,CFD WM64,Objects,0.36,,50,within_sampled_range,UU,124,91.66666666666666,runs/yin_latest_vgg_20260927/single_noise/r21vgg2k_vgg16_bn_s42/faces_cfdWM64/objects/results.csv,UU
noaa,VGG2k / no AA,r21vgg2k_vgg16_bn_s42,face_transfer,124,single_uu,CFD WM64,Objects,0.36,,50,within_sampled_range,UU,125,100.0,runs/yin_latest_vgg_20260927/single_noise/r21vgg2k_vgg16_bn_s42/faces_cfdWM64/objects/results.csv,UU
noaa,VGG2k / no AA,r21vgg2k_vgg16_bn_s42,face_transfer,124,single_uu,CFD WM64,Objects,0.36,,50,within_sampled_range,UU,126,95.83333333333334,runs/yin_latest_vgg_20260927/single_noise/r21vgg2k_vgg16_bn_s42/faces_cfdWM64/objects/results.csv,UU
noaa,VGG2k / no AA,r21vgg2k_vgg16_bn_s42,face_transfer,124,single_uu,CFD WM64,Objects,0.36,,50,within_sampled_range,UU,127,100.0,runs/yin_latest_vgg_20260927/single_noise/r21vgg2k_vgg16_bn_s42/faces_cfdWM64/objects/results.csv,UU
noaa,VGG2k / no AA,r21vgg2k_vgg16_bn_s42,face_transfer,124,single_uu,CFD WM64,Objects,0.36,,50,within_sampled_range,UU,128,91.66666666666666,runs/yin_latest_vgg_20260927/single_noise/r21vgg2k_vgg16_bn_s42/faces_cfdWM64/objects/results.csv,UU
noaa,VGG2k / no AA,r21vgg2k_vgg16_bn_s42,face_transfer,124,single_uu,CFD WM64,Objects,0.36,,50,within_sampled_range,UU,129,100.0,runs/yin_latest_vgg_20260927/single_noise/r21vgg2k_vgg16_bn_s42/faces_cfdWM64/objects/results.csv,UU
noaa,VGG2k / no AA,r21vgg2k_vgg16_bn_s42,face_transfer,124,single_uu,CFD WM64,Objects,0.36,,50,within_sampled_range,UU,130,91.66666666666666,runs/yin_latest_vgg_20260927/single_noise/r21vgg2k_vgg16_bn_s42/faces_cfdWM64/objects/results.csv,UU
noaa,VGG2k / no AA,r21vgg2k_vgg16_bn_s42,face_transfer,124,single_uu,CFD WM64,Objects,0.36,,50,within_sampled_range,UU,131,91.66666666666666,runs/yin_latest_vgg_20260927/single_noise/r21vgg2k_vgg16_bn_s42/faces_cfdWM64/objects/results.csv,UU
noaa,VGG2k / no AA,r21vgg2k_vgg16_bn_s42,face_transfer,124,single_uu,CFD WM64,Objects,0.36,,50,within_sampled_range,UU,132,100.0,runs/yin_latest_vgg_20260927/single_noise/r21vgg2k_vgg16_bn_s42/faces_cfdWM64/objects/results.csv,UU
noaa,VGG2k / no AA,r21vgg2k_vgg16_bn_s42,face_transfer,124,single_uu,CFD WM64,Objects,0.36,,50,within_sampled_range,UU,133,91.66666666666666,runs/yin_latest_vgg_20260927/single_noise/r21vgg2k_vgg16_bn_s42/faces_cfdWM64/objects/results.csv,UU
noaa,VGG2k / no AA,r21vgg2k_vgg16_bn_s42,face_transfer,124,single_uu,CFD WM64,Objects,0.36,,50,within_sampled_range,UU,134,91.66666666666666,runs/yin_latest_vgg_20260927/single_noise/r21vgg2k_vgg16_bn_s42/faces_cfdWM64/objects/results.csv,UU
noaa,VGG2k / no AA,r21vgg2k_vgg16_bn_s42,face_transfer,124,single_uu,CFD WM64,Objects,0.36,,50,within_sampled_range,UU,135,95.83333333333334,runs/yin_latest_vgg_20260927/single_noise/r21vgg2k_vgg16_bn_s42/faces_cfdWM64/objects/results.csv,UU
noaa,VGG2k / no AA,r21vgg2k_vgg16_bn_s42,face_transfer,124,single_uu,CFD WM64,Objects,0.36,,50,within_sampled_range,UU,136,91.66666666666666,runs/yin_latest_vgg_20260927/single_noise/r21vgg2k_vgg16_bn_s42/faces_cfdWM64/objects/results.csv,UU
noaa,VGG2k / no AA,r21vgg2k_vgg16_bn_s42,face_transfer,124,single_uu,CFD WM64,Objects,0.36,,50,within_sampled_range,UU,137,95.83333333333334,runs/yin_latest_vgg_20260927/single_noise/r21vgg2k_vgg16_bn_s42/faces_cfdWM64/objects/results.csv,UU
noaa,VGG2k / no AA,r21vgg2k_vgg16_bn_s42,face_transfer,124,single_uu,CFD WM64,Objects,0.36,,50,within_sampled_range,UU,138,95.83333333333334,runs/yin_latest_vgg_20260927/single_noise/r21vgg2k_vgg16_bn_s42/faces_cfdWM64/objects/results.csv,UU
noaa,VGG2k / no AA,r21vgg2k_vgg16_bn_s42,face_transfer,124,single_uu,CFD WM64,Objects,0.36,,50,within_sampled_range,UU,139,83.33333333333334,runs/yin_latest_vgg_20260927/single_noise/r21vgg2k_vgg16_bn_s42/faces_cfdWM64/objects/results.csv,UU
noaa,VGG2k / no AA,r21vgg2k_vgg16_bn_s42,face_transfer,124,single_uu,CFD WM64,Objects,0.36,,50,within_sampled_range,UU,140,91.66666666666666,runs/yin_latest_vgg_20260927/single_noise/r21vgg2k_vgg16_bn_s42/faces_cfdWM64/objects/results.csv,UU
noaa,VGG2k / no AA,r21vgg2k_vgg16_bn_s42,face_transfer,124,single_uu,CFD WM64,Objects,0.36,,50,within_sampled_range,UU,141,95.83333333333334,runs/yin_latest_vgg_20260927/single_noise/r21vgg2k_vgg16_bn_s42/faces_cfdWM64/objects/results.csv,UU
noaa,VGG2k / no AA,r21vgg2k_vgg16_bn_s42,face_transfer,124,single_uu,CFD WM64,Objects,0.36,,50,within_sampled_range,UU,142,95.83333333333334,runs/yin_latest_vgg_20260927/single_noise/r21vgg2k_vgg16_bn_s42/faces_cfdWM64/objects/results.csv,UU
noaa,VGG2k / no AA,r21vgg2k_vgg16_bn_s42,face_transfer,124,single_uu,CFD WM64,Objects,0.36,,50,within_sampled_range,UU,143,95.83333333333334,runs/yin_latest_vgg_20260927/single_noise/r21vgg2k_vgg16_bn_s42/faces_cfdWM64/objects/results.csv,UU
noaa,VGG2k / no AA,r21vgg2k_vgg16_bn_s42,face_transfer,124,single_uu,CFD WM64,Objects,0.36,,50,within_sampled_range,UU,144,95.83333333333334,runs/yin_latest_vgg_20260927/single_noise/r21vgg2k_vgg16_bn_s42/faces_cfdWM64/objects/results.csv,UU
noaa,VGG2k / no AA,r21vgg2k_vgg16_bn_s42,face_transfer,124,single_uu,CFD WM64,Objects,0.36,,50,within_sampled_range,UU,145,100.0,runs/yin_latest_vgg_20260927/single_noise/r21vgg2k_vgg16_bn_s42/faces_cfdWM64/objects/results.csv,UU
noaa,VGG2k / no AA,r21vgg2k_vgg16_bn_s42,face_transfer,124,single_uu,CFD WM64,Objects,0.36,,50,within_sampled_range,UU,146,95.83333333333334,runs/yin_latest_vgg_20260927/single_noise/r21vgg2k_vgg16_bn_s42/faces_cfdWM64/objects/results.csv,UU
noaa,VGG2k / no AA,r21vgg2k_vgg16_bn_s42,face_transfer,124,single_uu,CFD WM64,Objects,0.36,,50,within_sampled_range,UU,147,87.5,runs/yin_latest_vgg_20260927/single_noise/r21vgg2k_vgg16_bn_s42/faces_cfdWM64/objects/results.csv,UU
noaa,VGG2k / no AA,r21vgg2k_vgg16_bn_s42,face_transfer,124,single_uu,CFD WM64,Objects,0.36,,50,within_sampled_range,UU,148,91.66666666666666,runs/yin_latest_vgg_20260927/single_noise/r21vgg2k_vgg16_bn_s42/faces_cfdWM64/objects/results.csv,UU
noaa,VGG2k / no AA,r21vgg2k_vgg16_bn_s42,face_transfer,124,single_uu,CFD WM64,Objects,0.36,,50,within_sampled_range,UU,149,87.5,runs/yin_latest_vgg_20260927/single_noise/r21vgg2k_vgg16_bn_s42/faces_cfdWM64/objects/results.csv,UU
noaa,VGG2k / no AA,r21vgg2k_vgg16_bn_s42,face_transfer,124,single_uu,CFD WM64,Objects,0.36,,50,within_sampled_range,UU,150,95.83333333333334,runs/yin_latest_vgg_20260927/single_noise/r21vgg2k_vgg16_bn_s42/faces_cfdWM64/objects/results.csv,UU
noaa,VGG2k / no AA,r21vgg2k_vgg16_bn_s42,face_transfer,124,single_uu,CFD WM64,Objects,0.36,,50,within_sampled_range,II,101,100.0,runs/yin_latest_vgg_20260927/single_noise/r21vgg2k_vgg16_bn_s42/faces_cfdWM64/objects/results.csv,II
noaa,VGG2k / no AA,r21vgg2k_vgg16_bn_s42,face_transfer,124,single_uu,CFD WM64,Objects,0.36,,50,within_sampled_range,II,102,95.83333333333334,runs/yin_latest_vgg_20260927/single_noise/r21vgg2k_vgg16_bn_s42/faces_cfdWM64/objects/results.csv,II
noaa,VGG2k / no AA,r21vgg2k_vgg16_bn_s42,face_transfer,124,single_uu,CFD WM64,Objects,0.36,,50,within_sampled_range,II,103,87.5,runs/yin_latest_vgg_20260927/single_noise/r21vgg2k_vgg16_bn_s42/faces_cfdWM64/objects/results.csv,II
noaa,VGG2k / no AA,r21vgg2k_vgg16_bn_s42,face_transfer,124,single_uu,CFD WM64,Objects,0.36,,50,within_sampled_range,II,104,100.0,runs/yin_latest_vgg_20260927/single_noise/r21vgg2k_vgg16_bn_s42/faces_cfdWM64/objects/results.csv,II
noaa,VGG2k / no AA,r21vgg2k_vgg16_bn_s42,face_transfer,124,single_uu,CFD WM64,Objects,0.36,,50,within_sampled_range,II,105,100.0,runs/yin_latest_vgg_20260927/single_noise/r21vgg2k_vgg16_bn_s42/faces_cfdWM64/objects/results.csv,II
noaa,VGG2k / no AA,r21vgg2k_vgg16_bn_s42,face_transfer,124,single_uu,CFD WM64,Objects,0.36,,50,within_sampled_range,II,106,91.66666666666666,runs/yin_latest_vgg_20260927/single_noise/r21vgg2k_vgg16_bn_s42/faces_cfdWM64/objects/results.csv,II
noaa,VGG2k / no AA,r21vgg2k_vgg16_bn_s42,face_transfer,124,single_uu,CFD WM64,Objects,0.36,,50,within_sampled_range,II,107,95.83333333333334,runs/yin_latest_vgg_20260927/single_noise/r21vgg2k_vgg16_bn_s42/faces_cfdWM64/objects/results.csv,II
noaa,VGG2k / no AA,r21vgg2k_vgg16_bn_s42,face_transfer,124,single_uu,CFD WM64,Objects,0.36,,50,within_sampled_range,II,108,100.0,runs/yin_latest_vgg_20260927/single_noise/r21vgg2k_vgg16_bn_s42/faces_cfdWM64/objects/results.csv,II
noaa,VGG2k / no AA,r21vgg2k_vgg16_bn_s42,face_transfer,124,single_uu,CFD WM64,Objects,0.36,,50,within_sampled_range,II,109,91.66666666666666,runs/yin_latest_vgg_20260927/single_noise/r21vgg2k_vgg16_bn_s42/faces_cfdWM64/objects/results.csv,II
noaa,VGG2k / no AA,r21vgg2k_vgg16_bn_s42,face_transfer,124,single_uu,CFD WM64,Objects,0.36,,50,within_sampled_range,II,110,87.5,runs/yin_latest_vgg_20260927/single_noise/r21vgg2k_vgg16_bn_s42/faces_cfdWM64/objects/results.csv,II
noaa,VGG2k / no AA,r21vgg2k_vgg16_bn_s42,face_transfer,124,single_uu,CFD WM64,Objects,0.36,,50,within_sampled_range,II,111,95.83333333333334,runs/yin_latest_vgg_20260927/single_noise/r21vgg2k_vgg16_bn_s42/faces_cfdWM64/objects/results.csv,II
noaa,VGG2k / no AA,r21vgg2k_vgg16_bn_s42,face_transfer,124,single_uu,CFD WM64,Objects,0.36,,50,within_sampled_range,II,112,95.83333333333334,runs/yin_latest_vgg_20260927/single_noise/r21vgg2k_vgg16_bn_s42/faces_cfdWM64/objects/results.csv,II
noaa,VGG2k / no AA,r21vgg2k_vgg16_bn_s42,face_transfer,124,single_uu,CFD WM64,Objects,0.36,,50,within_sampled_range,II,113,95.83333333333334,runs/yin_latest_vgg_20260927/single_noise/r21vgg2k_vgg16_bn_s42/faces_cfdWM64/objects/results.csv,II
noaa,VGG2k / no AA,r21vgg2k_vgg16_bn_s42,face_transfer,124,single_uu,CFD WM64,Objects,0.36,,50,within_sampled_range,II,114,91.66666666666666,runs/yin_latest_vgg_20260927/single_noise/r21vgg2k_vgg16_bn_s42/faces_cfdWM64/objects/results.csv,II
noaa,VGG2k / no AA,r21vgg2k_vgg16_bn_s42,face_transfer,124,single_uu,CFD WM64,Objects,0.36,,50,within_sampled_range,II,115,95.83333333333334,runs/yin_latest_vgg_20260927/single_noise/r21vgg2k_vgg16_bn_s42/faces_cfdWM64/objects/results.csv,II
noaa,VGG2k / no AA,r21vgg2k_vgg16_bn_s42,face_transfer,124,single_uu,CFD WM64,Objects,0.36,,50,within_sampled_range,II,116,95.83333333333334,runs/yin_latest_vgg_20260927/single_noise/r21vgg2k_vgg16_bn_s42/faces_cfdWM64/objects/results.csv,II
noaa,VGG2k / no AA,r21vgg2k_vgg16_bn_s42,face_transfer,124,single_uu,CFD WM64,Objects,0.36,,50,within_sampled_range,II,117,83.33333333333334,runs/yin_latest_vgg_20260927/single_noise/r21vgg2k_vgg16_bn_s42/faces_cfdWM64/objects/results.csv,II
noaa,VGG2k / no AA,r21vgg2k_vgg16_bn_s42,face_transfer,124,single_uu,CFD WM64,Objects,0.36,,50,within_sampled_range,II,118,95.83333333333334,runs/yin_latest_vgg_20260927/single_noise/r21vgg2k_vgg16_bn_s42/faces_cfdWM64/objects/results.csv,II
noaa,VGG2k / no AA,r21vgg2k_vgg16_bn_s42,face_transfer,124,single_uu,CFD WM64,Objects,0.36,,50,within_sampled_range,II,119,95.83333333333334,runs/yin_latest_vgg_20260927/single_noise/r21vgg2k_vgg16_bn_s42/faces_cfdWM64/objects/results.csv,II
noaa,VGG2k / no AA,r21vgg2k_vgg16_bn_s42,face_transfer,124,single_uu,CFD WM64,Objects,0.36,,50,within_sampled_range,II,120,95.83333333333334,runs/yin_latest_vgg_20260927/single_noise/r21vgg2k_vgg16_bn_s42/faces_cfdWM64/objects/results.csv,II
noaa,VGG2k / no AA,r21vgg2k_vgg16_bn_s42,face_transfer,124,single_uu,CFD WM64,Objects,0.36,,50,within_sampled_range,II,121,95.83333333333334,runs/yin_latest_vgg_20260927/single_noise/r21vgg2k_vgg16_bn_s42/faces_cfdWM64/objects/results.csv,II
noaa,VGG2k / no AA,r21vgg2k_vgg16_bn_s42,face_transfer,124,single_uu,CFD WM64,Objects,0.36,,50,within_sampled_range,II,122,95.83333333333334,runs/yin_latest_vgg_20260927/single_noise/r21vgg2k_vgg16_bn_s42/faces_cfdWM64/objects/results.csv,II
noaa,VGG2k / no AA,r21vgg2k_vgg16_bn_s42,face_transfer,124,single_uu,CFD WM64,Objects,0.36,,50,within_sampled_range,II,123,95.83333333333334,runs/yin_latest_vgg_20260927/single_noise/r21vgg2k_vgg16_bn_s42/faces_cfdWM64/objects/results.csv,II
noaa,VGG2k / no AA,r21vgg2k_vgg16_bn_s42,face_transfer,124,single_uu,CFD WM64,Objects,0.36,,50,within_sampled_range,II,124,87.5,runs/yin_latest_vgg_20260927/single_noise/r21vgg2k_vgg16_bn_s42/faces_cfdWM64/objects/results.csv,II
noaa,VGG2k / no AA,r21vgg2k_vgg16_bn_s42,face_transfer,124,single_uu,CFD WM64,Objects,0.36,,50,within_sampled_range,II,125,91.66666666666666,runs/yin_latest_vgg_20260927/single_noise/r21vgg2k_vgg16_bn_s42/faces_cfdWM64/objects/results.csv,II
noaa,VGG2k / no AA,r21vgg2k_vgg16_bn_s42,face_transfer,124,single_uu,CFD WM64,Objects,0.36,,50,within_sampled_range,II,126,95.83333333333334,runs/yin_latest_vgg_20260927/single_noise/r21vgg2k_vgg16_bn_s42/faces_cfdWM64/objects/results.csv,II
noaa,VGG2k / no AA,r21vgg2k_vgg16_bn_s42,face_transfer,124,single_uu,CFD WM64,Objects,0.36,,50,within_sampled_range,II,127,87.5,runs/yin_latest_vgg_20260927/single_noise/r21vgg2k_vgg16_bn_s42/faces_cfdWM64/objects/results.csv,II
noaa,VGG2k / no AA,r21vgg2k_vgg16_bn_s42,face_transfer,124,single_uu,CFD WM64,Objects,0.36,,50,within_sampled_range,II,128,91.66666666666666,runs/yin_latest_vgg_20260927/single_noise/r21vgg2k_vgg16_bn_s42/faces_cfdWM64/objects/results.csv,II
noaa,VGG2k / no AA,r21vgg2k_vgg16_bn_s42,face_transfer,124,single_uu,CFD WM64,Objects,0.36,,50,within_sampled_range,II,129,100.0,runs/yin_latest_vgg_20260927/single_noise/r21vgg2k_vgg16_bn_s42/faces_cfdWM64/objects/results.csv,II
noaa,VGG2k / no AA,r21vgg2k_vgg16_bn_s42,face_transfer,124,single_uu,CFD WM64,Objects,0.36,,50,within_sampled_range,II,130,100.0,runs/yin_latest_vgg_20260927/single_noise/r21vgg2k_vgg16_bn_s42/faces_cfdWM64/objects/results.csv,II
noaa,VGG2k / no AA,r21vgg2k_vgg16_bn_s42,face_transfer,124,single_uu,CFD WM64,Objects,0.36,,50,within_sampled_range,II,131,91.66666666666666,runs/yin_latest_vgg_20260927/single_noise/r21vgg2k_vgg16_bn_s42/faces_cfdWM64/objects/results.csv,II
noaa,VGG2k / no AA,r21vgg2k_vgg16_bn_s42,face_transfer,124,single_uu,CFD WM64,Objects,0.36,,50,within_sampled_range,II,132,87.5,runs/yin_latest_vgg_20260927/single_noise/r21vgg2k_vgg16_bn_s42/faces_cfdWM64/objects/results.csv,II
noaa,VGG2k / no AA,r21vgg2k_vgg16_bn_s42,face_transfer,124,single_uu,CFD WM64,Objects,0.36,,50,within_sampled_range,II,133,95.83333333333334,runs/yin_latest_vgg_20260927/single_noise/r21vgg2k_vgg16_bn_s42/faces_cfdWM64/objects/results.csv,II
noaa,VGG2k / no AA,r21vgg2k_vgg16_bn_s42,face_transfer,124,single_uu,CFD WM64,Objects,0.36,,50,within_sampled_range,II,134,95.83333333333334,runs/yin_latest_vgg_20260927/single_noise/r21vgg2k_vgg16_bn_s42/faces_cfdWM64/objects/results.csv,II
noaa,VGG2k / no AA,r21vgg2k_vgg16_bn_s42,face_transfer,124,single_uu,CFD WM64,Objects,0.36,,50,within_sampled_range,II,135,91.66666666666666,runs/yin_latest_vgg_20260927/single_noise/r21vgg2k_vgg16_bn_s42/faces_cfdWM64/objects/results.csv,II
noaa,VGG2k / no AA,r21vgg2k_vgg16_bn_s42,face_transfer,124,single_uu,CFD WM64,Objects,0.36,,50,within_sampled_range,II,136,91.66666666666666,runs/yin_latest_vgg_20260927/single_noise/r21vgg2k_vgg16_bn_s42/faces_cfdWM64/objects/results.csv,II
noaa,VGG2k / no AA,r21vgg2k_vgg16_bn_s42,face_transfer,124,single_uu,CFD WM64,Objects,0.36,,50,within_sampled_range,II,137,100.0,runs/yin_latest_vgg_20260927/single_noise/r21vgg2k_vgg16_bn_s42/faces_cfdWM64/objects/results.csv,II
noaa,VGG2k / no AA,r21vgg2k_vgg16_bn_s42,face_transfer,124,single_uu,CFD WM64,Objects,0.36,,50,within_sampled_range,II,138,87.5,runs/yin_latest_vgg_20260927/single_noise/r21vgg2k_vgg16_bn_s42/faces_cfdWM64/objects/results.csv,II
noaa,VGG2k / no AA,r21vgg2k_vgg16_bn_s42,face_transfer,124,single_uu,CFD WM64,Objects,0.36,,50,within_sampled_range,II,139,83.33333333333334,runs/yin_latest_vgg_20260927/single_noise/r21vgg2k_vgg16_bn_s42/faces_cfdWM64/objects/results.csv,II
noaa,VGG2k / no AA,r21vgg2k_vgg16_bn_s42,face_transfer,124,single_uu,CFD WM64,Objects,0.36,,50,within_sampled_range,II,140,95.83333333333334,runs/yin_latest_vgg_20260927/single_noise/r21vgg2k_vgg16_bn_s42/faces_cfdWM64/objects/results.csv,II
noaa,VGG2k / no AA,r21vgg2k_vgg16_bn_s42,face_transfer,124,single_uu,CFD WM64,Objects,0.36,,50,within_sampled_range,II,141,95.83333333333334,runs/yin_latest_vgg_20260927/single_noise/r21vgg2k_vgg16_bn_s42/faces_cfdWM64/objects/results.csv,II
noaa,VGG2k / no AA,r21vgg2k_vgg16_bn_s42,face_transfer,124,single_uu,CFD WM64,Objects,0.36,,50,within_sampled_range,II,142,95.83333333333334,runs/yin_latest_vgg_20260927/single_noise/r21vgg2k_vgg16_bn_s42/faces_cfdWM64/objects/results.csv,II
noaa,VGG2k / no AA,r21vgg2k_vgg16_bn_s42,face_transfer,124,single_uu,CFD WM64,Objects,0.36,,50,within_sampled_range,II,143,87.5,runs/yin_latest_vgg_20260927/single_noise/r21vgg2k_vgg16_bn_s42/faces_cfdWM64/objects/results.csv,II
noaa,VGG2k / no AA,r21vgg2k_vgg16_bn_s42,face_transfer,124,single_uu,CFD WM64,Objects,0.36,,50,within_sampled_range,II,144,95.83333333333334,runs/yin_latest_vgg_20260927/single_noise/r21vgg2k_vgg16_bn_s42/faces_cfdWM64/objects/results.csv,II
noaa,VGG2k / no AA,r21vgg2k_vgg16_bn_s42,face_transfer,124,single_uu,CFD WM64,Objects,0.36,,50,within_sampled_range,II,145,100.0,runs/yin_latest_vgg_20260927/single_noise/r21vgg2k_vgg16_bn_s42/faces_cfdWM64/objects/results.csv,II
noaa,VGG2k / no AA,r21vgg2k_vgg16_bn_s42,face_transfer,124,single_uu,CFD WM64,Objects,0.36,,50,within_sampled_range,II,146,95.83333333333334,runs/yin_latest_vgg_20260927/single_noise/r21vgg2k_vgg16_bn_s42/faces_cfdWM64/objects/results.csv,II
noaa,VGG2k / no AA,r21vgg2k_vgg16_bn_s42,face_transfer,124,single_uu,CFD WM64,Objects,0.36,,50,within_sampled_range,II,147,95.83333333333334,runs/yin_latest_vgg_20260927/single_noise/r21vgg2k_vgg16_bn_s42/faces_cfdWM64/objects/results.csv,II
noaa,VGG2k / no AA,r21vgg2k_vgg16_bn_s42,face_transfer,124,single_uu,CFD WM64,Objects,0.36,,50,within_sampled_range,II,148,87.5,runs/yin_latest_vgg_20260927/single_noise/r21vgg2k_vgg16_bn_s42/faces_cfdWM64/objects/results.csv,II
noaa,VGG2k / no AA,r21vgg2k_vgg16_bn_s42,face_transfer,124,single_uu,CFD WM64,Objects,0.36,,50,within_sampled_range,II,149,91.66666666666666,runs/yin_latest_vgg_20260927/single_noise/r21vgg2k_vgg16_bn_s42/faces_cfdWM64/objects/results.csv,II
noaa,VGG2k / no AA,r21vgg2k_vgg16_bn_s42,face_transfer,124,single_uu,CFD WM64,Objects,0.36,,50,within_sampled_range,II,150,100.0,runs/yin_latest_vgg_20260927/single_noise/r21vgg2k_vgg16_bn_s42/faces_cfdWM64/objects/results.csv,II
noaa,VGG2k / no AA,r21vgg2k_vgg16_bn_s42,face_transfer,124,single_uu,CFD WM64,Objects,0.36,,50,within_sampled_range,UI,101,87.5,runs/yin_latest_vgg_20260927/single_noise/r21vgg2k_vgg16_bn_s42/faces_cfdWM64/objects/results.csv,UI
noaa,VGG2k / no AA,r21vgg2k_vgg16_bn_s42,face_transfer,124,single_uu,CFD WM64,Objects,0.36,,50,within_sampled_range,UI,102,87.5,runs/yin_latest_vgg_20260927/single_noise/r21vgg2k_vgg16_bn_s42/faces_cfdWM64/objects/results.csv,UI
noaa,VGG2k / no AA,r21vgg2k_vgg16_bn_s42,face_transfer,124,single_uu,CFD WM64,Objects,0.36,,50,within_sampled_range,UI,103,87.5,runs/yin_latest_vgg_20260927/single_noise/r21vgg2k_vgg16_bn_s42/faces_cfdWM64/objects/results.csv,UI
noaa,VGG2k / no AA,r21vgg2k_vgg16_bn_s42,face_transfer,124,single_uu,CFD WM64,Objects,0.36,,50,within_sampled_range,UI,104,91.66666666666666,runs/yin_latest_vgg_20260927/single_noise/r21vgg2k_vgg16_bn_s42/faces_cfdWM64/objects/results.csv,UI
noaa,VGG2k / no AA,r21vgg2k_vgg16_bn_s42,face_transfer,124,single_uu,CFD WM64,Objects,0.36,,50,within_sampled_range,UI,105,100.0,runs/yin_latest_vgg_20260927/single_noise/r21vgg2k_vgg16_bn_s42/faces_cfdWM64/objects/results.csv,UI
noaa,VGG2k / no AA,r21vgg2k_vgg16_bn_s42,face_transfer,124,single_uu,CFD WM64,Objects,0.36,,50,within_sampled_range,UI,106,95.83333333333334,runs/yin_latest_vgg_20260927/single_noise/r21vgg2k_vgg16_bn_s42/faces_cfdWM64/objects/results.csv,UI
noaa,VGG2k / no AA,r21vgg2k_vgg16_bn_s42,face_transfer,124,single_uu,CFD WM64,Objects,0.36,,50,within_sampled_range,UI,107,91.66666666666666,runs/yin_latest_vgg_20260927/single_noise/r21vgg2k_vgg16_bn_s42/faces_cfdWM64/objects/results.csv,UI
noaa,VGG2k / no AA,r21vgg2k_vgg16_bn_s42,face_transfer,124,single_uu,CFD WM64,Objects,0.36,,50,within_sampled_range,UI,108,87.5,runs/yin_latest_vgg_20260927/single_noise/r21vgg2k_vgg16_bn_s42/faces_cfdWM64/objects/results.csv,UI
noaa,VGG2k / no AA,r21vgg2k_vgg16_bn_s42,face_transfer,124,single_uu,CFD WM64,Objects,0.36,,50,within_sampled_range,UI,109,83.33333333333334,runs/yin_latest_vgg_20260927/single_noise/r21vgg2k_vgg16_bn_s42/faces_cfdWM64/objects/results.csv,UI
noaa,VGG2k / no AA,r21vgg2k_vgg16_bn_s42,face_transfer,124,single_uu,CFD WM64,Objects,0.36,,50,within_sampled_range,UI,110,91.66666666666666,runs/yin_latest_vgg_20260927/single_noise/r21vgg2k_vgg16_bn_s42/faces_cfdWM64/objects/results.csv,UI
noaa,VGG2k / no AA,r21vgg2k_vgg16_bn_s42,face_transfer,124,single_uu,CFD WM64,Objects,0.36,,50,within_sampled_range,UI,111,95.83333333333334,runs/yin_latest_vgg_20260927/single_noise/r21vgg2k_vgg16_bn_s42/faces_cfdWM64/objects/results.csv,UI
noaa,VGG2k / no AA,r21vgg2k_vgg16_bn_s42,face_transfer,124,single_uu,CFD WM64,Objects,0.36,,50,within_sampled_range,UI,112,87.5,runs/yin_latest_vgg_20260927/single_noise/r21vgg2k_vgg16_bn_s42/faces_cfdWM64/objects/results.csv,UI
noaa,VGG2k / no AA,r21vgg2k_vgg16_bn_s42,face_transfer,124,single_uu,CFD WM64,Objects,0.36,,50,within_sampled_range,UI,113,95.83333333333334,runs/yin_latest_vgg_20260927/single_noise/r21vgg2k_vgg16_bn_s42/faces_cfdWM64/objects/results.csv,UI
noaa,VGG2k / no AA,r21vgg2k_vgg16_bn_s42,face_transfer,124,single_uu,CFD WM64,Objects,0.36,,50,within_sampled_range,UI,114,95.83333333333334,runs/yin_latest_vgg_20260927/single_noise/r21vgg2k_vgg16_bn_s42/faces_cfdWM64/objects/results.csv,UI
noaa,VGG2k / no AA,r21vgg2k_vgg16_bn_s42,face_transfer,124,single_uu,CFD WM64,Objects,0.36,,50,within_sampled_range,UI,115,100.0,runs/yin_latest_vgg_20260927/single_noise/r21vgg2k_vgg16_bn_s42/faces_cfdWM64/objects/results.csv,UI
noaa,VGG2k / no AA,r21vgg2k_vgg16_bn_s42,face_transfer,124,single_uu,CFD WM64,Objects,0.36,,50,within_sampled_range,UI,116,87.5,runs/yin_latest_vgg_20260927/single_noise/r21vgg2k_vgg16_bn_s42/faces_cfdWM64/objects/results.csv,UI
noaa,VGG2k / no AA,r21vgg2k_vgg16_bn_s42,face_transfer,124,single_uu,CFD WM64,Objects,0.36,,50,within_sampled_range,UI,117,91.66666666666666,runs/yin_latest_vgg_20260927/single_noise/r21vgg2k_vgg16_bn_s42/faces_cfdWM64/objects/results.csv,UI
noaa,VGG2k / no AA,r21vgg2k_vgg16_bn_s42,face_transfer,124,single_uu,CFD WM64,Objects,0.36,,50,within_sampled_range,UI,118,91.66666666666666,runs/yin_latest_vgg_20260927/single_noise/r21vgg2k_vgg16_bn_s42/faces_cfdWM64/objects/results.csv,UI
noaa,VGG2k / no AA,r21vgg2k_vgg16_bn_s42,face_transfer,124,single_uu,CFD WM64,Objects,0.36,,50,within_sampled_range,UI,119,95.83333333333334,runs/yin_latest_vgg_20260927/single_noise/r21vgg2k_vgg16_bn_s42/faces_cfdWM64/objects/results.csv,UI
noaa,VGG2k / no AA,r21vgg2k_vgg16_bn_s42,face_transfer,124,single_uu,CFD WM64,Objects,0.36,,50,within_sampled_range,UI,120,91.66666666666666,runs/yin_latest_vgg_20260927/single_noise/r21vgg2k_vgg16_bn_s42/faces_cfdWM64/objects/results.csv,UI
noaa,VGG2k / no AA,r21vgg2k_vgg16_bn_s42,face_transfer,124,single_uu,CFD WM64,Objects,0.36,,50,within_sampled_range,UI,121,87.5,runs/yin_latest_vgg_20260927/single_noise/r21vgg2k_vgg16_bn_s42/faces_cfdWM64/objects/results.csv,UI
noaa,VGG2k / no AA,r21vgg2k_vgg16_bn_s42,face_transfer,124,single_uu,CFD WM64,Objects,0.36,,50,within_sampled_range,UI,122,91.66666666666666,runs/yin_latest_vgg_20260927/single_noise/r21vgg2k_vgg16_bn_s42/faces_cfdWM64/objects/results.csv,UI
noaa,VGG2k / no AA,r21vgg2k_vgg16_bn_s42,face_transfer,124,single_uu,CFD WM64,Objects,0.36,,50,within_sampled_range,UI,123,79.16666666666666,runs/yin_latest_vgg_20260927/single_noise/r21vgg2k_vgg16_bn_s42/faces_cfdWM64/objects/results.csv,UI
noaa,VGG2k / no AA,r21vgg2k_vgg16_bn_s42,face_transfer,124,single_uu,CFD WM64,Objects,0.36,,50,within_sampled_range,UI,124,91.66666666666666,runs/yin_latest_vgg_20260927/single_noise/r21vgg2k_vgg16_bn_s42/faces_cfdWM64/objects/results.csv,UI
noaa,VGG2k / no AA,r21vgg2k_vgg16_bn_s42,face_transfer,124,single_uu,CFD WM64,Objects,0.36,,50,within_sampled_range,UI,125,100.0,runs/yin_latest_vgg_20260927/single_noise/r21vgg2k_vgg16_bn_s42/faces_cfdWM64/objects/results.csv,UI
noaa,VGG2k / no AA,r21vgg2k_vgg16_bn_s42,face_transfer,124,single_uu,CFD WM64,Objects,0.36,,50,within_sampled_range,UI,126,100.0,runs/yin_latest_vgg_20260927/single_noise/r21vgg2k_vgg16_bn_s42/faces_cfdWM64/objects/results.csv,UI
noaa,VGG2k / no AA,r21vgg2k_vgg16_bn_s42,face_transfer,124,single_uu,CFD WM64,Objects,0.36,,50,within_sampled_range,UI,127,87.5,runs/yin_latest_vgg_20260927/single_noise/r21vgg2k_vgg16_bn_s42/faces_cfdWM64/objects/results.csv,UI
noaa,VGG2k / no AA,r21vgg2k_vgg16_bn_s42,face_transfer,124,single_uu,CFD WM64,Objects,0.36,,50,within_sampled_range,UI,128,87.5,runs/yin_latest_vgg_20260927/single_noise/r21vgg2k_vgg16_bn_s42/faces_cfdWM64/objects/results.csv,UI
noaa,VGG2k / no AA,r21vgg2k_vgg16_bn_s42,face_transfer,124,single_uu,CFD WM64,Objects,0.36,,50,within_sampled_range,UI,129,95.83333333333334,runs/yin_latest_vgg_20260927/single_noise/r21vgg2k_vgg16_bn_s42/faces_cfdWM64/objects/results.csv,UI
noaa,VGG2k / no AA,r21vgg2k_vgg16_bn_s42,face_transfer,124,single_uu,CFD WM64,Objects,0.36,,50,within_sampled_range,UI,130,100.0,runs/yin_latest_vgg_20260927/single_noise/r21vgg2k_vgg16_bn_s42/faces_cfdWM64/objects/results.csv,UI
noaa,VGG2k / no AA,r21vgg2k_vgg16_bn_s42,face_transfer,124,single_uu,CFD WM64,Objects,0.36,,50,within_sampled_range,UI,131,91.66666666666666,runs/yin_latest_vgg_20260927/single_noise/r21vgg2k_vgg16_bn_s42/faces_cfdWM64/objects/results.csv,UI
noaa,VGG2k / no AA,r21vgg2k_vgg16_bn_s42,face_transfer,124,single_uu,CFD WM64,Objects,0.36,,50,within_sampled_range,UI,132,87.5,runs/yin_latest_vgg_20260927/single_noise/r21vgg2k_vgg16_bn_s42/faces_cfdWM64/objects/results.csv,UI
noaa,VGG2k / no AA,r21vgg2k_vgg16_bn_s42,face_transfer,124,single_uu,CFD WM64,Objects,0.36,,50,within_sampled_range,UI,133,83.33333333333334,runs/yin_latest_vgg_20260927/single_noise/r21vgg2k_vgg16_bn_s42/faces_cfdWM64/objects/results.csv,UI
noaa,VGG2k / no AA,r21vgg2k_vgg16_bn_s42,face_transfer,124,single_uu,CFD WM64,Objects,0.36,,50,within_sampled_range,UI,134,100.0,runs/yin_latest_vgg_20260927/single_noise/r21vgg2k_vgg16_bn_s42/faces_cfdWM64/objects/results.csv,UI
noaa,VGG2k / no AA,r21vgg2k_vgg16_bn_s42,face_transfer,124,single_uu,CFD WM64,Objects,0.36,,50,within_sampled_range,UI,135,87.5,runs/yin_latest_vgg_20260927/single_noise/r21vgg2k_vgg16_bn_s42/faces_cfdWM64/objects/results.csv,UI
noaa,VGG2k / no AA,r21vgg2k_vgg16_bn_s42,face_transfer,124,single_uu,CFD WM64,Objects,0.36,,50,within_sampled_range,UI,136,95.83333333333334,runs/yin_latest_vgg_20260927/single_noise/r21vgg2k_vgg16_bn_s42/faces_cfdWM64/objects/results.csv,UI
noaa,VGG2k / no AA,r21vgg2k_vgg16_bn_s42,face_transfer,124,single_uu,CFD WM64,Objects,0.36,,50,within_sampled_range,UI,137,87.5,runs/yin_latest_vgg_20260927/single_noise/r21vgg2k_vgg16_bn_s42/faces_cfdWM64/objects/results.csv,UI
noaa,VGG2k / no AA,r21vgg2k_vgg16_bn_s42,face_transfer,124,single_uu,CFD WM64,Objects,0.36,,50,within_sampled_range,UI,138,87.5,runs/yin_latest_vgg_20260927/single_noise/r21vgg2k_vgg16_bn_s42/faces_cfdWM64/objects/results.csv,UI
noaa,VGG2k / no AA,r21vgg2k_vgg16_bn_s42,face_transfer,124,single_uu,CFD WM64,Objects,0.36,,50,within_sampled_range,UI,139,87.5,runs/yin_latest_vgg_20260927/single_noise/r21vgg2k_vgg16_bn_s42/faces_cfdWM64/objects/results.csv,UI
noaa,VGG2k / no AA,r21vgg2k_vgg16_bn_s42,face_transfer,124,single_uu,CFD WM64,Objects,0.36,,50,within_sampled_range,UI,140,87.5,runs/yin_latest_vgg_20260927/single_noise/r21vgg2k_vgg16_bn_s42/faces_cfdWM64/objects/results.csv,UI
noaa,VGG2k / no AA,r21vgg2k_vgg16_bn_s42,face_transfer,124,single_uu,CFD WM64,Objects,0.36,,50,within_sampled_range,UI,141,87.5,runs/yin_latest_vgg_20260927/single_noise/r21vgg2k_vgg16_bn_s42/faces_cfdWM64/objects/results.csv,UI
noaa,VGG2k / no AA,r21vgg2k_vgg16_bn_s42,face_transfer,124,single_uu,CFD WM64,Objects,0.36,,50,within_sampled_range,UI,142,91.66666666666666,runs/yin_latest_vgg_20260927/single_noise/r21vgg2k_vgg16_bn_s42/faces_cfdWM64/objects/results.csv,UI
noaa,VGG2k / no AA,r21vgg2k_vgg16_bn_s42,face_transfer,124,single_uu,CFD WM64,Objects,0.36,,50,within_sampled_range,UI,143,95.83333333333334,runs/yin_latest_vgg_20260927/single_noise/r21vgg2k_vgg16_bn_s42/faces_cfdWM64/objects/results.csv,UI
noaa,VGG2k / no AA,r21vgg2k_vgg16_bn_s42,face_transfer,124,single_uu,CFD WM64,Objects,0.36,,50,within_sampled_range,UI,144,95.83333333333334,runs/yin_latest_vgg_20260927/single_noise/r21vgg2k_vgg16_bn_s42/faces_cfdWM64/objects/results.csv,UI
noaa,VGG2k / no AA,r21vgg2k_vgg16_bn_s42,face_transfer,124,single_uu,CFD WM64,Objects,0.36,,50,within_sampled_range,UI,145,95.83333333333334,runs/yin_latest_vgg_20260927/single_noise/r21vgg2k_vgg16_bn_s42/faces_cfdWM64/objects/results.csv,UI
noaa,VGG2k / no AA,r21vgg2k_vgg16_bn_s42,face_transfer,124,single_uu,CFD WM64,Objects,0.36,,50,within_sampled_range,UI,146,91.66666666666666,runs/yin_latest_vgg_20260927/single_noise/r21vgg2k_vgg16_bn_s42/faces_cfdWM64/objects/results.csv,UI
noaa,VGG2k / no AA,r21vgg2k_vgg16_bn_s42,face_transfer,124,single_uu,CFD WM64,Objects,0.36,,50,within_sampled_range,UI,147,100.0,runs/yin_latest_vgg_20260927/single_noise/r21vgg2k_vgg16_bn_s42/faces_cfdWM64/objects/results.csv,UI
noaa,VGG2k / no AA,r21vgg2k_vgg16_bn_s42,face_transfer,124,single_uu,CFD WM64,Objects,0.36,,50,within_sampled_range,UI,148,87.5,runs/yin_latest_vgg_20260927/single_noise/r21vgg2k_vgg16_bn_s42/faces_cfdWM64/objects/results.csv,UI
noaa,VGG2k / no AA,r21vgg2k_vgg16_bn_s42,face_transfer,124,single_uu,CFD WM64,Objects,0.36,,50,within_sampled_range,UI,149,87.5,runs/yin_latest_vgg_20260927/single_noise/r21vgg2k_vgg16_bn_s42/faces_cfdWM64/objects/results.csv,UI
noaa,VGG2k / no AA,r21vgg2k_vgg16_bn_s42,face_transfer,124,single_uu,CFD WM64,Objects,0.36,,50,within_sampled_range,UI,150,100.0,runs/yin_latest_vgg_20260927/single_noise/r21vgg2k_vgg16_bn_s42/faces_cfdWM64/objects/results.csv,UI
noaa,VGG2k / no AA,r21vgg2k_vgg16_bn_s42,face_transfer,124,single_uu,CFD WM64,Objects,0.36,,50,within_sampled_range,IU,101,91.66666666666666,runs/yin_latest_vgg_20260927/single_noise/r21vgg2k_vgg16_bn_s42/faces_cfdWM64/objects/results.csv,IU
noaa,VGG2k / no AA,r21vgg2k_vgg16_bn_s42,face_transfer,124,single_uu,CFD WM64,Objects,0.36,,50,within_sampled_range,IU,102,91.66666666666666,runs/yin_latest_vgg_20260927/single_noise/r21vgg2k_vgg16_bn_s42/faces_cfdWM64/objects/results.csv,IU
noaa,VGG2k / no AA,r21vgg2k_vgg16_bn_s42,face_transfer,124,single_uu,CFD WM64,Objects,0.36,,50,within_sampled_range,IU,103,95.83333333333334,runs/yin_latest_vgg_20260927/single_noise/r21vgg2k_vgg16_bn_s42/faces_cfdWM64/objects/results.csv,IU
noaa,VGG2k / no AA,r21vgg2k_vgg16_bn_s42,face_transfer,124,single_uu,CFD WM64,Objects,0.36,,50,within_sampled_range,IU,104,95.83333333333334,runs/yin_latest_vgg_20260927/single_noise/r21vgg2k_vgg16_bn_s42/faces_cfdWM64/objects/results.csv,IU
noaa,VGG2k / no AA,r21vgg2k_vgg16_bn_s42,face_transfer,124,single_uu,CFD WM64,Objects,0.36,,50,within_sampled_range,IU,105,91.66666666666666,runs/yin_latest_vgg_20260927/single_noise/r21vgg2k_vgg16_bn_s42/faces_cfdWM64/objects/results.csv,IU
noaa,VGG2k / no AA,r21vgg2k_vgg16_bn_s42,face_transfer,124,single_uu,CFD WM64,Objects,0.36,,50,within_sampled_range,IU,106,95.83333333333334,runs/yin_latest_vgg_20260927/single_noise/r21vgg2k_vgg16_bn_s42/faces_cfdWM64/objects/results.csv,IU
noaa,VGG2k / no AA,r21vgg2k_vgg16_bn_s42,face_transfer,124,single_uu,CFD WM64,Objects,0.36,,50,within_sampled_range,IU,107,95.83333333333334,runs/yin_latest_vgg_20260927/single_noise/r21vgg2k_vgg16_bn_s42/faces_cfdWM64/objects/results.csv,IU
noaa,VGG2k / no AA,r21vgg2k_vgg16_bn_s42,face_transfer,124,single_uu,CFD WM64,Objects,0.36,,50,within_sampled_range,IU,108,91.66666666666666,runs/yin_latest_vgg_20260927/single_noise/r21vgg2k_vgg16_bn_s42/faces_cfdWM64/objects/results.csv,IU
noaa,VGG2k / no AA,r21vgg2k_vgg16_bn_s42,face_transfer,124,single_uu,CFD WM64,Objects,0.36,,50,within_sampled_range,IU,109,91.66666666666666,runs/yin_latest_vgg_20260927/single_noise/r21vgg2k_vgg16_bn_s42/faces_cfdWM64/objects/results.csv,IU
noaa,VGG2k / no AA,r21vgg2k_vgg16_bn_s42,face_transfer,124,single_uu,CFD WM64,Objects,0.36,,50,within_sampled_range,IU,110,95.83333333333334,runs/yin_latest_vgg_20260927/single_noise/r21vgg2k_vgg16_bn_s42/faces_cfdWM64/objects/results.csv,IU
noaa,VGG2k / no AA,r21vgg2k_vgg16_bn_s42,face_transfer,124,single_uu,CFD WM64,Objects,0.36,,50,within_sampled_range,IU,111,87.5,runs/yin_latest_vgg_20260927/single_noise/r21vgg2k_vgg16_bn_s42/faces_cfdWM64/objects/results.csv,IU
noaa,VGG2k / no AA,r21vgg2k_vgg16_bn_s42,face_transfer,124,single_uu,CFD WM64,Objects,0.36,,50,within_sampled_range,IU,112,83.33333333333334,runs/yin_latest_vgg_20260927/single_noise/r21vgg2k_vgg16_bn_s42/faces_cfdWM64/objects/results.csv,IU
noaa,VGG2k / no AA,r21vgg2k_vgg16_bn_s42,face_transfer,124,single_uu,CFD WM64,Objects,0.36,,50,within_sampled_range,IU,113,87.5,runs/yin_latest_vgg_20260927/single_noise/r21vgg2k_vgg16_bn_s42/faces_cfdWM64/objects/results.csv,IU
noaa,VGG2k / no AA,r21vgg2k_vgg16_bn_s42,face_transfer,124,single_uu,CFD WM64,Objects,0.36,,50,within_sampled_range,IU,114,91.66666666666666,runs/yin_latest_vgg_20260927/single_noise/r21vgg2k_vgg16_bn_s42/faces_cfdWM64/objects/results.csv,IU
noaa,VGG2k / no AA,r21vgg2k_vgg16_bn_s42,face_transfer,124,single_uu,CFD WM64,Objects,0.36,,50,within_sampled_range,IU,115,95.83333333333334,runs/yin_latest_vgg_20260927/single_noise/r21vgg2k_vgg16_bn_s42/faces_cfdWM64/objects/results.csv,IU
noaa,VGG2k / no AA,r21vgg2k_vgg16_bn_s42,face_transfer,124,single_uu,CFD WM64,Objects,0.36,,50,within_sampled_range,IU,116,95.83333333333334,runs/yin_latest_vgg_20260927/single_noise/r21vgg2k_vgg16_bn_s42/faces_cfdWM64/objects/results.csv,IU
noaa,VGG2k / no AA,r21vgg2k_vgg16_bn_s42,face_transfer,124,single_uu,CFD WM64,Objects,0.36,,50,within_sampled_range,IU,117,83.33333333333334,runs/yin_latest_vgg_20260927/single_noise/r21vgg2k_vgg16_bn_s42/faces_cfdWM64/objects/results.csv,IU
noaa,VGG2k / no AA,r21vgg2k_vgg16_bn_s42,face_transfer,124,single_uu,CFD WM64,Objects,0.36,,50,within_sampled_range,IU,118,100.0,runs/yin_latest_vgg_20260927/single_noise/r21vgg2k_vgg16_bn_s42/faces_cfdWM64/objects/results.csv,IU
noaa,VGG2k / no AA,r21vgg2k_vgg16_bn_s42,face_transfer,124,single_uu,CFD WM64,Objects,0.36,,50,within_sampled_range,IU,119,95.83333333333334,runs/yin_latest_vgg_20260927/single_noise/r21vgg2k_vgg16_bn_s42/faces_cfdWM64/objects/results.csv,IU
noaa,VGG2k / no AA,r21vgg2k_vgg16_bn_s42,face_transfer,124,single_uu,CFD WM64,Objects,0.36,,50,within_sampled_range,IU,120,100.0,runs/yin_latest_vgg_20260927/single_noise/r21vgg2k_vgg16_bn_s42/faces_cfdWM64/objects/results.csv,IU
noaa,VGG2k / no AA,r21vgg2k_vgg16_bn_s42,face_transfer,124,single_uu,CFD WM64,Objects,0.36,,50,within_sampled_range,IU,121,91.66666666666666,runs/yin_latest_vgg_20260927/single_noise/r21vgg2k_vgg16_bn_s42/faces_cfdWM64/objects/results.csv,IU
noaa,VGG2k / no AA,r21vgg2k_vgg16_bn_s42,face_transfer,124,single_uu,CFD WM64,Objects,0.36,,50,within_sampled_range,IU,122,95.83333333333334,runs/yin_latest_vgg_20260927/single_noise/r21vgg2k_vgg16_bn_s42/faces_cfdWM64/objects/results.csv,IU
noaa,VGG2k / no AA,r21vgg2k_vgg16_bn_s42,face_transfer,124,single_uu,CFD WM64,Objects,0.36,,50,within_sampled_range,IU,123,83.33333333333334,runs/yin_latest_vgg_20260927/single_noise/r21vgg2k_vgg16_bn_s42/faces_cfdWM64/objects/results.csv,IU
noaa,VGG2k / no AA,r21vgg2k_vgg16_bn_s42,face_transfer,124,single_uu,CFD WM64,Objects,0.36,,50,within_sampled_range,IU,124,91.66666666666666,runs/yin_latest_vgg_20260927/single_noise/r21vgg2k_vgg16_bn_s42/faces_cfdWM64/objects/results.csv,IU
noaa,VGG2k / no AA,r21vgg2k_vgg16_bn_s42,face_transfer,124,single_uu,CFD WM64,Objects,0.36,,50,within_sampled_range,IU,125,95.83333333333334,runs/yin_latest_vgg_20260927/single_noise/r21vgg2k_vgg16_bn_s42/faces_cfdWM64/objects/results.csv,IU
noaa,VGG2k / no AA,r21vgg2k_vgg16_bn_s42,face_transfer,124,single_uu,CFD WM64,Objects,0.36,,50,within_sampled_range,IU,126,95.83333333333334,runs/yin_latest_vgg_20260927/single_noise/r21vgg2k_vgg16_bn_s42/faces_cfdWM64/objects/results.csv,IU
noaa,VGG2k / no AA,r21vgg2k_vgg16_bn_s42,face_transfer,124,single_uu,CFD WM64,Objects,0.36,,50,within_sampled_range,IU,127,95.83333333333334,runs/yin_latest_vgg_20260927/single_noise/r21vgg2k_vgg16_bn_s42/faces_cfdWM64/objects/results.csv,IU
noaa,VGG2k / no AA,r21vgg2k_vgg16_bn_s42,face_transfer,124,single_uu,CFD WM64,Objects,0.36,,50,within_sampled_range,IU,128,91.66666666666666,runs/yin_latest_vgg_20260927/single_noise/r21vgg2k_vgg16_bn_s42/faces_cfdWM64/objects/results.csv,IU
noaa,VGG2k / no AA,r21vgg2k_vgg16_bn_s42,face_transfer,124,single_uu,CFD WM64,Objects,0.36,,50,within_sampled_range,IU,129,95.83333333333334,runs/yin_latest_vgg_20260927/single_noise/r21vgg2k_vgg16_bn_s42/faces_cfdWM64/objects/results.csv,IU
noaa,VGG2k / no AA,r21vgg2k_vgg16_bn_s42,face_transfer,124,single_uu,CFD WM64,Objects,0.36,,50,within_sampled_range,IU,130,91.66666666666666,runs/yin_latest_vgg_20260927/single_noise/r21vgg2k_vgg16_bn_s42/faces_cfdWM64/objects/results.csv,IU
noaa,VGG2k / no AA,r21vgg2k_vgg16_bn_s42,face_transfer,124,single_uu,CFD WM64,Objects,0.36,,50,within_sampled_range,IU,131,87.5,runs/yin_latest_vgg_20260927/single_noise/r21vgg2k_vgg16_bn_s42/faces_cfdWM64/objects/results.csv,IU
noaa,VGG2k / no AA,r21vgg2k_vgg16_bn_s42,face_transfer,124,single_uu,CFD WM64,Objects,0.36,,50,within_sampled_range,IU,132,87.5,runs/yin_latest_vgg_20260927/single_noise/r21vgg2k_vgg16_bn_s42/faces_cfdWM64/objects/results.csv,IU
noaa,VGG2k / no AA,r21vgg2k_vgg16_bn_s42,face_transfer,124,single_uu,CFD WM64,Objects,0.36,,50,within_sampled_range,IU,133,87.5,runs/yin_latest_vgg_20260927/single_noise/r21vgg2k_vgg16_bn_s42/faces_cfdWM64/objects/results.csv,IU
noaa,VGG2k / no AA,r21vgg2k_vgg16_bn_s42,face_transfer,124,single_uu,CFD WM64,Objects,0.36,,50,within_sampled_range,IU,134,95.83333333333334,runs/yin_latest_vgg_20260927/single_noise/r21vgg2k_vgg16_bn_s42/faces_cfdWM64/objects/results.csv,IU
noaa,VGG2k / no AA,r21vgg2k_vgg16_bn_s42,face_transfer,124,single_uu,CFD WM64,Objects,0.36,,50,within_sampled_range,IU,135,91.66666666666666,runs/yin_latest_vgg_20260927/single_noise/r21vgg2k_vgg16_bn_s42/faces_cfdWM64/objects/results.csv,IU
noaa,VGG2k / no AA,r21vgg2k_vgg16_bn_s42,face_transfer,124,single_uu,CFD WM64,Objects,0.36,,50,within_sampled_range,IU,136,83.33333333333334,runs/yin_latest_vgg_20260927/single_noise/r21vgg2k_vgg16_bn_s42/faces_cfdWM64/objects/results.csv,IU
noaa,VGG2k / no AA,r21vgg2k_vgg16_bn_s42,face_transfer,124,single_uu,CFD WM64,Objects,0.36,,50,within_sampled_range,IU,137,100.0,runs/yin_latest_vgg_20260927/single_noise/r21vgg2k_vgg16_bn_s42/faces_cfdWM64/objects/results.csv,IU
noaa,VGG2k / no AA,r21vgg2k_vgg16_bn_s42,face_transfer,124,single_uu,CFD WM64,Objects,0.36,,50,within_sampled_range,IU,138,91.66666666666666,runs/yin_latest_vgg_20260927/single_noise/r21vgg2k_vgg16_bn_s42/faces_cfdWM64/objects/results.csv,IU
noaa,VGG2k / no AA,r21vgg2k_vgg16_bn_s42,face_transfer,124,single_uu,CFD WM64,Objects,0.36,,50,within_sampled_range,IU,139,87.5,runs/yin_latest_vgg_20260927/single_noise/r21vgg2k_vgg16_bn_s42/faces_cfdWM64/objects/results.csv,IU
noaa,VGG2k / no AA,r21vgg2k_vgg16_bn_s42,face_transfer,124,single_uu,CFD WM64,Objects,0.36,,50,within_sampled_range,IU,140,91.66666666666666,runs/yin_latest_vgg_20260927/single_noise/r21vgg2k_vgg16_bn_s42/faces_cfdWM64/objects/results.csv,IU
noaa,VGG2k / no AA,r21vgg2k_vgg16_bn_s42,face_transfer,124,single_uu,CFD WM64,Objects,0.36,,50,within_sampled_range,IU,141,95.83333333333334,runs/yin_latest_vgg_20260927/single_noise/r21vgg2k_vgg16_bn_s42/faces_cfdWM64/objects/results.csv,IU
noaa,VGG2k / no AA,r21vgg2k_vgg16_bn_s42,face_transfer,124,single_uu,CFD WM64,Objects,0.36,,50,within_sampled_range,IU,142,100.0,runs/yin_latest_vgg_20260927/single_noise/r21vgg2k_vgg16_bn_s42/faces_cfdWM64/objects/results.csv,IU
noaa,VGG2k / no AA,r21vgg2k_vgg16_bn_s42,face_transfer,124,single_uu,CFD WM64,Objects,0.36,,50,within_sampled_range,IU,143,91.66666666666666,runs/yin_latest_vgg_20260927/single_noise/r21vgg2k_vgg16_bn_s42/faces_cfdWM64/objects/results.csv,IU
noaa,VGG2k / no AA,r21vgg2k_vgg16_bn_s42,face_transfer,124,single_uu,CFD WM64,Objects,0.36,,50,within_sampled_range,IU,144,91.66666666666666,runs/yin_latest_vgg_20260927/single_noise/r21vgg2k_vgg16_bn_s42/faces_cfdWM64/objects/results.csv,IU
noaa,VGG2k / no AA,r21vgg2k_vgg16_bn_s42,face_transfer,124,single_uu,CFD WM64,Objects,0.36,,50,within_sampled_range,IU,145,100.0,runs/yin_latest_vgg_20260927/single_noise/r21vgg2k_vgg16_bn_s42/faces_cfdWM64/objects/results.csv,IU
noaa,VGG2k / no AA,r21vgg2k_vgg16_bn_s42,face_transfer,124,single_uu,CFD WM64,Objects,0.36,,50,within_sampled_range,IU,146,91.66666666666666,runs/yin_latest_vgg_20260927/single_noise/r21vgg2k_vgg16_bn_s42/faces_cfdWM64/objects/results.csv,IU
noaa,VGG2k / no AA,r21vgg2k_vgg16_bn_s42,face_transfer,124,single_uu,CFD WM64,Objects,0.36,,50,within_sampled_range,IU,147,91.66666666666666,runs/yin_latest_vgg_20260927/single_noise/r21vgg2k_vgg16_bn_s42/faces_cfdWM64/objects/results.csv,IU
noaa,VGG2k / no AA,r21vgg2k_vgg16_bn_s42,face_transfer,124,single_uu,CFD WM64,Objects,0.36,,50,within_sampled_range,IU,148,91.66666666666666,runs/yin_latest_vgg_20260927/single_noise/r21vgg2k_vgg16_bn_s42/faces_cfdWM64/objects/results.csv,IU
noaa,VGG2k / no AA,r21vgg2k_vgg16_bn_s42,face_transfer,124,single_uu,CFD WM64,Objects,0.36,,50,within_sampled_range,IU,149,95.83333333333334,runs/yin_latest_vgg_20260927/single_noise/r21vgg2k_vgg16_bn_s42/faces_cfdWM64/objects/results.csv,IU
noaa,VGG2k / no AA,r21vgg2k_vgg16_bn_s42,face_transfer,124,single_uu,CFD WM64,Objects,0.36,,50,within_sampled_range,IU,150,95.83333333333334,runs/yin_latest_vgg_20260927/single_noise/r21vgg2k_vgg16_bn_s42/faces_cfdWM64/objects/results.csv,IU
noaa,VGG2k / no AA,r21vgg2k_vgg16_bn_s42,face_transfer,124,two_cross,CFD WM64,Objects,0.36,0.38,50,within_sampled_range,UU,101,100.0,runs/yin_latest_vgg_20260927/transfer/results/r21vgg2k_vgg16_bn_s42/faces_cfdWM64/objects/results.csv,UU
noaa,VGG2k / no AA,r21vgg2k_vgg16_bn_s42,face_transfer,124,two_cross,CFD WM64,Objects,0.36,0.38,50,within_sampled_range,UU,102,91.66666666666666,runs/yin_latest_vgg_20260927/transfer/results/r21vgg2k_vgg16_bn_s42/faces_cfdWM64/objects/results.csv,UU
noaa,VGG2k / no AA,r21vgg2k_vgg16_bn_s42,face_transfer,124,two_cross,CFD WM64,Objects,0.36,0.38,50,within_sampled_range,UU,103,91.66666666666666,runs/yin_latest_vgg_20260927/transfer/results/r21vgg2k_vgg16_bn_s42/faces_cfdWM64/objects/results.csv,UU
noaa,VGG2k / no AA,r21vgg2k_vgg16_bn_s42,face_transfer,124,two_cross,CFD WM64,Objects,0.36,0.38,50,within_sampled_range,UU,104,95.83333333333334,runs/yin_latest_vgg_20260927/transfer/results/r21vgg2k_vgg16_bn_s42/faces_cfdWM64/objects/results.csv,UU
noaa,VGG2k / no AA,r21vgg2k_vgg16_bn_s42,face_transfer,124,two_cross,CFD WM64,Objects,0.36,0.38,50,within_sampled_range,UU,105,87.5,runs/yin_latest_vgg_20260927/transfer/results/r21vgg2k_vgg16_bn_s42/faces_cfdWM64/objects/results.csv,UU
noaa,VGG2k / no AA,r21vgg2k_vgg16_bn_s42,face_transfer,124,two_cross,CFD WM64,Objects,0.36,0.38,50,within_sampled_range,UU,106,95.83333333333334,runs/yin_latest_vgg_20260927/transfer/results/r21vgg2k_vgg16_bn_s42/faces_cfdWM64/objects/results.csv,UU
noaa,VGG2k / no AA,r21vgg2k_vgg16_bn_s42,face_transfer,124,two_cross,CFD WM64,Objects,0.36,0.38,50,within_sampled_range,UU,107,95.83333333333334,runs/yin_latest_vgg_20260927/transfer/results/r21vgg2k_vgg16_bn_s42/faces_cfdWM64/objects/results.csv,UU
noaa,VGG2k / no AA,r21vgg2k_vgg16_bn_s42,face_transfer,124,two_cross,CFD WM64,Objects,0.36,0.38,50,within_sampled_range,UU,108,100.0,runs/yin_latest_vgg_20260927/transfer/results/r21vgg2k_vgg16_bn_s42/faces_cfdWM64/objects/results.csv,UU
noaa,VGG2k / no AA,r21vgg2k_vgg16_bn_s42,face_transfer,124,two_cross,CFD WM64,Objects,0.36,0.38,50,within_sampled_range,UU,109,95.83333333333334,runs/yin_latest_vgg_20260927/transfer/results/r21vgg2k_vgg16_bn_s42/faces_cfdWM64/objects/results.csv,UU
noaa,VGG2k / no AA,r21vgg2k_vgg16_bn_s42,face_transfer,124,two_cross,CFD WM64,Objects,0.36,0.38,50,within_sampled_range,UU,110,91.66666666666666,runs/yin_latest_vgg_20260927/transfer/results/r21vgg2k_vgg16_bn_s42/faces_cfdWM64/objects/results.csv,UU
noaa,VGG2k / no AA,r21vgg2k_vgg16_bn_s42,face_transfer,124,two_cross,CFD WM64,Objects,0.36,0.38,50,within_sampled_range,UU,111,91.66666666666666,runs/yin_latest_vgg_20260927/transfer/results/r21vgg2k_vgg16_bn_s42/faces_cfdWM64/objects/results.csv,UU
noaa,VGG2k / no AA,r21vgg2k_vgg16_bn_s42,face_transfer,124,two_cross,CFD WM64,Objects,0.36,0.38,50,within_sampled_range,UU,112,100.0,runs/yin_latest_vgg_20260927/transfer/results/r21vgg2k_vgg16_bn_s42/faces_cfdWM64/objects/results.csv,UU
noaa,VGG2k / no AA,r21vgg2k_vgg16_bn_s42,face_transfer,124,two_cross,CFD WM64,Objects,0.36,0.38,50,within_sampled_range,UU,113,100.0,runs/yin_latest_vgg_20260927/transfer/results/r21vgg2k_vgg16_bn_s42/faces_cfdWM64/objects/results.csv,UU
noaa,VGG2k / no AA,r21vgg2k_vgg16_bn_s42,face_transfer,124,two_cross,CFD WM64,Objects,0.36,0.38,50,within_sampled_range,UU,114,95.83333333333334,runs/yin_latest_vgg_20260927/transfer/results/r21vgg2k_vgg16_bn_s42/faces_cfdWM64/objects/results.csv,UU
noaa,VGG2k / no AA,r21vgg2k_vgg16_bn_s42,face_transfer,124,two_cross,CFD WM64,Objects,0.36,0.38,50,within_sampled_range,UU,115,100.0,runs/yin_latest_vgg_20260927/transfer/results/r21vgg2k_vgg16_bn_s42/faces_cfdWM64/objects/results.csv,UU
noaa,VGG2k / no AA,r21vgg2k_vgg16_bn_s42,face_transfer,124,two_cross,CFD WM64,Objects,0.36,0.38,50,within_sampled_range,UU,116,95.83333333333334,runs/yin_latest_vgg_20260927/transfer/results/r21vgg2k_vgg16_bn_s42/faces_cfdWM64/objects/results.csv,UU
noaa,VGG2k / no AA,r21vgg2k_vgg16_bn_s42,face_transfer,124,two_cross,CFD WM64,Objects,0.36,0.38,50,within_sampled_range,UU,117,91.66666666666666,runs/yin_latest_vgg_20260927/transfer/results/r21vgg2k_vgg16_bn_s42/faces_cfdWM64/objects/results.csv,UU
noaa,VGG2k / no AA,r21vgg2k_vgg16_bn_s42,face_transfer,124,two_cross,CFD WM64,Objects,0.36,0.38,50,within_sampled_range,UU,118,91.66666666666666,runs/yin_latest_vgg_20260927/transfer/results/r21vgg2k_vgg16_bn_s42/faces_cfdWM64/objects/results.csv,UU
noaa,VGG2k / no AA,r21vgg2k_vgg16_bn_s42,face_transfer,124,two_cross,CFD WM64,Objects,0.36,0.38,50,within_sampled_range,UU,119,100.0,runs/yin_latest_vgg_20260927/transfer/results/r21vgg2k_vgg16_bn_s42/faces_cfdWM64/objects/results.csv,UU
noaa,VGG2k / no AA,r21vgg2k_vgg16_bn_s42,face_transfer,124,two_cross,CFD WM64,Objects,0.36,0.38,50,within_sampled_range,UU,120,91.66666666666666,runs/yin_latest_vgg_20260927/transfer/results/r21vgg2k_vgg16_bn_s42/faces_cfdWM64/objects/results.csv,UU
noaa,VGG2k / no AA,r21vgg2k_vgg16_bn_s42,face_transfer,124,two_cross,CFD WM64,Objects,0.36,0.38,50,within_sampled_range,UU,121,91.66666666666666,runs/yin_latest_vgg_20260927/transfer/results/r21vgg2k_vgg16_bn_s42/faces_cfdWM64/objects/results.csv,UU
noaa,VGG2k / no AA,r21vgg2k_vgg16_bn_s42,face_transfer,124,two_cross,CFD WM64,Objects,0.36,0.38,50,within_sampled_range,UU,122,100.0,runs/yin_latest_vgg_20260927/transfer/results/r21vgg2k_vgg16_bn_s42/faces_cfdWM64/objects/results.csv,UU
noaa,VGG2k / no AA,r21vgg2k_vgg16_bn_s42,face_transfer,124,two_cross,CFD WM64,Objects,0.36,0.38,50,within_sampled_range,UU,123,95.83333333333334,runs/yin_latest_vgg_20260927/transfer/results/r21vgg2k_vgg16_bn_s42/faces_cfdWM64/objects/results.csv,UU
noaa,VGG2k / no AA,r21vgg2k_vgg16_bn_s42,face_transfer,124,two_cross,CFD WM64,Objects,0.36,0.38,50,within_sampled_range,UU,124,91.66666666666666,runs/yin_latest_vgg_20260927/transfer/results/r21vgg2k_vgg16_bn_s42/faces_cfdWM64/objects/results.csv,UU
noaa,VGG2k / no AA,r21vgg2k_vgg16_bn_s42,face_transfer,124,two_cross,CFD WM64,Objects,0.36,0.38,50,within_sampled_range,UU,125,100.0,runs/yin_latest_vgg_20260927/transfer/results/r21vgg2k_vgg16_bn_s42/faces_cfdWM64/objects/results.csv,UU
noaa,VGG2k / no AA,r21vgg2k_vgg16_bn_s42,face_transfer,124,two_cross,CFD WM64,Objects,0.36,0.38,50,within_sampled_range,UU,126,95.83333333333334,runs/yin_latest_vgg_20260927/transfer/results/r21vgg2k_vgg16_bn_s42/faces_cfdWM64/objects/results.csv,UU
noaa,VGG2k / no AA,r21vgg2k_vgg16_bn_s42,face_transfer,124,two_cross,CFD WM64,Objects,0.36,0.38,50,within_sampled_range,UU,127,100.0,runs/yin_latest_vgg_20260927/transfer/results/r21vgg2k_vgg16_bn_s42/faces_cfdWM64/objects/results.csv,UU
noaa,VGG2k / no AA,r21vgg2k_vgg16_bn_s42,face_transfer,124,two_cross,CFD WM64,Objects,0.36,0.38,50,within_sampled_range,UU,128,91.66666666666666,runs/yin_latest_vgg_20260927/transfer/results/r21vgg2k_vgg16_bn_s42/faces_cfdWM64/objects/results.csv,UU
noaa,VGG2k / no AA,r21vgg2k_vgg16_bn_s42,face_transfer,124,two_cross,CFD WM64,Objects,0.36,0.38,50,within_sampled_range,UU,129,100.0,runs/yin_latest_vgg_20260927/transfer/results/r21vgg2k_vgg16_bn_s42/faces_cfdWM64/objects/results.csv,UU
noaa,VGG2k / no AA,r21vgg2k_vgg16_bn_s42,face_transfer,124,two_cross,CFD WM64,Objects,0.36,0.38,50,within_sampled_range,UU,130,91.66666666666666,runs/yin_latest_vgg_20260927/transfer/results/r21vgg2k_vgg16_bn_s42/faces_cfdWM64/objects/results.csv,UU
noaa,VGG2k / no AA,r21vgg2k_vgg16_bn_s42,face_transfer,124,two_cross,CFD WM64,Objects,0.36,0.38,50,within_sampled_range,UU,131,91.66666666666666,runs/yin_latest_vgg_20260927/transfer/results/r21vgg2k_vgg16_bn_s42/faces_cfdWM64/objects/results.csv,UU
noaa,VGG2k / no AA,r21vgg2k_vgg16_bn_s42,face_transfer,124,two_cross,CFD WM64,Objects,0.36,0.38,50,within_sampled_range,UU,132,100.0,runs/yin_latest_vgg_20260927/transfer/results/r21vgg2k_vgg16_bn_s42/faces_cfdWM64/objects/results.csv,UU
noaa,VGG2k / no AA,r21vgg2k_vgg16_bn_s42,face_transfer,124,two_cross,CFD WM64,Objects,0.36,0.38,50,within_sampled_range,UU,133,91.66666666666666,runs/yin_latest_vgg_20260927/transfer/results/r21vgg2k_vgg16_bn_s42/faces_cfdWM64/objects/results.csv,UU
noaa,VGG2k / no AA,r21vgg2k_vgg16_bn_s42,face_transfer,124,two_cross,CFD WM64,Objects,0.36,0.38,50,within_sampled_range,UU,134,91.66666666666666,runs/yin_latest_vgg_20260927/transfer/results/r21vgg2k_vgg16_bn_s42/faces_cfdWM64/objects/results.csv,UU
noaa,VGG2k / no AA,r21vgg2k_vgg16_bn_s42,face_transfer,124,two_cross,CFD WM64,Objects,0.36,0.38,50,within_sampled_range,UU,135,95.83333333333334,runs/yin_latest_vgg_20260927/transfer/results/r21vgg2k_vgg16_bn_s42/faces_cfdWM64/objects/results.csv,UU
noaa,VGG2k / no AA,r21vgg2k_vgg16_bn_s42,face_transfer,124,two_cross,CFD WM64,Objects,0.36,0.38,50,within_sampled_range,UU,136,91.66666666666666,runs/yin_latest_vgg_20260927/transfer/results/r21vgg2k_vgg16_bn_s42/faces_cfdWM64/objects/results.csv,UU
noaa,VGG2k / no AA,r21vgg2k_vgg16_bn_s42,face_transfer,124,two_cross,CFD WM64,Objects,0.36,0.38,50,within_sampled_range,UU,137,95.83333333333334,runs/yin_latest_vgg_20260927/transfer/results/r21vgg2k_vgg16_bn_s42/faces_cfdWM64/objects/results.csv,UU
noaa,VGG2k / no AA,r21vgg2k_vgg16_bn_s42,face_transfer,124,two_cross,CFD WM64,Objects,0.36,0.38,50,within_sampled_range,UU,138,95.83333333333334,runs/yin_latest_vgg_20260927/transfer/results/r21vgg2k_vgg16_bn_s42/faces_cfdWM64/objects/results.csv,UU
noaa,VGG2k / no AA,r21vgg2k_vgg16_bn_s42,face_transfer,124,two_cross,CFD WM64,Objects,0.36,0.38,50,within_sampled_range,UU,139,83.33333333333334,runs/yin_latest_vgg_20260927/transfer/results/r21vgg2k_vgg16_bn_s42/faces_cfdWM64/objects/results.csv,UU
noaa,VGG2k / no AA,r21vgg2k_vgg16_bn_s42,face_transfer,124,two_cross,CFD WM64,Objects,0.36,0.38,50,within_sampled_range,UU,140,91.66666666666666,runs/yin_latest_vgg_20260927/transfer/results/r21vgg2k_vgg16_bn_s42/faces_cfdWM64/objects/results.csv,UU
noaa,VGG2k / no AA,r21vgg2k_vgg16_bn_s42,face_transfer,124,two_cross,CFD WM64,Objects,0.36,0.38,50,within_sampled_range,UU,141,95.83333333333334,runs/yin_latest_vgg_20260927/transfer/results/r21vgg2k_vgg16_bn_s42/faces_cfdWM64/objects/results.csv,UU
noaa,VGG2k / no AA,r21vgg2k_vgg16_bn_s42,face_transfer,124,two_cross,CFD WM64,Objects,0.36,0.38,50,within_sampled_range,UU,142,95.83333333333334,runs/yin_latest_vgg_20260927/transfer/results/r21vgg2k_vgg16_bn_s42/faces_cfdWM64/objects/results.csv,UU
noaa,VGG2k / no AA,r21vgg2k_vgg16_bn_s42,face_transfer,124,two_cross,CFD WM64,Objects,0.36,0.38,50,within_sampled_range,UU,143,95.83333333333334,runs/yin_latest_vgg_20260927/transfer/results/r21vgg2k_vgg16_bn_s42/faces_cfdWM64/objects/results.csv,UU
noaa,VGG2k / no AA,r21vgg2k_vgg16_bn_s42,face_transfer,124,two_cross,CFD WM64,Objects,0.36,0.38,50,within_sampled_range,UU,144,95.83333333333334,runs/yin_latest_vgg_20260927/transfer/results/r21vgg2k_vgg16_bn_s42/faces_cfdWM64/objects/results.csv,UU
noaa,VGG2k / no AA,r21vgg2k_vgg16_bn_s42,face_transfer,124,two_cross,CFD WM64,Objects,0.36,0.38,50,within_sampled_range,UU,145,100.0,runs/yin_latest_vgg_20260927/transfer/results/r21vgg2k_vgg16_bn_s42/faces_cfdWM64/objects/results.csv,UU
noaa,VGG2k / no AA,r21vgg2k_vgg16_bn_s42,face_transfer,124,two_cross,CFD WM64,Objects,0.36,0.38,50,within_sampled_range,UU,146,95.83333333333334,runs/yin_latest_vgg_20260927/transfer/results/r21vgg2k_vgg16_bn_s42/faces_cfdWM64/objects/results.csv,UU
noaa,VGG2k / no AA,r21vgg2k_vgg16_bn_s42,face_transfer,124,two_cross,CFD WM64,Objects,0.36,0.38,50,within_sampled_range,UU,147,87.5,runs/yin_latest_vgg_20260927/transfer/results/r21vgg2k_vgg16_bn_s42/faces_cfdWM64/objects/results.csv,UU
noaa,VGG2k / no AA,r21vgg2k_vgg16_bn_s42,face_transfer,124,two_cross,CFD WM64,Objects,0.36,0.38,50,within_sampled_range,UU,148,91.66666666666666,runs/yin_latest_vgg_20260927/transfer/results/r21vgg2k_vgg16_bn_s42/faces_cfdWM64/objects/results.csv,UU
noaa,VGG2k / no AA,r21vgg2k_vgg16_bn_s42,face_transfer,124,two_cross,CFD WM64,Objects,0.36,0.38,50,within_sampled_range,UU,149,87.5,runs/yin_latest_vgg_20260927/transfer/results/r21vgg2k_vgg16_bn_s42/faces_cfdWM64/objects/results.csv,UU
noaa,VGG2k / no AA,r21vgg2k_vgg16_bn_s42,face_transfer,124,two_cross,CFD WM64,Objects,0.36,0.38,50,within_sampled_range,UU,150,95.83333333333334,runs/yin_latest_vgg_20260927/transfer/results/r21vgg2k_vgg16_bn_s42/faces_cfdWM64/objects/results.csv,UU
noaa,VGG2k / no AA,r21vgg2k_vgg16_bn_s42,face_transfer,124,two_cross,CFD WM64,Objects,0.36,0.38,50,within_sampled_range,II,101,87.5,runs/yin_latest_vgg_20260927/transfer/results/r21vgg2k_vgg16_bn_s42/faces_cfdWM64/objects/results.csv,II
noaa,VGG2k / no AA,r21vgg2k_vgg16_bn_s42,face_transfer,124,two_cross,CFD WM64,Objects,0.36,0.38,50,within_sampled_range,II,102,87.5,runs/yin_latest_vgg_20260927/transfer/results/r21vgg2k_vgg16_bn_s42/faces_cfdWM64/objects/results.csv,II
noaa,VGG2k / no AA,r21vgg2k_vgg16_bn_s42,face_transfer,124,two_cross,CFD WM64,Objects,0.36,0.38,50,within_sampled_range,II,103,87.5,runs/yin_latest_vgg_20260927/transfer/results/r21vgg2k_vgg16_bn_s42/faces_cfdWM64/objects/results.csv,II
noaa,VGG2k / no AA,r21vgg2k_vgg16_bn_s42,face_transfer,124,two_cross,CFD WM64,Objects,0.36,0.38,50,within_sampled_range,II,104,100.0,runs/yin_latest_vgg_20260927/transfer/results/r21vgg2k_vgg16_bn_s42/faces_cfdWM64/objects/results.csv,II
noaa,VGG2k / no AA,r21vgg2k_vgg16_bn_s42,face_transfer,124,two_cross,CFD WM64,Objects,0.36,0.38,50,within_sampled_range,II,105,95.83333333333334,runs/yin_latest_vgg_20260927/transfer/results/r21vgg2k_vgg16_bn_s42/faces_cfdWM64/objects/results.csv,II
noaa,VGG2k / no AA,r21vgg2k_vgg16_bn_s42,face_transfer,124,two_cross,CFD WM64,Objects,0.36,0.38,50,within_sampled_range,II,106,87.5,runs/yin_latest_vgg_20260927/transfer/results/r21vgg2k_vgg16_bn_s42/faces_cfdWM64/objects/results.csv,II
noaa,VGG2k / no AA,r21vgg2k_vgg16_bn_s42,face_transfer,124,two_cross,CFD WM64,Objects,0.36,0.38,50,within_sampled_range,II,107,95.83333333333334,runs/yin_latest_vgg_20260927/transfer/results/r21vgg2k_vgg16_bn_s42/faces_cfdWM64/objects/results.csv,II
noaa,VGG2k / no AA,r21vgg2k_vgg16_bn_s42,face_transfer,124,two_cross,CFD WM64,Objects,0.36,0.38,50,within_sampled_range,II,108,100.0,runs/yin_latest_vgg_20260927/transfer/results/r21vgg2k_vgg16_bn_s42/faces_cfdWM64/objects/results.csv,II
noaa,VGG2k / no AA,r21vgg2k_vgg16_bn_s42,face_transfer,124,two_cross,CFD WM64,Objects,0.36,0.38,50,within_sampled_range,II,109,83.33333333333334,runs/yin_latest_vgg_20260927/transfer/results/r21vgg2k_vgg16_bn_s42/faces_cfdWM64/objects/results.csv,II
noaa,VGG2k / no AA,r21vgg2k_vgg16_bn_s42,face_transfer,124,two_cross,CFD WM64,Objects,0.36,0.38,50,within_sampled_range,II,110,87.5,runs/yin_latest_vgg_20260927/transfer/results/r21vgg2k_vgg16_bn_s42/faces_cfdWM64/objects/results.csv,II
noaa,VGG2k / no AA,r21vgg2k_vgg16_bn_s42,face_transfer,124,two_cross,CFD WM64,Objects,0.36,0.38,50,within_sampled_range,II,111,91.66666666666666,runs/yin_latest_vgg_20260927/transfer/results/r21vgg2k_vgg16_bn_s42/faces_cfdWM64/objects/results.csv,II
noaa,VGG2k / no AA,r21vgg2k_vgg16_bn_s42,face_transfer,124,two_cross,CFD WM64,Objects,0.36,0.38,50,within_sampled_range,II,112,83.33333333333334,runs/yin_latest_vgg_20260927/transfer/results/r21vgg2k_vgg16_bn_s42/faces_cfdWM64/objects/results.csv,II
noaa,VGG2k / no AA,r21vgg2k_vgg16_bn_s42,face_transfer,124,two_cross,CFD WM64,Objects,0.36,0.38,50,within_sampled_range,II,113,91.66666666666666,runs/yin_latest_vgg_20260927/transfer/results/r21vgg2k_vgg16_bn_s42/faces_cfdWM64/objects/results.csv,II
noaa,VGG2k / no AA,r21vgg2k_vgg16_bn_s42,face_transfer,124,two_cross,CFD WM64,Objects,0.36,0.38,50,within_sampled_range,II,114,95.83333333333334,runs/yin_latest_vgg_20260927/transfer/results/r21vgg2k_vgg16_bn_s42/faces_cfdWM64/objects/results.csv,II
noaa,VGG2k / no AA,r21vgg2k_vgg16_bn_s42,face_transfer,124,two_cross,CFD WM64,Objects,0.36,0.38,50,within_sampled_range,II,115,91.66666666666666,runs/yin_latest_vgg_20260927/transfer/results/r21vgg2k_vgg16_bn_s42/faces_cfdWM64/objects/results.csv,II
noaa,VGG2k / no AA,r21vgg2k_vgg16_bn_s42,face_transfer,124,two_cross,CFD WM64,Objects,0.36,0.38,50,within_sampled_range,II,116,95.83333333333334,runs/yin_latest_vgg_20260927/transfer/results/r21vgg2k_vgg16_bn_s42/faces_cfdWM64/objects/results.csv,II
noaa,VGG2k / no AA,r21vgg2k_vgg16_bn_s42,face_transfer,124,two_cross,CFD WM64,Objects,0.36,0.38,50,within_sampled_range,II,117,83.33333333333334,runs/yin_latest_vgg_20260927/transfer/results/r21vgg2k_vgg16_bn_s42/faces_cfdWM64/objects/results.csv,II
noaa,VGG2k / no AA,r21vgg2k_vgg16_bn_s42,face_transfer,124,two_cross,CFD WM64,Objects,0.36,0.38,50,within_sampled_range,II,118,95.83333333333334,runs/yin_latest_vgg_20260927/transfer/results/r21vgg2k_vgg16_bn_s42/faces_cfdWM64/objects/results.csv,II
noaa,VGG2k / no AA,r21vgg2k_vgg16_bn_s42,face_transfer,124,two_cross,CFD WM64,Objects,0.36,0.38,50,within_sampled_range,II,119,95.83333333333334,runs/yin_latest_vgg_20260927/transfer/results/r21vgg2k_vgg16_bn_s42/faces_cfdWM64/objects/results.csv,II
noaa,VGG2k / no AA,r21vgg2k_vgg16_bn_s42,face_transfer,124,two_cross,CFD WM64,Objects,0.36,0.38,50,within_sampled_range,II,120,95.83333333333334,runs/yin_latest_vgg_20260927/transfer/results/r21vgg2k_vgg16_bn_s42/faces_cfdWM64/objects/results.csv,II
noaa,VGG2k / no AA,r21vgg2k_vgg16_bn_s42,face_transfer,124,two_cross,CFD WM64,Objects,0.36,0.38,50,within_sampled_range,II,121,91.66666666666666,runs/yin_latest_vgg_20260927/transfer/results/r21vgg2k_vgg16_bn_s42/faces_cfdWM64/objects/results.csv,II
noaa,VGG2k / no AA,r21vgg2k_vgg16_bn_s42,face_transfer,124,two_cross,CFD WM64,Objects,0.36,0.38,50,within_sampled_range,II,122,91.66666666666666,runs/yin_latest_vgg_20260927/transfer/results/r21vgg2k_vgg16_bn_s42/faces_cfdWM64/objects/results.csv,II
noaa,VGG2k / no AA,r21vgg2k_vgg16_bn_s42,face_transfer,124,two_cross,CFD WM64,Objects,0.36,0.38,50,within_sampled_range,II,123,91.66666666666666,runs/yin_latest_vgg_20260927/transfer/results/r21vgg2k_vgg16_bn_s42/faces_cfdWM64/objects/results.csv,II
noaa,VGG2k / no AA,r21vgg2k_vgg16_bn_s42,face_transfer,124,two_cross,CFD WM64,Objects,0.36,0.38,50,within_sampled_range,II,124,87.5,runs/yin_latest_vgg_20260927/transfer/results/r21vgg2k_vgg16_bn_s42/faces_cfdWM64/objects/results.csv,II
noaa,VGG2k / no AA,r21vgg2k_vgg16_bn_s42,face_transfer,124,two_cross,CFD WM64,Objects,0.36,0.38,50,within_sampled_range,II,125,87.5,runs/yin_latest_vgg_20260927/transfer/results/r21vgg2k_vgg16_bn_s42/faces_cfdWM64/objects/results.csv,II
noaa,VGG2k / no AA,r21vgg2k_vgg16_bn_s42,face_transfer,124,two_cross,CFD WM64,Objects,0.36,0.38,50,within_sampled_range,II,126,95.83333333333334,runs/yin_latest_vgg_20260927/transfer/results/r21vgg2k_vgg16_bn_s42/faces_cfdWM64/objects/results.csv,II
noaa,VGG2k / no AA,r21vgg2k_vgg16_bn_s42,face_transfer,124,two_cross,CFD WM64,Objects,0.36,0.38,50,within_sampled_range,II,127,83.33333333333334,runs/yin_latest_vgg_20260927/transfer/results/r21vgg2k_vgg16_bn_s42/faces_cfdWM64/objects/results.csv,II
noaa,VGG2k / no AA,r21vgg2k_vgg16_bn_s42,face_transfer,124,two_cross,CFD WM64,Objects,0.36,0.38,50,within_sampled_range,II,128,87.5,runs/yin_latest_vgg_20260927/transfer/results/r21vgg2k_vgg16_bn_s42/faces_cfdWM64/objects/results.csv,II
noaa,VGG2k / no AA,r21vgg2k_vgg16_bn_s42,face_transfer,124,two_cross,CFD WM64,Objects,0.36,0.38,50,within_sampled_range,II,129,95.83333333333334,runs/yin_latest_vgg_20260927/transfer/results/r21vgg2k_vgg16_bn_s42/faces_cfdWM64/objects/results.csv,II
noaa,VGG2k / no AA,r21vgg2k_vgg16_bn_s42,face_transfer,124,two_cross,CFD WM64,Objects,0.36,0.38,50,within_sampled_range,II,130,100.0,runs/yin_latest_vgg_20260927/transfer/results/r21vgg2k_vgg16_bn_s42/faces_cfdWM64/objects/results.csv,II
noaa,VGG2k / no AA,r21vgg2k_vgg16_bn_s42,face_transfer,124,two_cross,CFD WM64,Objects,0.36,0.38,50,within_sampled_range,II,131,79.16666666666666,runs/yin_latest_vgg_20260927/transfer/results/r21vgg2k_vgg16_bn_s42/faces_cfdWM64/objects/results.csv,II
noaa,VGG2k / no AA,r21vgg2k_vgg16_bn_s42,face_transfer,124,two_cross,CFD WM64,Objects,0.36,0.38,50,within_sampled_range,II,132,83.33333333333334,runs/yin_latest_vgg_20260927/transfer/results/r21vgg2k_vgg16_bn_s42/faces_cfdWM64/objects/results.csv,II
noaa,VGG2k / no AA,r21vgg2k_vgg16_bn_s42,face_transfer,124,two_cross,CFD WM64,Objects,0.36,0.38,50,within_sampled_range,II,133,95.83333333333334,runs/yin_latest_vgg_20260927/transfer/results/r21vgg2k_vgg16_bn_s42/faces_cfdWM64/objects/results.csv,II
noaa,VGG2k / no AA,r21vgg2k_vgg16_bn_s42,face_transfer,124,two_cross,CFD WM64,Objects,0.36,0.38,50,within_sampled_range,II,134,91.66666666666666,runs/yin_latest_vgg_20260927/transfer/results/r21vgg2k_vgg16_bn_s42/faces_cfdWM64/objects/results.csv,II
noaa,VGG2k / no AA,r21vgg2k_vgg16_bn_s42,face_transfer,124,two_cross,CFD WM64,Objects,0.36,0.38,50,within_sampled_range,II,135,87.5,runs/yin_latest_vgg_20260927/transfer/results/r21vgg2k_vgg16_bn_s42/faces_cfdWM64/objects/results.csv,II
noaa,VGG2k / no AA,r21vgg2k_vgg16_bn_s42,face_transfer,124,two_cross,CFD WM64,Objects,0.36,0.38,50,within_sampled_range,II,136,91.66666666666666,runs/yin_latest_vgg_20260927/transfer/results/r21vgg2k_vgg16_bn_s42/faces_cfdWM64/objects/results.csv,II
noaa,VGG2k / no AA,r21vgg2k_vgg16_bn_s42,face_transfer,124,two_cross,CFD WM64,Objects,0.36,0.38,50,within_sampled_range,II,137,100.0,runs/yin_latest_vgg_20260927/transfer/results/r21vgg2k_vgg16_bn_s42/faces_cfdWM64/objects/results.csv,II
noaa,VGG2k / no AA,r21vgg2k_vgg16_bn_s42,face_transfer,124,two_cross,CFD WM64,Objects,0.36,0.38,50,within_sampled_range,II,138,91.66666666666666,runs/yin_latest_vgg_20260927/transfer/results/r21vgg2k_vgg16_bn_s42/faces_cfdWM64/objects/results.csv,II
noaa,VGG2k / no AA,r21vgg2k_vgg16_bn_s42,face_transfer,124,two_cross,CFD WM64,Objects,0.36,0.38,50,within_sampled_range,II,139,79.16666666666666,runs/yin_latest_vgg_20260927/transfer/results/r21vgg2k_vgg16_bn_s42/faces_cfdWM64/objects/results.csv,II
noaa,VGG2k / no AA,r21vgg2k_vgg16_bn_s42,face_transfer,124,two_cross,CFD WM64,Objects,0.36,0.38,50,within_sampled_range,II,140,91.66666666666666,runs/yin_latest_vgg_20260927/transfer/results/r21vgg2k_vgg16_bn_s42/faces_cfdWM64/objects/results.csv,II
noaa,VGG2k / no AA,r21vgg2k_vgg16_bn_s42,face_transfer,124,two_cross,CFD WM64,Objects,0.36,0.38,50,within_sampled_range,II,141,87.5,runs/yin_latest_vgg_20260927/transfer/results/r21vgg2k_vgg16_bn_s42/faces_cfdWM64/objects/results.csv,II
noaa,VGG2k / no AA,r21vgg2k_vgg16_bn_s42,face_transfer,124,two_cross,CFD WM64,Objects,0.36,0.38,50,within_sampled_range,II,142,91.66666666666666,runs/yin_latest_vgg_20260927/transfer/results/r21vgg2k_vgg16_bn_s42/faces_cfdWM64/objects/results.csv,II
noaa,VGG2k / no AA,r21vgg2k_vgg16_bn_s42,face_transfer,124,two_cross,CFD WM64,Objects,0.36,0.38,50,within_sampled_range,II,143,87.5,runs/yin_latest_vgg_20260927/transfer/results/r21vgg2k_vgg16_bn_s42/faces_cfdWM64/objects/results.csv,II
noaa,VGG2k / no AA,r21vgg2k_vgg16_bn_s42,face_transfer,124,two_cross,CFD WM64,Objects,0.36,0.38,50,within_sampled_range,II,144,91.66666666666666,runs/yin_latest_vgg_20260927/transfer/results/r21vgg2k_vgg16_bn_s42/faces_cfdWM64/objects/results.csv,II
noaa,VGG2k / no AA,r21vgg2k_vgg16_bn_s42,face_transfer,124,two_cross,CFD WM64,Objects,0.36,0.38,50,within_sampled_range,II,145,95.83333333333334,runs/yin_latest_vgg_20260927/transfer/results/r21vgg2k_vgg16_bn_s42/faces_cfdWM64/objects/results.csv,II
noaa,VGG2k / no AA,r21vgg2k_vgg16_bn_s42,face_transfer,124,two_cross,CFD WM64,Objects,0.36,0.38,50,within_sampled_range,II,146,91.66666666666666,runs/yin_latest_vgg_20260927/transfer/results/r21vgg2k_vgg16_bn_s42/faces_cfdWM64/objects/results.csv,II
noaa,VGG2k / no AA,r21vgg2k_vgg16_bn_s42,face_transfer,124,two_cross,CFD WM64,Objects,0.36,0.38,50,within_sampled_range,II,147,91.66666666666666,runs/yin_latest_vgg_20260927/transfer/results/r21vgg2k_vgg16_bn_s42/faces_cfdWM64/objects/results.csv,II
noaa,VGG2k / no AA,r21vgg2k_vgg16_bn_s42,face_transfer,124,two_cross,CFD WM64,Objects,0.36,0.38,50,within_sampled_range,II,148,87.5,runs/yin_latest_vgg_20260927/transfer/results/r21vgg2k_vgg16_bn_s42/faces_cfdWM64/objects/results.csv,II
noaa,VGG2k / no AA,r21vgg2k_vgg16_bn_s42,face_transfer,124,two_cross,CFD WM64,Objects,0.36,0.38,50,within_sampled_range,II,149,91.66666666666666,runs/yin_latest_vgg_20260927/transfer/results/r21vgg2k_vgg16_bn_s42/faces_cfdWM64/objects/results.csv,II
noaa,VGG2k / no AA,r21vgg2k_vgg16_bn_s42,face_transfer,124,two_cross,CFD WM64,Objects,0.36,0.38,50,within_sampled_range,II,150,100.0,runs/yin_latest_vgg_20260927/transfer/results/r21vgg2k_vgg16_bn_s42/faces_cfdWM64/objects/results.csv,II
noaa,VGG2k / no AA,r21vgg2k_vgg16_bn_s42,face_transfer,124,two_cross,CFD WM64,Objects,0.36,0.38,50,within_sampled_range,UI,101,87.5,runs/yin_latest_vgg_20260927/transfer/results/r21vgg2k_vgg16_bn_s42/faces_cfdWM64/objects/results.csv,UI_cross
noaa,VGG2k / no AA,r21vgg2k_vgg16_bn_s42,face_transfer,124,two_cross,CFD WM64,Objects,0.36,0.38,50,within_sampled_range,UI,102,87.5,runs/yin_latest_vgg_20260927/transfer/results/r21vgg2k_vgg16_bn_s42/faces_cfdWM64/objects/results.csv,UI_cross
noaa,VGG2k / no AA,r21vgg2k_vgg16_bn_s42,face_transfer,124,two_cross,CFD WM64,Objects,0.36,0.38,50,within_sampled_range,UI,103,87.5,runs/yin_latest_vgg_20260927/transfer/results/r21vgg2k_vgg16_bn_s42/faces_cfdWM64/objects/results.csv,UI_cross
noaa,VGG2k / no AA,r21vgg2k_vgg16_bn_s42,face_transfer,124,two_cross,CFD WM64,Objects,0.36,0.38,50,within_sampled_range,UI,104,91.66666666666666,runs/yin_latest_vgg_20260927/transfer/results/r21vgg2k_vgg16_bn_s42/faces_cfdWM64/objects/results.csv,UI_cross
noaa,VGG2k / no AA,r21vgg2k_vgg16_bn_s42,face_transfer,124,two_cross,CFD WM64,Objects,0.36,0.38,50,within_sampled_range,UI,105,100.0,runs/yin_latest_vgg_20260927/transfer/results/r21vgg2k_vgg16_bn_s42/faces_cfdWM64/objects/results.csv,UI_cross
noaa,VGG2k / no AA,r21vgg2k_vgg16_bn_s42,face_transfer,124,two_cross,CFD WM64,Objects,0.36,0.38,50,within_sampled_range,UI,106,95.83333333333334,runs/yin_latest_vgg_20260927/transfer/results/r21vgg2k_vgg16_bn_s42/faces_cfdWM64/objects/results.csv,UI_cross
noaa,VGG2k / no AA,r21vgg2k_vgg16_bn_s42,face_transfer,124,two_cross,CFD WM64,Objects,0.36,0.38,50,within_sampled_range,UI,107,91.66666666666666,runs/yin_latest_vgg_20260927/transfer/results/r21vgg2k_vgg16_bn_s42/faces_cfdWM64/objects/results.csv,UI_cross
noaa,VGG2k / no AA,r21vgg2k_vgg16_bn_s42,face_transfer,124,two_cross,CFD WM64,Objects,0.36,0.38,50,within_sampled_range,UI,108,91.66666666666666,runs/yin_latest_vgg_20260927/transfer/results/r21vgg2k_vgg16_bn_s42/faces_cfdWM64/objects/results.csv,UI_cross
noaa,VGG2k / no AA,r21vgg2k_vgg16_bn_s42,face_transfer,124,two_cross,CFD WM64,Objects,0.36,0.38,50,within_sampled_range,UI,109,83.33333333333334,runs/yin_latest_vgg_20260927/transfer/results/r21vgg2k_vgg16_bn_s42/faces_cfdWM64/objects/results.csv,UI_cross
noaa,VGG2k / no AA,r21vgg2k_vgg16_bn_s42,face_transfer,124,two_cross,CFD WM64,Objects,0.36,0.38,50,within_sampled_range,UI,110,91.66666666666666,runs/yin_latest_vgg_20260927/transfer/results/r21vgg2k_vgg16_bn_s42/faces_cfdWM64/objects/results.csv,UI_cross
noaa,VGG2k / no AA,r21vgg2k_vgg16_bn_s42,face_transfer,124,two_cross,CFD WM64,Objects,0.36,0.38,50,within_sampled_range,UI,111,95.83333333333334,runs/yin_latest_vgg_20260927/transfer/results/r21vgg2k_vgg16_bn_s42/faces_cfdWM64/objects/results.csv,UI_cross
noaa,VGG2k / no AA,r21vgg2k_vgg16_bn_s42,face_transfer,124,two_cross,CFD WM64,Objects,0.36,0.38,50,within_sampled_range,UI,112,87.5,runs/yin_latest_vgg_20260927/transfer/results/r21vgg2k_vgg16_bn_s42/faces_cfdWM64/objects/results.csv,UI_cross
noaa,VGG2k / no AA,r21vgg2k_vgg16_bn_s42,face_transfer,124,two_cross,CFD WM64,Objects,0.36,0.38,50,within_sampled_range,UI,113,91.66666666666666,runs/yin_latest_vgg_20260927/transfer/results/r21vgg2k_vgg16_bn_s42/faces_cfdWM64/objects/results.csv,UI_cross
noaa,VGG2k / no AA,r21vgg2k_vgg16_bn_s42,face_transfer,124,two_cross,CFD WM64,Objects,0.36,0.38,50,within_sampled_range,UI,114,91.66666666666666,runs/yin_latest_vgg_20260927/transfer/results/r21vgg2k_vgg16_bn_s42/faces_cfdWM64/objects/results.csv,UI_cross
noaa,VGG2k / no AA,r21vgg2k_vgg16_bn_s42,face_transfer,124,two_cross,CFD WM64,Objects,0.36,0.38,50,within_sampled_range,UI,115,95.83333333333334,runs/yin_latest_vgg_20260927/transfer/results/r21vgg2k_vgg16_bn_s42/faces_cfdWM64/objects/results.csv,UI_cross
noaa,VGG2k / no AA,r21vgg2k_vgg16_bn_s42,face_transfer,124,two_cross,CFD WM64,Objects,0.36,0.38,50,within_sampled_range,UI,116,91.66666666666666,runs/yin_latest_vgg_20260927/transfer/results/r21vgg2k_vgg16_bn_s42/faces_cfdWM64/objects/results.csv,UI_cross
noaa,VGG2k / no AA,r21vgg2k_vgg16_bn_s42,face_transfer,124,two_cross,CFD WM64,Objects,0.36,0.38,50,within_sampled_range,UI,117,87.5,runs/yin_latest_vgg_20260927/transfer/results/r21vgg2k_vgg16_bn_s42/faces_cfdWM64/objects/results.csv,UI_cross
noaa,VGG2k / no AA,r21vgg2k_vgg16_bn_s42,face_transfer,124,two_cross,CFD WM64,Objects,0.36,0.38,50,within_sampled_range,UI,118,91.66666666666666,runs/yin_latest_vgg_20260927/transfer/results/r21vgg2k_vgg16_bn_s42/faces_cfdWM64/objects/results.csv,UI_cross
noaa,VGG2k / no AA,r21vgg2k_vgg16_bn_s42,face_transfer,124,two_cross,CFD WM64,Objects,0.36,0.38,50,within_sampled_range,UI,119,95.83333333333334,runs/yin_latest_vgg_20260927/transfer/results/r21vgg2k_vgg16_bn_s42/faces_cfdWM64/objects/results.csv,UI_cross
noaa,VGG2k / no AA,r21vgg2k_vgg16_bn_s42,face_transfer,124,two_cross,CFD WM64,Objects,0.36,0.38,50,within_sampled_range,UI,120,91.66666666666666,runs/yin_latest_vgg_20260927/transfer/results/r21vgg2k_vgg16_bn_s42/faces_cfdWM64/objects/results.csv,UI_cross
noaa,VGG2k / no AA,r21vgg2k_vgg16_bn_s42,face_transfer,124,two_cross,CFD WM64,Objects,0.36,0.38,50,within_sampled_range,UI,121,87.5,runs/yin_latest_vgg_20260927/transfer/results/r21vgg2k_vgg16_bn_s42/faces_cfdWM64/objects/results.csv,UI_cross
noaa,VGG2k / no AA,r21vgg2k_vgg16_bn_s42,face_transfer,124,two_cross,CFD WM64,Objects,0.36,0.38,50,within_sampled_range,UI,122,87.5,runs/yin_latest_vgg_20260927/transfer/results/r21vgg2k_vgg16_bn_s42/faces_cfdWM64/objects/results.csv,UI_cross
noaa,VGG2k / no AA,r21vgg2k_vgg16_bn_s42,face_transfer,124,two_cross,CFD WM64,Objects,0.36,0.38,50,within_sampled_range,UI,123,75.0,runs/yin_latest_vgg_20260927/transfer/results/r21vgg2k_vgg16_bn_s42/faces_cfdWM64/objects/results.csv,UI_cross
noaa,VGG2k / no AA,r21vgg2k_vgg16_bn_s42,face_transfer,124,two_cross,CFD WM64,Objects,0.36,0.38,50,within_sampled_range,UI,124,91.66666666666666,runs/yin_latest_vgg_20260927/transfer/results/r21vgg2k_vgg16_bn_s42/faces_cfdWM64/objects/results.csv,UI_cross
noaa,VGG2k / no AA,r21vgg2k_vgg16_bn_s42,face_transfer,124,two_cross,CFD WM64,Objects,0.36,0.38,50,within_sampled_range,UI,125,100.0,runs/yin_latest_vgg_20260927/transfer/results/r21vgg2k_vgg16_bn_s42/faces_cfdWM64/objects/results.csv,UI_cross
noaa,VGG2k / no AA,r21vgg2k_vgg16_bn_s42,face_transfer,124,two_cross,CFD WM64,Objects,0.36,0.38,50,within_sampled_range,UI,126,100.0,runs/yin_latest_vgg_20260927/transfer/results/r21vgg2k_vgg16_bn_s42/faces_cfdWM64/objects/results.csv,UI_cross
noaa,VGG2k / no AA,r21vgg2k_vgg16_bn_s42,face_transfer,124,two_cross,CFD WM64,Objects,0.36,0.38,50,within_sampled_range,UI,127,87.5,runs/yin_latest_vgg_20260927/transfer/results/r21vgg2k_vgg16_bn_s42/faces_cfdWM64/objects/results.csv,UI_cross
noaa,VGG2k / no AA,r21vgg2k_vgg16_bn_s42,face_transfer,124,two_cross,CFD WM64,Objects,0.36,0.38,50,within_sampled_range,UI,128,91.66666666666666,runs/yin_latest_vgg_20260927/transfer/results/r21vgg2k_vgg16_bn_s42/faces_cfdWM64/objects/results.csv,UI_cross
noaa,VGG2k / no AA,r21vgg2k_vgg16_bn_s42,face_transfer,124,two_cross,CFD WM64,Objects,0.36,0.38,50,within_sampled_range,UI,129,95.83333333333334,runs/yin_latest_vgg_20260927/transfer/results/r21vgg2k_vgg16_bn_s42/faces_cfdWM64/objects/results.csv,UI_cross
noaa,VGG2k / no AA,r21vgg2k_vgg16_bn_s42,face_transfer,124,two_cross,CFD WM64,Objects,0.36,0.38,50,within_sampled_range,UI,130,100.0,runs/yin_latest_vgg_20260927/transfer/results/r21vgg2k_vgg16_bn_s42/faces_cfdWM64/objects/results.csv,UI_cross
noaa,VGG2k / no AA,r21vgg2k_vgg16_bn_s42,face_transfer,124,two_cross,CFD WM64,Objects,0.36,0.38,50,within_sampled_range,UI,131,91.66666666666666,runs/yin_latest_vgg_20260927/transfer/results/r21vgg2k_vgg16_bn_s42/faces_cfdWM64/objects/results.csv,UI_cross
noaa,VGG2k / no AA,r21vgg2k_vgg16_bn_s42,face_transfer,124,two_cross,CFD WM64,Objects,0.36,0.38,50,within_sampled_range,UI,132,79.16666666666666,runs/yin_latest_vgg_20260927/transfer/results/r21vgg2k_vgg16_bn_s42/faces_cfdWM64/objects/results.csv,UI_cross
noaa,VGG2k / no AA,r21vgg2k_vgg16_bn_s42,face_transfer,124,two_cross,CFD WM64,Objects,0.36,0.38,50,within_sampled_range,UI,133,79.16666666666666,runs/yin_latest_vgg_20260927/transfer/results/r21vgg2k_vgg16_bn_s42/faces_cfdWM64/objects/results.csv,UI_cross
noaa,VGG2k / no AA,r21vgg2k_vgg16_bn_s42,face_transfer,124,two_cross,CFD WM64,Objects,0.36,0.38,50,within_sampled_range,UI,134,100.0,runs/yin_latest_vgg_20260927/transfer/results/r21vgg2k_vgg16_bn_s42/faces_cfdWM64/objects/results.csv,UI_cross
noaa,VGG2k / no AA,r21vgg2k_vgg16_bn_s42,face_transfer,124,two_cross,CFD WM64,Objects,0.36,0.38,50,within_sampled_range,UI,135,87.5,runs/yin_latest_vgg_20260927/transfer/results/r21vgg2k_vgg16_bn_s42/faces_cfdWM64/objects/results.csv,UI_cross
noaa,VGG2k / no AA,r21vgg2k_vgg16_bn_s42,face_transfer,124,two_cross,CFD WM64,Objects,0.36,0.38,50,within_sampled_range,UI,136,91.66666666666666,runs/yin_latest_vgg_20260927/transfer/results/r21vgg2k_vgg16_bn_s42/faces_cfdWM64/objects/results.csv,UI_cross
noaa,VGG2k / no AA,r21vgg2k_vgg16_bn_s42,face_transfer,124,two_cross,CFD WM64,Objects,0.36,0.38,50,within_sampled_range,UI,137,87.5,runs/yin_latest_vgg_20260927/transfer/results/r21vgg2k_vgg16_bn_s42/faces_cfdWM64/objects/results.csv,UI_cross
noaa,VGG2k / no AA,r21vgg2k_vgg16_bn_s42,face_transfer,124,two_cross,CFD WM64,Objects,0.36,0.38,50,within_sampled_range,UI,138,87.5,runs/yin_latest_vgg_20260927/transfer/results/r21vgg2k_vgg16_bn_s42/faces_cfdWM64/objects/results.csv,UI_cross
noaa,VGG2k / no AA,r21vgg2k_vgg16_bn_s42,face_transfer,124,two_cross,CFD WM64,Objects,0.36,0.38,50,within_sampled_range,UI,139,83.33333333333334,runs/yin_latest_vgg_20260927/transfer/results/r21vgg2k_vgg16_bn_s42/faces_cfdWM64/objects/results.csv,UI_cross
noaa,VGG2k / no AA,r21vgg2k_vgg16_bn_s42,face_transfer,124,two_cross,CFD WM64,Objects,0.36,0.38,50,within_sampled_range,UI,140,91.66666666666666,runs/yin_latest_vgg_20260927/transfer/results/r21vgg2k_vgg16_bn_s42/faces_cfdWM64/objects/results.csv,UI_cross
noaa,VGG2k / no AA,r21vgg2k_vgg16_bn_s42,face_transfer,124,two_cross,CFD WM64,Objects,0.36,0.38,50,within_sampled_range,UI,141,87.5,runs/yin_latest_vgg_20260927/transfer/results/r21vgg2k_vgg16_bn_s42/faces_cfdWM64/objects/results.csv,UI_cross
noaa,VGG2k / no AA,r21vgg2k_vgg16_bn_s42,face_transfer,124,two_cross,CFD WM64,Objects,0.36,0.38,50,within_sampled_range,UI,142,79.16666666666666,runs/yin_latest_vgg_20260927/transfer/results/r21vgg2k_vgg16_bn_s42/faces_cfdWM64/objects/results.csv,UI_cross
noaa,VGG2k / no AA,r21vgg2k_vgg16_bn_s42,face_transfer,124,two_cross,CFD WM64,Objects,0.36,0.38,50,within_sampled_range,UI,143,95.83333333333334,runs/yin_latest_vgg_20260927/transfer/results/r21vgg2k_vgg16_bn_s42/faces_cfdWM64/objects/results.csv,UI_cross
noaa,VGG2k / no AA,r21vgg2k_vgg16_bn_s42,face_transfer,124,two_cross,CFD WM64,Objects,0.36,0.38,50,within_sampled_range,UI,144,87.5,runs/yin_latest_vgg_20260927/transfer/results/r21vgg2k_vgg16_bn_s42/faces_cfdWM64/objects/results.csv,UI_cross
noaa,VGG2k / no AA,r21vgg2k_vgg16_bn_s42,face_transfer,124,two_cross,CFD WM64,Objects,0.36,0.38,50,within_sampled_range,UI,145,91.66666666666666,runs/yin_latest_vgg_20260927/transfer/results/r21vgg2k_vgg16_bn_s42/faces_cfdWM64/objects/results.csv,UI_cross
noaa,VGG2k / no AA,r21vgg2k_vgg16_bn_s42,face_transfer,124,two_cross,CFD WM64,Objects,0.36,0.38,50,within_sampled_range,UI,146,91.66666666666666,runs/yin_latest_vgg_20260927/transfer/results/r21vgg2k_vgg16_bn_s42/faces_cfdWM64/objects/results.csv,UI_cross
noaa,VGG2k / no AA,r21vgg2k_vgg16_bn_s42,face_transfer,124,two_cross,CFD WM64,Objects,0.36,0.38,50,within_sampled_range,UI,147,95.83333333333334,runs/yin_latest_vgg_20260927/transfer/results/r21vgg2k_vgg16_bn_s42/faces_cfdWM64/objects/results.csv,UI_cross
noaa,VGG2k / no AA,r21vgg2k_vgg16_bn_s42,face_transfer,124,two_cross,CFD WM64,Objects,0.36,0.38,50,within_sampled_range,UI,148,79.16666666666666,runs/yin_latest_vgg_20260927/transfer/results/r21vgg2k_vgg16_bn_s42/faces_cfdWM64/objects/results.csv,UI_cross
noaa,VGG2k / no AA,r21vgg2k_vgg16_bn_s42,face_transfer,124,two_cross,CFD WM64,Objects,0.36,0.38,50,within_sampled_range,UI,149,87.5,runs/yin_latest_vgg_20260927/transfer/results/r21vgg2k_vgg16_bn_s42/faces_cfdWM64/objects/results.csv,UI_cross
noaa,VGG2k / no AA,r21vgg2k_vgg16_bn_s42,face_transfer,124,two_cross,CFD WM64,Objects,0.36,0.38,50,within_sampled_range,UI,150,95.83333333333334,runs/yin_latest_vgg_20260927/transfer/results/r21vgg2k_vgg16_bn_s42/faces_cfdWM64/objects/results.csv,UI_cross
noaa,VGG2k / no AA,r21vgg2k_vgg16_bn_s42,face_transfer,124,two_cross,CFD WM64,Objects,0.36,0.38,50,within_sampled_range,IU,101,91.66666666666666,runs/yin_latest_vgg_20260927/transfer/results/r21vgg2k_vgg16_bn_s42/faces_cfdWM64/objects/results.csv,IU
noaa,VGG2k / no AA,r21vgg2k_vgg16_bn_s42,face_transfer,124,two_cross,CFD WM64,Objects,0.36,0.38,50,within_sampled_range,IU,102,95.83333333333334,runs/yin_latest_vgg_20260927/transfer/results/r21vgg2k_vgg16_bn_s42/faces_cfdWM64/objects/results.csv,IU
noaa,VGG2k / no AA,r21vgg2k_vgg16_bn_s42,face_transfer,124,two_cross,CFD WM64,Objects,0.36,0.38,50,within_sampled_range,IU,103,95.83333333333334,runs/yin_latest_vgg_20260927/transfer/results/r21vgg2k_vgg16_bn_s42/faces_cfdWM64/objects/results.csv,IU
noaa,VGG2k / no AA,r21vgg2k_vgg16_bn_s42,face_transfer,124,two_cross,CFD WM64,Objects,0.36,0.38,50,within_sampled_range,IU,104,87.5,runs/yin_latest_vgg_20260927/transfer/results/r21vgg2k_vgg16_bn_s42/faces_cfdWM64/objects/results.csv,IU
noaa,VGG2k / no AA,r21vgg2k_vgg16_bn_s42,face_transfer,124,two_cross,CFD WM64,Objects,0.36,0.38,50,within_sampled_range,IU,105,95.83333333333334,runs/yin_latest_vgg_20260927/transfer/results/r21vgg2k_vgg16_bn_s42/faces_cfdWM64/objects/results.csv,IU
noaa,VGG2k / no AA,r21vgg2k_vgg16_bn_s42,face_transfer,124,two_cross,CFD WM64,Objects,0.36,0.38,50,within_sampled_range,IU,106,91.66666666666666,runs/yin_latest_vgg_20260927/transfer/results/r21vgg2k_vgg16_bn_s42/faces_cfdWM64/objects/results.csv,IU
noaa,VGG2k / no AA,r21vgg2k_vgg16_bn_s42,face_transfer,124,two_cross,CFD WM64,Objects,0.36,0.38,50,within_sampled_range,IU,107,95.83333333333334,runs/yin_latest_vgg_20260927/transfer/results/r21vgg2k_vgg16_bn_s42/faces_cfdWM64/objects/results.csv,IU
noaa,VGG2k / no AA,r21vgg2k_vgg16_bn_s42,face_transfer,124,two_cross,CFD WM64,Objects,0.36,0.38,50,within_sampled_range,IU,108,87.5,runs/yin_latest_vgg_20260927/transfer/results/r21vgg2k_vgg16_bn_s42/faces_cfdWM64/objects/results.csv,IU
noaa,VGG2k / no AA,r21vgg2k_vgg16_bn_s42,face_transfer,124,two_cross,CFD WM64,Objects,0.36,0.38,50,within_sampled_range,IU,109,87.5,runs/yin_latest_vgg_20260927/transfer/results/r21vgg2k_vgg16_bn_s42/faces_cfdWM64/objects/results.csv,IU
noaa,VGG2k / no AA,r21vgg2k_vgg16_bn_s42,face_transfer,124,two_cross,CFD WM64,Objects,0.36,0.38,50,within_sampled_range,IU,110,95.83333333333334,runs/yin_latest_vgg_20260927/transfer/results/r21vgg2k_vgg16_bn_s42/faces_cfdWM64/objects/results.csv,IU
noaa,VGG2k / no AA,r21vgg2k_vgg16_bn_s42,face_transfer,124,two_cross,CFD WM64,Objects,0.36,0.38,50,within_sampled_range,IU,111,87.5,runs/yin_latest_vgg_20260927/transfer/results/r21vgg2k_vgg16_bn_s42/faces_cfdWM64/objects/results.csv,IU
noaa,VGG2k / no AA,r21vgg2k_vgg16_bn_s42,face_transfer,124,two_cross,CFD WM64,Objects,0.36,0.38,50,within_sampled_range,IU,112,75.0,runs/yin_latest_vgg_20260927/transfer/results/r21vgg2k_vgg16_bn_s42/faces_cfdWM64/objects/results.csv,IU
noaa,VGG2k / no AA,r21vgg2k_vgg16_bn_s42,face_transfer,124,two_cross,CFD WM64,Objects,0.36,0.38,50,within_sampled_range,IU,113,83.33333333333334,runs/yin_latest_vgg_20260927/transfer/results/r21vgg2k_vgg16_bn_s42/faces_cfdWM64/objects/results.csv,IU
noaa,VGG2k / no AA,r21vgg2k_vgg16_bn_s42,face_transfer,124,two_cross,CFD WM64,Objects,0.36,0.38,50,within_sampled_range,IU,114,83.33333333333334,runs/yin_latest_vgg_20260927/transfer/results/r21vgg2k_vgg16_bn_s42/faces_cfdWM64/objects/results.csv,IU
noaa,VGG2k / no AA,r21vgg2k_vgg16_bn_s42,face_transfer,124,two_cross,CFD WM64,Objects,0.36,0.38,50,within_sampled_range,IU,115,91.66666666666666,runs/yin_latest_vgg_20260927/transfer/results/r21vgg2k_vgg16_bn_s42/faces_cfdWM64/objects/results.csv,IU
noaa,VGG2k / no AA,r21vgg2k_vgg16_bn_s42,face_transfer,124,two_cross,CFD WM64,Objects,0.36,0.38,50,within_sampled_range,IU,116,91.66666666666666,runs/yin_latest_vgg_20260927/transfer/results/r21vgg2k_vgg16_bn_s42/faces_cfdWM64/objects/results.csv,IU
noaa,VGG2k / no AA,r21vgg2k_vgg16_bn_s42,face_transfer,124,two_cross,CFD WM64,Objects,0.36,0.38,50,within_sampled_range,IU,117,83.33333333333334,runs/yin_latest_vgg_20260927/transfer/results/r21vgg2k_vgg16_bn_s42/faces_cfdWM64/objects/results.csv,IU
noaa,VGG2k / no AA,r21vgg2k_vgg16_bn_s42,face_transfer,124,two_cross,CFD WM64,Objects,0.36,0.38,50,within_sampled_range,IU,118,100.0,runs/yin_latest_vgg_20260927/transfer/results/r21vgg2k_vgg16_bn_s42/faces_cfdWM64/objects/results.csv,IU
noaa,VGG2k / no AA,r21vgg2k_vgg16_bn_s42,face_transfer,124,two_cross,CFD WM64,Objects,0.36,0.38,50,within_sampled_range,IU,119,91.66666666666666,runs/yin_latest_vgg_20260927/transfer/results/r21vgg2k_vgg16_bn_s42/faces_cfdWM64/objects/results.csv,IU
noaa,VGG2k / no AA,r21vgg2k_vgg16_bn_s42,face_transfer,124,two_cross,CFD WM64,Objects,0.36,0.38,50,within_sampled_range,IU,120,100.0,runs/yin_latest_vgg_20260927/transfer/results/r21vgg2k_vgg16_bn_s42/faces_cfdWM64/objects/results.csv,IU
noaa,VGG2k / no AA,r21vgg2k_vgg16_bn_s42,face_transfer,124,two_cross,CFD WM64,Objects,0.36,0.38,50,within_sampled_range,IU,121,87.5,runs/yin_latest_vgg_20260927/transfer/results/r21vgg2k_vgg16_bn_s42/faces_cfdWM64/objects/results.csv,IU
noaa,VGG2k / no AA,r21vgg2k_vgg16_bn_s42,face_transfer,124,two_cross,CFD WM64,Objects,0.36,0.38,50,within_sampled_range,IU,122,95.83333333333334,runs/yin_latest_vgg_20260927/transfer/results/r21vgg2k_vgg16_bn_s42/faces_cfdWM64/objects/results.csv,IU
noaa,VGG2k / no AA,r21vgg2k_vgg16_bn_s42,face_transfer,124,two_cross,CFD WM64,Objects,0.36,0.38,50,within_sampled_range,IU,123,83.33333333333334,runs/yin_latest_vgg_20260927/transfer/results/r21vgg2k_vgg16_bn_s42/faces_cfdWM64/objects/results.csv,IU
noaa,VGG2k / no AA,r21vgg2k_vgg16_bn_s42,face_transfer,124,two_cross,CFD WM64,Objects,0.36,0.38,50,within_sampled_range,IU,124,91.66666666666666,runs/yin_latest_vgg_20260927/transfer/results/r21vgg2k_vgg16_bn_s42/faces_cfdWM64/objects/results.csv,IU
noaa,VGG2k / no AA,r21vgg2k_vgg16_bn_s42,face_transfer,124,two_cross,CFD WM64,Objects,0.36,0.38,50,within_sampled_range,IU,125,91.66666666666666,runs/yin_latest_vgg_20260927/transfer/results/r21vgg2k_vgg16_bn_s42/faces_cfdWM64/objects/results.csv,IU
noaa,VGG2k / no AA,r21vgg2k_vgg16_bn_s42,face_transfer,124,two_cross,CFD WM64,Objects,0.36,0.38,50,within_sampled_range,IU,126,91.66666666666666,runs/yin_latest_vgg_20260927/transfer/results/r21vgg2k_vgg16_bn_s42/faces_cfdWM64/objects/results.csv,IU
noaa,VGG2k / no AA,r21vgg2k_vgg16_bn_s42,face_transfer,124,two_cross,CFD WM64,Objects,0.36,0.38,50,within_sampled_range,IU,127,95.83333333333334,runs/yin_latest_vgg_20260927/transfer/results/r21vgg2k_vgg16_bn_s42/faces_cfdWM64/objects/results.csv,IU
noaa,VGG2k / no AA,r21vgg2k_vgg16_bn_s42,face_transfer,124,two_cross,CFD WM64,Objects,0.36,0.38,50,within_sampled_range,IU,128,79.16666666666666,runs/yin_latest_vgg_20260927/transfer/results/r21vgg2k_vgg16_bn_s42/faces_cfdWM64/objects/results.csv,IU
noaa,VGG2k / no AA,r21vgg2k_vgg16_bn_s42,face_transfer,124,two_cross,CFD WM64,Objects,0.36,0.38,50,within_sampled_range,IU,129,87.5,runs/yin_latest_vgg_20260927/transfer/results/r21vgg2k_vgg16_bn_s42/faces_cfdWM64/objects/results.csv,IU
noaa,VGG2k / no AA,r21vgg2k_vgg16_bn_s42,face_transfer,124,two_cross,CFD WM64,Objects,0.36,0.38,50,within_sampled_range,IU,130,91.66666666666666,runs/yin_latest_vgg_20260927/transfer/results/r21vgg2k_vgg16_bn_s42/faces_cfdWM64/objects/results.csv,IU
noaa,VGG2k / no AA,r21vgg2k_vgg16_bn_s42,face_transfer,124,two_cross,CFD WM64,Objects,0.36,0.38,50,within_sampled_range,IU,131,87.5,runs/yin_latest_vgg_20260927/transfer/results/r21vgg2k_vgg16_bn_s42/faces_cfdWM64/objects/results.csv,IU
noaa,VGG2k / no AA,r21vgg2k_vgg16_bn_s42,face_transfer,124,two_cross,CFD WM64,Objects,0.36,0.38,50,within_sampled_range,IU,132,87.5,runs/yin_latest_vgg_20260927/transfer/results/r21vgg2k_vgg16_bn_s42/faces_cfdWM64/objects/results.csv,IU
noaa,VGG2k / no AA,r21vgg2k_vgg16_bn_s42,face_transfer,124,two_cross,CFD WM64,Objects,0.36,0.38,50,within_sampled_range,IU,133,91.66666666666666,runs/yin_latest_vgg_20260927/transfer/results/r21vgg2k_vgg16_bn_s42/faces_cfdWM64/objects/results.csv,IU
noaa,VGG2k / no AA,r21vgg2k_vgg16_bn_s42,face_transfer,124,two_cross,CFD WM64,Objects,0.36,0.38,50,within_sampled_range,IU,134,91.66666666666666,runs/yin_latest_vgg_20260927/transfer/results/r21vgg2k_vgg16_bn_s42/faces_cfdWM64/objects/results.csv,IU
noaa,VGG2k / no AA,r21vgg2k_vgg16_bn_s42,face_transfer,124,two_cross,CFD WM64,Objects,0.36,0.38,50,within_sampled_range,IU,135,95.83333333333334,runs/yin_latest_vgg_20260927/transfer/results/r21vgg2k_vgg16_bn_s42/faces_cfdWM64/objects/results.csv,IU
noaa,VGG2k / no AA,r21vgg2k_vgg16_bn_s42,face_transfer,124,two_cross,CFD WM64,Objects,0.36,0.38,50,within_sampled_range,IU,136,79.16666666666666,runs/yin_latest_vgg_20260927/transfer/results/r21vgg2k_vgg16_bn_s42/faces_cfdWM64/objects/results.csv,IU
noaa,VGG2k / no AA,r21vgg2k_vgg16_bn_s42,face_transfer,124,two_cross,CFD WM64,Objects,0.36,0.38,50,within_sampled_range,IU,137,100.0,runs/yin_latest_vgg_20260927/transfer/results/r21vgg2k_vgg16_bn_s42/faces_cfdWM64/objects/results.csv,IU
noaa,VGG2k / no AA,r21vgg2k_vgg16_bn_s42,face_transfer,124,two_cross,CFD WM64,Objects,0.36,0.38,50,within_sampled_range,IU,138,83.33333333333334,runs/yin_latest_vgg_20260927/transfer/results/r21vgg2k_vgg16_bn_s42/faces_cfdWM64/objects/results.csv,IU
noaa,VGG2k / no AA,r21vgg2k_vgg16_bn_s42,face_transfer,124,two_cross,CFD WM64,Objects,0.36,0.38,50,within_sampled_range,IU,139,87.5,runs/yin_latest_vgg_20260927/transfer/results/r21vgg2k_vgg16_bn_s42/faces_cfdWM64/objects/results.csv,IU
noaa,VGG2k / no AA,r21vgg2k_vgg16_bn_s42,face_transfer,124,two_cross,CFD WM64,Objects,0.36,0.38,50,within_sampled_range,IU,140,87.5,runs/yin_latest_vgg_20260927/transfer/results/r21vgg2k_vgg16_bn_s42/faces_cfdWM64/objects/results.csv,IU
noaa,VGG2k / no AA,r21vgg2k_vgg16_bn_s42,face_transfer,124,two_cross,CFD WM64,Objects,0.36,0.38,50,within_sampled_range,IU,141,91.66666666666666,runs/yin_latest_vgg_20260927/transfer/results/r21vgg2k_vgg16_bn_s42/faces_cfdWM64/objects/results.csv,IU
noaa,VGG2k / no AA,r21vgg2k_vgg16_bn_s42,face_transfer,124,two_cross,CFD WM64,Objects,0.36,0.38,50,within_sampled_range,IU,142,100.0,runs/yin_latest_vgg_20260927/transfer/results/r21vgg2k_vgg16_bn_s42/faces_cfdWM64/objects/results.csv,IU
noaa,VGG2k / no AA,r21vgg2k_vgg16_bn_s42,face_transfer,124,two_cross,CFD WM64,Objects,0.36,0.38,50,within_sampled_range,IU,143,87.5,runs/yin_latest_vgg_20260927/transfer/results/r21vgg2k_vgg16_bn_s42/faces_cfdWM64/objects/results.csv,IU
noaa,VGG2k / no AA,r21vgg2k_vgg16_bn_s42,face_transfer,124,two_cross,CFD WM64,Objects,0.36,0.38,50,within_sampled_range,IU,144,87.5,runs/yin_latest_vgg_20260927/transfer/results/r21vgg2k_vgg16_bn_s42/faces_cfdWM64/objects/results.csv,IU
noaa,VGG2k / no AA,r21vgg2k_vgg16_bn_s42,face_transfer,124,two_cross,CFD WM64,Objects,0.36,0.38,50,within_sampled_range,IU,145,100.0,runs/yin_latest_vgg_20260927/transfer/results/r21vgg2k_vgg16_bn_s42/faces_cfdWM64/objects/results.csv,IU
noaa,VGG2k / no AA,r21vgg2k_vgg16_bn_s42,face_transfer,124,two_cross,CFD WM64,Objects,0.36,0.38,50,within_sampled_range,IU,146,91.66666666666666,runs/yin_latest_vgg_20260927/transfer/results/r21vgg2k_vgg16_bn_s42/faces_cfdWM64/objects/results.csv,IU
noaa,VGG2k / no AA,r21vgg2k_vgg16_bn_s42,face_transfer,124,two_cross,CFD WM64,Objects,0.36,0.38,50,within_sampled_range,IU,147,87.5,runs/yin_latest_vgg_20260927/transfer/results/r21vgg2k_vgg16_bn_s42/faces_cfdWM64/objects/results.csv,IU
noaa,VGG2k / no AA,r21vgg2k_vgg16_bn_s42,face_transfer,124,two_cross,CFD WM64,Objects,0.36,0.38,50,within_sampled_range,IU,148,83.33333333333334,runs/yin_latest_vgg_20260927/transfer/results/r21vgg2k_vgg16_bn_s42/faces_cfdWM64/objects/results.csv,IU
noaa,VGG2k / no AA,r21vgg2k_vgg16_bn_s42,face_transfer,124,two_cross,CFD WM64,Objects,0.36,0.38,50,within_sampled_range,IU,149,91.66666666666666,runs/yin_latest_vgg_20260927/transfer/results/r21vgg2k_vgg16_bn_s42/faces_cfdWM64/objects/results.csv,IU
noaa,VGG2k / no AA,r21vgg2k_vgg16_bn_s42,face_transfer,124,two_cross,CFD WM64,Objects,0.36,0.38,50,within_sampled_range,IU,150,91.66666666666666,runs/yin_latest_vgg_20260927/transfer/results/r21vgg2k_vgg16_bn_s42/faces_cfdWM64/objects/results.csv,IU
noaa,VGG2k / no AA,r21vgg2k_vgg16_bn_s42,face_transfer,124,two_shared_ui,CFD WM64,Objects,0.36,0.38,50,within_sampled_range,UU,101,100.0,runs/yin_latest_vgg_20260927/transfer/results/r21vgg2k_vgg16_bn_s42/faces_cfdWM64/objects/results.csv,UU
noaa,VGG2k / no AA,r21vgg2k_vgg16_bn_s42,face_transfer,124,two_shared_ui,CFD WM64,Objects,0.36,0.38,50,within_sampled_range,UU,102,91.66666666666666,runs/yin_latest_vgg_20260927/transfer/results/r21vgg2k_vgg16_bn_s42/faces_cfdWM64/objects/results.csv,UU
noaa,VGG2k / no AA,r21vgg2k_vgg16_bn_s42,face_transfer,124,two_shared_ui,CFD WM64,Objects,0.36,0.38,50,within_sampled_range,UU,103,91.66666666666666,runs/yin_latest_vgg_20260927/transfer/results/r21vgg2k_vgg16_bn_s42/faces_cfdWM64/objects/results.csv,UU
noaa,VGG2k / no AA,r21vgg2k_vgg16_bn_s42,face_transfer,124,two_shared_ui,CFD WM64,Objects,0.36,0.38,50,within_sampled_range,UU,104,95.83333333333334,runs/yin_latest_vgg_20260927/transfer/results/r21vgg2k_vgg16_bn_s42/faces_cfdWM64/objects/results.csv,UU
noaa,VGG2k / no AA,r21vgg2k_vgg16_bn_s42,face_transfer,124,two_shared_ui,CFD WM64,Objects,0.36,0.38,50,within_sampled_range,UU,105,87.5,runs/yin_latest_vgg_20260927/transfer/results/r21vgg2k_vgg16_bn_s42/faces_cfdWM64/objects/results.csv,UU
noaa,VGG2k / no AA,r21vgg2k_vgg16_bn_s42,face_transfer,124,two_shared_ui,CFD WM64,Objects,0.36,0.38,50,within_sampled_range,UU,106,95.83333333333334,runs/yin_latest_vgg_20260927/transfer/results/r21vgg2k_vgg16_bn_s42/faces_cfdWM64/objects/results.csv,UU
noaa,VGG2k / no AA,r21vgg2k_vgg16_bn_s42,face_transfer,124,two_shared_ui,CFD WM64,Objects,0.36,0.38,50,within_sampled_range,UU,107,95.83333333333334,runs/yin_latest_vgg_20260927/transfer/results/r21vgg2k_vgg16_bn_s42/faces_cfdWM64/objects/results.csv,UU
noaa,VGG2k / no AA,r21vgg2k_vgg16_bn_s42,face_transfer,124,two_shared_ui,CFD WM64,Objects,0.36,0.38,50,within_sampled_range,UU,108,100.0,runs/yin_latest_vgg_20260927/transfer/results/r21vgg2k_vgg16_bn_s42/faces_cfdWM64/objects/results.csv,UU
noaa,VGG2k / no AA,r21vgg2k_vgg16_bn_s42,face_transfer,124,two_shared_ui,CFD WM64,Objects,0.36,0.38,50,within_sampled_range,UU,109,95.83333333333334,runs/yin_latest_vgg_20260927/transfer/results/r21vgg2k_vgg16_bn_s42/faces_cfdWM64/objects/results.csv,UU
noaa,VGG2k / no AA,r21vgg2k_vgg16_bn_s42,face_transfer,124,two_shared_ui,CFD WM64,Objects,0.36,0.38,50,within_sampled_range,UU,110,91.66666666666666,runs/yin_latest_vgg_20260927/transfer/results/r21vgg2k_vgg16_bn_s42/faces_cfdWM64/objects/results.csv,UU
noaa,VGG2k / no AA,r21vgg2k_vgg16_bn_s42,face_transfer,124,two_shared_ui,CFD WM64,Objects,0.36,0.38,50,within_sampled_range,UU,111,91.66666666666666,runs/yin_latest_vgg_20260927/transfer/results/r21vgg2k_vgg16_bn_s42/faces_cfdWM64/objects/results.csv,UU
noaa,VGG2k / no AA,r21vgg2k_vgg16_bn_s42,face_transfer,124,two_shared_ui,CFD WM64,Objects,0.36,0.38,50,within_sampled_range,UU,112,100.0,runs/yin_latest_vgg_20260927/transfer/results/r21vgg2k_vgg16_bn_s42/faces_cfdWM64/objects/results.csv,UU
noaa,VGG2k / no AA,r21vgg2k_vgg16_bn_s42,face_transfer,124,two_shared_ui,CFD WM64,Objects,0.36,0.38,50,within_sampled_range,UU,113,100.0,runs/yin_latest_vgg_20260927/transfer/results/r21vgg2k_vgg16_bn_s42/faces_cfdWM64/objects/results.csv,UU
noaa,VGG2k / no AA,r21vgg2k_vgg16_bn_s42,face_transfer,124,two_shared_ui,CFD WM64,Objects,0.36,0.38,50,within_sampled_range,UU,114,95.83333333333334,runs/yin_latest_vgg_20260927/transfer/results/r21vgg2k_vgg16_bn_s42/faces_cfdWM64/objects/results.csv,UU
noaa,VGG2k / no AA,r21vgg2k_vgg16_bn_s42,face_transfer,124,two_shared_ui,CFD WM64,Objects,0.36,0.38,50,within_sampled_range,UU,115,100.0,runs/yin_latest_vgg_20260927/transfer/results/r21vgg2k_vgg16_bn_s42/faces_cfdWM64/objects/results.csv,UU
noaa,VGG2k / no AA,r21vgg2k_vgg16_bn_s42,face_transfer,124,two_shared_ui,CFD WM64,Objects,0.36,0.38,50,within_sampled_range,UU,116,95.83333333333334,runs/yin_latest_vgg_20260927/transfer/results/r21vgg2k_vgg16_bn_s42/faces_cfdWM64/objects/results.csv,UU
noaa,VGG2k / no AA,r21vgg2k_vgg16_bn_s42,face_transfer,124,two_shared_ui,CFD WM64,Objects,0.36,0.38,50,within_sampled_range,UU,117,91.66666666666666,runs/yin_latest_vgg_20260927/transfer/results/r21vgg2k_vgg16_bn_s42/faces_cfdWM64/objects/results.csv,UU
noaa,VGG2k / no AA,r21vgg2k_vgg16_bn_s42,face_transfer,124,two_shared_ui,CFD WM64,Objects,0.36,0.38,50,within_sampled_range,UU,118,91.66666666666666,runs/yin_latest_vgg_20260927/transfer/results/r21vgg2k_vgg16_bn_s42/faces_cfdWM64/objects/results.csv,UU
noaa,VGG2k / no AA,r21vgg2k_vgg16_bn_s42,face_transfer,124,two_shared_ui,CFD WM64,Objects,0.36,0.38,50,within_sampled_range,UU,119,100.0,runs/yin_latest_vgg_20260927/transfer/results/r21vgg2k_vgg16_bn_s42/faces_cfdWM64/objects/results.csv,UU
noaa,VGG2k / no AA,r21vgg2k_vgg16_bn_s42,face_transfer,124,two_shared_ui,CFD WM64,Objects,0.36,0.38,50,within_sampled_range,UU,120,91.66666666666666,runs/yin_latest_vgg_20260927/transfer/results/r21vgg2k_vgg16_bn_s42/faces_cfdWM64/objects/results.csv,UU
noaa,VGG2k / no AA,r21vgg2k_vgg16_bn_s42,face_transfer,124,two_shared_ui,CFD WM64,Objects,0.36,0.38,50,within_sampled_range,UU,121,91.66666666666666,runs/yin_latest_vgg_20260927/transfer/results/r21vgg2k_vgg16_bn_s42/faces_cfdWM64/objects/results.csv,UU
noaa,VGG2k / no AA,r21vgg2k_vgg16_bn_s42,face_transfer,124,two_shared_ui,CFD WM64,Objects,0.36,0.38,50,within_sampled_range,UU,122,100.0,runs/yin_latest_vgg_20260927/transfer/results/r21vgg2k_vgg16_bn_s42/faces_cfdWM64/objects/results.csv,UU
noaa,VGG2k / no AA,r21vgg2k_vgg16_bn_s42,face_transfer,124,two_shared_ui,CFD WM64,Objects,0.36,0.38,50,within_sampled_range,UU,123,95.83333333333334,runs/yin_latest_vgg_20260927/transfer/results/r21vgg2k_vgg16_bn_s42/faces_cfdWM64/objects/results.csv,UU
noaa,VGG2k / no AA,r21vgg2k_vgg16_bn_s42,face_transfer,124,two_shared_ui,CFD WM64,Objects,0.36,0.38,50,within_sampled_range,UU,124,91.66666666666666,runs/yin_latest_vgg_20260927/transfer/results/r21vgg2k_vgg16_bn_s42/faces_cfdWM64/objects/results.csv,UU
noaa,VGG2k / no AA,r21vgg2k_vgg16_bn_s42,face_transfer,124,two_shared_ui,CFD WM64,Objects,0.36,0.38,50,within_sampled_range,UU,125,100.0,runs/yin_latest_vgg_20260927/transfer/results/r21vgg2k_vgg16_bn_s42/faces_cfdWM64/objects/results.csv,UU
noaa,VGG2k / no AA,r21vgg2k_vgg16_bn_s42,face_transfer,124,two_shared_ui,CFD WM64,Objects,0.36,0.38,50,within_sampled_range,UU,126,95.83333333333334,runs/yin_latest_vgg_20260927/transfer/results/r21vgg2k_vgg16_bn_s42/faces_cfdWM64/objects/results.csv,UU
noaa,VGG2k / no AA,r21vgg2k_vgg16_bn_s42,face_transfer,124,two_shared_ui,CFD WM64,Objects,0.36,0.38,50,within_sampled_range,UU,127,100.0,runs/yin_latest_vgg_20260927/transfer/results/r21vgg2k_vgg16_bn_s42/faces_cfdWM64/objects/results.csv,UU
noaa,VGG2k / no AA,r21vgg2k_vgg16_bn_s42,face_transfer,124,two_shared_ui,CFD WM64,Objects,0.36,0.38,50,within_sampled_range,UU,128,91.66666666666666,runs/yin_latest_vgg_20260927/transfer/results/r21vgg2k_vgg16_bn_s42/faces_cfdWM64/objects/results.csv,UU
noaa,VGG2k / no AA,r21vgg2k_vgg16_bn_s42,face_transfer,124,two_shared_ui,CFD WM64,Objects,0.36,0.38,50,within_sampled_range,UU,129,100.0,runs/yin_latest_vgg_20260927/transfer/results/r21vgg2k_vgg16_bn_s42/faces_cfdWM64/objects/results.csv,UU
noaa,VGG2k / no AA,r21vgg2k_vgg16_bn_s42,face_transfer,124,two_shared_ui,CFD WM64,Objects,0.36,0.38,50,within_sampled_range,UU,130,91.66666666666666,runs/yin_latest_vgg_20260927/transfer/results/r21vgg2k_vgg16_bn_s42/faces_cfdWM64/objects/results.csv,UU
noaa,VGG2k / no AA,r21vgg2k_vgg16_bn_s42,face_transfer,124,two_shared_ui,CFD WM64,Objects,0.36,0.38,50,within_sampled_range,UU,131,91.66666666666666,runs/yin_latest_vgg_20260927/transfer/results/r21vgg2k_vgg16_bn_s42/faces_cfdWM64/objects/results.csv,UU
noaa,VGG2k / no AA,r21vgg2k_vgg16_bn_s42,face_transfer,124,two_shared_ui,CFD WM64,Objects,0.36,0.38,50,within_sampled_range,UU,132,100.0,runs/yin_latest_vgg_20260927/transfer/results/r21vgg2k_vgg16_bn_s42/faces_cfdWM64/objects/results.csv,UU
noaa,VGG2k / no AA,r21vgg2k_vgg16_bn_s42,face_transfer,124,two_shared_ui,CFD WM64,Objects,0.36,0.38,50,within_sampled_range,UU,133,91.66666666666666,runs/yin_latest_vgg_20260927/transfer/results/r21vgg2k_vgg16_bn_s42/faces_cfdWM64/objects/results.csv,UU
noaa,VGG2k / no AA,r21vgg2k_vgg16_bn_s42,face_transfer,124,two_shared_ui,CFD WM64,Objects,0.36,0.38,50,within_sampled_range,UU,134,91.66666666666666,runs/yin_latest_vgg_20260927/transfer/results/r21vgg2k_vgg16_bn_s42/faces_cfdWM64/objects/results.csv,UU
noaa,VGG2k / no AA,r21vgg2k_vgg16_bn_s42,face_transfer,124,two_shared_ui,CFD WM64,Objects,0.36,0.38,50,within_sampled_range,UU,135,95.83333333333334,runs/yin_latest_vgg_20260927/transfer/results/r21vgg2k_vgg16_bn_s42/faces_cfdWM64/objects/results.csv,UU
noaa,VGG2k / no AA,r21vgg2k_vgg16_bn_s42,face_transfer,124,two_shared_ui,CFD WM64,Objects,0.36,0.38,50,within_sampled_range,UU,136,91.66666666666666,runs/yin_latest_vgg_20260927/transfer/results/r21vgg2k_vgg16_bn_s42/faces_cfdWM64/objects/results.csv,UU
noaa,VGG2k / no AA,r21vgg2k_vgg16_bn_s42,face_transfer,124,two_shared_ui,CFD WM64,Objects,0.36,0.38,50,within_sampled_range,UU,137,95.83333333333334,runs/yin_latest_vgg_20260927/transfer/results/r21vgg2k_vgg16_bn_s42/faces_cfdWM64/objects/results.csv,UU
noaa,VGG2k / no AA,r21vgg2k_vgg16_bn_s42,face_transfer,124,two_shared_ui,CFD WM64,Objects,0.36,0.38,50,within_sampled_range,UU,138,95.83333333333334,runs/yin_latest_vgg_20260927/transfer/results/r21vgg2k_vgg16_bn_s42/faces_cfdWM64/objects/results.csv,UU
noaa,VGG2k / no AA,r21vgg2k_vgg16_bn_s42,face_transfer,124,two_shared_ui,CFD WM64,Objects,0.36,0.38,50,within_sampled_range,UU,139,83.33333333333334,runs/yin_latest_vgg_20260927/transfer/results/r21vgg2k_vgg16_bn_s42/faces_cfdWM64/objects/results.csv,UU
noaa,VGG2k / no AA,r21vgg2k_vgg16_bn_s42,face_transfer,124,two_shared_ui,CFD WM64,Objects,0.36,0.38,50,within_sampled_range,UU,140,91.66666666666666,runs/yin_latest_vgg_20260927/transfer/results/r21vgg2k_vgg16_bn_s42/faces_cfdWM64/objects/results.csv,UU
noaa,VGG2k / no AA,r21vgg2k_vgg16_bn_s42,face_transfer,124,two_shared_ui,CFD WM64,Objects,0.36,0.38,50,within_sampled_range,UU,141,95.83333333333334,runs/yin_latest_vgg_20260927/transfer/results/r21vgg2k_vgg16_bn_s42/faces_cfdWM64/objects/results.csv,UU
noaa,VGG2k / no AA,r21vgg2k_vgg16_bn_s42,face_transfer,124,two_shared_ui,CFD WM64,Objects,0.36,0.38,50,within_sampled_range,UU,142,95.83333333333334,runs/yin_latest_vgg_20260927/transfer/results/r21vgg2k_vgg16_bn_s42/faces_cfdWM64/objects/results.csv,UU
noaa,VGG2k / no AA,r21vgg2k_vgg16_bn_s42,face_transfer,124,two_shared_ui,CFD WM64,Objects,0.36,0.38,50,within_sampled_range,UU,143,95.83333333333334,runs/yin_latest_vgg_20260927/transfer/results/r21vgg2k_vgg16_bn_s42/faces_cfdWM64/objects/results.csv,UU
noaa,VGG2k / no AA,r21vgg2k_vgg16_bn_s42,face_transfer,124,two_shared_ui,CFD WM64,Objects,0.36,0.38,50,within_sampled_range,UU,144,95.83333333333334,runs/yin_latest_vgg_20260927/transfer/results/r21vgg2k_vgg16_bn_s42/faces_cfdWM64/objects/results.csv,UU
noaa,VGG2k / no AA,r21vgg2k_vgg16_bn_s42,face_transfer,124,two_shared_ui,CFD WM64,Objects,0.36,0.38,50,within_sampled_range,UU,145,100.0,runs/yin_latest_vgg_20260927/transfer/results/r21vgg2k_vgg16_bn_s42/faces_cfdWM64/objects/results.csv,UU
noaa,VGG2k / no AA,r21vgg2k_vgg16_bn_s42,face_transfer,124,two_shared_ui,CFD WM64,Objects,0.36,0.38,50,within_sampled_range,UU,146,95.83333333333334,runs/yin_latest_vgg_20260927/transfer/results/r21vgg2k_vgg16_bn_s42/faces_cfdWM64/objects/results.csv,UU
noaa,VGG2k / no AA,r21vgg2k_vgg16_bn_s42,face_transfer,124,two_shared_ui,CFD WM64,Objects,0.36,0.38,50,within_sampled_range,UU,147,87.5,runs/yin_latest_vgg_20260927/transfer/results/r21vgg2k_vgg16_bn_s42/faces_cfdWM64/objects/results.csv,UU
noaa,VGG2k / no AA,r21vgg2k_vgg16_bn_s42,face_transfer,124,two_shared_ui,CFD WM64,Objects,0.36,0.38,50,within_sampled_range,UU,148,91.66666666666666,runs/yin_latest_vgg_20260927/transfer/results/r21vgg2k_vgg16_bn_s42/faces_cfdWM64/objects/results.csv,UU
noaa,VGG2k / no AA,r21vgg2k_vgg16_bn_s42,face_transfer,124,two_shared_ui,CFD WM64,Objects,0.36,0.38,50,within_sampled_range,UU,149,87.5,runs/yin_latest_vgg_20260927/transfer/results/r21vgg2k_vgg16_bn_s42/faces_cfdWM64/objects/results.csv,UU
noaa,VGG2k / no AA,r21vgg2k_vgg16_bn_s42,face_transfer,124,two_shared_ui,CFD WM64,Objects,0.36,0.38,50,within_sampled_range,UU,150,95.83333333333334,runs/yin_latest_vgg_20260927/transfer/results/r21vgg2k_vgg16_bn_s42/faces_cfdWM64/objects/results.csv,UU
noaa,VGG2k / no AA,r21vgg2k_vgg16_bn_s42,face_transfer,124,two_shared_ui,CFD WM64,Objects,0.36,0.38,50,within_sampled_range,II,101,87.5,runs/yin_latest_vgg_20260927/transfer/results/r21vgg2k_vgg16_bn_s42/faces_cfdWM64/objects/results.csv,II
noaa,VGG2k / no AA,r21vgg2k_vgg16_bn_s42,face_transfer,124,two_shared_ui,CFD WM64,Objects,0.36,0.38,50,within_sampled_range,II,102,87.5,runs/yin_latest_vgg_20260927/transfer/results/r21vgg2k_vgg16_bn_s42/faces_cfdWM64/objects/results.csv,II
noaa,VGG2k / no AA,r21vgg2k_vgg16_bn_s42,face_transfer,124,two_shared_ui,CFD WM64,Objects,0.36,0.38,50,within_sampled_range,II,103,87.5,runs/yin_latest_vgg_20260927/transfer/results/r21vgg2k_vgg16_bn_s42/faces_cfdWM64/objects/results.csv,II
noaa,VGG2k / no AA,r21vgg2k_vgg16_bn_s42,face_transfer,124,two_shared_ui,CFD WM64,Objects,0.36,0.38,50,within_sampled_range,II,104,100.0,runs/yin_latest_vgg_20260927/transfer/results/r21vgg2k_vgg16_bn_s42/faces_cfdWM64/objects/results.csv,II
noaa,VGG2k / no AA,r21vgg2k_vgg16_bn_s42,face_transfer,124,two_shared_ui,CFD WM64,Objects,0.36,0.38,50,within_sampled_range,II,105,95.83333333333334,runs/yin_latest_vgg_20260927/transfer/results/r21vgg2k_vgg16_bn_s42/faces_cfdWM64/objects/results.csv,II
noaa,VGG2k / no AA,r21vgg2k_vgg16_bn_s42,face_transfer,124,two_shared_ui,CFD WM64,Objects,0.36,0.38,50,within_sampled_range,II,106,87.5,runs/yin_latest_vgg_20260927/transfer/results/r21vgg2k_vgg16_bn_s42/faces_cfdWM64/objects/results.csv,II
noaa,VGG2k / no AA,r21vgg2k_vgg16_bn_s42,face_transfer,124,two_shared_ui,CFD WM64,Objects,0.36,0.38,50,within_sampled_range,II,107,95.83333333333334,runs/yin_latest_vgg_20260927/transfer/results/r21vgg2k_vgg16_bn_s42/faces_cfdWM64/objects/results.csv,II
noaa,VGG2k / no AA,r21vgg2k_vgg16_bn_s42,face_transfer,124,two_shared_ui,CFD WM64,Objects,0.36,0.38,50,within_sampled_range,II,108,100.0,runs/yin_latest_vgg_20260927/transfer/results/r21vgg2k_vgg16_bn_s42/faces_cfdWM64/objects/results.csv,II
noaa,VGG2k / no AA,r21vgg2k_vgg16_bn_s42,face_transfer,124,two_shared_ui,CFD WM64,Objects,0.36,0.38,50,within_sampled_range,II,109,83.33333333333334,runs/yin_latest_vgg_20260927/transfer/results/r21vgg2k_vgg16_bn_s42/faces_cfdWM64/objects/results.csv,II
noaa,VGG2k / no AA,r21vgg2k_vgg16_bn_s42,face_transfer,124,two_shared_ui,CFD WM64,Objects,0.36,0.38,50,within_sampled_range,II,110,87.5,runs/yin_latest_vgg_20260927/transfer/results/r21vgg2k_vgg16_bn_s42/faces_cfdWM64/objects/results.csv,II
noaa,VGG2k / no AA,r21vgg2k_vgg16_bn_s42,face_transfer,124,two_shared_ui,CFD WM64,Objects,0.36,0.38,50,within_sampled_range,II,111,91.66666666666666,runs/yin_latest_vgg_20260927/transfer/results/r21vgg2k_vgg16_bn_s42/faces_cfdWM64/objects/results.csv,II
noaa,VGG2k / no AA,r21vgg2k_vgg16_bn_s42,face_transfer,124,two_shared_ui,CFD WM64,Objects,0.36,0.38,50,within_sampled_range,II,112,83.33333333333334,runs/yin_latest_vgg_20260927/transfer/results/r21vgg2k_vgg16_bn_s42/faces_cfdWM64/objects/results.csv,II
noaa,VGG2k / no AA,r21vgg2k_vgg16_bn_s42,face_transfer,124,two_shared_ui,CFD WM64,Objects,0.36,0.38,50,within_sampled_range,II,113,91.66666666666666,runs/yin_latest_vgg_20260927/transfer/results/r21vgg2k_vgg16_bn_s42/faces_cfdWM64/objects/results.csv,II
noaa,VGG2k / no AA,r21vgg2k_vgg16_bn_s42,face_transfer,124,two_shared_ui,CFD WM64,Objects,0.36,0.38,50,within_sampled_range,II,114,95.83333333333334,runs/yin_latest_vgg_20260927/transfer/results/r21vgg2k_vgg16_bn_s42/faces_cfdWM64/objects/results.csv,II
noaa,VGG2k / no AA,r21vgg2k_vgg16_bn_s42,face_transfer,124,two_shared_ui,CFD WM64,Objects,0.36,0.38,50,within_sampled_range,II,115,91.66666666666666,runs/yin_latest_vgg_20260927/transfer/results/r21vgg2k_vgg16_bn_s42/faces_cfdWM64/objects/results.csv,II
noaa,VGG2k / no AA,r21vgg2k_vgg16_bn_s42,face_transfer,124,two_shared_ui,CFD WM64,Objects,0.36,0.38,50,within_sampled_range,II,116,95.83333333333334,runs/yin_latest_vgg_20260927/transfer/results/r21vgg2k_vgg16_bn_s42/faces_cfdWM64/objects/results.csv,II
noaa,VGG2k / no AA,r21vgg2k_vgg16_bn_s42,face_transfer,124,two_shared_ui,CFD WM64,Objects,0.36,0.38,50,within_sampled_range,II,117,83.33333333333334,runs/yin_latest_vgg_20260927/transfer/results/r21vgg2k_vgg16_bn_s42/faces_cfdWM64/objects/results.csv,II
noaa,VGG2k / no AA,r21vgg2k_vgg16_bn_s42,face_transfer,124,two_shared_ui,CFD WM64,Objects,0.36,0.38,50,within_sampled_range,II,118,95.83333333333334,runs/yin_latest_vgg_20260927/transfer/results/r21vgg2k_vgg16_bn_s42/faces_cfdWM64/objects/results.csv,II
noaa,VGG2k / no AA,r21vgg2k_vgg16_bn_s42,face_transfer,124,two_shared_ui,CFD WM64,Objects,0.36,0.38,50,within_sampled_range,II,119,95.83333333333334,runs/yin_latest_vgg_20260927/transfer/results/r21vgg2k_vgg16_bn_s42/faces_cfdWM64/objects/results.csv,II
noaa,VGG2k / no AA,r21vgg2k_vgg16_bn_s42,face_transfer,124,two_shared_ui,CFD WM64,Objects,0.36,0.38,50,within_sampled_range,II,120,95.83333333333334,runs/yin_latest_vgg_20260927/transfer/results/r21vgg2k_vgg16_bn_s42/faces_cfdWM64/objects/results.csv,II
noaa,VGG2k / no AA,r21vgg2k_vgg16_bn_s42,face_transfer,124,two_shared_ui,CFD WM64,Objects,0.36,0.38,50,within_sampled_range,II,121,91.66666666666666,runs/yin_latest_vgg_20260927/transfer/results/r21vgg2k_vgg16_bn_s42/faces_cfdWM64/objects/results.csv,II
noaa,VGG2k / no AA,r21vgg2k_vgg16_bn_s42,face_transfer,124,two_shared_ui,CFD WM64,Objects,0.36,0.38,50,within_sampled_range,II,122,91.66666666666666,runs/yin_latest_vgg_20260927/transfer/results/r21vgg2k_vgg16_bn_s42/faces_cfdWM64/objects/results.csv,II
noaa,VGG2k / no AA,r21vgg2k_vgg16_bn_s42,face_transfer,124,two_shared_ui,CFD WM64,Objects,0.36,0.38,50,within_sampled_range,II,123,91.66666666666666,runs/yin_latest_vgg_20260927/transfer/results/r21vgg2k_vgg16_bn_s42/faces_cfdWM64/objects/results.csv,II
noaa,VGG2k / no AA,r21vgg2k_vgg16_bn_s42,face_transfer,124,two_shared_ui,CFD WM64,Objects,0.36,0.38,50,within_sampled_range,II,124,87.5,runs/yin_latest_vgg_20260927/transfer/results/r21vgg2k_vgg16_bn_s42/faces_cfdWM64/objects/results.csv,II
noaa,VGG2k / no AA,r21vgg2k_vgg16_bn_s42,face_transfer,124,two_shared_ui,CFD WM64,Objects,0.36,0.38,50,within_sampled_range,II,125,87.5,runs/yin_latest_vgg_20260927/transfer/results/r21vgg2k_vgg16_bn_s42/faces_cfdWM64/objects/results.csv,II
noaa,VGG2k / no AA,r21vgg2k_vgg16_bn_s42,face_transfer,124,two_shared_ui,CFD WM64,Objects,0.36,0.38,50,within_sampled_range,II,126,95.83333333333334,runs/yin_latest_vgg_20260927/transfer/results/r21vgg2k_vgg16_bn_s42/faces_cfdWM64/objects/results.csv,II
noaa,VGG2k / no AA,r21vgg2k_vgg16_bn_s42,face_transfer,124,two_shared_ui,CFD WM64,Objects,0.36,0.38,50,within_sampled_range,II,127,83.33333333333334,runs/yin_latest_vgg_20260927/transfer/results/r21vgg2k_vgg16_bn_s42/faces_cfdWM64/objects/results.csv,II
noaa,VGG2k / no AA,r21vgg2k_vgg16_bn_s42,face_transfer,124,two_shared_ui,CFD WM64,Objects,0.36,0.38,50,within_sampled_range,II,128,87.5,runs/yin_latest_vgg_20260927/transfer/results/r21vgg2k_vgg16_bn_s42/faces_cfdWM64/objects/results.csv,II
noaa,VGG2k / no AA,r21vgg2k_vgg16_bn_s42,face_transfer,124,two_shared_ui,CFD WM64,Objects,0.36,0.38,50,within_sampled_range,II,129,95.83333333333334,runs/yin_latest_vgg_20260927/transfer/results/r21vgg2k_vgg16_bn_s42/faces_cfdWM64/objects/results.csv,II
noaa,VGG2k / no AA,r21vgg2k_vgg16_bn_s42,face_transfer,124,two_shared_ui,CFD WM64,Objects,0.36,0.38,50,within_sampled_range,II,130,100.0,runs/yin_latest_vgg_20260927/transfer/results/r21vgg2k_vgg16_bn_s42/faces_cfdWM64/objects/results.csv,II
noaa,VGG2k / no AA,r21vgg2k_vgg16_bn_s42,face_transfer,124,two_shared_ui,CFD WM64,Objects,0.36,0.38,50,within_sampled_range,II,131,79.16666666666666,runs/yin_latest_vgg_20260927/transfer/results/r21vgg2k_vgg16_bn_s42/faces_cfdWM64/objects/results.csv,II
noaa,VGG2k / no AA,r21vgg2k_vgg16_bn_s42,face_transfer,124,two_shared_ui,CFD WM64,Objects,0.36,0.38,50,within_sampled_range,II,132,83.33333333333334,runs/yin_latest_vgg_20260927/transfer/results/r21vgg2k_vgg16_bn_s42/faces_cfdWM64/objects/results.csv,II
noaa,VGG2k / no AA,r21vgg2k_vgg16_bn_s42,face_transfer,124,two_shared_ui,CFD WM64,Objects,0.36,0.38,50,within_sampled_range,II,133,95.83333333333334,runs/yin_latest_vgg_20260927/transfer/results/r21vgg2k_vgg16_bn_s42/faces_cfdWM64/objects/results.csv,II
noaa,VGG2k / no AA,r21vgg2k_vgg16_bn_s42,face_transfer,124,two_shared_ui,CFD WM64,Objects,0.36,0.38,50,within_sampled_range,II,134,91.66666666666666,runs/yin_latest_vgg_20260927/transfer/results/r21vgg2k_vgg16_bn_s42/faces_cfdWM64/objects/results.csv,II
noaa,VGG2k / no AA,r21vgg2k_vgg16_bn_s42,face_transfer,124,two_shared_ui,CFD WM64,Objects,0.36,0.38,50,within_sampled_range,II,135,87.5,runs/yin_latest_vgg_20260927/transfer/results/r21vgg2k_vgg16_bn_s42/faces_cfdWM64/objects/results.csv,II
noaa,VGG2k / no AA,r21vgg2k_vgg16_bn_s42,face_transfer,124,two_shared_ui,CFD WM64,Objects,0.36,0.38,50,within_sampled_range,II,136,91.66666666666666,runs/yin_latest_vgg_20260927/transfer/results/r21vgg2k_vgg16_bn_s42/faces_cfdWM64/objects/results.csv,II
noaa,VGG2k / no AA,r21vgg2k_vgg16_bn_s42,face_transfer,124,two_shared_ui,CFD WM64,Objects,0.36,0.38,50,within_sampled_range,II,137,100.0,runs/yin_latest_vgg_20260927/transfer/results/r21vgg2k_vgg16_bn_s42/faces_cfdWM64/objects/results.csv,II
noaa,VGG2k / no AA,r21vgg2k_vgg16_bn_s42,face_transfer,124,two_shared_ui,CFD WM64,Objects,0.36,0.38,50,within_sampled_range,II,138,91.66666666666666,runs/yin_latest_vgg_20260927/transfer/results/r21vgg2k_vgg16_bn_s42/faces_cfdWM64/objects/results.csv,II
noaa,VGG2k / no AA,r21vgg2k_vgg16_bn_s42,face_transfer,124,two_shared_ui,CFD WM64,Objects,0.36,0.38,50,within_sampled_range,II,139,79.16666666666666,runs/yin_latest_vgg_20260927/transfer/results/r21vgg2k_vgg16_bn_s42/faces_cfdWM64/objects/results.csv,II
noaa,VGG2k / no AA,r21vgg2k_vgg16_bn_s42,face_transfer,124,two_shared_ui,CFD WM64,Objects,0.36,0.38,50,within_sampled_range,II,140,91.66666666666666,runs/yin_latest_vgg_20260927/transfer/results/r21vgg2k_vgg16_bn_s42/faces_cfdWM64/objects/results.csv,II
noaa,VGG2k / no AA,r21vgg2k_vgg16_bn_s42,face_transfer,124,two_shared_ui,CFD WM64,Objects,0.36,0.38,50,within_sampled_range,II,141,87.5,runs/yin_latest_vgg_20260927/transfer/results/r21vgg2k_vgg16_bn_s42/faces_cfdWM64/objects/results.csv,II
noaa,VGG2k / no AA,r21vgg2k_vgg16_bn_s42,face_transfer,124,two_shared_ui,CFD WM64,Objects,0.36,0.38,50,within_sampled_range,II,142,91.66666666666666,runs/yin_latest_vgg_20260927/transfer/results/r21vgg2k_vgg16_bn_s42/faces_cfdWM64/objects/results.csv,II
noaa,VGG2k / no AA,r21vgg2k_vgg16_bn_s42,face_transfer,124,two_shared_ui,CFD WM64,Objects,0.36,0.38,50,within_sampled_range,II,143,87.5,runs/yin_latest_vgg_20260927/transfer/results/r21vgg2k_vgg16_bn_s42/faces_cfdWM64/objects/results.csv,II
noaa,VGG2k / no AA,r21vgg2k_vgg16_bn_s42,face_transfer,124,two_shared_ui,CFD WM64,Objects,0.36,0.38,50,within_sampled_range,II,144,91.66666666666666,runs/yin_latest_vgg_20260927/transfer/results/r21vgg2k_vgg16_bn_s42/faces_cfdWM64/objects/results.csv,II
noaa,VGG2k / no AA,r21vgg2k_vgg16_bn_s42,face_transfer,124,two_shared_ui,CFD WM64,Objects,0.36,0.38,50,within_sampled_range,II,145,95.83333333333334,runs/yin_latest_vgg_20260927/transfer/results/r21vgg2k_vgg16_bn_s42/faces_cfdWM64/objects/results.csv,II
noaa,VGG2k / no AA,r21vgg2k_vgg16_bn_s42,face_transfer,124,two_shared_ui,CFD WM64,Objects,0.36,0.38,50,within_sampled_range,II,146,91.66666666666666,runs/yin_latest_vgg_20260927/transfer/results/r21vgg2k_vgg16_bn_s42/faces_cfdWM64/objects/results.csv,II
noaa,VGG2k / no AA,r21vgg2k_vgg16_bn_s42,face_transfer,124,two_shared_ui,CFD WM64,Objects,0.36,0.38,50,within_sampled_range,II,147,91.66666666666666,runs/yin_latest_vgg_20260927/transfer/results/r21vgg2k_vgg16_bn_s42/faces_cfdWM64/objects/results.csv,II
noaa,VGG2k / no AA,r21vgg2k_vgg16_bn_s42,face_transfer,124,two_shared_ui,CFD WM64,Objects,0.36,0.38,50,within_sampled_range,II,148,87.5,runs/yin_latest_vgg_20260927/transfer/results/r21vgg2k_vgg16_bn_s42/faces_cfdWM64/objects/results.csv,II
noaa,VGG2k / no AA,r21vgg2k_vgg16_bn_s42,face_transfer,124,two_shared_ui,CFD WM64,Objects,0.36,0.38,50,within_sampled_range,II,149,91.66666666666666,runs/yin_latest_vgg_20260927/transfer/results/r21vgg2k_vgg16_bn_s42/faces_cfdWM64/objects/results.csv,II
noaa,VGG2k / no AA,r21vgg2k_vgg16_bn_s42,face_transfer,124,two_shared_ui,CFD WM64,Objects,0.36,0.38,50,within_sampled_range,II,150,100.0,runs/yin_latest_vgg_20260927/transfer/results/r21vgg2k_vgg16_bn_s42/faces_cfdWM64/objects/results.csv,II
noaa,VGG2k / no AA,r21vgg2k_vgg16_bn_s42,face_transfer,124,two_shared_ui,CFD WM64,Objects,0.36,0.38,50,within_sampled_range,UI,101,87.5,runs/yin_latest_vgg_20260927/transfer/results/r21vgg2k_vgg16_bn_s42/faces_cfdWM64/objects/results.csv,UI_shared
noaa,VGG2k / no AA,r21vgg2k_vgg16_bn_s42,face_transfer,124,two_shared_ui,CFD WM64,Objects,0.36,0.38,50,within_sampled_range,UI,102,87.5,runs/yin_latest_vgg_20260927/transfer/results/r21vgg2k_vgg16_bn_s42/faces_cfdWM64/objects/results.csv,UI_shared
noaa,VGG2k / no AA,r21vgg2k_vgg16_bn_s42,face_transfer,124,two_shared_ui,CFD WM64,Objects,0.36,0.38,50,within_sampled_range,UI,103,87.5,runs/yin_latest_vgg_20260927/transfer/results/r21vgg2k_vgg16_bn_s42/faces_cfdWM64/objects/results.csv,UI_shared
noaa,VGG2k / no AA,r21vgg2k_vgg16_bn_s42,face_transfer,124,two_shared_ui,CFD WM64,Objects,0.36,0.38,50,within_sampled_range,UI,104,91.66666666666666,runs/yin_latest_vgg_20260927/transfer/results/r21vgg2k_vgg16_bn_s42/faces_cfdWM64/objects/results.csv,UI_shared
noaa,VGG2k / no AA,r21vgg2k_vgg16_bn_s42,face_transfer,124,two_shared_ui,CFD WM64,Objects,0.36,0.38,50,within_sampled_range,UI,105,100.0,runs/yin_latest_vgg_20260927/transfer/results/r21vgg2k_vgg16_bn_s42/faces_cfdWM64/objects/results.csv,UI_shared
noaa,VGG2k / no AA,r21vgg2k_vgg16_bn_s42,face_transfer,124,two_shared_ui,CFD WM64,Objects,0.36,0.38,50,within_sampled_range,UI,106,95.83333333333334,runs/yin_latest_vgg_20260927/transfer/results/r21vgg2k_vgg16_bn_s42/faces_cfdWM64/objects/results.csv,UI_shared
noaa,VGG2k / no AA,r21vgg2k_vgg16_bn_s42,face_transfer,124,two_shared_ui,CFD WM64,Objects,0.36,0.38,50,within_sampled_range,UI,107,91.66666666666666,runs/yin_latest_vgg_20260927/transfer/results/r21vgg2k_vgg16_bn_s42/faces_cfdWM64/objects/results.csv,UI_shared
noaa,VGG2k / no AA,r21vgg2k_vgg16_bn_s42,face_transfer,124,two_shared_ui,CFD WM64,Objects,0.36,0.38,50,within_sampled_range,UI,108,87.5,runs/yin_latest_vgg_20260927/transfer/results/r21vgg2k_vgg16_bn_s42/faces_cfdWM64/objects/results.csv,UI_shared
noaa,VGG2k / no AA,r21vgg2k_vgg16_bn_s42,face_transfer,124,two_shared_ui,CFD WM64,Objects,0.36,0.38,50,within_sampled_range,UI,109,83.33333333333334,runs/yin_latest_vgg_20260927/transfer/results/r21vgg2k_vgg16_bn_s42/faces_cfdWM64/objects/results.csv,UI_shared
noaa,VGG2k / no AA,r21vgg2k_vgg16_bn_s42,face_transfer,124,two_shared_ui,CFD WM64,Objects,0.36,0.38,50,within_sampled_range,UI,110,91.66666666666666,runs/yin_latest_vgg_20260927/transfer/results/r21vgg2k_vgg16_bn_s42/faces_cfdWM64/objects/results.csv,UI_shared
noaa,VGG2k / no AA,r21vgg2k_vgg16_bn_s42,face_transfer,124,two_shared_ui,CFD WM64,Objects,0.36,0.38,50,within_sampled_range,UI,111,95.83333333333334,runs/yin_latest_vgg_20260927/transfer/results/r21vgg2k_vgg16_bn_s42/faces_cfdWM64/objects/results.csv,UI_shared
noaa,VGG2k / no AA,r21vgg2k_vgg16_bn_s42,face_transfer,124,two_shared_ui,CFD WM64,Objects,0.36,0.38,50,within_sampled_range,UI,112,87.5,runs/yin_latest_vgg_20260927/transfer/results/r21vgg2k_vgg16_bn_s42/faces_cfdWM64/objects/results.csv,UI_shared
noaa,VGG2k / no AA,r21vgg2k_vgg16_bn_s42,face_transfer,124,two_shared_ui,CFD WM64,Objects,0.36,0.38,50,within_sampled_range,UI,113,95.83333333333334,runs/yin_latest_vgg_20260927/transfer/results/r21vgg2k_vgg16_bn_s42/faces_cfdWM64/objects/results.csv,UI_shared
noaa,VGG2k / no AA,r21vgg2k_vgg16_bn_s42,face_transfer,124,two_shared_ui,CFD WM64,Objects,0.36,0.38,50,within_sampled_range,UI,114,95.83333333333334,runs/yin_latest_vgg_20260927/transfer/results/r21vgg2k_vgg16_bn_s42/faces_cfdWM64/objects/results.csv,UI_shared
noaa,VGG2k / no AA,r21vgg2k_vgg16_bn_s42,face_transfer,124,two_shared_ui,CFD WM64,Objects,0.36,0.38,50,within_sampled_range,UI,115,100.0,runs/yin_latest_vgg_20260927/transfer/results/r21vgg2k_vgg16_bn_s42/faces_cfdWM64/objects/results.csv,UI_shared
noaa,VGG2k / no AA,r21vgg2k_vgg16_bn_s42,face_transfer,124,two_shared_ui,CFD WM64,Objects,0.36,0.38,50,within_sampled_range,UI,116,87.5,runs/yin_latest_vgg_20260927/transfer/results/r21vgg2k_vgg16_bn_s42/faces_cfdWM64/objects/results.csv,UI_shared
noaa,VGG2k / no AA,r21vgg2k_vgg16_bn_s42,face_transfer,124,two_shared_ui,CFD WM64,Objects,0.36,0.38,50,within_sampled_range,UI,117,91.66666666666666,runs/yin_latest_vgg_20260927/transfer/results/r21vgg2k_vgg16_bn_s42/faces_cfdWM64/objects/results.csv,UI_shared
noaa,VGG2k / no AA,r21vgg2k_vgg16_bn_s42,face_transfer,124,two_shared_ui,CFD WM64,Objects,0.36,0.38,50,within_sampled_range,UI,118,91.66666666666666,runs/yin_latest_vgg_20260927/transfer/results/r21vgg2k_vgg16_bn_s42/faces_cfdWM64/objects/results.csv,UI_shared
noaa,VGG2k / no AA,r21vgg2k_vgg16_bn_s42,face_transfer,124,two_shared_ui,CFD WM64,Objects,0.36,0.38,50,within_sampled_range,UI,119,95.83333333333334,runs/yin_latest_vgg_20260927/transfer/results/r21vgg2k_vgg16_bn_s42/faces_cfdWM64/objects/results.csv,UI_shared
noaa,VGG2k / no AA,r21vgg2k_vgg16_bn_s42,face_transfer,124,two_shared_ui,CFD WM64,Objects,0.36,0.38,50,within_sampled_range,UI,120,91.66666666666666,runs/yin_latest_vgg_20260927/transfer/results/r21vgg2k_vgg16_bn_s42/faces_cfdWM64/objects/results.csv,UI_shared
noaa,VGG2k / no AA,r21vgg2k_vgg16_bn_s42,face_transfer,124,two_shared_ui,CFD WM64,Objects,0.36,0.38,50,within_sampled_range,UI,121,87.5,runs/yin_latest_vgg_20260927/transfer/results/r21vgg2k_vgg16_bn_s42/faces_cfdWM64/objects/results.csv,UI_shared
noaa,VGG2k / no AA,r21vgg2k_vgg16_bn_s42,face_transfer,124,two_shared_ui,CFD WM64,Objects,0.36,0.38,50,within_sampled_range,UI,122,91.66666666666666,runs/yin_latest_vgg_20260927/transfer/results/r21vgg2k_vgg16_bn_s42/faces_cfdWM64/objects/results.csv,UI_shared
noaa,VGG2k / no AA,r21vgg2k_vgg16_bn_s42,face_transfer,124,two_shared_ui,CFD WM64,Objects,0.36,0.38,50,within_sampled_range,UI,123,79.16666666666666,runs/yin_latest_vgg_20260927/transfer/results/r21vgg2k_vgg16_bn_s42/faces_cfdWM64/objects/results.csv,UI_shared
noaa,VGG2k / no AA,r21vgg2k_vgg16_bn_s42,face_transfer,124,two_shared_ui,CFD WM64,Objects,0.36,0.38,50,within_sampled_range,UI,124,91.66666666666666,runs/yin_latest_vgg_20260927/transfer/results/r21vgg2k_vgg16_bn_s42/faces_cfdWM64/objects/results.csv,UI_shared
noaa,VGG2k / no AA,r21vgg2k_vgg16_bn_s42,face_transfer,124,two_shared_ui,CFD WM64,Objects,0.36,0.38,50,within_sampled_range,UI,125,100.0,runs/yin_latest_vgg_20260927/transfer/results/r21vgg2k_vgg16_bn_s42/faces_cfdWM64/objects/results.csv,UI_shared
noaa,VGG2k / no AA,r21vgg2k_vgg16_bn_s42,face_transfer,124,two_shared_ui,CFD WM64,Objects,0.36,0.38,50,within_sampled_range,UI,126,100.0,runs/yin_latest_vgg_20260927/transfer/results/r21vgg2k_vgg16_bn_s42/faces_cfdWM64/objects/results.csv,UI_shared
noaa,VGG2k / no AA,r21vgg2k_vgg16_bn_s42,face_transfer,124,two_shared_ui,CFD WM64,Objects,0.36,0.38,50,within_sampled_range,UI,127,87.5,runs/yin_latest_vgg_20260927/transfer/results/r21vgg2k_vgg16_bn_s42/faces_cfdWM64/objects/results.csv,UI_shared
noaa,VGG2k / no AA,r21vgg2k_vgg16_bn_s42,face_transfer,124,two_shared_ui,CFD WM64,Objects,0.36,0.38,50,within_sampled_range,UI,128,87.5,runs/yin_latest_vgg_20260927/transfer/results/r21vgg2k_vgg16_bn_s42/faces_cfdWM64/objects/results.csv,UI_shared
noaa,VGG2k / no AA,r21vgg2k_vgg16_bn_s42,face_transfer,124,two_shared_ui,CFD WM64,Objects,0.36,0.38,50,within_sampled_range,UI,129,95.83333333333334,runs/yin_latest_vgg_20260927/transfer/results/r21vgg2k_vgg16_bn_s42/faces_cfdWM64/objects/results.csv,UI_shared
noaa,VGG2k / no AA,r21vgg2k_vgg16_bn_s42,face_transfer,124,two_shared_ui,CFD WM64,Objects,0.36,0.38,50,within_sampled_range,UI,130,100.0,runs/yin_latest_vgg_20260927/transfer/results/r21vgg2k_vgg16_bn_s42/faces_cfdWM64/objects/results.csv,UI_shared
noaa,VGG2k / no AA,r21vgg2k_vgg16_bn_s42,face_transfer,124,two_shared_ui,CFD WM64,Objects,0.36,0.38,50,within_sampled_range,UI,131,91.66666666666666,runs/yin_latest_vgg_20260927/transfer/results/r21vgg2k_vgg16_bn_s42/faces_cfdWM64/objects/results.csv,UI_shared
noaa,VGG2k / no AA,r21vgg2k_vgg16_bn_s42,face_transfer,124,two_shared_ui,CFD WM64,Objects,0.36,0.38,50,within_sampled_range,UI,132,87.5,runs/yin_latest_vgg_20260927/transfer/results/r21vgg2k_vgg16_bn_s42/faces_cfdWM64/objects/results.csv,UI_shared
noaa,VGG2k / no AA,r21vgg2k_vgg16_bn_s42,face_transfer,124,two_shared_ui,CFD WM64,Objects,0.36,0.38,50,within_sampled_range,UI,133,83.33333333333334,runs/yin_latest_vgg_20260927/transfer/results/r21vgg2k_vgg16_bn_s42/faces_cfdWM64/objects/results.csv,UI_shared
noaa,VGG2k / no AA,r21vgg2k_vgg16_bn_s42,face_transfer,124,two_shared_ui,CFD WM64,Objects,0.36,0.38,50,within_sampled_range,UI,134,100.0,runs/yin_latest_vgg_20260927/transfer/results/r21vgg2k_vgg16_bn_s42/faces_cfdWM64/objects/results.csv,UI_shared
noaa,VGG2k / no AA,r21vgg2k_vgg16_bn_s42,face_transfer,124,two_shared_ui,CFD WM64,Objects,0.36,0.38,50,within_sampled_range,UI,135,87.5,runs/yin_latest_vgg_20260927/transfer/results/r21vgg2k_vgg16_bn_s42/faces_cfdWM64/objects/results.csv,UI_shared
noaa,VGG2k / no AA,r21vgg2k_vgg16_bn_s42,face_transfer,124,two_shared_ui,CFD WM64,Objects,0.36,0.38,50,within_sampled_range,UI,136,95.83333333333334,runs/yin_latest_vgg_20260927/transfer/results/r21vgg2k_vgg16_bn_s42/faces_cfdWM64/objects/results.csv,UI_shared
noaa,VGG2k / no AA,r21vgg2k_vgg16_bn_s42,face_transfer,124,two_shared_ui,CFD WM64,Objects,0.36,0.38,50,within_sampled_range,UI,137,87.5,runs/yin_latest_vgg_20260927/transfer/results/r21vgg2k_vgg16_bn_s42/faces_cfdWM64/objects/results.csv,UI_shared
noaa,VGG2k / no AA,r21vgg2k_vgg16_bn_s42,face_transfer,124,two_shared_ui,CFD WM64,Objects,0.36,0.38,50,within_sampled_range,UI,138,87.5,runs/yin_latest_vgg_20260927/transfer/results/r21vgg2k_vgg16_bn_s42/faces_cfdWM64/objects/results.csv,UI_shared
noaa,VGG2k / no AA,r21vgg2k_vgg16_bn_s42,face_transfer,124,two_shared_ui,CFD WM64,Objects,0.36,0.38,50,within_sampled_range,UI,139,87.5,runs/yin_latest_vgg_20260927/transfer/results/r21vgg2k_vgg16_bn_s42/faces_cfdWM64/objects/results.csv,UI_shared
noaa,VGG2k / no AA,r21vgg2k_vgg16_bn_s42,face_transfer,124,two_shared_ui,CFD WM64,Objects,0.36,0.38,50,within_sampled_range,UI,140,87.5,runs/yin_latest_vgg_20260927/transfer/results/r21vgg2k_vgg16_bn_s42/faces_cfdWM64/objects/results.csv,UI_shared
noaa,VGG2k / no AA,r21vgg2k_vgg16_bn_s42,face_transfer,124,two_shared_ui,CFD WM64,Objects,0.36,0.38,50,within_sampled_range,UI,141,87.5,runs/yin_latest_vgg_20260927/transfer/results/r21vgg2k_vgg16_bn_s42/faces_cfdWM64/objects/results.csv,UI_shared
noaa,VGG2k / no AA,r21vgg2k_vgg16_bn_s42,face_transfer,124,two_shared_ui,CFD WM64,Objects,0.36,0.38,50,within_sampled_range,UI,142,91.66666666666666,runs/yin_latest_vgg_20260927/transfer/results/r21vgg2k_vgg16_bn_s42/faces_cfdWM64/objects/results.csv,UI_shared
noaa,VGG2k / no AA,r21vgg2k_vgg16_bn_s42,face_transfer,124,two_shared_ui,CFD WM64,Objects,0.36,0.38,50,within_sampled_range,UI,143,95.83333333333334,runs/yin_latest_vgg_20260927/transfer/results/r21vgg2k_vgg16_bn_s42/faces_cfdWM64/objects/results.csv,UI_shared
noaa,VGG2k / no AA,r21vgg2k_vgg16_bn_s42,face_transfer,124,two_shared_ui,CFD WM64,Objects,0.36,0.38,50,within_sampled_range,UI,144,95.83333333333334,runs/yin_latest_vgg_20260927/transfer/results/r21vgg2k_vgg16_bn_s42/faces_cfdWM64/objects/results.csv,UI_shared
noaa,VGG2k / no AA,r21vgg2k_vgg16_bn_s42,face_transfer,124,two_shared_ui,CFD WM64,Objects,0.36,0.38,50,within_sampled_range,UI,145,95.83333333333334,runs/yin_latest_vgg_20260927/transfer/results/r21vgg2k_vgg16_bn_s42/faces_cfdWM64/objects/results.csv,UI_shared
noaa,VGG2k / no AA,r21vgg2k_vgg16_bn_s42,face_transfer,124,two_shared_ui,CFD WM64,Objects,0.36,0.38,50,within_sampled_range,UI,146,91.66666666666666,runs/yin_latest_vgg_20260927/transfer/results/r21vgg2k_vgg16_bn_s42/faces_cfdWM64/objects/results.csv,UI_shared
noaa,VGG2k / no AA,r21vgg2k_vgg16_bn_s42,face_transfer,124,two_shared_ui,CFD WM64,Objects,0.36,0.38,50,within_sampled_range,UI,147,100.0,runs/yin_latest_vgg_20260927/transfer/results/r21vgg2k_vgg16_bn_s42/faces_cfdWM64/objects/results.csv,UI_shared
noaa,VGG2k / no AA,r21vgg2k_vgg16_bn_s42,face_transfer,124,two_shared_ui,CFD WM64,Objects,0.36,0.38,50,within_sampled_range,UI,148,87.5,runs/yin_latest_vgg_20260927/transfer/results/r21vgg2k_vgg16_bn_s42/faces_cfdWM64/objects/results.csv,UI_shared
noaa,VGG2k / no AA,r21vgg2k_vgg16_bn_s42,face_transfer,124,two_shared_ui,CFD WM64,Objects,0.36,0.38,50,within_sampled_range,UI,149,87.5,runs/yin_latest_vgg_20260927/transfer/results/r21vgg2k_vgg16_bn_s42/faces_cfdWM64/objects/results.csv,UI_shared
noaa,VGG2k / no AA,r21vgg2k_vgg16_bn_s42,face_transfer,124,two_shared_ui,CFD WM64,Objects,0.36,0.38,50,within_sampled_range,UI,150,100.0,runs/yin_latest_vgg_20260927/transfer/results/r21vgg2k_vgg16_bn_s42/faces_cfdWM64/objects/results.csv,UI_shared
noaa,VGG2k / no AA,r21vgg2k_vgg16_bn_s42,face_transfer,124,two_shared_ui,CFD WM64,Objects,0.36,0.38,50,within_sampled_range,IU,101,91.66666666666666,runs/yin_latest_vgg_20260927/transfer/results/r21vgg2k_vgg16_bn_s42/faces_cfdWM64/objects/results.csv,IU
noaa,VGG2k / no AA,r21vgg2k_vgg16_bn_s42,face_transfer,124,two_shared_ui,CFD WM64,Objects,0.36,0.38,50,within_sampled_range,IU,102,95.83333333333334,runs/yin_latest_vgg_20260927/transfer/results/r21vgg2k_vgg16_bn_s42/faces_cfdWM64/objects/results.csv,IU
noaa,VGG2k / no AA,r21vgg2k_vgg16_bn_s42,face_transfer,124,two_shared_ui,CFD WM64,Objects,0.36,0.38,50,within_sampled_range,IU,103,95.83333333333334,runs/yin_latest_vgg_20260927/transfer/results/r21vgg2k_vgg16_bn_s42/faces_cfdWM64/objects/results.csv,IU
noaa,VGG2k / no AA,r21vgg2k_vgg16_bn_s42,face_transfer,124,two_shared_ui,CFD WM64,Objects,0.36,0.38,50,within_sampled_range,IU,104,87.5,runs/yin_latest_vgg_20260927/transfer/results/r21vgg2k_vgg16_bn_s42/faces_cfdWM64/objects/results.csv,IU
noaa,VGG2k / no AA,r21vgg2k_vgg16_bn_s42,face_transfer,124,two_shared_ui,CFD WM64,Objects,0.36,0.38,50,within_sampled_range,IU,105,95.83333333333334,runs/yin_latest_vgg_20260927/transfer/results/r21vgg2k_vgg16_bn_s42/faces_cfdWM64/objects/results.csv,IU
noaa,VGG2k / no AA,r21vgg2k_vgg16_bn_s42,face_transfer,124,two_shared_ui,CFD WM64,Objects,0.36,0.38,50,within_sampled_range,IU,106,91.66666666666666,runs/yin_latest_vgg_20260927/transfer/results/r21vgg2k_vgg16_bn_s42/faces_cfdWM64/objects/results.csv,IU
noaa,VGG2k / no AA,r21vgg2k_vgg16_bn_s42,face_transfer,124,two_shared_ui,CFD WM64,Objects,0.36,0.38,50,within_sampled_range,IU,107,95.83333333333334,runs/yin_latest_vgg_20260927/transfer/results/r21vgg2k_vgg16_bn_s42/faces_cfdWM64/objects/results.csv,IU
noaa,VGG2k / no AA,r21vgg2k_vgg16_bn_s42,face_transfer,124,two_shared_ui,CFD WM64,Objects,0.36,0.38,50,within_sampled_range,IU,108,87.5,runs/yin_latest_vgg_20260927/transfer/results/r21vgg2k_vgg16_bn_s42/faces_cfdWM64/objects/results.csv,IU
noaa,VGG2k / no AA,r21vgg2k_vgg16_bn_s42,face_transfer,124,two_shared_ui,CFD WM64,Objects,0.36,0.38,50,within_sampled_range,IU,109,87.5,runs/yin_latest_vgg_20260927/transfer/results/r21vgg2k_vgg16_bn_s42/faces_cfdWM64/objects/results.csv,IU
noaa,VGG2k / no AA,r21vgg2k_vgg16_bn_s42,face_transfer,124,two_shared_ui,CFD WM64,Objects,0.36,0.38,50,within_sampled_range,IU,110,95.83333333333334,runs/yin_latest_vgg_20260927/transfer/results/r21vgg2k_vgg16_bn_s42/faces_cfdWM64/objects/results.csv,IU
noaa,VGG2k / no AA,r21vgg2k_vgg16_bn_s42,face_transfer,124,two_shared_ui,CFD WM64,Objects,0.36,0.38,50,within_sampled_range,IU,111,87.5,runs/yin_latest_vgg_20260927/transfer/results/r21vgg2k_vgg16_bn_s42/faces_cfdWM64/objects/results.csv,IU
noaa,VGG2k / no AA,r21vgg2k_vgg16_bn_s42,face_transfer,124,two_shared_ui,CFD WM64,Objects,0.36,0.38,50,within_sampled_range,IU,112,75.0,runs/yin_latest_vgg_20260927/transfer/results/r21vgg2k_vgg16_bn_s42/faces_cfdWM64/objects/results.csv,IU
noaa,VGG2k / no AA,r21vgg2k_vgg16_bn_s42,face_transfer,124,two_shared_ui,CFD WM64,Objects,0.36,0.38,50,within_sampled_range,IU,113,83.33333333333334,runs/yin_latest_vgg_20260927/transfer/results/r21vgg2k_vgg16_bn_s42/faces_cfdWM64/objects/results.csv,IU
noaa,VGG2k / no AA,r21vgg2k_vgg16_bn_s42,face_transfer,124,two_shared_ui,CFD WM64,Objects,0.36,0.38,50,within_sampled_range,IU,114,83.33333333333334,runs/yin_latest_vgg_20260927/transfer/results/r21vgg2k_vgg16_bn_s42/faces_cfdWM64/objects/results.csv,IU
noaa,VGG2k / no AA,r21vgg2k_vgg16_bn_s42,face_transfer,124,two_shared_ui,CFD WM64,Objects,0.36,0.38,50,within_sampled_range,IU,115,91.66666666666666,runs/yin_latest_vgg_20260927/transfer/results/r21vgg2k_vgg16_bn_s42/faces_cfdWM64/objects/results.csv,IU
noaa,VGG2k / no AA,r21vgg2k_vgg16_bn_s42,face_transfer,124,two_shared_ui,CFD WM64,Objects,0.36,0.38,50,within_sampled_range,IU,116,91.66666666666666,runs/yin_latest_vgg_20260927/transfer/results/r21vgg2k_vgg16_bn_s42/faces_cfdWM64/objects/results.csv,IU
noaa,VGG2k / no AA,r21vgg2k_vgg16_bn_s42,face_transfer,124,two_shared_ui,CFD WM64,Objects,0.36,0.38,50,within_sampled_range,IU,117,83.33333333333334,runs/yin_latest_vgg_20260927/transfer/results/r21vgg2k_vgg16_bn_s42/faces_cfdWM64/objects/results.csv,IU
noaa,VGG2k / no AA,r21vgg2k_vgg16_bn_s42,face_transfer,124,two_shared_ui,CFD WM64,Objects,0.36,0.38,50,within_sampled_range,IU,118,100.0,runs/yin_latest_vgg_20260927/transfer/results/r21vgg2k_vgg16_bn_s42/faces_cfdWM64/objects/results.csv,IU
noaa,VGG2k / no AA,r21vgg2k_vgg16_bn_s42,face_transfer,124,two_shared_ui,CFD WM64,Objects,0.36,0.38,50,within_sampled_range,IU,119,91.66666666666666,runs/yin_latest_vgg_20260927/transfer/results/r21vgg2k_vgg16_bn_s42/faces_cfdWM64/objects/results.csv,IU
noaa,VGG2k / no AA,r21vgg2k_vgg16_bn_s42,face_transfer,124,two_shared_ui,CFD WM64,Objects,0.36,0.38,50,within_sampled_range,IU,120,100.0,runs/yin_latest_vgg_20260927/transfer/results/r21vgg2k_vgg16_bn_s42/faces_cfdWM64/objects/results.csv,IU
noaa,VGG2k / no AA,r21vgg2k_vgg16_bn_s42,face_transfer,124,two_shared_ui,CFD WM64,Objects,0.36,0.38,50,within_sampled_range,IU,121,87.5,runs/yin_latest_vgg_20260927/transfer/results/r21vgg2k_vgg16_bn_s42/faces_cfdWM64/objects/results.csv,IU
noaa,VGG2k / no AA,r21vgg2k_vgg16_bn_s42,face_transfer,124,two_shared_ui,CFD WM64,Objects,0.36,0.38,50,within_sampled_range,IU,122,95.83333333333334,runs/yin_latest_vgg_20260927/transfer/results/r21vgg2k_vgg16_bn_s42/faces_cfdWM64/objects/results.csv,IU
noaa,VGG2k / no AA,r21vgg2k_vgg16_bn_s42,face_transfer,124,two_shared_ui,CFD WM64,Objects,0.36,0.38,50,within_sampled_range,IU,123,83.33333333333334,runs/yin_latest_vgg_20260927/transfer/results/r21vgg2k_vgg16_bn_s42/faces_cfdWM64/objects/results.csv,IU
noaa,VGG2k / no AA,r21vgg2k_vgg16_bn_s42,face_transfer,124,two_shared_ui,CFD WM64,Objects,0.36,0.38,50,within_sampled_range,IU,124,91.66666666666666,runs/yin_latest_vgg_20260927/transfer/results/r21vgg2k_vgg16_bn_s42/faces_cfdWM64/objects/results.csv,IU
noaa,VGG2k / no AA,r21vgg2k_vgg16_bn_s42,face_transfer,124,two_shared_ui,CFD WM64,Objects,0.36,0.38,50,within_sampled_range,IU,125,91.66666666666666,runs/yin_latest_vgg_20260927/transfer/results/r21vgg2k_vgg16_bn_s42/faces_cfdWM64/objects/results.csv,IU
noaa,VGG2k / no AA,r21vgg2k_vgg16_bn_s42,face_transfer,124,two_shared_ui,CFD WM64,Objects,0.36,0.38,50,within_sampled_range,IU,126,91.66666666666666,runs/yin_latest_vgg_20260927/transfer/results/r21vgg2k_vgg16_bn_s42/faces_cfdWM64/objects/results.csv,IU
noaa,VGG2k / no AA,r21vgg2k_vgg16_bn_s42,face_transfer,124,two_shared_ui,CFD WM64,Objects,0.36,0.38,50,within_sampled_range,IU,127,95.83333333333334,runs/yin_latest_vgg_20260927/transfer/results/r21vgg2k_vgg16_bn_s42/faces_cfdWM64/objects/results.csv,IU
noaa,VGG2k / no AA,r21vgg2k_vgg16_bn_s42,face_transfer,124,two_shared_ui,CFD WM64,Objects,0.36,0.38,50,within_sampled_range,IU,128,79.16666666666666,runs/yin_latest_vgg_20260927/transfer/results/r21vgg2k_vgg16_bn_s42/faces_cfdWM64/objects/results.csv,IU
noaa,VGG2k / no AA,r21vgg2k_vgg16_bn_s42,face_transfer,124,two_shared_ui,CFD WM64,Objects,0.36,0.38,50,within_sampled_range,IU,129,87.5,runs/yin_latest_vgg_20260927/transfer/results/r21vgg2k_vgg16_bn_s42/faces_cfdWM64/objects/results.csv,IU
noaa,VGG2k / no AA,r21vgg2k_vgg16_bn_s42,face_transfer,124,two_shared_ui,CFD WM64,Objects,0.36,0.38,50,within_sampled_range,IU,130,91.66666666666666,runs/yin_latest_vgg_20260927/transfer/results/r21vgg2k_vgg16_bn_s42/faces_cfdWM64/objects/results.csv,IU
noaa,VGG2k / no AA,r21vgg2k_vgg16_bn_s42,face_transfer,124,two_shared_ui,CFD WM64,Objects,0.36,0.38,50,within_sampled_range,IU,131,87.5,runs/yin_latest_vgg_20260927/transfer/results/r21vgg2k_vgg16_bn_s42/faces_cfdWM64/objects/results.csv,IU
noaa,VGG2k / no AA,r21vgg2k_vgg16_bn_s42,face_transfer,124,two_shared_ui,CFD WM64,Objects,0.36,0.38,50,within_sampled_range,IU,132,87.5,runs/yin_latest_vgg_20260927/transfer/results/r21vgg2k_vgg16_bn_s42/faces_cfdWM64/objects/results.csv,IU
noaa,VGG2k / no AA,r21vgg2k_vgg16_bn_s42,face_transfer,124,two_shared_ui,CFD WM64,Objects,0.36,0.38,50,within_sampled_range,IU,133,91.66666666666666,runs/yin_latest_vgg_20260927/transfer/results/r21vgg2k_vgg16_bn_s42/faces_cfdWM64/objects/results.csv,IU
noaa,VGG2k / no AA,r21vgg2k_vgg16_bn_s42,face_transfer,124,two_shared_ui,CFD WM64,Objects,0.36,0.38,50,within_sampled_range,IU,134,91.66666666666666,runs/yin_latest_vgg_20260927/transfer/results/r21vgg2k_vgg16_bn_s42/faces_cfdWM64/objects/results.csv,IU
noaa,VGG2k / no AA,r21vgg2k_vgg16_bn_s42,face_transfer,124,two_shared_ui,CFD WM64,Objects,0.36,0.38,50,within_sampled_range,IU,135,95.83333333333334,runs/yin_latest_vgg_20260927/transfer/results/r21vgg2k_vgg16_bn_s42/faces_cfdWM64/objects/results.csv,IU
noaa,VGG2k / no AA,r21vgg2k_vgg16_bn_s42,face_transfer,124,two_shared_ui,CFD WM64,Objects,0.36,0.38,50,within_sampled_range,IU,136,79.16666666666666,runs/yin_latest_vgg_20260927/transfer/results/r21vgg2k_vgg16_bn_s42/faces_cfdWM64/objects/results.csv,IU
noaa,VGG2k / no AA,r21vgg2k_vgg16_bn_s42,face_transfer,124,two_shared_ui,CFD WM64,Objects,0.36,0.38,50,within_sampled_range,IU,137,100.0,runs/yin_latest_vgg_20260927/transfer/results/r21vgg2k_vgg16_bn_s42/faces_cfdWM64/objects/results.csv,IU
noaa,VGG2k / no AA,r21vgg2k_vgg16_bn_s42,face_transfer,124,two_shared_ui,CFD WM64,Objects,0.36,0.38,50,within_sampled_range,IU,138,83.33333333333334,runs/yin_latest_vgg_20260927/transfer/results/r21vgg2k_vgg16_bn_s42/faces_cfdWM64/objects/results.csv,IU
noaa,VGG2k / no AA,r21vgg2k_vgg16_bn_s42,face_transfer,124,two_shared_ui,CFD WM64,Objects,0.36,0.38,50,within_sampled_range,IU,139,87.5,runs/yin_latest_vgg_20260927/transfer/results/r21vgg2k_vgg16_bn_s42/faces_cfdWM64/objects/results.csv,IU
noaa,VGG2k / no AA,r21vgg2k_vgg16_bn_s42,face_transfer,124,two_shared_ui,CFD WM64,Objects,0.36,0.38,50,within_sampled_range,IU,140,87.5,runs/yin_latest_vgg_20260927/transfer/results/r21vgg2k_vgg16_bn_s42/faces_cfdWM64/objects/results.csv,IU
noaa,VGG2k / no AA,r21vgg2k_vgg16_bn_s42,face_transfer,124,two_shared_ui,CFD WM64,Objects,0.36,0.38,50,within_sampled_range,IU,141,91.66666666666666,runs/yin_latest_vgg_20260927/transfer/results/r21vgg2k_vgg16_bn_s42/faces_cfdWM64/objects/results.csv,IU
noaa,VGG2k / no AA,r21vgg2k_vgg16_bn_s42,face_transfer,124,two_shared_ui,CFD WM64,Objects,0.36,0.38,50,within_sampled_range,IU,142,100.0,runs/yin_latest_vgg_20260927/transfer/results/r21vgg2k_vgg16_bn_s42/faces_cfdWM64/objects/results.csv,IU
noaa,VGG2k / no AA,r21vgg2k_vgg16_bn_s42,face_transfer,124,two_shared_ui,CFD WM64,Objects,0.36,0.38,50,within_sampled_range,IU,143,87.5,runs/yin_latest_vgg_20260927/transfer/results/r21vgg2k_vgg16_bn_s42/faces_cfdWM64/objects/results.csv,IU
noaa,VGG2k / no AA,r21vgg2k_vgg16_bn_s42,face_transfer,124,two_shared_ui,CFD WM64,Objects,0.36,0.38,50,within_sampled_range,IU,144,87.5,runs/yin_latest_vgg_20260927/transfer/results/r21vgg2k_vgg16_bn_s42/faces_cfdWM64/objects/results.csv,IU
noaa,VGG2k / no AA,r21vgg2k_vgg16_bn_s42,face_transfer,124,two_shared_ui,CFD WM64,Objects,0.36,0.38,50,within_sampled_range,IU,145,100.0,runs/yin_latest_vgg_20260927/transfer/results/r21vgg2k_vgg16_bn_s42/faces_cfdWM64/objects/results.csv,IU
noaa,VGG2k / no AA,r21vgg2k_vgg16_bn_s42,face_transfer,124,two_shared_ui,CFD WM64,Objects,0.36,0.38,50,within_sampled_range,IU,146,91.66666666666666,runs/yin_latest_vgg_20260927/transfer/results/r21vgg2k_vgg16_bn_s42/faces_cfdWM64/objects/results.csv,IU
noaa,VGG2k / no AA,r21vgg2k_vgg16_bn_s42,face_transfer,124,two_shared_ui,CFD WM64,Objects,0.36,0.38,50,within_sampled_range,IU,147,87.5,runs/yin_latest_vgg_20260927/transfer/results/r21vgg2k_vgg16_bn_s42/faces_cfdWM64/objects/results.csv,IU
noaa,VGG2k / no AA,r21vgg2k_vgg16_bn_s42,face_transfer,124,two_shared_ui,CFD WM64,Objects,0.36,0.38,50,within_sampled_range,IU,148,83.33333333333334,runs/yin_latest_vgg_20260927/transfer/results/r21vgg2k_vgg16_bn_s42/faces_cfdWM64/objects/results.csv,IU
noaa,VGG2k / no AA,r21vgg2k_vgg16_bn_s42,face_transfer,124,two_shared_ui,CFD WM64,Objects,0.36,0.38,50,within_sampled_range,IU,149,91.66666666666666,runs/yin_latest_vgg_20260927/transfer/results/r21vgg2k_vgg16_bn_s42/faces_cfdWM64/objects/results.csv,IU
noaa,VGG2k / no AA,r21vgg2k_vgg16_bn_s42,face_transfer,124,two_shared_ui,CFD WM64,Objects,0.36,0.38,50,within_sampled_range,IU,150,91.66666666666666,runs/yin_latest_vgg_20260927/transfer/results/r21vgg2k_vgg16_bn_s42/faces_cfdWM64/objects/results.csv,IU
noaa,VGG2k / no AA,r21vgg2k_vgg16_bn_s42,face_transfer,124,single_uu,CFD WM64,Houses,0.36,,50,within_sampled_range,UU,101,75.0,runs/yin_latest_vgg_20260927/single_noise/r21vgg2k_vgg16_bn_s42/faces_cfdWM64/houses_yin64/results.csv,UU
noaa,VGG2k / no AA,r21vgg2k_vgg16_bn_s42,face_transfer,124,single_uu,CFD WM64,Houses,0.36,,50,within_sampled_range,UU,102,83.33333333333334,runs/yin_latest_vgg_20260927/single_noise/r21vgg2k_vgg16_bn_s42/faces_cfdWM64/houses_yin64/results.csv,UU
noaa,VGG2k / no AA,r21vgg2k_vgg16_bn_s42,face_transfer,124,single_uu,CFD WM64,Houses,0.36,,50,within_sampled_range,UU,103,66.66666666666666,runs/yin_latest_vgg_20260927/single_noise/r21vgg2k_vgg16_bn_s42/faces_cfdWM64/houses_yin64/results.csv,UU
noaa,VGG2k / no AA,r21vgg2k_vgg16_bn_s42,face_transfer,124,single_uu,CFD WM64,Houses,0.36,,50,within_sampled_range,UU,104,79.16666666666666,runs/yin_latest_vgg_20260927/single_noise/r21vgg2k_vgg16_bn_s42/faces_cfdWM64/houses_yin64/results.csv,UU
noaa,VGG2k / no AA,r21vgg2k_vgg16_bn_s42,face_transfer,124,single_uu,CFD WM64,Houses,0.36,,50,within_sampled_range,UU,105,62.5,runs/yin_latest_vgg_20260927/single_noise/r21vgg2k_vgg16_bn_s42/faces_cfdWM64/houses_yin64/results.csv,UU
noaa,VGG2k / no AA,r21vgg2k_vgg16_bn_s42,face_transfer,124,single_uu,CFD WM64,Houses,0.36,,50,within_sampled_range,UU,106,79.16666666666666,runs/yin_latest_vgg_20260927/single_noise/r21vgg2k_vgg16_bn_s42/faces_cfdWM64/houses_yin64/results.csv,UU
noaa,VGG2k / no AA,r21vgg2k_vgg16_bn_s42,face_transfer,124,single_uu,CFD WM64,Houses,0.36,,50,within_sampled_range,UU,107,66.66666666666666,runs/yin_latest_vgg_20260927/single_noise/r21vgg2k_vgg16_bn_s42/faces_cfdWM64/houses_yin64/results.csv,UU
noaa,VGG2k / no AA,r21vgg2k_vgg16_bn_s42,face_transfer,124,single_uu,CFD WM64,Houses,0.36,,50,within_sampled_range,UU,108,66.66666666666666,runs/yin_latest_vgg_20260927/single_noise/r21vgg2k_vgg16_bn_s42/faces_cfdWM64/houses_yin64/results.csv,UU
noaa,VGG2k / no AA,r21vgg2k_vgg16_bn_s42,face_transfer,124,single_uu,CFD WM64,Houses,0.36,,50,within_sampled_range,UU,109,62.5,runs/yin_latest_vgg_20260927/single_noise/r21vgg2k_vgg16_bn_s42/faces_cfdWM64/houses_yin64/results.csv,UU
noaa,VGG2k / no AA,r21vgg2k_vgg16_bn_s42,face_transfer,124,single_uu,CFD WM64,Houses,0.36,,50,within_sampled_range,UU,110,54.166666666666664,runs/yin_latest_vgg_20260927/single_noise/r21vgg2k_vgg16_bn_s42/faces_cfdWM64/houses_yin64/results.csv,UU
noaa,VGG2k / no AA,r21vgg2k_vgg16_bn_s42,face_transfer,124,single_uu,CFD WM64,Houses,0.36,,50,within_sampled_range,UU,111,62.5,runs/yin_latest_vgg_20260927/single_noise/r21vgg2k_vgg16_bn_s42/faces_cfdWM64/houses_yin64/results.csv,UU
noaa,VGG2k / no AA,r21vgg2k_vgg16_bn_s42,face_transfer,124,single_uu,CFD WM64,Houses,0.36,,50,within_sampled_range,UU,112,70.83333333333334,runs/yin_latest_vgg_20260927/single_noise/r21vgg2k_vgg16_bn_s42/faces_cfdWM64/houses_yin64/results.csv,UU
noaa,VGG2k / no AA,r21vgg2k_vgg16_bn_s42,face_transfer,124,single_uu,CFD WM64,Houses,0.36,,50,within_sampled_range,UU,113,75.0,runs/yin_latest_vgg_20260927/single_noise/r21vgg2k_vgg16_bn_s42/faces_cfdWM64/houses_yin64/results.csv,UU
noaa,VGG2k / no AA,r21vgg2k_vgg16_bn_s42,face_transfer,124,single_uu,CFD WM64,Houses,0.36,,50,within_sampled_range,UU,114,75.0,runs/yin_latest_vgg_20260927/single_noise/r21vgg2k_vgg16_bn_s42/faces_cfdWM64/houses_yin64/results.csv,UU
noaa,VGG2k / no AA,r21vgg2k_vgg16_bn_s42,face_transfer,124,single_uu,CFD WM64,Houses,0.36,,50,within_sampled_range,UU,115,75.0,runs/yin_latest_vgg_20260927/single_noise/r21vgg2k_vgg16_bn_s42/faces_cfdWM64/houses_yin64/results.csv,UU
noaa,VGG2k / no AA,r21vgg2k_vgg16_bn_s42,face_transfer,124,single_uu,CFD WM64,Houses,0.36,,50,within_sampled_range,UU,116,62.5,runs/yin_latest_vgg_20260927/single_noise/r21vgg2k_vgg16_bn_s42/faces_cfdWM64/houses_yin64/results.csv,UU
noaa,VGG2k / no AA,r21vgg2k_vgg16_bn_s42,face_transfer,124,single_uu,CFD WM64,Houses,0.36,,50,within_sampled_range,UU,117,75.0,runs/yin_latest_vgg_20260927/single_noise/r21vgg2k_vgg16_bn_s42/faces_cfdWM64/houses_yin64/results.csv,UU
noaa,VGG2k / no AA,r21vgg2k_vgg16_bn_s42,face_transfer,124,single_uu,CFD WM64,Houses,0.36,,50,within_sampled_range,UU,118,70.83333333333334,runs/yin_latest_vgg_20260927/single_noise/r21vgg2k_vgg16_bn_s42/faces_cfdWM64/houses_yin64/results.csv,UU
noaa,VGG2k / no AA,r21vgg2k_vgg16_bn_s42,face_transfer,124,single_uu,CFD WM64,Houses,0.36,,50,within_sampled_range,UU,119,75.0,runs/yin_latest_vgg_20260927/single_noise/r21vgg2k_vgg16_bn_s42/faces_cfdWM64/houses_yin64/results.csv,UU
noaa,VGG2k / no AA,r21vgg2k_vgg16_bn_s42,face_transfer,124,single_uu,CFD WM64,Houses,0.36,,50,within_sampled_range,UU,120,66.66666666666666,runs/yin_latest_vgg_20260927/single_noise/r21vgg2k_vgg16_bn_s42/faces_cfdWM64/houses_yin64/results.csv,UU
noaa,VGG2k / no AA,r21vgg2k_vgg16_bn_s42,face_transfer,124,single_uu,CFD WM64,Houses,0.36,,50,within_sampled_range,UU,121,75.0,runs/yin_latest_vgg_20260927/single_noise/r21vgg2k_vgg16_bn_s42/faces_cfdWM64/houses_yin64/results.csv,UU
noaa,VGG2k / no AA,r21vgg2k_vgg16_bn_s42,face_transfer,124,single_uu,CFD WM64,Houses,0.36,,50,within_sampled_range,UU,122,70.83333333333334,runs/yin_latest_vgg_20260927/single_noise/r21vgg2k_vgg16_bn_s42/faces_cfdWM64/houses_yin64/results.csv,UU
noaa,VGG2k / no AA,r21vgg2k_vgg16_bn_s42,face_transfer,124,single_uu,CFD WM64,Houses,0.36,,50,within_sampled_range,UU,123,70.83333333333334,runs/yin_latest_vgg_20260927/single_noise/r21vgg2k_vgg16_bn_s42/faces_cfdWM64/houses_yin64/results.csv,UU
noaa,VGG2k / no AA,r21vgg2k_vgg16_bn_s42,face_transfer,124,single_uu,CFD WM64,Houses,0.36,,50,within_sampled_range,UU,124,66.66666666666666,runs/yin_latest_vgg_20260927/single_noise/r21vgg2k_vgg16_bn_s42/faces_cfdWM64/houses_yin64/results.csv,UU
noaa,VGG2k / no AA,r21vgg2k_vgg16_bn_s42,face_transfer,124,single_uu,CFD WM64,Houses,0.36,,50,within_sampled_range,UU,125,75.0,runs/yin_latest_vgg_20260927/single_noise/r21vgg2k_vgg16_bn_s42/faces_cfdWM64/houses_yin64/results.csv,UU
noaa,VGG2k / no AA,r21vgg2k_vgg16_bn_s42,face_transfer,124,single_uu,CFD WM64,Houses,0.36,,50,within_sampled_range,UU,126,58.333333333333336,runs/yin_latest_vgg_20260927/single_noise/r21vgg2k_vgg16_bn_s42/faces_cfdWM64/houses_yin64/results.csv,UU
noaa,VGG2k / no AA,r21vgg2k_vgg16_bn_s42,face_transfer,124,single_uu,CFD WM64,Houses,0.36,,50,within_sampled_range,UU,127,79.16666666666666,runs/yin_latest_vgg_20260927/single_noise/r21vgg2k_vgg16_bn_s42/faces_cfdWM64/houses_yin64/results.csv,UU
noaa,VGG2k / no AA,r21vgg2k_vgg16_bn_s42,face_transfer,124,single_uu,CFD WM64,Houses,0.36,,50,within_sampled_range,UU,128,75.0,runs/yin_latest_vgg_20260927/single_noise/r21vgg2k_vgg16_bn_s42/faces_cfdWM64/houses_yin64/results.csv,UU
noaa,VGG2k / no AA,r21vgg2k_vgg16_bn_s42,face_transfer,124,single_uu,CFD WM64,Houses,0.36,,50,within_sampled_range,UU,129,70.83333333333334,runs/yin_latest_vgg_20260927/single_noise/r21vgg2k_vgg16_bn_s42/faces_cfdWM64/houses_yin64/results.csv,UU
noaa,VGG2k / no AA,r21vgg2k_vgg16_bn_s42,face_transfer,124,single_uu,CFD WM64,Houses,0.36,,50,within_sampled_range,UU,130,79.16666666666666,runs/yin_latest_vgg_20260927/single_noise/r21vgg2k_vgg16_bn_s42/faces_cfdWM64/houses_yin64/results.csv,UU
noaa,VGG2k / no AA,r21vgg2k_vgg16_bn_s42,face_transfer,124,single_uu,CFD WM64,Houses,0.36,,50,within_sampled_range,UU,131,79.16666666666666,runs/yin_latest_vgg_20260927/single_noise/r21vgg2k_vgg16_bn_s42/faces_cfdWM64/houses_yin64/results.csv,UU
noaa,VGG2k / no AA,r21vgg2k_vgg16_bn_s42,face_transfer,124,single_uu,CFD WM64,Houses,0.36,,50,within_sampled_range,UU,132,79.16666666666666,runs/yin_latest_vgg_20260927/single_noise/r21vgg2k_vgg16_bn_s42/faces_cfdWM64/houses_yin64/results.csv,UU
noaa,VGG2k / no AA,r21vgg2k_vgg16_bn_s42,face_transfer,124,single_uu,CFD WM64,Houses,0.36,,50,within_sampled_range,UU,133,70.83333333333334,runs/yin_latest_vgg_20260927/single_noise/r21vgg2k_vgg16_bn_s42/faces_cfdWM64/houses_yin64/results.csv,UU
noaa,VGG2k / no AA,r21vgg2k_vgg16_bn_s42,face_transfer,124,single_uu,CFD WM64,Houses,0.36,,50,within_sampled_range,UU,134,58.333333333333336,runs/yin_latest_vgg_20260927/single_noise/r21vgg2k_vgg16_bn_s42/faces_cfdWM64/houses_yin64/results.csv,UU
noaa,VGG2k / no AA,r21vgg2k_vgg16_bn_s42,face_transfer,124,single_uu,CFD WM64,Houses,0.36,,50,within_sampled_range,UU,135,66.66666666666666,runs/yin_latest_vgg_20260927/single_noise/r21vgg2k_vgg16_bn_s42/faces_cfdWM64/houses_yin64/results.csv,UU
noaa,VGG2k / no AA,r21vgg2k_vgg16_bn_s42,face_transfer,124,single_uu,CFD WM64,Houses,0.36,,50,within_sampled_range,UU,136,75.0,runs/yin_latest_vgg_20260927/single_noise/r21vgg2k_vgg16_bn_s42/faces_cfdWM64/houses_yin64/results.csv,UU
noaa,VGG2k / no AA,r21vgg2k_vgg16_bn_s42,face_transfer,124,single_uu,CFD WM64,Houses,0.36,,50,within_sampled_range,UU,137,70.83333333333334,runs/yin_latest_vgg_20260927/single_noise/r21vgg2k_vgg16_bn_s42/faces_cfdWM64/houses_yin64/results.csv,UU
noaa,VGG2k / no AA,r21vgg2k_vgg16_bn_s42,face_transfer,124,single_uu,CFD WM64,Houses,0.36,,50,within_sampled_range,UU,138,75.0,runs/yin_latest_vgg_20260927/single_noise/r21vgg2k_vgg16_bn_s42/faces_cfdWM64/houses_yin64/results.csv,UU
noaa,VGG2k / no AA,r21vgg2k_vgg16_bn_s42,face_transfer,124,single_uu,CFD WM64,Houses,0.36,,50,within_sampled_range,UU,139,62.5,runs/yin_latest_vgg_20260927/single_noise/r21vgg2k_vgg16_bn_s42/faces_cfdWM64/houses_yin64/results.csv,UU
noaa,VGG2k / no AA,r21vgg2k_vgg16_bn_s42,face_transfer,124,single_uu,CFD WM64,Houses,0.36,,50,within_sampled_range,UU,140,79.16666666666666,runs/yin_latest_vgg_20260927/single_noise/r21vgg2k_vgg16_bn_s42/faces_cfdWM64/houses_yin64/results.csv,UU
noaa,VGG2k / no AA,r21vgg2k_vgg16_bn_s42,face_transfer,124,single_uu,CFD WM64,Houses,0.36,,50,within_sampled_range,UU,141,66.66666666666666,runs/yin_latest_vgg_20260927/single_noise/r21vgg2k_vgg16_bn_s42/faces_cfdWM64/houses_yin64/results.csv,UU
noaa,VGG2k / no AA,r21vgg2k_vgg16_bn_s42,face_transfer,124,single_uu,CFD WM64,Houses,0.36,,50,within_sampled_range,UU,142,70.83333333333334,runs/yin_latest_vgg_20260927/single_noise/r21vgg2k_vgg16_bn_s42/faces_cfdWM64/houses_yin64/results.csv,UU
noaa,VGG2k / no AA,r21vgg2k_vgg16_bn_s42,face_transfer,124,single_uu,CFD WM64,Houses,0.36,,50,within_sampled_range,UU,143,54.166666666666664,runs/yin_latest_vgg_20260927/single_noise/r21vgg2k_vgg16_bn_s42/faces_cfdWM64/houses_yin64/results.csv,UU
noaa,VGG2k / no AA,r21vgg2k_vgg16_bn_s42,face_transfer,124,single_uu,CFD WM64,Houses,0.36,,50,within_sampled_range,UU,144,75.0,runs/yin_latest_vgg_20260927/single_noise/r21vgg2k_vgg16_bn_s42/faces_cfdWM64/houses_yin64/results.csv,UU
noaa,VGG2k / no AA,r21vgg2k_vgg16_bn_s42,face_transfer,124,single_uu,CFD WM64,Houses,0.36,,50,within_sampled_range,UU,145,79.16666666666666,runs/yin_latest_vgg_20260927/single_noise/r21vgg2k_vgg16_bn_s42/faces_cfdWM64/houses_yin64/results.csv,UU
noaa,VGG2k / no AA,r21vgg2k_vgg16_bn_s42,face_transfer,124,single_uu,CFD WM64,Houses,0.36,,50,within_sampled_range,UU,146,87.5,runs/yin_latest_vgg_20260927/single_noise/r21vgg2k_vgg16_bn_s42/faces_cfdWM64/houses_yin64/results.csv,UU
noaa,VGG2k / no AA,r21vgg2k_vgg16_bn_s42,face_transfer,124,single_uu,CFD WM64,Houses,0.36,,50,within_sampled_range,UU,147,70.83333333333334,runs/yin_latest_vgg_20260927/single_noise/r21vgg2k_vgg16_bn_s42/faces_cfdWM64/houses_yin64/results.csv,UU
noaa,VGG2k / no AA,r21vgg2k_vgg16_bn_s42,face_transfer,124,single_uu,CFD WM64,Houses,0.36,,50,within_sampled_range,UU,148,70.83333333333334,runs/yin_latest_vgg_20260927/single_noise/r21vgg2k_vgg16_bn_s42/faces_cfdWM64/houses_yin64/results.csv,UU
noaa,VGG2k / no AA,r21vgg2k_vgg16_bn_s42,face_transfer,124,single_uu,CFD WM64,Houses,0.36,,50,within_sampled_range,UU,149,79.16666666666666,runs/yin_latest_vgg_20260927/single_noise/r21vgg2k_vgg16_bn_s42/faces_cfdWM64/houses_yin64/results.csv,UU
noaa,VGG2k / no AA,r21vgg2k_vgg16_bn_s42,face_transfer,124,single_uu,CFD WM64,Houses,0.36,,50,within_sampled_range,UU,150,83.33333333333334,runs/yin_latest_vgg_20260927/single_noise/r21vgg2k_vgg16_bn_s42/faces_cfdWM64/houses_yin64/results.csv,UU
noaa,VGG2k / no AA,r21vgg2k_vgg16_bn_s42,face_transfer,124,single_uu,CFD WM64,Houses,0.36,,50,within_sampled_range,II,101,70.83333333333334,runs/yin_latest_vgg_20260927/single_noise/r21vgg2k_vgg16_bn_s42/faces_cfdWM64/houses_yin64/results.csv,II
noaa,VGG2k / no AA,r21vgg2k_vgg16_bn_s42,face_transfer,124,single_uu,CFD WM64,Houses,0.36,,50,within_sampled_range,II,102,79.16666666666666,runs/yin_latest_vgg_20260927/single_noise/r21vgg2k_vgg16_bn_s42/faces_cfdWM64/houses_yin64/results.csv,II
noaa,VGG2k / no AA,r21vgg2k_vgg16_bn_s42,face_transfer,124,single_uu,CFD WM64,Houses,0.36,,50,within_sampled_range,II,103,83.33333333333334,runs/yin_latest_vgg_20260927/single_noise/r21vgg2k_vgg16_bn_s42/faces_cfdWM64/houses_yin64/results.csv,II
noaa,VGG2k / no AA,r21vgg2k_vgg16_bn_s42,face_transfer,124,single_uu,CFD WM64,Houses,0.36,,50,within_sampled_range,II,104,79.16666666666666,runs/yin_latest_vgg_20260927/single_noise/r21vgg2k_vgg16_bn_s42/faces_cfdWM64/houses_yin64/results.csv,II
noaa,VGG2k / no AA,r21vgg2k_vgg16_bn_s42,face_transfer,124,single_uu,CFD WM64,Houses,0.36,,50,within_sampled_range,II,105,75.0,runs/yin_latest_vgg_20260927/single_noise/r21vgg2k_vgg16_bn_s42/faces_cfdWM64/houses_yin64/results.csv,II
noaa,VGG2k / no AA,r21vgg2k_vgg16_bn_s42,face_transfer,124,single_uu,CFD WM64,Houses,0.36,,50,within_sampled_range,II,106,75.0,runs/yin_latest_vgg_20260927/single_noise/r21vgg2k_vgg16_bn_s42/faces_cfdWM64/houses_yin64/results.csv,II
noaa,VGG2k / no AA,r21vgg2k_vgg16_bn_s42,face_transfer,124,single_uu,CFD WM64,Houses,0.36,,50,within_sampled_range,II,107,87.5,runs/yin_latest_vgg_20260927/single_noise/r21vgg2k_vgg16_bn_s42/faces_cfdWM64/houses_yin64/results.csv,II
noaa,VGG2k / no AA,r21vgg2k_vgg16_bn_s42,face_transfer,124,single_uu,CFD WM64,Houses,0.36,,50,within_sampled_range,II,108,75.0,runs/yin_latest_vgg_20260927/single_noise/r21vgg2k_vgg16_bn_s42/faces_cfdWM64/houses_yin64/results.csv,II
noaa,VGG2k / no AA,r21vgg2k_vgg16_bn_s42,face_transfer,124,single_uu,CFD WM64,Houses,0.36,,50,within_sampled_range,II,109,62.5,runs/yin_latest_vgg_20260927/single_noise/r21vgg2k_vgg16_bn_s42/faces_cfdWM64/houses_yin64/results.csv,II
noaa,VGG2k / no AA,r21vgg2k_vgg16_bn_s42,face_transfer,124,single_uu,CFD WM64,Houses,0.36,,50,within_sampled_range,II,110,83.33333333333334,runs/yin_latest_vgg_20260927/single_noise/r21vgg2k_vgg16_bn_s42/faces_cfdWM64/houses_yin64/results.csv,II
noaa,VGG2k / no AA,r21vgg2k_vgg16_bn_s42,face_transfer,124,single_uu,CFD WM64,Houses,0.36,,50,within_sampled_range,II,111,70.83333333333334,runs/yin_latest_vgg_20260927/single_noise/r21vgg2k_vgg16_bn_s42/faces_cfdWM64/houses_yin64/results.csv,II
noaa,VGG2k / no AA,r21vgg2k_vgg16_bn_s42,face_transfer,124,single_uu,CFD WM64,Houses,0.36,,50,within_sampled_range,II,112,79.16666666666666,runs/yin_latest_vgg_20260927/single_noise/r21vgg2k_vgg16_bn_s42/faces_cfdWM64/houses_yin64/results.csv,II
noaa,VGG2k / no AA,r21vgg2k_vgg16_bn_s42,face_transfer,124,single_uu,CFD WM64,Houses,0.36,,50,within_sampled_range,II,113,66.66666666666666,runs/yin_latest_vgg_20260927/single_noise/r21vgg2k_vgg16_bn_s42/faces_cfdWM64/houses_yin64/results.csv,II
noaa,VGG2k / no AA,r21vgg2k_vgg16_bn_s42,face_transfer,124,single_uu,CFD WM64,Houses,0.36,,50,within_sampled_range,II,114,70.83333333333334,runs/yin_latest_vgg_20260927/single_noise/r21vgg2k_vgg16_bn_s42/faces_cfdWM64/houses_yin64/results.csv,II
noaa,VGG2k / no AA,r21vgg2k_vgg16_bn_s42,face_transfer,124,single_uu,CFD WM64,Houses,0.36,,50,within_sampled_range,II,115,70.83333333333334,runs/yin_latest_vgg_20260927/single_noise/r21vgg2k_vgg16_bn_s42/faces_cfdWM64/houses_yin64/results.csv,II
noaa,VGG2k / no AA,r21vgg2k_vgg16_bn_s42,face_transfer,124,single_uu,CFD WM64,Houses,0.36,,50,within_sampled_range,II,116,79.16666666666666,runs/yin_latest_vgg_20260927/single_noise/r21vgg2k_vgg16_bn_s42/faces_cfdWM64/houses_yin64/results.csv,II
noaa,VGG2k / no AA,r21vgg2k_vgg16_bn_s42,face_transfer,124,single_uu,CFD WM64,Houses,0.36,,50,within_sampled_range,II,117,70.83333333333334,runs/yin_latest_vgg_20260927/single_noise/r21vgg2k_vgg16_bn_s42/faces_cfdWM64/houses_yin64/results.csv,II
noaa,VGG2k / no AA,r21vgg2k_vgg16_bn_s42,face_transfer,124,single_uu,CFD WM64,Houses,0.36,,50,within_sampled_range,II,118,75.0,runs/yin_latest_vgg_20260927/single_noise/r21vgg2k_vgg16_bn_s42/faces_cfdWM64/houses_yin64/results.csv,II
noaa,VGG2k / no AA,r21vgg2k_vgg16_bn_s42,face_transfer,124,single_uu,CFD WM64,Houses,0.36,,50,within_sampled_range,II,119,70.83333333333334,runs/yin_latest_vgg_20260927/single_noise/r21vgg2k_vgg16_bn_s42/faces_cfdWM64/houses_yin64/results.csv,II
noaa,VGG2k / no AA,r21vgg2k_vgg16_bn_s42,face_transfer,124,single_uu,CFD WM64,Houses,0.36,,50,within_sampled_range,II,120,66.66666666666666,runs/yin_latest_vgg_20260927/single_noise/r21vgg2k_vgg16_bn_s42/faces_cfdWM64/houses_yin64/results.csv,II
noaa,VGG2k / no AA,r21vgg2k_vgg16_bn_s42,face_transfer,124,single_uu,CFD WM64,Houses,0.36,,50,within_sampled_range,II,121,79.16666666666666,runs/yin_latest_vgg_20260927/single_noise/r21vgg2k_vgg16_bn_s42/faces_cfdWM64/houses_yin64/results.csv,II
noaa,VGG2k / no AA,r21vgg2k_vgg16_bn_s42,face_transfer,124,single_uu,CFD WM64,Houses,0.36,,50,within_sampled_range,II,122,70.83333333333334,runs/yin_latest_vgg_20260927/single_noise/r21vgg2k_vgg16_bn_s42/faces_cfdWM64/houses_yin64/results.csv,II
noaa,VGG2k / no AA,r21vgg2k_vgg16_bn_s42,face_transfer,124,single_uu,CFD WM64,Houses,0.36,,50,within_sampled_range,II,123,83.33333333333334,runs/yin_latest_vgg_20260927/single_noise/r21vgg2k_vgg16_bn_s42/faces_cfdWM64/houses_yin64/results.csv,II
noaa,VGG2k / no AA,r21vgg2k_vgg16_bn_s42,face_transfer,124,single_uu,CFD WM64,Houses,0.36,,50,within_sampled_range,II,124,83.33333333333334,runs/yin_latest_vgg_20260927/single_noise/r21vgg2k_vgg16_bn_s42/faces_cfdWM64/houses_yin64/results.csv,II
noaa,VGG2k / no AA,r21vgg2k_vgg16_bn_s42,face_transfer,124,single_uu,CFD WM64,Houses,0.36,,50,within_sampled_range,II,125,83.33333333333334,runs/yin_latest_vgg_20260927/single_noise/r21vgg2k_vgg16_bn_s42/faces_cfdWM64/houses_yin64/results.csv,II
noaa,VGG2k / no AA,r21vgg2k_vgg16_bn_s42,face_transfer,124,single_uu,CFD WM64,Houses,0.36,,50,within_sampled_range,II,126,83.33333333333334,runs/yin_latest_vgg_20260927/single_noise/r21vgg2k_vgg16_bn_s42/faces_cfdWM64/houses_yin64/results.csv,II
noaa,VGG2k / no AA,r21vgg2k_vgg16_bn_s42,face_transfer,124,single_uu,CFD WM64,Houses,0.36,,50,within_sampled_range,II,127,66.66666666666666,runs/yin_latest_vgg_20260927/single_noise/r21vgg2k_vgg16_bn_s42/faces_cfdWM64/houses_yin64/results.csv,II
noaa,VGG2k / no AA,r21vgg2k_vgg16_bn_s42,face_transfer,124,single_uu,CFD WM64,Houses,0.36,,50,within_sampled_range,II,128,83.33333333333334,runs/yin_latest_vgg_20260927/single_noise/r21vgg2k_vgg16_bn_s42/faces_cfdWM64/houses_yin64/results.csv,II
noaa,VGG2k / no AA,r21vgg2k_vgg16_bn_s42,face_transfer,124,single_uu,CFD WM64,Houses,0.36,,50,within_sampled_range,II,129,75.0,runs/yin_latest_vgg_20260927/single_noise/r21vgg2k_vgg16_bn_s42/faces_cfdWM64/houses_yin64/results.csv,II
noaa,VGG2k / no AA,r21vgg2k_vgg16_bn_s42,face_transfer,124,single_uu,CFD WM64,Houses,0.36,,50,within_sampled_range,II,130,83.33333333333334,runs/yin_latest_vgg_20260927/single_noise/r21vgg2k_vgg16_bn_s42/faces_cfdWM64/houses_yin64/results.csv,II
noaa,VGG2k / no AA,r21vgg2k_vgg16_bn_s42,face_transfer,124,single_uu,CFD WM64,Houses,0.36,,50,within_sampled_range,II,131,79.16666666666666,runs/yin_latest_vgg_20260927/single_noise/r21vgg2k_vgg16_bn_s42/faces_cfdWM64/houses_yin64/results.csv,II
noaa,VGG2k / no AA,r21vgg2k_vgg16_bn_s42,face_transfer,124,single_uu,CFD WM64,Houses,0.36,,50,within_sampled_range,II,132,66.66666666666666,runs/yin_latest_vgg_20260927/single_noise/r21vgg2k_vgg16_bn_s42/faces_cfdWM64/houses_yin64/results.csv,II
noaa,VGG2k / no AA,r21vgg2k_vgg16_bn_s42,face_transfer,124,single_uu,CFD WM64,Houses,0.36,,50,within_sampled_range,II,133,83.33333333333334,runs/yin_latest_vgg_20260927/single_noise/r21vgg2k_vgg16_bn_s42/faces_cfdWM64/houses_yin64/results.csv,II
noaa,VGG2k / no AA,r21vgg2k_vgg16_bn_s42,face_transfer,124,single_uu,CFD WM64,Houses,0.36,,50,within_sampled_range,II,134,83.33333333333334,runs/yin_latest_vgg_20260927/single_noise/r21vgg2k_vgg16_bn_s42/faces_cfdWM64/houses_yin64/results.csv,II
noaa,VGG2k / no AA,r21vgg2k_vgg16_bn_s42,face_transfer,124,single_uu,CFD WM64,Houses,0.36,,50,within_sampled_range,II,135,75.0,runs/yin_latest_vgg_20260927/single_noise/r21vgg2k_vgg16_bn_s42/faces_cfdWM64/houses_yin64/results.csv,II
noaa,VGG2k / no AA,r21vgg2k_vgg16_bn_s42,face_transfer,124,single_uu,CFD WM64,Houses,0.36,,50,within_sampled_range,II,136,79.16666666666666,runs/yin_latest_vgg_20260927/single_noise/r21vgg2k_vgg16_bn_s42/faces_cfdWM64/houses_yin64/results.csv,II
noaa,VGG2k / no AA,r21vgg2k_vgg16_bn_s42,face_transfer,124,single_uu,CFD WM64,Houses,0.36,,50,within_sampled_range,II,137,70.83333333333334,runs/yin_latest_vgg_20260927/single_noise/r21vgg2k_vgg16_bn_s42/faces_cfdWM64/houses_yin64/results.csv,II
noaa,VGG2k / no AA,r21vgg2k_vgg16_bn_s42,face_transfer,124,single_uu,CFD WM64,Houses,0.36,,50,within_sampled_range,II,138,66.66666666666666,runs/yin_latest_vgg_20260927/single_noise/r21vgg2k_vgg16_bn_s42/faces_cfdWM64/houses_yin64/results.csv,II
noaa,VGG2k / no AA,r21vgg2k_vgg16_bn_s42,face_transfer,124,single_uu,CFD WM64,Houses,0.36,,50,within_sampled_range,II,139,66.66666666666666,runs/yin_latest_vgg_20260927/single_noise/r21vgg2k_vgg16_bn_s42/faces_cfdWM64/houses_yin64/results.csv,II
noaa,VGG2k / no AA,r21vgg2k_vgg16_bn_s42,face_transfer,124,single_uu,CFD WM64,Houses,0.36,,50,within_sampled_range,II,140,75.0,runs/yin_latest_vgg_20260927/single_noise/r21vgg2k_vgg16_bn_s42/faces_cfdWM64/houses_yin64/results.csv,II
noaa,VGG2k / no AA,r21vgg2k_vgg16_bn_s42,face_transfer,124,single_uu,CFD WM64,Houses,0.36,,50,within_sampled_range,II,141,70.83333333333334,runs/yin_latest_vgg_20260927/single_noise/r21vgg2k_vgg16_bn_s42/faces_cfdWM64/houses_yin64/results.csv,II
noaa,VGG2k / no AA,r21vgg2k_vgg16_bn_s42,face_transfer,124,single_uu,CFD WM64,Houses,0.36,,50,within_sampled_range,II,142,79.16666666666666,runs/yin_latest_vgg_20260927/single_noise/r21vgg2k_vgg16_bn_s42/faces_cfdWM64/houses_yin64/results.csv,II
noaa,VGG2k / no AA,r21vgg2k_vgg16_bn_s42,face_transfer,124,single_uu,CFD WM64,Houses,0.36,,50,within_sampled_range,II,143,66.66666666666666,runs/yin_latest_vgg_20260927/single_noise/r21vgg2k_vgg16_bn_s42/faces_cfdWM64/houses_yin64/results.csv,II
noaa,VGG2k / no AA,r21vgg2k_vgg16_bn_s42,face_transfer,124,single_uu,CFD WM64,Houses,0.36,,50,within_sampled_range,II,144,70.83333333333334,runs/yin_latest_vgg_20260927/single_noise/r21vgg2k_vgg16_bn_s42/faces_cfdWM64/houses_yin64/results.csv,II
noaa,VGG2k / no AA,r21vgg2k_vgg16_bn_s42,face_transfer,124,single_uu,CFD WM64,Houses,0.36,,50,within_sampled_range,II,145,87.5,runs/yin_latest_vgg_20260927/single_noise/r21vgg2k_vgg16_bn_s42/faces_cfdWM64/houses_yin64/results.csv,II
noaa,VGG2k / no AA,r21vgg2k_vgg16_bn_s42,face_transfer,124,single_uu,CFD WM64,Houses,0.36,,50,within_sampled_range,II,146,75.0,runs/yin_latest_vgg_20260927/single_noise/r21vgg2k_vgg16_bn_s42/faces_cfdWM64/houses_yin64/results.csv,II
noaa,VGG2k / no AA,r21vgg2k_vgg16_bn_s42,face_transfer,124,single_uu,CFD WM64,Houses,0.36,,50,within_sampled_range,II,147,83.33333333333334,runs/yin_latest_vgg_20260927/single_noise/r21vgg2k_vgg16_bn_s42/faces_cfdWM64/houses_yin64/results.csv,II
noaa,VGG2k / no AA,r21vgg2k_vgg16_bn_s42,face_transfer,124,single_uu,CFD WM64,Houses,0.36,,50,within_sampled_range,II,148,62.5,runs/yin_latest_vgg_20260927/single_noise/r21vgg2k_vgg16_bn_s42/faces_cfdWM64/houses_yin64/results.csv,II
noaa,VGG2k / no AA,r21vgg2k_vgg16_bn_s42,face_transfer,124,single_uu,CFD WM64,Houses,0.36,,50,within_sampled_range,II,149,70.83333333333334,runs/yin_latest_vgg_20260927/single_noise/r21vgg2k_vgg16_bn_s42/faces_cfdWM64/houses_yin64/results.csv,II
noaa,VGG2k / no AA,r21vgg2k_vgg16_bn_s42,face_transfer,124,single_uu,CFD WM64,Houses,0.36,,50,within_sampled_range,II,150,79.16666666666666,runs/yin_latest_vgg_20260927/single_noise/r21vgg2k_vgg16_bn_s42/faces_cfdWM64/houses_yin64/results.csv,II
noaa,VGG2k / no AA,r21vgg2k_vgg16_bn_s42,face_transfer,124,single_uu,CFD WM64,Houses,0.36,,50,within_sampled_range,UI,101,70.83333333333334,runs/yin_latest_vgg_20260927/single_noise/r21vgg2k_vgg16_bn_s42/faces_cfdWM64/houses_yin64/results.csv,UI
noaa,VGG2k / no AA,r21vgg2k_vgg16_bn_s42,face_transfer,124,single_uu,CFD WM64,Houses,0.36,,50,within_sampled_range,UI,102,70.83333333333334,runs/yin_latest_vgg_20260927/single_noise/r21vgg2k_vgg16_bn_s42/faces_cfdWM64/houses_yin64/results.csv,UI
noaa,VGG2k / no AA,r21vgg2k_vgg16_bn_s42,face_transfer,124,single_uu,CFD WM64,Houses,0.36,,50,within_sampled_range,UI,103,75.0,runs/yin_latest_vgg_20260927/single_noise/r21vgg2k_vgg16_bn_s42/faces_cfdWM64/houses_yin64/results.csv,UI
noaa,VGG2k / no AA,r21vgg2k_vgg16_bn_s42,face_transfer,124,single_uu,CFD WM64,Houses,0.36,,50,within_sampled_range,UI,104,70.83333333333334,runs/yin_latest_vgg_20260927/single_noise/r21vgg2k_vgg16_bn_s42/faces_cfdWM64/houses_yin64/results.csv,UI
noaa,VGG2k / no AA,r21vgg2k_vgg16_bn_s42,face_transfer,124,single_uu,CFD WM64,Houses,0.36,,50,within_sampled_range,UI,105,62.5,runs/yin_latest_vgg_20260927/single_noise/r21vgg2k_vgg16_bn_s42/faces_cfdWM64/houses_yin64/results.csv,UI
noaa,VGG2k / no AA,r21vgg2k_vgg16_bn_s42,face_transfer,124,single_uu,CFD WM64,Houses,0.36,,50,within_sampled_range,UI,106,79.16666666666666,runs/yin_latest_vgg_20260927/single_noise/r21vgg2k_vgg16_bn_s42/faces_cfdWM64/houses_yin64/results.csv,UI
noaa,VGG2k / no AA,r21vgg2k_vgg16_bn_s42,face_transfer,124,single_uu,CFD WM64,Houses,0.36,,50,within_sampled_range,UI,107,83.33333333333334,runs/yin_latest_vgg_20260927/single_noise/r21vgg2k_vgg16_bn_s42/faces_cfdWM64/houses_yin64/results.csv,UI
noaa,VGG2k / no AA,r21vgg2k_vgg16_bn_s42,face_transfer,124,single_uu,CFD WM64,Houses,0.36,,50,within_sampled_range,UI,108,75.0,runs/yin_latest_vgg_20260927/single_noise/r21vgg2k_vgg16_bn_s42/faces_cfdWM64/houses_yin64/results.csv,UI
noaa,VGG2k / no AA,r21vgg2k_vgg16_bn_s42,face_transfer,124,single_uu,CFD WM64,Houses,0.36,,50,within_sampled_range,UI,109,83.33333333333334,runs/yin_latest_vgg_20260927/single_noise/r21vgg2k_vgg16_bn_s42/faces_cfdWM64/houses_yin64/results.csv,UI
noaa,VGG2k / no AA,r21vgg2k_vgg16_bn_s42,face_transfer,124,single_uu,CFD WM64,Houses,0.36,,50,within_sampled_range,UI,110,70.83333333333334,runs/yin_latest_vgg_20260927/single_noise/r21vgg2k_vgg16_bn_s42/faces_cfdWM64/houses_yin64/results.csv,UI
noaa,VGG2k / no AA,r21vgg2k_vgg16_bn_s42,face_transfer,124,single_uu,CFD WM64,Houses,0.36,,50,within_sampled_range,UI,111,58.333333333333336,runs/yin_latest_vgg_20260927/single_noise/r21vgg2k_vgg16_bn_s42/faces_cfdWM64/houses_yin64/results.csv,UI
noaa,VGG2k / no AA,r21vgg2k_vgg16_bn_s42,face_transfer,124,single_uu,CFD WM64,Houses,0.36,,50,within_sampled_range,UI,112,58.333333333333336,runs/yin_latest_vgg_20260927/single_noise/r21vgg2k_vgg16_bn_s42/faces_cfdWM64/houses_yin64/results.csv,UI
noaa,VGG2k / no AA,r21vgg2k_vgg16_bn_s42,face_transfer,124,single_uu,CFD WM64,Houses,0.36,,50,within_sampled_range,UI,113,75.0,runs/yin_latest_vgg_20260927/single_noise/r21vgg2k_vgg16_bn_s42/faces_cfdWM64/houses_yin64/results.csv,UI
noaa,VGG2k / no AA,r21vgg2k_vgg16_bn_s42,face_transfer,124,single_uu,CFD WM64,Houses,0.36,,50,within_sampled_range,UI,114,83.33333333333334,runs/yin_latest_vgg_20260927/single_noise/r21vgg2k_vgg16_bn_s42/faces_cfdWM64/houses_yin64/results.csv,UI
noaa,VGG2k / no AA,r21vgg2k_vgg16_bn_s42,face_transfer,124,single_uu,CFD WM64,Houses,0.36,,50,within_sampled_range,UI,115,70.83333333333334,runs/yin_latest_vgg_20260927/single_noise/r21vgg2k_vgg16_bn_s42/faces_cfdWM64/houses_yin64/results.csv,UI
noaa,VGG2k / no AA,r21vgg2k_vgg16_bn_s42,face_transfer,124,single_uu,CFD WM64,Houses,0.36,,50,within_sampled_range,UI,116,75.0,runs/yin_latest_vgg_20260927/single_noise/r21vgg2k_vgg16_bn_s42/faces_cfdWM64/houses_yin64/results.csv,UI
noaa,VGG2k / no AA,r21vgg2k_vgg16_bn_s42,face_transfer,124,single_uu,CFD WM64,Houses,0.36,,50,within_sampled_range,UI,117,66.66666666666666,runs/yin_latest_vgg_20260927/single_noise/r21vgg2k_vgg16_bn_s42/faces_cfdWM64/houses_yin64/results.csv,UI
noaa,VGG2k / no AA,r21vgg2k_vgg16_bn_s42,face_transfer,124,single_uu,CFD WM64,Houses,0.36,,50,within_sampled_range,UI,118,75.0,runs/yin_latest_vgg_20260927/single_noise/r21vgg2k_vgg16_bn_s42/faces_cfdWM64/houses_yin64/results.csv,UI
noaa,VGG2k / no AA,r21vgg2k_vgg16_bn_s42,face_transfer,124,single_uu,CFD WM64,Houses,0.36,,50,within_sampled_range,UI,119,66.66666666666666,runs/yin_latest_vgg_20260927/single_noise/r21vgg2k_vgg16_bn_s42/faces_cfdWM64/houses_yin64/results.csv,UI
noaa,VGG2k / no AA,r21vgg2k_vgg16_bn_s42,face_transfer,124,single_uu,CFD WM64,Houses,0.36,,50,within_sampled_range,UI,120,70.83333333333334,runs/yin_latest_vgg_20260927/single_noise/r21vgg2k_vgg16_bn_s42/faces_cfdWM64/houses_yin64/results.csv,UI
noaa,VGG2k / no AA,r21vgg2k_vgg16_bn_s42,face_transfer,124,single_uu,CFD WM64,Houses,0.36,,50,within_sampled_range,UI,121,62.5,runs/yin_latest_vgg_20260927/single_noise/r21vgg2k_vgg16_bn_s42/faces_cfdWM64/houses_yin64/results.csv,UI
noaa,VGG2k / no AA,r21vgg2k_vgg16_bn_s42,face_transfer,124,single_uu,CFD WM64,Houses,0.36,,50,within_sampled_range,UI,122,54.166666666666664,runs/yin_latest_vgg_20260927/single_noise/r21vgg2k_vgg16_bn_s42/faces_cfdWM64/houses_yin64/results.csv,UI
noaa,VGG2k / no AA,r21vgg2k_vgg16_bn_s42,face_transfer,124,single_uu,CFD WM64,Houses,0.36,,50,within_sampled_range,UI,123,70.83333333333334,runs/yin_latest_vgg_20260927/single_noise/r21vgg2k_vgg16_bn_s42/faces_cfdWM64/houses_yin64/results.csv,UI
noaa,VGG2k / no AA,r21vgg2k_vgg16_bn_s42,face_transfer,124,single_uu,CFD WM64,Houses,0.36,,50,within_sampled_range,UI,124,75.0,runs/yin_latest_vgg_20260927/single_noise/r21vgg2k_vgg16_bn_s42/faces_cfdWM64/houses_yin64/results.csv,UI
noaa,VGG2k / no AA,r21vgg2k_vgg16_bn_s42,face_transfer,124,single_uu,CFD WM64,Houses,0.36,,50,within_sampled_range,UI,125,58.333333333333336,runs/yin_latest_vgg_20260927/single_noise/r21vgg2k_vgg16_bn_s42/faces_cfdWM64/houses_yin64/results.csv,UI
noaa,VGG2k / no AA,r21vgg2k_vgg16_bn_s42,face_transfer,124,single_uu,CFD WM64,Houses,0.36,,50,within_sampled_range,UI,126,70.83333333333334,runs/yin_latest_vgg_20260927/single_noise/r21vgg2k_vgg16_bn_s42/faces_cfdWM64/houses_yin64/results.csv,UI
noaa,VGG2k / no AA,r21vgg2k_vgg16_bn_s42,face_transfer,124,single_uu,CFD WM64,Houses,0.36,,50,within_sampled_range,UI,127,70.83333333333334,runs/yin_latest_vgg_20260927/single_noise/r21vgg2k_vgg16_bn_s42/faces_cfdWM64/houses_yin64/results.csv,UI
noaa,VGG2k / no AA,r21vgg2k_vgg16_bn_s42,face_transfer,124,single_uu,CFD WM64,Houses,0.36,,50,within_sampled_range,UI,128,75.0,runs/yin_latest_vgg_20260927/single_noise/r21vgg2k_vgg16_bn_s42/faces_cfdWM64/houses_yin64/results.csv,UI
noaa,VGG2k / no AA,r21vgg2k_vgg16_bn_s42,face_transfer,124,single_uu,CFD WM64,Houses,0.36,,50,within_sampled_range,UI,129,75.0,runs/yin_latest_vgg_20260927/single_noise/r21vgg2k_vgg16_bn_s42/faces_cfdWM64/houses_yin64/results.csv,UI
noaa,VGG2k / no AA,r21vgg2k_vgg16_bn_s42,face_transfer,124,single_uu,CFD WM64,Houses,0.36,,50,within_sampled_range,UI,130,75.0,runs/yin_latest_vgg_20260927/single_noise/r21vgg2k_vgg16_bn_s42/faces_cfdWM64/houses_yin64/results.csv,UI
noaa,VGG2k / no AA,r21vgg2k_vgg16_bn_s42,face_transfer,124,single_uu,CFD WM64,Houses,0.36,,50,within_sampled_range,UI,131,75.0,runs/yin_latest_vgg_20260927/single_noise/r21vgg2k_vgg16_bn_s42/faces_cfdWM64/houses_yin64/results.csv,UI
noaa,VGG2k / no AA,r21vgg2k_vgg16_bn_s42,face_transfer,124,single_uu,CFD WM64,Houses,0.36,,50,within_sampled_range,UI,132,79.16666666666666,runs/yin_latest_vgg_20260927/single_noise/r21vgg2k_vgg16_bn_s42/faces_cfdWM64/houses_yin64/results.csv,UI
noaa,VGG2k / no AA,r21vgg2k_vgg16_bn_s42,face_transfer,124,single_uu,CFD WM64,Houses,0.36,,50,within_sampled_range,UI,133,75.0,runs/yin_latest_vgg_20260927/single_noise/r21vgg2k_vgg16_bn_s42/faces_cfdWM64/houses_yin64/results.csv,UI
noaa,VGG2k / no AA,r21vgg2k_vgg16_bn_s42,face_transfer,124,single_uu,CFD WM64,Houses,0.36,,50,within_sampled_range,UI,134,79.16666666666666,runs/yin_latest_vgg_20260927/single_noise/r21vgg2k_vgg16_bn_s42/faces_cfdWM64/houses_yin64/results.csv,UI
noaa,VGG2k / no AA,r21vgg2k_vgg16_bn_s42,face_transfer,124,single_uu,CFD WM64,Houses,0.36,,50,within_sampled_range,UI,135,70.83333333333334,runs/yin_latest_vgg_20260927/single_noise/r21vgg2k_vgg16_bn_s42/faces_cfdWM64/houses_yin64/results.csv,UI
noaa,VGG2k / no AA,r21vgg2k_vgg16_bn_s42,face_transfer,124,single_uu,CFD WM64,Houses,0.36,,50,within_sampled_range,UI,136,66.66666666666666,runs/yin_latest_vgg_20260927/single_noise/r21vgg2k_vgg16_bn_s42/faces_cfdWM64/houses_yin64/results.csv,UI
noaa,VGG2k / no AA,r21vgg2k_vgg16_bn_s42,face_transfer,124,single_uu,CFD WM64,Houses,0.36,,50,within_sampled_range,UI,137,58.333333333333336,runs/yin_latest_vgg_20260927/single_noise/r21vgg2k_vgg16_bn_s42/faces_cfdWM64/houses_yin64/results.csv,UI
noaa,VGG2k / no AA,r21vgg2k_vgg16_bn_s42,face_transfer,124,single_uu,CFD WM64,Houses,0.36,,50,within_sampled_range,UI,138,62.5,runs/yin_latest_vgg_20260927/single_noise/r21vgg2k_vgg16_bn_s42/faces_cfdWM64/houses_yin64/results.csv,UI
noaa,VGG2k / no AA,r21vgg2k_vgg16_bn_s42,face_transfer,124,single_uu,CFD WM64,Houses,0.36,,50,within_sampled_range,UI,139,62.5,runs/yin_latest_vgg_20260927/single_noise/r21vgg2k_vgg16_bn_s42/faces_cfdWM64/houses_yin64/results.csv,UI
noaa,VGG2k / no AA,r21vgg2k_vgg16_bn_s42,face_transfer,124,single_uu,CFD WM64,Houses,0.36,,50,within_sampled_range,UI,140,70.83333333333334,runs/yin_latest_vgg_20260927/single_noise/r21vgg2k_vgg16_bn_s42/faces_cfdWM64/houses_yin64/results.csv,UI
noaa,VGG2k / no AA,r21vgg2k_vgg16_bn_s42,face_transfer,124,single_uu,CFD WM64,Houses,0.36,,50,within_sampled_range,UI,141,75.0,runs/yin_latest_vgg_20260927/single_noise/r21vgg2k_vgg16_bn_s42/faces_cfdWM64/houses_yin64/results.csv,UI
noaa,VGG2k / no AA,r21vgg2k_vgg16_bn_s42,face_transfer,124,single_uu,CFD WM64,Houses,0.36,,50,within_sampled_range,UI,142,79.16666666666666,runs/yin_latest_vgg_20260927/single_noise/r21vgg2k_vgg16_bn_s42/faces_cfdWM64/houses_yin64/results.csv,UI
noaa,VGG2k / no AA,r21vgg2k_vgg16_bn_s42,face_transfer,124,single_uu,CFD WM64,Houses,0.36,,50,within_sampled_range,UI,143,66.66666666666666,runs/yin_latest_vgg_20260927/single_noise/r21vgg2k_vgg16_bn_s42/faces_cfdWM64/houses_yin64/results.csv,UI
noaa,VGG2k / no AA,r21vgg2k_vgg16_bn_s42,face_transfer,124,single_uu,CFD WM64,Houses,0.36,,50,within_sampled_range,UI,144,66.66666666666666,runs/yin_latest_vgg_20260927/single_noise/r21vgg2k_vgg16_bn_s42/faces_cfdWM64/houses_yin64/results.csv,UI
noaa,VGG2k / no AA,r21vgg2k_vgg16_bn_s42,face_transfer,124,single_uu,CFD WM64,Houses,0.36,,50,within_sampled_range,UI,145,79.16666666666666,runs/yin_latest_vgg_20260927/single_noise/r21vgg2k_vgg16_bn_s42/faces_cfdWM64/houses_yin64/results.csv,UI
noaa,VGG2k / no AA,r21vgg2k_vgg16_bn_s42,face_transfer,124,single_uu,CFD WM64,Houses,0.36,,50,within_sampled_range,UI,146,70.83333333333334,runs/yin_latest_vgg_20260927/single_noise/r21vgg2k_vgg16_bn_s42/faces_cfdWM64/houses_yin64/results.csv,UI
noaa,VGG2k / no AA,r21vgg2k_vgg16_bn_s42,face_transfer,124,single_uu,CFD WM64,Houses,0.36,,50,within_sampled_range,UI,147,58.333333333333336,runs/yin_latest_vgg_20260927/single_noise/r21vgg2k_vgg16_bn_s42/faces_cfdWM64/houses_yin64/results.csv,UI
noaa,VGG2k / no AA,r21vgg2k_vgg16_bn_s42,face_transfer,124,single_uu,CFD WM64,Houses,0.36,,50,within_sampled_range,UI,148,66.66666666666666,runs/yin_latest_vgg_20260927/single_noise/r21vgg2k_vgg16_bn_s42/faces_cfdWM64/houses_yin64/results.csv,UI
noaa,VGG2k / no AA,r21vgg2k_vgg16_bn_s42,face_transfer,124,single_uu,CFD WM64,Houses,0.36,,50,within_sampled_range,UI,149,66.66666666666666,runs/yin_latest_vgg_20260927/single_noise/r21vgg2k_vgg16_bn_s42/faces_cfdWM64/houses_yin64/results.csv,UI
noaa,VGG2k / no AA,r21vgg2k_vgg16_bn_s42,face_transfer,124,single_uu,CFD WM64,Houses,0.36,,50,within_sampled_range,UI,150,75.0,runs/yin_latest_vgg_20260927/single_noise/r21vgg2k_vgg16_bn_s42/faces_cfdWM64/houses_yin64/results.csv,UI
noaa,VGG2k / no AA,r21vgg2k_vgg16_bn_s42,face_transfer,124,single_uu,CFD WM64,Houses,0.36,,50,within_sampled_range,IU,101,62.5,runs/yin_latest_vgg_20260927/single_noise/r21vgg2k_vgg16_bn_s42/faces_cfdWM64/houses_yin64/results.csv,IU
noaa,VGG2k / no AA,r21vgg2k_vgg16_bn_s42,face_transfer,124,single_uu,CFD WM64,Houses,0.36,,50,within_sampled_range,IU,102,75.0,runs/yin_latest_vgg_20260927/single_noise/r21vgg2k_vgg16_bn_s42/faces_cfdWM64/houses_yin64/results.csv,IU
noaa,VGG2k / no AA,r21vgg2k_vgg16_bn_s42,face_transfer,124,single_uu,CFD WM64,Houses,0.36,,50,within_sampled_range,IU,103,75.0,runs/yin_latest_vgg_20260927/single_noise/r21vgg2k_vgg16_bn_s42/faces_cfdWM64/houses_yin64/results.csv,IU
noaa,VGG2k / no AA,r21vgg2k_vgg16_bn_s42,face_transfer,124,single_uu,CFD WM64,Houses,0.36,,50,within_sampled_range,IU,104,79.16666666666666,runs/yin_latest_vgg_20260927/single_noise/r21vgg2k_vgg16_bn_s42/faces_cfdWM64/houses_yin64/results.csv,IU
noaa,VGG2k / no AA,r21vgg2k_vgg16_bn_s42,face_transfer,124,single_uu,CFD WM64,Houses,0.36,,50,within_sampled_range,IU,105,62.5,runs/yin_latest_vgg_20260927/single_noise/r21vgg2k_vgg16_bn_s42/faces_cfdWM64/houses_yin64/results.csv,IU
noaa,VGG2k / no AA,r21vgg2k_vgg16_bn_s42,face_transfer,124,single_uu,CFD WM64,Houses,0.36,,50,within_sampled_range,IU,106,66.66666666666666,runs/yin_latest_vgg_20260927/single_noise/r21vgg2k_vgg16_bn_s42/faces_cfdWM64/houses_yin64/results.csv,IU
noaa,VGG2k / no AA,r21vgg2k_vgg16_bn_s42,face_transfer,124,single_uu,CFD WM64,Houses,0.36,,50,within_sampled_range,IU,107,66.66666666666666,runs/yin_latest_vgg_20260927/single_noise/r21vgg2k_vgg16_bn_s42/faces_cfdWM64/houses_yin64/results.csv,IU
noaa,VGG2k / no AA,r21vgg2k_vgg16_bn_s42,face_transfer,124,single_uu,CFD WM64,Houses,0.36,,50,within_sampled_range,IU,108,62.5,runs/yin_latest_vgg_20260927/single_noise/r21vgg2k_vgg16_bn_s42/faces_cfdWM64/houses_yin64/results.csv,IU
noaa,VGG2k / no AA,r21vgg2k_vgg16_bn_s42,face_transfer,124,single_uu,CFD WM64,Houses,0.36,,50,within_sampled_range,IU,109,75.0,runs/yin_latest_vgg_20260927/single_noise/r21vgg2k_vgg16_bn_s42/faces_cfdWM64/houses_yin64/results.csv,IU
noaa,VGG2k / no AA,r21vgg2k_vgg16_bn_s42,face_transfer,124,single_uu,CFD WM64,Houses,0.36,,50,within_sampled_range,IU,110,54.166666666666664,runs/yin_latest_vgg_20260927/single_noise/r21vgg2k_vgg16_bn_s42/faces_cfdWM64/houses_yin64/results.csv,IU
noaa,VGG2k / no AA,r21vgg2k_vgg16_bn_s42,face_transfer,124,single_uu,CFD WM64,Houses,0.36,,50,within_sampled_range,IU,111,54.166666666666664,runs/yin_latest_vgg_20260927/single_noise/r21vgg2k_vgg16_bn_s42/faces_cfdWM64/houses_yin64/results.csv,IU
noaa,VGG2k / no AA,r21vgg2k_vgg16_bn_s42,face_transfer,124,single_uu,CFD WM64,Houses,0.36,,50,within_sampled_range,IU,112,75.0,runs/yin_latest_vgg_20260927/single_noise/r21vgg2k_vgg16_bn_s42/faces_cfdWM64/houses_yin64/results.csv,IU
noaa,VGG2k / no AA,r21vgg2k_vgg16_bn_s42,face_transfer,124,single_uu,CFD WM64,Houses,0.36,,50,within_sampled_range,IU,113,66.66666666666666,runs/yin_latest_vgg_20260927/single_noise/r21vgg2k_vgg16_bn_s42/faces_cfdWM64/houses_yin64/results.csv,IU
noaa,VGG2k / no AA,r21vgg2k_vgg16_bn_s42,face_transfer,124,single_uu,CFD WM64,Houses,0.36,,50,within_sampled_range,IU,114,83.33333333333334,runs/yin_latest_vgg_20260927/single_noise/r21vgg2k_vgg16_bn_s42/faces_cfdWM64/houses_yin64/results.csv,IU
noaa,VGG2k / no AA,r21vgg2k_vgg16_bn_s42,face_transfer,124,single_uu,CFD WM64,Houses,0.36,,50,within_sampled_range,IU,115,70.83333333333334,runs/yin_latest_vgg_20260927/single_noise/r21vgg2k_vgg16_bn_s42/faces_cfdWM64/houses_yin64/results.csv,IU
noaa,VGG2k / no AA,r21vgg2k_vgg16_bn_s42,face_transfer,124,single_uu,CFD WM64,Houses,0.36,,50,within_sampled_range,IU,116,75.0,runs/yin_latest_vgg_20260927/single_noise/r21vgg2k_vgg16_bn_s42/faces_cfdWM64/houses_yin64/results.csv,IU
noaa,VGG2k / no AA,r21vgg2k_vgg16_bn_s42,face_transfer,124,single_uu,CFD WM64,Houses,0.36,,50,within_sampled_range,IU,117,62.5,runs/yin_latest_vgg_20260927/single_noise/r21vgg2k_vgg16_bn_s42/faces_cfdWM64/houses_yin64/results.csv,IU
noaa,VGG2k / no AA,r21vgg2k_vgg16_bn_s42,face_transfer,124,single_uu,CFD WM64,Houses,0.36,,50,within_sampled_range,IU,118,75.0,runs/yin_latest_vgg_20260927/single_noise/r21vgg2k_vgg16_bn_s42/faces_cfdWM64/houses_yin64/results.csv,IU
noaa,VGG2k / no AA,r21vgg2k_vgg16_bn_s42,face_transfer,124,single_uu,CFD WM64,Houses,0.36,,50,within_sampled_range,IU,119,70.83333333333334,runs/yin_latest_vgg_20260927/single_noise/r21vgg2k_vgg16_bn_s42/faces_cfdWM64/houses_yin64/results.csv,IU
noaa,VGG2k / no AA,r21vgg2k_vgg16_bn_s42,face_transfer,124,single_uu,CFD WM64,Houses,0.36,,50,within_sampled_range,IU,120,58.333333333333336,runs/yin_latest_vgg_20260927/single_noise/r21vgg2k_vgg16_bn_s42/faces_cfdWM64/houses_yin64/results.csv,IU
noaa,VGG2k / no AA,r21vgg2k_vgg16_bn_s42,face_transfer,124,single_uu,CFD WM64,Houses,0.36,,50,within_sampled_range,IU,121,62.5,runs/yin_latest_vgg_20260927/single_noise/r21vgg2k_vgg16_bn_s42/faces_cfdWM64/houses_yin64/results.csv,IU
noaa,VGG2k / no AA,r21vgg2k_vgg16_bn_s42,face_transfer,124,single_uu,CFD WM64,Houses,0.36,,50,within_sampled_range,IU,122,58.333333333333336,runs/yin_latest_vgg_20260927/single_noise/r21vgg2k_vgg16_bn_s42/faces_cfdWM64/houses_yin64/results.csv,IU
noaa,VGG2k / no AA,r21vgg2k_vgg16_bn_s42,face_transfer,124,single_uu,CFD WM64,Houses,0.36,,50,within_sampled_range,IU,123,75.0,runs/yin_latest_vgg_20260927/single_noise/r21vgg2k_vgg16_bn_s42/faces_cfdWM64/houses_yin64/results.csv,IU
noaa,VGG2k / no AA,r21vgg2k_vgg16_bn_s42,face_transfer,124,single_uu,CFD WM64,Houses,0.36,,50,within_sampled_range,IU,124,70.83333333333334,runs/yin_latest_vgg_20260927/single_noise/r21vgg2k_vgg16_bn_s42/faces_cfdWM64/houses_yin64/results.csv,IU
noaa,VGG2k / no AA,r21vgg2k_vgg16_bn_s42,face_transfer,124,single_uu,CFD WM64,Houses,0.36,,50,within_sampled_range,IU,125,79.16666666666666,runs/yin_latest_vgg_20260927/single_noise/r21vgg2k_vgg16_bn_s42/faces_cfdWM64/houses_yin64/results.csv,IU
noaa,VGG2k / no AA,r21vgg2k_vgg16_bn_s42,face_transfer,124,single_uu,CFD WM64,Houses,0.36,,50,within_sampled_range,IU,126,70.83333333333334,runs/yin_latest_vgg_20260927/single_noise/r21vgg2k_vgg16_bn_s42/faces_cfdWM64/houses_yin64/results.csv,IU
noaa,VGG2k / no AA,r21vgg2k_vgg16_bn_s42,face_transfer,124,single_uu,CFD WM64,Houses,0.36,,50,within_sampled_range,IU,127,83.33333333333334,runs/yin_latest_vgg_20260927/single_noise/r21vgg2k_vgg16_bn_s42/faces_cfdWM64/houses_yin64/results.csv,IU
noaa,VGG2k / no AA,r21vgg2k_vgg16_bn_s42,face_transfer,124,single_uu,CFD WM64,Houses,0.36,,50,within_sampled_range,IU,128,70.83333333333334,runs/yin_latest_vgg_20260927/single_noise/r21vgg2k_vgg16_bn_s42/faces_cfdWM64/houses_yin64/results.csv,IU
noaa,VGG2k / no AA,r21vgg2k_vgg16_bn_s42,face_transfer,124,single_uu,CFD WM64,Houses,0.36,,50,within_sampled_range,IU,129,62.5,runs/yin_latest_vgg_20260927/single_noise/r21vgg2k_vgg16_bn_s42/faces_cfdWM64/houses_yin64/results.csv,IU
noaa,VGG2k / no AA,r21vgg2k_vgg16_bn_s42,face_transfer,124,single_uu,CFD WM64,Houses,0.36,,50,within_sampled_range,IU,130,70.83333333333334,runs/yin_latest_vgg_20260927/single_noise/r21vgg2k_vgg16_bn_s42/faces_cfdWM64/houses_yin64/results.csv,IU
noaa,VGG2k / no AA,r21vgg2k_vgg16_bn_s42,face_transfer,124,single_uu,CFD WM64,Houses,0.36,,50,within_sampled_range,IU,131,70.83333333333334,runs/yin_latest_vgg_20260927/single_noise/r21vgg2k_vgg16_bn_s42/faces_cfdWM64/houses_yin64/results.csv,IU
noaa,VGG2k / no AA,r21vgg2k_vgg16_bn_s42,face_transfer,124,single_uu,CFD WM64,Houses,0.36,,50,within_sampled_range,IU,132,66.66666666666666,runs/yin_latest_vgg_20260927/single_noise/r21vgg2k_vgg16_bn_s42/faces_cfdWM64/houses_yin64/results.csv,IU
noaa,VGG2k / no AA,r21vgg2k_vgg16_bn_s42,face_transfer,124,single_uu,CFD WM64,Houses,0.36,,50,within_sampled_range,IU,133,75.0,runs/yin_latest_vgg_20260927/single_noise/r21vgg2k_vgg16_bn_s42/faces_cfdWM64/houses_yin64/results.csv,IU
noaa,VGG2k / no AA,r21vgg2k_vgg16_bn_s42,face_transfer,124,single_uu,CFD WM64,Houses,0.36,,50,within_sampled_range,IU,134,75.0,runs/yin_latest_vgg_20260927/single_noise/r21vgg2k_vgg16_bn_s42/faces_cfdWM64/houses_yin64/results.csv,IU
noaa,VGG2k / no AA,r21vgg2k_vgg16_bn_s42,face_transfer,124,single_uu,CFD WM64,Houses,0.36,,50,within_sampled_range,IU,135,75.0,runs/yin_latest_vgg_20260927/single_noise/r21vgg2k_vgg16_bn_s42/faces_cfdWM64/houses_yin64/results.csv,IU
noaa,VGG2k / no AA,r21vgg2k_vgg16_bn_s42,face_transfer,124,single_uu,CFD WM64,Houses,0.36,,50,within_sampled_range,IU,136,75.0,runs/yin_latest_vgg_20260927/single_noise/r21vgg2k_vgg16_bn_s42/faces_cfdWM64/houses_yin64/results.csv,IU
noaa,VGG2k / no AA,r21vgg2k_vgg16_bn_s42,face_transfer,124,single_uu,CFD WM64,Houses,0.36,,50,within_sampled_range,IU,137,75.0,runs/yin_latest_vgg_20260927/single_noise/r21vgg2k_vgg16_bn_s42/faces_cfdWM64/houses_yin64/results.csv,IU
noaa,VGG2k / no AA,r21vgg2k_vgg16_bn_s42,face_transfer,124,single_uu,CFD WM64,Houses,0.36,,50,within_sampled_range,IU,138,66.66666666666666,runs/yin_latest_vgg_20260927/single_noise/r21vgg2k_vgg16_bn_s42/faces_cfdWM64/houses_yin64/results.csv,IU
noaa,VGG2k / no AA,r21vgg2k_vgg16_bn_s42,face_transfer,124,single_uu,CFD WM64,Houses,0.36,,50,within_sampled_range,IU,139,75.0,runs/yin_latest_vgg_20260927/single_noise/r21vgg2k_vgg16_bn_s42/faces_cfdWM64/houses_yin64/results.csv,IU
noaa,VGG2k / no AA,r21vgg2k_vgg16_bn_s42,face_transfer,124,single_uu,CFD WM64,Houses,0.36,,50,within_sampled_range,IU,140,70.83333333333334,runs/yin_latest_vgg_20260927/single_noise/r21vgg2k_vgg16_bn_s42/faces_cfdWM64/houses_yin64/results.csv,IU
noaa,VGG2k / no AA,r21vgg2k_vgg16_bn_s42,face_transfer,124,single_uu,CFD WM64,Houses,0.36,,50,within_sampled_range,IU,141,75.0,runs/yin_latest_vgg_20260927/single_noise/r21vgg2k_vgg16_bn_s42/faces_cfdWM64/houses_yin64/results.csv,IU
noaa,VGG2k / no AA,r21vgg2k_vgg16_bn_s42,face_transfer,124,single_uu,CFD WM64,Houses,0.36,,50,within_sampled_range,IU,142,75.0,runs/yin_latest_vgg_20260927/single_noise/r21vgg2k_vgg16_bn_s42/faces_cfdWM64/houses_yin64/results.csv,IU
noaa,VGG2k / no AA,r21vgg2k_vgg16_bn_s42,face_transfer,124,single_uu,CFD WM64,Houses,0.36,,50,within_sampled_range,IU,143,75.0,runs/yin_latest_vgg_20260927/single_noise/r21vgg2k_vgg16_bn_s42/faces_cfdWM64/houses_yin64/results.csv,IU
noaa,VGG2k / no AA,r21vgg2k_vgg16_bn_s42,face_transfer,124,single_uu,CFD WM64,Houses,0.36,,50,within_sampled_range,IU,144,75.0,runs/yin_latest_vgg_20260927/single_noise/r21vgg2k_vgg16_bn_s42/faces_cfdWM64/houses_yin64/results.csv,IU
noaa,VGG2k / no AA,r21vgg2k_vgg16_bn_s42,face_transfer,124,single_uu,CFD WM64,Houses,0.36,,50,within_sampled_range,IU,145,87.5,runs/yin_latest_vgg_20260927/single_noise/r21vgg2k_vgg16_bn_s42/faces_cfdWM64/houses_yin64/results.csv,IU
noaa,VGG2k / no AA,r21vgg2k_vgg16_bn_s42,face_transfer,124,single_uu,CFD WM64,Houses,0.36,,50,within_sampled_range,IU,146,70.83333333333334,runs/yin_latest_vgg_20260927/single_noise/r21vgg2k_vgg16_bn_s42/faces_cfdWM64/houses_yin64/results.csv,IU
noaa,VGG2k / no AA,r21vgg2k_vgg16_bn_s42,face_transfer,124,single_uu,CFD WM64,Houses,0.36,,50,within_sampled_range,IU,147,66.66666666666666,runs/yin_latest_vgg_20260927/single_noise/r21vgg2k_vgg16_bn_s42/faces_cfdWM64/houses_yin64/results.csv,IU
noaa,VGG2k / no AA,r21vgg2k_vgg16_bn_s42,face_transfer,124,single_uu,CFD WM64,Houses,0.36,,50,within_sampled_range,IU,148,75.0,runs/yin_latest_vgg_20260927/single_noise/r21vgg2k_vgg16_bn_s42/faces_cfdWM64/houses_yin64/results.csv,IU
noaa,VGG2k / no AA,r21vgg2k_vgg16_bn_s42,face_transfer,124,single_uu,CFD WM64,Houses,0.36,,50,within_sampled_range,IU,149,75.0,runs/yin_latest_vgg_20260927/single_noise/r21vgg2k_vgg16_bn_s42/faces_cfdWM64/houses_yin64/results.csv,IU
noaa,VGG2k / no AA,r21vgg2k_vgg16_bn_s42,face_transfer,124,single_uu,CFD WM64,Houses,0.36,,50,within_sampled_range,IU,150,66.66666666666666,runs/yin_latest_vgg_20260927/single_noise/r21vgg2k_vgg16_bn_s42/faces_cfdWM64/houses_yin64/results.csv,IU
noaa,VGG2k / no AA,r21vgg2k_vgg16_bn_s42,face_transfer,124,two_cross,CFD WM64,Houses,0.36,0.38,50,within_sampled_range,UU,101,75.0,runs/yin_latest_vgg_20260927/transfer/results/r21vgg2k_vgg16_bn_s42/faces_cfdWM64/houses_yin64/results.csv,UU
noaa,VGG2k / no AA,r21vgg2k_vgg16_bn_s42,face_transfer,124,two_cross,CFD WM64,Houses,0.36,0.38,50,within_sampled_range,UU,102,83.33333333333334,runs/yin_latest_vgg_20260927/transfer/results/r21vgg2k_vgg16_bn_s42/faces_cfdWM64/houses_yin64/results.csv,UU
noaa,VGG2k / no AA,r21vgg2k_vgg16_bn_s42,face_transfer,124,two_cross,CFD WM64,Houses,0.36,0.38,50,within_sampled_range,UU,103,66.66666666666666,runs/yin_latest_vgg_20260927/transfer/results/r21vgg2k_vgg16_bn_s42/faces_cfdWM64/houses_yin64/results.csv,UU
noaa,VGG2k / no AA,r21vgg2k_vgg16_bn_s42,face_transfer,124,two_cross,CFD WM64,Houses,0.36,0.38,50,within_sampled_range,UU,104,79.16666666666666,runs/yin_latest_vgg_20260927/transfer/results/r21vgg2k_vgg16_bn_s42/faces_cfdWM64/houses_yin64/results.csv,UU
noaa,VGG2k / no AA,r21vgg2k_vgg16_bn_s42,face_transfer,124,two_cross,CFD WM64,Houses,0.36,0.38,50,within_sampled_range,UU,105,62.5,runs/yin_latest_vgg_20260927/transfer/results/r21vgg2k_vgg16_bn_s42/faces_cfdWM64/houses_yin64/results.csv,UU
noaa,VGG2k / no AA,r21vgg2k_vgg16_bn_s42,face_transfer,124,two_cross,CFD WM64,Houses,0.36,0.38,50,within_sampled_range,UU,106,79.16666666666666,runs/yin_latest_vgg_20260927/transfer/results/r21vgg2k_vgg16_bn_s42/faces_cfdWM64/houses_yin64/results.csv,UU
noaa,VGG2k / no AA,r21vgg2k_vgg16_bn_s42,face_transfer,124,two_cross,CFD WM64,Houses,0.36,0.38,50,within_sampled_range,UU,107,66.66666666666666,runs/yin_latest_vgg_20260927/transfer/results/r21vgg2k_vgg16_bn_s42/faces_cfdWM64/houses_yin64/results.csv,UU
noaa,VGG2k / no AA,r21vgg2k_vgg16_bn_s42,face_transfer,124,two_cross,CFD WM64,Houses,0.36,0.38,50,within_sampled_range,UU,108,66.66666666666666,runs/yin_latest_vgg_20260927/transfer/results/r21vgg2k_vgg16_bn_s42/faces_cfdWM64/houses_yin64/results.csv,UU
noaa,VGG2k / no AA,r21vgg2k_vgg16_bn_s42,face_transfer,124,two_cross,CFD WM64,Houses,0.36,0.38,50,within_sampled_range,UU,109,62.5,runs/yin_latest_vgg_20260927/transfer/results/r21vgg2k_vgg16_bn_s42/faces_cfdWM64/houses_yin64/results.csv,UU
noaa,VGG2k / no AA,r21vgg2k_vgg16_bn_s42,face_transfer,124,two_cross,CFD WM64,Houses,0.36,0.38,50,within_sampled_range,UU,110,54.166666666666664,runs/yin_latest_vgg_20260927/transfer/results/r21vgg2k_vgg16_bn_s42/faces_cfdWM64/houses_yin64/results.csv,UU
noaa,VGG2k / no AA,r21vgg2k_vgg16_bn_s42,face_transfer,124,two_cross,CFD WM64,Houses,0.36,0.38,50,within_sampled_range,UU,111,62.5,runs/yin_latest_vgg_20260927/transfer/results/r21vgg2k_vgg16_bn_s42/faces_cfdWM64/houses_yin64/results.csv,UU
noaa,VGG2k / no AA,r21vgg2k_vgg16_bn_s42,face_transfer,124,two_cross,CFD WM64,Houses,0.36,0.38,50,within_sampled_range,UU,112,70.83333333333334,runs/yin_latest_vgg_20260927/transfer/results/r21vgg2k_vgg16_bn_s42/faces_cfdWM64/houses_yin64/results.csv,UU
noaa,VGG2k / no AA,r21vgg2k_vgg16_bn_s42,face_transfer,124,two_cross,CFD WM64,Houses,0.36,0.38,50,within_sampled_range,UU,113,75.0,runs/yin_latest_vgg_20260927/transfer/results/r21vgg2k_vgg16_bn_s42/faces_cfdWM64/houses_yin64/results.csv,UU
noaa,VGG2k / no AA,r21vgg2k_vgg16_bn_s42,face_transfer,124,two_cross,CFD WM64,Houses,0.36,0.38,50,within_sampled_range,UU,114,75.0,runs/yin_latest_vgg_20260927/transfer/results/r21vgg2k_vgg16_bn_s42/faces_cfdWM64/houses_yin64/results.csv,UU
noaa,VGG2k / no AA,r21vgg2k_vgg16_bn_s42,face_transfer,124,two_cross,CFD WM64,Houses,0.36,0.38,50,within_sampled_range,UU,115,75.0,runs/yin_latest_vgg_20260927/transfer/results/r21vgg2k_vgg16_bn_s42/faces_cfdWM64/houses_yin64/results.csv,UU
noaa,VGG2k / no AA,r21vgg2k_vgg16_bn_s42,face_transfer,124,two_cross,CFD WM64,Houses,0.36,0.38,50,within_sampled_range,UU,116,62.5,runs/yin_latest_vgg_20260927/transfer/results/r21vgg2k_vgg16_bn_s42/faces_cfdWM64/houses_yin64/results.csv,UU
noaa,VGG2k / no AA,r21vgg2k_vgg16_bn_s42,face_transfer,124,two_cross,CFD WM64,Houses,0.36,0.38,50,within_sampled_range,UU,117,75.0,runs/yin_latest_vgg_20260927/transfer/results/r21vgg2k_vgg16_bn_s42/faces_cfdWM64/houses_yin64/results.csv,UU
noaa,VGG2k / no AA,r21vgg2k_vgg16_bn_s42,face_transfer,124,two_cross,CFD WM64,Houses,0.36,0.38,50,within_sampled_range,UU,118,70.83333333333334,runs/yin_latest_vgg_20260927/transfer/results/r21vgg2k_vgg16_bn_s42/faces_cfdWM64/houses_yin64/results.csv,UU
noaa,VGG2k / no AA,r21vgg2k_vgg16_bn_s42,face_transfer,124,two_cross,CFD WM64,Houses,0.36,0.38,50,within_sampled_range,UU,119,75.0,runs/yin_latest_vgg_20260927/transfer/results/r21vgg2k_vgg16_bn_s42/faces_cfdWM64/houses_yin64/results.csv,UU
noaa,VGG2k / no AA,r21vgg2k_vgg16_bn_s42,face_transfer,124,two_cross,CFD WM64,Houses,0.36,0.38,50,within_sampled_range,UU,120,66.66666666666666,runs/yin_latest_vgg_20260927/transfer/results/r21vgg2k_vgg16_bn_s42/faces_cfdWM64/houses_yin64/results.csv,UU
noaa,VGG2k / no AA,r21vgg2k_vgg16_bn_s42,face_transfer,124,two_cross,CFD WM64,Houses,0.36,0.38,50,within_sampled_range,UU,121,75.0,runs/yin_latest_vgg_20260927/transfer/results/r21vgg2k_vgg16_bn_s42/faces_cfdWM64/houses_yin64/results.csv,UU
noaa,VGG2k / no AA,r21vgg2k_vgg16_bn_s42,face_transfer,124,two_cross,CFD WM64,Houses,0.36,0.38,50,within_sampled_range,UU,122,70.83333333333334,runs/yin_latest_vgg_20260927/transfer/results/r21vgg2k_vgg16_bn_s42/faces_cfdWM64/houses_yin64/results.csv,UU
noaa,VGG2k / no AA,r21vgg2k_vgg16_bn_s42,face_transfer,124,two_cross,CFD WM64,Houses,0.36,0.38,50,within_sampled_range,UU,123,70.83333333333334,runs/yin_latest_vgg_20260927/transfer/results/r21vgg2k_vgg16_bn_s42/faces_cfdWM64/houses_yin64/results.csv,UU
noaa,VGG2k / no AA,r21vgg2k_vgg16_bn_s42,face_transfer,124,two_cross,CFD WM64,Houses,0.36,0.38,50,within_sampled_range,UU,124,66.66666666666666,runs/yin_latest_vgg_20260927/transfer/results/r21vgg2k_vgg16_bn_s42/faces_cfdWM64/houses_yin64/results.csv,UU
noaa,VGG2k / no AA,r21vgg2k_vgg16_bn_s42,face_transfer,124,two_cross,CFD WM64,Houses,0.36,0.38,50,within_sampled_range,UU,125,75.0,runs/yin_latest_vgg_20260927/transfer/results/r21vgg2k_vgg16_bn_s42/faces_cfdWM64/houses_yin64/results.csv,UU
noaa,VGG2k / no AA,r21vgg2k_vgg16_bn_s42,face_transfer,124,two_cross,CFD WM64,Houses,0.36,0.38,50,within_sampled_range,UU,126,58.333333333333336,runs/yin_latest_vgg_20260927/transfer/results/r21vgg2k_vgg16_bn_s42/faces_cfdWM64/houses_yin64/results.csv,UU
noaa,VGG2k / no AA,r21vgg2k_vgg16_bn_s42,face_transfer,124,two_cross,CFD WM64,Houses,0.36,0.38,50,within_sampled_range,UU,127,79.16666666666666,runs/yin_latest_vgg_20260927/transfer/results/r21vgg2k_vgg16_bn_s42/faces_cfdWM64/houses_yin64/results.csv,UU
noaa,VGG2k / no AA,r21vgg2k_vgg16_bn_s42,face_transfer,124,two_cross,CFD WM64,Houses,0.36,0.38,50,within_sampled_range,UU,128,75.0,runs/yin_latest_vgg_20260927/transfer/results/r21vgg2k_vgg16_bn_s42/faces_cfdWM64/houses_yin64/results.csv,UU
noaa,VGG2k / no AA,r21vgg2k_vgg16_bn_s42,face_transfer,124,two_cross,CFD WM64,Houses,0.36,0.38,50,within_sampled_range,UU,129,70.83333333333334,runs/yin_latest_vgg_20260927/transfer/results/r21vgg2k_vgg16_bn_s42/faces_cfdWM64/houses_yin64/results.csv,UU
noaa,VGG2k / no AA,r21vgg2k_vgg16_bn_s42,face_transfer,124,two_cross,CFD WM64,Houses,0.36,0.38,50,within_sampled_range,UU,130,79.16666666666666,runs/yin_latest_vgg_20260927/transfer/results/r21vgg2k_vgg16_bn_s42/faces_cfdWM64/houses_yin64/results.csv,UU
noaa,VGG2k / no AA,r21vgg2k_vgg16_bn_s42,face_transfer,124,two_cross,CFD WM64,Houses,0.36,0.38,50,within_sampled_range,UU,131,79.16666666666666,runs/yin_latest_vgg_20260927/transfer/results/r21vgg2k_vgg16_bn_s42/faces_cfdWM64/houses_yin64/results.csv,UU
noaa,VGG2k / no AA,r21vgg2k_vgg16_bn_s42,face_transfer,124,two_cross,CFD WM64,Houses,0.36,0.38,50,within_sampled_range,UU,132,79.16666666666666,runs/yin_latest_vgg_20260927/transfer/results/r21vgg2k_vgg16_bn_s42/faces_cfdWM64/houses_yin64/results.csv,UU
noaa,VGG2k / no AA,r21vgg2k_vgg16_bn_s42,face_transfer,124,two_cross,CFD WM64,Houses,0.36,0.38,50,within_sampled_range,UU,133,70.83333333333334,runs/yin_latest_vgg_20260927/transfer/results/r21vgg2k_vgg16_bn_s42/faces_cfdWM64/houses_yin64/results.csv,UU
noaa,VGG2k / no AA,r21vgg2k_vgg16_bn_s42,face_transfer,124,two_cross,CFD WM64,Houses,0.36,0.38,50,within_sampled_range,UU,134,58.333333333333336,runs/yin_latest_vgg_20260927/transfer/results/r21vgg2k_vgg16_bn_s42/faces_cfdWM64/houses_yin64/results.csv,UU
noaa,VGG2k / no AA,r21vgg2k_vgg16_bn_s42,face_transfer,124,two_cross,CFD WM64,Houses,0.36,0.38,50,within_sampled_range,UU,135,66.66666666666666,runs/yin_latest_vgg_20260927/transfer/results/r21vgg2k_vgg16_bn_s42/faces_cfdWM64/houses_yin64/results.csv,UU
noaa,VGG2k / no AA,r21vgg2k_vgg16_bn_s42,face_transfer,124,two_cross,CFD WM64,Houses,0.36,0.38,50,within_sampled_range,UU,136,75.0,runs/yin_latest_vgg_20260927/transfer/results/r21vgg2k_vgg16_bn_s42/faces_cfdWM64/houses_yin64/results.csv,UU
noaa,VGG2k / no AA,r21vgg2k_vgg16_bn_s42,face_transfer,124,two_cross,CFD WM64,Houses,0.36,0.38,50,within_sampled_range,UU,137,70.83333333333334,runs/yin_latest_vgg_20260927/transfer/results/r21vgg2k_vgg16_bn_s42/faces_cfdWM64/houses_yin64/results.csv,UU
noaa,VGG2k / no AA,r21vgg2k_vgg16_bn_s42,face_transfer,124,two_cross,CFD WM64,Houses,0.36,0.38,50,within_sampled_range,UU,138,75.0,runs/yin_latest_vgg_20260927/transfer/results/r21vgg2k_vgg16_bn_s42/faces_cfdWM64/houses_yin64/results.csv,UU
noaa,VGG2k / no AA,r21vgg2k_vgg16_bn_s42,face_transfer,124,two_cross,CFD WM64,Houses,0.36,0.38,50,within_sampled_range,UU,139,62.5,runs/yin_latest_vgg_20260927/transfer/results/r21vgg2k_vgg16_bn_s42/faces_cfdWM64/houses_yin64/results.csv,UU
noaa,VGG2k / no AA,r21vgg2k_vgg16_bn_s42,face_transfer,124,two_cross,CFD WM64,Houses,0.36,0.38,50,within_sampled_range,UU,140,79.16666666666666,runs/yin_latest_vgg_20260927/transfer/results/r21vgg2k_vgg16_bn_s42/faces_cfdWM64/houses_yin64/results.csv,UU
noaa,VGG2k / no AA,r21vgg2k_vgg16_bn_s42,face_transfer,124,two_cross,CFD WM64,Houses,0.36,0.38,50,within_sampled_range,UU,141,66.66666666666666,runs/yin_latest_vgg_20260927/transfer/results/r21vgg2k_vgg16_bn_s42/faces_cfdWM64/houses_yin64/results.csv,UU
noaa,VGG2k / no AA,r21vgg2k_vgg16_bn_s42,face_transfer,124,two_cross,CFD WM64,Houses,0.36,0.38,50,within_sampled_range,UU,142,70.83333333333334,runs/yin_latest_vgg_20260927/transfer/results/r21vgg2k_vgg16_bn_s42/faces_cfdWM64/houses_yin64/results.csv,UU
noaa,VGG2k / no AA,r21vgg2k_vgg16_bn_s42,face_transfer,124,two_cross,CFD WM64,Houses,0.36,0.38,50,within_sampled_range,UU,143,54.166666666666664,runs/yin_latest_vgg_20260927/transfer/results/r21vgg2k_vgg16_bn_s42/faces_cfdWM64/houses_yin64/results.csv,UU
noaa,VGG2k / no AA,r21vgg2k_vgg16_bn_s42,face_transfer,124,two_cross,CFD WM64,Houses,0.36,0.38,50,within_sampled_range,UU,144,75.0,runs/yin_latest_vgg_20260927/transfer/results/r21vgg2k_vgg16_bn_s42/faces_cfdWM64/houses_yin64/results.csv,UU
noaa,VGG2k / no AA,r21vgg2k_vgg16_bn_s42,face_transfer,124,two_cross,CFD WM64,Houses,0.36,0.38,50,within_sampled_range,UU,145,79.16666666666666,runs/yin_latest_vgg_20260927/transfer/results/r21vgg2k_vgg16_bn_s42/faces_cfdWM64/houses_yin64/results.csv,UU
noaa,VGG2k / no AA,r21vgg2k_vgg16_bn_s42,face_transfer,124,two_cross,CFD WM64,Houses,0.36,0.38,50,within_sampled_range,UU,146,87.5,runs/yin_latest_vgg_20260927/transfer/results/r21vgg2k_vgg16_bn_s42/faces_cfdWM64/houses_yin64/results.csv,UU
noaa,VGG2k / no AA,r21vgg2k_vgg16_bn_s42,face_transfer,124,two_cross,CFD WM64,Houses,0.36,0.38,50,within_sampled_range,UU,147,70.83333333333334,runs/yin_latest_vgg_20260927/transfer/results/r21vgg2k_vgg16_bn_s42/faces_cfdWM64/houses_yin64/results.csv,UU
noaa,VGG2k / no AA,r21vgg2k_vgg16_bn_s42,face_transfer,124,two_cross,CFD WM64,Houses,0.36,0.38,50,within_sampled_range,UU,148,70.83333333333334,runs/yin_latest_vgg_20260927/transfer/results/r21vgg2k_vgg16_bn_s42/faces_cfdWM64/houses_yin64/results.csv,UU
noaa,VGG2k / no AA,r21vgg2k_vgg16_bn_s42,face_transfer,124,two_cross,CFD WM64,Houses,0.36,0.38,50,within_sampled_range,UU,149,79.16666666666666,runs/yin_latest_vgg_20260927/transfer/results/r21vgg2k_vgg16_bn_s42/faces_cfdWM64/houses_yin64/results.csv,UU
noaa,VGG2k / no AA,r21vgg2k_vgg16_bn_s42,face_transfer,124,two_cross,CFD WM64,Houses,0.36,0.38,50,within_sampled_range,UU,150,83.33333333333334,runs/yin_latest_vgg_20260927/transfer/results/r21vgg2k_vgg16_bn_s42/faces_cfdWM64/houses_yin64/results.csv,UU
noaa,VGG2k / no AA,r21vgg2k_vgg16_bn_s42,face_transfer,124,two_cross,CFD WM64,Houses,0.36,0.38,50,within_sampled_range,II,101,66.66666666666666,runs/yin_latest_vgg_20260927/transfer/results/r21vgg2k_vgg16_bn_s42/faces_cfdWM64/houses_yin64/results.csv,II
noaa,VGG2k / no AA,r21vgg2k_vgg16_bn_s42,face_transfer,124,two_cross,CFD WM64,Houses,0.36,0.38,50,within_sampled_range,II,102,70.83333333333334,runs/yin_latest_vgg_20260927/transfer/results/r21vgg2k_vgg16_bn_s42/faces_cfdWM64/houses_yin64/results.csv,II
noaa,VGG2k / no AA,r21vgg2k_vgg16_bn_s42,face_transfer,124,two_cross,CFD WM64,Houses,0.36,0.38,50,within_sampled_range,II,103,79.16666666666666,runs/yin_latest_vgg_20260927/transfer/results/r21vgg2k_vgg16_bn_s42/faces_cfdWM64/houses_yin64/results.csv,II
noaa,VGG2k / no AA,r21vgg2k_vgg16_bn_s42,face_transfer,124,two_cross,CFD WM64,Houses,0.36,0.38,50,within_sampled_range,II,104,66.66666666666666,runs/yin_latest_vgg_20260927/transfer/results/r21vgg2k_vgg16_bn_s42/faces_cfdWM64/houses_yin64/results.csv,II
noaa,VGG2k / no AA,r21vgg2k_vgg16_bn_s42,face_transfer,124,two_cross,CFD WM64,Houses,0.36,0.38,50,within_sampled_range,II,105,75.0,runs/yin_latest_vgg_20260927/transfer/results/r21vgg2k_vgg16_bn_s42/faces_cfdWM64/houses_yin64/results.csv,II
noaa,VGG2k / no AA,r21vgg2k_vgg16_bn_s42,face_transfer,124,two_cross,CFD WM64,Houses,0.36,0.38,50,within_sampled_range,II,106,66.66666666666666,runs/yin_latest_vgg_20260927/transfer/results/r21vgg2k_vgg16_bn_s42/faces_cfdWM64/houses_yin64/results.csv,II
noaa,VGG2k / no AA,r21vgg2k_vgg16_bn_s42,face_transfer,124,two_cross,CFD WM64,Houses,0.36,0.38,50,within_sampled_range,II,107,66.66666666666666,runs/yin_latest_vgg_20260927/transfer/results/r21vgg2k_vgg16_bn_s42/faces_cfdWM64/houses_yin64/results.csv,II
noaa,VGG2k / no AA,r21vgg2k_vgg16_bn_s42,face_transfer,124,two_cross,CFD WM64,Houses,0.36,0.38,50,within_sampled_range,II,108,58.333333333333336,runs/yin_latest_vgg_20260927/transfer/results/r21vgg2k_vgg16_bn_s42/faces_cfdWM64/houses_yin64/results.csv,II
noaa,VGG2k / no AA,r21vgg2k_vgg16_bn_s42,face_transfer,124,two_cross,CFD WM64,Houses,0.36,0.38,50,within_sampled_range,II,109,54.166666666666664,runs/yin_latest_vgg_20260927/transfer/results/r21vgg2k_vgg16_bn_s42/faces_cfdWM64/houses_yin64/results.csv,II
noaa,VGG2k / no AA,r21vgg2k_vgg16_bn_s42,face_transfer,124,two_cross,CFD WM64,Houses,0.36,0.38,50,within_sampled_range,II,110,75.0,runs/yin_latest_vgg_20260927/transfer/results/r21vgg2k_vgg16_bn_s42/faces_cfdWM64/houses_yin64/results.csv,II
noaa,VGG2k / no AA,r21vgg2k_vgg16_bn_s42,face_transfer,124,two_cross,CFD WM64,Houses,0.36,0.38,50,within_sampled_range,II,111,58.333333333333336,runs/yin_latest_vgg_20260927/transfer/results/r21vgg2k_vgg16_bn_s42/faces_cfdWM64/houses_yin64/results.csv,II
noaa,VGG2k / no AA,r21vgg2k_vgg16_bn_s42,face_transfer,124,two_cross,CFD WM64,Houses,0.36,0.38,50,within_sampled_range,II,112,70.83333333333334,runs/yin_latest_vgg_20260927/transfer/results/r21vgg2k_vgg16_bn_s42/faces_cfdWM64/houses_yin64/results.csv,II
noaa,VGG2k / no AA,r21vgg2k_vgg16_bn_s42,face_transfer,124,two_cross,CFD WM64,Houses,0.36,0.38,50,within_sampled_range,II,113,66.66666666666666,runs/yin_latest_vgg_20260927/transfer/results/r21vgg2k_vgg16_bn_s42/faces_cfdWM64/houses_yin64/results.csv,II
noaa,VGG2k / no AA,r21vgg2k_vgg16_bn_s42,face_transfer,124,two_cross,CFD WM64,Houses,0.36,0.38,50,within_sampled_range,II,114,58.333333333333336,runs/yin_latest_vgg_20260927/transfer/results/r21vgg2k_vgg16_bn_s42/faces_cfdWM64/houses_yin64/results.csv,II
noaa,VGG2k / no AA,r21vgg2k_vgg16_bn_s42,face_transfer,124,two_cross,CFD WM64,Houses,0.36,0.38,50,within_sampled_range,II,115,62.5,runs/yin_latest_vgg_20260927/transfer/results/r21vgg2k_vgg16_bn_s42/faces_cfdWM64/houses_yin64/results.csv,II
noaa,VGG2k / no AA,r21vgg2k_vgg16_bn_s42,face_transfer,124,two_cross,CFD WM64,Houses,0.36,0.38,50,within_sampled_range,II,116,70.83333333333334,runs/yin_latest_vgg_20260927/transfer/results/r21vgg2k_vgg16_bn_s42/faces_cfdWM64/houses_yin64/results.csv,II
noaa,VGG2k / no AA,r21vgg2k_vgg16_bn_s42,face_transfer,124,two_cross,CFD WM64,Houses,0.36,0.38,50,within_sampled_range,II,117,75.0,runs/yin_latest_vgg_20260927/transfer/results/r21vgg2k_vgg16_bn_s42/faces_cfdWM64/houses_yin64/results.csv,II
noaa,VGG2k / no AA,r21vgg2k_vgg16_bn_s42,face_transfer,124,two_cross,CFD WM64,Houses,0.36,0.38,50,within_sampled_range,II,118,54.166666666666664,runs/yin_latest_vgg_20260927/transfer/results/r21vgg2k_vgg16_bn_s42/faces_cfdWM64/houses_yin64/results.csv,II
noaa,VGG2k / no AA,r21vgg2k_vgg16_bn_s42,face_transfer,124,two_cross,CFD WM64,Houses,0.36,0.38,50,within_sampled_range,II,119,70.83333333333334,runs/yin_latest_vgg_20260927/transfer/results/r21vgg2k_vgg16_bn_s42/faces_cfdWM64/houses_yin64/results.csv,II
noaa,VGG2k / no AA,r21vgg2k_vgg16_bn_s42,face_transfer,124,two_cross,CFD WM64,Houses,0.36,0.38,50,within_sampled_range,II,120,58.333333333333336,runs/yin_latest_vgg_20260927/transfer/results/r21vgg2k_vgg16_bn_s42/faces_cfdWM64/houses_yin64/results.csv,II
noaa,VGG2k / no AA,r21vgg2k_vgg16_bn_s42,face_transfer,124,two_cross,CFD WM64,Houses,0.36,0.38,50,within_sampled_range,II,121,66.66666666666666,runs/yin_latest_vgg_20260927/transfer/results/r21vgg2k_vgg16_bn_s42/faces_cfdWM64/houses_yin64/results.csv,II
noaa,VGG2k / no AA,r21vgg2k_vgg16_bn_s42,face_transfer,124,two_cross,CFD WM64,Houses,0.36,0.38,50,within_sampled_range,II,122,79.16666666666666,runs/yin_latest_vgg_20260927/transfer/results/r21vgg2k_vgg16_bn_s42/faces_cfdWM64/houses_yin64/results.csv,II
noaa,VGG2k / no AA,r21vgg2k_vgg16_bn_s42,face_transfer,124,two_cross,CFD WM64,Houses,0.36,0.38,50,within_sampled_range,II,123,70.83333333333334,runs/yin_latest_vgg_20260927/transfer/results/r21vgg2k_vgg16_bn_s42/faces_cfdWM64/houses_yin64/results.csv,II
noaa,VGG2k / no AA,r21vgg2k_vgg16_bn_s42,face_transfer,124,two_cross,CFD WM64,Houses,0.36,0.38,50,within_sampled_range,II,124,70.83333333333334,runs/yin_latest_vgg_20260927/transfer/results/r21vgg2k_vgg16_bn_s42/faces_cfdWM64/houses_yin64/results.csv,II
noaa,VGG2k / no AA,r21vgg2k_vgg16_bn_s42,face_transfer,124,two_cross,CFD WM64,Houses,0.36,0.38,50,within_sampled_range,II,125,75.0,runs/yin_latest_vgg_20260927/transfer/results/r21vgg2k_vgg16_bn_s42/faces_cfdWM64/houses_yin64/results.csv,II
noaa,VGG2k / no AA,r21vgg2k_vgg16_bn_s42,face_transfer,124,two_cross,CFD WM64,Houses,0.36,0.38,50,within_sampled_range,II,126,79.16666666666666,runs/yin_latest_vgg_20260927/transfer/results/r21vgg2k_vgg16_bn_s42/faces_cfdWM64/houses_yin64/results.csv,II
noaa,VGG2k / no AA,r21vgg2k_vgg16_bn_s42,face_transfer,124,two_cross,CFD WM64,Houses,0.36,0.38,50,within_sampled_range,II,127,62.5,runs/yin_latest_vgg_20260927/transfer/results/r21vgg2k_vgg16_bn_s42/faces_cfdWM64/houses_yin64/results.csv,II
noaa,VGG2k / no AA,r21vgg2k_vgg16_bn_s42,face_transfer,124,two_cross,CFD WM64,Houses,0.36,0.38,50,within_sampled_range,II,128,70.83333333333334,runs/yin_latest_vgg_20260927/transfer/results/r21vgg2k_vgg16_bn_s42/faces_cfdWM64/houses_yin64/results.csv,II
noaa,VGG2k / no AA,r21vgg2k_vgg16_bn_s42,face_transfer,124,two_cross,CFD WM64,Houses,0.36,0.38,50,within_sampled_range,II,129,62.5,runs/yin_latest_vgg_20260927/transfer/results/r21vgg2k_vgg16_bn_s42/faces_cfdWM64/houses_yin64/results.csv,II
noaa,VGG2k / no AA,r21vgg2k_vgg16_bn_s42,face_transfer,124,two_cross,CFD WM64,Houses,0.36,0.38,50,within_sampled_range,II,130,87.5,runs/yin_latest_vgg_20260927/transfer/results/r21vgg2k_vgg16_bn_s42/faces_cfdWM64/houses_yin64/results.csv,II
noaa,VGG2k / no AA,r21vgg2k_vgg16_bn_s42,face_transfer,124,two_cross,CFD WM64,Houses,0.36,0.38,50,within_sampled_range,II,131,70.83333333333334,runs/yin_latest_vgg_20260927/transfer/results/r21vgg2k_vgg16_bn_s42/faces_cfdWM64/houses_yin64/results.csv,II
noaa,VGG2k / no AA,r21vgg2k_vgg16_bn_s42,face_transfer,124,two_cross,CFD WM64,Houses,0.36,0.38,50,within_sampled_range,II,132,62.5,runs/yin_latest_vgg_20260927/transfer/results/r21vgg2k_vgg16_bn_s42/faces_cfdWM64/houses_yin64/results.csv,II
noaa,VGG2k / no AA,r21vgg2k_vgg16_bn_s42,face_transfer,124,two_cross,CFD WM64,Houses,0.36,0.38,50,within_sampled_range,II,133,79.16666666666666,runs/yin_latest_vgg_20260927/transfer/results/r21vgg2k_vgg16_bn_s42/faces_cfdWM64/houses_yin64/results.csv,II
noaa,VGG2k / no AA,r21vgg2k_vgg16_bn_s42,face_transfer,124,two_cross,CFD WM64,Houses,0.36,0.38,50,within_sampled_range,II,134,70.83333333333334,runs/yin_latest_vgg_20260927/transfer/results/r21vgg2k_vgg16_bn_s42/faces_cfdWM64/houses_yin64/results.csv,II
noaa,VGG2k / no AA,r21vgg2k_vgg16_bn_s42,face_transfer,124,two_cross,CFD WM64,Houses,0.36,0.38,50,within_sampled_range,II,135,66.66666666666666,runs/yin_latest_vgg_20260927/transfer/results/r21vgg2k_vgg16_bn_s42/faces_cfdWM64/houses_yin64/results.csv,II
noaa,VGG2k / no AA,r21vgg2k_vgg16_bn_s42,face_transfer,124,two_cross,CFD WM64,Houses,0.36,0.38,50,within_sampled_range,II,136,66.66666666666666,runs/yin_latest_vgg_20260927/transfer/results/r21vgg2k_vgg16_bn_s42/faces_cfdWM64/houses_yin64/results.csv,II
noaa,VGG2k / no AA,r21vgg2k_vgg16_bn_s42,face_transfer,124,two_cross,CFD WM64,Houses,0.36,0.38,50,within_sampled_range,II,137,62.5,runs/yin_latest_vgg_20260927/transfer/results/r21vgg2k_vgg16_bn_s42/faces_cfdWM64/houses_yin64/results.csv,II
noaa,VGG2k / no AA,r21vgg2k_vgg16_bn_s42,face_transfer,124,two_cross,CFD WM64,Houses,0.36,0.38,50,within_sampled_range,II,138,50.0,runs/yin_latest_vgg_20260927/transfer/results/r21vgg2k_vgg16_bn_s42/faces_cfdWM64/houses_yin64/results.csv,II
noaa,VGG2k / no AA,r21vgg2k_vgg16_bn_s42,face_transfer,124,two_cross,CFD WM64,Houses,0.36,0.38,50,within_sampled_range,II,139,45.83333333333333,runs/yin_latest_vgg_20260927/transfer/results/r21vgg2k_vgg16_bn_s42/faces_cfdWM64/houses_yin64/results.csv,II
noaa,VGG2k / no AA,r21vgg2k_vgg16_bn_s42,face_transfer,124,two_cross,CFD WM64,Houses,0.36,0.38,50,within_sampled_range,II,140,66.66666666666666,runs/yin_latest_vgg_20260927/transfer/results/r21vgg2k_vgg16_bn_s42/faces_cfdWM64/houses_yin64/results.csv,II
noaa,VGG2k / no AA,r21vgg2k_vgg16_bn_s42,face_transfer,124,two_cross,CFD WM64,Houses,0.36,0.38,50,within_sampled_range,II,141,79.16666666666666,runs/yin_latest_vgg_20260927/transfer/results/r21vgg2k_vgg16_bn_s42/faces_cfdWM64/houses_yin64/results.csv,II
noaa,VGG2k / no AA,r21vgg2k_vgg16_bn_s42,face_transfer,124,two_cross,CFD WM64,Houses,0.36,0.38,50,within_sampled_range,II,142,75.0,runs/yin_latest_vgg_20260927/transfer/results/r21vgg2k_vgg16_bn_s42/faces_cfdWM64/houses_yin64/results.csv,II
noaa,VGG2k / no AA,r21vgg2k_vgg16_bn_s42,face_transfer,124,two_cross,CFD WM64,Houses,0.36,0.38,50,within_sampled_range,II,143,66.66666666666666,runs/yin_latest_vgg_20260927/transfer/results/r21vgg2k_vgg16_bn_s42/faces_cfdWM64/houses_yin64/results.csv,II
noaa,VGG2k / no AA,r21vgg2k_vgg16_bn_s42,face_transfer,124,two_cross,CFD WM64,Houses,0.36,0.38,50,within_sampled_range,II,144,62.5,runs/yin_latest_vgg_20260927/transfer/results/r21vgg2k_vgg16_bn_s42/faces_cfdWM64/houses_yin64/results.csv,II
noaa,VGG2k / no AA,r21vgg2k_vgg16_bn_s42,face_transfer,124,two_cross,CFD WM64,Houses,0.36,0.38,50,within_sampled_range,II,145,75.0,runs/yin_latest_vgg_20260927/transfer/results/r21vgg2k_vgg16_bn_s42/faces_cfdWM64/houses_yin64/results.csv,II
noaa,VGG2k / no AA,r21vgg2k_vgg16_bn_s42,face_transfer,124,two_cross,CFD WM64,Houses,0.36,0.38,50,within_sampled_range,II,146,66.66666666666666,runs/yin_latest_vgg_20260927/transfer/results/r21vgg2k_vgg16_bn_s42/faces_cfdWM64/houses_yin64/results.csv,II
noaa,VGG2k / no AA,r21vgg2k_vgg16_bn_s42,face_transfer,124,two_cross,CFD WM64,Houses,0.36,0.38,50,within_sampled_range,II,147,75.0,runs/yin_latest_vgg_20260927/transfer/results/r21vgg2k_vgg16_bn_s42/faces_cfdWM64/houses_yin64/results.csv,II
noaa,VGG2k / no AA,r21vgg2k_vgg16_bn_s42,face_transfer,124,two_cross,CFD WM64,Houses,0.36,0.38,50,within_sampled_range,II,148,50.0,runs/yin_latest_vgg_20260927/transfer/results/r21vgg2k_vgg16_bn_s42/faces_cfdWM64/houses_yin64/results.csv,II
noaa,VGG2k / no AA,r21vgg2k_vgg16_bn_s42,face_transfer,124,two_cross,CFD WM64,Houses,0.36,0.38,50,within_sampled_range,II,149,70.83333333333334,runs/yin_latest_vgg_20260927/transfer/results/r21vgg2k_vgg16_bn_s42/faces_cfdWM64/houses_yin64/results.csv,II
noaa,VGG2k / no AA,r21vgg2k_vgg16_bn_s42,face_transfer,124,two_cross,CFD WM64,Houses,0.36,0.38,50,within_sampled_range,II,150,83.33333333333334,runs/yin_latest_vgg_20260927/transfer/results/r21vgg2k_vgg16_bn_s42/faces_cfdWM64/houses_yin64/results.csv,II
noaa,VGG2k / no AA,r21vgg2k_vgg16_bn_s42,face_transfer,124,two_cross,CFD WM64,Houses,0.36,0.38,50,within_sampled_range,UI,101,58.333333333333336,runs/yin_latest_vgg_20260927/transfer/results/r21vgg2k_vgg16_bn_s42/faces_cfdWM64/houses_yin64/results.csv,UI_cross
noaa,VGG2k / no AA,r21vgg2k_vgg16_bn_s42,face_transfer,124,two_cross,CFD WM64,Houses,0.36,0.38,50,within_sampled_range,UI,102,66.66666666666666,runs/yin_latest_vgg_20260927/transfer/results/r21vgg2k_vgg16_bn_s42/faces_cfdWM64/houses_yin64/results.csv,UI_cross
noaa,VGG2k / no AA,r21vgg2k_vgg16_bn_s42,face_transfer,124,two_cross,CFD WM64,Houses,0.36,0.38,50,within_sampled_range,UI,103,79.16666666666666,runs/yin_latest_vgg_20260927/transfer/results/r21vgg2k_vgg16_bn_s42/faces_cfdWM64/houses_yin64/results.csv,UI_cross
noaa,VGG2k / no AA,r21vgg2k_vgg16_bn_s42,face_transfer,124,two_cross,CFD WM64,Houses,0.36,0.38,50,within_sampled_range,UI,104,83.33333333333334,runs/yin_latest_vgg_20260927/transfer/results/r21vgg2k_vgg16_bn_s42/faces_cfdWM64/houses_yin64/results.csv,UI_cross
noaa,VGG2k / no AA,r21vgg2k_vgg16_bn_s42,face_transfer,124,two_cross,CFD WM64,Houses,0.36,0.38,50,within_sampled_range,UI,105,62.5,runs/yin_latest_vgg_20260927/transfer/results/r21vgg2k_vgg16_bn_s42/faces_cfdWM64/houses_yin64/results.csv,UI_cross
noaa,VGG2k / no AA,r21vgg2k_vgg16_bn_s42,face_transfer,124,two_cross,CFD WM64,Houses,0.36,0.38,50,within_sampled_range,UI,106,66.66666666666666,runs/yin_latest_vgg_20260927/transfer/results/r21vgg2k_vgg16_bn_s42/faces_cfdWM64/houses_yin64/results.csv,UI_cross
noaa,VGG2k / no AA,r21vgg2k_vgg16_bn_s42,face_transfer,124,two_cross,CFD WM64,Houses,0.36,0.38,50,within_sampled_range,UI,107,75.0,runs/yin_latest_vgg_20260927/transfer/results/r21vgg2k_vgg16_bn_s42/faces_cfdWM64/houses_yin64/results.csv,UI_cross
noaa,VGG2k / no AA,r21vgg2k_vgg16_bn_s42,face_transfer,124,two_cross,CFD WM64,Houses,0.36,0.38,50,within_sampled_range,UI,108,70.83333333333334,runs/yin_latest_vgg_20260927/transfer/results/r21vgg2k_vgg16_bn_s42/faces_cfdWM64/houses_yin64/results.csv,UI_cross
noaa,VGG2k / no AA,r21vgg2k_vgg16_bn_s42,face_transfer,124,two_cross,CFD WM64,Houses,0.36,0.38,50,within_sampled_range,UI,109,83.33333333333334,runs/yin_latest_vgg_20260927/transfer/results/r21vgg2k_vgg16_bn_s42/faces_cfdWM64/houses_yin64/results.csv,UI_cross
noaa,VGG2k / no AA,r21vgg2k_vgg16_bn_s42,face_transfer,124,two_cross,CFD WM64,Houses,0.36,0.38,50,within_sampled_range,UI,110,66.66666666666666,runs/yin_latest_vgg_20260927/transfer/results/r21vgg2k_vgg16_bn_s42/faces_cfdWM64/houses_yin64/results.csv,UI_cross
noaa,VGG2k / no AA,r21vgg2k_vgg16_bn_s42,face_transfer,124,two_cross,CFD WM64,Houses,0.36,0.38,50,within_sampled_range,UI,111,66.66666666666666,runs/yin_latest_vgg_20260927/transfer/results/r21vgg2k_vgg16_bn_s42/faces_cfdWM64/houses_yin64/results.csv,UI_cross
noaa,VGG2k / no AA,r21vgg2k_vgg16_bn_s42,face_transfer,124,two_cross,CFD WM64,Houses,0.36,0.38,50,within_sampled_range,UI,112,58.333333333333336,runs/yin_latest_vgg_20260927/transfer/results/r21vgg2k_vgg16_bn_s42/faces_cfdWM64/houses_yin64/results.csv,UI_cross
noaa,VGG2k / no AA,r21vgg2k_vgg16_bn_s42,face_transfer,124,two_cross,CFD WM64,Houses,0.36,0.38,50,within_sampled_range,UI,113,79.16666666666666,runs/yin_latest_vgg_20260927/transfer/results/r21vgg2k_vgg16_bn_s42/faces_cfdWM64/houses_yin64/results.csv,UI_cross
noaa,VGG2k / no AA,r21vgg2k_vgg16_bn_s42,face_transfer,124,two_cross,CFD WM64,Houses,0.36,0.38,50,within_sampled_range,UI,114,87.5,runs/yin_latest_vgg_20260927/transfer/results/r21vgg2k_vgg16_bn_s42/faces_cfdWM64/houses_yin64/results.csv,UI_cross
noaa,VGG2k / no AA,r21vgg2k_vgg16_bn_s42,face_transfer,124,two_cross,CFD WM64,Houses,0.36,0.38,50,within_sampled_range,UI,115,66.66666666666666,runs/yin_latest_vgg_20260927/transfer/results/r21vgg2k_vgg16_bn_s42/faces_cfdWM64/houses_yin64/results.csv,UI_cross
noaa,VGG2k / no AA,r21vgg2k_vgg16_bn_s42,face_transfer,124,two_cross,CFD WM64,Houses,0.36,0.38,50,within_sampled_range,UI,116,75.0,runs/yin_latest_vgg_20260927/transfer/results/r21vgg2k_vgg16_bn_s42/faces_cfdWM64/houses_yin64/results.csv,UI_cross
noaa,VGG2k / no AA,r21vgg2k_vgg16_bn_s42,face_transfer,124,two_cross,CFD WM64,Houses,0.36,0.38,50,within_sampled_range,UI,117,58.333333333333336,runs/yin_latest_vgg_20260927/transfer/results/r21vgg2k_vgg16_bn_s42/faces_cfdWM64/houses_yin64/results.csv,UI_cross
noaa,VGG2k / no AA,r21vgg2k_vgg16_bn_s42,face_transfer,124,two_cross,CFD WM64,Houses,0.36,0.38,50,within_sampled_range,UI,118,62.5,runs/yin_latest_vgg_20260927/transfer/results/r21vgg2k_vgg16_bn_s42/faces_cfdWM64/houses_yin64/results.csv,UI_cross
noaa,VGG2k / no AA,r21vgg2k_vgg16_bn_s42,face_transfer,124,two_cross,CFD WM64,Houses,0.36,0.38,50,within_sampled_range,UI,119,54.166666666666664,runs/yin_latest_vgg_20260927/transfer/results/r21vgg2k_vgg16_bn_s42/faces_cfdWM64/houses_yin64/results.csv,UI_cross
noaa,VGG2k / no AA,r21vgg2k_vgg16_bn_s42,face_transfer,124,two_cross,CFD WM64,Houses,0.36,0.38,50,within_sampled_range,UI,120,62.5,runs/yin_latest_vgg_20260927/transfer/results/r21vgg2k_vgg16_bn_s42/faces_cfdWM64/houses_yin64/results.csv,UI_cross
noaa,VGG2k / no AA,r21vgg2k_vgg16_bn_s42,face_transfer,124,two_cross,CFD WM64,Houses,0.36,0.38,50,within_sampled_range,UI,121,66.66666666666666,runs/yin_latest_vgg_20260927/transfer/results/r21vgg2k_vgg16_bn_s42/faces_cfdWM64/houses_yin64/results.csv,UI_cross
noaa,VGG2k / no AA,r21vgg2k_vgg16_bn_s42,face_transfer,124,two_cross,CFD WM64,Houses,0.36,0.38,50,within_sampled_range,UI,122,58.333333333333336,runs/yin_latest_vgg_20260927/transfer/results/r21vgg2k_vgg16_bn_s42/faces_cfdWM64/houses_yin64/results.csv,UI_cross
noaa,VGG2k / no AA,r21vgg2k_vgg16_bn_s42,face_transfer,124,two_cross,CFD WM64,Houses,0.36,0.38,50,within_sampled_range,UI,123,70.83333333333334,runs/yin_latest_vgg_20260927/transfer/results/r21vgg2k_vgg16_bn_s42/faces_cfdWM64/houses_yin64/results.csv,UI_cross
noaa,VGG2k / no AA,r21vgg2k_vgg16_bn_s42,face_transfer,124,two_cross,CFD WM64,Houses,0.36,0.38,50,within_sampled_range,UI,124,70.83333333333334,runs/yin_latest_vgg_20260927/transfer/results/r21vgg2k_vgg16_bn_s42/faces_cfdWM64/houses_yin64/results.csv,UI_cross
noaa,VGG2k / no AA,r21vgg2k_vgg16_bn_s42,face_transfer,124,two_cross,CFD WM64,Houses,0.36,0.38,50,within_sampled_range,UI,125,54.166666666666664,runs/yin_latest_vgg_20260927/transfer/results/r21vgg2k_vgg16_bn_s42/faces_cfdWM64/houses_yin64/results.csv,UI_cross
noaa,VGG2k / no AA,r21vgg2k_vgg16_bn_s42,face_transfer,124,two_cross,CFD WM64,Houses,0.36,0.38,50,within_sampled_range,UI,126,79.16666666666666,runs/yin_latest_vgg_20260927/transfer/results/r21vgg2k_vgg16_bn_s42/faces_cfdWM64/houses_yin64/results.csv,UI_cross
noaa,VGG2k / no AA,r21vgg2k_vgg16_bn_s42,face_transfer,124,two_cross,CFD WM64,Houses,0.36,0.38,50,within_sampled_range,UI,127,70.83333333333334,runs/yin_latest_vgg_20260927/transfer/results/r21vgg2k_vgg16_bn_s42/faces_cfdWM64/houses_yin64/results.csv,UI_cross
noaa,VGG2k / no AA,r21vgg2k_vgg16_bn_s42,face_transfer,124,two_cross,CFD WM64,Houses,0.36,0.38,50,within_sampled_range,UI,128,75.0,runs/yin_latest_vgg_20260927/transfer/results/r21vgg2k_vgg16_bn_s42/faces_cfdWM64/houses_yin64/results.csv,UI_cross
noaa,VGG2k / no AA,r21vgg2k_vgg16_bn_s42,face_transfer,124,two_cross,CFD WM64,Houses,0.36,0.38,50,within_sampled_range,UI,129,75.0,runs/yin_latest_vgg_20260927/transfer/results/r21vgg2k_vgg16_bn_s42/faces_cfdWM64/houses_yin64/results.csv,UI_cross
noaa,VGG2k / no AA,r21vgg2k_vgg16_bn_s42,face_transfer,124,two_cross,CFD WM64,Houses,0.36,0.38,50,within_sampled_range,UI,130,66.66666666666666,runs/yin_latest_vgg_20260927/transfer/results/r21vgg2k_vgg16_bn_s42/faces_cfdWM64/houses_yin64/results.csv,UI_cross
noaa,VGG2k / no AA,r21vgg2k_vgg16_bn_s42,face_transfer,124,two_cross,CFD WM64,Houses,0.36,0.38,50,within_sampled_range,UI,131,75.0,runs/yin_latest_vgg_20260927/transfer/results/r21vgg2k_vgg16_bn_s42/faces_cfdWM64/houses_yin64/results.csv,UI_cross
noaa,VGG2k / no AA,r21vgg2k_vgg16_bn_s42,face_transfer,124,two_cross,CFD WM64,Houses,0.36,0.38,50,within_sampled_range,UI,132,75.0,runs/yin_latest_vgg_20260927/transfer/results/r21vgg2k_vgg16_bn_s42/faces_cfdWM64/houses_yin64/results.csv,UI_cross
noaa,VGG2k / no AA,r21vgg2k_vgg16_bn_s42,face_transfer,124,two_cross,CFD WM64,Houses,0.36,0.38,50,within_sampled_range,UI,133,70.83333333333334,runs/yin_latest_vgg_20260927/transfer/results/r21vgg2k_vgg16_bn_s42/faces_cfdWM64/houses_yin64/results.csv,UI_cross
noaa,VGG2k / no AA,r21vgg2k_vgg16_bn_s42,face_transfer,124,two_cross,CFD WM64,Houses,0.36,0.38,50,within_sampled_range,UI,134,79.16666666666666,runs/yin_latest_vgg_20260927/transfer/results/r21vgg2k_vgg16_bn_s42/faces_cfdWM64/houses_yin64/results.csv,UI_cross
noaa,VGG2k / no AA,r21vgg2k_vgg16_bn_s42,face_transfer,124,two_cross,CFD WM64,Houses,0.36,0.38,50,within_sampled_range,UI,135,70.83333333333334,runs/yin_latest_vgg_20260927/transfer/results/r21vgg2k_vgg16_bn_s42/faces_cfdWM64/houses_yin64/results.csv,UI_cross
noaa,VGG2k / no AA,r21vgg2k_vgg16_bn_s42,face_transfer,124,two_cross,CFD WM64,Houses,0.36,0.38,50,within_sampled_range,UI,136,70.83333333333334,runs/yin_latest_vgg_20260927/transfer/results/r21vgg2k_vgg16_bn_s42/faces_cfdWM64/houses_yin64/results.csv,UI_cross
noaa,VGG2k / no AA,r21vgg2k_vgg16_bn_s42,face_transfer,124,two_cross,CFD WM64,Houses,0.36,0.38,50,within_sampled_range,UI,137,58.333333333333336,runs/yin_latest_vgg_20260927/transfer/results/r21vgg2k_vgg16_bn_s42/faces_cfdWM64/houses_yin64/results.csv,UI_cross
noaa,VGG2k / no AA,r21vgg2k_vgg16_bn_s42,face_transfer,124,two_cross,CFD WM64,Houses,0.36,0.38,50,within_sampled_range,UI,138,58.333333333333336,runs/yin_latest_vgg_20260927/transfer/results/r21vgg2k_vgg16_bn_s42/faces_cfdWM64/houses_yin64/results.csv,UI_cross
noaa,VGG2k / no AA,r21vgg2k_vgg16_bn_s42,face_transfer,124,two_cross,CFD WM64,Houses,0.36,0.38,50,within_sampled_range,UI,139,66.66666666666666,runs/yin_latest_vgg_20260927/transfer/results/r21vgg2k_vgg16_bn_s42/faces_cfdWM64/houses_yin64/results.csv,UI_cross
noaa,VGG2k / no AA,r21vgg2k_vgg16_bn_s42,face_transfer,124,two_cross,CFD WM64,Houses,0.36,0.38,50,within_sampled_range,UI,140,75.0,runs/yin_latest_vgg_20260927/transfer/results/r21vgg2k_vgg16_bn_s42/faces_cfdWM64/houses_yin64/results.csv,UI_cross
noaa,VGG2k / no AA,r21vgg2k_vgg16_bn_s42,face_transfer,124,two_cross,CFD WM64,Houses,0.36,0.38,50,within_sampled_range,UI,141,83.33333333333334,runs/yin_latest_vgg_20260927/transfer/results/r21vgg2k_vgg16_bn_s42/faces_cfdWM64/houses_yin64/results.csv,UI_cross
noaa,VGG2k / no AA,r21vgg2k_vgg16_bn_s42,face_transfer,124,two_cross,CFD WM64,Houses,0.36,0.38,50,within_sampled_range,UI,142,75.0,runs/yin_latest_vgg_20260927/transfer/results/r21vgg2k_vgg16_bn_s42/faces_cfdWM64/houses_yin64/results.csv,UI_cross
noaa,VGG2k / no AA,r21vgg2k_vgg16_bn_s42,face_transfer,124,two_cross,CFD WM64,Houses,0.36,0.38,50,within_sampled_range,UI,143,62.5,runs/yin_latest_vgg_20260927/transfer/results/r21vgg2k_vgg16_bn_s42/faces_cfdWM64/houses_yin64/results.csv,UI_cross
noaa,VGG2k / no AA,r21vgg2k_vgg16_bn_s42,face_transfer,124,two_cross,CFD WM64,Houses,0.36,0.38,50,within_sampled_range,UI,144,75.0,runs/yin_latest_vgg_20260927/transfer/results/r21vgg2k_vgg16_bn_s42/faces_cfdWM64/houses_yin64/results.csv,UI_cross
noaa,VGG2k / no AA,r21vgg2k_vgg16_bn_s42,face_transfer,124,two_cross,CFD WM64,Houses,0.36,0.38,50,within_sampled_range,UI,145,70.83333333333334,runs/yin_latest_vgg_20260927/transfer/results/r21vgg2k_vgg16_bn_s42/faces_cfdWM64/houses_yin64/results.csv,UI_cross
noaa,VGG2k / no AA,r21vgg2k_vgg16_bn_s42,face_transfer,124,two_cross,CFD WM64,Houses,0.36,0.38,50,within_sampled_range,UI,146,75.0,runs/yin_latest_vgg_20260927/transfer/results/r21vgg2k_vgg16_bn_s42/faces_cfdWM64/houses_yin64/results.csv,UI_cross
noaa,VGG2k / no AA,r21vgg2k_vgg16_bn_s42,face_transfer,124,two_cross,CFD WM64,Houses,0.36,0.38,50,within_sampled_range,UI,147,62.5,runs/yin_latest_vgg_20260927/transfer/results/r21vgg2k_vgg16_bn_s42/faces_cfdWM64/houses_yin64/results.csv,UI_cross
noaa,VGG2k / no AA,r21vgg2k_vgg16_bn_s42,face_transfer,124,two_cross,CFD WM64,Houses,0.36,0.38,50,within_sampled_range,UI,148,70.83333333333334,runs/yin_latest_vgg_20260927/transfer/results/r21vgg2k_vgg16_bn_s42/faces_cfdWM64/houses_yin64/results.csv,UI_cross
noaa,VGG2k / no AA,r21vgg2k_vgg16_bn_s42,face_transfer,124,two_cross,CFD WM64,Houses,0.36,0.38,50,within_sampled_range,UI,149,58.333333333333336,runs/yin_latest_vgg_20260927/transfer/results/r21vgg2k_vgg16_bn_s42/faces_cfdWM64/houses_yin64/results.csv,UI_cross
noaa,VGG2k / no AA,r21vgg2k_vgg16_bn_s42,face_transfer,124,two_cross,CFD WM64,Houses,0.36,0.38,50,within_sampled_range,UI,150,79.16666666666666,runs/yin_latest_vgg_20260927/transfer/results/r21vgg2k_vgg16_bn_s42/faces_cfdWM64/houses_yin64/results.csv,UI_cross
noaa,VGG2k / no AA,r21vgg2k_vgg16_bn_s42,face_transfer,124,two_cross,CFD WM64,Houses,0.36,0.38,50,within_sampled_range,IU,101,66.66666666666666,runs/yin_latest_vgg_20260927/transfer/results/r21vgg2k_vgg16_bn_s42/faces_cfdWM64/houses_yin64/results.csv,IU
noaa,VGG2k / no AA,r21vgg2k_vgg16_bn_s42,face_transfer,124,two_cross,CFD WM64,Houses,0.36,0.38,50,within_sampled_range,IU,102,70.83333333333334,runs/yin_latest_vgg_20260927/transfer/results/r21vgg2k_vgg16_bn_s42/faces_cfdWM64/houses_yin64/results.csv,IU
noaa,VGG2k / no AA,r21vgg2k_vgg16_bn_s42,face_transfer,124,two_cross,CFD WM64,Houses,0.36,0.38,50,within_sampled_range,IU,103,75.0,runs/yin_latest_vgg_20260927/transfer/results/r21vgg2k_vgg16_bn_s42/faces_cfdWM64/houses_yin64/results.csv,IU
noaa,VGG2k / no AA,r21vgg2k_vgg16_bn_s42,face_transfer,124,two_cross,CFD WM64,Houses,0.36,0.38,50,within_sampled_range,IU,104,70.83333333333334,runs/yin_latest_vgg_20260927/transfer/results/r21vgg2k_vgg16_bn_s42/faces_cfdWM64/houses_yin64/results.csv,IU
noaa,VGG2k / no AA,r21vgg2k_vgg16_bn_s42,face_transfer,124,two_cross,CFD WM64,Houses,0.36,0.38,50,within_sampled_range,IU,105,70.83333333333334,runs/yin_latest_vgg_20260927/transfer/results/r21vgg2k_vgg16_bn_s42/faces_cfdWM64/houses_yin64/results.csv,IU
noaa,VGG2k / no AA,r21vgg2k_vgg16_bn_s42,face_transfer,124,two_cross,CFD WM64,Houses,0.36,0.38,50,within_sampled_range,IU,106,62.5,runs/yin_latest_vgg_20260927/transfer/results/r21vgg2k_vgg16_bn_s42/faces_cfdWM64/houses_yin64/results.csv,IU
noaa,VGG2k / no AA,r21vgg2k_vgg16_bn_s42,face_transfer,124,two_cross,CFD WM64,Houses,0.36,0.38,50,within_sampled_range,IU,107,62.5,runs/yin_latest_vgg_20260927/transfer/results/r21vgg2k_vgg16_bn_s42/faces_cfdWM64/houses_yin64/results.csv,IU
noaa,VGG2k / no AA,r21vgg2k_vgg16_bn_s42,face_transfer,124,two_cross,CFD WM64,Houses,0.36,0.38,50,within_sampled_range,IU,108,50.0,runs/yin_latest_vgg_20260927/transfer/results/r21vgg2k_vgg16_bn_s42/faces_cfdWM64/houses_yin64/results.csv,IU
noaa,VGG2k / no AA,r21vgg2k_vgg16_bn_s42,face_transfer,124,two_cross,CFD WM64,Houses,0.36,0.38,50,within_sampled_range,IU,109,66.66666666666666,runs/yin_latest_vgg_20260927/transfer/results/r21vgg2k_vgg16_bn_s42/faces_cfdWM64/houses_yin64/results.csv,IU
noaa,VGG2k / no AA,r21vgg2k_vgg16_bn_s42,face_transfer,124,two_cross,CFD WM64,Houses,0.36,0.38,50,within_sampled_range,IU,110,58.333333333333336,runs/yin_latest_vgg_20260927/transfer/results/r21vgg2k_vgg16_bn_s42/faces_cfdWM64/houses_yin64/results.csv,IU
noaa,VGG2k / no AA,r21vgg2k_vgg16_bn_s42,face_transfer,124,two_cross,CFD WM64,Houses,0.36,0.38,50,within_sampled_range,IU,111,58.333333333333336,runs/yin_latest_vgg_20260927/transfer/results/r21vgg2k_vgg16_bn_s42/faces_cfdWM64/houses_yin64/results.csv,IU
noaa,VGG2k / no AA,r21vgg2k_vgg16_bn_s42,face_transfer,124,two_cross,CFD WM64,Houses,0.36,0.38,50,within_sampled_range,IU,112,62.5,runs/yin_latest_vgg_20260927/transfer/results/r21vgg2k_vgg16_bn_s42/faces_cfdWM64/houses_yin64/results.csv,IU
noaa,VGG2k / no AA,r21vgg2k_vgg16_bn_s42,face_transfer,124,two_cross,CFD WM64,Houses,0.36,0.38,50,within_sampled_range,IU,113,66.66666666666666,runs/yin_latest_vgg_20260927/transfer/results/r21vgg2k_vgg16_bn_s42/faces_cfdWM64/houses_yin64/results.csv,IU
noaa,VGG2k / no AA,r21vgg2k_vgg16_bn_s42,face_transfer,124,two_cross,CFD WM64,Houses,0.36,0.38,50,within_sampled_range,IU,114,75.0,runs/yin_latest_vgg_20260927/transfer/results/r21vgg2k_vgg16_bn_s42/faces_cfdWM64/houses_yin64/results.csv,IU
noaa,VGG2k / no AA,r21vgg2k_vgg16_bn_s42,face_transfer,124,two_cross,CFD WM64,Houses,0.36,0.38,50,within_sampled_range,IU,115,75.0,runs/yin_latest_vgg_20260927/transfer/results/r21vgg2k_vgg16_bn_s42/faces_cfdWM64/houses_yin64/results.csv,IU
noaa,VGG2k / no AA,r21vgg2k_vgg16_bn_s42,face_transfer,124,two_cross,CFD WM64,Houses,0.36,0.38,50,within_sampled_range,IU,116,62.5,runs/yin_latest_vgg_20260927/transfer/results/r21vgg2k_vgg16_bn_s42/faces_cfdWM64/houses_yin64/results.csv,IU
noaa,VGG2k / no AA,r21vgg2k_vgg16_bn_s42,face_transfer,124,two_cross,CFD WM64,Houses,0.36,0.38,50,within_sampled_range,IU,117,54.166666666666664,runs/yin_latest_vgg_20260927/transfer/results/r21vgg2k_vgg16_bn_s42/faces_cfdWM64/houses_yin64/results.csv,IU
noaa,VGG2k / no AA,r21vgg2k_vgg16_bn_s42,face_transfer,124,two_cross,CFD WM64,Houses,0.36,0.38,50,within_sampled_range,IU,118,75.0,runs/yin_latest_vgg_20260927/transfer/results/r21vgg2k_vgg16_bn_s42/faces_cfdWM64/houses_yin64/results.csv,IU
noaa,VGG2k / no AA,r21vgg2k_vgg16_bn_s42,face_transfer,124,two_cross,CFD WM64,Houses,0.36,0.38,50,within_sampled_range,IU,119,62.5,runs/yin_latest_vgg_20260927/transfer/results/r21vgg2k_vgg16_bn_s42/faces_cfdWM64/houses_yin64/results.csv,IU
noaa,VGG2k / no AA,r21vgg2k_vgg16_bn_s42,face_transfer,124,two_cross,CFD WM64,Houses,0.36,0.38,50,within_sampled_range,IU,120,62.5,runs/yin_latest_vgg_20260927/transfer/results/r21vgg2k_vgg16_bn_s42/faces_cfdWM64/houses_yin64/results.csv,IU
noaa,VGG2k / no AA,r21vgg2k_vgg16_bn_s42,face_transfer,124,two_cross,CFD WM64,Houses,0.36,0.38,50,within_sampled_range,IU,121,58.333333333333336,runs/yin_latest_vgg_20260927/transfer/results/r21vgg2k_vgg16_bn_s42/faces_cfdWM64/houses_yin64/results.csv,IU
noaa,VGG2k / no AA,r21vgg2k_vgg16_bn_s42,face_transfer,124,two_cross,CFD WM64,Houses,0.36,0.38,50,within_sampled_range,IU,122,50.0,runs/yin_latest_vgg_20260927/transfer/results/r21vgg2k_vgg16_bn_s42/faces_cfdWM64/houses_yin64/results.csv,IU
noaa,VGG2k / no AA,r21vgg2k_vgg16_bn_s42,face_transfer,124,two_cross,CFD WM64,Houses,0.36,0.38,50,within_sampled_range,IU,123,70.83333333333334,runs/yin_latest_vgg_20260927/transfer/results/r21vgg2k_vgg16_bn_s42/faces_cfdWM64/houses_yin64/results.csv,IU
noaa,VGG2k / no AA,r21vgg2k_vgg16_bn_s42,face_transfer,124,two_cross,CFD WM64,Houses,0.36,0.38,50,within_sampled_range,IU,124,58.333333333333336,runs/yin_latest_vgg_20260927/transfer/results/r21vgg2k_vgg16_bn_s42/faces_cfdWM64/houses_yin64/results.csv,IU
noaa,VGG2k / no AA,r21vgg2k_vgg16_bn_s42,face_transfer,124,two_cross,CFD WM64,Houses,0.36,0.38,50,within_sampled_range,IU,125,70.83333333333334,runs/yin_latest_vgg_20260927/transfer/results/r21vgg2k_vgg16_bn_s42/faces_cfdWM64/houses_yin64/results.csv,IU
noaa,VGG2k / no AA,r21vgg2k_vgg16_bn_s42,face_transfer,124,two_cross,CFD WM64,Houses,0.36,0.38,50,within_sampled_range,IU,126,70.83333333333334,runs/yin_latest_vgg_20260927/transfer/results/r21vgg2k_vgg16_bn_s42/faces_cfdWM64/houses_yin64/results.csv,IU
noaa,VGG2k / no AA,r21vgg2k_vgg16_bn_s42,face_transfer,124,two_cross,CFD WM64,Houses,0.36,0.38,50,within_sampled_range,IU,127,79.16666666666666,runs/yin_latest_vgg_20260927/transfer/results/r21vgg2k_vgg16_bn_s42/faces_cfdWM64/houses_yin64/results.csv,IU
noaa,VGG2k / no AA,r21vgg2k_vgg16_bn_s42,face_transfer,124,two_cross,CFD WM64,Houses,0.36,0.38,50,within_sampled_range,IU,128,70.83333333333334,runs/yin_latest_vgg_20260927/transfer/results/r21vgg2k_vgg16_bn_s42/faces_cfdWM64/houses_yin64/results.csv,IU
noaa,VGG2k / no AA,r21vgg2k_vgg16_bn_s42,face_transfer,124,two_cross,CFD WM64,Houses,0.36,0.38,50,within_sampled_range,IU,129,62.5,runs/yin_latest_vgg_20260927/transfer/results/r21vgg2k_vgg16_bn_s42/faces_cfdWM64/houses_yin64/results.csv,IU
noaa,VGG2k / no AA,r21vgg2k_vgg16_bn_s42,face_transfer,124,two_cross,CFD WM64,Houses,0.36,0.38,50,within_sampled_range,IU,130,62.5,runs/yin_latest_vgg_20260927/transfer/results/r21vgg2k_vgg16_bn_s42/faces_cfdWM64/houses_yin64/results.csv,IU
noaa,VGG2k / no AA,r21vgg2k_vgg16_bn_s42,face_transfer,124,two_cross,CFD WM64,Houses,0.36,0.38,50,within_sampled_range,IU,131,62.5,runs/yin_latest_vgg_20260927/transfer/results/r21vgg2k_vgg16_bn_s42/faces_cfdWM64/houses_yin64/results.csv,IU
noaa,VGG2k / no AA,r21vgg2k_vgg16_bn_s42,face_transfer,124,two_cross,CFD WM64,Houses,0.36,0.38,50,within_sampled_range,IU,132,58.333333333333336,runs/yin_latest_vgg_20260927/transfer/results/r21vgg2k_vgg16_bn_s42/faces_cfdWM64/houses_yin64/results.csv,IU
noaa,VGG2k / no AA,r21vgg2k_vgg16_bn_s42,face_transfer,124,two_cross,CFD WM64,Houses,0.36,0.38,50,within_sampled_range,IU,133,62.5,runs/yin_latest_vgg_20260927/transfer/results/r21vgg2k_vgg16_bn_s42/faces_cfdWM64/houses_yin64/results.csv,IU
noaa,VGG2k / no AA,r21vgg2k_vgg16_bn_s42,face_transfer,124,two_cross,CFD WM64,Houses,0.36,0.38,50,within_sampled_range,IU,134,79.16666666666666,runs/yin_latest_vgg_20260927/transfer/results/r21vgg2k_vgg16_bn_s42/faces_cfdWM64/houses_yin64/results.csv,IU
noaa,VGG2k / no AA,r21vgg2k_vgg16_bn_s42,face_transfer,124,two_cross,CFD WM64,Houses,0.36,0.38,50,within_sampled_range,IU,135,66.66666666666666,runs/yin_latest_vgg_20260927/transfer/results/r21vgg2k_vgg16_bn_s42/faces_cfdWM64/houses_yin64/results.csv,IU
noaa,VGG2k / no AA,r21vgg2k_vgg16_bn_s42,face_transfer,124,two_cross,CFD WM64,Houses,0.36,0.38,50,within_sampled_range,IU,136,62.5,runs/yin_latest_vgg_20260927/transfer/results/r21vgg2k_vgg16_bn_s42/faces_cfdWM64/houses_yin64/results.csv,IU
noaa,VGG2k / no AA,r21vgg2k_vgg16_bn_s42,face_transfer,124,two_cross,CFD WM64,Houses,0.36,0.38,50,within_sampled_range,IU,137,79.16666666666666,runs/yin_latest_vgg_20260927/transfer/results/r21vgg2k_vgg16_bn_s42/faces_cfdWM64/houses_yin64/results.csv,IU
noaa,VGG2k / no AA,r21vgg2k_vgg16_bn_s42,face_transfer,124,two_cross,CFD WM64,Houses,0.36,0.38,50,within_sampled_range,IU,138,70.83333333333334,runs/yin_latest_vgg_20260927/transfer/results/r21vgg2k_vgg16_bn_s42/faces_cfdWM64/houses_yin64/results.csv,IU
noaa,VGG2k / no AA,r21vgg2k_vgg16_bn_s42,face_transfer,124,two_cross,CFD WM64,Houses,0.36,0.38,50,within_sampled_range,IU,139,75.0,runs/yin_latest_vgg_20260927/transfer/results/r21vgg2k_vgg16_bn_s42/faces_cfdWM64/houses_yin64/results.csv,IU
noaa,VGG2k / no AA,r21vgg2k_vgg16_bn_s42,face_transfer,124,two_cross,CFD WM64,Houses,0.36,0.38,50,within_sampled_range,IU,140,75.0,runs/yin_latest_vgg_20260927/transfer/results/r21vgg2k_vgg16_bn_s42/faces_cfdWM64/houses_yin64/results.csv,IU
noaa,VGG2k / no AA,r21vgg2k_vgg16_bn_s42,face_transfer,124,two_cross,CFD WM64,Houses,0.36,0.38,50,within_sampled_range,IU,141,62.5,runs/yin_latest_vgg_20260927/transfer/results/r21vgg2k_vgg16_bn_s42/faces_cfdWM64/houses_yin64/results.csv,IU
noaa,VGG2k / no AA,r21vgg2k_vgg16_bn_s42,face_transfer,124,two_cross,CFD WM64,Houses,0.36,0.38,50,within_sampled_range,IU,142,66.66666666666666,runs/yin_latest_vgg_20260927/transfer/results/r21vgg2k_vgg16_bn_s42/faces_cfdWM64/houses_yin64/results.csv,IU
noaa,VGG2k / no AA,r21vgg2k_vgg16_bn_s42,face_transfer,124,two_cross,CFD WM64,Houses,0.36,0.38,50,within_sampled_range,IU,143,75.0,runs/yin_latest_vgg_20260927/transfer/results/r21vgg2k_vgg16_bn_s42/faces_cfdWM64/houses_yin64/results.csv,IU
noaa,VGG2k / no AA,r21vgg2k_vgg16_bn_s42,face_transfer,124,two_cross,CFD WM64,Houses,0.36,0.38,50,within_sampled_range,IU,144,75.0,runs/yin_latest_vgg_20260927/transfer/results/r21vgg2k_vgg16_bn_s42/faces_cfdWM64/houses_yin64/results.csv,IU
noaa,VGG2k / no AA,r21vgg2k_vgg16_bn_s42,face_transfer,124,two_cross,CFD WM64,Houses,0.36,0.38,50,within_sampled_range,IU,145,83.33333333333334,runs/yin_latest_vgg_20260927/transfer/results/r21vgg2k_vgg16_bn_s42/faces_cfdWM64/houses_yin64/results.csv,IU
noaa,VGG2k / no AA,r21vgg2k_vgg16_bn_s42,face_transfer,124,two_cross,CFD WM64,Houses,0.36,0.38,50,within_sampled_range,IU,146,66.66666666666666,runs/yin_latest_vgg_20260927/transfer/results/r21vgg2k_vgg16_bn_s42/faces_cfdWM64/houses_yin64/results.csv,IU
noaa,VGG2k / no AA,r21vgg2k_vgg16_bn_s42,face_transfer,124,two_cross,CFD WM64,Houses,0.36,0.38,50,within_sampled_range,IU,147,66.66666666666666,runs/yin_latest_vgg_20260927/transfer/results/r21vgg2k_vgg16_bn_s42/faces_cfdWM64/houses_yin64/results.csv,IU
noaa,VGG2k / no AA,r21vgg2k_vgg16_bn_s42,face_transfer,124,two_cross,CFD WM64,Houses,0.36,0.38,50,within_sampled_range,IU,148,79.16666666666666,runs/yin_latest_vgg_20260927/transfer/results/r21vgg2k_vgg16_bn_s42/faces_cfdWM64/houses_yin64/results.csv,IU
noaa,VGG2k / no AA,r21vgg2k_vgg16_bn_s42,face_transfer,124,two_cross,CFD WM64,Houses,0.36,0.38,50,within_sampled_range,IU,149,66.66666666666666,runs/yin_latest_vgg_20260927/transfer/results/r21vgg2k_vgg16_bn_s42/faces_cfdWM64/houses_yin64/results.csv,IU
noaa,VGG2k / no AA,r21vgg2k_vgg16_bn_s42,face_transfer,124,two_cross,CFD WM64,Houses,0.36,0.38,50,within_sampled_range,IU,150,70.83333333333334,runs/yin_latest_vgg_20260927/transfer/results/r21vgg2k_vgg16_bn_s42/faces_cfdWM64/houses_yin64/results.csv,IU
noaa,VGG2k / no AA,r21vgg2k_vgg16_bn_s42,face_transfer,124,two_shared_ui,CFD WM64,Houses,0.36,0.38,50,within_sampled_range,UU,101,75.0,runs/yin_latest_vgg_20260927/transfer/results/r21vgg2k_vgg16_bn_s42/faces_cfdWM64/houses_yin64/results.csv,UU
noaa,VGG2k / no AA,r21vgg2k_vgg16_bn_s42,face_transfer,124,two_shared_ui,CFD WM64,Houses,0.36,0.38,50,within_sampled_range,UU,102,83.33333333333334,runs/yin_latest_vgg_20260927/transfer/results/r21vgg2k_vgg16_bn_s42/faces_cfdWM64/houses_yin64/results.csv,UU
noaa,VGG2k / no AA,r21vgg2k_vgg16_bn_s42,face_transfer,124,two_shared_ui,CFD WM64,Houses,0.36,0.38,50,within_sampled_range,UU,103,66.66666666666666,runs/yin_latest_vgg_20260927/transfer/results/r21vgg2k_vgg16_bn_s42/faces_cfdWM64/houses_yin64/results.csv,UU
noaa,VGG2k / no AA,r21vgg2k_vgg16_bn_s42,face_transfer,124,two_shared_ui,CFD WM64,Houses,0.36,0.38,50,within_sampled_range,UU,104,79.16666666666666,runs/yin_latest_vgg_20260927/transfer/results/r21vgg2k_vgg16_bn_s42/faces_cfdWM64/houses_yin64/results.csv,UU
noaa,VGG2k / no AA,r21vgg2k_vgg16_bn_s42,face_transfer,124,two_shared_ui,CFD WM64,Houses,0.36,0.38,50,within_sampled_range,UU,105,62.5,runs/yin_latest_vgg_20260927/transfer/results/r21vgg2k_vgg16_bn_s42/faces_cfdWM64/houses_yin64/results.csv,UU
noaa,VGG2k / no AA,r21vgg2k_vgg16_bn_s42,face_transfer,124,two_shared_ui,CFD WM64,Houses,0.36,0.38,50,within_sampled_range,UU,106,79.16666666666666,runs/yin_latest_vgg_20260927/transfer/results/r21vgg2k_vgg16_bn_s42/faces_cfdWM64/houses_yin64/results.csv,UU
noaa,VGG2k / no AA,r21vgg2k_vgg16_bn_s42,face_transfer,124,two_shared_ui,CFD WM64,Houses,0.36,0.38,50,within_sampled_range,UU,107,66.66666666666666,runs/yin_latest_vgg_20260927/transfer/results/r21vgg2k_vgg16_bn_s42/faces_cfdWM64/houses_yin64/results.csv,UU
noaa,VGG2k / no AA,r21vgg2k_vgg16_bn_s42,face_transfer,124,two_shared_ui,CFD WM64,Houses,0.36,0.38,50,within_sampled_range,UU,108,66.66666666666666,runs/yin_latest_vgg_20260927/transfer/results/r21vgg2k_vgg16_bn_s42/faces_cfdWM64/houses_yin64/results.csv,UU
noaa,VGG2k / no AA,r21vgg2k_vgg16_bn_s42,face_transfer,124,two_shared_ui,CFD WM64,Houses,0.36,0.38,50,within_sampled_range,UU,109,62.5,runs/yin_latest_vgg_20260927/transfer/results/r21vgg2k_vgg16_bn_s42/faces_cfdWM64/houses_yin64/results.csv,UU
noaa,VGG2k / no AA,r21vgg2k_vgg16_bn_s42,face_transfer,124,two_shared_ui,CFD WM64,Houses,0.36,0.38,50,within_sampled_range,UU,110,54.166666666666664,runs/yin_latest_vgg_20260927/transfer/results/r21vgg2k_vgg16_bn_s42/faces_cfdWM64/houses_yin64/results.csv,UU
noaa,VGG2k / no AA,r21vgg2k_vgg16_bn_s42,face_transfer,124,two_shared_ui,CFD WM64,Houses,0.36,0.38,50,within_sampled_range,UU,111,62.5,runs/yin_latest_vgg_20260927/transfer/results/r21vgg2k_vgg16_bn_s42/faces_cfdWM64/houses_yin64/results.csv,UU
noaa,VGG2k / no AA,r21vgg2k_vgg16_bn_s42,face_transfer,124,two_shared_ui,CFD WM64,Houses,0.36,0.38,50,within_sampled_range,UU,112,70.83333333333334,runs/yin_latest_vgg_20260927/transfer/results/r21vgg2k_vgg16_bn_s42/faces_cfdWM64/houses_yin64/results.csv,UU
noaa,VGG2k / no AA,r21vgg2k_vgg16_bn_s42,face_transfer,124,two_shared_ui,CFD WM64,Houses,0.36,0.38,50,within_sampled_range,UU,113,75.0,runs/yin_latest_vgg_20260927/transfer/results/r21vgg2k_vgg16_bn_s42/faces_cfdWM64/houses_yin64/results.csv,UU
noaa,VGG2k / no AA,r21vgg2k_vgg16_bn_s42,face_transfer,124,two_shared_ui,CFD WM64,Houses,0.36,0.38,50,within_sampled_range,UU,114,75.0,runs/yin_latest_vgg_20260927/transfer/results/r21vgg2k_vgg16_bn_s42/faces_cfdWM64/houses_yin64/results.csv,UU
noaa,VGG2k / no AA,r21vgg2k_vgg16_bn_s42,face_transfer,124,two_shared_ui,CFD WM64,Houses,0.36,0.38,50,within_sampled_range,UU,115,75.0,runs/yin_latest_vgg_20260927/transfer/results/r21vgg2k_vgg16_bn_s42/faces_cfdWM64/houses_yin64/results.csv,UU
noaa,VGG2k / no AA,r21vgg2k_vgg16_bn_s42,face_transfer,124,two_shared_ui,CFD WM64,Houses,0.36,0.38,50,within_sampled_range,UU,116,62.5,runs/yin_latest_vgg_20260927/transfer/results/r21vgg2k_vgg16_bn_s42/faces_cfdWM64/houses_yin64/results.csv,UU
noaa,VGG2k / no AA,r21vgg2k_vgg16_bn_s42,face_transfer,124,two_shared_ui,CFD WM64,Houses,0.36,0.38,50,within_sampled_range,UU,117,75.0,runs/yin_latest_vgg_20260927/transfer/results/r21vgg2k_vgg16_bn_s42/faces_cfdWM64/houses_yin64/results.csv,UU
noaa,VGG2k / no AA,r21vgg2k_vgg16_bn_s42,face_transfer,124,two_shared_ui,CFD WM64,Houses,0.36,0.38,50,within_sampled_range,UU,118,70.83333333333334,runs/yin_latest_vgg_20260927/transfer/results/r21vgg2k_vgg16_bn_s42/faces_cfdWM64/houses_yin64/results.csv,UU
noaa,VGG2k / no AA,r21vgg2k_vgg16_bn_s42,face_transfer,124,two_shared_ui,CFD WM64,Houses,0.36,0.38,50,within_sampled_range,UU,119,75.0,runs/yin_latest_vgg_20260927/transfer/results/r21vgg2k_vgg16_bn_s42/faces_cfdWM64/houses_yin64/results.csv,UU
noaa,VGG2k / no AA,r21vgg2k_vgg16_bn_s42,face_transfer,124,two_shared_ui,CFD WM64,Houses,0.36,0.38,50,within_sampled_range,UU,120,66.66666666666666,runs/yin_latest_vgg_20260927/transfer/results/r21vgg2k_vgg16_bn_s42/faces_cfdWM64/houses_yin64/results.csv,UU
noaa,VGG2k / no AA,r21vgg2k_vgg16_bn_s42,face_transfer,124,two_shared_ui,CFD WM64,Houses,0.36,0.38,50,within_sampled_range,UU,121,75.0,runs/yin_latest_vgg_20260927/transfer/results/r21vgg2k_vgg16_bn_s42/faces_cfdWM64/houses_yin64/results.csv,UU
noaa,VGG2k / no AA,r21vgg2k_vgg16_bn_s42,face_transfer,124,two_shared_ui,CFD WM64,Houses,0.36,0.38,50,within_sampled_range,UU,122,70.83333333333334,runs/yin_latest_vgg_20260927/transfer/results/r21vgg2k_vgg16_bn_s42/faces_cfdWM64/houses_yin64/results.csv,UU
noaa,VGG2k / no AA,r21vgg2k_vgg16_bn_s42,face_transfer,124,two_shared_ui,CFD WM64,Houses,0.36,0.38,50,within_sampled_range,UU,123,70.83333333333334,runs/yin_latest_vgg_20260927/transfer/results/r21vgg2k_vgg16_bn_s42/faces_cfdWM64/houses_yin64/results.csv,UU
noaa,VGG2k / no AA,r21vgg2k_vgg16_bn_s42,face_transfer,124,two_shared_ui,CFD WM64,Houses,0.36,0.38,50,within_sampled_range,UU,124,66.66666666666666,runs/yin_latest_vgg_20260927/transfer/results/r21vgg2k_vgg16_bn_s42/faces_cfdWM64/houses_yin64/results.csv,UU
noaa,VGG2k / no AA,r21vgg2k_vgg16_bn_s42,face_transfer,124,two_shared_ui,CFD WM64,Houses,0.36,0.38,50,within_sampled_range,UU,125,75.0,runs/yin_latest_vgg_20260927/transfer/results/r21vgg2k_vgg16_bn_s42/faces_cfdWM64/houses_yin64/results.csv,UU
noaa,VGG2k / no AA,r21vgg2k_vgg16_bn_s42,face_transfer,124,two_shared_ui,CFD WM64,Houses,0.36,0.38,50,within_sampled_range,UU,126,58.333333333333336,runs/yin_latest_vgg_20260927/transfer/results/r21vgg2k_vgg16_bn_s42/faces_cfdWM64/houses_yin64/results.csv,UU
noaa,VGG2k / no AA,r21vgg2k_vgg16_bn_s42,face_transfer,124,two_shared_ui,CFD WM64,Houses,0.36,0.38,50,within_sampled_range,UU,127,79.16666666666666,runs/yin_latest_vgg_20260927/transfer/results/r21vgg2k_vgg16_bn_s42/faces_cfdWM64/houses_yin64/results.csv,UU
noaa,VGG2k / no AA,r21vgg2k_vgg16_bn_s42,face_transfer,124,two_shared_ui,CFD WM64,Houses,0.36,0.38,50,within_sampled_range,UU,128,75.0,runs/yin_latest_vgg_20260927/transfer/results/r21vgg2k_vgg16_bn_s42/faces_cfdWM64/houses_yin64/results.csv,UU
noaa,VGG2k / no AA,r21vgg2k_vgg16_bn_s42,face_transfer,124,two_shared_ui,CFD WM64,Houses,0.36,0.38,50,within_sampled_range,UU,129,70.83333333333334,runs/yin_latest_vgg_20260927/transfer/results/r21vgg2k_vgg16_bn_s42/faces_cfdWM64/houses_yin64/results.csv,UU
noaa,VGG2k / no AA,r21vgg2k_vgg16_bn_s42,face_transfer,124,two_shared_ui,CFD WM64,Houses,0.36,0.38,50,within_sampled_range,UU,130,79.16666666666666,runs/yin_latest_vgg_20260927/transfer/results/r21vgg2k_vgg16_bn_s42/faces_cfdWM64/houses_yin64/results.csv,UU
noaa,VGG2k / no AA,r21vgg2k_vgg16_bn_s42,face_transfer,124,two_shared_ui,CFD WM64,Houses,0.36,0.38,50,within_sampled_range,UU,131,79.16666666666666,runs/yin_latest_vgg_20260927/transfer/results/r21vgg2k_vgg16_bn_s42/faces_cfdWM64/houses_yin64/results.csv,UU
noaa,VGG2k / no AA,r21vgg2k_vgg16_bn_s42,face_transfer,124,two_shared_ui,CFD WM64,Houses,0.36,0.38,50,within_sampled_range,UU,132,79.16666666666666,runs/yin_latest_vgg_20260927/transfer/results/r21vgg2k_vgg16_bn_s42/faces_cfdWM64/houses_yin64/results.csv,UU
noaa,VGG2k / no AA,r21vgg2k_vgg16_bn_s42,face_transfer,124,two_shared_ui,CFD WM64,Houses,0.36,0.38,50,within_sampled_range,UU,133,70.83333333333334,runs/yin_latest_vgg_20260927/transfer/results/r21vgg2k_vgg16_bn_s42/faces_cfdWM64/houses_yin64/results.csv,UU
noaa,VGG2k / no AA,r21vgg2k_vgg16_bn_s42,face_transfer,124,two_shared_ui,CFD WM64,Houses,0.36,0.38,50,within_sampled_range,UU,134,58.333333333333336,runs/yin_latest_vgg_20260927/transfer/results/r21vgg2k_vgg16_bn_s42/faces_cfdWM64/houses_yin64/results.csv,UU
noaa,VGG2k / no AA,r21vgg2k_vgg16_bn_s42,face_transfer,124,two_shared_ui,CFD WM64,Houses,0.36,0.38,50,within_sampled_range,UU,135,66.66666666666666,runs/yin_latest_vgg_20260927/transfer/results/r21vgg2k_vgg16_bn_s42/faces_cfdWM64/houses_yin64/results.csv,UU
noaa,VGG2k / no AA,r21vgg2k_vgg16_bn_s42,face_transfer,124,two_shared_ui,CFD WM64,Houses,0.36,0.38,50,within_sampled_range,UU,136,75.0,runs/yin_latest_vgg_20260927/transfer/results/r21vgg2k_vgg16_bn_s42/faces_cfdWM64/houses_yin64/results.csv,UU
noaa,VGG2k / no AA,r21vgg2k_vgg16_bn_s42,face_transfer,124,two_shared_ui,CFD WM64,Houses,0.36,0.38,50,within_sampled_range,UU,137,70.83333333333334,runs/yin_latest_vgg_20260927/transfer/results/r21vgg2k_vgg16_bn_s42/faces_cfdWM64/houses_yin64/results.csv,UU
noaa,VGG2k / no AA,r21vgg2k_vgg16_bn_s42,face_transfer,124,two_shared_ui,CFD WM64,Houses,0.36,0.38,50,within_sampled_range,UU,138,75.0,runs/yin_latest_vgg_20260927/transfer/results/r21vgg2k_vgg16_bn_s42/faces_cfdWM64/houses_yin64/results.csv,UU
noaa,VGG2k / no AA,r21vgg2k_vgg16_bn_s42,face_transfer,124,two_shared_ui,CFD WM64,Houses,0.36,0.38,50,within_sampled_range,UU,139,62.5,runs/yin_latest_vgg_20260927/transfer/results/r21vgg2k_vgg16_bn_s42/faces_cfdWM64/houses_yin64/results.csv,UU
noaa,VGG2k / no AA,r21vgg2k_vgg16_bn_s42,face_transfer,124,two_shared_ui,CFD WM64,Houses,0.36,0.38,50,within_sampled_range,UU,140,79.16666666666666,runs/yin_latest_vgg_20260927/transfer/results/r21vgg2k_vgg16_bn_s42/faces_cfdWM64/houses_yin64/results.csv,UU
noaa,VGG2k / no AA,r21vgg2k_vgg16_bn_s42,face_transfer,124,two_shared_ui,CFD WM64,Houses,0.36,0.38,50,within_sampled_range,UU,141,66.66666666666666,runs/yin_latest_vgg_20260927/transfer/results/r21vgg2k_vgg16_bn_s42/faces_cfdWM64/houses_yin64/results.csv,UU
noaa,VGG2k / no AA,r21vgg2k_vgg16_bn_s42,face_transfer,124,two_shared_ui,CFD WM64,Houses,0.36,0.38,50,within_sampled_range,UU,142,70.83333333333334,runs/yin_latest_vgg_20260927/transfer/results/r21vgg2k_vgg16_bn_s42/faces_cfdWM64/houses_yin64/results.csv,UU
noaa,VGG2k / no AA,r21vgg2k_vgg16_bn_s42,face_transfer,124,two_shared_ui,CFD WM64,Houses,0.36,0.38,50,within_sampled_range,UU,143,54.166666666666664,runs/yin_latest_vgg_20260927/transfer/results/r21vgg2k_vgg16_bn_s42/faces_cfdWM64/houses_yin64/results.csv,UU
noaa,VGG2k / no AA,r21vgg2k_vgg16_bn_s42,face_transfer,124,two_shared_ui,CFD WM64,Houses,0.36,0.38,50,within_sampled_range,UU,144,75.0,runs/yin_latest_vgg_20260927/transfer/results/r21vgg2k_vgg16_bn_s42/faces_cfdWM64/houses_yin64/results.csv,UU
noaa,VGG2k / no AA,r21vgg2k_vgg16_bn_s42,face_transfer,124,two_shared_ui,CFD WM64,Houses,0.36,0.38,50,within_sampled_range,UU,145,79.16666666666666,runs/yin_latest_vgg_20260927/transfer/results/r21vgg2k_vgg16_bn_s42/faces_cfdWM64/houses_yin64/results.csv,UU
noaa,VGG2k / no AA,r21vgg2k_vgg16_bn_s42,face_transfer,124,two_shared_ui,CFD WM64,Houses,0.36,0.38,50,within_sampled_range,UU,146,87.5,runs/yin_latest_vgg_20260927/transfer/results/r21vgg2k_vgg16_bn_s42/faces_cfdWM64/houses_yin64/results.csv,UU
noaa,VGG2k / no AA,r21vgg2k_vgg16_bn_s42,face_transfer,124,two_shared_ui,CFD WM64,Houses,0.36,0.38,50,within_sampled_range,UU,147,70.83333333333334,runs/yin_latest_vgg_20260927/transfer/results/r21vgg2k_vgg16_bn_s42/faces_cfdWM64/houses_yin64/results.csv,UU
noaa,VGG2k / no AA,r21vgg2k_vgg16_bn_s42,face_transfer,124,two_shared_ui,CFD WM64,Houses,0.36,0.38,50,within_sampled_range,UU,148,70.83333333333334,runs/yin_latest_vgg_20260927/transfer/results/r21vgg2k_vgg16_bn_s42/faces_cfdWM64/houses_yin64/results.csv,UU
noaa,VGG2k / no AA,r21vgg2k_vgg16_bn_s42,face_transfer,124,two_shared_ui,CFD WM64,Houses,0.36,0.38,50,within_sampled_range,UU,149,79.16666666666666,runs/yin_latest_vgg_20260927/transfer/results/r21vgg2k_vgg16_bn_s42/faces_cfdWM64/houses_yin64/results.csv,UU
noaa,VGG2k / no AA,r21vgg2k_vgg16_bn_s42,face_transfer,124,two_shared_ui,CFD WM64,Houses,0.36,0.38,50,within_sampled_range,UU,150,83.33333333333334,runs/yin_latest_vgg_20260927/transfer/results/r21vgg2k_vgg16_bn_s42/faces_cfdWM64/houses_yin64/results.csv,UU
noaa,VGG2k / no AA,r21vgg2k_vgg16_bn_s42,face_transfer,124,two_shared_ui,CFD WM64,Houses,0.36,0.38,50,within_sampled_range,II,101,66.66666666666666,runs/yin_latest_vgg_20260927/transfer/results/r21vgg2k_vgg16_bn_s42/faces_cfdWM64/houses_yin64/results.csv,II
noaa,VGG2k / no AA,r21vgg2k_vgg16_bn_s42,face_transfer,124,two_shared_ui,CFD WM64,Houses,0.36,0.38,50,within_sampled_range,II,102,70.83333333333334,runs/yin_latest_vgg_20260927/transfer/results/r21vgg2k_vgg16_bn_s42/faces_cfdWM64/houses_yin64/results.csv,II
noaa,VGG2k / no AA,r21vgg2k_vgg16_bn_s42,face_transfer,124,two_shared_ui,CFD WM64,Houses,0.36,0.38,50,within_sampled_range,II,103,79.16666666666666,runs/yin_latest_vgg_20260927/transfer/results/r21vgg2k_vgg16_bn_s42/faces_cfdWM64/houses_yin64/results.csv,II
noaa,VGG2k / no AA,r21vgg2k_vgg16_bn_s42,face_transfer,124,two_shared_ui,CFD WM64,Houses,0.36,0.38,50,within_sampled_range,II,104,66.66666666666666,runs/yin_latest_vgg_20260927/transfer/results/r21vgg2k_vgg16_bn_s42/faces_cfdWM64/houses_yin64/results.csv,II
noaa,VGG2k / no AA,r21vgg2k_vgg16_bn_s42,face_transfer,124,two_shared_ui,CFD WM64,Houses,0.36,0.38,50,within_sampled_range,II,105,75.0,runs/yin_latest_vgg_20260927/transfer/results/r21vgg2k_vgg16_bn_s42/faces_cfdWM64/houses_yin64/results.csv,II
noaa,VGG2k / no AA,r21vgg2k_vgg16_bn_s42,face_transfer,124,two_shared_ui,CFD WM64,Houses,0.36,0.38,50,within_sampled_range,II,106,66.66666666666666,runs/yin_latest_vgg_20260927/transfer/results/r21vgg2k_vgg16_bn_s42/faces_cfdWM64/houses_yin64/results.csv,II
noaa,VGG2k / no AA,r21vgg2k_vgg16_bn_s42,face_transfer,124,two_shared_ui,CFD WM64,Houses,0.36,0.38,50,within_sampled_range,II,107,66.66666666666666,runs/yin_latest_vgg_20260927/transfer/results/r21vgg2k_vgg16_bn_s42/faces_cfdWM64/houses_yin64/results.csv,II
noaa,VGG2k / no AA,r21vgg2k_vgg16_bn_s42,face_transfer,124,two_shared_ui,CFD WM64,Houses,0.36,0.38,50,within_sampled_range,II,108,58.333333333333336,runs/yin_latest_vgg_20260927/transfer/results/r21vgg2k_vgg16_bn_s42/faces_cfdWM64/houses_yin64/results.csv,II
noaa,VGG2k / no AA,r21vgg2k_vgg16_bn_s42,face_transfer,124,two_shared_ui,CFD WM64,Houses,0.36,0.38,50,within_sampled_range,II,109,54.166666666666664,runs/yin_latest_vgg_20260927/transfer/results/r21vgg2k_vgg16_bn_s42/faces_cfdWM64/houses_yin64/results.csv,II
noaa,VGG2k / no AA,r21vgg2k_vgg16_bn_s42,face_transfer,124,two_shared_ui,CFD WM64,Houses,0.36,0.38,50,within_sampled_range,II,110,75.0,runs/yin_latest_vgg_20260927/transfer/results/r21vgg2k_vgg16_bn_s42/faces_cfdWM64/houses_yin64/results.csv,II
noaa,VGG2k / no AA,r21vgg2k_vgg16_bn_s42,face_transfer,124,two_shared_ui,CFD WM64,Houses,0.36,0.38,50,within_sampled_range,II,111,58.333333333333336,runs/yin_latest_vgg_20260927/transfer/results/r21vgg2k_vgg16_bn_s42/faces_cfdWM64/houses_yin64/results.csv,II
noaa,VGG2k / no AA,r21vgg2k_vgg16_bn_s42,face_transfer,124,two_shared_ui,CFD WM64,Houses,0.36,0.38,50,within_sampled_range,II,112,70.83333333333334,runs/yin_latest_vgg_20260927/transfer/results/r21vgg2k_vgg16_bn_s42/faces_cfdWM64/houses_yin64/results.csv,II
noaa,VGG2k / no AA,r21vgg2k_vgg16_bn_s42,face_transfer,124,two_shared_ui,CFD WM64,Houses,0.36,0.38,50,within_sampled_range,II,113,66.66666666666666,runs/yin_latest_vgg_20260927/transfer/results/r21vgg2k_vgg16_bn_s42/faces_cfdWM64/houses_yin64/results.csv,II
noaa,VGG2k / no AA,r21vgg2k_vgg16_bn_s42,face_transfer,124,two_shared_ui,CFD WM64,Houses,0.36,0.38,50,within_sampled_range,II,114,58.333333333333336,runs/yin_latest_vgg_20260927/transfer/results/r21vgg2k_vgg16_bn_s42/faces_cfdWM64/houses_yin64/results.csv,II
noaa,VGG2k / no AA,r21vgg2k_vgg16_bn_s42,face_transfer,124,two_shared_ui,CFD WM64,Houses,0.36,0.38,50,within_sampled_range,II,115,62.5,runs/yin_latest_vgg_20260927/transfer/results/r21vgg2k_vgg16_bn_s42/faces_cfdWM64/houses_yin64/results.csv,II
noaa,VGG2k / no AA,r21vgg2k_vgg16_bn_s42,face_transfer,124,two_shared_ui,CFD WM64,Houses,0.36,0.38,50,within_sampled_range,II,116,70.83333333333334,runs/yin_latest_vgg_20260927/transfer/results/r21vgg2k_vgg16_bn_s42/faces_cfdWM64/houses_yin64/results.csv,II
noaa,VGG2k / no AA,r21vgg2k_vgg16_bn_s42,face_transfer,124,two_shared_ui,CFD WM64,Houses,0.36,0.38,50,within_sampled_range,II,117,75.0,runs/yin_latest_vgg_20260927/transfer/results/r21vgg2k_vgg16_bn_s42/faces_cfdWM64/houses_yin64/results.csv,II
noaa,VGG2k / no AA,r21vgg2k_vgg16_bn_s42,face_transfer,124,two_shared_ui,CFD WM64,Houses,0.36,0.38,50,within_sampled_range,II,118,54.166666666666664,runs/yin_latest_vgg_20260927/transfer/results/r21vgg2k_vgg16_bn_s42/faces_cfdWM64/houses_yin64/results.csv,II
noaa,VGG2k / no AA,r21vgg2k_vgg16_bn_s42,face_transfer,124,two_shared_ui,CFD WM64,Houses,0.36,0.38,50,within_sampled_range,II,119,70.83333333333334,runs/yin_latest_vgg_20260927/transfer/results/r21vgg2k_vgg16_bn_s42/faces_cfdWM64/houses_yin64/results.csv,II
noaa,VGG2k / no AA,r21vgg2k_vgg16_bn_s42,face_transfer,124,two_shared_ui,CFD WM64,Houses,0.36,0.38,50,within_sampled_range,II,120,58.333333333333336,runs/yin_latest_vgg_20260927/transfer/results/r21vgg2k_vgg16_bn_s42/faces_cfdWM64/houses_yin64/results.csv,II
noaa,VGG2k / no AA,r21vgg2k_vgg16_bn_s42,face_transfer,124,two_shared_ui,CFD WM64,Houses,0.36,0.38,50,within_sampled_range,II,121,66.66666666666666,runs/yin_latest_vgg_20260927/transfer/results/r21vgg2k_vgg16_bn_s42/faces_cfdWM64/houses_yin64/results.csv,II
noaa,VGG2k / no AA,r21vgg2k_vgg16_bn_s42,face_transfer,124,two_shared_ui,CFD WM64,Houses,0.36,0.38,50,within_sampled_range,II,122,79.16666666666666,runs/yin_latest_vgg_20260927/transfer/results/r21vgg2k_vgg16_bn_s42/faces_cfdWM64/houses_yin64/results.csv,II
noaa,VGG2k / no AA,r21vgg2k_vgg16_bn_s42,face_transfer,124,two_shared_ui,CFD WM64,Houses,0.36,0.38,50,within_sampled_range,II,123,70.83333333333334,runs/yin_latest_vgg_20260927/transfer/results/r21vgg2k_vgg16_bn_s42/faces_cfdWM64/houses_yin64/results.csv,II
noaa,VGG2k / no AA,r21vgg2k_vgg16_bn_s42,face_transfer,124,two_shared_ui,CFD WM64,Houses,0.36,0.38,50,within_sampled_range,II,124,70.83333333333334,runs/yin_latest_vgg_20260927/transfer/results/r21vgg2k_vgg16_bn_s42/faces_cfdWM64/houses_yin64/results.csv,II
noaa,VGG2k / no AA,r21vgg2k_vgg16_bn_s42,face_transfer,124,two_shared_ui,CFD WM64,Houses,0.36,0.38,50,within_sampled_range,II,125,75.0,runs/yin_latest_vgg_20260927/transfer/results/r21vgg2k_vgg16_bn_s42/faces_cfdWM64/houses_yin64/results.csv,II
noaa,VGG2k / no AA,r21vgg2k_vgg16_bn_s42,face_transfer,124,two_shared_ui,CFD WM64,Houses,0.36,0.38,50,within_sampled_range,II,126,79.16666666666666,runs/yin_latest_vgg_20260927/transfer/results/r21vgg2k_vgg16_bn_s42/faces_cfdWM64/houses_yin64/results.csv,II
noaa,VGG2k / no AA,r21vgg2k_vgg16_bn_s42,face_transfer,124,two_shared_ui,CFD WM64,Houses,0.36,0.38,50,within_sampled_range,II,127,62.5,runs/yin_latest_vgg_20260927/transfer/results/r21vgg2k_vgg16_bn_s42/faces_cfdWM64/houses_yin64/results.csv,II
noaa,VGG2k / no AA,r21vgg2k_vgg16_bn_s42,face_transfer,124,two_shared_ui,CFD WM64,Houses,0.36,0.38,50,within_sampled_range,II,128,70.83333333333334,runs/yin_latest_vgg_20260927/transfer/results/r21vgg2k_vgg16_bn_s42/faces_cfdWM64/houses_yin64/results.csv,II
noaa,VGG2k / no AA,r21vgg2k_vgg16_bn_s42,face_transfer,124,two_shared_ui,CFD WM64,Houses,0.36,0.38,50,within_sampled_range,II,129,62.5,runs/yin_latest_vgg_20260927/transfer/results/r21vgg2k_vgg16_bn_s42/faces_cfdWM64/houses_yin64/results.csv,II
noaa,VGG2k / no AA,r21vgg2k_vgg16_bn_s42,face_transfer,124,two_shared_ui,CFD WM64,Houses,0.36,0.38,50,within_sampled_range,II,130,87.5,runs/yin_latest_vgg_20260927/transfer/results/r21vgg2k_vgg16_bn_s42/faces_cfdWM64/houses_yin64/results.csv,II
noaa,VGG2k / no AA,r21vgg2k_vgg16_bn_s42,face_transfer,124,two_shared_ui,CFD WM64,Houses,0.36,0.38,50,within_sampled_range,II,131,70.83333333333334,runs/yin_latest_vgg_20260927/transfer/results/r21vgg2k_vgg16_bn_s42/faces_cfdWM64/houses_yin64/results.csv,II
noaa,VGG2k / no AA,r21vgg2k_vgg16_bn_s42,face_transfer,124,two_shared_ui,CFD WM64,Houses,0.36,0.38,50,within_sampled_range,II,132,62.5,runs/yin_latest_vgg_20260927/transfer/results/r21vgg2k_vgg16_bn_s42/faces_cfdWM64/houses_yin64/results.csv,II
noaa,VGG2k / no AA,r21vgg2k_vgg16_bn_s42,face_transfer,124,two_shared_ui,CFD WM64,Houses,0.36,0.38,50,within_sampled_range,II,133,79.16666666666666,runs/yin_latest_vgg_20260927/transfer/results/r21vgg2k_vgg16_bn_s42/faces_cfdWM64/houses_yin64/results.csv,II
noaa,VGG2k / no AA,r21vgg2k_vgg16_bn_s42,face_transfer,124,two_shared_ui,CFD WM64,Houses,0.36,0.38,50,within_sampled_range,II,134,70.83333333333334,runs/yin_latest_vgg_20260927/transfer/results/r21vgg2k_vgg16_bn_s42/faces_cfdWM64/houses_yin64/results.csv,II
noaa,VGG2k / no AA,r21vgg2k_vgg16_bn_s42,face_transfer,124,two_shared_ui,CFD WM64,Houses,0.36,0.38,50,within_sampled_range,II,135,66.66666666666666,runs/yin_latest_vgg_20260927/transfer/results/r21vgg2k_vgg16_bn_s42/faces_cfdWM64/houses_yin64/results.csv,II
noaa,VGG2k / no AA,r21vgg2k_vgg16_bn_s42,face_transfer,124,two_shared_ui,CFD WM64,Houses,0.36,0.38,50,within_sampled_range,II,136,66.66666666666666,runs/yin_latest_vgg_20260927/transfer/results/r21vgg2k_vgg16_bn_s42/faces_cfdWM64/houses_yin64/results.csv,II
noaa,VGG2k / no AA,r21vgg2k_vgg16_bn_s42,face_transfer,124,two_shared_ui,CFD WM64,Houses,0.36,0.38,50,within_sampled_range,II,137,62.5,runs/yin_latest_vgg_20260927/transfer/results/r21vgg2k_vgg16_bn_s42/faces_cfdWM64/houses_yin64/results.csv,II
noaa,VGG2k / no AA,r21vgg2k_vgg16_bn_s42,face_transfer,124,two_shared_ui,CFD WM64,Houses,0.36,0.38,50,within_sampled_range,II,138,50.0,runs/yin_latest_vgg_20260927/transfer/results/r21vgg2k_vgg16_bn_s42/faces_cfdWM64/houses_yin64/results.csv,II
noaa,VGG2k / no AA,r21vgg2k_vgg16_bn_s42,face_transfer,124,two_shared_ui,CFD WM64,Houses,0.36,0.38,50,within_sampled_range,II,139,45.83333333333333,runs/yin_latest_vgg_20260927/transfer/results/r21vgg2k_vgg16_bn_s42/faces_cfdWM64/houses_yin64/results.csv,II
noaa,VGG2k / no AA,r21vgg2k_vgg16_bn_s42,face_transfer,124,two_shared_ui,CFD WM64,Houses,0.36,0.38,50,within_sampled_range,II,140,66.66666666666666,runs/yin_latest_vgg_20260927/transfer/results/r21vgg2k_vgg16_bn_s42/faces_cfdWM64/houses_yin64/results.csv,II
noaa,VGG2k / no AA,r21vgg2k_vgg16_bn_s42,face_transfer,124,two_shared_ui,CFD WM64,Houses,0.36,0.38,50,within_sampled_range,II,141,79.16666666666666,runs/yin_latest_vgg_20260927/transfer/results/r21vgg2k_vgg16_bn_s42/faces_cfdWM64/houses_yin64/results.csv,II
noaa,VGG2k / no AA,r21vgg2k_vgg16_bn_s42,face_transfer,124,two_shared_ui,CFD WM64,Houses,0.36,0.38,50,within_sampled_range,II,142,75.0,runs/yin_latest_vgg_20260927/transfer/results/r21vgg2k_vgg16_bn_s42/faces_cfdWM64/houses_yin64/results.csv,II
noaa,VGG2k / no AA,r21vgg2k_vgg16_bn_s42,face_transfer,124,two_shared_ui,CFD WM64,Houses,0.36,0.38,50,within_sampled_range,II,143,66.66666666666666,runs/yin_latest_vgg_20260927/transfer/results/r21vgg2k_vgg16_bn_s42/faces_cfdWM64/houses_yin64/results.csv,II
noaa,VGG2k / no AA,r21vgg2k_vgg16_bn_s42,face_transfer,124,two_shared_ui,CFD WM64,Houses,0.36,0.38,50,within_sampled_range,II,144,62.5,runs/yin_latest_vgg_20260927/transfer/results/r21vgg2k_vgg16_bn_s42/faces_cfdWM64/houses_yin64/results.csv,II
noaa,VGG2k / no AA,r21vgg2k_vgg16_bn_s42,face_transfer,124,two_shared_ui,CFD WM64,Houses,0.36,0.38,50,within_sampled_range,II,145,75.0,runs/yin_latest_vgg_20260927/transfer/results/r21vgg2k_vgg16_bn_s42/faces_cfdWM64/houses_yin64/results.csv,II
noaa,VGG2k / no AA,r21vgg2k_vgg16_bn_s42,face_transfer,124,two_shared_ui,CFD WM64,Houses,0.36,0.38,50,within_sampled_range,II,146,66.66666666666666,runs/yin_latest_vgg_20260927/transfer/results/r21vgg2k_vgg16_bn_s42/faces_cfdWM64/houses_yin64/results.csv,II
noaa,VGG2k / no AA,r21vgg2k_vgg16_bn_s42,face_transfer,124,two_shared_ui,CFD WM64,Houses,0.36,0.38,50,within_sampled_range,II,147,75.0,runs/yin_latest_vgg_20260927/transfer/results/r21vgg2k_vgg16_bn_s42/faces_cfdWM64/houses_yin64/results.csv,II
noaa,VGG2k / no AA,r21vgg2k_vgg16_bn_s42,face_transfer,124,two_shared_ui,CFD WM64,Houses,0.36,0.38,50,within_sampled_range,II,148,50.0,runs/yin_latest_vgg_20260927/transfer/results/r21vgg2k_vgg16_bn_s42/faces_cfdWM64/houses_yin64/results.csv,II
noaa,VGG2k / no AA,r21vgg2k_vgg16_bn_s42,face_transfer,124,two_shared_ui,CFD WM64,Houses,0.36,0.38,50,within_sampled_range,II,149,70.83333333333334,runs/yin_latest_vgg_20260927/transfer/results/r21vgg2k_vgg16_bn_s42/faces_cfdWM64/houses_yin64/results.csv,II
noaa,VGG2k / no AA,r21vgg2k_vgg16_bn_s42,face_transfer,124,two_shared_ui,CFD WM64,Houses,0.36,0.38,50,within_sampled_range,II,150,83.33333333333334,runs/yin_latest_vgg_20260927/transfer/results/r21vgg2k_vgg16_bn_s42/faces_cfdWM64/houses_yin64/results.csv,II
noaa,VGG2k / no AA,r21vgg2k_vgg16_bn_s42,face_transfer,124,two_shared_ui,CFD WM64,Houses,0.36,0.38,50,within_sampled_range,UI,101,70.83333333333334,runs/yin_latest_vgg_20260927/transfer/results/r21vgg2k_vgg16_bn_s42/faces_cfdWM64/houses_yin64/results.csv,UI_shared
noaa,VGG2k / no AA,r21vgg2k_vgg16_bn_s42,face_transfer,124,two_shared_ui,CFD WM64,Houses,0.36,0.38,50,within_sampled_range,UI,102,70.83333333333334,runs/yin_latest_vgg_20260927/transfer/results/r21vgg2k_vgg16_bn_s42/faces_cfdWM64/houses_yin64/results.csv,UI_shared
noaa,VGG2k / no AA,r21vgg2k_vgg16_bn_s42,face_transfer,124,two_shared_ui,CFD WM64,Houses,0.36,0.38,50,within_sampled_range,UI,103,75.0,runs/yin_latest_vgg_20260927/transfer/results/r21vgg2k_vgg16_bn_s42/faces_cfdWM64/houses_yin64/results.csv,UI_shared
noaa,VGG2k / no AA,r21vgg2k_vgg16_bn_s42,face_transfer,124,two_shared_ui,CFD WM64,Houses,0.36,0.38,50,within_sampled_range,UI,104,70.83333333333334,runs/yin_latest_vgg_20260927/transfer/results/r21vgg2k_vgg16_bn_s42/faces_cfdWM64/houses_yin64/results.csv,UI_shared
noaa,VGG2k / no AA,r21vgg2k_vgg16_bn_s42,face_transfer,124,two_shared_ui,CFD WM64,Houses,0.36,0.38,50,within_sampled_range,UI,105,62.5,runs/yin_latest_vgg_20260927/transfer/results/r21vgg2k_vgg16_bn_s42/faces_cfdWM64/houses_yin64/results.csv,UI_shared
noaa,VGG2k / no AA,r21vgg2k_vgg16_bn_s42,face_transfer,124,two_shared_ui,CFD WM64,Houses,0.36,0.38,50,within_sampled_range,UI,106,79.16666666666666,runs/yin_latest_vgg_20260927/transfer/results/r21vgg2k_vgg16_bn_s42/faces_cfdWM64/houses_yin64/results.csv,UI_shared
noaa,VGG2k / no AA,r21vgg2k_vgg16_bn_s42,face_transfer,124,two_shared_ui,CFD WM64,Houses,0.36,0.38,50,within_sampled_range,UI,107,83.33333333333334,runs/yin_latest_vgg_20260927/transfer/results/r21vgg2k_vgg16_bn_s42/faces_cfdWM64/houses_yin64/results.csv,UI_shared
noaa,VGG2k / no AA,r21vgg2k_vgg16_bn_s42,face_transfer,124,two_shared_ui,CFD WM64,Houses,0.36,0.38,50,within_sampled_range,UI,108,75.0,runs/yin_latest_vgg_20260927/transfer/results/r21vgg2k_vgg16_bn_s42/faces_cfdWM64/houses_yin64/results.csv,UI_shared
noaa,VGG2k / no AA,r21vgg2k_vgg16_bn_s42,face_transfer,124,two_shared_ui,CFD WM64,Houses,0.36,0.38,50,within_sampled_range,UI,109,83.33333333333334,runs/yin_latest_vgg_20260927/transfer/results/r21vgg2k_vgg16_bn_s42/faces_cfdWM64/houses_yin64/results.csv,UI_shared
noaa,VGG2k / no AA,r21vgg2k_vgg16_bn_s42,face_transfer,124,two_shared_ui,CFD WM64,Houses,0.36,0.38,50,within_sampled_range,UI,110,70.83333333333334,runs/yin_latest_vgg_20260927/transfer/results/r21vgg2k_vgg16_bn_s42/faces_cfdWM64/houses_yin64/results.csv,UI_shared
noaa,VGG2k / no AA,r21vgg2k_vgg16_bn_s42,face_transfer,124,two_shared_ui,CFD WM64,Houses,0.36,0.38,50,within_sampled_range,UI,111,58.333333333333336,runs/yin_latest_vgg_20260927/transfer/results/r21vgg2k_vgg16_bn_s42/faces_cfdWM64/houses_yin64/results.csv,UI_shared
noaa,VGG2k / no AA,r21vgg2k_vgg16_bn_s42,face_transfer,124,two_shared_ui,CFD WM64,Houses,0.36,0.38,50,within_sampled_range,UI,112,58.333333333333336,runs/yin_latest_vgg_20260927/transfer/results/r21vgg2k_vgg16_bn_s42/faces_cfdWM64/houses_yin64/results.csv,UI_shared
noaa,VGG2k / no AA,r21vgg2k_vgg16_bn_s42,face_transfer,124,two_shared_ui,CFD WM64,Houses,0.36,0.38,50,within_sampled_range,UI,113,75.0,runs/yin_latest_vgg_20260927/transfer/results/r21vgg2k_vgg16_bn_s42/faces_cfdWM64/houses_yin64/results.csv,UI_shared
noaa,VGG2k / no AA,r21vgg2k_vgg16_bn_s42,face_transfer,124,two_shared_ui,CFD WM64,Houses,0.36,0.38,50,within_sampled_range,UI,114,83.33333333333334,runs/yin_latest_vgg_20260927/transfer/results/r21vgg2k_vgg16_bn_s42/faces_cfdWM64/houses_yin64/results.csv,UI_shared
noaa,VGG2k / no AA,r21vgg2k_vgg16_bn_s42,face_transfer,124,two_shared_ui,CFD WM64,Houses,0.36,0.38,50,within_sampled_range,UI,115,70.83333333333334,runs/yin_latest_vgg_20260927/transfer/results/r21vgg2k_vgg16_bn_s42/faces_cfdWM64/houses_yin64/results.csv,UI_shared
noaa,VGG2k / no AA,r21vgg2k_vgg16_bn_s42,face_transfer,124,two_shared_ui,CFD WM64,Houses,0.36,0.38,50,within_sampled_range,UI,116,75.0,runs/yin_latest_vgg_20260927/transfer/results/r21vgg2k_vgg16_bn_s42/faces_cfdWM64/houses_yin64/results.csv,UI_shared
noaa,VGG2k / no AA,r21vgg2k_vgg16_bn_s42,face_transfer,124,two_shared_ui,CFD WM64,Houses,0.36,0.38,50,within_sampled_range,UI,117,66.66666666666666,runs/yin_latest_vgg_20260927/transfer/results/r21vgg2k_vgg16_bn_s42/faces_cfdWM64/houses_yin64/results.csv,UI_shared
noaa,VGG2k / no AA,r21vgg2k_vgg16_bn_s42,face_transfer,124,two_shared_ui,CFD WM64,Houses,0.36,0.38,50,within_sampled_range,UI,118,75.0,runs/yin_latest_vgg_20260927/transfer/results/r21vgg2k_vgg16_bn_s42/faces_cfdWM64/houses_yin64/results.csv,UI_shared
noaa,VGG2k / no AA,r21vgg2k_vgg16_bn_s42,face_transfer,124,two_shared_ui,CFD WM64,Houses,0.36,0.38,50,within_sampled_range,UI,119,66.66666666666666,runs/yin_latest_vgg_20260927/transfer/results/r21vgg2k_vgg16_bn_s42/faces_cfdWM64/houses_yin64/results.csv,UI_shared
noaa,VGG2k / no AA,r21vgg2k_vgg16_bn_s42,face_transfer,124,two_shared_ui,CFD WM64,Houses,0.36,0.38,50,within_sampled_range,UI,120,70.83333333333334,runs/yin_latest_vgg_20260927/transfer/results/r21vgg2k_vgg16_bn_s42/faces_cfdWM64/houses_yin64/results.csv,UI_shared
noaa,VGG2k / no AA,r21vgg2k_vgg16_bn_s42,face_transfer,124,two_shared_ui,CFD WM64,Houses,0.36,0.38,50,within_sampled_range,UI,121,62.5,runs/yin_latest_vgg_20260927/transfer/results/r21vgg2k_vgg16_bn_s42/faces_cfdWM64/houses_yin64/results.csv,UI_shared
noaa,VGG2k / no AA,r21vgg2k_vgg16_bn_s42,face_transfer,124,two_shared_ui,CFD WM64,Houses,0.36,0.38,50,within_sampled_range,UI,122,54.166666666666664,runs/yin_latest_vgg_20260927/transfer/results/r21vgg2k_vgg16_bn_s42/faces_cfdWM64/houses_yin64/results.csv,UI_shared
noaa,VGG2k / no AA,r21vgg2k_vgg16_bn_s42,face_transfer,124,two_shared_ui,CFD WM64,Houses,0.36,0.38,50,within_sampled_range,UI,123,70.83333333333334,runs/yin_latest_vgg_20260927/transfer/results/r21vgg2k_vgg16_bn_s42/faces_cfdWM64/houses_yin64/results.csv,UI_shared
noaa,VGG2k / no AA,r21vgg2k_vgg16_bn_s42,face_transfer,124,two_shared_ui,CFD WM64,Houses,0.36,0.38,50,within_sampled_range,UI,124,75.0,runs/yin_latest_vgg_20260927/transfer/results/r21vgg2k_vgg16_bn_s42/faces_cfdWM64/houses_yin64/results.csv,UI_shared
noaa,VGG2k / no AA,r21vgg2k_vgg16_bn_s42,face_transfer,124,two_shared_ui,CFD WM64,Houses,0.36,0.38,50,within_sampled_range,UI,125,58.333333333333336,runs/yin_latest_vgg_20260927/transfer/results/r21vgg2k_vgg16_bn_s42/faces_cfdWM64/houses_yin64/results.csv,UI_shared
noaa,VGG2k / no AA,r21vgg2k_vgg16_bn_s42,face_transfer,124,two_shared_ui,CFD WM64,Houses,0.36,0.38,50,within_sampled_range,UI,126,70.83333333333334,runs/yin_latest_vgg_20260927/transfer/results/r21vgg2k_vgg16_bn_s42/faces_cfdWM64/houses_yin64/results.csv,UI_shared
noaa,VGG2k / no AA,r21vgg2k_vgg16_bn_s42,face_transfer,124,two_shared_ui,CFD WM64,Houses,0.36,0.38,50,within_sampled_range,UI,127,70.83333333333334,runs/yin_latest_vgg_20260927/transfer/results/r21vgg2k_vgg16_bn_s42/faces_cfdWM64/houses_yin64/results.csv,UI_shared
noaa,VGG2k / no AA,r21vgg2k_vgg16_bn_s42,face_transfer,124,two_shared_ui,CFD WM64,Houses,0.36,0.38,50,within_sampled_range,UI,128,75.0,runs/yin_latest_vgg_20260927/transfer/results/r21vgg2k_vgg16_bn_s42/faces_cfdWM64/houses_yin64/results.csv,UI_shared
noaa,VGG2k / no AA,r21vgg2k_vgg16_bn_s42,face_transfer,124,two_shared_ui,CFD WM64,Houses,0.36,0.38,50,within_sampled_range,UI,129,75.0,runs/yin_latest_vgg_20260927/transfer/results/r21vgg2k_vgg16_bn_s42/faces_cfdWM64/houses_yin64/results.csv,UI_shared
noaa,VGG2k / no AA,r21vgg2k_vgg16_bn_s42,face_transfer,124,two_shared_ui,CFD WM64,Houses,0.36,0.38,50,within_sampled_range,UI,130,75.0,runs/yin_latest_vgg_20260927/transfer/results/r21vgg2k_vgg16_bn_s42/faces_cfdWM64/houses_yin64/results.csv,UI_shared
noaa,VGG2k / no AA,r21vgg2k_vgg16_bn_s42,face_transfer,124,two_shared_ui,CFD WM64,Houses,0.36,0.38,50,within_sampled_range,UI,131,75.0,runs/yin_latest_vgg_20260927/transfer/results/r21vgg2k_vgg16_bn_s42/faces_cfdWM64/houses_yin64/results.csv,UI_shared
noaa,VGG2k / no AA,r21vgg2k_vgg16_bn_s42,face_transfer,124,two_shared_ui,CFD WM64,Houses,0.36,0.38,50,within_sampled_range,UI,132,79.16666666666666,runs/yin_latest_vgg_20260927/transfer/results/r21vgg2k_vgg16_bn_s42/faces_cfdWM64/houses_yin64/results.csv,UI_shared
noaa,VGG2k / no AA,r21vgg2k_vgg16_bn_s42,face_transfer,124,two_shared_ui,CFD WM64,Houses,0.36,0.38,50,within_sampled_range,UI,133,75.0,runs/yin_latest_vgg_20260927/transfer/results/r21vgg2k_vgg16_bn_s42/faces_cfdWM64/houses_yin64/results.csv,UI_shared
noaa,VGG2k / no AA,r21vgg2k_vgg16_bn_s42,face_transfer,124,two_shared_ui,CFD WM64,Houses,0.36,0.38,50,within_sampled_range,UI,134,79.16666666666666,runs/yin_latest_vgg_20260927/transfer/results/r21vgg2k_vgg16_bn_s42/faces_cfdWM64/houses_yin64/results.csv,UI_shared
noaa,VGG2k / no AA,r21vgg2k_vgg16_bn_s42,face_transfer,124,two_shared_ui,CFD WM64,Houses,0.36,0.38,50,within_sampled_range,UI,135,70.83333333333334,runs/yin_latest_vgg_20260927/transfer/results/r21vgg2k_vgg16_bn_s42/faces_cfdWM64/houses_yin64/results.csv,UI_shared
noaa,VGG2k / no AA,r21vgg2k_vgg16_bn_s42,face_transfer,124,two_shared_ui,CFD WM64,Houses,0.36,0.38,50,within_sampled_range,UI,136,66.66666666666666,runs/yin_latest_vgg_20260927/transfer/results/r21vgg2k_vgg16_bn_s42/faces_cfdWM64/houses_yin64/results.csv,UI_shared
noaa,VGG2k / no AA,r21vgg2k_vgg16_bn_s42,face_transfer,124,two_shared_ui,CFD WM64,Houses,0.36,0.38,50,within_sampled_range,UI,137,58.333333333333336,runs/yin_latest_vgg_20260927/transfer/results/r21vgg2k_vgg16_bn_s42/faces_cfdWM64/houses_yin64/results.csv,UI_shared
noaa,VGG2k / no AA,r21vgg2k_vgg16_bn_s42,face_transfer,124,two_shared_ui,CFD WM64,Houses,0.36,0.38,50,within_sampled_range,UI,138,62.5,runs/yin_latest_vgg_20260927/transfer/results/r21vgg2k_vgg16_bn_s42/faces_cfdWM64/houses_yin64/results.csv,UI_shared
noaa,VGG2k / no AA,r21vgg2k_vgg16_bn_s42,face_transfer,124,two_shared_ui,CFD WM64,Houses,0.36,0.38,50,within_sampled_range,UI,139,62.5,runs/yin_latest_vgg_20260927/transfer/results/r21vgg2k_vgg16_bn_s42/faces_cfdWM64/houses_yin64/results.csv,UI_shared
noaa,VGG2k / no AA,r21vgg2k_vgg16_bn_s42,face_transfer,124,two_shared_ui,CFD WM64,Houses,0.36,0.38,50,within_sampled_range,UI,140,70.83333333333334,runs/yin_latest_vgg_20260927/transfer/results/r21vgg2k_vgg16_bn_s42/faces_cfdWM64/houses_yin64/results.csv,UI_shared
noaa,VGG2k / no AA,r21vgg2k_vgg16_bn_s42,face_transfer,124,two_shared_ui,CFD WM64,Houses,0.36,0.38,50,within_sampled_range,UI,141,75.0,runs/yin_latest_vgg_20260927/transfer/results/r21vgg2k_vgg16_bn_s42/faces_cfdWM64/houses_yin64/results.csv,UI_shared
noaa,VGG2k / no AA,r21vgg2k_vgg16_bn_s42,face_transfer,124,two_shared_ui,CFD WM64,Houses,0.36,0.38,50,within_sampled_range,UI,142,79.16666666666666,runs/yin_latest_vgg_20260927/transfer/results/r21vgg2k_vgg16_bn_s42/faces_cfdWM64/houses_yin64/results.csv,UI_shared
noaa,VGG2k / no AA,r21vgg2k_vgg16_bn_s42,face_transfer,124,two_shared_ui,CFD WM64,Houses,0.36,0.38,50,within_sampled_range,UI,143,66.66666666666666,runs/yin_latest_vgg_20260927/transfer/results/r21vgg2k_vgg16_bn_s42/faces_cfdWM64/houses_yin64/results.csv,UI_shared
noaa,VGG2k / no AA,r21vgg2k_vgg16_bn_s42,face_transfer,124,two_shared_ui,CFD WM64,Houses,0.36,0.38,50,within_sampled_range,UI,144,66.66666666666666,runs/yin_latest_vgg_20260927/transfer/results/r21vgg2k_vgg16_bn_s42/faces_cfdWM64/houses_yin64/results.csv,UI_shared
noaa,VGG2k / no AA,r21vgg2k_vgg16_bn_s42,face_transfer,124,two_shared_ui,CFD WM64,Houses,0.36,0.38,50,within_sampled_range,UI,145,79.16666666666666,runs/yin_latest_vgg_20260927/transfer/results/r21vgg2k_vgg16_bn_s42/faces_cfdWM64/houses_yin64/results.csv,UI_shared
noaa,VGG2k / no AA,r21vgg2k_vgg16_bn_s42,face_transfer,124,two_shared_ui,CFD WM64,Houses,0.36,0.38,50,within_sampled_range,UI,146,70.83333333333334,runs/yin_latest_vgg_20260927/transfer/results/r21vgg2k_vgg16_bn_s42/faces_cfdWM64/houses_yin64/results.csv,UI_shared
noaa,VGG2k / no AA,r21vgg2k_vgg16_bn_s42,face_transfer,124,two_shared_ui,CFD WM64,Houses,0.36,0.38,50,within_sampled_range,UI,147,58.333333333333336,runs/yin_latest_vgg_20260927/transfer/results/r21vgg2k_vgg16_bn_s42/faces_cfdWM64/houses_yin64/results.csv,UI_shared
noaa,VGG2k / no AA,r21vgg2k_vgg16_bn_s42,face_transfer,124,two_shared_ui,CFD WM64,Houses,0.36,0.38,50,within_sampled_range,UI,148,66.66666666666666,runs/yin_latest_vgg_20260927/transfer/results/r21vgg2k_vgg16_bn_s42/faces_cfdWM64/houses_yin64/results.csv,UI_shared
noaa,VGG2k / no AA,r21vgg2k_vgg16_bn_s42,face_transfer,124,two_shared_ui,CFD WM64,Houses,0.36,0.38,50,within_sampled_range,UI,149,66.66666666666666,runs/yin_latest_vgg_20260927/transfer/results/r21vgg2k_vgg16_bn_s42/faces_cfdWM64/houses_yin64/results.csv,UI_shared
noaa,VGG2k / no AA,r21vgg2k_vgg16_bn_s42,face_transfer,124,two_shared_ui,CFD WM64,Houses,0.36,0.38,50,within_sampled_range,UI,150,75.0,runs/yin_latest_vgg_20260927/transfer/results/r21vgg2k_vgg16_bn_s42/faces_cfdWM64/houses_yin64/results.csv,UI_shared
noaa,VGG2k / no AA,r21vgg2k_vgg16_bn_s42,face_transfer,124,two_shared_ui,CFD WM64,Houses,0.36,0.38,50,within_sampled_range,IU,101,66.66666666666666,runs/yin_latest_vgg_20260927/transfer/results/r21vgg2k_vgg16_bn_s42/faces_cfdWM64/houses_yin64/results.csv,IU
noaa,VGG2k / no AA,r21vgg2k_vgg16_bn_s42,face_transfer,124,two_shared_ui,CFD WM64,Houses,0.36,0.38,50,within_sampled_range,IU,102,70.83333333333334,runs/yin_latest_vgg_20260927/transfer/results/r21vgg2k_vgg16_bn_s42/faces_cfdWM64/houses_yin64/results.csv,IU
noaa,VGG2k / no AA,r21vgg2k_vgg16_bn_s42,face_transfer,124,two_shared_ui,CFD WM64,Houses,0.36,0.38,50,within_sampled_range,IU,103,75.0,runs/yin_latest_vgg_20260927/transfer/results/r21vgg2k_vgg16_bn_s42/faces_cfdWM64/houses_yin64/results.csv,IU
noaa,VGG2k / no AA,r21vgg2k_vgg16_bn_s42,face_transfer,124,two_shared_ui,CFD WM64,Houses,0.36,0.38,50,within_sampled_range,IU,104,70.83333333333334,runs/yin_latest_vgg_20260927/transfer/results/r21vgg2k_vgg16_bn_s42/faces_cfdWM64/houses_yin64/results.csv,IU
noaa,VGG2k / no AA,r21vgg2k_vgg16_bn_s42,face_transfer,124,two_shared_ui,CFD WM64,Houses,0.36,0.38,50,within_sampled_range,IU,105,70.83333333333334,runs/yin_latest_vgg_20260927/transfer/results/r21vgg2k_vgg16_bn_s42/faces_cfdWM64/houses_yin64/results.csv,IU
noaa,VGG2k / no AA,r21vgg2k_vgg16_bn_s42,face_transfer,124,two_shared_ui,CFD WM64,Houses,0.36,0.38,50,within_sampled_range,IU,106,62.5,runs/yin_latest_vgg_20260927/transfer/results/r21vgg2k_vgg16_bn_s42/faces_cfdWM64/houses_yin64/results.csv,IU
noaa,VGG2k / no AA,r21vgg2k_vgg16_bn_s42,face_transfer,124,two_shared_ui,CFD WM64,Houses,0.36,0.38,50,within_sampled_range,IU,107,62.5,runs/yin_latest_vgg_20260927/transfer/results/r21vgg2k_vgg16_bn_s42/faces_cfdWM64/houses_yin64/results.csv,IU
noaa,VGG2k / no AA,r21vgg2k_vgg16_bn_s42,face_transfer,124,two_shared_ui,CFD WM64,Houses,0.36,0.38,50,within_sampled_range,IU,108,50.0,runs/yin_latest_vgg_20260927/transfer/results/r21vgg2k_vgg16_bn_s42/faces_cfdWM64/houses_yin64/results.csv,IU
noaa,VGG2k / no AA,r21vgg2k_vgg16_bn_s42,face_transfer,124,two_shared_ui,CFD WM64,Houses,0.36,0.38,50,within_sampled_range,IU,109,66.66666666666666,runs/yin_latest_vgg_20260927/transfer/results/r21vgg2k_vgg16_bn_s42/faces_cfdWM64/houses_yin64/results.csv,IU
noaa,VGG2k / no AA,r21vgg2k_vgg16_bn_s42,face_transfer,124,two_shared_ui,CFD WM64,Houses,0.36,0.38,50,within_sampled_range,IU,110,58.333333333333336,runs/yin_latest_vgg_20260927/transfer/results/r21vgg2k_vgg16_bn_s42/faces_cfdWM64/houses_yin64/results.csv,IU
noaa,VGG2k / no AA,r21vgg2k_vgg16_bn_s42,face_transfer,124,two_shared_ui,CFD WM64,Houses,0.36,0.38,50,within_sampled_range,IU,111,58.333333333333336,runs/yin_latest_vgg_20260927/transfer/results/r21vgg2k_vgg16_bn_s42/faces_cfdWM64/houses_yin64/results.csv,IU
noaa,VGG2k / no AA,r21vgg2k_vgg16_bn_s42,face_transfer,124,two_shared_ui,CFD WM64,Houses,0.36,0.38,50,within_sampled_range,IU,112,62.5,runs/yin_latest_vgg_20260927/transfer/results/r21vgg2k_vgg16_bn_s42/faces_cfdWM64/houses_yin64/results.csv,IU
noaa,VGG2k / no AA,r21vgg2k_vgg16_bn_s42,face_transfer,124,two_shared_ui,CFD WM64,Houses,0.36,0.38,50,within_sampled_range,IU,113,66.66666666666666,runs/yin_latest_vgg_20260927/transfer/results/r21vgg2k_vgg16_bn_s42/faces_cfdWM64/houses_yin64/results.csv,IU
noaa,VGG2k / no AA,r21vgg2k_vgg16_bn_s42,face_transfer,124,two_shared_ui,CFD WM64,Houses,0.36,0.38,50,within_sampled_range,IU,114,75.0,runs/yin_latest_vgg_20260927/transfer/results/r21vgg2k_vgg16_bn_s42/faces_cfdWM64/houses_yin64/results.csv,IU
noaa,VGG2k / no AA,r21vgg2k_vgg16_bn_s42,face_transfer,124,two_shared_ui,CFD WM64,Houses,0.36,0.38,50,within_sampled_range,IU,115,75.0,runs/yin_latest_vgg_20260927/transfer/results/r21vgg2k_vgg16_bn_s42/faces_cfdWM64/houses_yin64/results.csv,IU
noaa,VGG2k / no AA,r21vgg2k_vgg16_bn_s42,face_transfer,124,two_shared_ui,CFD WM64,Houses,0.36,0.38,50,within_sampled_range,IU,116,62.5,runs/yin_latest_vgg_20260927/transfer/results/r21vgg2k_vgg16_bn_s42/faces_cfdWM64/houses_yin64/results.csv,IU
noaa,VGG2k / no AA,r21vgg2k_vgg16_bn_s42,face_transfer,124,two_shared_ui,CFD WM64,Houses,0.36,0.38,50,within_sampled_range,IU,117,54.166666666666664,runs/yin_latest_vgg_20260927/transfer/results/r21vgg2k_vgg16_bn_s42/faces_cfdWM64/houses_yin64/results.csv,IU
noaa,VGG2k / no AA,r21vgg2k_vgg16_bn_s42,face_transfer,124,two_shared_ui,CFD WM64,Houses,0.36,0.38,50,within_sampled_range,IU,118,75.0,runs/yin_latest_vgg_20260927/transfer/results/r21vgg2k_vgg16_bn_s42/faces_cfdWM64/houses_yin64/results.csv,IU
noaa,VGG2k / no AA,r21vgg2k_vgg16_bn_s42,face_transfer,124,two_shared_ui,CFD WM64,Houses,0.36,0.38,50,within_sampled_range,IU,119,62.5,runs/yin_latest_vgg_20260927/transfer/results/r21vgg2k_vgg16_bn_s42/faces_cfdWM64/houses_yin64/results.csv,IU
noaa,VGG2k / no AA,r21vgg2k_vgg16_bn_s42,face_transfer,124,two_shared_ui,CFD WM64,Houses,0.36,0.38,50,within_sampled_range,IU,120,62.5,runs/yin_latest_vgg_20260927/transfer/results/r21vgg2k_vgg16_bn_s42/faces_cfdWM64/houses_yin64/results.csv,IU
noaa,VGG2k / no AA,r21vgg2k_vgg16_bn_s42,face_transfer,124,two_shared_ui,CFD WM64,Houses,0.36,0.38,50,within_sampled_range,IU,121,58.333333333333336,runs/yin_latest_vgg_20260927/transfer/results/r21vgg2k_vgg16_bn_s42/faces_cfdWM64/houses_yin64/results.csv,IU
noaa,VGG2k / no AA,r21vgg2k_vgg16_bn_s42,face_transfer,124,two_shared_ui,CFD WM64,Houses,0.36,0.38,50,within_sampled_range,IU,122,50.0,runs/yin_latest_vgg_20260927/transfer/results/r21vgg2k_vgg16_bn_s42/faces_cfdWM64/houses_yin64/results.csv,IU
noaa,VGG2k / no AA,r21vgg2k_vgg16_bn_s42,face_transfer,124,two_shared_ui,CFD WM64,Houses,0.36,0.38,50,within_sampled_range,IU,123,70.83333333333334,runs/yin_latest_vgg_20260927/transfer/results/r21vgg2k_vgg16_bn_s42/faces_cfdWM64/houses_yin64/results.csv,IU
noaa,VGG2k / no AA,r21vgg2k_vgg16_bn_s42,face_transfer,124,two_shared_ui,CFD WM64,Houses,0.36,0.38,50,within_sampled_range,IU,124,58.333333333333336,runs/yin_latest_vgg_20260927/transfer/results/r21vgg2k_vgg16_bn_s42/faces_cfdWM64/houses_yin64/results.csv,IU
noaa,VGG2k / no AA,r21vgg2k_vgg16_bn_s42,face_transfer,124,two_shared_ui,CFD WM64,Houses,0.36,0.38,50,within_sampled_range,IU,125,70.83333333333334,runs/yin_latest_vgg_20260927/transfer/results/r21vgg2k_vgg16_bn_s42/faces_cfdWM64/houses_yin64/results.csv,IU
noaa,VGG2k / no AA,r21vgg2k_vgg16_bn_s42,face_transfer,124,two_shared_ui,CFD WM64,Houses,0.36,0.38,50,within_sampled_range,IU,126,70.83333333333334,runs/yin_latest_vgg_20260927/transfer/results/r21vgg2k_vgg16_bn_s42/faces_cfdWM64/houses_yin64/results.csv,IU
noaa,VGG2k / no AA,r21vgg2k_vgg16_bn_s42,face_transfer,124,two_shared_ui,CFD WM64,Houses,0.36,0.38,50,within_sampled_range,IU,127,79.16666666666666,runs/yin_latest_vgg_20260927/transfer/results/r21vgg2k_vgg16_bn_s42/faces_cfdWM64/houses_yin64/results.csv,IU
noaa,VGG2k / no AA,r21vgg2k_vgg16_bn_s42,face_transfer,124,two_shared_ui,CFD WM64,Houses,0.36,0.38,50,within_sampled_range,IU,128,70.83333333333334,runs/yin_latest_vgg_20260927/transfer/results/r21vgg2k_vgg16_bn_s42/faces_cfdWM64/houses_yin64/results.csv,IU
noaa,VGG2k / no AA,r21vgg2k_vgg16_bn_s42,face_transfer,124,two_shared_ui,CFD WM64,Houses,0.36,0.38,50,within_sampled_range,IU,129,62.5,runs/yin_latest_vgg_20260927/transfer/results/r21vgg2k_vgg16_bn_s42/faces_cfdWM64/houses_yin64/results.csv,IU
noaa,VGG2k / no AA,r21vgg2k_vgg16_bn_s42,face_transfer,124,two_shared_ui,CFD WM64,Houses,0.36,0.38,50,within_sampled_range,IU,130,62.5,runs/yin_latest_vgg_20260927/transfer/results/r21vgg2k_vgg16_bn_s42/faces_cfdWM64/houses_yin64/results.csv,IU
noaa,VGG2k / no AA,r21vgg2k_vgg16_bn_s42,face_transfer,124,two_shared_ui,CFD WM64,Houses,0.36,0.38,50,within_sampled_range,IU,131,62.5,runs/yin_latest_vgg_20260927/transfer/results/r21vgg2k_vgg16_bn_s42/faces_cfdWM64/houses_yin64/results.csv,IU
noaa,VGG2k / no AA,r21vgg2k_vgg16_bn_s42,face_transfer,124,two_shared_ui,CFD WM64,Houses,0.36,0.38,50,within_sampled_range,IU,132,58.333333333333336,runs/yin_latest_vgg_20260927/transfer/results/r21vgg2k_vgg16_bn_s42/faces_cfdWM64/houses_yin64/results.csv,IU
noaa,VGG2k / no AA,r21vgg2k_vgg16_bn_s42,face_transfer,124,two_shared_ui,CFD WM64,Houses,0.36,0.38,50,within_sampled_range,IU,133,62.5,runs/yin_latest_vgg_20260927/transfer/results/r21vgg2k_vgg16_bn_s42/faces_cfdWM64/houses_yin64/results.csv,IU
noaa,VGG2k / no AA,r21vgg2k_vgg16_bn_s42,face_transfer,124,two_shared_ui,CFD WM64,Houses,0.36,0.38,50,within_sampled_range,IU,134,79.16666666666666,runs/yin_latest_vgg_20260927/transfer/results/r21vgg2k_vgg16_bn_s42/faces_cfdWM64/houses_yin64/results.csv,IU
noaa,VGG2k / no AA,r21vgg2k_vgg16_bn_s42,face_transfer,124,two_shared_ui,CFD WM64,Houses,0.36,0.38,50,within_sampled_range,IU,135,66.66666666666666,runs/yin_latest_vgg_20260927/transfer/results/r21vgg2k_vgg16_bn_s42/faces_cfdWM64/houses_yin64/results.csv,IU
noaa,VGG2k / no AA,r21vgg2k_vgg16_bn_s42,face_transfer,124,two_shared_ui,CFD WM64,Houses,0.36,0.38,50,within_sampled_range,IU,136,62.5,runs/yin_latest_vgg_20260927/transfer/results/r21vgg2k_vgg16_bn_s42/faces_cfdWM64/houses_yin64/results.csv,IU
noaa,VGG2k / no AA,r21vgg2k_vgg16_bn_s42,face_transfer,124,two_shared_ui,CFD WM64,Houses,0.36,0.38,50,within_sampled_range,IU,137,79.16666666666666,runs/yin_latest_vgg_20260927/transfer/results/r21vgg2k_vgg16_bn_s42/faces_cfdWM64/houses_yin64/results.csv,IU
noaa,VGG2k / no AA,r21vgg2k_vgg16_bn_s42,face_transfer,124,two_shared_ui,CFD WM64,Houses,0.36,0.38,50,within_sampled_range,IU,138,70.83333333333334,runs/yin_latest_vgg_20260927/transfer/results/r21vgg2k_vgg16_bn_s42/faces_cfdWM64/houses_yin64/results.csv,IU
noaa,VGG2k / no AA,r21vgg2k_vgg16_bn_s42,face_transfer,124,two_shared_ui,CFD WM64,Houses,0.36,0.38,50,within_sampled_range,IU,139,75.0,runs/yin_latest_vgg_20260927/transfer/results/r21vgg2k_vgg16_bn_s42/faces_cfdWM64/houses_yin64/results.csv,IU
noaa,VGG2k / no AA,r21vgg2k_vgg16_bn_s42,face_transfer,124,two_shared_ui,CFD WM64,Houses,0.36,0.38,50,within_sampled_range,IU,140,75.0,runs/yin_latest_vgg_20260927/transfer/results/r21vgg2k_vgg16_bn_s42/faces_cfdWM64/houses_yin64/results.csv,IU
noaa,VGG2k / no AA,r21vgg2k_vgg16_bn_s42,face_transfer,124,two_shared_ui,CFD WM64,Houses,0.36,0.38,50,within_sampled_range,IU,141,62.5,runs/yin_latest_vgg_20260927/transfer/results/r21vgg2k_vgg16_bn_s42/faces_cfdWM64/houses_yin64/results.csv,IU
noaa,VGG2k / no AA,r21vgg2k_vgg16_bn_s42,face_transfer,124,two_shared_ui,CFD WM64,Houses,0.36,0.38,50,within_sampled_range,IU,142,66.66666666666666,runs/yin_latest_vgg_20260927/transfer/results/r21vgg2k_vgg16_bn_s42/faces_cfdWM64/houses_yin64/results.csv,IU
noaa,VGG2k / no AA,r21vgg2k_vgg16_bn_s42,face_transfer,124,two_shared_ui,CFD WM64,Houses,0.36,0.38,50,within_sampled_range,IU,143,75.0,runs/yin_latest_vgg_20260927/transfer/results/r21vgg2k_vgg16_bn_s42/faces_cfdWM64/houses_yin64/results.csv,IU
noaa,VGG2k / no AA,r21vgg2k_vgg16_bn_s42,face_transfer,124,two_shared_ui,CFD WM64,Houses,0.36,0.38,50,within_sampled_range,IU,144,75.0,runs/yin_latest_vgg_20260927/transfer/results/r21vgg2k_vgg16_bn_s42/faces_cfdWM64/houses_yin64/results.csv,IU
noaa,VGG2k / no AA,r21vgg2k_vgg16_bn_s42,face_transfer,124,two_shared_ui,CFD WM64,Houses,0.36,0.38,50,within_sampled_range,IU,145,83.33333333333334,runs/yin_latest_vgg_20260927/transfer/results/r21vgg2k_vgg16_bn_s42/faces_cfdWM64/houses_yin64/results.csv,IU
noaa,VGG2k / no AA,r21vgg2k_vgg16_bn_s42,face_transfer,124,two_shared_ui,CFD WM64,Houses,0.36,0.38,50,within_sampled_range,IU,146,66.66666666666666,runs/yin_latest_vgg_20260927/transfer/results/r21vgg2k_vgg16_bn_s42/faces_cfdWM64/houses_yin64/results.csv,IU
noaa,VGG2k / no AA,r21vgg2k_vgg16_bn_s42,face_transfer,124,two_shared_ui,CFD WM64,Houses,0.36,0.38,50,within_sampled_range,IU,147,66.66666666666666,runs/yin_latest_vgg_20260927/transfer/results/r21vgg2k_vgg16_bn_s42/faces_cfdWM64/houses_yin64/results.csv,IU
noaa,VGG2k / no AA,r21vgg2k_vgg16_bn_s42,face_transfer,124,two_shared_ui,CFD WM64,Houses,0.36,0.38,50,within_sampled_range,IU,148,79.16666666666666,runs/yin_latest_vgg_20260927/transfer/results/r21vgg2k_vgg16_bn_s42/faces_cfdWM64/houses_yin64/results.csv,IU
noaa,VGG2k / no AA,r21vgg2k_vgg16_bn_s42,face_transfer,124,two_shared_ui,CFD WM64,Houses,0.36,0.38,50,within_sampled_range,IU,149,66.66666666666666,runs/yin_latest_vgg_20260927/transfer/results/r21vgg2k_vgg16_bn_s42/faces_cfdWM64/houses_yin64/results.csv,IU
noaa,VGG2k / no AA,r21vgg2k_vgg16_bn_s42,face_transfer,124,two_shared_ui,CFD WM64,Houses,0.36,0.38,50,within_sampled_range,IU,150,70.83333333333334,runs/yin_latest_vgg_20260927/transfer/results/r21vgg2k_vgg16_bn_s42/faces_cfdWM64/houses_yin64/results.csv,IU
aa4,VGG2k / AA4,r21vgg2k_vgg16_bn_aa_s42,face_transfer,124,single_uu,RFW WM64,Faces,0.37,,50,within_sampled_range,UU,101,100.0,runs/yin_single_noise_20260925/results/r21vgg2k_vgg16_bn_aa_s42/faces_rfwWM64/faces_rfwWM64/results.csv,UU
aa4,VGG2k / AA4,r21vgg2k_vgg16_bn_aa_s42,face_transfer,124,single_uu,RFW WM64,Faces,0.37,,50,within_sampled_range,UU,102,100.0,runs/yin_single_noise_20260925/results/r21vgg2k_vgg16_bn_aa_s42/faces_rfwWM64/faces_rfwWM64/results.csv,UU
aa4,VGG2k / AA4,r21vgg2k_vgg16_bn_aa_s42,face_transfer,124,single_uu,RFW WM64,Faces,0.37,,50,within_sampled_range,UU,103,91.66666666666666,runs/yin_single_noise_20260925/results/r21vgg2k_vgg16_bn_aa_s42/faces_rfwWM64/faces_rfwWM64/results.csv,UU
aa4,VGG2k / AA4,r21vgg2k_vgg16_bn_aa_s42,face_transfer,124,single_uu,RFW WM64,Faces,0.37,,50,within_sampled_range,UU,104,100.0,runs/yin_single_noise_20260925/results/r21vgg2k_vgg16_bn_aa_s42/faces_rfwWM64/faces_rfwWM64/results.csv,UU
aa4,VGG2k / AA4,r21vgg2k_vgg16_bn_aa_s42,face_transfer,124,single_uu,RFW WM64,Faces,0.37,,50,within_sampled_range,UU,105,95.83333333333334,runs/yin_single_noise_20260925/results/r21vgg2k_vgg16_bn_aa_s42/faces_rfwWM64/faces_rfwWM64/results.csv,UU
aa4,VGG2k / AA4,r21vgg2k_vgg16_bn_aa_s42,face_transfer,124,single_uu,RFW WM64,Faces,0.37,,50,within_sampled_range,UU,106,100.0,runs/yin_single_noise_20260925/results/r21vgg2k_vgg16_bn_aa_s42/faces_rfwWM64/faces_rfwWM64/results.csv,UU
aa4,VGG2k / AA4,r21vgg2k_vgg16_bn_aa_s42,face_transfer,124,single_uu,RFW WM64,Faces,0.37,,50,within_sampled_range,UU,107,95.83333333333334,runs/yin_single_noise_20260925/results/r21vgg2k_vgg16_bn_aa_s42/faces_rfwWM64/faces_rfwWM64/results.csv,UU
aa4,VGG2k / AA4,r21vgg2k_vgg16_bn_aa_s42,face_transfer,124,single_uu,RFW WM64,Faces,0.37,,50,within_sampled_range,UU,108,95.83333333333334,runs/yin_single_noise_20260925/results/r21vgg2k_vgg16_bn_aa_s42/faces_rfwWM64/faces_rfwWM64/results.csv,UU
aa4,VGG2k / AA4,r21vgg2k_vgg16_bn_aa_s42,face_transfer,124,single_uu,RFW WM64,Faces,0.37,,50,within_sampled_range,UU,109,95.83333333333334,runs/yin_single_noise_20260925/results/r21vgg2k_vgg16_bn_aa_s42/faces_rfwWM64/faces_rfwWM64/results.csv,UU
aa4,VGG2k / AA4,r21vgg2k_vgg16_bn_aa_s42,face_transfer,124,single_uu,RFW WM64,Faces,0.37,,50,within_sampled_range,UU,110,95.83333333333334,runs/yin_single_noise_20260925/results/r21vgg2k_vgg16_bn_aa_s42/faces_rfwWM64/faces_rfwWM64/results.csv,UU
aa4,VGG2k / AA4,r21vgg2k_vgg16_bn_aa_s42,face_transfer,124,single_uu,RFW WM64,Faces,0.37,,50,within_sampled_range,UU,111,87.5,runs/yin_single_noise_20260925/results/r21vgg2k_vgg16_bn_aa_s42/faces_rfwWM64/faces_rfwWM64/results.csv,UU
aa4,VGG2k / AA4,r21vgg2k_vgg16_bn_aa_s42,face_transfer,124,single_uu,RFW WM64,Faces,0.37,,50,within_sampled_range,UU,112,100.0,runs/yin_single_noise_20260925/results/r21vgg2k_vgg16_bn_aa_s42/faces_rfwWM64/faces_rfwWM64/results.csv,UU
aa4,VGG2k / AA4,r21vgg2k_vgg16_bn_aa_s42,face_transfer,124,single_uu,RFW WM64,Faces,0.37,,50,within_sampled_range,UU,113,95.83333333333334,runs/yin_single_noise_20260925/results/r21vgg2k_vgg16_bn_aa_s42/faces_rfwWM64/faces_rfwWM64/results.csv,UU
aa4,VGG2k / AA4,r21vgg2k_vgg16_bn_aa_s42,face_transfer,124,single_uu,RFW WM64,Faces,0.37,,50,within_sampled_range,UU,114,95.83333333333334,runs/yin_single_noise_20260925/results/r21vgg2k_vgg16_bn_aa_s42/faces_rfwWM64/faces_rfwWM64/results.csv,UU
aa4,VGG2k / AA4,r21vgg2k_vgg16_bn_aa_s42,face_transfer,124,single_uu,RFW WM64,Faces,0.37,,50,within_sampled_range,UU,115,95.83333333333334,runs/yin_single_noise_20260925/results/r21vgg2k_vgg16_bn_aa_s42/faces_rfwWM64/faces_rfwWM64/results.csv,UU
aa4,VGG2k / AA4,r21vgg2k_vgg16_bn_aa_s42,face_transfer,124,single_uu,RFW WM64,Faces,0.37,,50,within_sampled_range,UU,116,100.0,runs/yin_single_noise_20260925/results/r21vgg2k_vgg16_bn_aa_s42/faces_rfwWM64/faces_rfwWM64/results.csv,UU
aa4,VGG2k / AA4,r21vgg2k_vgg16_bn_aa_s42,face_transfer,124,single_uu,RFW WM64,Faces,0.37,,50,within_sampled_range,UU,117,100.0,runs/yin_single_noise_20260925/results/r21vgg2k_vgg16_bn_aa_s42/faces_rfwWM64/faces_rfwWM64/results.csv,UU
aa4,VGG2k / AA4,r21vgg2k_vgg16_bn_aa_s42,face_transfer,124,single_uu,RFW WM64,Faces,0.37,,50,within_sampled_range,UU,118,95.83333333333334,runs/yin_single_noise_20260925/results/r21vgg2k_vgg16_bn_aa_s42/faces_rfwWM64/faces_rfwWM64/results.csv,UU
aa4,VGG2k / AA4,r21vgg2k_vgg16_bn_aa_s42,face_transfer,124,single_uu,RFW WM64,Faces,0.37,,50,within_sampled_range,UU,119,95.83333333333334,runs/yin_single_noise_20260925/results/r21vgg2k_vgg16_bn_aa_s42/faces_rfwWM64/faces_rfwWM64/results.csv,UU
aa4,VGG2k / AA4,r21vgg2k_vgg16_bn_aa_s42,face_transfer,124,single_uu,RFW WM64,Faces,0.37,,50,within_sampled_range,UU,120,100.0,runs/yin_single_noise_20260925/results/r21vgg2k_vgg16_bn_aa_s42/faces_rfwWM64/faces_rfwWM64/results.csv,UU
aa4,VGG2k / AA4,r21vgg2k_vgg16_bn_aa_s42,face_transfer,124,single_uu,RFW WM64,Faces,0.37,,50,within_sampled_range,UU,121,91.66666666666666,runs/yin_single_noise_20260925/results/r21vgg2k_vgg16_bn_aa_s42/faces_rfwWM64/faces_rfwWM64/results.csv,UU
aa4,VGG2k / AA4,r21vgg2k_vgg16_bn_aa_s42,face_transfer,124,single_uu,RFW WM64,Faces,0.37,,50,within_sampled_range,UU,122,95.83333333333334,runs/yin_single_noise_20260925/results/r21vgg2k_vgg16_bn_aa_s42/faces_rfwWM64/faces_rfwWM64/results.csv,UU
aa4,VGG2k / AA4,r21vgg2k_vgg16_bn_aa_s42,face_transfer,124,single_uu,RFW WM64,Faces,0.37,,50,within_sampled_range,UU,123,95.83333333333334,runs/yin_single_noise_20260925/results/r21vgg2k_vgg16_bn_aa_s42/faces_rfwWM64/faces_rfwWM64/results.csv,UU
aa4,VGG2k / AA4,r21vgg2k_vgg16_bn_aa_s42,face_transfer,124,single_uu,RFW WM64,Faces,0.37,,50,within_sampled_range,UU,124,100.0,runs/yin_single_noise_20260925/results/r21vgg2k_vgg16_bn_aa_s42/faces_rfwWM64/faces_rfwWM64/results.csv,UU
aa4,VGG2k / AA4,r21vgg2k_vgg16_bn_aa_s42,face_transfer,124,single_uu,RFW WM64,Faces,0.37,,50,within_sampled_range,UU,125,91.66666666666666,runs/yin_single_noise_20260925/results/r21vgg2k_vgg16_bn_aa_s42/faces_rfwWM64/faces_rfwWM64/results.csv,UU
aa4,VGG2k / AA4,r21vgg2k_vgg16_bn_aa_s42,face_transfer,124,single_uu,RFW WM64,Faces,0.37,,50,within_sampled_range,UU,126,100.0,runs/yin_single_noise_20260925/results/r21vgg2k_vgg16_bn_aa_s42/faces_rfwWM64/faces_rfwWM64/results.csv,UU
aa4,VGG2k / AA4,r21vgg2k_vgg16_bn_aa_s42,face_transfer,124,single_uu,RFW WM64,Faces,0.37,,50,within_sampled_range,UU,127,95.83333333333334,runs/yin_single_noise_20260925/results/r21vgg2k_vgg16_bn_aa_s42/faces_rfwWM64/faces_rfwWM64/results.csv,UU
aa4,VGG2k / AA4,r21vgg2k_vgg16_bn_aa_s42,face_transfer,124,single_uu,RFW WM64,Faces,0.37,,50,within_sampled_range,UU,128,95.83333333333334,runs/yin_single_noise_20260925/results/r21vgg2k_vgg16_bn_aa_s42/faces_rfwWM64/faces_rfwWM64/results.csv,UU
aa4,VGG2k / AA4,r21vgg2k_vgg16_bn_aa_s42,face_transfer,124,single_uu,RFW WM64,Faces,0.37,,50,within_sampled_range,UU,129,100.0,runs/yin_single_noise_20260925/results/r21vgg2k_vgg16_bn_aa_s42/faces_rfwWM64/faces_rfwWM64/results.csv,UU
aa4,VGG2k / AA4,r21vgg2k_vgg16_bn_aa_s42,face_transfer,124,single_uu,RFW WM64,Faces,0.37,,50,within_sampled_range,UU,130,100.0,runs/yin_single_noise_20260925/results/r21vgg2k_vgg16_bn_aa_s42/faces_rfwWM64/faces_rfwWM64/results.csv,UU
aa4,VGG2k / AA4,r21vgg2k_vgg16_bn_aa_s42,face_transfer,124,single_uu,RFW WM64,Faces,0.37,,50,within_sampled_range,UU,131,95.83333333333334,runs/yin_single_noise_20260925/results/r21vgg2k_vgg16_bn_aa_s42/faces_rfwWM64/faces_rfwWM64/results.csv,UU
aa4,VGG2k / AA4,r21vgg2k_vgg16_bn_aa_s42,face_transfer,124,single_uu,RFW WM64,Faces,0.37,,50,within_sampled_range,UU,132,91.66666666666666,runs/yin_single_noise_20260925/results/r21vgg2k_vgg16_bn_aa_s42/faces_rfwWM64/faces_rfwWM64/results.csv,UU
aa4,VGG2k / AA4,r21vgg2k_vgg16_bn_aa_s42,face_transfer,124,single_uu,RFW WM64,Faces,0.37,,50,within_sampled_range,UU,133,87.5,runs/yin_single_noise_20260925/results/r21vgg2k_vgg16_bn_aa_s42/faces_rfwWM64/faces_rfwWM64/results.csv,UU
aa4,VGG2k / AA4,r21vgg2k_vgg16_bn_aa_s42,face_transfer,124,single_uu,RFW WM64,Faces,0.37,,50,within_sampled_range,UU,134,91.66666666666666,runs/yin_single_noise_20260925/results/r21vgg2k_vgg16_bn_aa_s42/faces_rfwWM64/faces_rfwWM64/results.csv,UU
aa4,VGG2k / AA4,r21vgg2k_vgg16_bn_aa_s42,face_transfer,124,single_uu,RFW WM64,Faces,0.37,,50,within_sampled_range,UU,135,95.83333333333334,runs/yin_single_noise_20260925/results/r21vgg2k_vgg16_bn_aa_s42/faces_rfwWM64/faces_rfwWM64/results.csv,UU
aa4,VGG2k / AA4,r21vgg2k_vgg16_bn_aa_s42,face_transfer,124,single_uu,RFW WM64,Faces,0.37,,50,within_sampled_range,UU,136,91.66666666666666,runs/yin_single_noise_20260925/results/r21vgg2k_vgg16_bn_aa_s42/faces_rfwWM64/faces_rfwWM64/results.csv,UU
aa4,VGG2k / AA4,r21vgg2k_vgg16_bn_aa_s42,face_transfer,124,single_uu,RFW WM64,Faces,0.37,,50,within_sampled_range,UU,137,100.0,runs/yin_single_noise_20260925/results/r21vgg2k_vgg16_bn_aa_s42/faces_rfwWM64/faces_rfwWM64/results.csv,UU
aa4,VGG2k / AA4,r21vgg2k_vgg16_bn_aa_s42,face_transfer,124,single_uu,RFW WM64,Faces,0.37,,50,within_sampled_range,UU,138,100.0,runs/yin_single_noise_20260925/results/r21vgg2k_vgg16_bn_aa_s42/faces_rfwWM64/faces_rfwWM64/results.csv,UU
aa4,VGG2k / AA4,r21vgg2k_vgg16_bn_aa_s42,face_transfer,124,single_uu,RFW WM64,Faces,0.37,,50,within_sampled_range,UU,139,100.0,runs/yin_single_noise_20260925/results/r21vgg2k_vgg16_bn_aa_s42/faces_rfwWM64/faces_rfwWM64/results.csv,UU
aa4,VGG2k / AA4,r21vgg2k_vgg16_bn_aa_s42,face_transfer,124,single_uu,RFW WM64,Faces,0.37,,50,within_sampled_range,UU,140,100.0,runs/yin_single_noise_20260925/results/r21vgg2k_vgg16_bn_aa_s42/faces_rfwWM64/faces_rfwWM64/results.csv,UU
aa4,VGG2k / AA4,r21vgg2k_vgg16_bn_aa_s42,face_transfer,124,single_uu,RFW WM64,Faces,0.37,,50,within_sampled_range,UU,141,95.83333333333334,runs/yin_single_noise_20260925/results/r21vgg2k_vgg16_bn_aa_s42/faces_rfwWM64/faces_rfwWM64/results.csv,UU
aa4,VGG2k / AA4,r21vgg2k_vgg16_bn_aa_s42,face_transfer,124,single_uu,RFW WM64,Faces,0.37,,50,within_sampled_range,UU,142,95.83333333333334,runs/yin_single_noise_20260925/results/r21vgg2k_vgg16_bn_aa_s42/faces_rfwWM64/faces_rfwWM64/results.csv,UU
aa4,VGG2k / AA4,r21vgg2k_vgg16_bn_aa_s42,face_transfer,124,single_uu,RFW WM64,Faces,0.37,,50,within_sampled_range,UU,143,95.83333333333334,runs/yin_single_noise_20260925/results/r21vgg2k_vgg16_bn_aa_s42/faces_rfwWM64/faces_rfwWM64/results.csv,UU
aa4,VGG2k / AA4,r21vgg2k_vgg16_bn_aa_s42,face_transfer,124,single_uu,RFW WM64,Faces,0.37,,50,within_sampled_range,UU,144,100.0,runs/yin_single_noise_20260925/results/r21vgg2k_vgg16_bn_aa_s42/faces_rfwWM64/faces_rfwWM64/results.csv,UU
aa4,VGG2k / AA4,r21vgg2k_vgg16_bn_aa_s42,face_transfer,124,single_uu,RFW WM64,Faces,0.37,,50,within_sampled_range,UU,145,100.0,runs/yin_single_noise_20260925/results/r21vgg2k_vgg16_bn_aa_s42/faces_rfwWM64/faces_rfwWM64/results.csv,UU
aa4,VGG2k / AA4,r21vgg2k_vgg16_bn_aa_s42,face_transfer,124,single_uu,RFW WM64,Faces,0.37,,50,within_sampled_range,UU,146,95.83333333333334,runs/yin_single_noise_20260925/results/r21vgg2k_vgg16_bn_aa_s42/faces_rfwWM64/faces_rfwWM64/results.csv,UU
aa4,VGG2k / AA4,r21vgg2k_vgg16_bn_aa_s42,face_transfer,124,single_uu,RFW WM64,Faces,0.37,,50,within_sampled_range,UU,147,91.66666666666666,runs/yin_single_noise_20260925/results/r21vgg2k_vgg16_bn_aa_s42/faces_rfwWM64/faces_rfwWM64/results.csv,UU
aa4,VGG2k / AA4,r21vgg2k_vgg16_bn_aa_s42,face_transfer,124,single_uu,RFW WM64,Faces,0.37,,50,within_sampled_range,UU,148,100.0,runs/yin_single_noise_20260925/results/r21vgg2k_vgg16_bn_aa_s42/faces_rfwWM64/faces_rfwWM64/results.csv,UU
aa4,VGG2k / AA4,r21vgg2k_vgg16_bn_aa_s42,face_transfer,124,single_uu,RFW WM64,Faces,0.37,,50,within_sampled_range,UU,149,100.0,runs/yin_single_noise_20260925/results/r21vgg2k_vgg16_bn_aa_s42/faces_rfwWM64/faces_rfwWM64/results.csv,UU
aa4,VGG2k / AA4,r21vgg2k_vgg16_bn_aa_s42,face_transfer,124,single_uu,RFW WM64,Faces,0.37,,50,within_sampled_range,UU,150,95.83333333333334,runs/yin_single_noise_20260925/results/r21vgg2k_vgg16_bn_aa_s42/faces_rfwWM64/faces_rfwWM64/results.csv,UU
aa4,VGG2k / AA4,r21vgg2k_vgg16_bn_aa_s42,face_transfer,124,single_uu,RFW WM64,Faces,0.37,,50,within_sampled_range,II,101,95.83333333333334,runs/yin_single_noise_20260925/results/r21vgg2k_vgg16_bn_aa_s42/faces_rfwWM64/faces_rfwWM64/results.csv,II
aa4,VGG2k / AA4,r21vgg2k_vgg16_bn_aa_s42,face_transfer,124,single_uu,RFW WM64,Faces,0.37,,50,within_sampled_range,II,102,91.66666666666666,runs/yin_single_noise_20260925/results/r21vgg2k_vgg16_bn_aa_s42/faces_rfwWM64/faces_rfwWM64/results.csv,II
aa4,VGG2k / AA4,r21vgg2k_vgg16_bn_aa_s42,face_transfer,124,single_uu,RFW WM64,Faces,0.37,,50,within_sampled_range,II,103,95.83333333333334,runs/yin_single_noise_20260925/results/r21vgg2k_vgg16_bn_aa_s42/faces_rfwWM64/faces_rfwWM64/results.csv,II
aa4,VGG2k / AA4,r21vgg2k_vgg16_bn_aa_s42,face_transfer,124,single_uu,RFW WM64,Faces,0.37,,50,within_sampled_range,II,104,87.5,runs/yin_single_noise_20260925/results/r21vgg2k_vgg16_bn_aa_s42/faces_rfwWM64/faces_rfwWM64/results.csv,II
aa4,VGG2k / AA4,r21vgg2k_vgg16_bn_aa_s42,face_transfer,124,single_uu,RFW WM64,Faces,0.37,,50,within_sampled_range,II,105,87.5,runs/yin_single_noise_20260925/results/r21vgg2k_vgg16_bn_aa_s42/faces_rfwWM64/faces_rfwWM64/results.csv,II
aa4,VGG2k / AA4,r21vgg2k_vgg16_bn_aa_s42,face_transfer,124,single_uu,RFW WM64,Faces,0.37,,50,within_sampled_range,II,106,95.83333333333334,runs/yin_single_noise_20260925/results/r21vgg2k_vgg16_bn_aa_s42/faces_rfwWM64/faces_rfwWM64/results.csv,II
aa4,VGG2k / AA4,r21vgg2k_vgg16_bn_aa_s42,face_transfer,124,single_uu,RFW WM64,Faces,0.37,,50,within_sampled_range,II,107,95.83333333333334,runs/yin_single_noise_20260925/results/r21vgg2k_vgg16_bn_aa_s42/faces_rfwWM64/faces_rfwWM64/results.csv,II
aa4,VGG2k / AA4,r21vgg2k_vgg16_bn_aa_s42,face_transfer,124,single_uu,RFW WM64,Faces,0.37,,50,within_sampled_range,II,108,100.0,runs/yin_single_noise_20260925/results/r21vgg2k_vgg16_bn_aa_s42/faces_rfwWM64/faces_rfwWM64/results.csv,II
aa4,VGG2k / AA4,r21vgg2k_vgg16_bn_aa_s42,face_transfer,124,single_uu,RFW WM64,Faces,0.37,,50,within_sampled_range,II,109,87.5,runs/yin_single_noise_20260925/results/r21vgg2k_vgg16_bn_aa_s42/faces_rfwWM64/faces_rfwWM64/results.csv,II
aa4,VGG2k / AA4,r21vgg2k_vgg16_bn_aa_s42,face_transfer,124,single_uu,RFW WM64,Faces,0.37,,50,within_sampled_range,II,110,91.66666666666666,runs/yin_single_noise_20260925/results/r21vgg2k_vgg16_bn_aa_s42/faces_rfwWM64/faces_rfwWM64/results.csv,II
aa4,VGG2k / AA4,r21vgg2k_vgg16_bn_aa_s42,face_transfer,124,single_uu,RFW WM64,Faces,0.37,,50,within_sampled_range,II,111,91.66666666666666,runs/yin_single_noise_20260925/results/r21vgg2k_vgg16_bn_aa_s42/faces_rfwWM64/faces_rfwWM64/results.csv,II
aa4,VGG2k / AA4,r21vgg2k_vgg16_bn_aa_s42,face_transfer,124,single_uu,RFW WM64,Faces,0.37,,50,within_sampled_range,II,112,91.66666666666666,runs/yin_single_noise_20260925/results/r21vgg2k_vgg16_bn_aa_s42/faces_rfwWM64/faces_rfwWM64/results.csv,II
aa4,VGG2k / AA4,r21vgg2k_vgg16_bn_aa_s42,face_transfer,124,single_uu,RFW WM64,Faces,0.37,,50,within_sampled_range,II,113,87.5,runs/yin_single_noise_20260925/results/r21vgg2k_vgg16_bn_aa_s42/faces_rfwWM64/faces_rfwWM64/results.csv,II
aa4,VGG2k / AA4,r21vgg2k_vgg16_bn_aa_s42,face_transfer,124,single_uu,RFW WM64,Faces,0.37,,50,within_sampled_range,II,114,87.5,runs/yin_single_noise_20260925/results/r21vgg2k_vgg16_bn_aa_s42/faces_rfwWM64/faces_rfwWM64/results.csv,II
aa4,VGG2k / AA4,r21vgg2k_vgg16_bn_aa_s42,face_transfer,124,single_uu,RFW WM64,Faces,0.37,,50,within_sampled_range,II,115,83.33333333333334,runs/yin_single_noise_20260925/results/r21vgg2k_vgg16_bn_aa_s42/faces_rfwWM64/faces_rfwWM64/results.csv,II
aa4,VGG2k / AA4,r21vgg2k_vgg16_bn_aa_s42,face_transfer,124,single_uu,RFW WM64,Faces,0.37,,50,within_sampled_range,II,116,95.83333333333334,runs/yin_single_noise_20260925/results/r21vgg2k_vgg16_bn_aa_s42/faces_rfwWM64/faces_rfwWM64/results.csv,II
aa4,VGG2k / AA4,r21vgg2k_vgg16_bn_aa_s42,face_transfer,124,single_uu,RFW WM64,Faces,0.37,,50,within_sampled_range,II,117,91.66666666666666,runs/yin_single_noise_20260925/results/r21vgg2k_vgg16_bn_aa_s42/faces_rfwWM64/faces_rfwWM64/results.csv,II
aa4,VGG2k / AA4,r21vgg2k_vgg16_bn_aa_s42,face_transfer,124,single_uu,RFW WM64,Faces,0.37,,50,within_sampled_range,II,118,91.66666666666666,runs/yin_single_noise_20260925/results/r21vgg2k_vgg16_bn_aa_s42/faces_rfwWM64/faces_rfwWM64/results.csv,II
aa4,VGG2k / AA4,r21vgg2k_vgg16_bn_aa_s42,face_transfer,124,single_uu,RFW WM64,Faces,0.37,,50,within_sampled_range,II,119,100.0,runs/yin_single_noise_20260925/results/r21vgg2k_vgg16_bn_aa_s42/faces_rfwWM64/faces_rfwWM64/results.csv,II
aa4,VGG2k / AA4,r21vgg2k_vgg16_bn_aa_s42,face_transfer,124,single_uu,RFW WM64,Faces,0.37,,50,within_sampled_range,II,120,91.66666666666666,runs/yin_single_noise_20260925/results/r21vgg2k_vgg16_bn_aa_s42/faces_rfwWM64/faces_rfwWM64/results.csv,II
aa4,VGG2k / AA4,r21vgg2k_vgg16_bn_aa_s42,face_transfer,124,single_uu,RFW WM64,Faces,0.37,,50,within_sampled_range,II,121,87.5,runs/yin_single_noise_20260925/results/r21vgg2k_vgg16_bn_aa_s42/faces_rfwWM64/faces_rfwWM64/results.csv,II
aa4,VGG2k / AA4,r21vgg2k_vgg16_bn_aa_s42,face_transfer,124,single_uu,RFW WM64,Faces,0.37,,50,within_sampled_range,II,122,95.83333333333334,runs/yin_single_noise_20260925/results/r21vgg2k_vgg16_bn_aa_s42/faces_rfwWM64/faces_rfwWM64/results.csv,II
aa4,VGG2k / AA4,r21vgg2k_vgg16_bn_aa_s42,face_transfer,124,single_uu,RFW WM64,Faces,0.37,,50,within_sampled_range,II,123,91.66666666666666,runs/yin_single_noise_20260925/results/r21vgg2k_vgg16_bn_aa_s42/faces_rfwWM64/faces_rfwWM64/results.csv,II
aa4,VGG2k / AA4,r21vgg2k_vgg16_bn_aa_s42,face_transfer,124,single_uu,RFW WM64,Faces,0.37,,50,within_sampled_range,II,124,91.66666666666666,runs/yin_single_noise_20260925/results/r21vgg2k_vgg16_bn_aa_s42/faces_rfwWM64/faces_rfwWM64/results.csv,II
aa4,VGG2k / AA4,r21vgg2k_vgg16_bn_aa_s42,face_transfer,124,single_uu,RFW WM64,Faces,0.37,,50,within_sampled_range,II,125,87.5,runs/yin_single_noise_20260925/results/r21vgg2k_vgg16_bn_aa_s42/faces_rfwWM64/faces_rfwWM64/results.csv,II
aa4,VGG2k / AA4,r21vgg2k_vgg16_bn_aa_s42,face_transfer,124,single_uu,RFW WM64,Faces,0.37,,50,within_sampled_range,II,126,91.66666666666666,runs/yin_single_noise_20260925/results/r21vgg2k_vgg16_bn_aa_s42/faces_rfwWM64/faces_rfwWM64/results.csv,II
aa4,VGG2k / AA4,r21vgg2k_vgg16_bn_aa_s42,face_transfer,124,single_uu,RFW WM64,Faces,0.37,,50,within_sampled_range,II,127,91.66666666666666,runs/yin_single_noise_20260925/results/r21vgg2k_vgg16_bn_aa_s42/faces_rfwWM64/faces_rfwWM64/results.csv,II
aa4,VGG2k / AA4,r21vgg2k_vgg16_bn_aa_s42,face_transfer,124,single_uu,RFW WM64,Faces,0.37,,50,within_sampled_range,II,128,91.66666666666666,runs/yin_single_noise_20260925/results/r21vgg2k_vgg16_bn_aa_s42/faces_rfwWM64/faces_rfwWM64/results.csv,II
aa4,VGG2k / AA4,r21vgg2k_vgg16_bn_aa_s42,face_transfer,124,single_uu,RFW WM64,Faces,0.37,,50,within_sampled_range,II,129,95.83333333333334,runs/yin_single_noise_20260925/results/r21vgg2k_vgg16_bn_aa_s42/faces_rfwWM64/faces_rfwWM64/results.csv,II
aa4,VGG2k / AA4,r21vgg2k_vgg16_bn_aa_s42,face_transfer,124,single_uu,RFW WM64,Faces,0.37,,50,within_sampled_range,II,130,95.83333333333334,runs/yin_single_noise_20260925/results/r21vgg2k_vgg16_bn_aa_s42/faces_rfwWM64/faces_rfwWM64/results.csv,II
aa4,VGG2k / AA4,r21vgg2k_vgg16_bn_aa_s42,face_transfer,124,single_uu,RFW WM64,Faces,0.37,,50,within_sampled_range,II,131,91.66666666666666,runs/yin_single_noise_20260925/results/r21vgg2k_vgg16_bn_aa_s42/faces_rfwWM64/faces_rfwWM64/results.csv,II
aa4,VGG2k / AA4,r21vgg2k_vgg16_bn_aa_s42,face_transfer,124,single_uu,RFW WM64,Faces,0.37,,50,within_sampled_range,II,132,95.83333333333334,runs/yin_single_noise_20260925/results/r21vgg2k_vgg16_bn_aa_s42/faces_rfwWM64/faces_rfwWM64/results.csv,II
aa4,VGG2k / AA4,r21vgg2k_vgg16_bn_aa_s42,face_transfer,124,single_uu,RFW WM64,Faces,0.37,,50,within_sampled_range,II,133,79.16666666666666,runs/yin_single_noise_20260925/results/r21vgg2k_vgg16_bn_aa_s42/faces_rfwWM64/faces_rfwWM64/results.csv,II
aa4,VGG2k / AA4,r21vgg2k_vgg16_bn_aa_s42,face_transfer,124,single_uu,RFW WM64,Faces,0.37,,50,within_sampled_range,II,134,91.66666666666666,runs/yin_single_noise_20260925/results/r21vgg2k_vgg16_bn_aa_s42/faces_rfwWM64/faces_rfwWM64/results.csv,II
aa4,VGG2k / AA4,r21vgg2k_vgg16_bn_aa_s42,face_transfer,124,single_uu,RFW WM64,Faces,0.37,,50,within_sampled_range,II,135,83.33333333333334,runs/yin_single_noise_20260925/results/r21vgg2k_vgg16_bn_aa_s42/faces_rfwWM64/faces_rfwWM64/results.csv,II
aa4,VGG2k / AA4,r21vgg2k_vgg16_bn_aa_s42,face_transfer,124,single_uu,RFW WM64,Faces,0.37,,50,within_sampled_range,II,136,83.33333333333334,runs/yin_single_noise_20260925/results/r21vgg2k_vgg16_bn_aa_s42/faces_rfwWM64/faces_rfwWM64/results.csv,II
aa4,VGG2k / AA4,r21vgg2k_vgg16_bn_aa_s42,face_transfer,124,single_uu,RFW WM64,Faces,0.37,,50,within_sampled_range,II,137,91.66666666666666,runs/yin_single_noise_20260925/results/r21vgg2k_vgg16_bn_aa_s42/faces_rfwWM64/faces_rfwWM64/results.csv,II
aa4,VGG2k / AA4,r21vgg2k_vgg16_bn_aa_s42,face_transfer,124,single_uu,RFW WM64,Faces,0.37,,50,within_sampled_range,II,138,87.5,runs/yin_single_noise_20260925/results/r21vgg2k_vgg16_bn_aa_s42/faces_rfwWM64/faces_rfwWM64/results.csv,II
aa4,VGG2k / AA4,r21vgg2k_vgg16_bn_aa_s42,face_transfer,124,single_uu,RFW WM64,Faces,0.37,,50,within_sampled_range,II,139,95.83333333333334,runs/yin_single_noise_20260925/results/r21vgg2k_vgg16_bn_aa_s42/faces_rfwWM64/faces_rfwWM64/results.csv,II
aa4,VGG2k / AA4,r21vgg2k_vgg16_bn_aa_s42,face_transfer,124,single_uu,RFW WM64,Faces,0.37,,50,within_sampled_range,II,140,83.33333333333334,runs/yin_single_noise_20260925/results/r21vgg2k_vgg16_bn_aa_s42/faces_rfwWM64/faces_rfwWM64/results.csv,II
aa4,VGG2k / AA4,r21vgg2k_vgg16_bn_aa_s42,face_transfer,124,single_uu,RFW WM64,Faces,0.37,,50,within_sampled_range,II,141,95.83333333333334,runs/yin_single_noise_20260925/results/r21vgg2k_vgg16_bn_aa_s42/faces_rfwWM64/faces_rfwWM64/results.csv,II
aa4,VGG2k / AA4,r21vgg2k_vgg16_bn_aa_s42,face_transfer,124,single_uu,RFW WM64,Faces,0.37,,50,within_sampled_range,II,142,95.83333333333334,runs/yin_single_noise_20260925/results/r21vgg2k_vgg16_bn_aa_s42/faces_rfwWM64/faces_rfwWM64/results.csv,II
aa4,VGG2k / AA4,r21vgg2k_vgg16_bn_aa_s42,face_transfer,124,single_uu,RFW WM64,Faces,0.37,,50,within_sampled_range,II,143,91.66666666666666,runs/yin_single_noise_20260925/results/r21vgg2k_vgg16_bn_aa_s42/faces_rfwWM64/faces_rfwWM64/results.csv,II
aa4,VGG2k / AA4,r21vgg2k_vgg16_bn_aa_s42,face_transfer,124,single_uu,RFW WM64,Faces,0.37,,50,within_sampled_range,II,144,87.5,runs/yin_single_noise_20260925/results/r21vgg2k_vgg16_bn_aa_s42/faces_rfwWM64/faces_rfwWM64/results.csv,II
aa4,VGG2k / AA4,r21vgg2k_vgg16_bn_aa_s42,face_transfer,124,single_uu,RFW WM64,Faces,0.37,,50,within_sampled_range,II,145,91.66666666666666,runs/yin_single_noise_20260925/results/r21vgg2k_vgg16_bn_aa_s42/faces_rfwWM64/faces_rfwWM64/results.csv,II
aa4,VGG2k / AA4,r21vgg2k_vgg16_bn_aa_s42,face_transfer,124,single_uu,RFW WM64,Faces,0.37,,50,within_sampled_range,II,146,91.66666666666666,runs/yin_single_noise_20260925/results/r21vgg2k_vgg16_bn_aa_s42/faces_rfwWM64/faces_rfwWM64/results.csv,II
aa4,VGG2k / AA4,r21vgg2k_vgg16_bn_aa_s42,face_transfer,124,single_uu,RFW WM64,Faces,0.37,,50,within_sampled_range,II,147,95.83333333333334,runs/yin_single_noise_20260925/results/r21vgg2k_vgg16_bn_aa_s42/faces_rfwWM64/faces_rfwWM64/results.csv,II
aa4,VGG2k / AA4,r21vgg2k_vgg16_bn_aa_s42,face_transfer,124,single_uu,RFW WM64,Faces,0.37,,50,within_sampled_range,II,148,95.83333333333334,runs/yin_single_noise_20260925/results/r21vgg2k_vgg16_bn_aa_s42/faces_rfwWM64/faces_rfwWM64/results.csv,II
aa4,VGG2k / AA4,r21vgg2k_vgg16_bn_aa_s42,face_transfer,124,single_uu,RFW WM64,Faces,0.37,,50,within_sampled_range,II,149,91.66666666666666,runs/yin_single_noise_20260925/results/r21vgg2k_vgg16_bn_aa_s42/faces_rfwWM64/faces_rfwWM64/results.csv,II
aa4,VGG2k / AA4,r21vgg2k_vgg16_bn_aa_s42,face_transfer,124,single_uu,RFW WM64,Faces,0.37,,50,within_sampled_range,II,150,100.0,runs/yin_single_noise_20260925/results/r21vgg2k_vgg16_bn_aa_s42/faces_rfwWM64/faces_rfwWM64/results.csv,II
aa4,VGG2k / AA4,r21vgg2k_vgg16_bn_aa_s42,face_transfer,124,single_uu,RFW WM64,Faces,0.37,,50,within_sampled_range,UI,101,95.83333333333334,runs/yin_single_noise_20260925/results/r21vgg2k_vgg16_bn_aa_s42/faces_rfwWM64/faces_rfwWM64/results.csv,UI
aa4,VGG2k / AA4,r21vgg2k_vgg16_bn_aa_s42,face_transfer,124,single_uu,RFW WM64,Faces,0.37,,50,within_sampled_range,UI,102,91.66666666666666,runs/yin_single_noise_20260925/results/r21vgg2k_vgg16_bn_aa_s42/faces_rfwWM64/faces_rfwWM64/results.csv,UI
aa4,VGG2k / AA4,r21vgg2k_vgg16_bn_aa_s42,face_transfer,124,single_uu,RFW WM64,Faces,0.37,,50,within_sampled_range,UI,103,83.33333333333334,runs/yin_single_noise_20260925/results/r21vgg2k_vgg16_bn_aa_s42/faces_rfwWM64/faces_rfwWM64/results.csv,UI
aa4,VGG2k / AA4,r21vgg2k_vgg16_bn_aa_s42,face_transfer,124,single_uu,RFW WM64,Faces,0.37,,50,within_sampled_range,UI,104,91.66666666666666,runs/yin_single_noise_20260925/results/r21vgg2k_vgg16_bn_aa_s42/faces_rfwWM64/faces_rfwWM64/results.csv,UI
aa4,VGG2k / AA4,r21vgg2k_vgg16_bn_aa_s42,face_transfer,124,single_uu,RFW WM64,Faces,0.37,,50,within_sampled_range,UI,105,83.33333333333334,runs/yin_single_noise_20260925/results/r21vgg2k_vgg16_bn_aa_s42/faces_rfwWM64/faces_rfwWM64/results.csv,UI
aa4,VGG2k / AA4,r21vgg2k_vgg16_bn_aa_s42,face_transfer,124,single_uu,RFW WM64,Faces,0.37,,50,within_sampled_range,UI,106,100.0,runs/yin_single_noise_20260925/results/r21vgg2k_vgg16_bn_aa_s42/faces_rfwWM64/faces_rfwWM64/results.csv,UI
aa4,VGG2k / AA4,r21vgg2k_vgg16_bn_aa_s42,face_transfer,124,single_uu,RFW WM64,Faces,0.37,,50,within_sampled_range,UI,107,95.83333333333334,runs/yin_single_noise_20260925/results/r21vgg2k_vgg16_bn_aa_s42/faces_rfwWM64/faces_rfwWM64/results.csv,UI
aa4,VGG2k / AA4,r21vgg2k_vgg16_bn_aa_s42,face_transfer,124,single_uu,RFW WM64,Faces,0.37,,50,within_sampled_range,UI,108,87.5,runs/yin_single_noise_20260925/results/r21vgg2k_vgg16_bn_aa_s42/faces_rfwWM64/faces_rfwWM64/results.csv,UI
aa4,VGG2k / AA4,r21vgg2k_vgg16_bn_aa_s42,face_transfer,124,single_uu,RFW WM64,Faces,0.37,,50,within_sampled_range,UI,109,95.83333333333334,runs/yin_single_noise_20260925/results/r21vgg2k_vgg16_bn_aa_s42/faces_rfwWM64/faces_rfwWM64/results.csv,UI
aa4,VGG2k / AA4,r21vgg2k_vgg16_bn_aa_s42,face_transfer,124,single_uu,RFW WM64,Faces,0.37,,50,within_sampled_range,UI,110,95.83333333333334,runs/yin_single_noise_20260925/results/r21vgg2k_vgg16_bn_aa_s42/faces_rfwWM64/faces_rfwWM64/results.csv,UI
aa4,VGG2k / AA4,r21vgg2k_vgg16_bn_aa_s42,face_transfer,124,single_uu,RFW WM64,Faces,0.37,,50,within_sampled_range,UI,111,87.5,runs/yin_single_noise_20260925/results/r21vgg2k_vgg16_bn_aa_s42/faces_rfwWM64/faces_rfwWM64/results.csv,UI
aa4,VGG2k / AA4,r21vgg2k_vgg16_bn_aa_s42,face_transfer,124,single_uu,RFW WM64,Faces,0.37,,50,within_sampled_range,UI,112,95.83333333333334,runs/yin_single_noise_20260925/results/r21vgg2k_vgg16_bn_aa_s42/faces_rfwWM64/faces_rfwWM64/results.csv,UI
aa4,VGG2k / AA4,r21vgg2k_vgg16_bn_aa_s42,face_transfer,124,single_uu,RFW WM64,Faces,0.37,,50,within_sampled_range,UI,113,91.66666666666666,runs/yin_single_noise_20260925/results/r21vgg2k_vgg16_bn_aa_s42/faces_rfwWM64/faces_rfwWM64/results.csv,UI
aa4,VGG2k / AA4,r21vgg2k_vgg16_bn_aa_s42,face_transfer,124,single_uu,RFW WM64,Faces,0.37,,50,within_sampled_range,UI,114,91.66666666666666,runs/yin_single_noise_20260925/results/r21vgg2k_vgg16_bn_aa_s42/faces_rfwWM64/faces_rfwWM64/results.csv,UI
aa4,VGG2k / AA4,r21vgg2k_vgg16_bn_aa_s42,face_transfer,124,single_uu,RFW WM64,Faces,0.37,,50,within_sampled_range,UI,115,91.66666666666666,runs/yin_single_noise_20260925/results/r21vgg2k_vgg16_bn_aa_s42/faces_rfwWM64/faces_rfwWM64/results.csv,UI
aa4,VGG2k / AA4,r21vgg2k_vgg16_bn_aa_s42,face_transfer,124,single_uu,RFW WM64,Faces,0.37,,50,within_sampled_range,UI,116,95.83333333333334,runs/yin_single_noise_20260925/results/r21vgg2k_vgg16_bn_aa_s42/faces_rfwWM64/faces_rfwWM64/results.csv,UI
aa4,VGG2k / AA4,r21vgg2k_vgg16_bn_aa_s42,face_transfer,124,single_uu,RFW WM64,Faces,0.37,,50,within_sampled_range,UI,117,91.66666666666666,runs/yin_single_noise_20260925/results/r21vgg2k_vgg16_bn_aa_s42/faces_rfwWM64/faces_rfwWM64/results.csv,UI
aa4,VGG2k / AA4,r21vgg2k_vgg16_bn_aa_s42,face_transfer,124,single_uu,RFW WM64,Faces,0.37,,50,within_sampled_range,UI,118,95.83333333333334,runs/yin_single_noise_20260925/results/r21vgg2k_vgg16_bn_aa_s42/faces_rfwWM64/faces_rfwWM64/results.csv,UI
aa4,VGG2k / AA4,r21vgg2k_vgg16_bn_aa_s42,face_transfer,124,single_uu,RFW WM64,Faces,0.37,,50,within_sampled_range,UI,119,95.83333333333334,runs/yin_single_noise_20260925/results/r21vgg2k_vgg16_bn_aa_s42/faces_rfwWM64/faces_rfwWM64/results.csv,UI
aa4,VGG2k / AA4,r21vgg2k_vgg16_bn_aa_s42,face_transfer,124,single_uu,RFW WM64,Faces,0.37,,50,within_sampled_range,UI,120,91.66666666666666,runs/yin_single_noise_20260925/results/r21vgg2k_vgg16_bn_aa_s42/faces_rfwWM64/faces_rfwWM64/results.csv,UI
aa4,VGG2k / AA4,r21vgg2k_vgg16_bn_aa_s42,face_transfer,124,single_uu,RFW WM64,Faces,0.37,,50,within_sampled_range,UI,121,91.66666666666666,runs/yin_single_noise_20260925/results/r21vgg2k_vgg16_bn_aa_s42/faces_rfwWM64/faces_rfwWM64/results.csv,UI
aa4,VGG2k / AA4,r21vgg2k_vgg16_bn_aa_s42,face_transfer,124,single_uu,RFW WM64,Faces,0.37,,50,within_sampled_range,UI,122,91.66666666666666,runs/yin_single_noise_20260925/results/r21vgg2k_vgg16_bn_aa_s42/faces_rfwWM64/faces_rfwWM64/results.csv,UI
aa4,VGG2k / AA4,r21vgg2k_vgg16_bn_aa_s42,face_transfer,124,single_uu,RFW WM64,Faces,0.37,,50,within_sampled_range,UI,123,91.66666666666666,runs/yin_single_noise_20260925/results/r21vgg2k_vgg16_bn_aa_s42/faces_rfwWM64/faces_rfwWM64/results.csv,UI
aa4,VGG2k / AA4,r21vgg2k_vgg16_bn_aa_s42,face_transfer,124,single_uu,RFW WM64,Faces,0.37,,50,within_sampled_range,UI,124,87.5,runs/yin_single_noise_20260925/results/r21vgg2k_vgg16_bn_aa_s42/faces_rfwWM64/faces_rfwWM64/results.csv,UI
aa4,VGG2k / AA4,r21vgg2k_vgg16_bn_aa_s42,face_transfer,124,single_uu,RFW WM64,Faces,0.37,,50,within_sampled_range,UI,125,83.33333333333334,runs/yin_single_noise_20260925/results/r21vgg2k_vgg16_bn_aa_s42/faces_rfwWM64/faces_rfwWM64/results.csv,UI
aa4,VGG2k / AA4,r21vgg2k_vgg16_bn_aa_s42,face_transfer,124,single_uu,RFW WM64,Faces,0.37,,50,within_sampled_range,UI,126,87.5,runs/yin_single_noise_20260925/results/r21vgg2k_vgg16_bn_aa_s42/faces_rfwWM64/faces_rfwWM64/results.csv,UI
aa4,VGG2k / AA4,r21vgg2k_vgg16_bn_aa_s42,face_transfer,124,single_uu,RFW WM64,Faces,0.37,,50,within_sampled_range,UI,127,83.33333333333334,runs/yin_single_noise_20260925/results/r21vgg2k_vgg16_bn_aa_s42/faces_rfwWM64/faces_rfwWM64/results.csv,UI
aa4,VGG2k / AA4,r21vgg2k_vgg16_bn_aa_s42,face_transfer,124,single_uu,RFW WM64,Faces,0.37,,50,within_sampled_range,UI,128,95.83333333333334,runs/yin_single_noise_20260925/results/r21vgg2k_vgg16_bn_aa_s42/faces_rfwWM64/faces_rfwWM64/results.csv,UI
aa4,VGG2k / AA4,r21vgg2k_vgg16_bn_aa_s42,face_transfer,124,single_uu,RFW WM64,Faces,0.37,,50,within_sampled_range,UI,129,95.83333333333334,runs/yin_single_noise_20260925/results/r21vgg2k_vgg16_bn_aa_s42/faces_rfwWM64/faces_rfwWM64/results.csv,UI
aa4,VGG2k / AA4,r21vgg2k_vgg16_bn_aa_s42,face_transfer,124,single_uu,RFW WM64,Faces,0.37,,50,within_sampled_range,UI,130,91.66666666666666,runs/yin_single_noise_20260925/results/r21vgg2k_vgg16_bn_aa_s42/faces_rfwWM64/faces_rfwWM64/results.csv,UI
aa4,VGG2k / AA4,r21vgg2k_vgg16_bn_aa_s42,face_transfer,124,single_uu,RFW WM64,Faces,0.37,,50,within_sampled_range,UI,131,95.83333333333334,runs/yin_single_noise_20260925/results/r21vgg2k_vgg16_bn_aa_s42/faces_rfwWM64/faces_rfwWM64/results.csv,UI
aa4,VGG2k / AA4,r21vgg2k_vgg16_bn_aa_s42,face_transfer,124,single_uu,RFW WM64,Faces,0.37,,50,within_sampled_range,UI,132,91.66666666666666,runs/yin_single_noise_20260925/results/r21vgg2k_vgg16_bn_aa_s42/faces_rfwWM64/faces_rfwWM64/results.csv,UI
aa4,VGG2k / AA4,r21vgg2k_vgg16_bn_aa_s42,face_transfer,124,single_uu,RFW WM64,Faces,0.37,,50,within_sampled_range,UI,133,87.5,runs/yin_single_noise_20260925/results/r21vgg2k_vgg16_bn_aa_s42/faces_rfwWM64/faces_rfwWM64/results.csv,UI
aa4,VGG2k / AA4,r21vgg2k_vgg16_bn_aa_s42,face_transfer,124,single_uu,RFW WM64,Faces,0.37,,50,within_sampled_range,UI,134,91.66666666666666,runs/yin_single_noise_20260925/results/r21vgg2k_vgg16_bn_aa_s42/faces_rfwWM64/faces_rfwWM64/results.csv,UI
aa4,VGG2k / AA4,r21vgg2k_vgg16_bn_aa_s42,face_transfer,124,single_uu,RFW WM64,Faces,0.37,,50,within_sampled_range,UI,135,87.5,runs/yin_single_noise_20260925/results/r21vgg2k_vgg16_bn_aa_s42/faces_rfwWM64/faces_rfwWM64/results.csv,UI
aa4,VGG2k / AA4,r21vgg2k_vgg16_bn_aa_s42,face_transfer,124,single_uu,RFW WM64,Faces,0.37,,50,within_sampled_range,UI,136,95.83333333333334,runs/yin_single_noise_20260925/results/r21vgg2k_vgg16_bn_aa_s42/faces_rfwWM64/faces_rfwWM64/results.csv,UI
aa4,VGG2k / AA4,r21vgg2k_vgg16_bn_aa_s42,face_transfer,124,single_uu,RFW WM64,Faces,0.37,,50,within_sampled_range,UI,137,87.5,runs/yin_single_noise_20260925/results/r21vgg2k_vgg16_bn_aa_s42/faces_rfwWM64/faces_rfwWM64/results.csv,UI
aa4,VGG2k / AA4,r21vgg2k_vgg16_bn_aa_s42,face_transfer,124,single_uu,RFW WM64,Faces,0.37,,50,within_sampled_range,UI,138,95.83333333333334,runs/yin_single_noise_20260925/results/r21vgg2k_vgg16_bn_aa_s42/faces_rfwWM64/faces_rfwWM64/results.csv,UI
aa4,VGG2k / AA4,r21vgg2k_vgg16_bn_aa_s42,face_transfer,124,single_uu,RFW WM64,Faces,0.37,,50,within_sampled_range,UI,139,79.16666666666666,runs/yin_single_noise_20260925/results/r21vgg2k_vgg16_bn_aa_s42/faces_rfwWM64/faces_rfwWM64/results.csv,UI
aa4,VGG2k / AA4,r21vgg2k_vgg16_bn_aa_s42,face_transfer,124,single_uu,RFW WM64,Faces,0.37,,50,within_sampled_range,UI,140,91.66666666666666,runs/yin_single_noise_20260925/results/r21vgg2k_vgg16_bn_aa_s42/faces_rfwWM64/faces_rfwWM64/results.csv,UI
aa4,VGG2k / AA4,r21vgg2k_vgg16_bn_aa_s42,face_transfer,124,single_uu,RFW WM64,Faces,0.37,,50,within_sampled_range,UI,141,87.5,runs/yin_single_noise_20260925/results/r21vgg2k_vgg16_bn_aa_s42/faces_rfwWM64/faces_rfwWM64/results.csv,UI
aa4,VGG2k / AA4,r21vgg2k_vgg16_bn_aa_s42,face_transfer,124,single_uu,RFW WM64,Faces,0.37,,50,within_sampled_range,UI,142,91.66666666666666,runs/yin_single_noise_20260925/results/r21vgg2k_vgg16_bn_aa_s42/faces_rfwWM64/faces_rfwWM64/results.csv,UI
aa4,VGG2k / AA4,r21vgg2k_vgg16_bn_aa_s42,face_transfer,124,single_uu,RFW WM64,Faces,0.37,,50,within_sampled_range,UI,143,87.5,runs/yin_single_noise_20260925/results/r21vgg2k_vgg16_bn_aa_s42/faces_rfwWM64/faces_rfwWM64/results.csv,UI
aa4,VGG2k / AA4,r21vgg2k_vgg16_bn_aa_s42,face_transfer,124,single_uu,RFW WM64,Faces,0.37,,50,within_sampled_range,UI,144,95.83333333333334,runs/yin_single_noise_20260925/results/r21vgg2k_vgg16_bn_aa_s42/faces_rfwWM64/faces_rfwWM64/results.csv,UI
aa4,VGG2k / AA4,r21vgg2k_vgg16_bn_aa_s42,face_transfer,124,single_uu,RFW WM64,Faces,0.37,,50,within_sampled_range,UI,145,95.83333333333334,runs/yin_single_noise_20260925/results/r21vgg2k_vgg16_bn_aa_s42/faces_rfwWM64/faces_rfwWM64/results.csv,UI
aa4,VGG2k / AA4,r21vgg2k_vgg16_bn_aa_s42,face_transfer,124,single_uu,RFW WM64,Faces,0.37,,50,within_sampled_range,UI,146,91.66666666666666,runs/yin_single_noise_20260925/results/r21vgg2k_vgg16_bn_aa_s42/faces_rfwWM64/faces_rfwWM64/results.csv,UI
aa4,VGG2k / AA4,r21vgg2k_vgg16_bn_aa_s42,face_transfer,124,single_uu,RFW WM64,Faces,0.37,,50,within_sampled_range,UI,147,91.66666666666666,runs/yin_single_noise_20260925/results/r21vgg2k_vgg16_bn_aa_s42/faces_rfwWM64/faces_rfwWM64/results.csv,UI
aa4,VGG2k / AA4,r21vgg2k_vgg16_bn_aa_s42,face_transfer,124,single_uu,RFW WM64,Faces,0.37,,50,within_sampled_range,UI,148,95.83333333333334,runs/yin_single_noise_20260925/results/r21vgg2k_vgg16_bn_aa_s42/faces_rfwWM64/faces_rfwWM64/results.csv,UI
aa4,VGG2k / AA4,r21vgg2k_vgg16_bn_aa_s42,face_transfer,124,single_uu,RFW WM64,Faces,0.37,,50,within_sampled_range,UI,149,91.66666666666666,runs/yin_single_noise_20260925/results/r21vgg2k_vgg16_bn_aa_s42/faces_rfwWM64/faces_rfwWM64/results.csv,UI
aa4,VGG2k / AA4,r21vgg2k_vgg16_bn_aa_s42,face_transfer,124,single_uu,RFW WM64,Faces,0.37,,50,within_sampled_range,UI,150,83.33333333333334,runs/yin_single_noise_20260925/results/r21vgg2k_vgg16_bn_aa_s42/faces_rfwWM64/faces_rfwWM64/results.csv,UI
aa4,VGG2k / AA4,r21vgg2k_vgg16_bn_aa_s42,face_transfer,124,single_uu,RFW WM64,Faces,0.37,,50,within_sampled_range,IU,101,87.5,runs/yin_single_noise_20260925/results/r21vgg2k_vgg16_bn_aa_s42/faces_rfwWM64/faces_rfwWM64/results.csv,IU
aa4,VGG2k / AA4,r21vgg2k_vgg16_bn_aa_s42,face_transfer,124,single_uu,RFW WM64,Faces,0.37,,50,within_sampled_range,IU,102,87.5,runs/yin_single_noise_20260925/results/r21vgg2k_vgg16_bn_aa_s42/faces_rfwWM64/faces_rfwWM64/results.csv,IU
aa4,VGG2k / AA4,r21vgg2k_vgg16_bn_aa_s42,face_transfer,124,single_uu,RFW WM64,Faces,0.37,,50,within_sampled_range,IU,103,87.5,runs/yin_single_noise_20260925/results/r21vgg2k_vgg16_bn_aa_s42/faces_rfwWM64/faces_rfwWM64/results.csv,IU
aa4,VGG2k / AA4,r21vgg2k_vgg16_bn_aa_s42,face_transfer,124,single_uu,RFW WM64,Faces,0.37,,50,within_sampled_range,IU,104,87.5,runs/yin_single_noise_20260925/results/r21vgg2k_vgg16_bn_aa_s42/faces_rfwWM64/faces_rfwWM64/results.csv,IU
aa4,VGG2k / AA4,r21vgg2k_vgg16_bn_aa_s42,face_transfer,124,single_uu,RFW WM64,Faces,0.37,,50,within_sampled_range,IU,105,95.83333333333334,runs/yin_single_noise_20260925/results/r21vgg2k_vgg16_bn_aa_s42/faces_rfwWM64/faces_rfwWM64/results.csv,IU
aa4,VGG2k / AA4,r21vgg2k_vgg16_bn_aa_s42,face_transfer,124,single_uu,RFW WM64,Faces,0.37,,50,within_sampled_range,IU,106,91.66666666666666,runs/yin_single_noise_20260925/results/r21vgg2k_vgg16_bn_aa_s42/faces_rfwWM64/faces_rfwWM64/results.csv,IU
aa4,VGG2k / AA4,r21vgg2k_vgg16_bn_aa_s42,face_transfer,124,single_uu,RFW WM64,Faces,0.37,,50,within_sampled_range,IU,107,91.66666666666666,runs/yin_single_noise_20260925/results/r21vgg2k_vgg16_bn_aa_s42/faces_rfwWM64/faces_rfwWM64/results.csv,IU
aa4,VGG2k / AA4,r21vgg2k_vgg16_bn_aa_s42,face_transfer,124,single_uu,RFW WM64,Faces,0.37,,50,within_sampled_range,IU,108,87.5,runs/yin_single_noise_20260925/results/r21vgg2k_vgg16_bn_aa_s42/faces_rfwWM64/faces_rfwWM64/results.csv,IU
aa4,VGG2k / AA4,r21vgg2k_vgg16_bn_aa_s42,face_transfer,124,single_uu,RFW WM64,Faces,0.37,,50,within_sampled_range,IU,109,87.5,runs/yin_single_noise_20260925/results/r21vgg2k_vgg16_bn_aa_s42/faces_rfwWM64/faces_rfwWM64/results.csv,IU
aa4,VGG2k / AA4,r21vgg2k_vgg16_bn_aa_s42,face_transfer,124,single_uu,RFW WM64,Faces,0.37,,50,within_sampled_range,IU,110,95.83333333333334,runs/yin_single_noise_20260925/results/r21vgg2k_vgg16_bn_aa_s42/faces_rfwWM64/faces_rfwWM64/results.csv,IU
aa4,VGG2k / AA4,r21vgg2k_vgg16_bn_aa_s42,face_transfer,124,single_uu,RFW WM64,Faces,0.37,,50,within_sampled_range,IU,111,91.66666666666666,runs/yin_single_noise_20260925/results/r21vgg2k_vgg16_bn_aa_s42/faces_rfwWM64/faces_rfwWM64/results.csv,IU
aa4,VGG2k / AA4,r21vgg2k_vgg16_bn_aa_s42,face_transfer,124,single_uu,RFW WM64,Faces,0.37,,50,within_sampled_range,IU,112,95.83333333333334,runs/yin_single_noise_20260925/results/r21vgg2k_vgg16_bn_aa_s42/faces_rfwWM64/faces_rfwWM64/results.csv,IU
aa4,VGG2k / AA4,r21vgg2k_vgg16_bn_aa_s42,face_transfer,124,single_uu,RFW WM64,Faces,0.37,,50,within_sampled_range,IU,113,91.66666666666666,runs/yin_single_noise_20260925/results/r21vgg2k_vgg16_bn_aa_s42/faces_rfwWM64/faces_rfwWM64/results.csv,IU
aa4,VGG2k / AA4,r21vgg2k_vgg16_bn_aa_s42,face_transfer,124,single_uu,RFW WM64,Faces,0.37,,50,within_sampled_range,IU,114,95.83333333333334,runs/yin_single_noise_20260925/results/r21vgg2k_vgg16_bn_aa_s42/faces_rfwWM64/faces_rfwWM64/results.csv,IU
aa4,VGG2k / AA4,r21vgg2k_vgg16_bn_aa_s42,face_transfer,124,single_uu,RFW WM64,Faces,0.37,,50,within_sampled_range,IU,115,87.5,runs/yin_single_noise_20260925/results/r21vgg2k_vgg16_bn_aa_s42/faces_rfwWM64/faces_rfwWM64/results.csv,IU
aa4,VGG2k / AA4,r21vgg2k_vgg16_bn_aa_s42,face_transfer,124,single_uu,RFW WM64,Faces,0.37,,50,within_sampled_range,IU,116,95.83333333333334,runs/yin_single_noise_20260925/results/r21vgg2k_vgg16_bn_aa_s42/faces_rfwWM64/faces_rfwWM64/results.csv,IU
aa4,VGG2k / AA4,r21vgg2k_vgg16_bn_aa_s42,face_transfer,124,single_uu,RFW WM64,Faces,0.37,,50,within_sampled_range,IU,117,91.66666666666666,runs/yin_single_noise_20260925/results/r21vgg2k_vgg16_bn_aa_s42/faces_rfwWM64/faces_rfwWM64/results.csv,IU
aa4,VGG2k / AA4,r21vgg2k_vgg16_bn_aa_s42,face_transfer,124,single_uu,RFW WM64,Faces,0.37,,50,within_sampled_range,IU,118,83.33333333333334,runs/yin_single_noise_20260925/results/r21vgg2k_vgg16_bn_aa_s42/faces_rfwWM64/faces_rfwWM64/results.csv,IU
aa4,VGG2k / AA4,r21vgg2k_vgg16_bn_aa_s42,face_transfer,124,single_uu,RFW WM64,Faces,0.37,,50,within_sampled_range,IU,119,95.83333333333334,runs/yin_single_noise_20260925/results/r21vgg2k_vgg16_bn_aa_s42/faces_rfwWM64/faces_rfwWM64/results.csv,IU
aa4,VGG2k / AA4,r21vgg2k_vgg16_bn_aa_s42,face_transfer,124,single_uu,RFW WM64,Faces,0.37,,50,within_sampled_range,IU,120,91.66666666666666,runs/yin_single_noise_20260925/results/r21vgg2k_vgg16_bn_aa_s42/faces_rfwWM64/faces_rfwWM64/results.csv,IU
aa4,VGG2k / AA4,r21vgg2k_vgg16_bn_aa_s42,face_transfer,124,single_uu,RFW WM64,Faces,0.37,,50,within_sampled_range,IU,121,75.0,runs/yin_single_noise_20260925/results/r21vgg2k_vgg16_bn_aa_s42/faces_rfwWM64/faces_rfwWM64/results.csv,IU
aa4,VGG2k / AA4,r21vgg2k_vgg16_bn_aa_s42,face_transfer,124,single_uu,RFW WM64,Faces,0.37,,50,within_sampled_range,IU,122,95.83333333333334,runs/yin_single_noise_20260925/results/r21vgg2k_vgg16_bn_aa_s42/faces_rfwWM64/faces_rfwWM64/results.csv,IU
aa4,VGG2k / AA4,r21vgg2k_vgg16_bn_aa_s42,face_transfer,124,single_uu,RFW WM64,Faces,0.37,,50,within_sampled_range,IU,123,100.0,runs/yin_single_noise_20260925/results/r21vgg2k_vgg16_bn_aa_s42/faces_rfwWM64/faces_rfwWM64/results.csv,IU
aa4,VGG2k / AA4,r21vgg2k_vgg16_bn_aa_s42,face_transfer,124,single_uu,RFW WM64,Faces,0.37,,50,within_sampled_range,IU,124,87.5,runs/yin_single_noise_20260925/results/r21vgg2k_vgg16_bn_aa_s42/faces_rfwWM64/faces_rfwWM64/results.csv,IU
aa4,VGG2k / AA4,r21vgg2k_vgg16_bn_aa_s42,face_transfer,124,single_uu,RFW WM64,Faces,0.37,,50,within_sampled_range,IU,125,75.0,runs/yin_single_noise_20260925/results/r21vgg2k_vgg16_bn_aa_s42/faces_rfwWM64/faces_rfwWM64/results.csv,IU
aa4,VGG2k / AA4,r21vgg2k_vgg16_bn_aa_s42,face_transfer,124,single_uu,RFW WM64,Faces,0.37,,50,within_sampled_range,IU,126,83.33333333333334,runs/yin_single_noise_20260925/results/r21vgg2k_vgg16_bn_aa_s42/faces_rfwWM64/faces_rfwWM64/results.csv,IU
aa4,VGG2k / AA4,r21vgg2k_vgg16_bn_aa_s42,face_transfer,124,single_uu,RFW WM64,Faces,0.37,,50,within_sampled_range,IU,127,95.83333333333334,runs/yin_single_noise_20260925/results/r21vgg2k_vgg16_bn_aa_s42/faces_rfwWM64/faces_rfwWM64/results.csv,IU
aa4,VGG2k / AA4,r21vgg2k_vgg16_bn_aa_s42,face_transfer,124,single_uu,RFW WM64,Faces,0.37,,50,within_sampled_range,IU,128,87.5,runs/yin_single_noise_20260925/results/r21vgg2k_vgg16_bn_aa_s42/faces_rfwWM64/faces_rfwWM64/results.csv,IU
aa4,VGG2k / AA4,r21vgg2k_vgg16_bn_aa_s42,face_transfer,124,single_uu,RFW WM64,Faces,0.37,,50,within_sampled_range,IU,129,91.66666666666666,runs/yin_single_noise_20260925/results/r21vgg2k_vgg16_bn_aa_s42/faces_rfwWM64/faces_rfwWM64/results.csv,IU
aa4,VGG2k / AA4,r21vgg2k_vgg16_bn_aa_s42,face_transfer,124,single_uu,RFW WM64,Faces,0.37,,50,within_sampled_range,IU,130,87.5,runs/yin_single_noise_20260925/results/r21vgg2k_vgg16_bn_aa_s42/faces_rfwWM64/faces_rfwWM64/results.csv,IU
aa4,VGG2k / AA4,r21vgg2k_vgg16_bn_aa_s42,face_transfer,124,single_uu,RFW WM64,Faces,0.37,,50,within_sampled_range,IU,131,95.83333333333334,runs/yin_single_noise_20260925/results/r21vgg2k_vgg16_bn_aa_s42/faces_rfwWM64/faces_rfwWM64/results.csv,IU
aa4,VGG2k / AA4,r21vgg2k_vgg16_bn_aa_s42,face_transfer,124,single_uu,RFW WM64,Faces,0.37,,50,within_sampled_range,IU,132,83.33333333333334,runs/yin_single_noise_20260925/results/r21vgg2k_vgg16_bn_aa_s42/faces_rfwWM64/faces_rfwWM64/results.csv,IU
aa4,VGG2k / AA4,r21vgg2k_vgg16_bn_aa_s42,face_transfer,124,single_uu,RFW WM64,Faces,0.37,,50,within_sampled_range,IU,133,83.33333333333334,runs/yin_single_noise_20260925/results/r21vgg2k_vgg16_bn_aa_s42/faces_rfwWM64/faces_rfwWM64/results.csv,IU
aa4,VGG2k / AA4,r21vgg2k_vgg16_bn_aa_s42,face_transfer,124,single_uu,RFW WM64,Faces,0.37,,50,within_sampled_range,IU,134,87.5,runs/yin_single_noise_20260925/results/r21vgg2k_vgg16_bn_aa_s42/faces_rfwWM64/faces_rfwWM64/results.csv,IU
aa4,VGG2k / AA4,r21vgg2k_vgg16_bn_aa_s42,face_transfer,124,single_uu,RFW WM64,Faces,0.37,,50,within_sampled_range,IU,135,83.33333333333334,runs/yin_single_noise_20260925/results/r21vgg2k_vgg16_bn_aa_s42/faces_rfwWM64/faces_rfwWM64/results.csv,IU
aa4,VGG2k / AA4,r21vgg2k_vgg16_bn_aa_s42,face_transfer,124,single_uu,RFW WM64,Faces,0.37,,50,within_sampled_range,IU,136,91.66666666666666,runs/yin_single_noise_20260925/results/r21vgg2k_vgg16_bn_aa_s42/faces_rfwWM64/faces_rfwWM64/results.csv,IU
aa4,VGG2k / AA4,r21vgg2k_vgg16_bn_aa_s42,face_transfer,124,single_uu,RFW WM64,Faces,0.37,,50,within_sampled_range,IU,137,91.66666666666666,runs/yin_single_noise_20260925/results/r21vgg2k_vgg16_bn_aa_s42/faces_rfwWM64/faces_rfwWM64/results.csv,IU
aa4,VGG2k / AA4,r21vgg2k_vgg16_bn_aa_s42,face_transfer,124,single_uu,RFW WM64,Faces,0.37,,50,within_sampled_range,IU,138,100.0,runs/yin_single_noise_20260925/results/r21vgg2k_vgg16_bn_aa_s42/faces_rfwWM64/faces_rfwWM64/results.csv,IU
aa4,VGG2k / AA4,r21vgg2k_vgg16_bn_aa_s42,face_transfer,124,single_uu,RFW WM64,Faces,0.37,,50,within_sampled_range,IU,139,91.66666666666666,runs/yin_single_noise_20260925/results/r21vgg2k_vgg16_bn_aa_s42/faces_rfwWM64/faces_rfwWM64/results.csv,IU
aa4,VGG2k / AA4,r21vgg2k_vgg16_bn_aa_s42,face_transfer,124,single_uu,RFW WM64,Faces,0.37,,50,within_sampled_range,IU,140,95.83333333333334,runs/yin_single_noise_20260925/results/r21vgg2k_vgg16_bn_aa_s42/faces_rfwWM64/faces_rfwWM64/results.csv,IU
aa4,VGG2k / AA4,r21vgg2k_vgg16_bn_aa_s42,face_transfer,124,single_uu,RFW WM64,Faces,0.37,,50,within_sampled_range,IU,141,87.5,runs/yin_single_noise_20260925/results/r21vgg2k_vgg16_bn_aa_s42/faces_rfwWM64/faces_rfwWM64/results.csv,IU
aa4,VGG2k / AA4,r21vgg2k_vgg16_bn_aa_s42,face_transfer,124,single_uu,RFW WM64,Faces,0.37,,50,within_sampled_range,IU,142,95.83333333333334,runs/yin_single_noise_20260925/results/r21vgg2k_vgg16_bn_aa_s42/faces_rfwWM64/faces_rfwWM64/results.csv,IU
aa4,VGG2k / AA4,r21vgg2k_vgg16_bn_aa_s42,face_transfer,124,single_uu,RFW WM64,Faces,0.37,,50,within_sampled_range,IU,143,95.83333333333334,runs/yin_single_noise_20260925/results/r21vgg2k_vgg16_bn_aa_s42/faces_rfwWM64/faces_rfwWM64/results.csv,IU
aa4,VGG2k / AA4,r21vgg2k_vgg16_bn_aa_s42,face_transfer,124,single_uu,RFW WM64,Faces,0.37,,50,within_sampled_range,IU,144,95.83333333333334,runs/yin_single_noise_20260925/results/r21vgg2k_vgg16_bn_aa_s42/faces_rfwWM64/faces_rfwWM64/results.csv,IU
aa4,VGG2k / AA4,r21vgg2k_vgg16_bn_aa_s42,face_transfer,124,single_uu,RFW WM64,Faces,0.37,,50,within_sampled_range,IU,145,87.5,runs/yin_single_noise_20260925/results/r21vgg2k_vgg16_bn_aa_s42/faces_rfwWM64/faces_rfwWM64/results.csv,IU
aa4,VGG2k / AA4,r21vgg2k_vgg16_bn_aa_s42,face_transfer,124,single_uu,RFW WM64,Faces,0.37,,50,within_sampled_range,IU,146,95.83333333333334,runs/yin_single_noise_20260925/results/r21vgg2k_vgg16_bn_aa_s42/faces_rfwWM64/faces_rfwWM64/results.csv,IU
aa4,VGG2k / AA4,r21vgg2k_vgg16_bn_aa_s42,face_transfer,124,single_uu,RFW WM64,Faces,0.37,,50,within_sampled_range,IU,147,91.66666666666666,runs/yin_single_noise_20260925/results/r21vgg2k_vgg16_bn_aa_s42/faces_rfwWM64/faces_rfwWM64/results.csv,IU
aa4,VGG2k / AA4,r21vgg2k_vgg16_bn_aa_s42,face_transfer,124,single_uu,RFW WM64,Faces,0.37,,50,within_sampled_range,IU,148,91.66666666666666,runs/yin_single_noise_20260925/results/r21vgg2k_vgg16_bn_aa_s42/faces_rfwWM64/faces_rfwWM64/results.csv,IU
aa4,VGG2k / AA4,r21vgg2k_vgg16_bn_aa_s42,face_transfer,124,single_uu,RFW WM64,Faces,0.37,,50,within_sampled_range,IU,149,87.5,runs/yin_single_noise_20260925/results/r21vgg2k_vgg16_bn_aa_s42/faces_rfwWM64/faces_rfwWM64/results.csv,IU
aa4,VGG2k / AA4,r21vgg2k_vgg16_bn_aa_s42,face_transfer,124,single_uu,RFW WM64,Faces,0.37,,50,within_sampled_range,IU,150,91.66666666666666,runs/yin_single_noise_20260925/results/r21vgg2k_vgg16_bn_aa_s42/faces_rfwWM64/faces_rfwWM64/results.csv,IU
aa4,VGG2k / AA4,r21vgg2k_vgg16_bn_aa_s42,face_transfer,124,two_cross,RFW WM64,Faces,0.37,0.4,50,within_sampled_range,UU,101,100.0,runs/yin_noise_matrix_20260926/results/r21vgg2k_vgg16_bn_aa_s42/faces_rfwWM64/faces_rfwWM64/results.csv,UU
aa4,VGG2k / AA4,r21vgg2k_vgg16_bn_aa_s42,face_transfer,124,two_cross,RFW WM64,Faces,0.37,0.4,50,within_sampled_range,UU,102,100.0,runs/yin_noise_matrix_20260926/results/r21vgg2k_vgg16_bn_aa_s42/faces_rfwWM64/faces_rfwWM64/results.csv,UU
aa4,VGG2k / AA4,r21vgg2k_vgg16_bn_aa_s42,face_transfer,124,two_cross,RFW WM64,Faces,0.37,0.4,50,within_sampled_range,UU,103,91.66666666666666,runs/yin_noise_matrix_20260926/results/r21vgg2k_vgg16_bn_aa_s42/faces_rfwWM64/faces_rfwWM64/results.csv,UU
aa4,VGG2k / AA4,r21vgg2k_vgg16_bn_aa_s42,face_transfer,124,two_cross,RFW WM64,Faces,0.37,0.4,50,within_sampled_range,UU,104,100.0,runs/yin_noise_matrix_20260926/results/r21vgg2k_vgg16_bn_aa_s42/faces_rfwWM64/faces_rfwWM64/results.csv,UU
aa4,VGG2k / AA4,r21vgg2k_vgg16_bn_aa_s42,face_transfer,124,two_cross,RFW WM64,Faces,0.37,0.4,50,within_sampled_range,UU,105,95.83333333333334,runs/yin_noise_matrix_20260926/results/r21vgg2k_vgg16_bn_aa_s42/faces_rfwWM64/faces_rfwWM64/results.csv,UU
aa4,VGG2k / AA4,r21vgg2k_vgg16_bn_aa_s42,face_transfer,124,two_cross,RFW WM64,Faces,0.37,0.4,50,within_sampled_range,UU,106,100.0,runs/yin_noise_matrix_20260926/results/r21vgg2k_vgg16_bn_aa_s42/faces_rfwWM64/faces_rfwWM64/results.csv,UU
aa4,VGG2k / AA4,r21vgg2k_vgg16_bn_aa_s42,face_transfer,124,two_cross,RFW WM64,Faces,0.37,0.4,50,within_sampled_range,UU,107,95.83333333333334,runs/yin_noise_matrix_20260926/results/r21vgg2k_vgg16_bn_aa_s42/faces_rfwWM64/faces_rfwWM64/results.csv,UU
aa4,VGG2k / AA4,r21vgg2k_vgg16_bn_aa_s42,face_transfer,124,two_cross,RFW WM64,Faces,0.37,0.4,50,within_sampled_range,UU,108,95.83333333333334,runs/yin_noise_matrix_20260926/results/r21vgg2k_vgg16_bn_aa_s42/faces_rfwWM64/faces_rfwWM64/results.csv,UU
aa4,VGG2k / AA4,r21vgg2k_vgg16_bn_aa_s42,face_transfer,124,two_cross,RFW WM64,Faces,0.37,0.4,50,within_sampled_range,UU,109,95.83333333333334,runs/yin_noise_matrix_20260926/results/r21vgg2k_vgg16_bn_aa_s42/faces_rfwWM64/faces_rfwWM64/results.csv,UU
aa4,VGG2k / AA4,r21vgg2k_vgg16_bn_aa_s42,face_transfer,124,two_cross,RFW WM64,Faces,0.37,0.4,50,within_sampled_range,UU,110,95.83333333333334,runs/yin_noise_matrix_20260926/results/r21vgg2k_vgg16_bn_aa_s42/faces_rfwWM64/faces_rfwWM64/results.csv,UU
aa4,VGG2k / AA4,r21vgg2k_vgg16_bn_aa_s42,face_transfer,124,two_cross,RFW WM64,Faces,0.37,0.4,50,within_sampled_range,UU,111,87.5,runs/yin_noise_matrix_20260926/results/r21vgg2k_vgg16_bn_aa_s42/faces_rfwWM64/faces_rfwWM64/results.csv,UU
aa4,VGG2k / AA4,r21vgg2k_vgg16_bn_aa_s42,face_transfer,124,two_cross,RFW WM64,Faces,0.37,0.4,50,within_sampled_range,UU,112,100.0,runs/yin_noise_matrix_20260926/results/r21vgg2k_vgg16_bn_aa_s42/faces_rfwWM64/faces_rfwWM64/results.csv,UU
aa4,VGG2k / AA4,r21vgg2k_vgg16_bn_aa_s42,face_transfer,124,two_cross,RFW WM64,Faces,0.37,0.4,50,within_sampled_range,UU,113,95.83333333333334,runs/yin_noise_matrix_20260926/results/r21vgg2k_vgg16_bn_aa_s42/faces_rfwWM64/faces_rfwWM64/results.csv,UU
aa4,VGG2k / AA4,r21vgg2k_vgg16_bn_aa_s42,face_transfer,124,two_cross,RFW WM64,Faces,0.37,0.4,50,within_sampled_range,UU,114,95.83333333333334,runs/yin_noise_matrix_20260926/results/r21vgg2k_vgg16_bn_aa_s42/faces_rfwWM64/faces_rfwWM64/results.csv,UU
aa4,VGG2k / AA4,r21vgg2k_vgg16_bn_aa_s42,face_transfer,124,two_cross,RFW WM64,Faces,0.37,0.4,50,within_sampled_range,UU,115,95.83333333333334,runs/yin_noise_matrix_20260926/results/r21vgg2k_vgg16_bn_aa_s42/faces_rfwWM64/faces_rfwWM64/results.csv,UU
aa4,VGG2k / AA4,r21vgg2k_vgg16_bn_aa_s42,face_transfer,124,two_cross,RFW WM64,Faces,0.37,0.4,50,within_sampled_range,UU,116,100.0,runs/yin_noise_matrix_20260926/results/r21vgg2k_vgg16_bn_aa_s42/faces_rfwWM64/faces_rfwWM64/results.csv,UU
aa4,VGG2k / AA4,r21vgg2k_vgg16_bn_aa_s42,face_transfer,124,two_cross,RFW WM64,Faces,0.37,0.4,50,within_sampled_range,UU,117,100.0,runs/yin_noise_matrix_20260926/results/r21vgg2k_vgg16_bn_aa_s42/faces_rfwWM64/faces_rfwWM64/results.csv,UU
aa4,VGG2k / AA4,r21vgg2k_vgg16_bn_aa_s42,face_transfer,124,two_cross,RFW WM64,Faces,0.37,0.4,50,within_sampled_range,UU,118,95.83333333333334,runs/yin_noise_matrix_20260926/results/r21vgg2k_vgg16_bn_aa_s42/faces_rfwWM64/faces_rfwWM64/results.csv,UU
aa4,VGG2k / AA4,r21vgg2k_vgg16_bn_aa_s42,face_transfer,124,two_cross,RFW WM64,Faces,0.37,0.4,50,within_sampled_range,UU,119,95.83333333333334,runs/yin_noise_matrix_20260926/results/r21vgg2k_vgg16_bn_aa_s42/faces_rfwWM64/faces_rfwWM64/results.csv,UU
aa4,VGG2k / AA4,r21vgg2k_vgg16_bn_aa_s42,face_transfer,124,two_cross,RFW WM64,Faces,0.37,0.4,50,within_sampled_range,UU,120,100.0,runs/yin_noise_matrix_20260926/results/r21vgg2k_vgg16_bn_aa_s42/faces_rfwWM64/faces_rfwWM64/results.csv,UU
aa4,VGG2k / AA4,r21vgg2k_vgg16_bn_aa_s42,face_transfer,124,two_cross,RFW WM64,Faces,0.37,0.4,50,within_sampled_range,UU,121,91.66666666666666,runs/yin_noise_matrix_20260926/results/r21vgg2k_vgg16_bn_aa_s42/faces_rfwWM64/faces_rfwWM64/results.csv,UU
aa4,VGG2k / AA4,r21vgg2k_vgg16_bn_aa_s42,face_transfer,124,two_cross,RFW WM64,Faces,0.37,0.4,50,within_sampled_range,UU,122,95.83333333333334,runs/yin_noise_matrix_20260926/results/r21vgg2k_vgg16_bn_aa_s42/faces_rfwWM64/faces_rfwWM64/results.csv,UU
aa4,VGG2k / AA4,r21vgg2k_vgg16_bn_aa_s42,face_transfer,124,two_cross,RFW WM64,Faces,0.37,0.4,50,within_sampled_range,UU,123,95.83333333333334,runs/yin_noise_matrix_20260926/results/r21vgg2k_vgg16_bn_aa_s42/faces_rfwWM64/faces_rfwWM64/results.csv,UU
aa4,VGG2k / AA4,r21vgg2k_vgg16_bn_aa_s42,face_transfer,124,two_cross,RFW WM64,Faces,0.37,0.4,50,within_sampled_range,UU,124,100.0,runs/yin_noise_matrix_20260926/results/r21vgg2k_vgg16_bn_aa_s42/faces_rfwWM64/faces_rfwWM64/results.csv,UU
aa4,VGG2k / AA4,r21vgg2k_vgg16_bn_aa_s42,face_transfer,124,two_cross,RFW WM64,Faces,0.37,0.4,50,within_sampled_range,UU,125,91.66666666666666,runs/yin_noise_matrix_20260926/results/r21vgg2k_vgg16_bn_aa_s42/faces_rfwWM64/faces_rfwWM64/results.csv,UU
aa4,VGG2k / AA4,r21vgg2k_vgg16_bn_aa_s42,face_transfer,124,two_cross,RFW WM64,Faces,0.37,0.4,50,within_sampled_range,UU,126,100.0,runs/yin_noise_matrix_20260926/results/r21vgg2k_vgg16_bn_aa_s42/faces_rfwWM64/faces_rfwWM64/results.csv,UU
aa4,VGG2k / AA4,r21vgg2k_vgg16_bn_aa_s42,face_transfer,124,two_cross,RFW WM64,Faces,0.37,0.4,50,within_sampled_range,UU,127,95.83333333333334,runs/yin_noise_matrix_20260926/results/r21vgg2k_vgg16_bn_aa_s42/faces_rfwWM64/faces_rfwWM64/results.csv,UU
aa4,VGG2k / AA4,r21vgg2k_vgg16_bn_aa_s42,face_transfer,124,two_cross,RFW WM64,Faces,0.37,0.4,50,within_sampled_range,UU,128,95.83333333333334,runs/yin_noise_matrix_20260926/results/r21vgg2k_vgg16_bn_aa_s42/faces_rfwWM64/faces_rfwWM64/results.csv,UU
aa4,VGG2k / AA4,r21vgg2k_vgg16_bn_aa_s42,face_transfer,124,two_cross,RFW WM64,Faces,0.37,0.4,50,within_sampled_range,UU,129,100.0,runs/yin_noise_matrix_20260926/results/r21vgg2k_vgg16_bn_aa_s42/faces_rfwWM64/faces_rfwWM64/results.csv,UU
aa4,VGG2k / AA4,r21vgg2k_vgg16_bn_aa_s42,face_transfer,124,two_cross,RFW WM64,Faces,0.37,0.4,50,within_sampled_range,UU,130,100.0,runs/yin_noise_matrix_20260926/results/r21vgg2k_vgg16_bn_aa_s42/faces_rfwWM64/faces_rfwWM64/results.csv,UU
aa4,VGG2k / AA4,r21vgg2k_vgg16_bn_aa_s42,face_transfer,124,two_cross,RFW WM64,Faces,0.37,0.4,50,within_sampled_range,UU,131,95.83333333333334,runs/yin_noise_matrix_20260926/results/r21vgg2k_vgg16_bn_aa_s42/faces_rfwWM64/faces_rfwWM64/results.csv,UU
aa4,VGG2k / AA4,r21vgg2k_vgg16_bn_aa_s42,face_transfer,124,two_cross,RFW WM64,Faces,0.37,0.4,50,within_sampled_range,UU,132,91.66666666666666,runs/yin_noise_matrix_20260926/results/r21vgg2k_vgg16_bn_aa_s42/faces_rfwWM64/faces_rfwWM64/results.csv,UU
aa4,VGG2k / AA4,r21vgg2k_vgg16_bn_aa_s42,face_transfer,124,two_cross,RFW WM64,Faces,0.37,0.4,50,within_sampled_range,UU,133,87.5,runs/yin_noise_matrix_20260926/results/r21vgg2k_vgg16_bn_aa_s42/faces_rfwWM64/faces_rfwWM64/results.csv,UU
aa4,VGG2k / AA4,r21vgg2k_vgg16_bn_aa_s42,face_transfer,124,two_cross,RFW WM64,Faces,0.37,0.4,50,within_sampled_range,UU,134,91.66666666666666,runs/yin_noise_matrix_20260926/results/r21vgg2k_vgg16_bn_aa_s42/faces_rfwWM64/faces_rfwWM64/results.csv,UU
aa4,VGG2k / AA4,r21vgg2k_vgg16_bn_aa_s42,face_transfer,124,two_cross,RFW WM64,Faces,0.37,0.4,50,within_sampled_range,UU,135,95.83333333333334,runs/yin_noise_matrix_20260926/results/r21vgg2k_vgg16_bn_aa_s42/faces_rfwWM64/faces_rfwWM64/results.csv,UU
aa4,VGG2k / AA4,r21vgg2k_vgg16_bn_aa_s42,face_transfer,124,two_cross,RFW WM64,Faces,0.37,0.4,50,within_sampled_range,UU,136,91.66666666666666,runs/yin_noise_matrix_20260926/results/r21vgg2k_vgg16_bn_aa_s42/faces_rfwWM64/faces_rfwWM64/results.csv,UU
aa4,VGG2k / AA4,r21vgg2k_vgg16_bn_aa_s42,face_transfer,124,two_cross,RFW WM64,Faces,0.37,0.4,50,within_sampled_range,UU,137,100.0,runs/yin_noise_matrix_20260926/results/r21vgg2k_vgg16_bn_aa_s42/faces_rfwWM64/faces_rfwWM64/results.csv,UU
aa4,VGG2k / AA4,r21vgg2k_vgg16_bn_aa_s42,face_transfer,124,two_cross,RFW WM64,Faces,0.37,0.4,50,within_sampled_range,UU,138,100.0,runs/yin_noise_matrix_20260926/results/r21vgg2k_vgg16_bn_aa_s42/faces_rfwWM64/faces_rfwWM64/results.csv,UU
aa4,VGG2k / AA4,r21vgg2k_vgg16_bn_aa_s42,face_transfer,124,two_cross,RFW WM64,Faces,0.37,0.4,50,within_sampled_range,UU,139,100.0,runs/yin_noise_matrix_20260926/results/r21vgg2k_vgg16_bn_aa_s42/faces_rfwWM64/faces_rfwWM64/results.csv,UU
aa4,VGG2k / AA4,r21vgg2k_vgg16_bn_aa_s42,face_transfer,124,two_cross,RFW WM64,Faces,0.37,0.4,50,within_sampled_range,UU,140,100.0,runs/yin_noise_matrix_20260926/results/r21vgg2k_vgg16_bn_aa_s42/faces_rfwWM64/faces_rfwWM64/results.csv,UU
aa4,VGG2k / AA4,r21vgg2k_vgg16_bn_aa_s42,face_transfer,124,two_cross,RFW WM64,Faces,0.37,0.4,50,within_sampled_range,UU,141,95.83333333333334,runs/yin_noise_matrix_20260926/results/r21vgg2k_vgg16_bn_aa_s42/faces_rfwWM64/faces_rfwWM64/results.csv,UU
aa4,VGG2k / AA4,r21vgg2k_vgg16_bn_aa_s42,face_transfer,124,two_cross,RFW WM64,Faces,0.37,0.4,50,within_sampled_range,UU,142,95.83333333333334,runs/yin_noise_matrix_20260926/results/r21vgg2k_vgg16_bn_aa_s42/faces_rfwWM64/faces_rfwWM64/results.csv,UU
aa4,VGG2k / AA4,r21vgg2k_vgg16_bn_aa_s42,face_transfer,124,two_cross,RFW WM64,Faces,0.37,0.4,50,within_sampled_range,UU,143,95.83333333333334,runs/yin_noise_matrix_20260926/results/r21vgg2k_vgg16_bn_aa_s42/faces_rfwWM64/faces_rfwWM64/results.csv,UU
aa4,VGG2k / AA4,r21vgg2k_vgg16_bn_aa_s42,face_transfer,124,two_cross,RFW WM64,Faces,0.37,0.4,50,within_sampled_range,UU,144,100.0,runs/yin_noise_matrix_20260926/results/r21vgg2k_vgg16_bn_aa_s42/faces_rfwWM64/faces_rfwWM64/results.csv,UU
aa4,VGG2k / AA4,r21vgg2k_vgg16_bn_aa_s42,face_transfer,124,two_cross,RFW WM64,Faces,0.37,0.4,50,within_sampled_range,UU,145,100.0,runs/yin_noise_matrix_20260926/results/r21vgg2k_vgg16_bn_aa_s42/faces_rfwWM64/faces_rfwWM64/results.csv,UU
aa4,VGG2k / AA4,r21vgg2k_vgg16_bn_aa_s42,face_transfer,124,two_cross,RFW WM64,Faces,0.37,0.4,50,within_sampled_range,UU,146,95.83333333333334,runs/yin_noise_matrix_20260926/results/r21vgg2k_vgg16_bn_aa_s42/faces_rfwWM64/faces_rfwWM64/results.csv,UU
aa4,VGG2k / AA4,r21vgg2k_vgg16_bn_aa_s42,face_transfer,124,two_cross,RFW WM64,Faces,0.37,0.4,50,within_sampled_range,UU,147,91.66666666666666,runs/yin_noise_matrix_20260926/results/r21vgg2k_vgg16_bn_aa_s42/faces_rfwWM64/faces_rfwWM64/results.csv,UU
aa4,VGG2k / AA4,r21vgg2k_vgg16_bn_aa_s42,face_transfer,124,two_cross,RFW WM64,Faces,0.37,0.4,50,within_sampled_range,UU,148,100.0,runs/yin_noise_matrix_20260926/results/r21vgg2k_vgg16_bn_aa_s42/faces_rfwWM64/faces_rfwWM64/results.csv,UU
aa4,VGG2k / AA4,r21vgg2k_vgg16_bn_aa_s42,face_transfer,124,two_cross,RFW WM64,Faces,0.37,0.4,50,within_sampled_range,UU,149,100.0,runs/yin_noise_matrix_20260926/results/r21vgg2k_vgg16_bn_aa_s42/faces_rfwWM64/faces_rfwWM64/results.csv,UU
aa4,VGG2k / AA4,r21vgg2k_vgg16_bn_aa_s42,face_transfer,124,two_cross,RFW WM64,Faces,0.37,0.4,50,within_sampled_range,UU,150,95.83333333333334,runs/yin_noise_matrix_20260926/results/r21vgg2k_vgg16_bn_aa_s42/faces_rfwWM64/faces_rfwWM64/results.csv,UU
aa4,VGG2k / AA4,r21vgg2k_vgg16_bn_aa_s42,face_transfer,124,two_cross,RFW WM64,Faces,0.37,0.4,50,within_sampled_range,II,101,91.66666666666666,runs/yin_noise_matrix_20260926/results/r21vgg2k_vgg16_bn_aa_s42/faces_rfwWM64/faces_rfwWM64/results.csv,II
aa4,VGG2k / AA4,r21vgg2k_vgg16_bn_aa_s42,face_transfer,124,two_cross,RFW WM64,Faces,0.37,0.4,50,within_sampled_range,II,102,87.5,runs/yin_noise_matrix_20260926/results/r21vgg2k_vgg16_bn_aa_s42/faces_rfwWM64/faces_rfwWM64/results.csv,II
aa4,VGG2k / AA4,r21vgg2k_vgg16_bn_aa_s42,face_transfer,124,two_cross,RFW WM64,Faces,0.37,0.4,50,within_sampled_range,II,103,79.16666666666666,runs/yin_noise_matrix_20260926/results/r21vgg2k_vgg16_bn_aa_s42/faces_rfwWM64/faces_rfwWM64/results.csv,II
aa4,VGG2k / AA4,r21vgg2k_vgg16_bn_aa_s42,face_transfer,124,two_cross,RFW WM64,Faces,0.37,0.4,50,within_sampled_range,II,104,83.33333333333334,runs/yin_noise_matrix_20260926/results/r21vgg2k_vgg16_bn_aa_s42/faces_rfwWM64/faces_rfwWM64/results.csv,II
aa4,VGG2k / AA4,r21vgg2k_vgg16_bn_aa_s42,face_transfer,124,two_cross,RFW WM64,Faces,0.37,0.4,50,within_sampled_range,II,105,87.5,runs/yin_noise_matrix_20260926/results/r21vgg2k_vgg16_bn_aa_s42/faces_rfwWM64/faces_rfwWM64/results.csv,II
aa4,VGG2k / AA4,r21vgg2k_vgg16_bn_aa_s42,face_transfer,124,two_cross,RFW WM64,Faces,0.37,0.4,50,within_sampled_range,II,106,79.16666666666666,runs/yin_noise_matrix_20260926/results/r21vgg2k_vgg16_bn_aa_s42/faces_rfwWM64/faces_rfwWM64/results.csv,II
aa4,VGG2k / AA4,r21vgg2k_vgg16_bn_aa_s42,face_transfer,124,two_cross,RFW WM64,Faces,0.37,0.4,50,within_sampled_range,II,107,70.83333333333334,runs/yin_noise_matrix_20260926/results/r21vgg2k_vgg16_bn_aa_s42/faces_rfwWM64/faces_rfwWM64/results.csv,II
aa4,VGG2k / AA4,r21vgg2k_vgg16_bn_aa_s42,face_transfer,124,two_cross,RFW WM64,Faces,0.37,0.4,50,within_sampled_range,II,108,91.66666666666666,runs/yin_noise_matrix_20260926/results/r21vgg2k_vgg16_bn_aa_s42/faces_rfwWM64/faces_rfwWM64/results.csv,II
aa4,VGG2k / AA4,r21vgg2k_vgg16_bn_aa_s42,face_transfer,124,two_cross,RFW WM64,Faces,0.37,0.4,50,within_sampled_range,II,109,75.0,runs/yin_noise_matrix_20260926/results/r21vgg2k_vgg16_bn_aa_s42/faces_rfwWM64/faces_rfwWM64/results.csv,II
aa4,VGG2k / AA4,r21vgg2k_vgg16_bn_aa_s42,face_transfer,124,two_cross,RFW WM64,Faces,0.37,0.4,50,within_sampled_range,II,110,75.0,runs/yin_noise_matrix_20260926/results/r21vgg2k_vgg16_bn_aa_s42/faces_rfwWM64/faces_rfwWM64/results.csv,II
aa4,VGG2k / AA4,r21vgg2k_vgg16_bn_aa_s42,face_transfer,124,two_cross,RFW WM64,Faces,0.37,0.4,50,within_sampled_range,II,111,91.66666666666666,runs/yin_noise_matrix_20260926/results/r21vgg2k_vgg16_bn_aa_s42/faces_rfwWM64/faces_rfwWM64/results.csv,II
aa4,VGG2k / AA4,r21vgg2k_vgg16_bn_aa_s42,face_transfer,124,two_cross,RFW WM64,Faces,0.37,0.4,50,within_sampled_range,II,112,87.5,runs/yin_noise_matrix_20260926/results/r21vgg2k_vgg16_bn_aa_s42/faces_rfwWM64/faces_rfwWM64/results.csv,II
aa4,VGG2k / AA4,r21vgg2k_vgg16_bn_aa_s42,face_transfer,124,two_cross,RFW WM64,Faces,0.37,0.4,50,within_sampled_range,II,113,58.333333333333336,runs/yin_noise_matrix_20260926/results/r21vgg2k_vgg16_bn_aa_s42/faces_rfwWM64/faces_rfwWM64/results.csv,II
aa4,VGG2k / AA4,r21vgg2k_vgg16_bn_aa_s42,face_transfer,124,two_cross,RFW WM64,Faces,0.37,0.4,50,within_sampled_range,II,114,83.33333333333334,runs/yin_noise_matrix_20260926/results/r21vgg2k_vgg16_bn_aa_s42/faces_rfwWM64/faces_rfwWM64/results.csv,II
aa4,VGG2k / AA4,r21vgg2k_vgg16_bn_aa_s42,face_transfer,124,two_cross,RFW WM64,Faces,0.37,0.4,50,within_sampled_range,II,115,79.16666666666666,runs/yin_noise_matrix_20260926/results/r21vgg2k_vgg16_bn_aa_s42/faces_rfwWM64/faces_rfwWM64/results.csv,II
aa4,VGG2k / AA4,r21vgg2k_vgg16_bn_aa_s42,face_transfer,124,two_cross,RFW WM64,Faces,0.37,0.4,50,within_sampled_range,II,116,79.16666666666666,runs/yin_noise_matrix_20260926/results/r21vgg2k_vgg16_bn_aa_s42/faces_rfwWM64/faces_rfwWM64/results.csv,II
aa4,VGG2k / AA4,r21vgg2k_vgg16_bn_aa_s42,face_transfer,124,two_cross,RFW WM64,Faces,0.37,0.4,50,within_sampled_range,II,117,79.16666666666666,runs/yin_noise_matrix_20260926/results/r21vgg2k_vgg16_bn_aa_s42/faces_rfwWM64/faces_rfwWM64/results.csv,II
aa4,VGG2k / AA4,r21vgg2k_vgg16_bn_aa_s42,face_transfer,124,two_cross,RFW WM64,Faces,0.37,0.4,50,within_sampled_range,II,118,83.33333333333334,runs/yin_noise_matrix_20260926/results/r21vgg2k_vgg16_bn_aa_s42/faces_rfwWM64/faces_rfwWM64/results.csv,II
aa4,VGG2k / AA4,r21vgg2k_vgg16_bn_aa_s42,face_transfer,124,two_cross,RFW WM64,Faces,0.37,0.4,50,within_sampled_range,II,119,95.83333333333334,runs/yin_noise_matrix_20260926/results/r21vgg2k_vgg16_bn_aa_s42/faces_rfwWM64/faces_rfwWM64/results.csv,II
aa4,VGG2k / AA4,r21vgg2k_vgg16_bn_aa_s42,face_transfer,124,two_cross,RFW WM64,Faces,0.37,0.4,50,within_sampled_range,II,120,87.5,runs/yin_noise_matrix_20260926/results/r21vgg2k_vgg16_bn_aa_s42/faces_rfwWM64/faces_rfwWM64/results.csv,II
aa4,VGG2k / AA4,r21vgg2k_vgg16_bn_aa_s42,face_transfer,124,two_cross,RFW WM64,Faces,0.37,0.4,50,within_sampled_range,II,121,79.16666666666666,runs/yin_noise_matrix_20260926/results/r21vgg2k_vgg16_bn_aa_s42/faces_rfwWM64/faces_rfwWM64/results.csv,II
aa4,VGG2k / AA4,r21vgg2k_vgg16_bn_aa_s42,face_transfer,124,two_cross,RFW WM64,Faces,0.37,0.4,50,within_sampled_range,II,122,87.5,runs/yin_noise_matrix_20260926/results/r21vgg2k_vgg16_bn_aa_s42/faces_rfwWM64/faces_rfwWM64/results.csv,II
aa4,VGG2k / AA4,r21vgg2k_vgg16_bn_aa_s42,face_transfer,124,two_cross,RFW WM64,Faces,0.37,0.4,50,within_sampled_range,II,123,91.66666666666666,runs/yin_noise_matrix_20260926/results/r21vgg2k_vgg16_bn_aa_s42/faces_rfwWM64/faces_rfwWM64/results.csv,II
aa4,VGG2k / AA4,r21vgg2k_vgg16_bn_aa_s42,face_transfer,124,two_cross,RFW WM64,Faces,0.37,0.4,50,within_sampled_range,II,124,79.16666666666666,runs/yin_noise_matrix_20260926/results/r21vgg2k_vgg16_bn_aa_s42/faces_rfwWM64/faces_rfwWM64/results.csv,II
aa4,VGG2k / AA4,r21vgg2k_vgg16_bn_aa_s42,face_transfer,124,two_cross,RFW WM64,Faces,0.37,0.4,50,within_sampled_range,II,125,75.0,runs/yin_noise_matrix_20260926/results/r21vgg2k_vgg16_bn_aa_s42/faces_rfwWM64/faces_rfwWM64/results.csv,II
aa4,VGG2k / AA4,r21vgg2k_vgg16_bn_aa_s42,face_transfer,124,two_cross,RFW WM64,Faces,0.37,0.4,50,within_sampled_range,II,126,75.0,runs/yin_noise_matrix_20260926/results/r21vgg2k_vgg16_bn_aa_s42/faces_rfwWM64/faces_rfwWM64/results.csv,II
aa4,VGG2k / AA4,r21vgg2k_vgg16_bn_aa_s42,face_transfer,124,two_cross,RFW WM64,Faces,0.37,0.4,50,within_sampled_range,II,127,79.16666666666666,runs/yin_noise_matrix_20260926/results/r21vgg2k_vgg16_bn_aa_s42/faces_rfwWM64/faces_rfwWM64/results.csv,II
aa4,VGG2k / AA4,r21vgg2k_vgg16_bn_aa_s42,face_transfer,124,two_cross,RFW WM64,Faces,0.37,0.4,50,within_sampled_range,II,128,83.33333333333334,runs/yin_noise_matrix_20260926/results/r21vgg2k_vgg16_bn_aa_s42/faces_rfwWM64/faces_rfwWM64/results.csv,II
aa4,VGG2k / AA4,r21vgg2k_vgg16_bn_aa_s42,face_transfer,124,two_cross,RFW WM64,Faces,0.37,0.4,50,within_sampled_range,II,129,75.0,runs/yin_noise_matrix_20260926/results/r21vgg2k_vgg16_bn_aa_s42/faces_rfwWM64/faces_rfwWM64/results.csv,II
aa4,VGG2k / AA4,r21vgg2k_vgg16_bn_aa_s42,face_transfer,124,two_cross,RFW WM64,Faces,0.37,0.4,50,within_sampled_range,II,130,58.333333333333336,runs/yin_noise_matrix_20260926/results/r21vgg2k_vgg16_bn_aa_s42/faces_rfwWM64/faces_rfwWM64/results.csv,II
aa4,VGG2k / AA4,r21vgg2k_vgg16_bn_aa_s42,face_transfer,124,two_cross,RFW WM64,Faces,0.37,0.4,50,within_sampled_range,II,131,66.66666666666666,runs/yin_noise_matrix_20260926/results/r21vgg2k_vgg16_bn_aa_s42/faces_rfwWM64/faces_rfwWM64/results.csv,II
aa4,VGG2k / AA4,r21vgg2k_vgg16_bn_aa_s42,face_transfer,124,two_cross,RFW WM64,Faces,0.37,0.4,50,within_sampled_range,II,132,83.33333333333334,runs/yin_noise_matrix_20260926/results/r21vgg2k_vgg16_bn_aa_s42/faces_rfwWM64/faces_rfwWM64/results.csv,II
aa4,VGG2k / AA4,r21vgg2k_vgg16_bn_aa_s42,face_transfer,124,two_cross,RFW WM64,Faces,0.37,0.4,50,within_sampled_range,II,133,79.16666666666666,runs/yin_noise_matrix_20260926/results/r21vgg2k_vgg16_bn_aa_s42/faces_rfwWM64/faces_rfwWM64/results.csv,II
aa4,VGG2k / AA4,r21vgg2k_vgg16_bn_aa_s42,face_transfer,124,two_cross,RFW WM64,Faces,0.37,0.4,50,within_sampled_range,II,134,83.33333333333334,runs/yin_noise_matrix_20260926/results/r21vgg2k_vgg16_bn_aa_s42/faces_rfwWM64/faces_rfwWM64/results.csv,II
aa4,VGG2k / AA4,r21vgg2k_vgg16_bn_aa_s42,face_transfer,124,two_cross,RFW WM64,Faces,0.37,0.4,50,within_sampled_range,II,135,70.83333333333334,runs/yin_noise_matrix_20260926/results/r21vgg2k_vgg16_bn_aa_s42/faces_rfwWM64/faces_rfwWM64/results.csv,II
aa4,VGG2k / AA4,r21vgg2k_vgg16_bn_aa_s42,face_transfer,124,two_cross,RFW WM64,Faces,0.37,0.4,50,within_sampled_range,II,136,83.33333333333334,runs/yin_noise_matrix_20260926/results/r21vgg2k_vgg16_bn_aa_s42/faces_rfwWM64/faces_rfwWM64/results.csv,II
aa4,VGG2k / AA4,r21vgg2k_vgg16_bn_aa_s42,face_transfer,124,two_cross,RFW WM64,Faces,0.37,0.4,50,within_sampled_range,II,137,70.83333333333334,runs/yin_noise_matrix_20260926/results/r21vgg2k_vgg16_bn_aa_s42/faces_rfwWM64/faces_rfwWM64/results.csv,II
aa4,VGG2k / AA4,r21vgg2k_vgg16_bn_aa_s42,face_transfer,124,two_cross,RFW WM64,Faces,0.37,0.4,50,within_sampled_range,II,138,95.83333333333334,runs/yin_noise_matrix_20260926/results/r21vgg2k_vgg16_bn_aa_s42/faces_rfwWM64/faces_rfwWM64/results.csv,II
aa4,VGG2k / AA4,r21vgg2k_vgg16_bn_aa_s42,face_transfer,124,two_cross,RFW WM64,Faces,0.37,0.4,50,within_sampled_range,II,139,95.83333333333334,runs/yin_noise_matrix_20260926/results/r21vgg2k_vgg16_bn_aa_s42/faces_rfwWM64/faces_rfwWM64/results.csv,II
aa4,VGG2k / AA4,r21vgg2k_vgg16_bn_aa_s42,face_transfer,124,two_cross,RFW WM64,Faces,0.37,0.4,50,within_sampled_range,II,140,70.83333333333334,runs/yin_noise_matrix_20260926/results/r21vgg2k_vgg16_bn_aa_s42/faces_rfwWM64/faces_rfwWM64/results.csv,II
aa4,VGG2k / AA4,r21vgg2k_vgg16_bn_aa_s42,face_transfer,124,two_cross,RFW WM64,Faces,0.37,0.4,50,within_sampled_range,II,141,87.5,runs/yin_noise_matrix_20260926/results/r21vgg2k_vgg16_bn_aa_s42/faces_rfwWM64/faces_rfwWM64/results.csv,II
aa4,VGG2k / AA4,r21vgg2k_vgg16_bn_aa_s42,face_transfer,124,two_cross,RFW WM64,Faces,0.37,0.4,50,within_sampled_range,II,142,70.83333333333334,runs/yin_noise_matrix_20260926/results/r21vgg2k_vgg16_bn_aa_s42/faces_rfwWM64/faces_rfwWM64/results.csv,II
aa4,VGG2k / AA4,r21vgg2k_vgg16_bn_aa_s42,face_transfer,124,two_cross,RFW WM64,Faces,0.37,0.4,50,within_sampled_range,II,143,70.83333333333334,runs/yin_noise_matrix_20260926/results/r21vgg2k_vgg16_bn_aa_s42/faces_rfwWM64/faces_rfwWM64/results.csv,II
aa4,VGG2k / AA4,r21vgg2k_vgg16_bn_aa_s42,face_transfer,124,two_cross,RFW WM64,Faces,0.37,0.4,50,within_sampled_range,II,144,66.66666666666666,runs/yin_noise_matrix_20260926/results/r21vgg2k_vgg16_bn_aa_s42/faces_rfwWM64/faces_rfwWM64/results.csv,II
aa4,VGG2k / AA4,r21vgg2k_vgg16_bn_aa_s42,face_transfer,124,two_cross,RFW WM64,Faces,0.37,0.4,50,within_sampled_range,II,145,87.5,runs/yin_noise_matrix_20260926/results/r21vgg2k_vgg16_bn_aa_s42/faces_rfwWM64/faces_rfwWM64/results.csv,II
aa4,VGG2k / AA4,r21vgg2k_vgg16_bn_aa_s42,face_transfer,124,two_cross,RFW WM64,Faces,0.37,0.4,50,within_sampled_range,II,146,83.33333333333334,runs/yin_noise_matrix_20260926/results/r21vgg2k_vgg16_bn_aa_s42/faces_rfwWM64/faces_rfwWM64/results.csv,II
aa4,VGG2k / AA4,r21vgg2k_vgg16_bn_aa_s42,face_transfer,124,two_cross,RFW WM64,Faces,0.37,0.4,50,within_sampled_range,II,147,79.16666666666666,runs/yin_noise_matrix_20260926/results/r21vgg2k_vgg16_bn_aa_s42/faces_rfwWM64/faces_rfwWM64/results.csv,II
aa4,VGG2k / AA4,r21vgg2k_vgg16_bn_aa_s42,face_transfer,124,two_cross,RFW WM64,Faces,0.37,0.4,50,within_sampled_range,II,148,79.16666666666666,runs/yin_noise_matrix_20260926/results/r21vgg2k_vgg16_bn_aa_s42/faces_rfwWM64/faces_rfwWM64/results.csv,II
aa4,VGG2k / AA4,r21vgg2k_vgg16_bn_aa_s42,face_transfer,124,two_cross,RFW WM64,Faces,0.37,0.4,50,within_sampled_range,II,149,91.66666666666666,runs/yin_noise_matrix_20260926/results/r21vgg2k_vgg16_bn_aa_s42/faces_rfwWM64/faces_rfwWM64/results.csv,II
aa4,VGG2k / AA4,r21vgg2k_vgg16_bn_aa_s42,face_transfer,124,two_cross,RFW WM64,Faces,0.37,0.4,50,within_sampled_range,II,150,87.5,runs/yin_noise_matrix_20260926/results/r21vgg2k_vgg16_bn_aa_s42/faces_rfwWM64/faces_rfwWM64/results.csv,II
aa4,VGG2k / AA4,r21vgg2k_vgg16_bn_aa_s42,face_transfer,124,two_cross,RFW WM64,Faces,0.37,0.4,50,within_sampled_range,UI,101,91.66666666666666,runs/yin_noise_matrix_20260926/results/r21vgg2k_vgg16_bn_aa_s42/faces_rfwWM64/faces_rfwWM64/results.csv,UI_cross
aa4,VGG2k / AA4,r21vgg2k_vgg16_bn_aa_s42,face_transfer,124,two_cross,RFW WM64,Faces,0.37,0.4,50,within_sampled_range,UI,102,83.33333333333334,runs/yin_noise_matrix_20260926/results/r21vgg2k_vgg16_bn_aa_s42/faces_rfwWM64/faces_rfwWM64/results.csv,UI_cross
aa4,VGG2k / AA4,r21vgg2k_vgg16_bn_aa_s42,face_transfer,124,two_cross,RFW WM64,Faces,0.37,0.4,50,within_sampled_range,UI,103,79.16666666666666,runs/yin_noise_matrix_20260926/results/r21vgg2k_vgg16_bn_aa_s42/faces_rfwWM64/faces_rfwWM64/results.csv,UI_cross
aa4,VGG2k / AA4,r21vgg2k_vgg16_bn_aa_s42,face_transfer,124,two_cross,RFW WM64,Faces,0.37,0.4,50,within_sampled_range,UI,104,91.66666666666666,runs/yin_noise_matrix_20260926/results/r21vgg2k_vgg16_bn_aa_s42/faces_rfwWM64/faces_rfwWM64/results.csv,UI_cross
aa4,VGG2k / AA4,r21vgg2k_vgg16_bn_aa_s42,face_transfer,124,two_cross,RFW WM64,Faces,0.37,0.4,50,within_sampled_range,UI,105,66.66666666666666,runs/yin_noise_matrix_20260926/results/r21vgg2k_vgg16_bn_aa_s42/faces_rfwWM64/faces_rfwWM64/results.csv,UI_cross
aa4,VGG2k / AA4,r21vgg2k_vgg16_bn_aa_s42,face_transfer,124,two_cross,RFW WM64,Faces,0.37,0.4,50,within_sampled_range,UI,106,100.0,runs/yin_noise_matrix_20260926/results/r21vgg2k_vgg16_bn_aa_s42/faces_rfwWM64/faces_rfwWM64/results.csv,UI_cross
aa4,VGG2k / AA4,r21vgg2k_vgg16_bn_aa_s42,face_transfer,124,two_cross,RFW WM64,Faces,0.37,0.4,50,within_sampled_range,UI,107,95.83333333333334,runs/yin_noise_matrix_20260926/results/r21vgg2k_vgg16_bn_aa_s42/faces_rfwWM64/faces_rfwWM64/results.csv,UI_cross
aa4,VGG2k / AA4,r21vgg2k_vgg16_bn_aa_s42,face_transfer,124,two_cross,RFW WM64,Faces,0.37,0.4,50,within_sampled_range,UI,108,83.33333333333334,runs/yin_noise_matrix_20260926/results/r21vgg2k_vgg16_bn_aa_s42/faces_rfwWM64/faces_rfwWM64/results.csv,UI_cross
aa4,VGG2k / AA4,r21vgg2k_vgg16_bn_aa_s42,face_transfer,124,two_cross,RFW WM64,Faces,0.37,0.4,50,within_sampled_range,UI,109,91.66666666666666,runs/yin_noise_matrix_20260926/results/r21vgg2k_vgg16_bn_aa_s42/faces_rfwWM64/faces_rfwWM64/results.csv,UI_cross
aa4,VGG2k / AA4,r21vgg2k_vgg16_bn_aa_s42,face_transfer,124,two_cross,RFW WM64,Faces,0.37,0.4,50,within_sampled_range,UI,110,91.66666666666666,runs/yin_noise_matrix_20260926/results/r21vgg2k_vgg16_bn_aa_s42/faces_rfwWM64/faces_rfwWM64/results.csv,UI_cross
aa4,VGG2k / AA4,r21vgg2k_vgg16_bn_aa_s42,face_transfer,124,two_cross,RFW WM64,Faces,0.37,0.4,50,within_sampled_range,UI,111,87.5,runs/yin_noise_matrix_20260926/results/r21vgg2k_vgg16_bn_aa_s42/faces_rfwWM64/faces_rfwWM64/results.csv,UI_cross
aa4,VGG2k / AA4,r21vgg2k_vgg16_bn_aa_s42,face_transfer,124,two_cross,RFW WM64,Faces,0.37,0.4,50,within_sampled_range,UI,112,79.16666666666666,runs/yin_noise_matrix_20260926/results/r21vgg2k_vgg16_bn_aa_s42/faces_rfwWM64/faces_rfwWM64/results.csv,UI_cross
aa4,VGG2k / AA4,r21vgg2k_vgg16_bn_aa_s42,face_transfer,124,two_cross,RFW WM64,Faces,0.37,0.4,50,within_sampled_range,UI,113,87.5,runs/yin_noise_matrix_20260926/results/r21vgg2k_vgg16_bn_aa_s42/faces_rfwWM64/faces_rfwWM64/results.csv,UI_cross
aa4,VGG2k / AA4,r21vgg2k_vgg16_bn_aa_s42,face_transfer,124,two_cross,RFW WM64,Faces,0.37,0.4,50,within_sampled_range,UI,114,83.33333333333334,runs/yin_noise_matrix_20260926/results/r21vgg2k_vgg16_bn_aa_s42/faces_rfwWM64/faces_rfwWM64/results.csv,UI_cross
aa4,VGG2k / AA4,r21vgg2k_vgg16_bn_aa_s42,face_transfer,124,two_cross,RFW WM64,Faces,0.37,0.4,50,within_sampled_range,UI,115,83.33333333333334,runs/yin_noise_matrix_20260926/results/r21vgg2k_vgg16_bn_aa_s42/faces_rfwWM64/faces_rfwWM64/results.csv,UI_cross
aa4,VGG2k / AA4,r21vgg2k_vgg16_bn_aa_s42,face_transfer,124,two_cross,RFW WM64,Faces,0.37,0.4,50,within_sampled_range,UI,116,91.66666666666666,runs/yin_noise_matrix_20260926/results/r21vgg2k_vgg16_bn_aa_s42/faces_rfwWM64/faces_rfwWM64/results.csv,UI_cross
aa4,VGG2k / AA4,r21vgg2k_vgg16_bn_aa_s42,face_transfer,124,two_cross,RFW WM64,Faces,0.37,0.4,50,within_sampled_range,UI,117,91.66666666666666,runs/yin_noise_matrix_20260926/results/r21vgg2k_vgg16_bn_aa_s42/faces_rfwWM64/faces_rfwWM64/results.csv,UI_cross
aa4,VGG2k / AA4,r21vgg2k_vgg16_bn_aa_s42,face_transfer,124,two_cross,RFW WM64,Faces,0.37,0.4,50,within_sampled_range,UI,118,91.66666666666666,runs/yin_noise_matrix_20260926/results/r21vgg2k_vgg16_bn_aa_s42/faces_rfwWM64/faces_rfwWM64/results.csv,UI_cross
aa4,VGG2k / AA4,r21vgg2k_vgg16_bn_aa_s42,face_transfer,124,two_cross,RFW WM64,Faces,0.37,0.4,50,within_sampled_range,UI,119,91.66666666666666,runs/yin_noise_matrix_20260926/results/r21vgg2k_vgg16_bn_aa_s42/faces_rfwWM64/faces_rfwWM64/results.csv,UI_cross
aa4,VGG2k / AA4,r21vgg2k_vgg16_bn_aa_s42,face_transfer,124,two_cross,RFW WM64,Faces,0.37,0.4,50,within_sampled_range,UI,120,83.33333333333334,runs/yin_noise_matrix_20260926/results/r21vgg2k_vgg16_bn_aa_s42/faces_rfwWM64/faces_rfwWM64/results.csv,UI_cross
aa4,VGG2k / AA4,r21vgg2k_vgg16_bn_aa_s42,face_transfer,124,two_cross,RFW WM64,Faces,0.37,0.4,50,within_sampled_range,UI,121,75.0,runs/yin_noise_matrix_20260926/results/r21vgg2k_vgg16_bn_aa_s42/faces_rfwWM64/faces_rfwWM64/results.csv,UI_cross
aa4,VGG2k / AA4,r21vgg2k_vgg16_bn_aa_s42,face_transfer,124,two_cross,RFW WM64,Faces,0.37,0.4,50,within_sampled_range,UI,122,87.5,runs/yin_noise_matrix_20260926/results/r21vgg2k_vgg16_bn_aa_s42/faces_rfwWM64/faces_rfwWM64/results.csv,UI_cross
aa4,VGG2k / AA4,r21vgg2k_vgg16_bn_aa_s42,face_transfer,124,two_cross,RFW WM64,Faces,0.37,0.4,50,within_sampled_range,UI,123,87.5,runs/yin_noise_matrix_20260926/results/r21vgg2k_vgg16_bn_aa_s42/faces_rfwWM64/faces_rfwWM64/results.csv,UI_cross
aa4,VGG2k / AA4,r21vgg2k_vgg16_bn_aa_s42,face_transfer,124,two_cross,RFW WM64,Faces,0.37,0.4,50,within_sampled_range,UI,124,83.33333333333334,runs/yin_noise_matrix_20260926/results/r21vgg2k_vgg16_bn_aa_s42/faces_rfwWM64/faces_rfwWM64/results.csv,UI_cross
aa4,VGG2k / AA4,r21vgg2k_vgg16_bn_aa_s42,face_transfer,124,two_cross,RFW WM64,Faces,0.37,0.4,50,within_sampled_range,UI,125,70.83333333333334,runs/yin_noise_matrix_20260926/results/r21vgg2k_vgg16_bn_aa_s42/faces_rfwWM64/faces_rfwWM64/results.csv,UI_cross
aa4,VGG2k / AA4,r21vgg2k_vgg16_bn_aa_s42,face_transfer,124,two_cross,RFW WM64,Faces,0.37,0.4,50,within_sampled_range,UI,126,87.5,runs/yin_noise_matrix_20260926/results/r21vgg2k_vgg16_bn_aa_s42/faces_rfwWM64/faces_rfwWM64/results.csv,UI_cross
aa4,VGG2k / AA4,r21vgg2k_vgg16_bn_aa_s42,face_transfer,124,two_cross,RFW WM64,Faces,0.37,0.4,50,within_sampled_range,UI,127,75.0,runs/yin_noise_matrix_20260926/results/r21vgg2k_vgg16_bn_aa_s42/faces_rfwWM64/faces_rfwWM64/results.csv,UI_cross
aa4,VGG2k / AA4,r21vgg2k_vgg16_bn_aa_s42,face_transfer,124,two_cross,RFW WM64,Faces,0.37,0.4,50,within_sampled_range,UI,128,91.66666666666666,runs/yin_noise_matrix_20260926/results/r21vgg2k_vgg16_bn_aa_s42/faces_rfwWM64/faces_rfwWM64/results.csv,UI_cross
aa4,VGG2k / AA4,r21vgg2k_vgg16_bn_aa_s42,face_transfer,124,two_cross,RFW WM64,Faces,0.37,0.4,50,within_sampled_range,UI,129,91.66666666666666,runs/yin_noise_matrix_20260926/results/r21vgg2k_vgg16_bn_aa_s42/faces_rfwWM64/faces_rfwWM64/results.csv,UI_cross
aa4,VGG2k / AA4,r21vgg2k_vgg16_bn_aa_s42,face_transfer,124,two_cross,RFW WM64,Faces,0.37,0.4,50,within_sampled_range,UI,130,87.5,runs/yin_noise_matrix_20260926/results/r21vgg2k_vgg16_bn_aa_s42/faces_rfwWM64/faces_rfwWM64/results.csv,UI_cross
aa4,VGG2k / AA4,r21vgg2k_vgg16_bn_aa_s42,face_transfer,124,two_cross,RFW WM64,Faces,0.37,0.4,50,within_sampled_range,UI,131,91.66666666666666,runs/yin_noise_matrix_20260926/results/r21vgg2k_vgg16_bn_aa_s42/faces_rfwWM64/faces_rfwWM64/results.csv,UI_cross
aa4,VGG2k / AA4,r21vgg2k_vgg16_bn_aa_s42,face_transfer,124,two_cross,RFW WM64,Faces,0.37,0.4,50,within_sampled_range,UI,132,91.66666666666666,runs/yin_noise_matrix_20260926/results/r21vgg2k_vgg16_bn_aa_s42/faces_rfwWM64/faces_rfwWM64/results.csv,UI_cross
aa4,VGG2k / AA4,r21vgg2k_vgg16_bn_aa_s42,face_transfer,124,two_cross,RFW WM64,Faces,0.37,0.4,50,within_sampled_range,UI,133,83.33333333333334,runs/yin_noise_matrix_20260926/results/r21vgg2k_vgg16_bn_aa_s42/faces_rfwWM64/faces_rfwWM64/results.csv,UI_cross
aa4,VGG2k / AA4,r21vgg2k_vgg16_bn_aa_s42,face_transfer,124,two_cross,RFW WM64,Faces,0.37,0.4,50,within_sampled_range,UI,134,91.66666666666666,runs/yin_noise_matrix_20260926/results/r21vgg2k_vgg16_bn_aa_s42/faces_rfwWM64/faces_rfwWM64/results.csv,UI_cross
aa4,VGG2k / AA4,r21vgg2k_vgg16_bn_aa_s42,face_transfer,124,two_cross,RFW WM64,Faces,0.37,0.4,50,within_sampled_range,UI,135,83.33333333333334,runs/yin_noise_matrix_20260926/results/r21vgg2k_vgg16_bn_aa_s42/faces_rfwWM64/faces_rfwWM64/results.csv,UI_cross
aa4,VGG2k / AA4,r21vgg2k_vgg16_bn_aa_s42,face_transfer,124,two_cross,RFW WM64,Faces,0.37,0.4,50,within_sampled_range,UI,136,87.5,runs/yin_noise_matrix_20260926/results/r21vgg2k_vgg16_bn_aa_s42/faces_rfwWM64/faces_rfwWM64/results.csv,UI_cross
aa4,VGG2k / AA4,r21vgg2k_vgg16_bn_aa_s42,face_transfer,124,two_cross,RFW WM64,Faces,0.37,0.4,50,within_sampled_range,UI,137,83.33333333333334,runs/yin_noise_matrix_20260926/results/r21vgg2k_vgg16_bn_aa_s42/faces_rfwWM64/faces_rfwWM64/results.csv,UI_cross
aa4,VGG2k / AA4,r21vgg2k_vgg16_bn_aa_s42,face_transfer,124,two_cross,RFW WM64,Faces,0.37,0.4,50,within_sampled_range,UI,138,83.33333333333334,runs/yin_noise_matrix_20260926/results/r21vgg2k_vgg16_bn_aa_s42/faces_rfwWM64/faces_rfwWM64/results.csv,UI_cross
aa4,VGG2k / AA4,r21vgg2k_vgg16_bn_aa_s42,face_transfer,124,two_cross,RFW WM64,Faces,0.37,0.4,50,within_sampled_range,UI,139,70.83333333333334,runs/yin_noise_matrix_20260926/results/r21vgg2k_vgg16_bn_aa_s42/faces_rfwWM64/faces_rfwWM64/results.csv,UI_cross
aa4,VGG2k / AA4,r21vgg2k_vgg16_bn_aa_s42,face_transfer,124,two_cross,RFW WM64,Faces,0.37,0.4,50,within_sampled_range,UI,140,83.33333333333334,runs/yin_noise_matrix_20260926/results/r21vgg2k_vgg16_bn_aa_s42/faces_rfwWM64/faces_rfwWM64/results.csv,UI_cross
aa4,VGG2k / AA4,r21vgg2k_vgg16_bn_aa_s42,face_transfer,124,two_cross,RFW WM64,Faces,0.37,0.4,50,within_sampled_range,UI,141,83.33333333333334,runs/yin_noise_matrix_20260926/results/r21vgg2k_vgg16_bn_aa_s42/faces_rfwWM64/faces_rfwWM64/results.csv,UI_cross
aa4,VGG2k / AA4,r21vgg2k_vgg16_bn_aa_s42,face_transfer,124,two_cross,RFW WM64,Faces,0.37,0.4,50,within_sampled_range,UI,142,87.5,runs/yin_noise_matrix_20260926/results/r21vgg2k_vgg16_bn_aa_s42/faces_rfwWM64/faces_rfwWM64/results.csv,UI_cross
aa4,VGG2k / AA4,r21vgg2k_vgg16_bn_aa_s42,face_transfer,124,two_cross,RFW WM64,Faces,0.37,0.4,50,within_sampled_range,UI,143,83.33333333333334,runs/yin_noise_matrix_20260926/results/r21vgg2k_vgg16_bn_aa_s42/faces_rfwWM64/faces_rfwWM64/results.csv,UI_cross
aa4,VGG2k / AA4,r21vgg2k_vgg16_bn_aa_s42,face_transfer,124,two_cross,RFW WM64,Faces,0.37,0.4,50,within_sampled_range,UI,144,95.83333333333334,runs/yin_noise_matrix_20260926/results/r21vgg2k_vgg16_bn_aa_s42/faces_rfwWM64/faces_rfwWM64/results.csv,UI_cross
aa4,VGG2k / AA4,r21vgg2k_vgg16_bn_aa_s42,face_transfer,124,two_cross,RFW WM64,Faces,0.37,0.4,50,within_sampled_range,UI,145,87.5,runs/yin_noise_matrix_20260926/results/r21vgg2k_vgg16_bn_aa_s42/faces_rfwWM64/faces_rfwWM64/results.csv,UI_cross
aa4,VGG2k / AA4,r21vgg2k_vgg16_bn_aa_s42,face_transfer,124,two_cross,RFW WM64,Faces,0.37,0.4,50,within_sampled_range,UI,146,87.5,runs/yin_noise_matrix_20260926/results/r21vgg2k_vgg16_bn_aa_s42/faces_rfwWM64/faces_rfwWM64/results.csv,UI_cross
aa4,VGG2k / AA4,r21vgg2k_vgg16_bn_aa_s42,face_transfer,124,two_cross,RFW WM64,Faces,0.37,0.4,50,within_sampled_range,UI,147,83.33333333333334,runs/yin_noise_matrix_20260926/results/r21vgg2k_vgg16_bn_aa_s42/faces_rfwWM64/faces_rfwWM64/results.csv,UI_cross
aa4,VGG2k / AA4,r21vgg2k_vgg16_bn_aa_s42,face_transfer,124,two_cross,RFW WM64,Faces,0.37,0.4,50,within_sampled_range,UI,148,87.5,runs/yin_noise_matrix_20260926/results/r21vgg2k_vgg16_bn_aa_s42/faces_rfwWM64/faces_rfwWM64/results.csv,UI_cross
aa4,VGG2k / AA4,r21vgg2k_vgg16_bn_aa_s42,face_transfer,124,two_cross,RFW WM64,Faces,0.37,0.4,50,within_sampled_range,UI,149,79.16666666666666,runs/yin_noise_matrix_20260926/results/r21vgg2k_vgg16_bn_aa_s42/faces_rfwWM64/faces_rfwWM64/results.csv,UI_cross
aa4,VGG2k / AA4,r21vgg2k_vgg16_bn_aa_s42,face_transfer,124,two_cross,RFW WM64,Faces,0.37,0.4,50,within_sampled_range,UI,150,70.83333333333334,runs/yin_noise_matrix_20260926/results/r21vgg2k_vgg16_bn_aa_s42/faces_rfwWM64/faces_rfwWM64/results.csv,UI_cross
aa4,VGG2k / AA4,r21vgg2k_vgg16_bn_aa_s42,face_transfer,124,two_cross,RFW WM64,Faces,0.37,0.4,50,within_sampled_range,IU,101,75.0,runs/yin_noise_matrix_20260926/results/r21vgg2k_vgg16_bn_aa_s42/faces_rfwWM64/faces_rfwWM64/results.csv,IU
aa4,VGG2k / AA4,r21vgg2k_vgg16_bn_aa_s42,face_transfer,124,two_cross,RFW WM64,Faces,0.37,0.4,50,within_sampled_range,IU,102,79.16666666666666,runs/yin_noise_matrix_20260926/results/r21vgg2k_vgg16_bn_aa_s42/faces_rfwWM64/faces_rfwWM64/results.csv,IU
aa4,VGG2k / AA4,r21vgg2k_vgg16_bn_aa_s42,face_transfer,124,two_cross,RFW WM64,Faces,0.37,0.4,50,within_sampled_range,IU,103,87.5,runs/yin_noise_matrix_20260926/results/r21vgg2k_vgg16_bn_aa_s42/faces_rfwWM64/faces_rfwWM64/results.csv,IU
aa4,VGG2k / AA4,r21vgg2k_vgg16_bn_aa_s42,face_transfer,124,two_cross,RFW WM64,Faces,0.37,0.4,50,within_sampled_range,IU,104,83.33333333333334,runs/yin_noise_matrix_20260926/results/r21vgg2k_vgg16_bn_aa_s42/faces_rfwWM64/faces_rfwWM64/results.csv,IU
aa4,VGG2k / AA4,r21vgg2k_vgg16_bn_aa_s42,face_transfer,124,two_cross,RFW WM64,Faces,0.37,0.4,50,within_sampled_range,IU,105,70.83333333333334,runs/yin_noise_matrix_20260926/results/r21vgg2k_vgg16_bn_aa_s42/faces_rfwWM64/faces_rfwWM64/results.csv,IU
aa4,VGG2k / AA4,r21vgg2k_vgg16_bn_aa_s42,face_transfer,124,two_cross,RFW WM64,Faces,0.37,0.4,50,within_sampled_range,IU,106,83.33333333333334,runs/yin_noise_matrix_20260926/results/r21vgg2k_vgg16_bn_aa_s42/faces_rfwWM64/faces_rfwWM64/results.csv,IU
aa4,VGG2k / AA4,r21vgg2k_vgg16_bn_aa_s42,face_transfer,124,two_cross,RFW WM64,Faces,0.37,0.4,50,within_sampled_range,IU,107,91.66666666666666,runs/yin_noise_matrix_20260926/results/r21vgg2k_vgg16_bn_aa_s42/faces_rfwWM64/faces_rfwWM64/results.csv,IU
aa4,VGG2k / AA4,r21vgg2k_vgg16_bn_aa_s42,face_transfer,124,two_cross,RFW WM64,Faces,0.37,0.4,50,within_sampled_range,IU,108,79.16666666666666,runs/yin_noise_matrix_20260926/results/r21vgg2k_vgg16_bn_aa_s42/faces_rfwWM64/faces_rfwWM64/results.csv,IU
aa4,VGG2k / AA4,r21vgg2k_vgg16_bn_aa_s42,face_transfer,124,two_cross,RFW WM64,Faces,0.37,0.4,50,within_sampled_range,IU,109,87.5,runs/yin_noise_matrix_20260926/results/r21vgg2k_vgg16_bn_aa_s42/faces_rfwWM64/faces_rfwWM64/results.csv,IU
aa4,VGG2k / AA4,r21vgg2k_vgg16_bn_aa_s42,face_transfer,124,two_cross,RFW WM64,Faces,0.37,0.4,50,within_sampled_range,IU,110,87.5,runs/yin_noise_matrix_20260926/results/r21vgg2k_vgg16_bn_aa_s42/faces_rfwWM64/faces_rfwWM64/results.csv,IU
aa4,VGG2k / AA4,r21vgg2k_vgg16_bn_aa_s42,face_transfer,124,two_cross,RFW WM64,Faces,0.37,0.4,50,within_sampled_range,IU,111,79.16666666666666,runs/yin_noise_matrix_20260926/results/r21vgg2k_vgg16_bn_aa_s42/faces_rfwWM64/faces_rfwWM64/results.csv,IU
aa4,VGG2k / AA4,r21vgg2k_vgg16_bn_aa_s42,face_transfer,124,two_cross,RFW WM64,Faces,0.37,0.4,50,within_sampled_range,IU,112,91.66666666666666,runs/yin_noise_matrix_20260926/results/r21vgg2k_vgg16_bn_aa_s42/faces_rfwWM64/faces_rfwWM64/results.csv,IU
aa4,VGG2k / AA4,r21vgg2k_vgg16_bn_aa_s42,face_transfer,124,two_cross,RFW WM64,Faces,0.37,0.4,50,within_sampled_range,IU,113,83.33333333333334,runs/yin_noise_matrix_20260926/results/r21vgg2k_vgg16_bn_aa_s42/faces_rfwWM64/faces_rfwWM64/results.csv,IU
aa4,VGG2k / AA4,r21vgg2k_vgg16_bn_aa_s42,face_transfer,124,two_cross,RFW WM64,Faces,0.37,0.4,50,within_sampled_range,IU,114,79.16666666666666,runs/yin_noise_matrix_20260926/results/r21vgg2k_vgg16_bn_aa_s42/faces_rfwWM64/faces_rfwWM64/results.csv,IU
aa4,VGG2k / AA4,r21vgg2k_vgg16_bn_aa_s42,face_transfer,124,two_cross,RFW WM64,Faces,0.37,0.4,50,within_sampled_range,IU,115,91.66666666666666,runs/yin_noise_matrix_20260926/results/r21vgg2k_vgg16_bn_aa_s42/faces_rfwWM64/faces_rfwWM64/results.csv,IU
aa4,VGG2k / AA4,r21vgg2k_vgg16_bn_aa_s42,face_transfer,124,two_cross,RFW WM64,Faces,0.37,0.4,50,within_sampled_range,IU,116,91.66666666666666,runs/yin_noise_matrix_20260926/results/r21vgg2k_vgg16_bn_aa_s42/faces_rfwWM64/faces_rfwWM64/results.csv,IU
aa4,VGG2k / AA4,r21vgg2k_vgg16_bn_aa_s42,face_transfer,124,two_cross,RFW WM64,Faces,0.37,0.4,50,within_sampled_range,IU,117,70.83333333333334,runs/yin_noise_matrix_20260926/results/r21vgg2k_vgg16_bn_aa_s42/faces_rfwWM64/faces_rfwWM64/results.csv,IU
aa4,VGG2k / AA4,r21vgg2k_vgg16_bn_aa_s42,face_transfer,124,two_cross,RFW WM64,Faces,0.37,0.4,50,within_sampled_range,IU,118,79.16666666666666,runs/yin_noise_matrix_20260926/results/r21vgg2k_vgg16_bn_aa_s42/faces_rfwWM64/faces_rfwWM64/results.csv,IU
aa4,VGG2k / AA4,r21vgg2k_vgg16_bn_aa_s42,face_transfer,124,two_cross,RFW WM64,Faces,0.37,0.4,50,within_sampled_range,IU,119,87.5,runs/yin_noise_matrix_20260926/results/r21vgg2k_vgg16_bn_aa_s42/faces_rfwWM64/faces_rfwWM64/results.csv,IU
aa4,VGG2k / AA4,r21vgg2k_vgg16_bn_aa_s42,face_transfer,124,two_cross,RFW WM64,Faces,0.37,0.4,50,within_sampled_range,IU,120,83.33333333333334,runs/yin_noise_matrix_20260926/results/r21vgg2k_vgg16_bn_aa_s42/faces_rfwWM64/faces_rfwWM64/results.csv,IU
aa4,VGG2k / AA4,r21vgg2k_vgg16_bn_aa_s42,face_transfer,124,two_cross,RFW WM64,Faces,0.37,0.4,50,within_sampled_range,IU,121,79.16666666666666,runs/yin_noise_matrix_20260926/results/r21vgg2k_vgg16_bn_aa_s42/faces_rfwWM64/faces_rfwWM64/results.csv,IU
aa4,VGG2k / AA4,r21vgg2k_vgg16_bn_aa_s42,face_transfer,124,two_cross,RFW WM64,Faces,0.37,0.4,50,within_sampled_range,IU,122,91.66666666666666,runs/yin_noise_matrix_20260926/results/r21vgg2k_vgg16_bn_aa_s42/faces_rfwWM64/faces_rfwWM64/results.csv,IU
aa4,VGG2k / AA4,r21vgg2k_vgg16_bn_aa_s42,face_transfer,124,two_cross,RFW WM64,Faces,0.37,0.4,50,within_sampled_range,IU,123,91.66666666666666,runs/yin_noise_matrix_20260926/results/r21vgg2k_vgg16_bn_aa_s42/faces_rfwWM64/faces_rfwWM64/results.csv,IU
aa4,VGG2k / AA4,r21vgg2k_vgg16_bn_aa_s42,face_transfer,124,two_cross,RFW WM64,Faces,0.37,0.4,50,within_sampled_range,IU,124,79.16666666666666,runs/yin_noise_matrix_20260926/results/r21vgg2k_vgg16_bn_aa_s42/faces_rfwWM64/faces_rfwWM64/results.csv,IU
aa4,VGG2k / AA4,r21vgg2k_vgg16_bn_aa_s42,face_transfer,124,two_cross,RFW WM64,Faces,0.37,0.4,50,within_sampled_range,IU,125,62.5,runs/yin_noise_matrix_20260926/results/r21vgg2k_vgg16_bn_aa_s42/faces_rfwWM64/faces_rfwWM64/results.csv,IU
aa4,VGG2k / AA4,r21vgg2k_vgg16_bn_aa_s42,face_transfer,124,two_cross,RFW WM64,Faces,0.37,0.4,50,within_sampled_range,IU,126,75.0,runs/yin_noise_matrix_20260926/results/r21vgg2k_vgg16_bn_aa_s42/faces_rfwWM64/faces_rfwWM64/results.csv,IU
aa4,VGG2k / AA4,r21vgg2k_vgg16_bn_aa_s42,face_transfer,124,two_cross,RFW WM64,Faces,0.37,0.4,50,within_sampled_range,IU,127,83.33333333333334,runs/yin_noise_matrix_20260926/results/r21vgg2k_vgg16_bn_aa_s42/faces_rfwWM64/faces_rfwWM64/results.csv,IU
aa4,VGG2k / AA4,r21vgg2k_vgg16_bn_aa_s42,face_transfer,124,two_cross,RFW WM64,Faces,0.37,0.4,50,within_sampled_range,IU,128,75.0,runs/yin_noise_matrix_20260926/results/r21vgg2k_vgg16_bn_aa_s42/faces_rfwWM64/faces_rfwWM64/results.csv,IU
aa4,VGG2k / AA4,r21vgg2k_vgg16_bn_aa_s42,face_transfer,124,two_cross,RFW WM64,Faces,0.37,0.4,50,within_sampled_range,IU,129,75.0,runs/yin_noise_matrix_20260926/results/r21vgg2k_vgg16_bn_aa_s42/faces_rfwWM64/faces_rfwWM64/results.csv,IU
aa4,VGG2k / AA4,r21vgg2k_vgg16_bn_aa_s42,face_transfer,124,two_cross,RFW WM64,Faces,0.37,0.4,50,within_sampled_range,IU,130,79.16666666666666,runs/yin_noise_matrix_20260926/results/r21vgg2k_vgg16_bn_aa_s42/faces_rfwWM64/faces_rfwWM64/results.csv,IU
aa4,VGG2k / AA4,r21vgg2k_vgg16_bn_aa_s42,face_transfer,124,two_cross,RFW WM64,Faces,0.37,0.4,50,within_sampled_range,IU,131,87.5,runs/yin_noise_matrix_20260926/results/r21vgg2k_vgg16_bn_aa_s42/faces_rfwWM64/faces_rfwWM64/results.csv,IU
aa4,VGG2k / AA4,r21vgg2k_vgg16_bn_aa_s42,face_transfer,124,two_cross,RFW WM64,Faces,0.37,0.4,50,within_sampled_range,IU,132,79.16666666666666,runs/yin_noise_matrix_20260926/results/r21vgg2k_vgg16_bn_aa_s42/faces_rfwWM64/faces_rfwWM64/results.csv,IU
aa4,VGG2k / AA4,r21vgg2k_vgg16_bn_aa_s42,face_transfer,124,two_cross,RFW WM64,Faces,0.37,0.4,50,within_sampled_range,IU,133,70.83333333333334,runs/yin_noise_matrix_20260926/results/r21vgg2k_vgg16_bn_aa_s42/faces_rfwWM64/faces_rfwWM64/results.csv,IU
aa4,VGG2k / AA4,r21vgg2k_vgg16_bn_aa_s42,face_transfer,124,two_cross,RFW WM64,Faces,0.37,0.4,50,within_sampled_range,IU,134,83.33333333333334,runs/yin_noise_matrix_20260926/results/r21vgg2k_vgg16_bn_aa_s42/faces_rfwWM64/faces_rfwWM64/results.csv,IU
aa4,VGG2k / AA4,r21vgg2k_vgg16_bn_aa_s42,face_transfer,124,two_cross,RFW WM64,Faces,0.37,0.4,50,within_sampled_range,IU,135,79.16666666666666,runs/yin_noise_matrix_20260926/results/r21vgg2k_vgg16_bn_aa_s42/faces_rfwWM64/faces_rfwWM64/results.csv,IU
aa4,VGG2k / AA4,r21vgg2k_vgg16_bn_aa_s42,face_transfer,124,two_cross,RFW WM64,Faces,0.37,0.4,50,within_sampled_range,IU,136,95.83333333333334,runs/yin_noise_matrix_20260926/results/r21vgg2k_vgg16_bn_aa_s42/faces_rfwWM64/faces_rfwWM64/results.csv,IU
aa4,VGG2k / AA4,r21vgg2k_vgg16_bn_aa_s42,face_transfer,124,two_cross,RFW WM64,Faces,0.37,0.4,50,within_sampled_range,IU,137,91.66666666666666,runs/yin_noise_matrix_20260926/results/r21vgg2k_vgg16_bn_aa_s42/faces_rfwWM64/faces_rfwWM64/results.csv,IU
aa4,VGG2k / AA4,r21vgg2k_vgg16_bn_aa_s42,face_transfer,124,two_cross,RFW WM64,Faces,0.37,0.4,50,within_sampled_range,IU,138,91.66666666666666,runs/yin_noise_matrix_20260926/results/r21vgg2k_vgg16_bn_aa_s42/faces_rfwWM64/faces_rfwWM64/results.csv,IU
aa4,VGG2k / AA4,r21vgg2k_vgg16_bn_aa_s42,face_transfer,124,two_cross,RFW WM64,Faces,0.37,0.4,50,within_sampled_range,IU,139,83.33333333333334,runs/yin_noise_matrix_20260926/results/r21vgg2k_vgg16_bn_aa_s42/faces_rfwWM64/faces_rfwWM64/results.csv,IU
aa4,VGG2k / AA4,r21vgg2k_vgg16_bn_aa_s42,face_transfer,124,two_cross,RFW WM64,Faces,0.37,0.4,50,within_sampled_range,IU,140,83.33333333333334,runs/yin_noise_matrix_20260926/results/r21vgg2k_vgg16_bn_aa_s42/faces_rfwWM64/faces_rfwWM64/results.csv,IU
aa4,VGG2k / AA4,r21vgg2k_vgg16_bn_aa_s42,face_transfer,124,two_cross,RFW WM64,Faces,0.37,0.4,50,within_sampled_range,IU,141,75.0,runs/yin_noise_matrix_20260926/results/r21vgg2k_vgg16_bn_aa_s42/faces_rfwWM64/faces_rfwWM64/results.csv,IU
aa4,VGG2k / AA4,r21vgg2k_vgg16_bn_aa_s42,face_transfer,124,two_cross,RFW WM64,Faces,0.37,0.4,50,within_sampled_range,IU,142,91.66666666666666,runs/yin_noise_matrix_20260926/results/r21vgg2k_vgg16_bn_aa_s42/faces_rfwWM64/faces_rfwWM64/results.csv,IU
aa4,VGG2k / AA4,r21vgg2k_vgg16_bn_aa_s42,face_transfer,124,two_cross,RFW WM64,Faces,0.37,0.4,50,within_sampled_range,IU,143,91.66666666666666,runs/yin_noise_matrix_20260926/results/r21vgg2k_vgg16_bn_aa_s42/faces_rfwWM64/faces_rfwWM64/results.csv,IU
aa4,VGG2k / AA4,r21vgg2k_vgg16_bn_aa_s42,face_transfer,124,two_cross,RFW WM64,Faces,0.37,0.4,50,within_sampled_range,IU,144,83.33333333333334,runs/yin_noise_matrix_20260926/results/r21vgg2k_vgg16_bn_aa_s42/faces_rfwWM64/faces_rfwWM64/results.csv,IU
aa4,VGG2k / AA4,r21vgg2k_vgg16_bn_aa_s42,face_transfer,124,two_cross,RFW WM64,Faces,0.37,0.4,50,within_sampled_range,IU,145,83.33333333333334,runs/yin_noise_matrix_20260926/results/r21vgg2k_vgg16_bn_aa_s42/faces_rfwWM64/faces_rfwWM64/results.csv,IU
aa4,VGG2k / AA4,r21vgg2k_vgg16_bn_aa_s42,face_transfer,124,two_cross,RFW WM64,Faces,0.37,0.4,50,within_sampled_range,IU,146,91.66666666666666,runs/yin_noise_matrix_20260926/results/r21vgg2k_vgg16_bn_aa_s42/faces_rfwWM64/faces_rfwWM64/results.csv,IU
aa4,VGG2k / AA4,r21vgg2k_vgg16_bn_aa_s42,face_transfer,124,two_cross,RFW WM64,Faces,0.37,0.4,50,within_sampled_range,IU,147,83.33333333333334,runs/yin_noise_matrix_20260926/results/r21vgg2k_vgg16_bn_aa_s42/faces_rfwWM64/faces_rfwWM64/results.csv,IU
aa4,VGG2k / AA4,r21vgg2k_vgg16_bn_aa_s42,face_transfer,124,two_cross,RFW WM64,Faces,0.37,0.4,50,within_sampled_range,IU,148,79.16666666666666,runs/yin_noise_matrix_20260926/results/r21vgg2k_vgg16_bn_aa_s42/faces_rfwWM64/faces_rfwWM64/results.csv,IU
aa4,VGG2k / AA4,r21vgg2k_vgg16_bn_aa_s42,face_transfer,124,two_cross,RFW WM64,Faces,0.37,0.4,50,within_sampled_range,IU,149,83.33333333333334,runs/yin_noise_matrix_20260926/results/r21vgg2k_vgg16_bn_aa_s42/faces_rfwWM64/faces_rfwWM64/results.csv,IU
aa4,VGG2k / AA4,r21vgg2k_vgg16_bn_aa_s42,face_transfer,124,two_cross,RFW WM64,Faces,0.37,0.4,50,within_sampled_range,IU,150,75.0,runs/yin_noise_matrix_20260926/results/r21vgg2k_vgg16_bn_aa_s42/faces_rfwWM64/faces_rfwWM64/results.csv,IU
aa4,VGG2k / AA4,r21vgg2k_vgg16_bn_aa_s42,face_transfer,124,two_shared_ui,RFW WM64,Faces,0.37,0.4,50,within_sampled_range,UU,101,100.0,runs/yin_noise_matrix_20260926/results/r21vgg2k_vgg16_bn_aa_s42/faces_rfwWM64/faces_rfwWM64/results.csv,UU
aa4,VGG2k / AA4,r21vgg2k_vgg16_bn_aa_s42,face_transfer,124,two_shared_ui,RFW WM64,Faces,0.37,0.4,50,within_sampled_range,UU,102,100.0,runs/yin_noise_matrix_20260926/results/r21vgg2k_vgg16_bn_aa_s42/faces_rfwWM64/faces_rfwWM64/results.csv,UU
aa4,VGG2k / AA4,r21vgg2k_vgg16_bn_aa_s42,face_transfer,124,two_shared_ui,RFW WM64,Faces,0.37,0.4,50,within_sampled_range,UU,103,91.66666666666666,runs/yin_noise_matrix_20260926/results/r21vgg2k_vgg16_bn_aa_s42/faces_rfwWM64/faces_rfwWM64/results.csv,UU
aa4,VGG2k / AA4,r21vgg2k_vgg16_bn_aa_s42,face_transfer,124,two_shared_ui,RFW WM64,Faces,0.37,0.4,50,within_sampled_range,UU,104,100.0,runs/yin_noise_matrix_20260926/results/r21vgg2k_vgg16_bn_aa_s42/faces_rfwWM64/faces_rfwWM64/results.csv,UU
aa4,VGG2k / AA4,r21vgg2k_vgg16_bn_aa_s42,face_transfer,124,two_shared_ui,RFW WM64,Faces,0.37,0.4,50,within_sampled_range,UU,105,95.83333333333334,runs/yin_noise_matrix_20260926/results/r21vgg2k_vgg16_bn_aa_s42/faces_rfwWM64/faces_rfwWM64/results.csv,UU
aa4,VGG2k / AA4,r21vgg2k_vgg16_bn_aa_s42,face_transfer,124,two_shared_ui,RFW WM64,Faces,0.37,0.4,50,within_sampled_range,UU,106,100.0,runs/yin_noise_matrix_20260926/results/r21vgg2k_vgg16_bn_aa_s42/faces_rfwWM64/faces_rfwWM64/results.csv,UU
aa4,VGG2k / AA4,r21vgg2k_vgg16_bn_aa_s42,face_transfer,124,two_shared_ui,RFW WM64,Faces,0.37,0.4,50,within_sampled_range,UU,107,95.83333333333334,runs/yin_noise_matrix_20260926/results/r21vgg2k_vgg16_bn_aa_s42/faces_rfwWM64/faces_rfwWM64/results.csv,UU
aa4,VGG2k / AA4,r21vgg2k_vgg16_bn_aa_s42,face_transfer,124,two_shared_ui,RFW WM64,Faces,0.37,0.4,50,within_sampled_range,UU,108,95.83333333333334,runs/yin_noise_matrix_20260926/results/r21vgg2k_vgg16_bn_aa_s42/faces_rfwWM64/faces_rfwWM64/results.csv,UU
aa4,VGG2k / AA4,r21vgg2k_vgg16_bn_aa_s42,face_transfer,124,two_shared_ui,RFW WM64,Faces,0.37,0.4,50,within_sampled_range,UU,109,95.83333333333334,runs/yin_noise_matrix_20260926/results/r21vgg2k_vgg16_bn_aa_s42/faces_rfwWM64/faces_rfwWM64/results.csv,UU
aa4,VGG2k / AA4,r21vgg2k_vgg16_bn_aa_s42,face_transfer,124,two_shared_ui,RFW WM64,Faces,0.37,0.4,50,within_sampled_range,UU,110,95.83333333333334,runs/yin_noise_matrix_20260926/results/r21vgg2k_vgg16_bn_aa_s42/faces_rfwWM64/faces_rfwWM64/results.csv,UU
aa4,VGG2k / AA4,r21vgg2k_vgg16_bn_aa_s42,face_transfer,124,two_shared_ui,RFW WM64,Faces,0.37,0.4,50,within_sampled_range,UU,111,87.5,runs/yin_noise_matrix_20260926/results/r21vgg2k_vgg16_bn_aa_s42/faces_rfwWM64/faces_rfwWM64/results.csv,UU
aa4,VGG2k / AA4,r21vgg2k_vgg16_bn_aa_s42,face_transfer,124,two_shared_ui,RFW WM64,Faces,0.37,0.4,50,within_sampled_range,UU,112,100.0,runs/yin_noise_matrix_20260926/results/r21vgg2k_vgg16_bn_aa_s42/faces_rfwWM64/faces_rfwWM64/results.csv,UU
aa4,VGG2k / AA4,r21vgg2k_vgg16_bn_aa_s42,face_transfer,124,two_shared_ui,RFW WM64,Faces,0.37,0.4,50,within_sampled_range,UU,113,95.83333333333334,runs/yin_noise_matrix_20260926/results/r21vgg2k_vgg16_bn_aa_s42/faces_rfwWM64/faces_rfwWM64/results.csv,UU
aa4,VGG2k / AA4,r21vgg2k_vgg16_bn_aa_s42,face_transfer,124,two_shared_ui,RFW WM64,Faces,0.37,0.4,50,within_sampled_range,UU,114,95.83333333333334,runs/yin_noise_matrix_20260926/results/r21vgg2k_vgg16_bn_aa_s42/faces_rfwWM64/faces_rfwWM64/results.csv,UU
aa4,VGG2k / AA4,r21vgg2k_vgg16_bn_aa_s42,face_transfer,124,two_shared_ui,RFW WM64,Faces,0.37,0.4,50,within_sampled_range,UU,115,95.83333333333334,runs/yin_noise_matrix_20260926/results/r21vgg2k_vgg16_bn_aa_s42/faces_rfwWM64/faces_rfwWM64/results.csv,UU
aa4,VGG2k / AA4,r21vgg2k_vgg16_bn_aa_s42,face_transfer,124,two_shared_ui,RFW WM64,Faces,0.37,0.4,50,within_sampled_range,UU,116,100.0,runs/yin_noise_matrix_20260926/results/r21vgg2k_vgg16_bn_aa_s42/faces_rfwWM64/faces_rfwWM64/results.csv,UU
aa4,VGG2k / AA4,r21vgg2k_vgg16_bn_aa_s42,face_transfer,124,two_shared_ui,RFW WM64,Faces,0.37,0.4,50,within_sampled_range,UU,117,100.0,runs/yin_noise_matrix_20260926/results/r21vgg2k_vgg16_bn_aa_s42/faces_rfwWM64/faces_rfwWM64/results.csv,UU
aa4,VGG2k / AA4,r21vgg2k_vgg16_bn_aa_s42,face_transfer,124,two_shared_ui,RFW WM64,Faces,0.37,0.4,50,within_sampled_range,UU,118,95.83333333333334,runs/yin_noise_matrix_20260926/results/r21vgg2k_vgg16_bn_aa_s42/faces_rfwWM64/faces_rfwWM64/results.csv,UU
aa4,VGG2k / AA4,r21vgg2k_vgg16_bn_aa_s42,face_transfer,124,two_shared_ui,RFW WM64,Faces,0.37,0.4,50,within_sampled_range,UU,119,95.83333333333334,runs/yin_noise_matrix_20260926/results/r21vgg2k_vgg16_bn_aa_s42/faces_rfwWM64/faces_rfwWM64/results.csv,UU
aa4,VGG2k / AA4,r21vgg2k_vgg16_bn_aa_s42,face_transfer,124,two_shared_ui,RFW WM64,Faces,0.37,0.4,50,within_sampled_range,UU,120,100.0,runs/yin_noise_matrix_20260926/results/r21vgg2k_vgg16_bn_aa_s42/faces_rfwWM64/faces_rfwWM64/results.csv,UU
aa4,VGG2k / AA4,r21vgg2k_vgg16_bn_aa_s42,face_transfer,124,two_shared_ui,RFW WM64,Faces,0.37,0.4,50,within_sampled_range,UU,121,91.66666666666666,runs/yin_noise_matrix_20260926/results/r21vgg2k_vgg16_bn_aa_s42/faces_rfwWM64/faces_rfwWM64/results.csv,UU
aa4,VGG2k / AA4,r21vgg2k_vgg16_bn_aa_s42,face_transfer,124,two_shared_ui,RFW WM64,Faces,0.37,0.4,50,within_sampled_range,UU,122,95.83333333333334,runs/yin_noise_matrix_20260926/results/r21vgg2k_vgg16_bn_aa_s42/faces_rfwWM64/faces_rfwWM64/results.csv,UU
aa4,VGG2k / AA4,r21vgg2k_vgg16_bn_aa_s42,face_transfer,124,two_shared_ui,RFW WM64,Faces,0.37,0.4,50,within_sampled_range,UU,123,95.83333333333334,runs/yin_noise_matrix_20260926/results/r21vgg2k_vgg16_bn_aa_s42/faces_rfwWM64/faces_rfwWM64/results.csv,UU
aa4,VGG2k / AA4,r21vgg2k_vgg16_bn_aa_s42,face_transfer,124,two_shared_ui,RFW WM64,Faces,0.37,0.4,50,within_sampled_range,UU,124,100.0,runs/yin_noise_matrix_20260926/results/r21vgg2k_vgg16_bn_aa_s42/faces_rfwWM64/faces_rfwWM64/results.csv,UU
aa4,VGG2k / AA4,r21vgg2k_vgg16_bn_aa_s42,face_transfer,124,two_shared_ui,RFW WM64,Faces,0.37,0.4,50,within_sampled_range,UU,125,91.66666666666666,runs/yin_noise_matrix_20260926/results/r21vgg2k_vgg16_bn_aa_s42/faces_rfwWM64/faces_rfwWM64/results.csv,UU
aa4,VGG2k / AA4,r21vgg2k_vgg16_bn_aa_s42,face_transfer,124,two_shared_ui,RFW WM64,Faces,0.37,0.4,50,within_sampled_range,UU,126,100.0,runs/yin_noise_matrix_20260926/results/r21vgg2k_vgg16_bn_aa_s42/faces_rfwWM64/faces_rfwWM64/results.csv,UU
aa4,VGG2k / AA4,r21vgg2k_vgg16_bn_aa_s42,face_transfer,124,two_shared_ui,RFW WM64,Faces,0.37,0.4,50,within_sampled_range,UU,127,95.83333333333334,runs/yin_noise_matrix_20260926/results/r21vgg2k_vgg16_bn_aa_s42/faces_rfwWM64/faces_rfwWM64/results.csv,UU
aa4,VGG2k / AA4,r21vgg2k_vgg16_bn_aa_s42,face_transfer,124,two_shared_ui,RFW WM64,Faces,0.37,0.4,50,within_sampled_range,UU,128,95.83333333333334,runs/yin_noise_matrix_20260926/results/r21vgg2k_vgg16_bn_aa_s42/faces_rfwWM64/faces_rfwWM64/results.csv,UU
aa4,VGG2k / AA4,r21vgg2k_vgg16_bn_aa_s42,face_transfer,124,two_shared_ui,RFW WM64,Faces,0.37,0.4,50,within_sampled_range,UU,129,100.0,runs/yin_noise_matrix_20260926/results/r21vgg2k_vgg16_bn_aa_s42/faces_rfwWM64/faces_rfwWM64/results.csv,UU
aa4,VGG2k / AA4,r21vgg2k_vgg16_bn_aa_s42,face_transfer,124,two_shared_ui,RFW WM64,Faces,0.37,0.4,50,within_sampled_range,UU,130,100.0,runs/yin_noise_matrix_20260926/results/r21vgg2k_vgg16_bn_aa_s42/faces_rfwWM64/faces_rfwWM64/results.csv,UU
aa4,VGG2k / AA4,r21vgg2k_vgg16_bn_aa_s42,face_transfer,124,two_shared_ui,RFW WM64,Faces,0.37,0.4,50,within_sampled_range,UU,131,95.83333333333334,runs/yin_noise_matrix_20260926/results/r21vgg2k_vgg16_bn_aa_s42/faces_rfwWM64/faces_rfwWM64/results.csv,UU
aa4,VGG2k / AA4,r21vgg2k_vgg16_bn_aa_s42,face_transfer,124,two_shared_ui,RFW WM64,Faces,0.37,0.4,50,within_sampled_range,UU,132,91.66666666666666,runs/yin_noise_matrix_20260926/results/r21vgg2k_vgg16_bn_aa_s42/faces_rfwWM64/faces_rfwWM64/results.csv,UU
aa4,VGG2k / AA4,r21vgg2k_vgg16_bn_aa_s42,face_transfer,124,two_shared_ui,RFW WM64,Faces,0.37,0.4,50,within_sampled_range,UU,133,87.5,runs/yin_noise_matrix_20260926/results/r21vgg2k_vgg16_bn_aa_s42/faces_rfwWM64/faces_rfwWM64/results.csv,UU
aa4,VGG2k / AA4,r21vgg2k_vgg16_bn_aa_s42,face_transfer,124,two_shared_ui,RFW WM64,Faces,0.37,0.4,50,within_sampled_range,UU,134,91.66666666666666,runs/yin_noise_matrix_20260926/results/r21vgg2k_vgg16_bn_aa_s42/faces_rfwWM64/faces_rfwWM64/results.csv,UU
aa4,VGG2k / AA4,r21vgg2k_vgg16_bn_aa_s42,face_transfer,124,two_shared_ui,RFW WM64,Faces,0.37,0.4,50,within_sampled_range,UU,135,95.83333333333334,runs/yin_noise_matrix_20260926/results/r21vgg2k_vgg16_bn_aa_s42/faces_rfwWM64/faces_rfwWM64/results.csv,UU
aa4,VGG2k / AA4,r21vgg2k_vgg16_bn_aa_s42,face_transfer,124,two_shared_ui,RFW WM64,Faces,0.37,0.4,50,within_sampled_range,UU,136,91.66666666666666,runs/yin_noise_matrix_20260926/results/r21vgg2k_vgg16_bn_aa_s42/faces_rfwWM64/faces_rfwWM64/results.csv,UU
aa4,VGG2k / AA4,r21vgg2k_vgg16_bn_aa_s42,face_transfer,124,two_shared_ui,RFW WM64,Faces,0.37,0.4,50,within_sampled_range,UU,137,100.0,runs/yin_noise_matrix_20260926/results/r21vgg2k_vgg16_bn_aa_s42/faces_rfwWM64/faces_rfwWM64/results.csv,UU
aa4,VGG2k / AA4,r21vgg2k_vgg16_bn_aa_s42,face_transfer,124,two_shared_ui,RFW WM64,Faces,0.37,0.4,50,within_sampled_range,UU,138,100.0,runs/yin_noise_matrix_20260926/results/r21vgg2k_vgg16_bn_aa_s42/faces_rfwWM64/faces_rfwWM64/results.csv,UU
aa4,VGG2k / AA4,r21vgg2k_vgg16_bn_aa_s42,face_transfer,124,two_shared_ui,RFW WM64,Faces,0.37,0.4,50,within_sampled_range,UU,139,100.0,runs/yin_noise_matrix_20260926/results/r21vgg2k_vgg16_bn_aa_s42/faces_rfwWM64/faces_rfwWM64/results.csv,UU
aa4,VGG2k / AA4,r21vgg2k_vgg16_bn_aa_s42,face_transfer,124,two_shared_ui,RFW WM64,Faces,0.37,0.4,50,within_sampled_range,UU,140,100.0,runs/yin_noise_matrix_20260926/results/r21vgg2k_vgg16_bn_aa_s42/faces_rfwWM64/faces_rfwWM64/results.csv,UU
aa4,VGG2k / AA4,r21vgg2k_vgg16_bn_aa_s42,face_transfer,124,two_shared_ui,RFW WM64,Faces,0.37,0.4,50,within_sampled_range,UU,141,95.83333333333334,runs/yin_noise_matrix_20260926/results/r21vgg2k_vgg16_bn_aa_s42/faces_rfwWM64/faces_rfwWM64/results.csv,UU
aa4,VGG2k / AA4,r21vgg2k_vgg16_bn_aa_s42,face_transfer,124,two_shared_ui,RFW WM64,Faces,0.37,0.4,50,within_sampled_range,UU,142,95.83333333333334,runs/yin_noise_matrix_20260926/results/r21vgg2k_vgg16_bn_aa_s42/faces_rfwWM64/faces_rfwWM64/results.csv,UU
aa4,VGG2k / AA4,r21vgg2k_vgg16_bn_aa_s42,face_transfer,124,two_shared_ui,RFW WM64,Faces,0.37,0.4,50,within_sampled_range,UU,143,95.83333333333334,runs/yin_noise_matrix_20260926/results/r21vgg2k_vgg16_bn_aa_s42/faces_rfwWM64/faces_rfwWM64/results.csv,UU
aa4,VGG2k / AA4,r21vgg2k_vgg16_bn_aa_s42,face_transfer,124,two_shared_ui,RFW WM64,Faces,0.37,0.4,50,within_sampled_range,UU,144,100.0,runs/yin_noise_matrix_20260926/results/r21vgg2k_vgg16_bn_aa_s42/faces_rfwWM64/faces_rfwWM64/results.csv,UU
aa4,VGG2k / AA4,r21vgg2k_vgg16_bn_aa_s42,face_transfer,124,two_shared_ui,RFW WM64,Faces,0.37,0.4,50,within_sampled_range,UU,145,100.0,runs/yin_noise_matrix_20260926/results/r21vgg2k_vgg16_bn_aa_s42/faces_rfwWM64/faces_rfwWM64/results.csv,UU
aa4,VGG2k / AA4,r21vgg2k_vgg16_bn_aa_s42,face_transfer,124,two_shared_ui,RFW WM64,Faces,0.37,0.4,50,within_sampled_range,UU,146,95.83333333333334,runs/yin_noise_matrix_20260926/results/r21vgg2k_vgg16_bn_aa_s42/faces_rfwWM64/faces_rfwWM64/results.csv,UU
aa4,VGG2k / AA4,r21vgg2k_vgg16_bn_aa_s42,face_transfer,124,two_shared_ui,RFW WM64,Faces,0.37,0.4,50,within_sampled_range,UU,147,91.66666666666666,runs/yin_noise_matrix_20260926/results/r21vgg2k_vgg16_bn_aa_s42/faces_rfwWM64/faces_rfwWM64/results.csv,UU
aa4,VGG2k / AA4,r21vgg2k_vgg16_bn_aa_s42,face_transfer,124,two_shared_ui,RFW WM64,Faces,0.37,0.4,50,within_sampled_range,UU,148,100.0,runs/yin_noise_matrix_20260926/results/r21vgg2k_vgg16_bn_aa_s42/faces_rfwWM64/faces_rfwWM64/results.csv,UU
aa4,VGG2k / AA4,r21vgg2k_vgg16_bn_aa_s42,face_transfer,124,two_shared_ui,RFW WM64,Faces,0.37,0.4,50,within_sampled_range,UU,149,100.0,runs/yin_noise_matrix_20260926/results/r21vgg2k_vgg16_bn_aa_s42/faces_rfwWM64/faces_rfwWM64/results.csv,UU
aa4,VGG2k / AA4,r21vgg2k_vgg16_bn_aa_s42,face_transfer,124,two_shared_ui,RFW WM64,Faces,0.37,0.4,50,within_sampled_range,UU,150,95.83333333333334,runs/yin_noise_matrix_20260926/results/r21vgg2k_vgg16_bn_aa_s42/faces_rfwWM64/faces_rfwWM64/results.csv,UU
aa4,VGG2k / AA4,r21vgg2k_vgg16_bn_aa_s42,face_transfer,124,two_shared_ui,RFW WM64,Faces,0.37,0.4,50,within_sampled_range,II,101,91.66666666666666,runs/yin_noise_matrix_20260926/results/r21vgg2k_vgg16_bn_aa_s42/faces_rfwWM64/faces_rfwWM64/results.csv,II
aa4,VGG2k / AA4,r21vgg2k_vgg16_bn_aa_s42,face_transfer,124,two_shared_ui,RFW WM64,Faces,0.37,0.4,50,within_sampled_range,II,102,87.5,runs/yin_noise_matrix_20260926/results/r21vgg2k_vgg16_bn_aa_s42/faces_rfwWM64/faces_rfwWM64/results.csv,II
aa4,VGG2k / AA4,r21vgg2k_vgg16_bn_aa_s42,face_transfer,124,two_shared_ui,RFW WM64,Faces,0.37,0.4,50,within_sampled_range,II,103,79.16666666666666,runs/yin_noise_matrix_20260926/results/r21vgg2k_vgg16_bn_aa_s42/faces_rfwWM64/faces_rfwWM64/results.csv,II
aa4,VGG2k / AA4,r21vgg2k_vgg16_bn_aa_s42,face_transfer,124,two_shared_ui,RFW WM64,Faces,0.37,0.4,50,within_sampled_range,II,104,83.33333333333334,runs/yin_noise_matrix_20260926/results/r21vgg2k_vgg16_bn_aa_s42/faces_rfwWM64/faces_rfwWM64/results.csv,II
aa4,VGG2k / AA4,r21vgg2k_vgg16_bn_aa_s42,face_transfer,124,two_shared_ui,RFW WM64,Faces,0.37,0.4,50,within_sampled_range,II,105,87.5,runs/yin_noise_matrix_20260926/results/r21vgg2k_vgg16_bn_aa_s42/faces_rfwWM64/faces_rfwWM64/results.csv,II
aa4,VGG2k / AA4,r21vgg2k_vgg16_bn_aa_s42,face_transfer,124,two_shared_ui,RFW WM64,Faces,0.37,0.4,50,within_sampled_range,II,106,79.16666666666666,runs/yin_noise_matrix_20260926/results/r21vgg2k_vgg16_bn_aa_s42/faces_rfwWM64/faces_rfwWM64/results.csv,II
aa4,VGG2k / AA4,r21vgg2k_vgg16_bn_aa_s42,face_transfer,124,two_shared_ui,RFW WM64,Faces,0.37,0.4,50,within_sampled_range,II,107,70.83333333333334,runs/yin_noise_matrix_20260926/results/r21vgg2k_vgg16_bn_aa_s42/faces_rfwWM64/faces_rfwWM64/results.csv,II
aa4,VGG2k / AA4,r21vgg2k_vgg16_bn_aa_s42,face_transfer,124,two_shared_ui,RFW WM64,Faces,0.37,0.4,50,within_sampled_range,II,108,91.66666666666666,runs/yin_noise_matrix_20260926/results/r21vgg2k_vgg16_bn_aa_s42/faces_rfwWM64/faces_rfwWM64/results.csv,II
aa4,VGG2k / AA4,r21vgg2k_vgg16_bn_aa_s42,face_transfer,124,two_shared_ui,RFW WM64,Faces,0.37,0.4,50,within_sampled_range,II,109,75.0,runs/yin_noise_matrix_20260926/results/r21vgg2k_vgg16_bn_aa_s42/faces_rfwWM64/faces_rfwWM64/results.csv,II
aa4,VGG2k / AA4,r21vgg2k_vgg16_bn_aa_s42,face_transfer,124,two_shared_ui,RFW WM64,Faces,0.37,0.4,50,within_sampled_range,II,110,75.0,runs/yin_noise_matrix_20260926/results/r21vgg2k_vgg16_bn_aa_s42/faces_rfwWM64/faces_rfwWM64/results.csv,II
aa4,VGG2k / AA4,r21vgg2k_vgg16_bn_aa_s42,face_transfer,124,two_shared_ui,RFW WM64,Faces,0.37,0.4,50,within_sampled_range,II,111,91.66666666666666,runs/yin_noise_matrix_20260926/results/r21vgg2k_vgg16_bn_aa_s42/faces_rfwWM64/faces_rfwWM64/results.csv,II
aa4,VGG2k / AA4,r21vgg2k_vgg16_bn_aa_s42,face_transfer,124,two_shared_ui,RFW WM64,Faces,0.37,0.4,50,within_sampled_range,II,112,87.5,runs/yin_noise_matrix_20260926/results/r21vgg2k_vgg16_bn_aa_s42/faces_rfwWM64/faces_rfwWM64/results.csv,II
aa4,VGG2k / AA4,r21vgg2k_vgg16_bn_aa_s42,face_transfer,124,two_shared_ui,RFW WM64,Faces,0.37,0.4,50,within_sampled_range,II,113,58.333333333333336,runs/yin_noise_matrix_20260926/results/r21vgg2k_vgg16_bn_aa_s42/faces_rfwWM64/faces_rfwWM64/results.csv,II
aa4,VGG2k / AA4,r21vgg2k_vgg16_bn_aa_s42,face_transfer,124,two_shared_ui,RFW WM64,Faces,0.37,0.4,50,within_sampled_range,II,114,83.33333333333334,runs/yin_noise_matrix_20260926/results/r21vgg2k_vgg16_bn_aa_s42/faces_rfwWM64/faces_rfwWM64/results.csv,II
aa4,VGG2k / AA4,r21vgg2k_vgg16_bn_aa_s42,face_transfer,124,two_shared_ui,RFW WM64,Faces,0.37,0.4,50,within_sampled_range,II,115,79.16666666666666,runs/yin_noise_matrix_20260926/results/r21vgg2k_vgg16_bn_aa_s42/faces_rfwWM64/faces_rfwWM64/results.csv,II
aa4,VGG2k / AA4,r21vgg2k_vgg16_bn_aa_s42,face_transfer,124,two_shared_ui,RFW WM64,Faces,0.37,0.4,50,within_sampled_range,II,116,79.16666666666666,runs/yin_noise_matrix_20260926/results/r21vgg2k_vgg16_bn_aa_s42/faces_rfwWM64/faces_rfwWM64/results.csv,II
aa4,VGG2k / AA4,r21vgg2k_vgg16_bn_aa_s42,face_transfer,124,two_shared_ui,RFW WM64,Faces,0.37,0.4,50,within_sampled_range,II,117,79.16666666666666,runs/yin_noise_matrix_20260926/results/r21vgg2k_vgg16_bn_aa_s42/faces_rfwWM64/faces_rfwWM64/results.csv,II
aa4,VGG2k / AA4,r21vgg2k_vgg16_bn_aa_s42,face_transfer,124,two_shared_ui,RFW WM64,Faces,0.37,0.4,50,within_sampled_range,II,118,83.33333333333334,runs/yin_noise_matrix_20260926/results/r21vgg2k_vgg16_bn_aa_s42/faces_rfwWM64/faces_rfwWM64/results.csv,II
aa4,VGG2k / AA4,r21vgg2k_vgg16_bn_aa_s42,face_transfer,124,two_shared_ui,RFW WM64,Faces,0.37,0.4,50,within_sampled_range,II,119,95.83333333333334,runs/yin_noise_matrix_20260926/results/r21vgg2k_vgg16_bn_aa_s42/faces_rfwWM64/faces_rfwWM64/results.csv,II
aa4,VGG2k / AA4,r21vgg2k_vgg16_bn_aa_s42,face_transfer,124,two_shared_ui,RFW WM64,Faces,0.37,0.4,50,within_sampled_range,II,120,87.5,runs/yin_noise_matrix_20260926/results/r21vgg2k_vgg16_bn_aa_s42/faces_rfwWM64/faces_rfwWM64/results.csv,II
aa4,VGG2k / AA4,r21vgg2k_vgg16_bn_aa_s42,face_transfer,124,two_shared_ui,RFW WM64,Faces,0.37,0.4,50,within_sampled_range,II,121,79.16666666666666,runs/yin_noise_matrix_20260926/results/r21vgg2k_vgg16_bn_aa_s42/faces_rfwWM64/faces_rfwWM64/results.csv,II
aa4,VGG2k / AA4,r21vgg2k_vgg16_bn_aa_s42,face_transfer,124,two_shared_ui,RFW WM64,Faces,0.37,0.4,50,within_sampled_range,II,122,87.5,runs/yin_noise_matrix_20260926/results/r21vgg2k_vgg16_bn_aa_s42/faces_rfwWM64/faces_rfwWM64/results.csv,II
aa4,VGG2k / AA4,r21vgg2k_vgg16_bn_aa_s42,face_transfer,124,two_shared_ui,RFW WM64,Faces,0.37,0.4,50,within_sampled_range,II,123,91.66666666666666,runs/yin_noise_matrix_20260926/results/r21vgg2k_vgg16_bn_aa_s42/faces_rfwWM64/faces_rfwWM64/results.csv,II
aa4,VGG2k / AA4,r21vgg2k_vgg16_bn_aa_s42,face_transfer,124,two_shared_ui,RFW WM64,Faces,0.37,0.4,50,within_sampled_range,II,124,79.16666666666666,runs/yin_noise_matrix_20260926/results/r21vgg2k_vgg16_bn_aa_s42/faces_rfwWM64/faces_rfwWM64/results.csv,II
aa4,VGG2k / AA4,r21vgg2k_vgg16_bn_aa_s42,face_transfer,124,two_shared_ui,RFW WM64,Faces,0.37,0.4,50,within_sampled_range,II,125,75.0,runs/yin_noise_matrix_20260926/results/r21vgg2k_vgg16_bn_aa_s42/faces_rfwWM64/faces_rfwWM64/results.csv,II
aa4,VGG2k / AA4,r21vgg2k_vgg16_bn_aa_s42,face_transfer,124,two_shared_ui,RFW WM64,Faces,0.37,0.4,50,within_sampled_range,II,126,75.0,runs/yin_noise_matrix_20260926/results/r21vgg2k_vgg16_bn_aa_s42/faces_rfwWM64/faces_rfwWM64/results.csv,II
aa4,VGG2k / AA4,r21vgg2k_vgg16_bn_aa_s42,face_transfer,124,two_shared_ui,RFW WM64,Faces,0.37,0.4,50,within_sampled_range,II,127,79.16666666666666,runs/yin_noise_matrix_20260926/results/r21vgg2k_vgg16_bn_aa_s42/faces_rfwWM64/faces_rfwWM64/results.csv,II
aa4,VGG2k / AA4,r21vgg2k_vgg16_bn_aa_s42,face_transfer,124,two_shared_ui,RFW WM64,Faces,0.37,0.4,50,within_sampled_range,II,128,83.33333333333334,runs/yin_noise_matrix_20260926/results/r21vgg2k_vgg16_bn_aa_s42/faces_rfwWM64/faces_rfwWM64/results.csv,II
aa4,VGG2k / AA4,r21vgg2k_vgg16_bn_aa_s42,face_transfer,124,two_shared_ui,RFW WM64,Faces,0.37,0.4,50,within_sampled_range,II,129,75.0,runs/yin_noise_matrix_20260926/results/r21vgg2k_vgg16_bn_aa_s42/faces_rfwWM64/faces_rfwWM64/results.csv,II
aa4,VGG2k / AA4,r21vgg2k_vgg16_bn_aa_s42,face_transfer,124,two_shared_ui,RFW WM64,Faces,0.37,0.4,50,within_sampled_range,II,130,58.333333333333336,runs/yin_noise_matrix_20260926/results/r21vgg2k_vgg16_bn_aa_s42/faces_rfwWM64/faces_rfwWM64/results.csv,II
aa4,VGG2k / AA4,r21vgg2k_vgg16_bn_aa_s42,face_transfer,124,two_shared_ui,RFW WM64,Faces,0.37,0.4,50,within_sampled_range,II,131,66.66666666666666,runs/yin_noise_matrix_20260926/results/r21vgg2k_vgg16_bn_aa_s42/faces_rfwWM64/faces_rfwWM64/results.csv,II
aa4,VGG2k / AA4,r21vgg2k_vgg16_bn_aa_s42,face_transfer,124,two_shared_ui,RFW WM64,Faces,0.37,0.4,50,within_sampled_range,II,132,83.33333333333334,runs/yin_noise_matrix_20260926/results/r21vgg2k_vgg16_bn_aa_s42/faces_rfwWM64/faces_rfwWM64/results.csv,II
aa4,VGG2k / AA4,r21vgg2k_vgg16_bn_aa_s42,face_transfer,124,two_shared_ui,RFW WM64,Faces,0.37,0.4,50,within_sampled_range,II,133,79.16666666666666,runs/yin_noise_matrix_20260926/results/r21vgg2k_vgg16_bn_aa_s42/faces_rfwWM64/faces_rfwWM64/results.csv,II
aa4,VGG2k / AA4,r21vgg2k_vgg16_bn_aa_s42,face_transfer,124,two_shared_ui,RFW WM64,Faces,0.37,0.4,50,within_sampled_range,II,134,83.33333333333334,runs/yin_noise_matrix_20260926/results/r21vgg2k_vgg16_bn_aa_s42/faces_rfwWM64/faces_rfwWM64/results.csv,II
aa4,VGG2k / AA4,r21vgg2k_vgg16_bn_aa_s42,face_transfer,124,two_shared_ui,RFW WM64,Faces,0.37,0.4,50,within_sampled_range,II,135,70.83333333333334,runs/yin_noise_matrix_20260926/results/r21vgg2k_vgg16_bn_aa_s42/faces_rfwWM64/faces_rfwWM64/results.csv,II
aa4,VGG2k / AA4,r21vgg2k_vgg16_bn_aa_s42,face_transfer,124,two_shared_ui,RFW WM64,Faces,0.37,0.4,50,within_sampled_range,II,136,83.33333333333334,runs/yin_noise_matrix_20260926/results/r21vgg2k_vgg16_bn_aa_s42/faces_rfwWM64/faces_rfwWM64/results.csv,II
aa4,VGG2k / AA4,r21vgg2k_vgg16_bn_aa_s42,face_transfer,124,two_shared_ui,RFW WM64,Faces,0.37,0.4,50,within_sampled_range,II,137,70.83333333333334,runs/yin_noise_matrix_20260926/results/r21vgg2k_vgg16_bn_aa_s42/faces_rfwWM64/faces_rfwWM64/results.csv,II
aa4,VGG2k / AA4,r21vgg2k_vgg16_bn_aa_s42,face_transfer,124,two_shared_ui,RFW WM64,Faces,0.37,0.4,50,within_sampled_range,II,138,95.83333333333334,runs/yin_noise_matrix_20260926/results/r21vgg2k_vgg16_bn_aa_s42/faces_rfwWM64/faces_rfwWM64/results.csv,II
aa4,VGG2k / AA4,r21vgg2k_vgg16_bn_aa_s42,face_transfer,124,two_shared_ui,RFW WM64,Faces,0.37,0.4,50,within_sampled_range,II,139,95.83333333333334,runs/yin_noise_matrix_20260926/results/r21vgg2k_vgg16_bn_aa_s42/faces_rfwWM64/faces_rfwWM64/results.csv,II
aa4,VGG2k / AA4,r21vgg2k_vgg16_bn_aa_s42,face_transfer,124,two_shared_ui,RFW WM64,Faces,0.37,0.4,50,within_sampled_range,II,140,70.83333333333334,runs/yin_noise_matrix_20260926/results/r21vgg2k_vgg16_bn_aa_s42/faces_rfwWM64/faces_rfwWM64/results.csv,II
aa4,VGG2k / AA4,r21vgg2k_vgg16_bn_aa_s42,face_transfer,124,two_shared_ui,RFW WM64,Faces,0.37,0.4,50,within_sampled_range,II,141,87.5,runs/yin_noise_matrix_20260926/results/r21vgg2k_vgg16_bn_aa_s42/faces_rfwWM64/faces_rfwWM64/results.csv,II
aa4,VGG2k / AA4,r21vgg2k_vgg16_bn_aa_s42,face_transfer,124,two_shared_ui,RFW WM64,Faces,0.37,0.4,50,within_sampled_range,II,142,70.83333333333334,runs/yin_noise_matrix_20260926/results/r21vgg2k_vgg16_bn_aa_s42/faces_rfwWM64/faces_rfwWM64/results.csv,II
aa4,VGG2k / AA4,r21vgg2k_vgg16_bn_aa_s42,face_transfer,124,two_shared_ui,RFW WM64,Faces,0.37,0.4,50,within_sampled_range,II,143,70.83333333333334,runs/yin_noise_matrix_20260926/results/r21vgg2k_vgg16_bn_aa_s42/faces_rfwWM64/faces_rfwWM64/results.csv,II
aa4,VGG2k / AA4,r21vgg2k_vgg16_bn_aa_s42,face_transfer,124,two_shared_ui,RFW WM64,Faces,0.37,0.4,50,within_sampled_range,II,144,66.66666666666666,runs/yin_noise_matrix_20260926/results/r21vgg2k_vgg16_bn_aa_s42/faces_rfwWM64/faces_rfwWM64/results.csv,II
aa4,VGG2k / AA4,r21vgg2k_vgg16_bn_aa_s42,face_transfer,124,two_shared_ui,RFW WM64,Faces,0.37,0.4,50,within_sampled_range,II,145,87.5,runs/yin_noise_matrix_20260926/results/r21vgg2k_vgg16_bn_aa_s42/faces_rfwWM64/faces_rfwWM64/results.csv,II
aa4,VGG2k / AA4,r21vgg2k_vgg16_bn_aa_s42,face_transfer,124,two_shared_ui,RFW WM64,Faces,0.37,0.4,50,within_sampled_range,II,146,83.33333333333334,runs/yin_noise_matrix_20260926/results/r21vgg2k_vgg16_bn_aa_s42/faces_rfwWM64/faces_rfwWM64/results.csv,II
aa4,VGG2k / AA4,r21vgg2k_vgg16_bn_aa_s42,face_transfer,124,two_shared_ui,RFW WM64,Faces,0.37,0.4,50,within_sampled_range,II,147,79.16666666666666,runs/yin_noise_matrix_20260926/results/r21vgg2k_vgg16_bn_aa_s42/faces_rfwWM64/faces_rfwWM64/results.csv,II
aa4,VGG2k / AA4,r21vgg2k_vgg16_bn_aa_s42,face_transfer,124,two_shared_ui,RFW WM64,Faces,0.37,0.4,50,within_sampled_range,II,148,79.16666666666666,runs/yin_noise_matrix_20260926/results/r21vgg2k_vgg16_bn_aa_s42/faces_rfwWM64/faces_rfwWM64/results.csv,II
aa4,VGG2k / AA4,r21vgg2k_vgg16_bn_aa_s42,face_transfer,124,two_shared_ui,RFW WM64,Faces,0.37,0.4,50,within_sampled_range,II,149,91.66666666666666,runs/yin_noise_matrix_20260926/results/r21vgg2k_vgg16_bn_aa_s42/faces_rfwWM64/faces_rfwWM64/results.csv,II
aa4,VGG2k / AA4,r21vgg2k_vgg16_bn_aa_s42,face_transfer,124,two_shared_ui,RFW WM64,Faces,0.37,0.4,50,within_sampled_range,II,150,87.5,runs/yin_noise_matrix_20260926/results/r21vgg2k_vgg16_bn_aa_s42/faces_rfwWM64/faces_rfwWM64/results.csv,II
aa4,VGG2k / AA4,r21vgg2k_vgg16_bn_aa_s42,face_transfer,124,two_shared_ui,RFW WM64,Faces,0.37,0.4,50,within_sampled_range,UI,101,95.83333333333334,runs/yin_noise_matrix_20260926/results/r21vgg2k_vgg16_bn_aa_s42/faces_rfwWM64/faces_rfwWM64/results.csv,UI_shared
aa4,VGG2k / AA4,r21vgg2k_vgg16_bn_aa_s42,face_transfer,124,two_shared_ui,RFW WM64,Faces,0.37,0.4,50,within_sampled_range,UI,102,91.66666666666666,runs/yin_noise_matrix_20260926/results/r21vgg2k_vgg16_bn_aa_s42/faces_rfwWM64/faces_rfwWM64/results.csv,UI_shared
aa4,VGG2k / AA4,r21vgg2k_vgg16_bn_aa_s42,face_transfer,124,two_shared_ui,RFW WM64,Faces,0.37,0.4,50,within_sampled_range,UI,103,83.33333333333334,runs/yin_noise_matrix_20260926/results/r21vgg2k_vgg16_bn_aa_s42/faces_rfwWM64/faces_rfwWM64/results.csv,UI_shared
aa4,VGG2k / AA4,r21vgg2k_vgg16_bn_aa_s42,face_transfer,124,two_shared_ui,RFW WM64,Faces,0.37,0.4,50,within_sampled_range,UI,104,91.66666666666666,runs/yin_noise_matrix_20260926/results/r21vgg2k_vgg16_bn_aa_s42/faces_rfwWM64/faces_rfwWM64/results.csv,UI_shared
aa4,VGG2k / AA4,r21vgg2k_vgg16_bn_aa_s42,face_transfer,124,two_shared_ui,RFW WM64,Faces,0.37,0.4,50,within_sampled_range,UI,105,83.33333333333334,runs/yin_noise_matrix_20260926/results/r21vgg2k_vgg16_bn_aa_s42/faces_rfwWM64/faces_rfwWM64/results.csv,UI_shared
aa4,VGG2k / AA4,r21vgg2k_vgg16_bn_aa_s42,face_transfer,124,two_shared_ui,RFW WM64,Faces,0.37,0.4,50,within_sampled_range,UI,106,100.0,runs/yin_noise_matrix_20260926/results/r21vgg2k_vgg16_bn_aa_s42/faces_rfwWM64/faces_rfwWM64/results.csv,UI_shared
aa4,VGG2k / AA4,r21vgg2k_vgg16_bn_aa_s42,face_transfer,124,two_shared_ui,RFW WM64,Faces,0.37,0.4,50,within_sampled_range,UI,107,95.83333333333334,runs/yin_noise_matrix_20260926/results/r21vgg2k_vgg16_bn_aa_s42/faces_rfwWM64/faces_rfwWM64/results.csv,UI_shared
aa4,VGG2k / AA4,r21vgg2k_vgg16_bn_aa_s42,face_transfer,124,two_shared_ui,RFW WM64,Faces,0.37,0.4,50,within_sampled_range,UI,108,87.5,runs/yin_noise_matrix_20260926/results/r21vgg2k_vgg16_bn_aa_s42/faces_rfwWM64/faces_rfwWM64/results.csv,UI_shared
aa4,VGG2k / AA4,r21vgg2k_vgg16_bn_aa_s42,face_transfer,124,two_shared_ui,RFW WM64,Faces,0.37,0.4,50,within_sampled_range,UI,109,95.83333333333334,runs/yin_noise_matrix_20260926/results/r21vgg2k_vgg16_bn_aa_s42/faces_rfwWM64/faces_rfwWM64/results.csv,UI_shared
aa4,VGG2k / AA4,r21vgg2k_vgg16_bn_aa_s42,face_transfer,124,two_shared_ui,RFW WM64,Faces,0.37,0.4,50,within_sampled_range,UI,110,95.83333333333334,runs/yin_noise_matrix_20260926/results/r21vgg2k_vgg16_bn_aa_s42/faces_rfwWM64/faces_rfwWM64/results.csv,UI_shared
aa4,VGG2k / AA4,r21vgg2k_vgg16_bn_aa_s42,face_transfer,124,two_shared_ui,RFW WM64,Faces,0.37,0.4,50,within_sampled_range,UI,111,87.5,runs/yin_noise_matrix_20260926/results/r21vgg2k_vgg16_bn_aa_s42/faces_rfwWM64/faces_rfwWM64/results.csv,UI_shared
aa4,VGG2k / AA4,r21vgg2k_vgg16_bn_aa_s42,face_transfer,124,two_shared_ui,RFW WM64,Faces,0.37,0.4,50,within_sampled_range,UI,112,95.83333333333334,runs/yin_noise_matrix_20260926/results/r21vgg2k_vgg16_bn_aa_s42/faces_rfwWM64/faces_rfwWM64/results.csv,UI_shared
aa4,VGG2k / AA4,r21vgg2k_vgg16_bn_aa_s42,face_transfer,124,two_shared_ui,RFW WM64,Faces,0.37,0.4,50,within_sampled_range,UI,113,91.66666666666666,runs/yin_noise_matrix_20260926/results/r21vgg2k_vgg16_bn_aa_s42/faces_rfwWM64/faces_rfwWM64/results.csv,UI_shared
aa4,VGG2k / AA4,r21vgg2k_vgg16_bn_aa_s42,face_transfer,124,two_shared_ui,RFW WM64,Faces,0.37,0.4,50,within_sampled_range,UI,114,91.66666666666666,runs/yin_noise_matrix_20260926/results/r21vgg2k_vgg16_bn_aa_s42/faces_rfwWM64/faces_rfwWM64/results.csv,UI_shared
aa4,VGG2k / AA4,r21vgg2k_vgg16_bn_aa_s42,face_transfer,124,two_shared_ui,RFW WM64,Faces,0.37,0.4,50,within_sampled_range,UI,115,91.66666666666666,runs/yin_noise_matrix_20260926/results/r21vgg2k_vgg16_bn_aa_s42/faces_rfwWM64/faces_rfwWM64/results.csv,UI_shared
aa4,VGG2k / AA4,r21vgg2k_vgg16_bn_aa_s42,face_transfer,124,two_shared_ui,RFW WM64,Faces,0.37,0.4,50,within_sampled_range,UI,116,95.83333333333334,runs/yin_noise_matrix_20260926/results/r21vgg2k_vgg16_bn_aa_s42/faces_rfwWM64/faces_rfwWM64/results.csv,UI_shared
aa4,VGG2k / AA4,r21vgg2k_vgg16_bn_aa_s42,face_transfer,124,two_shared_ui,RFW WM64,Faces,0.37,0.4,50,within_sampled_range,UI,117,91.66666666666666,runs/yin_noise_matrix_20260926/results/r21vgg2k_vgg16_bn_aa_s42/faces_rfwWM64/faces_rfwWM64/results.csv,UI_shared
aa4,VGG2k / AA4,r21vgg2k_vgg16_bn_aa_s42,face_transfer,124,two_shared_ui,RFW WM64,Faces,0.37,0.4,50,within_sampled_range,UI,118,95.83333333333334,runs/yin_noise_matrix_20260926/results/r21vgg2k_vgg16_bn_aa_s42/faces_rfwWM64/faces_rfwWM64/results.csv,UI_shared
aa4,VGG2k / AA4,r21vgg2k_vgg16_bn_aa_s42,face_transfer,124,two_shared_ui,RFW WM64,Faces,0.37,0.4,50,within_sampled_range,UI,119,95.83333333333334,runs/yin_noise_matrix_20260926/results/r21vgg2k_vgg16_bn_aa_s42/faces_rfwWM64/faces_rfwWM64/results.csv,UI_shared
aa4,VGG2k / AA4,r21vgg2k_vgg16_bn_aa_s42,face_transfer,124,two_shared_ui,RFW WM64,Faces,0.37,0.4,50,within_sampled_range,UI,120,91.66666666666666,runs/yin_noise_matrix_20260926/results/r21vgg2k_vgg16_bn_aa_s42/faces_rfwWM64/faces_rfwWM64/results.csv,UI_shared
aa4,VGG2k / AA4,r21vgg2k_vgg16_bn_aa_s42,face_transfer,124,two_shared_ui,RFW WM64,Faces,0.37,0.4,50,within_sampled_range,UI,121,91.66666666666666,runs/yin_noise_matrix_20260926/results/r21vgg2k_vgg16_bn_aa_s42/faces_rfwWM64/faces_rfwWM64/results.csv,UI_shared
aa4,VGG2k / AA4,r21vgg2k_vgg16_bn_aa_s42,face_transfer,124,two_shared_ui,RFW WM64,Faces,0.37,0.4,50,within_sampled_range,UI,122,91.66666666666666,runs/yin_noise_matrix_20260926/results/r21vgg2k_vgg16_bn_aa_s42/faces_rfwWM64/faces_rfwWM64/results.csv,UI_shared
aa4,VGG2k / AA4,r21vgg2k_vgg16_bn_aa_s42,face_transfer,124,two_shared_ui,RFW WM64,Faces,0.37,0.4,50,within_sampled_range,UI,123,91.66666666666666,runs/yin_noise_matrix_20260926/results/r21vgg2k_vgg16_bn_aa_s42/faces_rfwWM64/faces_rfwWM64/results.csv,UI_shared
aa4,VGG2k / AA4,r21vgg2k_vgg16_bn_aa_s42,face_transfer,124,two_shared_ui,RFW WM64,Faces,0.37,0.4,50,within_sampled_range,UI,124,87.5,runs/yin_noise_matrix_20260926/results/r21vgg2k_vgg16_bn_aa_s42/faces_rfwWM64/faces_rfwWM64/results.csv,UI_shared
aa4,VGG2k / AA4,r21vgg2k_vgg16_bn_aa_s42,face_transfer,124,two_shared_ui,RFW WM64,Faces,0.37,0.4,50,within_sampled_range,UI,125,83.33333333333334,runs/yin_noise_matrix_20260926/results/r21vgg2k_vgg16_bn_aa_s42/faces_rfwWM64/faces_rfwWM64/results.csv,UI_shared
aa4,VGG2k / AA4,r21vgg2k_vgg16_bn_aa_s42,face_transfer,124,two_shared_ui,RFW WM64,Faces,0.37,0.4,50,within_sampled_range,UI,126,87.5,runs/yin_noise_matrix_20260926/results/r21vgg2k_vgg16_bn_aa_s42/faces_rfwWM64/faces_rfwWM64/results.csv,UI_shared
aa4,VGG2k / AA4,r21vgg2k_vgg16_bn_aa_s42,face_transfer,124,two_shared_ui,RFW WM64,Faces,0.37,0.4,50,within_sampled_range,UI,127,83.33333333333334,runs/yin_noise_matrix_20260926/results/r21vgg2k_vgg16_bn_aa_s42/faces_rfwWM64/faces_rfwWM64/results.csv,UI_shared
aa4,VGG2k / AA4,r21vgg2k_vgg16_bn_aa_s42,face_transfer,124,two_shared_ui,RFW WM64,Faces,0.37,0.4,50,within_sampled_range,UI,128,95.83333333333334,runs/yin_noise_matrix_20260926/results/r21vgg2k_vgg16_bn_aa_s42/faces_rfwWM64/faces_rfwWM64/results.csv,UI_shared
aa4,VGG2k / AA4,r21vgg2k_vgg16_bn_aa_s42,face_transfer,124,two_shared_ui,RFW WM64,Faces,0.37,0.4,50,within_sampled_range,UI,129,95.83333333333334,runs/yin_noise_matrix_20260926/results/r21vgg2k_vgg16_bn_aa_s42/faces_rfwWM64/faces_rfwWM64/results.csv,UI_shared
aa4,VGG2k / AA4,r21vgg2k_vgg16_bn_aa_s42,face_transfer,124,two_shared_ui,RFW WM64,Faces,0.37,0.4,50,within_sampled_range,UI,130,91.66666666666666,runs/yin_noise_matrix_20260926/results/r21vgg2k_vgg16_bn_aa_s42/faces_rfwWM64/faces_rfwWM64/results.csv,UI_shared
aa4,VGG2k / AA4,r21vgg2k_vgg16_bn_aa_s42,face_transfer,124,two_shared_ui,RFW WM64,Faces,0.37,0.4,50,within_sampled_range,UI,131,95.83333333333334,runs/yin_noise_matrix_20260926/results/r21vgg2k_vgg16_bn_aa_s42/faces_rfwWM64/faces_rfwWM64/results.csv,UI_shared
aa4,VGG2k / AA4,r21vgg2k_vgg16_bn_aa_s42,face_transfer,124,two_shared_ui,RFW WM64,Faces,0.37,0.4,50,within_sampled_range,UI,132,91.66666666666666,runs/yin_noise_matrix_20260926/results/r21vgg2k_vgg16_bn_aa_s42/faces_rfwWM64/faces_rfwWM64/results.csv,UI_shared
aa4,VGG2k / AA4,r21vgg2k_vgg16_bn_aa_s42,face_transfer,124,two_shared_ui,RFW WM64,Faces,0.37,0.4,50,within_sampled_range,UI,133,87.5,runs/yin_noise_matrix_20260926/results/r21vgg2k_vgg16_bn_aa_s42/faces_rfwWM64/faces_rfwWM64/results.csv,UI_shared
aa4,VGG2k / AA4,r21vgg2k_vgg16_bn_aa_s42,face_transfer,124,two_shared_ui,RFW WM64,Faces,0.37,0.4,50,within_sampled_range,UI,134,91.66666666666666,runs/yin_noise_matrix_20260926/results/r21vgg2k_vgg16_bn_aa_s42/faces_rfwWM64/faces_rfwWM64/results.csv,UI_shared
aa4,VGG2k / AA4,r21vgg2k_vgg16_bn_aa_s42,face_transfer,124,two_shared_ui,RFW WM64,Faces,0.37,0.4,50,within_sampled_range,UI,135,87.5,runs/yin_noise_matrix_20260926/results/r21vgg2k_vgg16_bn_aa_s42/faces_rfwWM64/faces_rfwWM64/results.csv,UI_shared
aa4,VGG2k / AA4,r21vgg2k_vgg16_bn_aa_s42,face_transfer,124,two_shared_ui,RFW WM64,Faces,0.37,0.4,50,within_sampled_range,UI,136,95.83333333333334,runs/yin_noise_matrix_20260926/results/r21vgg2k_vgg16_bn_aa_s42/faces_rfwWM64/faces_rfwWM64/results.csv,UI_shared
aa4,VGG2k / AA4,r21vgg2k_vgg16_bn_aa_s42,face_transfer,124,two_shared_ui,RFW WM64,Faces,0.37,0.4,50,within_sampled_range,UI,137,87.5,runs/yin_noise_matrix_20260926/results/r21vgg2k_vgg16_bn_aa_s42/faces_rfwWM64/faces_rfwWM64/results.csv,UI_shared
aa4,VGG2k / AA4,r21vgg2k_vgg16_bn_aa_s42,face_transfer,124,two_shared_ui,RFW WM64,Faces,0.37,0.4,50,within_sampled_range,UI,138,95.83333333333334,runs/yin_noise_matrix_20260926/results/r21vgg2k_vgg16_bn_aa_s42/faces_rfwWM64/faces_rfwWM64/results.csv,UI_shared
aa4,VGG2k / AA4,r21vgg2k_vgg16_bn_aa_s42,face_transfer,124,two_shared_ui,RFW WM64,Faces,0.37,0.4,50,within_sampled_range,UI,139,79.16666666666666,runs/yin_noise_matrix_20260926/results/r21vgg2k_vgg16_bn_aa_s42/faces_rfwWM64/faces_rfwWM64/results.csv,UI_shared
aa4,VGG2k / AA4,r21vgg2k_vgg16_bn_aa_s42,face_transfer,124,two_shared_ui,RFW WM64,Faces,0.37,0.4,50,within_sampled_range,UI,140,91.66666666666666,runs/yin_noise_matrix_20260926/results/r21vgg2k_vgg16_bn_aa_s42/faces_rfwWM64/faces_rfwWM64/results.csv,UI_shared
aa4,VGG2k / AA4,r21vgg2k_vgg16_bn_aa_s42,face_transfer,124,two_shared_ui,RFW WM64,Faces,0.37,0.4,50,within_sampled_range,UI,141,87.5,runs/yin_noise_matrix_20260926/results/r21vgg2k_vgg16_bn_aa_s42/faces_rfwWM64/faces_rfwWM64/results.csv,UI_shared
aa4,VGG2k / AA4,r21vgg2k_vgg16_bn_aa_s42,face_transfer,124,two_shared_ui,RFW WM64,Faces,0.37,0.4,50,within_sampled_range,UI,142,91.66666666666666,runs/yin_noise_matrix_20260926/results/r21vgg2k_vgg16_bn_aa_s42/faces_rfwWM64/faces_rfwWM64/results.csv,UI_shared
aa4,VGG2k / AA4,r21vgg2k_vgg16_bn_aa_s42,face_transfer,124,two_shared_ui,RFW WM64,Faces,0.37,0.4,50,within_sampled_range,UI,143,87.5,runs/yin_noise_matrix_20260926/results/r21vgg2k_vgg16_bn_aa_s42/faces_rfwWM64/faces_rfwWM64/results.csv,UI_shared
aa4,VGG2k / AA4,r21vgg2k_vgg16_bn_aa_s42,face_transfer,124,two_shared_ui,RFW WM64,Faces,0.37,0.4,50,within_sampled_range,UI,144,95.83333333333334,runs/yin_noise_matrix_20260926/results/r21vgg2k_vgg16_bn_aa_s42/faces_rfwWM64/faces_rfwWM64/results.csv,UI_shared
aa4,VGG2k / AA4,r21vgg2k_vgg16_bn_aa_s42,face_transfer,124,two_shared_ui,RFW WM64,Faces,0.37,0.4,50,within_sampled_range,UI,145,95.83333333333334,runs/yin_noise_matrix_20260926/results/r21vgg2k_vgg16_bn_aa_s42/faces_rfwWM64/faces_rfwWM64/results.csv,UI_shared
aa4,VGG2k / AA4,r21vgg2k_vgg16_bn_aa_s42,face_transfer,124,two_shared_ui,RFW WM64,Faces,0.37,0.4,50,within_sampled_range,UI,146,91.66666666666666,runs/yin_noise_matrix_20260926/results/r21vgg2k_vgg16_bn_aa_s42/faces_rfwWM64/faces_rfwWM64/results.csv,UI_shared
aa4,VGG2k / AA4,r21vgg2k_vgg16_bn_aa_s42,face_transfer,124,two_shared_ui,RFW WM64,Faces,0.37,0.4,50,within_sampled_range,UI,147,91.66666666666666,runs/yin_noise_matrix_20260926/results/r21vgg2k_vgg16_bn_aa_s42/faces_rfwWM64/faces_rfwWM64/results.csv,UI_shared
aa4,VGG2k / AA4,r21vgg2k_vgg16_bn_aa_s42,face_transfer,124,two_shared_ui,RFW WM64,Faces,0.37,0.4,50,within_sampled_range,UI,148,95.83333333333334,runs/yin_noise_matrix_20260926/results/r21vgg2k_vgg16_bn_aa_s42/faces_rfwWM64/faces_rfwWM64/results.csv,UI_shared
aa4,VGG2k / AA4,r21vgg2k_vgg16_bn_aa_s42,face_transfer,124,two_shared_ui,RFW WM64,Faces,0.37,0.4,50,within_sampled_range,UI,149,91.66666666666666,runs/yin_noise_matrix_20260926/results/r21vgg2k_vgg16_bn_aa_s42/faces_rfwWM64/faces_rfwWM64/results.csv,UI_shared
aa4,VGG2k / AA4,r21vgg2k_vgg16_bn_aa_s42,face_transfer,124,two_shared_ui,RFW WM64,Faces,0.37,0.4,50,within_sampled_range,UI,150,83.33333333333334,runs/yin_noise_matrix_20260926/results/r21vgg2k_vgg16_bn_aa_s42/faces_rfwWM64/faces_rfwWM64/results.csv,UI_shared
aa4,VGG2k / AA4,r21vgg2k_vgg16_bn_aa_s42,face_transfer,124,two_shared_ui,RFW WM64,Faces,0.37,0.4,50,within_sampled_range,IU,101,75.0,runs/yin_noise_matrix_20260926/results/r21vgg2k_vgg16_bn_aa_s42/faces_rfwWM64/faces_rfwWM64/results.csv,IU
aa4,VGG2k / AA4,r21vgg2k_vgg16_bn_aa_s42,face_transfer,124,two_shared_ui,RFW WM64,Faces,0.37,0.4,50,within_sampled_range,IU,102,79.16666666666666,runs/yin_noise_matrix_20260926/results/r21vgg2k_vgg16_bn_aa_s42/faces_rfwWM64/faces_rfwWM64/results.csv,IU
aa4,VGG2k / AA4,r21vgg2k_vgg16_bn_aa_s42,face_transfer,124,two_shared_ui,RFW WM64,Faces,0.37,0.4,50,within_sampled_range,IU,103,87.5,runs/yin_noise_matrix_20260926/results/r21vgg2k_vgg16_bn_aa_s42/faces_rfwWM64/faces_rfwWM64/results.csv,IU
aa4,VGG2k / AA4,r21vgg2k_vgg16_bn_aa_s42,face_transfer,124,two_shared_ui,RFW WM64,Faces,0.37,0.4,50,within_sampled_range,IU,104,83.33333333333334,runs/yin_noise_matrix_20260926/results/r21vgg2k_vgg16_bn_aa_s42/faces_rfwWM64/faces_rfwWM64/results.csv,IU
aa4,VGG2k / AA4,r21vgg2k_vgg16_bn_aa_s42,face_transfer,124,two_shared_ui,RFW WM64,Faces,0.37,0.4,50,within_sampled_range,IU,105,70.83333333333334,runs/yin_noise_matrix_20260926/results/r21vgg2k_vgg16_bn_aa_s42/faces_rfwWM64/faces_rfwWM64/results.csv,IU
aa4,VGG2k / AA4,r21vgg2k_vgg16_bn_aa_s42,face_transfer,124,two_shared_ui,RFW WM64,Faces,0.37,0.4,50,within_sampled_range,IU,106,83.33333333333334,runs/yin_noise_matrix_20260926/results/r21vgg2k_vgg16_bn_aa_s42/faces_rfwWM64/faces_rfwWM64/results.csv,IU
aa4,VGG2k / AA4,r21vgg2k_vgg16_bn_aa_s42,face_transfer,124,two_shared_ui,RFW WM64,Faces,0.37,0.4,50,within_sampled_range,IU,107,91.66666666666666,runs/yin_noise_matrix_20260926/results/r21vgg2k_vgg16_bn_aa_s42/faces_rfwWM64/faces_rfwWM64/results.csv,IU
aa4,VGG2k / AA4,r21vgg2k_vgg16_bn_aa_s42,face_transfer,124,two_shared_ui,RFW WM64,Faces,0.37,0.4,50,within_sampled_range,IU,108,79.16666666666666,runs/yin_noise_matrix_20260926/results/r21vgg2k_vgg16_bn_aa_s42/faces_rfwWM64/faces_rfwWM64/results.csv,IU
aa4,VGG2k / AA4,r21vgg2k_vgg16_bn_aa_s42,face_transfer,124,two_shared_ui,RFW WM64,Faces,0.37,0.4,50,within_sampled_range,IU,109,87.5,runs/yin_noise_matrix_20260926/results/r21vgg2k_vgg16_bn_aa_s42/faces_rfwWM64/faces_rfwWM64/results.csv,IU
aa4,VGG2k / AA4,r21vgg2k_vgg16_bn_aa_s42,face_transfer,124,two_shared_ui,RFW WM64,Faces,0.37,0.4,50,within_sampled_range,IU,110,87.5,runs/yin_noise_matrix_20260926/results/r21vgg2k_vgg16_bn_aa_s42/faces_rfwWM64/faces_rfwWM64/results.csv,IU
aa4,VGG2k / AA4,r21vgg2k_vgg16_bn_aa_s42,face_transfer,124,two_shared_ui,RFW WM64,Faces,0.37,0.4,50,within_sampled_range,IU,111,79.16666666666666,runs/yin_noise_matrix_20260926/results/r21vgg2k_vgg16_bn_aa_s42/faces_rfwWM64/faces_rfwWM64/results.csv,IU
aa4,VGG2k / AA4,r21vgg2k_vgg16_bn_aa_s42,face_transfer,124,two_shared_ui,RFW WM64,Faces,0.37,0.4,50,within_sampled_range,IU,112,91.66666666666666,runs/yin_noise_matrix_20260926/results/r21vgg2k_vgg16_bn_aa_s42/faces_rfwWM64/faces_rfwWM64/results.csv,IU
aa4,VGG2k / AA4,r21vgg2k_vgg16_bn_aa_s42,face_transfer,124,two_shared_ui,RFW WM64,Faces,0.37,0.4,50,within_sampled_range,IU,113,83.33333333333334,runs/yin_noise_matrix_20260926/results/r21vgg2k_vgg16_bn_aa_s42/faces_rfwWM64/faces_rfwWM64/results.csv,IU
aa4,VGG2k / AA4,r21vgg2k_vgg16_bn_aa_s42,face_transfer,124,two_shared_ui,RFW WM64,Faces,0.37,0.4,50,within_sampled_range,IU,114,79.16666666666666,runs/yin_noise_matrix_20260926/results/r21vgg2k_vgg16_bn_aa_s42/faces_rfwWM64/faces_rfwWM64/results.csv,IU
aa4,VGG2k / AA4,r21vgg2k_vgg16_bn_aa_s42,face_transfer,124,two_shared_ui,RFW WM64,Faces,0.37,0.4,50,within_sampled_range,IU,115,91.66666666666666,runs/yin_noise_matrix_20260926/results/r21vgg2k_vgg16_bn_aa_s42/faces_rfwWM64/faces_rfwWM64/results.csv,IU
aa4,VGG2k / AA4,r21vgg2k_vgg16_bn_aa_s42,face_transfer,124,two_shared_ui,RFW WM64,Faces,0.37,0.4,50,within_sampled_range,IU,116,91.66666666666666,runs/yin_noise_matrix_20260926/results/r21vgg2k_vgg16_bn_aa_s42/faces_rfwWM64/faces_rfwWM64/results.csv,IU
aa4,VGG2k / AA4,r21vgg2k_vgg16_bn_aa_s42,face_transfer,124,two_shared_ui,RFW WM64,Faces,0.37,0.4,50,within_sampled_range,IU,117,70.83333333333334,runs/yin_noise_matrix_20260926/results/r21vgg2k_vgg16_bn_aa_s42/faces_rfwWM64/faces_rfwWM64/results.csv,IU
aa4,VGG2k / AA4,r21vgg2k_vgg16_bn_aa_s42,face_transfer,124,two_shared_ui,RFW WM64,Faces,0.37,0.4,50,within_sampled_range,IU,118,79.16666666666666,runs/yin_noise_matrix_20260926/results/r21vgg2k_vgg16_bn_aa_s42/faces_rfwWM64/faces_rfwWM64/results.csv,IU
aa4,VGG2k / AA4,r21vgg2k_vgg16_bn_aa_s42,face_transfer,124,two_shared_ui,RFW WM64,Faces,0.37,0.4,50,within_sampled_range,IU,119,87.5,runs/yin_noise_matrix_20260926/results/r21vgg2k_vgg16_bn_aa_s42/faces_rfwWM64/faces_rfwWM64/results.csv,IU
aa4,VGG2k / AA4,r21vgg2k_vgg16_bn_aa_s42,face_transfer,124,two_shared_ui,RFW WM64,Faces,0.37,0.4,50,within_sampled_range,IU,120,83.33333333333334,runs/yin_noise_matrix_20260926/results/r21vgg2k_vgg16_bn_aa_s42/faces_rfwWM64/faces_rfwWM64/results.csv,IU
aa4,VGG2k / AA4,r21vgg2k_vgg16_bn_aa_s42,face_transfer,124,two_shared_ui,RFW WM64,Faces,0.37,0.4,50,within_sampled_range,IU,121,79.16666666666666,runs/yin_noise_matrix_20260926/results/r21vgg2k_vgg16_bn_aa_s42/faces_rfwWM64/faces_rfwWM64/results.csv,IU
aa4,VGG2k / AA4,r21vgg2k_vgg16_bn_aa_s42,face_transfer,124,two_shared_ui,RFW WM64,Faces,0.37,0.4,50,within_sampled_range,IU,122,91.66666666666666,runs/yin_noise_matrix_20260926/results/r21vgg2k_vgg16_bn_aa_s42/faces_rfwWM64/faces_rfwWM64/results.csv,IU
aa4,VGG2k / AA4,r21vgg2k_vgg16_bn_aa_s42,face_transfer,124,two_shared_ui,RFW WM64,Faces,0.37,0.4,50,within_sampled_range,IU,123,91.66666666666666,runs/yin_noise_matrix_20260926/results/r21vgg2k_vgg16_bn_aa_s42/faces_rfwWM64/faces_rfwWM64/results.csv,IU
aa4,VGG2k / AA4,r21vgg2k_vgg16_bn_aa_s42,face_transfer,124,two_shared_ui,RFW WM64,Faces,0.37,0.4,50,within_sampled_range,IU,124,79.16666666666666,runs/yin_noise_matrix_20260926/results/r21vgg2k_vgg16_bn_aa_s42/faces_rfwWM64/faces_rfwWM64/results.csv,IU
aa4,VGG2k / AA4,r21vgg2k_vgg16_bn_aa_s42,face_transfer,124,two_shared_ui,RFW WM64,Faces,0.37,0.4,50,within_sampled_range,IU,125,62.5,runs/yin_noise_matrix_20260926/results/r21vgg2k_vgg16_bn_aa_s42/faces_rfwWM64/faces_rfwWM64/results.csv,IU
aa4,VGG2k / AA4,r21vgg2k_vgg16_bn_aa_s42,face_transfer,124,two_shared_ui,RFW WM64,Faces,0.37,0.4,50,within_sampled_range,IU,126,75.0,runs/yin_noise_matrix_20260926/results/r21vgg2k_vgg16_bn_aa_s42/faces_rfwWM64/faces_rfwWM64/results.csv,IU
aa4,VGG2k / AA4,r21vgg2k_vgg16_bn_aa_s42,face_transfer,124,two_shared_ui,RFW WM64,Faces,0.37,0.4,50,within_sampled_range,IU,127,83.33333333333334,runs/yin_noise_matrix_20260926/results/r21vgg2k_vgg16_bn_aa_s42/faces_rfwWM64/faces_rfwWM64/results.csv,IU
aa4,VGG2k / AA4,r21vgg2k_vgg16_bn_aa_s42,face_transfer,124,two_shared_ui,RFW WM64,Faces,0.37,0.4,50,within_sampled_range,IU,128,75.0,runs/yin_noise_matrix_20260926/results/r21vgg2k_vgg16_bn_aa_s42/faces_rfwWM64/faces_rfwWM64/results.csv,IU
aa4,VGG2k / AA4,r21vgg2k_vgg16_bn_aa_s42,face_transfer,124,two_shared_ui,RFW WM64,Faces,0.37,0.4,50,within_sampled_range,IU,129,75.0,runs/yin_noise_matrix_20260926/results/r21vgg2k_vgg16_bn_aa_s42/faces_rfwWM64/faces_rfwWM64/results.csv,IU
aa4,VGG2k / AA4,r21vgg2k_vgg16_bn_aa_s42,face_transfer,124,two_shared_ui,RFW WM64,Faces,0.37,0.4,50,within_sampled_range,IU,130,79.16666666666666,runs/yin_noise_matrix_20260926/results/r21vgg2k_vgg16_bn_aa_s42/faces_rfwWM64/faces_rfwWM64/results.csv,IU
aa4,VGG2k / AA4,r21vgg2k_vgg16_bn_aa_s42,face_transfer,124,two_shared_ui,RFW WM64,Faces,0.37,0.4,50,within_sampled_range,IU,131,87.5,runs/yin_noise_matrix_20260926/results/r21vgg2k_vgg16_bn_aa_s42/faces_rfwWM64/faces_rfwWM64/results.csv,IU
aa4,VGG2k / AA4,r21vgg2k_vgg16_bn_aa_s42,face_transfer,124,two_shared_ui,RFW WM64,Faces,0.37,0.4,50,within_sampled_range,IU,132,79.16666666666666,runs/yin_noise_matrix_20260926/results/r21vgg2k_vgg16_bn_aa_s42/faces_rfwWM64/faces_rfwWM64/results.csv,IU
aa4,VGG2k / AA4,r21vgg2k_vgg16_bn_aa_s42,face_transfer,124,two_shared_ui,RFW WM64,Faces,0.37,0.4,50,within_sampled_range,IU,133,70.83333333333334,runs/yin_noise_matrix_20260926/results/r21vgg2k_vgg16_bn_aa_s42/faces_rfwWM64/faces_rfwWM64/results.csv,IU
aa4,VGG2k / AA4,r21vgg2k_vgg16_bn_aa_s42,face_transfer,124,two_shared_ui,RFW WM64,Faces,0.37,0.4,50,within_sampled_range,IU,134,83.33333333333334,runs/yin_noise_matrix_20260926/results/r21vgg2k_vgg16_bn_aa_s42/faces_rfwWM64/faces_rfwWM64/results.csv,IU
aa4,VGG2k / AA4,r21vgg2k_vgg16_bn_aa_s42,face_transfer,124,two_shared_ui,RFW WM64,Faces,0.37,0.4,50,within_sampled_range,IU,135,79.16666666666666,runs/yin_noise_matrix_20260926/results/r21vgg2k_vgg16_bn_aa_s42/faces_rfwWM64/faces_rfwWM64/results.csv,IU
aa4,VGG2k / AA4,r21vgg2k_vgg16_bn_aa_s42,face_transfer,124,two_shared_ui,RFW WM64,Faces,0.37,0.4,50,within_sampled_range,IU,136,95.83333333333334,runs/yin_noise_matrix_20260926/results/r21vgg2k_vgg16_bn_aa_s42/faces_rfwWM64/faces_rfwWM64/results.csv,IU
aa4,VGG2k / AA4,r21vgg2k_vgg16_bn_aa_s42,face_transfer,124,two_shared_ui,RFW WM64,Faces,0.37,0.4,50,within_sampled_range,IU,137,91.66666666666666,runs/yin_noise_matrix_20260926/results/r21vgg2k_vgg16_bn_aa_s42/faces_rfwWM64/faces_rfwWM64/results.csv,IU
aa4,VGG2k / AA4,r21vgg2k_vgg16_bn_aa_s42,face_transfer,124,two_shared_ui,RFW WM64,Faces,0.37,0.4,50,within_sampled_range,IU,138,91.66666666666666,runs/yin_noise_matrix_20260926/results/r21vgg2k_vgg16_bn_aa_s42/faces_rfwWM64/faces_rfwWM64/results.csv,IU
aa4,VGG2k / AA4,r21vgg2k_vgg16_bn_aa_s42,face_transfer,124,two_shared_ui,RFW WM64,Faces,0.37,0.4,50,within_sampled_range,IU,139,83.33333333333334,runs/yin_noise_matrix_20260926/results/r21vgg2k_vgg16_bn_aa_s42/faces_rfwWM64/faces_rfwWM64/results.csv,IU
aa4,VGG2k / AA4,r21vgg2k_vgg16_bn_aa_s42,face_transfer,124,two_shared_ui,RFW WM64,Faces,0.37,0.4,50,within_sampled_range,IU,140,83.33333333333334,runs/yin_noise_matrix_20260926/results/r21vgg2k_vgg16_bn_aa_s42/faces_rfwWM64/faces_rfwWM64/results.csv,IU
aa4,VGG2k / AA4,r21vgg2k_vgg16_bn_aa_s42,face_transfer,124,two_shared_ui,RFW WM64,Faces,0.37,0.4,50,within_sampled_range,IU,141,75.0,runs/yin_noise_matrix_20260926/results/r21vgg2k_vgg16_bn_aa_s42/faces_rfwWM64/faces_rfwWM64/results.csv,IU
aa4,VGG2k / AA4,r21vgg2k_vgg16_bn_aa_s42,face_transfer,124,two_shared_ui,RFW WM64,Faces,0.37,0.4,50,within_sampled_range,IU,142,91.66666666666666,runs/yin_noise_matrix_20260926/results/r21vgg2k_vgg16_bn_aa_s42/faces_rfwWM64/faces_rfwWM64/results.csv,IU
aa4,VGG2k / AA4,r21vgg2k_vgg16_bn_aa_s42,face_transfer,124,two_shared_ui,RFW WM64,Faces,0.37,0.4,50,within_sampled_range,IU,143,91.66666666666666,runs/yin_noise_matrix_20260926/results/r21vgg2k_vgg16_bn_aa_s42/faces_rfwWM64/faces_rfwWM64/results.csv,IU
aa4,VGG2k / AA4,r21vgg2k_vgg16_bn_aa_s42,face_transfer,124,two_shared_ui,RFW WM64,Faces,0.37,0.4,50,within_sampled_range,IU,144,83.33333333333334,runs/yin_noise_matrix_20260926/results/r21vgg2k_vgg16_bn_aa_s42/faces_rfwWM64/faces_rfwWM64/results.csv,IU
aa4,VGG2k / AA4,r21vgg2k_vgg16_bn_aa_s42,face_transfer,124,two_shared_ui,RFW WM64,Faces,0.37,0.4,50,within_sampled_range,IU,145,83.33333333333334,runs/yin_noise_matrix_20260926/results/r21vgg2k_vgg16_bn_aa_s42/faces_rfwWM64/faces_rfwWM64/results.csv,IU
aa4,VGG2k / AA4,r21vgg2k_vgg16_bn_aa_s42,face_transfer,124,two_shared_ui,RFW WM64,Faces,0.37,0.4,50,within_sampled_range,IU,146,91.66666666666666,runs/yin_noise_matrix_20260926/results/r21vgg2k_vgg16_bn_aa_s42/faces_rfwWM64/faces_rfwWM64/results.csv,IU
aa4,VGG2k / AA4,r21vgg2k_vgg16_bn_aa_s42,face_transfer,124,two_shared_ui,RFW WM64,Faces,0.37,0.4,50,within_sampled_range,IU,147,83.33333333333334,runs/yin_noise_matrix_20260926/results/r21vgg2k_vgg16_bn_aa_s42/faces_rfwWM64/faces_rfwWM64/results.csv,IU
aa4,VGG2k / AA4,r21vgg2k_vgg16_bn_aa_s42,face_transfer,124,two_shared_ui,RFW WM64,Faces,0.37,0.4,50,within_sampled_range,IU,148,79.16666666666666,runs/yin_noise_matrix_20260926/results/r21vgg2k_vgg16_bn_aa_s42/faces_rfwWM64/faces_rfwWM64/results.csv,IU
aa4,VGG2k / AA4,r21vgg2k_vgg16_bn_aa_s42,face_transfer,124,two_shared_ui,RFW WM64,Faces,0.37,0.4,50,within_sampled_range,IU,149,83.33333333333334,runs/yin_noise_matrix_20260926/results/r21vgg2k_vgg16_bn_aa_s42/faces_rfwWM64/faces_rfwWM64/results.csv,IU
aa4,VGG2k / AA4,r21vgg2k_vgg16_bn_aa_s42,face_transfer,124,two_shared_ui,RFW WM64,Faces,0.37,0.4,50,within_sampled_range,IU,150,75.0,runs/yin_noise_matrix_20260926/results/r21vgg2k_vgg16_bn_aa_s42/faces_rfwWM64/faces_rfwWM64/results.csv,IU
aa4,VGG2k / AA4,r21vgg2k_vgg16_bn_aa_s42,face_transfer,124,single_uu,RFW WM64,Objects,0.37,,50,within_sampled_range,UU,101,83.33333333333334,runs/yin_single_noise_20260925/results/r21vgg2k_vgg16_bn_aa_s42/faces_rfwWM64/objects/results.csv,UU
aa4,VGG2k / AA4,r21vgg2k_vgg16_bn_aa_s42,face_transfer,124,single_uu,RFW WM64,Objects,0.37,,50,within_sampled_range,UU,102,91.66666666666666,runs/yin_single_noise_20260925/results/r21vgg2k_vgg16_bn_aa_s42/faces_rfwWM64/objects/results.csv,UU
aa4,VGG2k / AA4,r21vgg2k_vgg16_bn_aa_s42,face_transfer,124,single_uu,RFW WM64,Objects,0.37,,50,within_sampled_range,UU,103,87.5,runs/yin_single_noise_20260925/results/r21vgg2k_vgg16_bn_aa_s42/faces_rfwWM64/objects/results.csv,UU
aa4,VGG2k / AA4,r21vgg2k_vgg16_bn_aa_s42,face_transfer,124,single_uu,RFW WM64,Objects,0.37,,50,within_sampled_range,UU,104,100.0,runs/yin_single_noise_20260925/results/r21vgg2k_vgg16_bn_aa_s42/faces_rfwWM64/objects/results.csv,UU
aa4,VGG2k / AA4,r21vgg2k_vgg16_bn_aa_s42,face_transfer,124,single_uu,RFW WM64,Objects,0.37,,50,within_sampled_range,UU,105,87.5,runs/yin_single_noise_20260925/results/r21vgg2k_vgg16_bn_aa_s42/faces_rfwWM64/objects/results.csv,UU
aa4,VGG2k / AA4,r21vgg2k_vgg16_bn_aa_s42,face_transfer,124,single_uu,RFW WM64,Objects,0.37,,50,within_sampled_range,UU,106,91.66666666666666,runs/yin_single_noise_20260925/results/r21vgg2k_vgg16_bn_aa_s42/faces_rfwWM64/objects/results.csv,UU
aa4,VGG2k / AA4,r21vgg2k_vgg16_bn_aa_s42,face_transfer,124,single_uu,RFW WM64,Objects,0.37,,50,within_sampled_range,UU,107,79.16666666666666,runs/yin_single_noise_20260925/results/r21vgg2k_vgg16_bn_aa_s42/faces_rfwWM64/objects/results.csv,UU
aa4,VGG2k / AA4,r21vgg2k_vgg16_bn_aa_s42,face_transfer,124,single_uu,RFW WM64,Objects,0.37,,50,within_sampled_range,UU,108,95.83333333333334,runs/yin_single_noise_20260925/results/r21vgg2k_vgg16_bn_aa_s42/faces_rfwWM64/objects/results.csv,UU
aa4,VGG2k / AA4,r21vgg2k_vgg16_bn_aa_s42,face_transfer,124,single_uu,RFW WM64,Objects,0.37,,50,within_sampled_range,UU,109,100.0,runs/yin_single_noise_20260925/results/r21vgg2k_vgg16_bn_aa_s42/faces_rfwWM64/objects/results.csv,UU
aa4,VGG2k / AA4,r21vgg2k_vgg16_bn_aa_s42,face_transfer,124,single_uu,RFW WM64,Objects,0.37,,50,within_sampled_range,UU,110,95.83333333333334,runs/yin_single_noise_20260925/results/r21vgg2k_vgg16_bn_aa_s42/faces_rfwWM64/objects/results.csv,UU
aa4,VGG2k / AA4,r21vgg2k_vgg16_bn_aa_s42,face_transfer,124,single_uu,RFW WM64,Objects,0.37,,50,within_sampled_range,UU,111,95.83333333333334,runs/yin_single_noise_20260925/results/r21vgg2k_vgg16_bn_aa_s42/faces_rfwWM64/objects/results.csv,UU
aa4,VGG2k / AA4,r21vgg2k_vgg16_bn_aa_s42,face_transfer,124,single_uu,RFW WM64,Objects,0.37,,50,within_sampled_range,UU,112,95.83333333333334,runs/yin_single_noise_20260925/results/r21vgg2k_vgg16_bn_aa_s42/faces_rfwWM64/objects/results.csv,UU
aa4,VGG2k / AA4,r21vgg2k_vgg16_bn_aa_s42,face_transfer,124,single_uu,RFW WM64,Objects,0.37,,50,within_sampled_range,UU,113,100.0,runs/yin_single_noise_20260925/results/r21vgg2k_vgg16_bn_aa_s42/faces_rfwWM64/objects/results.csv,UU
aa4,VGG2k / AA4,r21vgg2k_vgg16_bn_aa_s42,face_transfer,124,single_uu,RFW WM64,Objects,0.37,,50,within_sampled_range,UU,114,79.16666666666666,runs/yin_single_noise_20260925/results/r21vgg2k_vgg16_bn_aa_s42/faces_rfwWM64/objects/results.csv,UU
aa4,VGG2k / AA4,r21vgg2k_vgg16_bn_aa_s42,face_transfer,124,single_uu,RFW WM64,Objects,0.37,,50,within_sampled_range,UU,115,83.33333333333334,runs/yin_single_noise_20260925/results/r21vgg2k_vgg16_bn_aa_s42/faces_rfwWM64/objects/results.csv,UU
aa4,VGG2k / AA4,r21vgg2k_vgg16_bn_aa_s42,face_transfer,124,single_uu,RFW WM64,Objects,0.37,,50,within_sampled_range,UU,116,95.83333333333334,runs/yin_single_noise_20260925/results/r21vgg2k_vgg16_bn_aa_s42/faces_rfwWM64/objects/results.csv,UU
aa4,VGG2k / AA4,r21vgg2k_vgg16_bn_aa_s42,face_transfer,124,single_uu,RFW WM64,Objects,0.37,,50,within_sampled_range,UU,117,100.0,runs/yin_single_noise_20260925/results/r21vgg2k_vgg16_bn_aa_s42/faces_rfwWM64/objects/results.csv,UU
aa4,VGG2k / AA4,r21vgg2k_vgg16_bn_aa_s42,face_transfer,124,single_uu,RFW WM64,Objects,0.37,,50,within_sampled_range,UU,118,100.0,runs/yin_single_noise_20260925/results/r21vgg2k_vgg16_bn_aa_s42/faces_rfwWM64/objects/results.csv,UU
aa4,VGG2k / AA4,r21vgg2k_vgg16_bn_aa_s42,face_transfer,124,single_uu,RFW WM64,Objects,0.37,,50,within_sampled_range,UU,119,100.0,runs/yin_single_noise_20260925/results/r21vgg2k_vgg16_bn_aa_s42/faces_rfwWM64/objects/results.csv,UU
aa4,VGG2k / AA4,r21vgg2k_vgg16_bn_aa_s42,face_transfer,124,single_uu,RFW WM64,Objects,0.37,,50,within_sampled_range,UU,120,95.83333333333334,runs/yin_single_noise_20260925/results/r21vgg2k_vgg16_bn_aa_s42/faces_rfwWM64/objects/results.csv,UU
aa4,VGG2k / AA4,r21vgg2k_vgg16_bn_aa_s42,face_transfer,124,single_uu,RFW WM64,Objects,0.37,,50,within_sampled_range,UU,121,100.0,runs/yin_single_noise_20260925/results/r21vgg2k_vgg16_bn_aa_s42/faces_rfwWM64/objects/results.csv,UU
aa4,VGG2k / AA4,r21vgg2k_vgg16_bn_aa_s42,face_transfer,124,single_uu,RFW WM64,Objects,0.37,,50,within_sampled_range,UU,122,91.66666666666666,runs/yin_single_noise_20260925/results/r21vgg2k_vgg16_bn_aa_s42/faces_rfwWM64/objects/results.csv,UU
aa4,VGG2k / AA4,r21vgg2k_vgg16_bn_aa_s42,face_transfer,124,single_uu,RFW WM64,Objects,0.37,,50,within_sampled_range,UU,123,91.66666666666666,runs/yin_single_noise_20260925/results/r21vgg2k_vgg16_bn_aa_s42/faces_rfwWM64/objects/results.csv,UU
aa4,VGG2k / AA4,r21vgg2k_vgg16_bn_aa_s42,face_transfer,124,single_uu,RFW WM64,Objects,0.37,,50,within_sampled_range,UU,124,91.66666666666666,runs/yin_single_noise_20260925/results/r21vgg2k_vgg16_bn_aa_s42/faces_rfwWM64/objects/results.csv,UU
aa4,VGG2k / AA4,r21vgg2k_vgg16_bn_aa_s42,face_transfer,124,single_uu,RFW WM64,Objects,0.37,,50,within_sampled_range,UU,125,91.66666666666666,runs/yin_single_noise_20260925/results/r21vgg2k_vgg16_bn_aa_s42/faces_rfwWM64/objects/results.csv,UU
aa4,VGG2k / AA4,r21vgg2k_vgg16_bn_aa_s42,face_transfer,124,single_uu,RFW WM64,Objects,0.37,,50,within_sampled_range,UU,126,95.83333333333334,runs/yin_single_noise_20260925/results/r21vgg2k_vgg16_bn_aa_s42/faces_rfwWM64/objects/results.csv,UU
aa4,VGG2k / AA4,r21vgg2k_vgg16_bn_aa_s42,face_transfer,124,single_uu,RFW WM64,Objects,0.37,,50,within_sampled_range,UU,127,91.66666666666666,runs/yin_single_noise_20260925/results/r21vgg2k_vgg16_bn_aa_s42/faces_rfwWM64/objects/results.csv,UU
aa4,VGG2k / AA4,r21vgg2k_vgg16_bn_aa_s42,face_transfer,124,single_uu,RFW WM64,Objects,0.37,,50,within_sampled_range,UU,128,95.83333333333334,runs/yin_single_noise_20260925/results/r21vgg2k_vgg16_bn_aa_s42/faces_rfwWM64/objects/results.csv,UU
aa4,VGG2k / AA4,r21vgg2k_vgg16_bn_aa_s42,face_transfer,124,single_uu,RFW WM64,Objects,0.37,,50,within_sampled_range,UU,129,91.66666666666666,runs/yin_single_noise_20260925/results/r21vgg2k_vgg16_bn_aa_s42/faces_rfwWM64/objects/results.csv,UU
aa4,VGG2k / AA4,r21vgg2k_vgg16_bn_aa_s42,face_transfer,124,single_uu,RFW WM64,Objects,0.37,,50,within_sampled_range,UU,130,95.83333333333334,runs/yin_single_noise_20260925/results/r21vgg2k_vgg16_bn_aa_s42/faces_rfwWM64/objects/results.csv,UU
aa4,VGG2k / AA4,r21vgg2k_vgg16_bn_aa_s42,face_transfer,124,single_uu,RFW WM64,Objects,0.37,,50,within_sampled_range,UU,131,95.83333333333334,runs/yin_single_noise_20260925/results/r21vgg2k_vgg16_bn_aa_s42/faces_rfwWM64/objects/results.csv,UU
aa4,VGG2k / AA4,r21vgg2k_vgg16_bn_aa_s42,face_transfer,124,single_uu,RFW WM64,Objects,0.37,,50,within_sampled_range,UU,132,100.0,runs/yin_single_noise_20260925/results/r21vgg2k_vgg16_bn_aa_s42/faces_rfwWM64/objects/results.csv,UU
aa4,VGG2k / AA4,r21vgg2k_vgg16_bn_aa_s42,face_transfer,124,single_uu,RFW WM64,Objects,0.37,,50,within_sampled_range,UU,133,87.5,runs/yin_single_noise_20260925/results/r21vgg2k_vgg16_bn_aa_s42/faces_rfwWM64/objects/results.csv,UU
aa4,VGG2k / AA4,r21vgg2k_vgg16_bn_aa_s42,face_transfer,124,single_uu,RFW WM64,Objects,0.37,,50,within_sampled_range,UU,134,91.66666666666666,runs/yin_single_noise_20260925/results/r21vgg2k_vgg16_bn_aa_s42/faces_rfwWM64/objects/results.csv,UU
aa4,VGG2k / AA4,r21vgg2k_vgg16_bn_aa_s42,face_transfer,124,single_uu,RFW WM64,Objects,0.37,,50,within_sampled_range,UU,135,91.66666666666666,runs/yin_single_noise_20260925/results/r21vgg2k_vgg16_bn_aa_s42/faces_rfwWM64/objects/results.csv,UU
aa4,VGG2k / AA4,r21vgg2k_vgg16_bn_aa_s42,face_transfer,124,single_uu,RFW WM64,Objects,0.37,,50,within_sampled_range,UU,136,91.66666666666666,runs/yin_single_noise_20260925/results/r21vgg2k_vgg16_bn_aa_s42/faces_rfwWM64/objects/results.csv,UU
aa4,VGG2k / AA4,r21vgg2k_vgg16_bn_aa_s42,face_transfer,124,single_uu,RFW WM64,Objects,0.37,,50,within_sampled_range,UU,137,95.83333333333334,runs/yin_single_noise_20260925/results/r21vgg2k_vgg16_bn_aa_s42/faces_rfwWM64/objects/results.csv,UU
aa4,VGG2k / AA4,r21vgg2k_vgg16_bn_aa_s42,face_transfer,124,single_uu,RFW WM64,Objects,0.37,,50,within_sampled_range,UU,138,91.66666666666666,runs/yin_single_noise_20260925/results/r21vgg2k_vgg16_bn_aa_s42/faces_rfwWM64/objects/results.csv,UU
aa4,VGG2k / AA4,r21vgg2k_vgg16_bn_aa_s42,face_transfer,124,single_uu,RFW WM64,Objects,0.37,,50,within_sampled_range,UU,139,87.5,runs/yin_single_noise_20260925/results/r21vgg2k_vgg16_bn_aa_s42/faces_rfwWM64/objects/results.csv,UU
aa4,VGG2k / AA4,r21vgg2k_vgg16_bn_aa_s42,face_transfer,124,single_uu,RFW WM64,Objects,0.37,,50,within_sampled_range,UU,140,95.83333333333334,runs/yin_single_noise_20260925/results/r21vgg2k_vgg16_bn_aa_s42/faces_rfwWM64/objects/results.csv,UU
aa4,VGG2k / AA4,r21vgg2k_vgg16_bn_aa_s42,face_transfer,124,single_uu,RFW WM64,Objects,0.37,,50,within_sampled_range,UU,141,91.66666666666666,runs/yin_single_noise_20260925/results/r21vgg2k_vgg16_bn_aa_s42/faces_rfwWM64/objects/results.csv,UU
aa4,VGG2k / AA4,r21vgg2k_vgg16_bn_aa_s42,face_transfer,124,single_uu,RFW WM64,Objects,0.37,,50,within_sampled_range,UU,142,91.66666666666666,runs/yin_single_noise_20260925/results/r21vgg2k_vgg16_bn_aa_s42/faces_rfwWM64/objects/results.csv,UU
aa4,VGG2k / AA4,r21vgg2k_vgg16_bn_aa_s42,face_transfer,124,single_uu,RFW WM64,Objects,0.37,,50,within_sampled_range,UU,143,91.66666666666666,runs/yin_single_noise_20260925/results/r21vgg2k_vgg16_bn_aa_s42/faces_rfwWM64/objects/results.csv,UU
aa4,VGG2k / AA4,r21vgg2k_vgg16_bn_aa_s42,face_transfer,124,single_uu,RFW WM64,Objects,0.37,,50,within_sampled_range,UU,144,95.83333333333334,runs/yin_single_noise_20260925/results/r21vgg2k_vgg16_bn_aa_s42/faces_rfwWM64/objects/results.csv,UU
aa4,VGG2k / AA4,r21vgg2k_vgg16_bn_aa_s42,face_transfer,124,single_uu,RFW WM64,Objects,0.37,,50,within_sampled_range,UU,145,91.66666666666666,runs/yin_single_noise_20260925/results/r21vgg2k_vgg16_bn_aa_s42/faces_rfwWM64/objects/results.csv,UU
aa4,VGG2k / AA4,r21vgg2k_vgg16_bn_aa_s42,face_transfer,124,single_uu,RFW WM64,Objects,0.37,,50,within_sampled_range,UU,146,95.83333333333334,runs/yin_single_noise_20260925/results/r21vgg2k_vgg16_bn_aa_s42/faces_rfwWM64/objects/results.csv,UU
aa4,VGG2k / AA4,r21vgg2k_vgg16_bn_aa_s42,face_transfer,124,single_uu,RFW WM64,Objects,0.37,,50,within_sampled_range,UU,147,95.83333333333334,runs/yin_single_noise_20260925/results/r21vgg2k_vgg16_bn_aa_s42/faces_rfwWM64/objects/results.csv,UU
aa4,VGG2k / AA4,r21vgg2k_vgg16_bn_aa_s42,face_transfer,124,single_uu,RFW WM64,Objects,0.37,,50,within_sampled_range,UU,148,95.83333333333334,runs/yin_single_noise_20260925/results/r21vgg2k_vgg16_bn_aa_s42/faces_rfwWM64/objects/results.csv,UU
aa4,VGG2k / AA4,r21vgg2k_vgg16_bn_aa_s42,face_transfer,124,single_uu,RFW WM64,Objects,0.37,,50,within_sampled_range,UU,149,91.66666666666666,runs/yin_single_noise_20260925/results/r21vgg2k_vgg16_bn_aa_s42/faces_rfwWM64/objects/results.csv,UU
aa4,VGG2k / AA4,r21vgg2k_vgg16_bn_aa_s42,face_transfer,124,single_uu,RFW WM64,Objects,0.37,,50,within_sampled_range,UU,150,91.66666666666666,runs/yin_single_noise_20260925/results/r21vgg2k_vgg16_bn_aa_s42/faces_rfwWM64/objects/results.csv,UU
aa4,VGG2k / AA4,r21vgg2k_vgg16_bn_aa_s42,face_transfer,124,single_uu,RFW WM64,Objects,0.37,,50,within_sampled_range,II,101,91.66666666666666,runs/yin_single_noise_20260925/results/r21vgg2k_vgg16_bn_aa_s42/faces_rfwWM64/objects/results.csv,II
aa4,VGG2k / AA4,r21vgg2k_vgg16_bn_aa_s42,face_transfer,124,single_uu,RFW WM64,Objects,0.37,,50,within_sampled_range,II,102,100.0,runs/yin_single_noise_20260925/results/r21vgg2k_vgg16_bn_aa_s42/faces_rfwWM64/objects/results.csv,II
aa4,VGG2k / AA4,r21vgg2k_vgg16_bn_aa_s42,face_transfer,124,single_uu,RFW WM64,Objects,0.37,,50,within_sampled_range,II,103,100.0,runs/yin_single_noise_20260925/results/r21vgg2k_vgg16_bn_aa_s42/faces_rfwWM64/objects/results.csv,II
aa4,VGG2k / AA4,r21vgg2k_vgg16_bn_aa_s42,face_transfer,124,single_uu,RFW WM64,Objects,0.37,,50,within_sampled_range,II,104,100.0,runs/yin_single_noise_20260925/results/r21vgg2k_vgg16_bn_aa_s42/faces_rfwWM64/objects/results.csv,II
aa4,VGG2k / AA4,r21vgg2k_vgg16_bn_aa_s42,face_transfer,124,single_uu,RFW WM64,Objects,0.37,,50,within_sampled_range,II,105,95.83333333333334,runs/yin_single_noise_20260925/results/r21vgg2k_vgg16_bn_aa_s42/faces_rfwWM64/objects/results.csv,II
aa4,VGG2k / AA4,r21vgg2k_vgg16_bn_aa_s42,face_transfer,124,single_uu,RFW WM64,Objects,0.37,,50,within_sampled_range,II,106,100.0,runs/yin_single_noise_20260925/results/r21vgg2k_vgg16_bn_aa_s42/faces_rfwWM64/objects/results.csv,II
aa4,VGG2k / AA4,r21vgg2k_vgg16_bn_aa_s42,face_transfer,124,single_uu,RFW WM64,Objects,0.37,,50,within_sampled_range,II,107,95.83333333333334,runs/yin_single_noise_20260925/results/r21vgg2k_vgg16_bn_aa_s42/faces_rfwWM64/objects/results.csv,II
aa4,VGG2k / AA4,r21vgg2k_vgg16_bn_aa_s42,face_transfer,124,single_uu,RFW WM64,Objects,0.37,,50,within_sampled_range,II,108,91.66666666666666,runs/yin_single_noise_20260925/results/r21vgg2k_vgg16_bn_aa_s42/faces_rfwWM64/objects/results.csv,II
aa4,VGG2k / AA4,r21vgg2k_vgg16_bn_aa_s42,face_transfer,124,single_uu,RFW WM64,Objects,0.37,,50,within_sampled_range,II,109,91.66666666666666,runs/yin_single_noise_20260925/results/r21vgg2k_vgg16_bn_aa_s42/faces_rfwWM64/objects/results.csv,II
aa4,VGG2k / AA4,r21vgg2k_vgg16_bn_aa_s42,face_transfer,124,single_uu,RFW WM64,Objects,0.37,,50,within_sampled_range,II,110,87.5,runs/yin_single_noise_20260925/results/r21vgg2k_vgg16_bn_aa_s42/faces_rfwWM64/objects/results.csv,II
aa4,VGG2k / AA4,r21vgg2k_vgg16_bn_aa_s42,face_transfer,124,single_uu,RFW WM64,Objects,0.37,,50,within_sampled_range,II,111,95.83333333333334,runs/yin_single_noise_20260925/results/r21vgg2k_vgg16_bn_aa_s42/faces_rfwWM64/objects/results.csv,II
aa4,VGG2k / AA4,r21vgg2k_vgg16_bn_aa_s42,face_transfer,124,single_uu,RFW WM64,Objects,0.37,,50,within_sampled_range,II,112,87.5,runs/yin_single_noise_20260925/results/r21vgg2k_vgg16_bn_aa_s42/faces_rfwWM64/objects/results.csv,II
aa4,VGG2k / AA4,r21vgg2k_vgg16_bn_aa_s42,face_transfer,124,single_uu,RFW WM64,Objects,0.37,,50,within_sampled_range,II,113,91.66666666666666,runs/yin_single_noise_20260925/results/r21vgg2k_vgg16_bn_aa_s42/faces_rfwWM64/objects/results.csv,II
aa4,VGG2k / AA4,r21vgg2k_vgg16_bn_aa_s42,face_transfer,124,single_uu,RFW WM64,Objects,0.37,,50,within_sampled_range,II,114,95.83333333333334,runs/yin_single_noise_20260925/results/r21vgg2k_vgg16_bn_aa_s42/faces_rfwWM64/objects/results.csv,II
aa4,VGG2k / AA4,r21vgg2k_vgg16_bn_aa_s42,face_transfer,124,single_uu,RFW WM64,Objects,0.37,,50,within_sampled_range,II,115,100.0,runs/yin_single_noise_20260925/results/r21vgg2k_vgg16_bn_aa_s42/faces_rfwWM64/objects/results.csv,II
aa4,VGG2k / AA4,r21vgg2k_vgg16_bn_aa_s42,face_transfer,124,single_uu,RFW WM64,Objects,0.37,,50,within_sampled_range,II,116,91.66666666666666,runs/yin_single_noise_20260925/results/r21vgg2k_vgg16_bn_aa_s42/faces_rfwWM64/objects/results.csv,II
aa4,VGG2k / AA4,r21vgg2k_vgg16_bn_aa_s42,face_transfer,124,single_uu,RFW WM64,Objects,0.37,,50,within_sampled_range,II,117,100.0,runs/yin_single_noise_20260925/results/r21vgg2k_vgg16_bn_aa_s42/faces_rfwWM64/objects/results.csv,II
aa4,VGG2k / AA4,r21vgg2k_vgg16_bn_aa_s42,face_transfer,124,single_uu,RFW WM64,Objects,0.37,,50,within_sampled_range,II,118,95.83333333333334,runs/yin_single_noise_20260925/results/r21vgg2k_vgg16_bn_aa_s42/faces_rfwWM64/objects/results.csv,II
aa4,VGG2k / AA4,r21vgg2k_vgg16_bn_aa_s42,face_transfer,124,single_uu,RFW WM64,Objects,0.37,,50,within_sampled_range,II,119,91.66666666666666,runs/yin_single_noise_20260925/results/r21vgg2k_vgg16_bn_aa_s42/faces_rfwWM64/objects/results.csv,II
aa4,VGG2k / AA4,r21vgg2k_vgg16_bn_aa_s42,face_transfer,124,single_uu,RFW WM64,Objects,0.37,,50,within_sampled_range,II,120,95.83333333333334,runs/yin_single_noise_20260925/results/r21vgg2k_vgg16_bn_aa_s42/faces_rfwWM64/objects/results.csv,II
aa4,VGG2k / AA4,r21vgg2k_vgg16_bn_aa_s42,face_transfer,124,single_uu,RFW WM64,Objects,0.37,,50,within_sampled_range,II,121,87.5,runs/yin_single_noise_20260925/results/r21vgg2k_vgg16_bn_aa_s42/faces_rfwWM64/objects/results.csv,II
aa4,VGG2k / AA4,r21vgg2k_vgg16_bn_aa_s42,face_transfer,124,single_uu,RFW WM64,Objects,0.37,,50,within_sampled_range,II,122,95.83333333333334,runs/yin_single_noise_20260925/results/r21vgg2k_vgg16_bn_aa_s42/faces_rfwWM64/objects/results.csv,II
aa4,VGG2k / AA4,r21vgg2k_vgg16_bn_aa_s42,face_transfer,124,single_uu,RFW WM64,Objects,0.37,,50,within_sampled_range,II,123,95.83333333333334,runs/yin_single_noise_20260925/results/r21vgg2k_vgg16_bn_aa_s42/faces_rfwWM64/objects/results.csv,II
aa4,VGG2k / AA4,r21vgg2k_vgg16_bn_aa_s42,face_transfer,124,single_uu,RFW WM64,Objects,0.37,,50,within_sampled_range,II,124,95.83333333333334,runs/yin_single_noise_20260925/results/r21vgg2k_vgg16_bn_aa_s42/faces_rfwWM64/objects/results.csv,II
aa4,VGG2k / AA4,r21vgg2k_vgg16_bn_aa_s42,face_transfer,124,single_uu,RFW WM64,Objects,0.37,,50,within_sampled_range,II,125,95.83333333333334,runs/yin_single_noise_20260925/results/r21vgg2k_vgg16_bn_aa_s42/faces_rfwWM64/objects/results.csv,II
aa4,VGG2k / AA4,r21vgg2k_vgg16_bn_aa_s42,face_transfer,124,single_uu,RFW WM64,Objects,0.37,,50,within_sampled_range,II,126,95.83333333333334,runs/yin_single_noise_20260925/results/r21vgg2k_vgg16_bn_aa_s42/faces_rfwWM64/objects/results.csv,II
aa4,VGG2k / AA4,r21vgg2k_vgg16_bn_aa_s42,face_transfer,124,single_uu,RFW WM64,Objects,0.37,,50,within_sampled_range,II,127,91.66666666666666,runs/yin_single_noise_20260925/results/r21vgg2k_vgg16_bn_aa_s42/faces_rfwWM64/objects/results.csv,II
aa4,VGG2k / AA4,r21vgg2k_vgg16_bn_aa_s42,face_transfer,124,single_uu,RFW WM64,Objects,0.37,,50,within_sampled_range,II,128,95.83333333333334,runs/yin_single_noise_20260925/results/r21vgg2k_vgg16_bn_aa_s42/faces_rfwWM64/objects/results.csv,II
aa4,VGG2k / AA4,r21vgg2k_vgg16_bn_aa_s42,face_transfer,124,single_uu,RFW WM64,Objects,0.37,,50,within_sampled_range,II,129,100.0,runs/yin_single_noise_20260925/results/r21vgg2k_vgg16_bn_aa_s42/faces_rfwWM64/objects/results.csv,II
aa4,VGG2k / AA4,r21vgg2k_vgg16_bn_aa_s42,face_transfer,124,single_uu,RFW WM64,Objects,0.37,,50,within_sampled_range,II,130,87.5,runs/yin_single_noise_20260925/results/r21vgg2k_vgg16_bn_aa_s42/faces_rfwWM64/objects/results.csv,II
aa4,VGG2k / AA4,r21vgg2k_vgg16_bn_aa_s42,face_transfer,124,single_uu,RFW WM64,Objects,0.37,,50,within_sampled_range,II,131,95.83333333333334,runs/yin_single_noise_20260925/results/r21vgg2k_vgg16_bn_aa_s42/faces_rfwWM64/objects/results.csv,II
aa4,VGG2k / AA4,r21vgg2k_vgg16_bn_aa_s42,face_transfer,124,single_uu,RFW WM64,Objects,0.37,,50,within_sampled_range,II,132,95.83333333333334,runs/yin_single_noise_20260925/results/r21vgg2k_vgg16_bn_aa_s42/faces_rfwWM64/objects/results.csv,II
aa4,VGG2k / AA4,r21vgg2k_vgg16_bn_aa_s42,face_transfer,124,single_uu,RFW WM64,Objects,0.37,,50,within_sampled_range,II,133,87.5,runs/yin_single_noise_20260925/results/r21vgg2k_vgg16_bn_aa_s42/faces_rfwWM64/objects/results.csv,II
aa4,VGG2k / AA4,r21vgg2k_vgg16_bn_aa_s42,face_transfer,124,single_uu,RFW WM64,Objects,0.37,,50,within_sampled_range,II,134,91.66666666666666,runs/yin_single_noise_20260925/results/r21vgg2k_vgg16_bn_aa_s42/faces_rfwWM64/objects/results.csv,II
aa4,VGG2k / AA4,r21vgg2k_vgg16_bn_aa_s42,face_transfer,124,single_uu,RFW WM64,Objects,0.37,,50,within_sampled_range,II,135,91.66666666666666,runs/yin_single_noise_20260925/results/r21vgg2k_vgg16_bn_aa_s42/faces_rfwWM64/objects/results.csv,II
aa4,VGG2k / AA4,r21vgg2k_vgg16_bn_aa_s42,face_transfer,124,single_uu,RFW WM64,Objects,0.37,,50,within_sampled_range,II,136,95.83333333333334,runs/yin_single_noise_20260925/results/r21vgg2k_vgg16_bn_aa_s42/faces_rfwWM64/objects/results.csv,II
aa4,VGG2k / AA4,r21vgg2k_vgg16_bn_aa_s42,face_transfer,124,single_uu,RFW WM64,Objects,0.37,,50,within_sampled_range,II,137,95.83333333333334,runs/yin_single_noise_20260925/results/r21vgg2k_vgg16_bn_aa_s42/faces_rfwWM64/objects/results.csv,II
aa4,VGG2k / AA4,r21vgg2k_vgg16_bn_aa_s42,face_transfer,124,single_uu,RFW WM64,Objects,0.37,,50,within_sampled_range,II,138,87.5,runs/yin_single_noise_20260925/results/r21vgg2k_vgg16_bn_aa_s42/faces_rfwWM64/objects/results.csv,II
aa4,VGG2k / AA4,r21vgg2k_vgg16_bn_aa_s42,face_transfer,124,single_uu,RFW WM64,Objects,0.37,,50,within_sampled_range,II,139,87.5,runs/yin_single_noise_20260925/results/r21vgg2k_vgg16_bn_aa_s42/faces_rfwWM64/objects/results.csv,II
aa4,VGG2k / AA4,r21vgg2k_vgg16_bn_aa_s42,face_transfer,124,single_uu,RFW WM64,Objects,0.37,,50,within_sampled_range,II,140,91.66666666666666,runs/yin_single_noise_20260925/results/r21vgg2k_vgg16_bn_aa_s42/faces_rfwWM64/objects/results.csv,II
aa4,VGG2k / AA4,r21vgg2k_vgg16_bn_aa_s42,face_transfer,124,single_uu,RFW WM64,Objects,0.37,,50,within_sampled_range,II,141,95.83333333333334,runs/yin_single_noise_20260925/results/r21vgg2k_vgg16_bn_aa_s42/faces_rfwWM64/objects/results.csv,II
aa4,VGG2k / AA4,r21vgg2k_vgg16_bn_aa_s42,face_transfer,124,single_uu,RFW WM64,Objects,0.37,,50,within_sampled_range,II,142,91.66666666666666,runs/yin_single_noise_20260925/results/r21vgg2k_vgg16_bn_aa_s42/faces_rfwWM64/objects/results.csv,II
aa4,VGG2k / AA4,r21vgg2k_vgg16_bn_aa_s42,face_transfer,124,single_uu,RFW WM64,Objects,0.37,,50,within_sampled_range,II,143,91.66666666666666,runs/yin_single_noise_20260925/results/r21vgg2k_vgg16_bn_aa_s42/faces_rfwWM64/objects/results.csv,II
aa4,VGG2k / AA4,r21vgg2k_vgg16_bn_aa_s42,face_transfer,124,single_uu,RFW WM64,Objects,0.37,,50,within_sampled_range,II,144,91.66666666666666,runs/yin_single_noise_20260925/results/r21vgg2k_vgg16_bn_aa_s42/faces_rfwWM64/objects/results.csv,II
aa4,VGG2k / AA4,r21vgg2k_vgg16_bn_aa_s42,face_transfer,124,single_uu,RFW WM64,Objects,0.37,,50,within_sampled_range,II,145,95.83333333333334,runs/yin_single_noise_20260925/results/r21vgg2k_vgg16_bn_aa_s42/faces_rfwWM64/objects/results.csv,II
aa4,VGG2k / AA4,r21vgg2k_vgg16_bn_aa_s42,face_transfer,124,single_uu,RFW WM64,Objects,0.37,,50,within_sampled_range,II,146,95.83333333333334,runs/yin_single_noise_20260925/results/r21vgg2k_vgg16_bn_aa_s42/faces_rfwWM64/objects/results.csv,II
aa4,VGG2k / AA4,r21vgg2k_vgg16_bn_aa_s42,face_transfer,124,single_uu,RFW WM64,Objects,0.37,,50,within_sampled_range,II,147,100.0,runs/yin_single_noise_20260925/results/r21vgg2k_vgg16_bn_aa_s42/faces_rfwWM64/objects/results.csv,II
aa4,VGG2k / AA4,r21vgg2k_vgg16_bn_aa_s42,face_transfer,124,single_uu,RFW WM64,Objects,0.37,,50,within_sampled_range,II,148,79.16666666666666,runs/yin_single_noise_20260925/results/r21vgg2k_vgg16_bn_aa_s42/faces_rfwWM64/objects/results.csv,II
aa4,VGG2k / AA4,r21vgg2k_vgg16_bn_aa_s42,face_transfer,124,single_uu,RFW WM64,Objects,0.37,,50,within_sampled_range,II,149,95.83333333333334,runs/yin_single_noise_20260925/results/r21vgg2k_vgg16_bn_aa_s42/faces_rfwWM64/objects/results.csv,II
aa4,VGG2k / AA4,r21vgg2k_vgg16_bn_aa_s42,face_transfer,124,single_uu,RFW WM64,Objects,0.37,,50,within_sampled_range,II,150,95.83333333333334,runs/yin_single_noise_20260925/results/r21vgg2k_vgg16_bn_aa_s42/faces_rfwWM64/objects/results.csv,II
aa4,VGG2k / AA4,r21vgg2k_vgg16_bn_aa_s42,face_transfer,124,single_uu,RFW WM64,Objects,0.37,,50,within_sampled_range,UI,101,95.83333333333334,runs/yin_single_noise_20260925/results/r21vgg2k_vgg16_bn_aa_s42/faces_rfwWM64/objects/results.csv,UI
aa4,VGG2k / AA4,r21vgg2k_vgg16_bn_aa_s42,face_transfer,124,single_uu,RFW WM64,Objects,0.37,,50,within_sampled_range,UI,102,83.33333333333334,runs/yin_single_noise_20260925/results/r21vgg2k_vgg16_bn_aa_s42/faces_rfwWM64/objects/results.csv,UI
aa4,VGG2k / AA4,r21vgg2k_vgg16_bn_aa_s42,face_transfer,124,single_uu,RFW WM64,Objects,0.37,,50,within_sampled_range,UI,103,83.33333333333334,runs/yin_single_noise_20260925/results/r21vgg2k_vgg16_bn_aa_s42/faces_rfwWM64/objects/results.csv,UI
aa4,VGG2k / AA4,r21vgg2k_vgg16_bn_aa_s42,face_transfer,124,single_uu,RFW WM64,Objects,0.37,,50,within_sampled_range,UI,104,100.0,runs/yin_single_noise_20260925/results/r21vgg2k_vgg16_bn_aa_s42/faces_rfwWM64/objects/results.csv,UI
aa4,VGG2k / AA4,r21vgg2k_vgg16_bn_aa_s42,face_transfer,124,single_uu,RFW WM64,Objects,0.37,,50,within_sampled_range,UI,105,83.33333333333334,runs/yin_single_noise_20260925/results/r21vgg2k_vgg16_bn_aa_s42/faces_rfwWM64/objects/results.csv,UI
aa4,VGG2k / AA4,r21vgg2k_vgg16_bn_aa_s42,face_transfer,124,single_uu,RFW WM64,Objects,0.37,,50,within_sampled_range,UI,106,87.5,runs/yin_single_noise_20260925/results/r21vgg2k_vgg16_bn_aa_s42/faces_rfwWM64/objects/results.csv,UI
aa4,VGG2k / AA4,r21vgg2k_vgg16_bn_aa_s42,face_transfer,124,single_uu,RFW WM64,Objects,0.37,,50,within_sampled_range,UI,107,87.5,runs/yin_single_noise_20260925/results/r21vgg2k_vgg16_bn_aa_s42/faces_rfwWM64/objects/results.csv,UI
aa4,VGG2k / AA4,r21vgg2k_vgg16_bn_aa_s42,face_transfer,124,single_uu,RFW WM64,Objects,0.37,,50,within_sampled_range,UI,108,87.5,runs/yin_single_noise_20260925/results/r21vgg2k_vgg16_bn_aa_s42/faces_rfwWM64/objects/results.csv,UI
aa4,VGG2k / AA4,r21vgg2k_vgg16_bn_aa_s42,face_transfer,124,single_uu,RFW WM64,Objects,0.37,,50,within_sampled_range,UI,109,83.33333333333334,runs/yin_single_noise_20260925/results/r21vgg2k_vgg16_bn_aa_s42/faces_rfwWM64/objects/results.csv,UI
aa4,VGG2k / AA4,r21vgg2k_vgg16_bn_aa_s42,face_transfer,124,single_uu,RFW WM64,Objects,0.37,,50,within_sampled_range,UI,110,95.83333333333334,runs/yin_single_noise_20260925/results/r21vgg2k_vgg16_bn_aa_s42/faces_rfwWM64/objects/results.csv,UI
aa4,VGG2k / AA4,r21vgg2k_vgg16_bn_aa_s42,face_transfer,124,single_uu,RFW WM64,Objects,0.37,,50,within_sampled_range,UI,111,95.83333333333334,runs/yin_single_noise_20260925/results/r21vgg2k_vgg16_bn_aa_s42/faces_rfwWM64/objects/results.csv,UI
aa4,VGG2k / AA4,r21vgg2k_vgg16_bn_aa_s42,face_transfer,124,single_uu,RFW WM64,Objects,0.37,,50,within_sampled_range,UI,112,79.16666666666666,runs/yin_single_noise_20260925/results/r21vgg2k_vgg16_bn_aa_s42/faces_rfwWM64/objects/results.csv,UI
aa4,VGG2k / AA4,r21vgg2k_vgg16_bn_aa_s42,face_transfer,124,single_uu,RFW WM64,Objects,0.37,,50,within_sampled_range,UI,113,83.33333333333334,runs/yin_single_noise_20260925/results/r21vgg2k_vgg16_bn_aa_s42/faces_rfwWM64/objects/results.csv,UI
aa4,VGG2k / AA4,r21vgg2k_vgg16_bn_aa_s42,face_transfer,124,single_uu,RFW WM64,Objects,0.37,,50,within_sampled_range,UI,114,87.5,runs/yin_single_noise_20260925/results/r21vgg2k_vgg16_bn_aa_s42/faces_rfwWM64/objects/results.csv,UI
aa4,VGG2k / AA4,r21vgg2k_vgg16_bn_aa_s42,face_transfer,124,single_uu,RFW WM64,Objects,0.37,,50,within_sampled_range,UI,115,87.5,runs/yin_single_noise_20260925/results/r21vgg2k_vgg16_bn_aa_s42/faces_rfwWM64/objects/results.csv,UI
aa4,VGG2k / AA4,r21vgg2k_vgg16_bn_aa_s42,face_transfer,124,single_uu,RFW WM64,Objects,0.37,,50,within_sampled_range,UI,116,87.5,runs/yin_single_noise_20260925/results/r21vgg2k_vgg16_bn_aa_s42/faces_rfwWM64/objects/results.csv,UI
aa4,VGG2k / AA4,r21vgg2k_vgg16_bn_aa_s42,face_transfer,124,single_uu,RFW WM64,Objects,0.37,,50,within_sampled_range,UI,117,95.83333333333334,runs/yin_single_noise_20260925/results/r21vgg2k_vgg16_bn_aa_s42/faces_rfwWM64/objects/results.csv,UI
aa4,VGG2k / AA4,r21vgg2k_vgg16_bn_aa_s42,face_transfer,124,single_uu,RFW WM64,Objects,0.37,,50,within_sampled_range,UI,118,91.66666666666666,runs/yin_single_noise_20260925/results/r21vgg2k_vgg16_bn_aa_s42/faces_rfwWM64/objects/results.csv,UI
aa4,VGG2k / AA4,r21vgg2k_vgg16_bn_aa_s42,face_transfer,124,single_uu,RFW WM64,Objects,0.37,,50,within_sampled_range,UI,119,95.83333333333334,runs/yin_single_noise_20260925/results/r21vgg2k_vgg16_bn_aa_s42/faces_rfwWM64/objects/results.csv,UI
aa4,VGG2k / AA4,r21vgg2k_vgg16_bn_aa_s42,face_transfer,124,single_uu,RFW WM64,Objects,0.37,,50,within_sampled_range,UI,120,87.5,runs/yin_single_noise_20260925/results/r21vgg2k_vgg16_bn_aa_s42/faces_rfwWM64/objects/results.csv,UI
aa4,VGG2k / AA4,r21vgg2k_vgg16_bn_aa_s42,face_transfer,124,single_uu,RFW WM64,Objects,0.37,,50,within_sampled_range,UI,121,100.0,runs/yin_single_noise_20260925/results/r21vgg2k_vgg16_bn_aa_s42/faces_rfwWM64/objects/results.csv,UI
aa4,VGG2k / AA4,r21vgg2k_vgg16_bn_aa_s42,face_transfer,124,single_uu,RFW WM64,Objects,0.37,,50,within_sampled_range,UI,122,95.83333333333334,runs/yin_single_noise_20260925/results/r21vgg2k_vgg16_bn_aa_s42/faces_rfwWM64/objects/results.csv,UI
aa4,VGG2k / AA4,r21vgg2k_vgg16_bn_aa_s42,face_transfer,124,single_uu,RFW WM64,Objects,0.37,,50,within_sampled_range,UI,123,87.5,runs/yin_single_noise_20260925/results/r21vgg2k_vgg16_bn_aa_s42/faces_rfwWM64/objects/results.csv,UI
aa4,VGG2k / AA4,r21vgg2k_vgg16_bn_aa_s42,face_transfer,124,single_uu,RFW WM64,Objects,0.37,,50,within_sampled_range,UI,124,83.33333333333334,runs/yin_single_noise_20260925/results/r21vgg2k_vgg16_bn_aa_s42/faces_rfwWM64/objects/results.csv,UI
aa4,VGG2k / AA4,r21vgg2k_vgg16_bn_aa_s42,face_transfer,124,single_uu,RFW WM64,Objects,0.37,,50,within_sampled_range,UI,125,95.83333333333334,runs/yin_single_noise_20260925/results/r21vgg2k_vgg16_bn_aa_s42/faces_rfwWM64/objects/results.csv,UI
aa4,VGG2k / AA4,r21vgg2k_vgg16_bn_aa_s42,face_transfer,124,single_uu,RFW WM64,Objects,0.37,,50,within_sampled_range,UI,126,87.5,runs/yin_single_noise_20260925/results/r21vgg2k_vgg16_bn_aa_s42/faces_rfwWM64/objects/results.csv,UI
aa4,VGG2k / AA4,r21vgg2k_vgg16_bn_aa_s42,face_transfer,124,single_uu,RFW WM64,Objects,0.37,,50,within_sampled_range,UI,127,79.16666666666666,runs/yin_single_noise_20260925/results/r21vgg2k_vgg16_bn_aa_s42/faces_rfwWM64/objects/results.csv,UI
aa4,VGG2k / AA4,r21vgg2k_vgg16_bn_aa_s42,face_transfer,124,single_uu,RFW WM64,Objects,0.37,,50,within_sampled_range,UI,128,87.5,runs/yin_single_noise_20260925/results/r21vgg2k_vgg16_bn_aa_s42/faces_rfwWM64/objects/results.csv,UI
aa4,VGG2k / AA4,r21vgg2k_vgg16_bn_aa_s42,face_transfer,124,single_uu,RFW WM64,Objects,0.37,,50,within_sampled_range,UI,129,91.66666666666666,runs/yin_single_noise_20260925/results/r21vgg2k_vgg16_bn_aa_s42/faces_rfwWM64/objects/results.csv,UI
aa4,VGG2k / AA4,r21vgg2k_vgg16_bn_aa_s42,face_transfer,124,single_uu,RFW WM64,Objects,0.37,,50,within_sampled_range,UI,130,91.66666666666666,runs/yin_single_noise_20260925/results/r21vgg2k_vgg16_bn_aa_s42/faces_rfwWM64/objects/results.csv,UI
aa4,VGG2k / AA4,r21vgg2k_vgg16_bn_aa_s42,face_transfer,124,single_uu,RFW WM64,Objects,0.37,,50,within_sampled_range,UI,131,95.83333333333334,runs/yin_single_noise_20260925/results/r21vgg2k_vgg16_bn_aa_s42/faces_rfwWM64/objects/results.csv,UI
aa4,VGG2k / AA4,r21vgg2k_vgg16_bn_aa_s42,face_transfer,124,single_uu,RFW WM64,Objects,0.37,,50,within_sampled_range,UI,132,87.5,runs/yin_single_noise_20260925/results/r21vgg2k_vgg16_bn_aa_s42/faces_rfwWM64/objects/results.csv,UI
aa4,VGG2k / AA4,r21vgg2k_vgg16_bn_aa_s42,face_transfer,124,single_uu,RFW WM64,Objects,0.37,,50,within_sampled_range,UI,133,87.5,runs/yin_single_noise_20260925/results/r21vgg2k_vgg16_bn_aa_s42/faces_rfwWM64/objects/results.csv,UI
aa4,VGG2k / AA4,r21vgg2k_vgg16_bn_aa_s42,face_transfer,124,single_uu,RFW WM64,Objects,0.37,,50,within_sampled_range,UI,134,87.5,runs/yin_single_noise_20260925/results/r21vgg2k_vgg16_bn_aa_s42/faces_rfwWM64/objects/results.csv,UI
aa4,VGG2k / AA4,r21vgg2k_vgg16_bn_aa_s42,face_transfer,124,single_uu,RFW WM64,Objects,0.37,,50,within_sampled_range,UI,135,87.5,runs/yin_single_noise_20260925/results/r21vgg2k_vgg16_bn_aa_s42/faces_rfwWM64/objects/results.csv,UI
aa4,VGG2k / AA4,r21vgg2k_vgg16_bn_aa_s42,face_transfer,124,single_uu,RFW WM64,Objects,0.37,,50,within_sampled_range,UI,136,87.5,runs/yin_single_noise_20260925/results/r21vgg2k_vgg16_bn_aa_s42/faces_rfwWM64/objects/results.csv,UI
aa4,VGG2k / AA4,r21vgg2k_vgg16_bn_aa_s42,face_transfer,124,single_uu,RFW WM64,Objects,0.37,,50,within_sampled_range,UI,137,91.66666666666666,runs/yin_single_noise_20260925/results/r21vgg2k_vgg16_bn_aa_s42/faces_rfwWM64/objects/results.csv,UI
aa4,VGG2k / AA4,r21vgg2k_vgg16_bn_aa_s42,face_transfer,124,single_uu,RFW WM64,Objects,0.37,,50,within_sampled_range,UI,138,87.5,runs/yin_single_noise_20260925/results/r21vgg2k_vgg16_bn_aa_s42/faces_rfwWM64/objects/results.csv,UI
aa4,VGG2k / AA4,r21vgg2k_vgg16_bn_aa_s42,face_transfer,124,single_uu,RFW WM64,Objects,0.37,,50,within_sampled_range,UI,139,83.33333333333334,runs/yin_single_noise_20260925/results/r21vgg2k_vgg16_bn_aa_s42/faces_rfwWM64/objects/results.csv,UI
aa4,VGG2k / AA4,r21vgg2k_vgg16_bn_aa_s42,face_transfer,124,single_uu,RFW WM64,Objects,0.37,,50,within_sampled_range,UI,140,83.33333333333334,runs/yin_single_noise_20260925/results/r21vgg2k_vgg16_bn_aa_s42/faces_rfwWM64/objects/results.csv,UI
aa4,VGG2k / AA4,r21vgg2k_vgg16_bn_aa_s42,face_transfer,124,single_uu,RFW WM64,Objects,0.37,,50,within_sampled_range,UI,141,91.66666666666666,runs/yin_single_noise_20260925/results/r21vgg2k_vgg16_bn_aa_s42/faces_rfwWM64/objects/results.csv,UI
aa4,VGG2k / AA4,r21vgg2k_vgg16_bn_aa_s42,face_transfer,124,single_uu,RFW WM64,Objects,0.37,,50,within_sampled_range,UI,142,91.66666666666666,runs/yin_single_noise_20260925/results/r21vgg2k_vgg16_bn_aa_s42/faces_rfwWM64/objects/results.csv,UI
aa4,VGG2k / AA4,r21vgg2k_vgg16_bn_aa_s42,face_transfer,124,single_uu,RFW WM64,Objects,0.37,,50,within_sampled_range,UI,143,91.66666666666666,runs/yin_single_noise_20260925/results/r21vgg2k_vgg16_bn_aa_s42/faces_rfwWM64/objects/results.csv,UI
aa4,VGG2k / AA4,r21vgg2k_vgg16_bn_aa_s42,face_transfer,124,single_uu,RFW WM64,Objects,0.37,,50,within_sampled_range,UI,144,91.66666666666666,runs/yin_single_noise_20260925/results/r21vgg2k_vgg16_bn_aa_s42/faces_rfwWM64/objects/results.csv,UI
aa4,VGG2k / AA4,r21vgg2k_vgg16_bn_aa_s42,face_transfer,124,single_uu,RFW WM64,Objects,0.37,,50,within_sampled_range,UI,145,87.5,runs/yin_single_noise_20260925/results/r21vgg2k_vgg16_bn_aa_s42/faces_rfwWM64/objects/results.csv,UI
aa4,VGG2k / AA4,r21vgg2k_vgg16_bn_aa_s42,face_transfer,124,single_uu,RFW WM64,Objects,0.37,,50,within_sampled_range,UI,146,83.33333333333334,runs/yin_single_noise_20260925/results/r21vgg2k_vgg16_bn_aa_s42/faces_rfwWM64/objects/results.csv,UI
aa4,VGG2k / AA4,r21vgg2k_vgg16_bn_aa_s42,face_transfer,124,single_uu,RFW WM64,Objects,0.37,,50,within_sampled_range,UI,147,91.66666666666666,runs/yin_single_noise_20260925/results/r21vgg2k_vgg16_bn_aa_s42/faces_rfwWM64/objects/results.csv,UI
aa4,VGG2k / AA4,r21vgg2k_vgg16_bn_aa_s42,face_transfer,124,single_uu,RFW WM64,Objects,0.37,,50,within_sampled_range,UI,148,83.33333333333334,runs/yin_single_noise_20260925/results/r21vgg2k_vgg16_bn_aa_s42/faces_rfwWM64/objects/results.csv,UI
aa4,VGG2k / AA4,r21vgg2k_vgg16_bn_aa_s42,face_transfer,124,single_uu,RFW WM64,Objects,0.37,,50,within_sampled_range,UI,149,83.33333333333334,runs/yin_single_noise_20260925/results/r21vgg2k_vgg16_bn_aa_s42/faces_rfwWM64/objects/results.csv,UI
aa4,VGG2k / AA4,r21vgg2k_vgg16_bn_aa_s42,face_transfer,124,single_uu,RFW WM64,Objects,0.37,,50,within_sampled_range,UI,150,87.5,runs/yin_single_noise_20260925/results/r21vgg2k_vgg16_bn_aa_s42/faces_rfwWM64/objects/results.csv,UI
aa4,VGG2k / AA4,r21vgg2k_vgg16_bn_aa_s42,face_transfer,124,single_uu,RFW WM64,Objects,0.37,,50,within_sampled_range,IU,101,91.66666666666666,runs/yin_single_noise_20260925/results/r21vgg2k_vgg16_bn_aa_s42/faces_rfwWM64/objects/results.csv,IU
aa4,VGG2k / AA4,r21vgg2k_vgg16_bn_aa_s42,face_transfer,124,single_uu,RFW WM64,Objects,0.37,,50,within_sampled_range,IU,102,87.5,runs/yin_single_noise_20260925/results/r21vgg2k_vgg16_bn_aa_s42/faces_rfwWM64/objects/results.csv,IU
aa4,VGG2k / AA4,r21vgg2k_vgg16_bn_aa_s42,face_transfer,124,single_uu,RFW WM64,Objects,0.37,,50,within_sampled_range,IU,103,91.66666666666666,runs/yin_single_noise_20260925/results/r21vgg2k_vgg16_bn_aa_s42/faces_rfwWM64/objects/results.csv,IU
aa4,VGG2k / AA4,r21vgg2k_vgg16_bn_aa_s42,face_transfer,124,single_uu,RFW WM64,Objects,0.37,,50,within_sampled_range,IU,104,87.5,runs/yin_single_noise_20260925/results/r21vgg2k_vgg16_bn_aa_s42/faces_rfwWM64/objects/results.csv,IU
aa4,VGG2k / AA4,r21vgg2k_vgg16_bn_aa_s42,face_transfer,124,single_uu,RFW WM64,Objects,0.37,,50,within_sampled_range,IU,105,79.16666666666666,runs/yin_single_noise_20260925/results/r21vgg2k_vgg16_bn_aa_s42/faces_rfwWM64/objects/results.csv,IU
aa4,VGG2k / AA4,r21vgg2k_vgg16_bn_aa_s42,face_transfer,124,single_uu,RFW WM64,Objects,0.37,,50,within_sampled_range,IU,106,95.83333333333334,runs/yin_single_noise_20260925/results/r21vgg2k_vgg16_bn_aa_s42/faces_rfwWM64/objects/results.csv,IU
aa4,VGG2k / AA4,r21vgg2k_vgg16_bn_aa_s42,face_transfer,124,single_uu,RFW WM64,Objects,0.37,,50,within_sampled_range,IU,107,95.83333333333334,runs/yin_single_noise_20260925/results/r21vgg2k_vgg16_bn_aa_s42/faces_rfwWM64/objects/results.csv,IU
aa4,VGG2k / AA4,r21vgg2k_vgg16_bn_aa_s42,face_transfer,124,single_uu,RFW WM64,Objects,0.37,,50,within_sampled_range,IU,108,91.66666666666666,runs/yin_single_noise_20260925/results/r21vgg2k_vgg16_bn_aa_s42/faces_rfwWM64/objects/results.csv,IU
aa4,VGG2k / AA4,r21vgg2k_vgg16_bn_aa_s42,face_transfer,124,single_uu,RFW WM64,Objects,0.37,,50,within_sampled_range,IU,109,91.66666666666666,runs/yin_single_noise_20260925/results/r21vgg2k_vgg16_bn_aa_s42/faces_rfwWM64/objects/results.csv,IU
aa4,VGG2k / AA4,r21vgg2k_vgg16_bn_aa_s42,face_transfer,124,single_uu,RFW WM64,Objects,0.37,,50,within_sampled_range,IU,110,95.83333333333334,runs/yin_single_noise_20260925/results/r21vgg2k_vgg16_bn_aa_s42/faces_rfwWM64/objects/results.csv,IU
aa4,VGG2k / AA4,r21vgg2k_vgg16_bn_aa_s42,face_transfer,124,single_uu,RFW WM64,Objects,0.37,,50,within_sampled_range,IU,111,95.83333333333334,runs/yin_single_noise_20260925/results/r21vgg2k_vgg16_bn_aa_s42/faces_rfwWM64/objects/results.csv,IU
aa4,VGG2k / AA4,r21vgg2k_vgg16_bn_aa_s42,face_transfer,124,single_uu,RFW WM64,Objects,0.37,,50,within_sampled_range,IU,112,95.83333333333334,runs/yin_single_noise_20260925/results/r21vgg2k_vgg16_bn_aa_s42/faces_rfwWM64/objects/results.csv,IU
aa4,VGG2k / AA4,r21vgg2k_vgg16_bn_aa_s42,face_transfer,124,single_uu,RFW WM64,Objects,0.37,,50,within_sampled_range,IU,113,79.16666666666666,runs/yin_single_noise_20260925/results/r21vgg2k_vgg16_bn_aa_s42/faces_rfwWM64/objects/results.csv,IU
aa4,VGG2k / AA4,r21vgg2k_vgg16_bn_aa_s42,face_transfer,124,single_uu,RFW WM64,Objects,0.37,,50,within_sampled_range,IU,114,87.5,runs/yin_single_noise_20260925/results/r21vgg2k_vgg16_bn_aa_s42/faces_rfwWM64/objects/results.csv,IU
aa4,VGG2k / AA4,r21vgg2k_vgg16_bn_aa_s42,face_transfer,124,single_uu,RFW WM64,Objects,0.37,,50,within_sampled_range,IU,115,95.83333333333334,runs/yin_single_noise_20260925/results/r21vgg2k_vgg16_bn_aa_s42/faces_rfwWM64/objects/results.csv,IU
aa4,VGG2k / AA4,r21vgg2k_vgg16_bn_aa_s42,face_transfer,124,single_uu,RFW WM64,Objects,0.37,,50,within_sampled_range,IU,116,91.66666666666666,runs/yin_single_noise_20260925/results/r21vgg2k_vgg16_bn_aa_s42/faces_rfwWM64/objects/results.csv,IU
aa4,VGG2k / AA4,r21vgg2k_vgg16_bn_aa_s42,face_transfer,124,single_uu,RFW WM64,Objects,0.37,,50,within_sampled_range,IU,117,100.0,runs/yin_single_noise_20260925/results/r21vgg2k_vgg16_bn_aa_s42/faces_rfwWM64/objects/results.csv,IU
aa4,VGG2k / AA4,r21vgg2k_vgg16_bn_aa_s42,face_transfer,124,single_uu,RFW WM64,Objects,0.37,,50,within_sampled_range,IU,118,95.83333333333334,runs/yin_single_noise_20260925/results/r21vgg2k_vgg16_bn_aa_s42/faces_rfwWM64/objects/results.csv,IU
aa4,VGG2k / AA4,r21vgg2k_vgg16_bn_aa_s42,face_transfer,124,single_uu,RFW WM64,Objects,0.37,,50,within_sampled_range,IU,119,91.66666666666666,runs/yin_single_noise_20260925/results/r21vgg2k_vgg16_bn_aa_s42/faces_rfwWM64/objects/results.csv,IU
aa4,VGG2k / AA4,r21vgg2k_vgg16_bn_aa_s42,face_transfer,124,single_uu,RFW WM64,Objects,0.37,,50,within_sampled_range,IU,120,83.33333333333334,runs/yin_single_noise_20260925/results/r21vgg2k_vgg16_bn_aa_s42/faces_rfwWM64/objects/results.csv,IU
aa4,VGG2k / AA4,r21vgg2k_vgg16_bn_aa_s42,face_transfer,124,single_uu,RFW WM64,Objects,0.37,,50,within_sampled_range,IU,121,95.83333333333334,runs/yin_single_noise_20260925/results/r21vgg2k_vgg16_bn_aa_s42/faces_rfwWM64/objects/results.csv,IU
aa4,VGG2k / AA4,r21vgg2k_vgg16_bn_aa_s42,face_transfer,124,single_uu,RFW WM64,Objects,0.37,,50,within_sampled_range,IU,122,91.66666666666666,runs/yin_single_noise_20260925/results/r21vgg2k_vgg16_bn_aa_s42/faces_rfwWM64/objects/results.csv,IU
aa4,VGG2k / AA4,r21vgg2k_vgg16_bn_aa_s42,face_transfer,124,single_uu,RFW WM64,Objects,0.37,,50,within_sampled_range,IU,123,95.83333333333334,runs/yin_single_noise_20260925/results/r21vgg2k_vgg16_bn_aa_s42/faces_rfwWM64/objects/results.csv,IU
aa4,VGG2k / AA4,r21vgg2k_vgg16_bn_aa_s42,face_transfer,124,single_uu,RFW WM64,Objects,0.37,,50,within_sampled_range,IU,124,83.33333333333334,runs/yin_single_noise_20260925/results/r21vgg2k_vgg16_bn_aa_s42/faces_rfwWM64/objects/results.csv,IU
aa4,VGG2k / AA4,r21vgg2k_vgg16_bn_aa_s42,face_transfer,124,single_uu,RFW WM64,Objects,0.37,,50,within_sampled_range,IU,125,87.5,runs/yin_single_noise_20260925/results/r21vgg2k_vgg16_bn_aa_s42/faces_rfwWM64/objects/results.csv,IU
aa4,VGG2k / AA4,r21vgg2k_vgg16_bn_aa_s42,face_transfer,124,single_uu,RFW WM64,Objects,0.37,,50,within_sampled_range,IU,126,100.0,runs/yin_single_noise_20260925/results/r21vgg2k_vgg16_bn_aa_s42/faces_rfwWM64/objects/results.csv,IU
aa4,VGG2k / AA4,r21vgg2k_vgg16_bn_aa_s42,face_transfer,124,single_uu,RFW WM64,Objects,0.37,,50,within_sampled_range,IU,127,91.66666666666666,runs/yin_single_noise_20260925/results/r21vgg2k_vgg16_bn_aa_s42/faces_rfwWM64/objects/results.csv,IU
aa4,VGG2k / AA4,r21vgg2k_vgg16_bn_aa_s42,face_transfer,124,single_uu,RFW WM64,Objects,0.37,,50,within_sampled_range,IU,128,91.66666666666666,runs/yin_single_noise_20260925/results/r21vgg2k_vgg16_bn_aa_s42/faces_rfwWM64/objects/results.csv,IU
aa4,VGG2k / AA4,r21vgg2k_vgg16_bn_aa_s42,face_transfer,124,single_uu,RFW WM64,Objects,0.37,,50,within_sampled_range,IU,129,91.66666666666666,runs/yin_single_noise_20260925/results/r21vgg2k_vgg16_bn_aa_s42/faces_rfwWM64/objects/results.csv,IU
aa4,VGG2k / AA4,r21vgg2k_vgg16_bn_aa_s42,face_transfer,124,single_uu,RFW WM64,Objects,0.37,,50,within_sampled_range,IU,130,87.5,runs/yin_single_noise_20260925/results/r21vgg2k_vgg16_bn_aa_s42/faces_rfwWM64/objects/results.csv,IU
aa4,VGG2k / AA4,r21vgg2k_vgg16_bn_aa_s42,face_transfer,124,single_uu,RFW WM64,Objects,0.37,,50,within_sampled_range,IU,131,100.0,runs/yin_single_noise_20260925/results/r21vgg2k_vgg16_bn_aa_s42/faces_rfwWM64/objects/results.csv,IU
aa4,VGG2k / AA4,r21vgg2k_vgg16_bn_aa_s42,face_transfer,124,single_uu,RFW WM64,Objects,0.37,,50,within_sampled_range,IU,132,91.66666666666666,runs/yin_single_noise_20260925/results/r21vgg2k_vgg16_bn_aa_s42/faces_rfwWM64/objects/results.csv,IU
aa4,VGG2k / AA4,r21vgg2k_vgg16_bn_aa_s42,face_transfer,124,single_uu,RFW WM64,Objects,0.37,,50,within_sampled_range,IU,133,87.5,runs/yin_single_noise_20260925/results/r21vgg2k_vgg16_bn_aa_s42/faces_rfwWM64/objects/results.csv,IU
aa4,VGG2k / AA4,r21vgg2k_vgg16_bn_aa_s42,face_transfer,124,single_uu,RFW WM64,Objects,0.37,,50,within_sampled_range,IU,134,91.66666666666666,runs/yin_single_noise_20260925/results/r21vgg2k_vgg16_bn_aa_s42/faces_rfwWM64/objects/results.csv,IU
aa4,VGG2k / AA4,r21vgg2k_vgg16_bn_aa_s42,face_transfer,124,single_uu,RFW WM64,Objects,0.37,,50,within_sampled_range,IU,135,79.16666666666666,runs/yin_single_noise_20260925/results/r21vgg2k_vgg16_bn_aa_s42/faces_rfwWM64/objects/results.csv,IU
aa4,VGG2k / AA4,r21vgg2k_vgg16_bn_aa_s42,face_transfer,124,single_uu,RFW WM64,Objects,0.37,,50,within_sampled_range,IU,136,87.5,runs/yin_single_noise_20260925/results/r21vgg2k_vgg16_bn_aa_s42/faces_rfwWM64/objects/results.csv,IU
aa4,VGG2k / AA4,r21vgg2k_vgg16_bn_aa_s42,face_transfer,124,single_uu,RFW WM64,Objects,0.37,,50,within_sampled_range,IU,137,87.5,runs/yin_single_noise_20260925/results/r21vgg2k_vgg16_bn_aa_s42/faces_rfwWM64/objects/results.csv,IU
aa4,VGG2k / AA4,r21vgg2k_vgg16_bn_aa_s42,face_transfer,124,single_uu,RFW WM64,Objects,0.37,,50,within_sampled_range,IU,138,87.5,runs/yin_single_noise_20260925/results/r21vgg2k_vgg16_bn_aa_s42/faces_rfwWM64/objects/results.csv,IU
aa4,VGG2k / AA4,r21vgg2k_vgg16_bn_aa_s42,face_transfer,124,single_uu,RFW WM64,Objects,0.37,,50,within_sampled_range,IU,139,83.33333333333334,runs/yin_single_noise_20260925/results/r21vgg2k_vgg16_bn_aa_s42/faces_rfwWM64/objects/results.csv,IU
aa4,VGG2k / AA4,r21vgg2k_vgg16_bn_aa_s42,face_transfer,124,single_uu,RFW WM64,Objects,0.37,,50,within_sampled_range,IU,140,87.5,runs/yin_single_noise_20260925/results/r21vgg2k_vgg16_bn_aa_s42/faces_rfwWM64/objects/results.csv,IU
aa4,VGG2k / AA4,r21vgg2k_vgg16_bn_aa_s42,face_transfer,124,single_uu,RFW WM64,Objects,0.37,,50,within_sampled_range,IU,141,83.33333333333334,runs/yin_single_noise_20260925/results/r21vgg2k_vgg16_bn_aa_s42/faces_rfwWM64/objects/results.csv,IU
aa4,VGG2k / AA4,r21vgg2k_vgg16_bn_aa_s42,face_transfer,124,single_uu,RFW WM64,Objects,0.37,,50,within_sampled_range,IU,142,95.83333333333334,runs/yin_single_noise_20260925/results/r21vgg2k_vgg16_bn_aa_s42/faces_rfwWM64/objects/results.csv,IU
aa4,VGG2k / AA4,r21vgg2k_vgg16_bn_aa_s42,face_transfer,124,single_uu,RFW WM64,Objects,0.37,,50,within_sampled_range,IU,143,87.5,runs/yin_single_noise_20260925/results/r21vgg2k_vgg16_bn_aa_s42/faces_rfwWM64/objects/results.csv,IU
aa4,VGG2k / AA4,r21vgg2k_vgg16_bn_aa_s42,face_transfer,124,single_uu,RFW WM64,Objects,0.37,,50,within_sampled_range,IU,144,95.83333333333334,runs/yin_single_noise_20260925/results/r21vgg2k_vgg16_bn_aa_s42/faces_rfwWM64/objects/results.csv,IU
aa4,VGG2k / AA4,r21vgg2k_vgg16_bn_aa_s42,face_transfer,124,single_uu,RFW WM64,Objects,0.37,,50,within_sampled_range,IU,145,91.66666666666666,runs/yin_single_noise_20260925/results/r21vgg2k_vgg16_bn_aa_s42/faces_rfwWM64/objects/results.csv,IU
aa4,VGG2k / AA4,r21vgg2k_vgg16_bn_aa_s42,face_transfer,124,single_uu,RFW WM64,Objects,0.37,,50,within_sampled_range,IU,146,95.83333333333334,runs/yin_single_noise_20260925/results/r21vgg2k_vgg16_bn_aa_s42/faces_rfwWM64/objects/results.csv,IU
aa4,VGG2k / AA4,r21vgg2k_vgg16_bn_aa_s42,face_transfer,124,single_uu,RFW WM64,Objects,0.37,,50,within_sampled_range,IU,147,100.0,runs/yin_single_noise_20260925/results/r21vgg2k_vgg16_bn_aa_s42/faces_rfwWM64/objects/results.csv,IU
aa4,VGG2k / AA4,r21vgg2k_vgg16_bn_aa_s42,face_transfer,124,single_uu,RFW WM64,Objects,0.37,,50,within_sampled_range,IU,148,87.5,runs/yin_single_noise_20260925/results/r21vgg2k_vgg16_bn_aa_s42/faces_rfwWM64/objects/results.csv,IU
aa4,VGG2k / AA4,r21vgg2k_vgg16_bn_aa_s42,face_transfer,124,single_uu,RFW WM64,Objects,0.37,,50,within_sampled_range,IU,149,83.33333333333334,runs/yin_single_noise_20260925/results/r21vgg2k_vgg16_bn_aa_s42/faces_rfwWM64/objects/results.csv,IU
aa4,VGG2k / AA4,r21vgg2k_vgg16_bn_aa_s42,face_transfer,124,single_uu,RFW WM64,Objects,0.37,,50,within_sampled_range,IU,150,87.5,runs/yin_single_noise_20260925/results/r21vgg2k_vgg16_bn_aa_s42/faces_rfwWM64/objects/results.csv,IU
aa4,VGG2k / AA4,r21vgg2k_vgg16_bn_aa_s42,face_transfer,124,two_cross,RFW WM64,Objects,0.37,0.4,50,within_sampled_range,UU,101,83.33333333333334,runs/yin_noise_matrix_20260926/results/r21vgg2k_vgg16_bn_aa_s42/faces_rfwWM64/objects/results.csv,UU
aa4,VGG2k / AA4,r21vgg2k_vgg16_bn_aa_s42,face_transfer,124,two_cross,RFW WM64,Objects,0.37,0.4,50,within_sampled_range,UU,102,91.66666666666666,runs/yin_noise_matrix_20260926/results/r21vgg2k_vgg16_bn_aa_s42/faces_rfwWM64/objects/results.csv,UU
aa4,VGG2k / AA4,r21vgg2k_vgg16_bn_aa_s42,face_transfer,124,two_cross,RFW WM64,Objects,0.37,0.4,50,within_sampled_range,UU,103,87.5,runs/yin_noise_matrix_20260926/results/r21vgg2k_vgg16_bn_aa_s42/faces_rfwWM64/objects/results.csv,UU
aa4,VGG2k / AA4,r21vgg2k_vgg16_bn_aa_s42,face_transfer,124,two_cross,RFW WM64,Objects,0.37,0.4,50,within_sampled_range,UU,104,100.0,runs/yin_noise_matrix_20260926/results/r21vgg2k_vgg16_bn_aa_s42/faces_rfwWM64/objects/results.csv,UU
aa4,VGG2k / AA4,r21vgg2k_vgg16_bn_aa_s42,face_transfer,124,two_cross,RFW WM64,Objects,0.37,0.4,50,within_sampled_range,UU,105,87.5,runs/yin_noise_matrix_20260926/results/r21vgg2k_vgg16_bn_aa_s42/faces_rfwWM64/objects/results.csv,UU
aa4,VGG2k / AA4,r21vgg2k_vgg16_bn_aa_s42,face_transfer,124,two_cross,RFW WM64,Objects,0.37,0.4,50,within_sampled_range,UU,106,91.66666666666666,runs/yin_noise_matrix_20260926/results/r21vgg2k_vgg16_bn_aa_s42/faces_rfwWM64/objects/results.csv,UU
aa4,VGG2k / AA4,r21vgg2k_vgg16_bn_aa_s42,face_transfer,124,two_cross,RFW WM64,Objects,0.37,0.4,50,within_sampled_range,UU,107,79.16666666666666,runs/yin_noise_matrix_20260926/results/r21vgg2k_vgg16_bn_aa_s42/faces_rfwWM64/objects/results.csv,UU
aa4,VGG2k / AA4,r21vgg2k_vgg16_bn_aa_s42,face_transfer,124,two_cross,RFW WM64,Objects,0.37,0.4,50,within_sampled_range,UU,108,95.83333333333334,runs/yin_noise_matrix_20260926/results/r21vgg2k_vgg16_bn_aa_s42/faces_rfwWM64/objects/results.csv,UU
aa4,VGG2k / AA4,r21vgg2k_vgg16_bn_aa_s42,face_transfer,124,two_cross,RFW WM64,Objects,0.37,0.4,50,within_sampled_range,UU,109,100.0,runs/yin_noise_matrix_20260926/results/r21vgg2k_vgg16_bn_aa_s42/faces_rfwWM64/objects/results.csv,UU
aa4,VGG2k / AA4,r21vgg2k_vgg16_bn_aa_s42,face_transfer,124,two_cross,RFW WM64,Objects,0.37,0.4,50,within_sampled_range,UU,110,95.83333333333334,runs/yin_noise_matrix_20260926/results/r21vgg2k_vgg16_bn_aa_s42/faces_rfwWM64/objects/results.csv,UU
aa4,VGG2k / AA4,r21vgg2k_vgg16_bn_aa_s42,face_transfer,124,two_cross,RFW WM64,Objects,0.37,0.4,50,within_sampled_range,UU,111,95.83333333333334,runs/yin_noise_matrix_20260926/results/r21vgg2k_vgg16_bn_aa_s42/faces_rfwWM64/objects/results.csv,UU
aa4,VGG2k / AA4,r21vgg2k_vgg16_bn_aa_s42,face_transfer,124,two_cross,RFW WM64,Objects,0.37,0.4,50,within_sampled_range,UU,112,95.83333333333334,runs/yin_noise_matrix_20260926/results/r21vgg2k_vgg16_bn_aa_s42/faces_rfwWM64/objects/results.csv,UU
aa4,VGG2k / AA4,r21vgg2k_vgg16_bn_aa_s42,face_transfer,124,two_cross,RFW WM64,Objects,0.37,0.4,50,within_sampled_range,UU,113,100.0,runs/yin_noise_matrix_20260926/results/r21vgg2k_vgg16_bn_aa_s42/faces_rfwWM64/objects/results.csv,UU
aa4,VGG2k / AA4,r21vgg2k_vgg16_bn_aa_s42,face_transfer,124,two_cross,RFW WM64,Objects,0.37,0.4,50,within_sampled_range,UU,114,79.16666666666666,runs/yin_noise_matrix_20260926/results/r21vgg2k_vgg16_bn_aa_s42/faces_rfwWM64/objects/results.csv,UU
aa4,VGG2k / AA4,r21vgg2k_vgg16_bn_aa_s42,face_transfer,124,two_cross,RFW WM64,Objects,0.37,0.4,50,within_sampled_range,UU,115,83.33333333333334,runs/yin_noise_matrix_20260926/results/r21vgg2k_vgg16_bn_aa_s42/faces_rfwWM64/objects/results.csv,UU
aa4,VGG2k / AA4,r21vgg2k_vgg16_bn_aa_s42,face_transfer,124,two_cross,RFW WM64,Objects,0.37,0.4,50,within_sampled_range,UU,116,95.83333333333334,runs/yin_noise_matrix_20260926/results/r21vgg2k_vgg16_bn_aa_s42/faces_rfwWM64/objects/results.csv,UU
aa4,VGG2k / AA4,r21vgg2k_vgg16_bn_aa_s42,face_transfer,124,two_cross,RFW WM64,Objects,0.37,0.4,50,within_sampled_range,UU,117,100.0,runs/yin_noise_matrix_20260926/results/r21vgg2k_vgg16_bn_aa_s42/faces_rfwWM64/objects/results.csv,UU
aa4,VGG2k / AA4,r21vgg2k_vgg16_bn_aa_s42,face_transfer,124,two_cross,RFW WM64,Objects,0.37,0.4,50,within_sampled_range,UU,118,100.0,runs/yin_noise_matrix_20260926/results/r21vgg2k_vgg16_bn_aa_s42/faces_rfwWM64/objects/results.csv,UU
aa4,VGG2k / AA4,r21vgg2k_vgg16_bn_aa_s42,face_transfer,124,two_cross,RFW WM64,Objects,0.37,0.4,50,within_sampled_range,UU,119,100.0,runs/yin_noise_matrix_20260926/results/r21vgg2k_vgg16_bn_aa_s42/faces_rfwWM64/objects/results.csv,UU
aa4,VGG2k / AA4,r21vgg2k_vgg16_bn_aa_s42,face_transfer,124,two_cross,RFW WM64,Objects,0.37,0.4,50,within_sampled_range,UU,120,95.83333333333334,runs/yin_noise_matrix_20260926/results/r21vgg2k_vgg16_bn_aa_s42/faces_rfwWM64/objects/results.csv,UU
aa4,VGG2k / AA4,r21vgg2k_vgg16_bn_aa_s42,face_transfer,124,two_cross,RFW WM64,Objects,0.37,0.4,50,within_sampled_range,UU,121,100.0,runs/yin_noise_matrix_20260926/results/r21vgg2k_vgg16_bn_aa_s42/faces_rfwWM64/objects/results.csv,UU
aa4,VGG2k / AA4,r21vgg2k_vgg16_bn_aa_s42,face_transfer,124,two_cross,RFW WM64,Objects,0.37,0.4,50,within_sampled_range,UU,122,91.66666666666666,runs/yin_noise_matrix_20260926/results/r21vgg2k_vgg16_bn_aa_s42/faces_rfwWM64/objects/results.csv,UU
aa4,VGG2k / AA4,r21vgg2k_vgg16_bn_aa_s42,face_transfer,124,two_cross,RFW WM64,Objects,0.37,0.4,50,within_sampled_range,UU,123,91.66666666666666,runs/yin_noise_matrix_20260926/results/r21vgg2k_vgg16_bn_aa_s42/faces_rfwWM64/objects/results.csv,UU
aa4,VGG2k / AA4,r21vgg2k_vgg16_bn_aa_s42,face_transfer,124,two_cross,RFW WM64,Objects,0.37,0.4,50,within_sampled_range,UU,124,91.66666666666666,runs/yin_noise_matrix_20260926/results/r21vgg2k_vgg16_bn_aa_s42/faces_rfwWM64/objects/results.csv,UU
aa4,VGG2k / AA4,r21vgg2k_vgg16_bn_aa_s42,face_transfer,124,two_cross,RFW WM64,Objects,0.37,0.4,50,within_sampled_range,UU,125,91.66666666666666,runs/yin_noise_matrix_20260926/results/r21vgg2k_vgg16_bn_aa_s42/faces_rfwWM64/objects/results.csv,UU
aa4,VGG2k / AA4,r21vgg2k_vgg16_bn_aa_s42,face_transfer,124,two_cross,RFW WM64,Objects,0.37,0.4,50,within_sampled_range,UU,126,95.83333333333334,runs/yin_noise_matrix_20260926/results/r21vgg2k_vgg16_bn_aa_s42/faces_rfwWM64/objects/results.csv,UU
aa4,VGG2k / AA4,r21vgg2k_vgg16_bn_aa_s42,face_transfer,124,two_cross,RFW WM64,Objects,0.37,0.4,50,within_sampled_range,UU,127,91.66666666666666,runs/yin_noise_matrix_20260926/results/r21vgg2k_vgg16_bn_aa_s42/faces_rfwWM64/objects/results.csv,UU
aa4,VGG2k / AA4,r21vgg2k_vgg16_bn_aa_s42,face_transfer,124,two_cross,RFW WM64,Objects,0.37,0.4,50,within_sampled_range,UU,128,95.83333333333334,runs/yin_noise_matrix_20260926/results/r21vgg2k_vgg16_bn_aa_s42/faces_rfwWM64/objects/results.csv,UU
aa4,VGG2k / AA4,r21vgg2k_vgg16_bn_aa_s42,face_transfer,124,two_cross,RFW WM64,Objects,0.37,0.4,50,within_sampled_range,UU,129,91.66666666666666,runs/yin_noise_matrix_20260926/results/r21vgg2k_vgg16_bn_aa_s42/faces_rfwWM64/objects/results.csv,UU
aa4,VGG2k / AA4,r21vgg2k_vgg16_bn_aa_s42,face_transfer,124,two_cross,RFW WM64,Objects,0.37,0.4,50,within_sampled_range,UU,130,95.83333333333334,runs/yin_noise_matrix_20260926/results/r21vgg2k_vgg16_bn_aa_s42/faces_rfwWM64/objects/results.csv,UU
aa4,VGG2k / AA4,r21vgg2k_vgg16_bn_aa_s42,face_transfer,124,two_cross,RFW WM64,Objects,0.37,0.4,50,within_sampled_range,UU,131,95.83333333333334,runs/yin_noise_matrix_20260926/results/r21vgg2k_vgg16_bn_aa_s42/faces_rfwWM64/objects/results.csv,UU
aa4,VGG2k / AA4,r21vgg2k_vgg16_bn_aa_s42,face_transfer,124,two_cross,RFW WM64,Objects,0.37,0.4,50,within_sampled_range,UU,132,100.0,runs/yin_noise_matrix_20260926/results/r21vgg2k_vgg16_bn_aa_s42/faces_rfwWM64/objects/results.csv,UU
aa4,VGG2k / AA4,r21vgg2k_vgg16_bn_aa_s42,face_transfer,124,two_cross,RFW WM64,Objects,0.37,0.4,50,within_sampled_range,UU,133,87.5,runs/yin_noise_matrix_20260926/results/r21vgg2k_vgg16_bn_aa_s42/faces_rfwWM64/objects/results.csv,UU
aa4,VGG2k / AA4,r21vgg2k_vgg16_bn_aa_s42,face_transfer,124,two_cross,RFW WM64,Objects,0.37,0.4,50,within_sampled_range,UU,134,91.66666666666666,runs/yin_noise_matrix_20260926/results/r21vgg2k_vgg16_bn_aa_s42/faces_rfwWM64/objects/results.csv,UU
aa4,VGG2k / AA4,r21vgg2k_vgg16_bn_aa_s42,face_transfer,124,two_cross,RFW WM64,Objects,0.37,0.4,50,within_sampled_range,UU,135,91.66666666666666,runs/yin_noise_matrix_20260926/results/r21vgg2k_vgg16_bn_aa_s42/faces_rfwWM64/objects/results.csv,UU
aa4,VGG2k / AA4,r21vgg2k_vgg16_bn_aa_s42,face_transfer,124,two_cross,RFW WM64,Objects,0.37,0.4,50,within_sampled_range,UU,136,91.66666666666666,runs/yin_noise_matrix_20260926/results/r21vgg2k_vgg16_bn_aa_s42/faces_rfwWM64/objects/results.csv,UU
aa4,VGG2k / AA4,r21vgg2k_vgg16_bn_aa_s42,face_transfer,124,two_cross,RFW WM64,Objects,0.37,0.4,50,within_sampled_range,UU,137,95.83333333333334,runs/yin_noise_matrix_20260926/results/r21vgg2k_vgg16_bn_aa_s42/faces_rfwWM64/objects/results.csv,UU
aa4,VGG2k / AA4,r21vgg2k_vgg16_bn_aa_s42,face_transfer,124,two_cross,RFW WM64,Objects,0.37,0.4,50,within_sampled_range,UU,138,91.66666666666666,runs/yin_noise_matrix_20260926/results/r21vgg2k_vgg16_bn_aa_s42/faces_rfwWM64/objects/results.csv,UU
aa4,VGG2k / AA4,r21vgg2k_vgg16_bn_aa_s42,face_transfer,124,two_cross,RFW WM64,Objects,0.37,0.4,50,within_sampled_range,UU,139,87.5,runs/yin_noise_matrix_20260926/results/r21vgg2k_vgg16_bn_aa_s42/faces_rfwWM64/objects/results.csv,UU
aa4,VGG2k / AA4,r21vgg2k_vgg16_bn_aa_s42,face_transfer,124,two_cross,RFW WM64,Objects,0.37,0.4,50,within_sampled_range,UU,140,95.83333333333334,runs/yin_noise_matrix_20260926/results/r21vgg2k_vgg16_bn_aa_s42/faces_rfwWM64/objects/results.csv,UU
aa4,VGG2k / AA4,r21vgg2k_vgg16_bn_aa_s42,face_transfer,124,two_cross,RFW WM64,Objects,0.37,0.4,50,within_sampled_range,UU,141,91.66666666666666,runs/yin_noise_matrix_20260926/results/r21vgg2k_vgg16_bn_aa_s42/faces_rfwWM64/objects/results.csv,UU
aa4,VGG2k / AA4,r21vgg2k_vgg16_bn_aa_s42,face_transfer,124,two_cross,RFW WM64,Objects,0.37,0.4,50,within_sampled_range,UU,142,91.66666666666666,runs/yin_noise_matrix_20260926/results/r21vgg2k_vgg16_bn_aa_s42/faces_rfwWM64/objects/results.csv,UU
aa4,VGG2k / AA4,r21vgg2k_vgg16_bn_aa_s42,face_transfer,124,two_cross,RFW WM64,Objects,0.37,0.4,50,within_sampled_range,UU,143,91.66666666666666,runs/yin_noise_matrix_20260926/results/r21vgg2k_vgg16_bn_aa_s42/faces_rfwWM64/objects/results.csv,UU
aa4,VGG2k / AA4,r21vgg2k_vgg16_bn_aa_s42,face_transfer,124,two_cross,RFW WM64,Objects,0.37,0.4,50,within_sampled_range,UU,144,95.83333333333334,runs/yin_noise_matrix_20260926/results/r21vgg2k_vgg16_bn_aa_s42/faces_rfwWM64/objects/results.csv,UU
aa4,VGG2k / AA4,r21vgg2k_vgg16_bn_aa_s42,face_transfer,124,two_cross,RFW WM64,Objects,0.37,0.4,50,within_sampled_range,UU,145,91.66666666666666,runs/yin_noise_matrix_20260926/results/r21vgg2k_vgg16_bn_aa_s42/faces_rfwWM64/objects/results.csv,UU
aa4,VGG2k / AA4,r21vgg2k_vgg16_bn_aa_s42,face_transfer,124,two_cross,RFW WM64,Objects,0.37,0.4,50,within_sampled_range,UU,146,95.83333333333334,runs/yin_noise_matrix_20260926/results/r21vgg2k_vgg16_bn_aa_s42/faces_rfwWM64/objects/results.csv,UU
aa4,VGG2k / AA4,r21vgg2k_vgg16_bn_aa_s42,face_transfer,124,two_cross,RFW WM64,Objects,0.37,0.4,50,within_sampled_range,UU,147,95.83333333333334,runs/yin_noise_matrix_20260926/results/r21vgg2k_vgg16_bn_aa_s42/faces_rfwWM64/objects/results.csv,UU
aa4,VGG2k / AA4,r21vgg2k_vgg16_bn_aa_s42,face_transfer,124,two_cross,RFW WM64,Objects,0.37,0.4,50,within_sampled_range,UU,148,95.83333333333334,runs/yin_noise_matrix_20260926/results/r21vgg2k_vgg16_bn_aa_s42/faces_rfwWM64/objects/results.csv,UU
aa4,VGG2k / AA4,r21vgg2k_vgg16_bn_aa_s42,face_transfer,124,two_cross,RFW WM64,Objects,0.37,0.4,50,within_sampled_range,UU,149,91.66666666666666,runs/yin_noise_matrix_20260926/results/r21vgg2k_vgg16_bn_aa_s42/faces_rfwWM64/objects/results.csv,UU
aa4,VGG2k / AA4,r21vgg2k_vgg16_bn_aa_s42,face_transfer,124,two_cross,RFW WM64,Objects,0.37,0.4,50,within_sampled_range,UU,150,91.66666666666666,runs/yin_noise_matrix_20260926/results/r21vgg2k_vgg16_bn_aa_s42/faces_rfwWM64/objects/results.csv,UU
aa4,VGG2k / AA4,r21vgg2k_vgg16_bn_aa_s42,face_transfer,124,two_cross,RFW WM64,Objects,0.37,0.4,50,within_sampled_range,II,101,91.66666666666666,runs/yin_noise_matrix_20260926/results/r21vgg2k_vgg16_bn_aa_s42/faces_rfwWM64/objects/results.csv,II
aa4,VGG2k / AA4,r21vgg2k_vgg16_bn_aa_s42,face_transfer,124,two_cross,RFW WM64,Objects,0.37,0.4,50,within_sampled_range,II,102,91.66666666666666,runs/yin_noise_matrix_20260926/results/r21vgg2k_vgg16_bn_aa_s42/faces_rfwWM64/objects/results.csv,II
aa4,VGG2k / AA4,r21vgg2k_vgg16_bn_aa_s42,face_transfer,124,two_cross,RFW WM64,Objects,0.37,0.4,50,within_sampled_range,II,103,91.66666666666666,runs/yin_noise_matrix_20260926/results/r21vgg2k_vgg16_bn_aa_s42/faces_rfwWM64/objects/results.csv,II
aa4,VGG2k / AA4,r21vgg2k_vgg16_bn_aa_s42,face_transfer,124,two_cross,RFW WM64,Objects,0.37,0.4,50,within_sampled_range,II,104,87.5,runs/yin_noise_matrix_20260926/results/r21vgg2k_vgg16_bn_aa_s42/faces_rfwWM64/objects/results.csv,II
aa4,VGG2k / AA4,r21vgg2k_vgg16_bn_aa_s42,face_transfer,124,two_cross,RFW WM64,Objects,0.37,0.4,50,within_sampled_range,II,105,83.33333333333334,runs/yin_noise_matrix_20260926/results/r21vgg2k_vgg16_bn_aa_s42/faces_rfwWM64/objects/results.csv,II
aa4,VGG2k / AA4,r21vgg2k_vgg16_bn_aa_s42,face_transfer,124,two_cross,RFW WM64,Objects,0.37,0.4,50,within_sampled_range,II,106,91.66666666666666,runs/yin_noise_matrix_20260926/results/r21vgg2k_vgg16_bn_aa_s42/faces_rfwWM64/objects/results.csv,II
aa4,VGG2k / AA4,r21vgg2k_vgg16_bn_aa_s42,face_transfer,124,two_cross,RFW WM64,Objects,0.37,0.4,50,within_sampled_range,II,107,87.5,runs/yin_noise_matrix_20260926/results/r21vgg2k_vgg16_bn_aa_s42/faces_rfwWM64/objects/results.csv,II
aa4,VGG2k / AA4,r21vgg2k_vgg16_bn_aa_s42,face_transfer,124,two_cross,RFW WM64,Objects,0.37,0.4,50,within_sampled_range,II,108,87.5,runs/yin_noise_matrix_20260926/results/r21vgg2k_vgg16_bn_aa_s42/faces_rfwWM64/objects/results.csv,II
aa4,VGG2k / AA4,r21vgg2k_vgg16_bn_aa_s42,face_transfer,124,two_cross,RFW WM64,Objects,0.37,0.4,50,within_sampled_range,II,109,79.16666666666666,runs/yin_noise_matrix_20260926/results/r21vgg2k_vgg16_bn_aa_s42/faces_rfwWM64/objects/results.csv,II
aa4,VGG2k / AA4,r21vgg2k_vgg16_bn_aa_s42,face_transfer,124,two_cross,RFW WM64,Objects,0.37,0.4,50,within_sampled_range,II,110,75.0,runs/yin_noise_matrix_20260926/results/r21vgg2k_vgg16_bn_aa_s42/faces_rfwWM64/objects/results.csv,II
aa4,VGG2k / AA4,r21vgg2k_vgg16_bn_aa_s42,face_transfer,124,two_cross,RFW WM64,Objects,0.37,0.4,50,within_sampled_range,II,111,79.16666666666666,runs/yin_noise_matrix_20260926/results/r21vgg2k_vgg16_bn_aa_s42/faces_rfwWM64/objects/results.csv,II
aa4,VGG2k / AA4,r21vgg2k_vgg16_bn_aa_s42,face_transfer,124,two_cross,RFW WM64,Objects,0.37,0.4,50,within_sampled_range,II,112,83.33333333333334,runs/yin_noise_matrix_20260926/results/r21vgg2k_vgg16_bn_aa_s42/faces_rfwWM64/objects/results.csv,II
aa4,VGG2k / AA4,r21vgg2k_vgg16_bn_aa_s42,face_transfer,124,two_cross,RFW WM64,Objects,0.37,0.4,50,within_sampled_range,II,113,75.0,runs/yin_noise_matrix_20260926/results/r21vgg2k_vgg16_bn_aa_s42/faces_rfwWM64/objects/results.csv,II
aa4,VGG2k / AA4,r21vgg2k_vgg16_bn_aa_s42,face_transfer,124,two_cross,RFW WM64,Objects,0.37,0.4,50,within_sampled_range,II,114,91.66666666666666,runs/yin_noise_matrix_20260926/results/r21vgg2k_vgg16_bn_aa_s42/faces_rfwWM64/objects/results.csv,II
aa4,VGG2k / AA4,r21vgg2k_vgg16_bn_aa_s42,face_transfer,124,two_cross,RFW WM64,Objects,0.37,0.4,50,within_sampled_range,II,115,83.33333333333334,runs/yin_noise_matrix_20260926/results/r21vgg2k_vgg16_bn_aa_s42/faces_rfwWM64/objects/results.csv,II
aa4,VGG2k / AA4,r21vgg2k_vgg16_bn_aa_s42,face_transfer,124,two_cross,RFW WM64,Objects,0.37,0.4,50,within_sampled_range,II,116,95.83333333333334,runs/yin_noise_matrix_20260926/results/r21vgg2k_vgg16_bn_aa_s42/faces_rfwWM64/objects/results.csv,II
aa4,VGG2k / AA4,r21vgg2k_vgg16_bn_aa_s42,face_transfer,124,two_cross,RFW WM64,Objects,0.37,0.4,50,within_sampled_range,II,117,91.66666666666666,runs/yin_noise_matrix_20260926/results/r21vgg2k_vgg16_bn_aa_s42/faces_rfwWM64/objects/results.csv,II
aa4,VGG2k / AA4,r21vgg2k_vgg16_bn_aa_s42,face_transfer,124,two_cross,RFW WM64,Objects,0.37,0.4,50,within_sampled_range,II,118,91.66666666666666,runs/yin_noise_matrix_20260926/results/r21vgg2k_vgg16_bn_aa_s42/faces_rfwWM64/objects/results.csv,II
aa4,VGG2k / AA4,r21vgg2k_vgg16_bn_aa_s42,face_transfer,124,two_cross,RFW WM64,Objects,0.37,0.4,50,within_sampled_range,II,119,87.5,runs/yin_noise_matrix_20260926/results/r21vgg2k_vgg16_bn_aa_s42/faces_rfwWM64/objects/results.csv,II
aa4,VGG2k / AA4,r21vgg2k_vgg16_bn_aa_s42,face_transfer,124,two_cross,RFW WM64,Objects,0.37,0.4,50,within_sampled_range,II,120,83.33333333333334,runs/yin_noise_matrix_20260926/results/r21vgg2k_vgg16_bn_aa_s42/faces_rfwWM64/objects/results.csv,II
aa4,VGG2k / AA4,r21vgg2k_vgg16_bn_aa_s42,face_transfer,124,two_cross,RFW WM64,Objects,0.37,0.4,50,within_sampled_range,II,121,83.33333333333334,runs/yin_noise_matrix_20260926/results/r21vgg2k_vgg16_bn_aa_s42/faces_rfwWM64/objects/results.csv,II
aa4,VGG2k / AA4,r21vgg2k_vgg16_bn_aa_s42,face_transfer,124,two_cross,RFW WM64,Objects,0.37,0.4,50,within_sampled_range,II,122,87.5,runs/yin_noise_matrix_20260926/results/r21vgg2k_vgg16_bn_aa_s42/faces_rfwWM64/objects/results.csv,II
aa4,VGG2k / AA4,r21vgg2k_vgg16_bn_aa_s42,face_transfer,124,two_cross,RFW WM64,Objects,0.37,0.4,50,within_sampled_range,II,123,95.83333333333334,runs/yin_noise_matrix_20260926/results/r21vgg2k_vgg16_bn_aa_s42/faces_rfwWM64/objects/results.csv,II
aa4,VGG2k / AA4,r21vgg2k_vgg16_bn_aa_s42,face_transfer,124,two_cross,RFW WM64,Objects,0.37,0.4,50,within_sampled_range,II,124,83.33333333333334,runs/yin_noise_matrix_20260926/results/r21vgg2k_vgg16_bn_aa_s42/faces_rfwWM64/objects/results.csv,II
aa4,VGG2k / AA4,r21vgg2k_vgg16_bn_aa_s42,face_transfer,124,two_cross,RFW WM64,Objects,0.37,0.4,50,within_sampled_range,II,125,95.83333333333334,runs/yin_noise_matrix_20260926/results/r21vgg2k_vgg16_bn_aa_s42/faces_rfwWM64/objects/results.csv,II
aa4,VGG2k / AA4,r21vgg2k_vgg16_bn_aa_s42,face_transfer,124,two_cross,RFW WM64,Objects,0.37,0.4,50,within_sampled_range,II,126,91.66666666666666,runs/yin_noise_matrix_20260926/results/r21vgg2k_vgg16_bn_aa_s42/faces_rfwWM64/objects/results.csv,II
aa4,VGG2k / AA4,r21vgg2k_vgg16_bn_aa_s42,face_transfer,124,two_cross,RFW WM64,Objects,0.37,0.4,50,within_sampled_range,II,127,87.5,runs/yin_noise_matrix_20260926/results/r21vgg2k_vgg16_bn_aa_s42/faces_rfwWM64/objects/results.csv,II
aa4,VGG2k / AA4,r21vgg2k_vgg16_bn_aa_s42,face_transfer,124,two_cross,RFW WM64,Objects,0.37,0.4,50,within_sampled_range,II,128,83.33333333333334,runs/yin_noise_matrix_20260926/results/r21vgg2k_vgg16_bn_aa_s42/faces_rfwWM64/objects/results.csv,II
aa4,VGG2k / AA4,r21vgg2k_vgg16_bn_aa_s42,face_transfer,124,two_cross,RFW WM64,Objects,0.37,0.4,50,within_sampled_range,II,129,83.33333333333334,runs/yin_noise_matrix_20260926/results/r21vgg2k_vgg16_bn_aa_s42/faces_rfwWM64/objects/results.csv,II
aa4,VGG2k / AA4,r21vgg2k_vgg16_bn_aa_s42,face_transfer,124,two_cross,RFW WM64,Objects,0.37,0.4,50,within_sampled_range,II,130,91.66666666666666,runs/yin_noise_matrix_20260926/results/r21vgg2k_vgg16_bn_aa_s42/faces_rfwWM64/objects/results.csv,II
aa4,VGG2k / AA4,r21vgg2k_vgg16_bn_aa_s42,face_transfer,124,two_cross,RFW WM64,Objects,0.37,0.4,50,within_sampled_range,II,131,87.5,runs/yin_noise_matrix_20260926/results/r21vgg2k_vgg16_bn_aa_s42/faces_rfwWM64/objects/results.csv,II
aa4,VGG2k / AA4,r21vgg2k_vgg16_bn_aa_s42,face_transfer,124,two_cross,RFW WM64,Objects,0.37,0.4,50,within_sampled_range,II,132,87.5,runs/yin_noise_matrix_20260926/results/r21vgg2k_vgg16_bn_aa_s42/faces_rfwWM64/objects/results.csv,II
aa4,VGG2k / AA4,r21vgg2k_vgg16_bn_aa_s42,face_transfer,124,two_cross,RFW WM64,Objects,0.37,0.4,50,within_sampled_range,II,133,70.83333333333334,runs/yin_noise_matrix_20260926/results/r21vgg2k_vgg16_bn_aa_s42/faces_rfwWM64/objects/results.csv,II
aa4,VGG2k / AA4,r21vgg2k_vgg16_bn_aa_s42,face_transfer,124,two_cross,RFW WM64,Objects,0.37,0.4,50,within_sampled_range,II,134,87.5,runs/yin_noise_matrix_20260926/results/r21vgg2k_vgg16_bn_aa_s42/faces_rfwWM64/objects/results.csv,II
aa4,VGG2k / AA4,r21vgg2k_vgg16_bn_aa_s42,face_transfer,124,two_cross,RFW WM64,Objects,0.37,0.4,50,within_sampled_range,II,135,87.5,runs/yin_noise_matrix_20260926/results/r21vgg2k_vgg16_bn_aa_s42/faces_rfwWM64/objects/results.csv,II
aa4,VGG2k / AA4,r21vgg2k_vgg16_bn_aa_s42,face_transfer,124,two_cross,RFW WM64,Objects,0.37,0.4,50,within_sampled_range,II,136,95.83333333333334,runs/yin_noise_matrix_20260926/results/r21vgg2k_vgg16_bn_aa_s42/faces_rfwWM64/objects/results.csv,II
aa4,VGG2k / AA4,r21vgg2k_vgg16_bn_aa_s42,face_transfer,124,two_cross,RFW WM64,Objects,0.37,0.4,50,within_sampled_range,II,137,83.33333333333334,runs/yin_noise_matrix_20260926/results/r21vgg2k_vgg16_bn_aa_s42/faces_rfwWM64/objects/results.csv,II
aa4,VGG2k / AA4,r21vgg2k_vgg16_bn_aa_s42,face_transfer,124,two_cross,RFW WM64,Objects,0.37,0.4,50,within_sampled_range,II,138,83.33333333333334,runs/yin_noise_matrix_20260926/results/r21vgg2k_vgg16_bn_aa_s42/faces_rfwWM64/objects/results.csv,II
aa4,VGG2k / AA4,r21vgg2k_vgg16_bn_aa_s42,face_transfer,124,two_cross,RFW WM64,Objects,0.37,0.4,50,within_sampled_range,II,139,75.0,runs/yin_noise_matrix_20260926/results/r21vgg2k_vgg16_bn_aa_s42/faces_rfwWM64/objects/results.csv,II
aa4,VGG2k / AA4,r21vgg2k_vgg16_bn_aa_s42,face_transfer,124,two_cross,RFW WM64,Objects,0.37,0.4,50,within_sampled_range,II,140,91.66666666666666,runs/yin_noise_matrix_20260926/results/r21vgg2k_vgg16_bn_aa_s42/faces_rfwWM64/objects/results.csv,II
aa4,VGG2k / AA4,r21vgg2k_vgg16_bn_aa_s42,face_transfer,124,two_cross,RFW WM64,Objects,0.37,0.4,50,within_sampled_range,II,141,91.66666666666666,runs/yin_noise_matrix_20260926/results/r21vgg2k_vgg16_bn_aa_s42/faces_rfwWM64/objects/results.csv,II
aa4,VGG2k / AA4,r21vgg2k_vgg16_bn_aa_s42,face_transfer,124,two_cross,RFW WM64,Objects,0.37,0.4,50,within_sampled_range,II,142,87.5,runs/yin_noise_matrix_20260926/results/r21vgg2k_vgg16_bn_aa_s42/faces_rfwWM64/objects/results.csv,II
aa4,VGG2k / AA4,r21vgg2k_vgg16_bn_aa_s42,face_transfer,124,two_cross,RFW WM64,Objects,0.37,0.4,50,within_sampled_range,II,143,75.0,runs/yin_noise_matrix_20260926/results/r21vgg2k_vgg16_bn_aa_s42/faces_rfwWM64/objects/results.csv,II
aa4,VGG2k / AA4,r21vgg2k_vgg16_bn_aa_s42,face_transfer,124,two_cross,RFW WM64,Objects,0.37,0.4,50,within_sampled_range,II,144,91.66666666666666,runs/yin_noise_matrix_20260926/results/r21vgg2k_vgg16_bn_aa_s42/faces_rfwWM64/objects/results.csv,II
aa4,VGG2k / AA4,r21vgg2k_vgg16_bn_aa_s42,face_transfer,124,two_cross,RFW WM64,Objects,0.37,0.4,50,within_sampled_range,II,145,83.33333333333334,runs/yin_noise_matrix_20260926/results/r21vgg2k_vgg16_bn_aa_s42/faces_rfwWM64/objects/results.csv,II
aa4,VGG2k / AA4,r21vgg2k_vgg16_bn_aa_s42,face_transfer,124,two_cross,RFW WM64,Objects,0.37,0.4,50,within_sampled_range,II,146,79.16666666666666,runs/yin_noise_matrix_20260926/results/r21vgg2k_vgg16_bn_aa_s42/faces_rfwWM64/objects/results.csv,II
aa4,VGG2k / AA4,r21vgg2k_vgg16_bn_aa_s42,face_transfer,124,two_cross,RFW WM64,Objects,0.37,0.4,50,within_sampled_range,II,147,83.33333333333334,runs/yin_noise_matrix_20260926/results/r21vgg2k_vgg16_bn_aa_s42/faces_rfwWM64/objects/results.csv,II
aa4,VGG2k / AA4,r21vgg2k_vgg16_bn_aa_s42,face_transfer,124,two_cross,RFW WM64,Objects,0.37,0.4,50,within_sampled_range,II,148,79.16666666666666,runs/yin_noise_matrix_20260926/results/r21vgg2k_vgg16_bn_aa_s42/faces_rfwWM64/objects/results.csv,II
aa4,VGG2k / AA4,r21vgg2k_vgg16_bn_aa_s42,face_transfer,124,two_cross,RFW WM64,Objects,0.37,0.4,50,within_sampled_range,II,149,83.33333333333334,runs/yin_noise_matrix_20260926/results/r21vgg2k_vgg16_bn_aa_s42/faces_rfwWM64/objects/results.csv,II
aa4,VGG2k / AA4,r21vgg2k_vgg16_bn_aa_s42,face_transfer,124,two_cross,RFW WM64,Objects,0.37,0.4,50,within_sampled_range,II,150,87.5,runs/yin_noise_matrix_20260926/results/r21vgg2k_vgg16_bn_aa_s42/faces_rfwWM64/objects/results.csv,II
aa4,VGG2k / AA4,r21vgg2k_vgg16_bn_aa_s42,face_transfer,124,two_cross,RFW WM64,Objects,0.37,0.4,50,within_sampled_range,UI,101,95.83333333333334,runs/yin_noise_matrix_20260926/results/r21vgg2k_vgg16_bn_aa_s42/faces_rfwWM64/objects/results.csv,UI_cross
aa4,VGG2k / AA4,r21vgg2k_vgg16_bn_aa_s42,face_transfer,124,two_cross,RFW WM64,Objects,0.37,0.4,50,within_sampled_range,UI,102,79.16666666666666,runs/yin_noise_matrix_20260926/results/r21vgg2k_vgg16_bn_aa_s42/faces_rfwWM64/objects/results.csv,UI_cross
aa4,VGG2k / AA4,r21vgg2k_vgg16_bn_aa_s42,face_transfer,124,two_cross,RFW WM64,Objects,0.37,0.4,50,within_sampled_range,UI,103,87.5,runs/yin_noise_matrix_20260926/results/r21vgg2k_vgg16_bn_aa_s42/faces_rfwWM64/objects/results.csv,UI_cross
aa4,VGG2k / AA4,r21vgg2k_vgg16_bn_aa_s42,face_transfer,124,two_cross,RFW WM64,Objects,0.37,0.4,50,within_sampled_range,UI,104,95.83333333333334,runs/yin_noise_matrix_20260926/results/r21vgg2k_vgg16_bn_aa_s42/faces_rfwWM64/objects/results.csv,UI_cross
aa4,VGG2k / AA4,r21vgg2k_vgg16_bn_aa_s42,face_transfer,124,two_cross,RFW WM64,Objects,0.37,0.4,50,within_sampled_range,UI,105,87.5,runs/yin_noise_matrix_20260926/results/r21vgg2k_vgg16_bn_aa_s42/faces_rfwWM64/objects/results.csv,UI_cross
aa4,VGG2k / AA4,r21vgg2k_vgg16_bn_aa_s42,face_transfer,124,two_cross,RFW WM64,Objects,0.37,0.4,50,within_sampled_range,UI,106,87.5,runs/yin_noise_matrix_20260926/results/r21vgg2k_vgg16_bn_aa_s42/faces_rfwWM64/objects/results.csv,UI_cross
aa4,VGG2k / AA4,r21vgg2k_vgg16_bn_aa_s42,face_transfer,124,two_cross,RFW WM64,Objects,0.37,0.4,50,within_sampled_range,UI,107,79.16666666666666,runs/yin_noise_matrix_20260926/results/r21vgg2k_vgg16_bn_aa_s42/faces_rfwWM64/objects/results.csv,UI_cross
aa4,VGG2k / AA4,r21vgg2k_vgg16_bn_aa_s42,face_transfer,124,two_cross,RFW WM64,Objects,0.37,0.4,50,within_sampled_range,UI,108,91.66666666666666,runs/yin_noise_matrix_20260926/results/r21vgg2k_vgg16_bn_aa_s42/faces_rfwWM64/objects/results.csv,UI_cross
aa4,VGG2k / AA4,r21vgg2k_vgg16_bn_aa_s42,face_transfer,124,two_cross,RFW WM64,Objects,0.37,0.4,50,within_sampled_range,UI,109,75.0,runs/yin_noise_matrix_20260926/results/r21vgg2k_vgg16_bn_aa_s42/faces_rfwWM64/objects/results.csv,UI_cross
aa4,VGG2k / AA4,r21vgg2k_vgg16_bn_aa_s42,face_transfer,124,two_cross,RFW WM64,Objects,0.37,0.4,50,within_sampled_range,UI,110,87.5,runs/yin_noise_matrix_20260926/results/r21vgg2k_vgg16_bn_aa_s42/faces_rfwWM64/objects/results.csv,UI_cross
aa4,VGG2k / AA4,r21vgg2k_vgg16_bn_aa_s42,face_transfer,124,two_cross,RFW WM64,Objects,0.37,0.4,50,within_sampled_range,UI,111,100.0,runs/yin_noise_matrix_20260926/results/r21vgg2k_vgg16_bn_aa_s42/faces_rfwWM64/objects/results.csv,UI_cross
aa4,VGG2k / AA4,r21vgg2k_vgg16_bn_aa_s42,face_transfer,124,two_cross,RFW WM64,Objects,0.37,0.4,50,within_sampled_range,UI,112,66.66666666666666,runs/yin_noise_matrix_20260926/results/r21vgg2k_vgg16_bn_aa_s42/faces_rfwWM64/objects/results.csv,UI_cross
aa4,VGG2k / AA4,r21vgg2k_vgg16_bn_aa_s42,face_transfer,124,two_cross,RFW WM64,Objects,0.37,0.4,50,within_sampled_range,UI,113,75.0,runs/yin_noise_matrix_20260926/results/r21vgg2k_vgg16_bn_aa_s42/faces_rfwWM64/objects/results.csv,UI_cross
aa4,VGG2k / AA4,r21vgg2k_vgg16_bn_aa_s42,face_transfer,124,two_cross,RFW WM64,Objects,0.37,0.4,50,within_sampled_range,UI,114,87.5,runs/yin_noise_matrix_20260926/results/r21vgg2k_vgg16_bn_aa_s42/faces_rfwWM64/objects/results.csv,UI_cross
aa4,VGG2k / AA4,r21vgg2k_vgg16_bn_aa_s42,face_transfer,124,two_cross,RFW WM64,Objects,0.37,0.4,50,within_sampled_range,UI,115,87.5,runs/yin_noise_matrix_20260926/results/r21vgg2k_vgg16_bn_aa_s42/faces_rfwWM64/objects/results.csv,UI_cross
aa4,VGG2k / AA4,r21vgg2k_vgg16_bn_aa_s42,face_transfer,124,two_cross,RFW WM64,Objects,0.37,0.4,50,within_sampled_range,UI,116,91.66666666666666,runs/yin_noise_matrix_20260926/results/r21vgg2k_vgg16_bn_aa_s42/faces_rfwWM64/objects/results.csv,UI_cross
aa4,VGG2k / AA4,r21vgg2k_vgg16_bn_aa_s42,face_transfer,124,two_cross,RFW WM64,Objects,0.37,0.4,50,within_sampled_range,UI,117,95.83333333333334,runs/yin_noise_matrix_20260926/results/r21vgg2k_vgg16_bn_aa_s42/faces_rfwWM64/objects/results.csv,UI_cross
aa4,VGG2k / AA4,r21vgg2k_vgg16_bn_aa_s42,face_transfer,124,two_cross,RFW WM64,Objects,0.37,0.4,50,within_sampled_range,UI,118,91.66666666666666,runs/yin_noise_matrix_20260926/results/r21vgg2k_vgg16_bn_aa_s42/faces_rfwWM64/objects/results.csv,UI_cross
aa4,VGG2k / AA4,r21vgg2k_vgg16_bn_aa_s42,face_transfer,124,two_cross,RFW WM64,Objects,0.37,0.4,50,within_sampled_range,UI,119,95.83333333333334,runs/yin_noise_matrix_20260926/results/r21vgg2k_vgg16_bn_aa_s42/faces_rfwWM64/objects/results.csv,UI_cross
aa4,VGG2k / AA4,r21vgg2k_vgg16_bn_aa_s42,face_transfer,124,two_cross,RFW WM64,Objects,0.37,0.4,50,within_sampled_range,UI,120,87.5,runs/yin_noise_matrix_20260926/results/r21vgg2k_vgg16_bn_aa_s42/faces_rfwWM64/objects/results.csv,UI_cross
aa4,VGG2k / AA4,r21vgg2k_vgg16_bn_aa_s42,face_transfer,124,two_cross,RFW WM64,Objects,0.37,0.4,50,within_sampled_range,UI,121,91.66666666666666,runs/yin_noise_matrix_20260926/results/r21vgg2k_vgg16_bn_aa_s42/faces_rfwWM64/objects/results.csv,UI_cross
aa4,VGG2k / AA4,r21vgg2k_vgg16_bn_aa_s42,face_transfer,124,two_cross,RFW WM64,Objects,0.37,0.4,50,within_sampled_range,UI,122,91.66666666666666,runs/yin_noise_matrix_20260926/results/r21vgg2k_vgg16_bn_aa_s42/faces_rfwWM64/objects/results.csv,UI_cross
aa4,VGG2k / AA4,r21vgg2k_vgg16_bn_aa_s42,face_transfer,124,two_cross,RFW WM64,Objects,0.37,0.4,50,within_sampled_range,UI,123,91.66666666666666,runs/yin_noise_matrix_20260926/results/r21vgg2k_vgg16_bn_aa_s42/faces_rfwWM64/objects/results.csv,UI_cross
aa4,VGG2k / AA4,r21vgg2k_vgg16_bn_aa_s42,face_transfer,124,two_cross,RFW WM64,Objects,0.37,0.4,50,within_sampled_range,UI,124,83.33333333333334,runs/yin_noise_matrix_20260926/results/r21vgg2k_vgg16_bn_aa_s42/faces_rfwWM64/objects/results.csv,UI_cross
aa4,VGG2k / AA4,r21vgg2k_vgg16_bn_aa_s42,face_transfer,124,two_cross,RFW WM64,Objects,0.37,0.4,50,within_sampled_range,UI,125,91.66666666666666,runs/yin_noise_matrix_20260926/results/r21vgg2k_vgg16_bn_aa_s42/faces_rfwWM64/objects/results.csv,UI_cross
aa4,VGG2k / AA4,r21vgg2k_vgg16_bn_aa_s42,face_transfer,124,two_cross,RFW WM64,Objects,0.37,0.4,50,within_sampled_range,UI,126,87.5,runs/yin_noise_matrix_20260926/results/r21vgg2k_vgg16_bn_aa_s42/faces_rfwWM64/objects/results.csv,UI_cross
aa4,VGG2k / AA4,r21vgg2k_vgg16_bn_aa_s42,face_transfer,124,two_cross,RFW WM64,Objects,0.37,0.4,50,within_sampled_range,UI,127,83.33333333333334,runs/yin_noise_matrix_20260926/results/r21vgg2k_vgg16_bn_aa_s42/faces_rfwWM64/objects/results.csv,UI_cross
aa4,VGG2k / AA4,r21vgg2k_vgg16_bn_aa_s42,face_transfer,124,two_cross,RFW WM64,Objects,0.37,0.4,50,within_sampled_range,UI,128,87.5,runs/yin_noise_matrix_20260926/results/r21vgg2k_vgg16_bn_aa_s42/faces_rfwWM64/objects/results.csv,UI_cross
aa4,VGG2k / AA4,r21vgg2k_vgg16_bn_aa_s42,face_transfer,124,two_cross,RFW WM64,Objects,0.37,0.4,50,within_sampled_range,UI,129,91.66666666666666,runs/yin_noise_matrix_20260926/results/r21vgg2k_vgg16_bn_aa_s42/faces_rfwWM64/objects/results.csv,UI_cross
aa4,VGG2k / AA4,r21vgg2k_vgg16_bn_aa_s42,face_transfer,124,two_cross,RFW WM64,Objects,0.37,0.4,50,within_sampled_range,UI,130,91.66666666666666,runs/yin_noise_matrix_20260926/results/r21vgg2k_vgg16_bn_aa_s42/faces_rfwWM64/objects/results.csv,UI_cross
aa4,VGG2k / AA4,r21vgg2k_vgg16_bn_aa_s42,face_transfer,124,two_cross,RFW WM64,Objects,0.37,0.4,50,within_sampled_range,UI,131,95.83333333333334,runs/yin_noise_matrix_20260926/results/r21vgg2k_vgg16_bn_aa_s42/faces_rfwWM64/objects/results.csv,UI_cross
aa4,VGG2k / AA4,r21vgg2k_vgg16_bn_aa_s42,face_transfer,124,two_cross,RFW WM64,Objects,0.37,0.4,50,within_sampled_range,UI,132,87.5,runs/yin_noise_matrix_20260926/results/r21vgg2k_vgg16_bn_aa_s42/faces_rfwWM64/objects/results.csv,UI_cross
aa4,VGG2k / AA4,r21vgg2k_vgg16_bn_aa_s42,face_transfer,124,two_cross,RFW WM64,Objects,0.37,0.4,50,within_sampled_range,UI,133,83.33333333333334,runs/yin_noise_matrix_20260926/results/r21vgg2k_vgg16_bn_aa_s42/faces_rfwWM64/objects/results.csv,UI_cross
aa4,VGG2k / AA4,r21vgg2k_vgg16_bn_aa_s42,face_transfer,124,two_cross,RFW WM64,Objects,0.37,0.4,50,within_sampled_range,UI,134,95.83333333333334,runs/yin_noise_matrix_20260926/results/r21vgg2k_vgg16_bn_aa_s42/faces_rfwWM64/objects/results.csv,UI_cross
aa4,VGG2k / AA4,r21vgg2k_vgg16_bn_aa_s42,face_transfer,124,two_cross,RFW WM64,Objects,0.37,0.4,50,within_sampled_range,UI,135,87.5,runs/yin_noise_matrix_20260926/results/r21vgg2k_vgg16_bn_aa_s42/faces_rfwWM64/objects/results.csv,UI_cross
aa4,VGG2k / AA4,r21vgg2k_vgg16_bn_aa_s42,face_transfer,124,two_cross,RFW WM64,Objects,0.37,0.4,50,within_sampled_range,UI,136,79.16666666666666,runs/yin_noise_matrix_20260926/results/r21vgg2k_vgg16_bn_aa_s42/faces_rfwWM64/objects/results.csv,UI_cross
aa4,VGG2k / AA4,r21vgg2k_vgg16_bn_aa_s42,face_transfer,124,two_cross,RFW WM64,Objects,0.37,0.4,50,within_sampled_range,UI,137,83.33333333333334,runs/yin_noise_matrix_20260926/results/r21vgg2k_vgg16_bn_aa_s42/faces_rfwWM64/objects/results.csv,UI_cross
aa4,VGG2k / AA4,r21vgg2k_vgg16_bn_aa_s42,face_transfer,124,two_cross,RFW WM64,Objects,0.37,0.4,50,within_sampled_range,UI,138,87.5,runs/yin_noise_matrix_20260926/results/r21vgg2k_vgg16_bn_aa_s42/faces_rfwWM64/objects/results.csv,UI_cross
aa4,VGG2k / AA4,r21vgg2k_vgg16_bn_aa_s42,face_transfer,124,two_cross,RFW WM64,Objects,0.37,0.4,50,within_sampled_range,UI,139,83.33333333333334,runs/yin_noise_matrix_20260926/results/r21vgg2k_vgg16_bn_aa_s42/faces_rfwWM64/objects/results.csv,UI_cross
aa4,VGG2k / AA4,r21vgg2k_vgg16_bn_aa_s42,face_transfer,124,two_cross,RFW WM64,Objects,0.37,0.4,50,within_sampled_range,UI,140,83.33333333333334,runs/yin_noise_matrix_20260926/results/r21vgg2k_vgg16_bn_aa_s42/faces_rfwWM64/objects/results.csv,UI_cross
aa4,VGG2k / AA4,r21vgg2k_vgg16_bn_aa_s42,face_transfer,124,two_cross,RFW WM64,Objects,0.37,0.4,50,within_sampled_range,UI,141,87.5,runs/yin_noise_matrix_20260926/results/r21vgg2k_vgg16_bn_aa_s42/faces_rfwWM64/objects/results.csv,UI_cross
aa4,VGG2k / AA4,r21vgg2k_vgg16_bn_aa_s42,face_transfer,124,two_cross,RFW WM64,Objects,0.37,0.4,50,within_sampled_range,UI,142,91.66666666666666,runs/yin_noise_matrix_20260926/results/r21vgg2k_vgg16_bn_aa_s42/faces_rfwWM64/objects/results.csv,UI_cross
aa4,VGG2k / AA4,r21vgg2k_vgg16_bn_aa_s42,face_transfer,124,two_cross,RFW WM64,Objects,0.37,0.4,50,within_sampled_range,UI,143,91.66666666666666,runs/yin_noise_matrix_20260926/results/r21vgg2k_vgg16_bn_aa_s42/faces_rfwWM64/objects/results.csv,UI_cross
aa4,VGG2k / AA4,r21vgg2k_vgg16_bn_aa_s42,face_transfer,124,two_cross,RFW WM64,Objects,0.37,0.4,50,within_sampled_range,UI,144,95.83333333333334,runs/yin_noise_matrix_20260926/results/r21vgg2k_vgg16_bn_aa_s42/faces_rfwWM64/objects/results.csv,UI_cross
aa4,VGG2k / AA4,r21vgg2k_vgg16_bn_aa_s42,face_transfer,124,two_cross,RFW WM64,Objects,0.37,0.4,50,within_sampled_range,UI,145,83.33333333333334,runs/yin_noise_matrix_20260926/results/r21vgg2k_vgg16_bn_aa_s42/faces_rfwWM64/objects/results.csv,UI_cross
aa4,VGG2k / AA4,r21vgg2k_vgg16_bn_aa_s42,face_transfer,124,two_cross,RFW WM64,Objects,0.37,0.4,50,within_sampled_range,UI,146,83.33333333333334,runs/yin_noise_matrix_20260926/results/r21vgg2k_vgg16_bn_aa_s42/faces_rfwWM64/objects/results.csv,UI_cross
aa4,VGG2k / AA4,r21vgg2k_vgg16_bn_aa_s42,face_transfer,124,two_cross,RFW WM64,Objects,0.37,0.4,50,within_sampled_range,UI,147,91.66666666666666,runs/yin_noise_matrix_20260926/results/r21vgg2k_vgg16_bn_aa_s42/faces_rfwWM64/objects/results.csv,UI_cross
aa4,VGG2k / AA4,r21vgg2k_vgg16_bn_aa_s42,face_transfer,124,two_cross,RFW WM64,Objects,0.37,0.4,50,within_sampled_range,UI,148,83.33333333333334,runs/yin_noise_matrix_20260926/results/r21vgg2k_vgg16_bn_aa_s42/faces_rfwWM64/objects/results.csv,UI_cross
aa4,VGG2k / AA4,r21vgg2k_vgg16_bn_aa_s42,face_transfer,124,two_cross,RFW WM64,Objects,0.37,0.4,50,within_sampled_range,UI,149,83.33333333333334,runs/yin_noise_matrix_20260926/results/r21vgg2k_vgg16_bn_aa_s42/faces_rfwWM64/objects/results.csv,UI_cross
aa4,VGG2k / AA4,r21vgg2k_vgg16_bn_aa_s42,face_transfer,124,two_cross,RFW WM64,Objects,0.37,0.4,50,within_sampled_range,UI,150,83.33333333333334,runs/yin_noise_matrix_20260926/results/r21vgg2k_vgg16_bn_aa_s42/faces_rfwWM64/objects/results.csv,UI_cross
aa4,VGG2k / AA4,r21vgg2k_vgg16_bn_aa_s42,face_transfer,124,two_cross,RFW WM64,Objects,0.37,0.4,50,within_sampled_range,IU,101,95.83333333333334,runs/yin_noise_matrix_20260926/results/r21vgg2k_vgg16_bn_aa_s42/faces_rfwWM64/objects/results.csv,IU
aa4,VGG2k / AA4,r21vgg2k_vgg16_bn_aa_s42,face_transfer,124,two_cross,RFW WM64,Objects,0.37,0.4,50,within_sampled_range,IU,102,83.33333333333334,runs/yin_noise_matrix_20260926/results/r21vgg2k_vgg16_bn_aa_s42/faces_rfwWM64/objects/results.csv,IU
aa4,VGG2k / AA4,r21vgg2k_vgg16_bn_aa_s42,face_transfer,124,two_cross,RFW WM64,Objects,0.37,0.4,50,within_sampled_range,IU,103,91.66666666666666,runs/yin_noise_matrix_20260926/results/r21vgg2k_vgg16_bn_aa_s42/faces_rfwWM64/objects/results.csv,IU
aa4,VGG2k / AA4,r21vgg2k_vgg16_bn_aa_s42,face_transfer,124,two_cross,RFW WM64,Objects,0.37,0.4,50,within_sampled_range,IU,104,91.66666666666666,runs/yin_noise_matrix_20260926/results/r21vgg2k_vgg16_bn_aa_s42/faces_rfwWM64/objects/results.csv,IU
aa4,VGG2k / AA4,r21vgg2k_vgg16_bn_aa_s42,face_transfer,124,two_cross,RFW WM64,Objects,0.37,0.4,50,within_sampled_range,IU,105,79.16666666666666,runs/yin_noise_matrix_20260926/results/r21vgg2k_vgg16_bn_aa_s42/faces_rfwWM64/objects/results.csv,IU
aa4,VGG2k / AA4,r21vgg2k_vgg16_bn_aa_s42,face_transfer,124,two_cross,RFW WM64,Objects,0.37,0.4,50,within_sampled_range,IU,106,87.5,runs/yin_noise_matrix_20260926/results/r21vgg2k_vgg16_bn_aa_s42/faces_rfwWM64/objects/results.csv,IU
aa4,VGG2k / AA4,r21vgg2k_vgg16_bn_aa_s42,face_transfer,124,two_cross,RFW WM64,Objects,0.37,0.4,50,within_sampled_range,IU,107,95.83333333333334,runs/yin_noise_matrix_20260926/results/r21vgg2k_vgg16_bn_aa_s42/faces_rfwWM64/objects/results.csv,IU
aa4,VGG2k / AA4,r21vgg2k_vgg16_bn_aa_s42,face_transfer,124,two_cross,RFW WM64,Objects,0.37,0.4,50,within_sampled_range,IU,108,95.83333333333334,runs/yin_noise_matrix_20260926/results/r21vgg2k_vgg16_bn_aa_s42/faces_rfwWM64/objects/results.csv,IU
aa4,VGG2k / AA4,r21vgg2k_vgg16_bn_aa_s42,face_transfer,124,two_cross,RFW WM64,Objects,0.37,0.4,50,within_sampled_range,IU,109,100.0,runs/yin_noise_matrix_20260926/results/r21vgg2k_vgg16_bn_aa_s42/faces_rfwWM64/objects/results.csv,IU
aa4,VGG2k / AA4,r21vgg2k_vgg16_bn_aa_s42,face_transfer,124,two_cross,RFW WM64,Objects,0.37,0.4,50,within_sampled_range,IU,110,83.33333333333334,runs/yin_noise_matrix_20260926/results/r21vgg2k_vgg16_bn_aa_s42/faces_rfwWM64/objects/results.csv,IU
aa4,VGG2k / AA4,r21vgg2k_vgg16_bn_aa_s42,face_transfer,124,two_cross,RFW WM64,Objects,0.37,0.4,50,within_sampled_range,IU,111,87.5,runs/yin_noise_matrix_20260926/results/r21vgg2k_vgg16_bn_aa_s42/faces_rfwWM64/objects/results.csv,IU
aa4,VGG2k / AA4,r21vgg2k_vgg16_bn_aa_s42,face_transfer,124,two_cross,RFW WM64,Objects,0.37,0.4,50,within_sampled_range,IU,112,95.83333333333334,runs/yin_noise_matrix_20260926/results/r21vgg2k_vgg16_bn_aa_s42/faces_rfwWM64/objects/results.csv,IU
aa4,VGG2k / AA4,r21vgg2k_vgg16_bn_aa_s42,face_transfer,124,two_cross,RFW WM64,Objects,0.37,0.4,50,within_sampled_range,IU,113,75.0,runs/yin_noise_matrix_20260926/results/r21vgg2k_vgg16_bn_aa_s42/faces_rfwWM64/objects/results.csv,IU
aa4,VGG2k / AA4,r21vgg2k_vgg16_bn_aa_s42,face_transfer,124,two_cross,RFW WM64,Objects,0.37,0.4,50,within_sampled_range,IU,114,83.33333333333334,runs/yin_noise_matrix_20260926/results/r21vgg2k_vgg16_bn_aa_s42/faces_rfwWM64/objects/results.csv,IU
aa4,VGG2k / AA4,r21vgg2k_vgg16_bn_aa_s42,face_transfer,124,two_cross,RFW WM64,Objects,0.37,0.4,50,within_sampled_range,IU,115,91.66666666666666,runs/yin_noise_matrix_20260926/results/r21vgg2k_vgg16_bn_aa_s42/faces_rfwWM64/objects/results.csv,IU
aa4,VGG2k / AA4,r21vgg2k_vgg16_bn_aa_s42,face_transfer,124,two_cross,RFW WM64,Objects,0.37,0.4,50,within_sampled_range,IU,116,79.16666666666666,runs/yin_noise_matrix_20260926/results/r21vgg2k_vgg16_bn_aa_s42/faces_rfwWM64/objects/results.csv,IU
aa4,VGG2k / AA4,r21vgg2k_vgg16_bn_aa_s42,face_transfer,124,two_cross,RFW WM64,Objects,0.37,0.4,50,within_sampled_range,IU,117,91.66666666666666,runs/yin_noise_matrix_20260926/results/r21vgg2k_vgg16_bn_aa_s42/faces_rfwWM64/objects/results.csv,IU
aa4,VGG2k / AA4,r21vgg2k_vgg16_bn_aa_s42,face_transfer,124,two_cross,RFW WM64,Objects,0.37,0.4,50,within_sampled_range,IU,118,95.83333333333334,runs/yin_noise_matrix_20260926/results/r21vgg2k_vgg16_bn_aa_s42/faces_rfwWM64/objects/results.csv,IU
aa4,VGG2k / AA4,r21vgg2k_vgg16_bn_aa_s42,face_transfer,124,two_cross,RFW WM64,Objects,0.37,0.4,50,within_sampled_range,IU,119,100.0,runs/yin_noise_matrix_20260926/results/r21vgg2k_vgg16_bn_aa_s42/faces_rfwWM64/objects/results.csv,IU
aa4,VGG2k / AA4,r21vgg2k_vgg16_bn_aa_s42,face_transfer,124,two_cross,RFW WM64,Objects,0.37,0.4,50,within_sampled_range,IU,120,83.33333333333334,runs/yin_noise_matrix_20260926/results/r21vgg2k_vgg16_bn_aa_s42/faces_rfwWM64/objects/results.csv,IU
aa4,VGG2k / AA4,r21vgg2k_vgg16_bn_aa_s42,face_transfer,124,two_cross,RFW WM64,Objects,0.37,0.4,50,within_sampled_range,IU,121,95.83333333333334,runs/yin_noise_matrix_20260926/results/r21vgg2k_vgg16_bn_aa_s42/faces_rfwWM64/objects/results.csv,IU
aa4,VGG2k / AA4,r21vgg2k_vgg16_bn_aa_s42,face_transfer,124,two_cross,RFW WM64,Objects,0.37,0.4,50,within_sampled_range,IU,122,91.66666666666666,runs/yin_noise_matrix_20260926/results/r21vgg2k_vgg16_bn_aa_s42/faces_rfwWM64/objects/results.csv,IU
aa4,VGG2k / AA4,r21vgg2k_vgg16_bn_aa_s42,face_transfer,124,two_cross,RFW WM64,Objects,0.37,0.4,50,within_sampled_range,IU,123,87.5,runs/yin_noise_matrix_20260926/results/r21vgg2k_vgg16_bn_aa_s42/faces_rfwWM64/objects/results.csv,IU
aa4,VGG2k / AA4,r21vgg2k_vgg16_bn_aa_s42,face_transfer,124,two_cross,RFW WM64,Objects,0.37,0.4,50,within_sampled_range,IU,124,70.83333333333334,runs/yin_noise_matrix_20260926/results/r21vgg2k_vgg16_bn_aa_s42/faces_rfwWM64/objects/results.csv,IU
aa4,VGG2k / AA4,r21vgg2k_vgg16_bn_aa_s42,face_transfer,124,two_cross,RFW WM64,Objects,0.37,0.4,50,within_sampled_range,IU,125,79.16666666666666,runs/yin_noise_matrix_20260926/results/r21vgg2k_vgg16_bn_aa_s42/faces_rfwWM64/objects/results.csv,IU
aa4,VGG2k / AA4,r21vgg2k_vgg16_bn_aa_s42,face_transfer,124,two_cross,RFW WM64,Objects,0.37,0.4,50,within_sampled_range,IU,126,91.66666666666666,runs/yin_noise_matrix_20260926/results/r21vgg2k_vgg16_bn_aa_s42/faces_rfwWM64/objects/results.csv,IU
aa4,VGG2k / AA4,r21vgg2k_vgg16_bn_aa_s42,face_transfer,124,two_cross,RFW WM64,Objects,0.37,0.4,50,within_sampled_range,IU,127,95.83333333333334,runs/yin_noise_matrix_20260926/results/r21vgg2k_vgg16_bn_aa_s42/faces_rfwWM64/objects/results.csv,IU
aa4,VGG2k / AA4,r21vgg2k_vgg16_bn_aa_s42,face_transfer,124,two_cross,RFW WM64,Objects,0.37,0.4,50,within_sampled_range,IU,128,83.33333333333334,runs/yin_noise_matrix_20260926/results/r21vgg2k_vgg16_bn_aa_s42/faces_rfwWM64/objects/results.csv,IU
aa4,VGG2k / AA4,r21vgg2k_vgg16_bn_aa_s42,face_transfer,124,two_cross,RFW WM64,Objects,0.37,0.4,50,within_sampled_range,IU,129,83.33333333333334,runs/yin_noise_matrix_20260926/results/r21vgg2k_vgg16_bn_aa_s42/faces_rfwWM64/objects/results.csv,IU
aa4,VGG2k / AA4,r21vgg2k_vgg16_bn_aa_s42,face_transfer,124,two_cross,RFW WM64,Objects,0.37,0.4,50,within_sampled_range,IU,130,83.33333333333334,runs/yin_noise_matrix_20260926/results/r21vgg2k_vgg16_bn_aa_s42/faces_rfwWM64/objects/results.csv,IU
aa4,VGG2k / AA4,r21vgg2k_vgg16_bn_aa_s42,face_transfer,124,two_cross,RFW WM64,Objects,0.37,0.4,50,within_sampled_range,IU,131,87.5,runs/yin_noise_matrix_20260926/results/r21vgg2k_vgg16_bn_aa_s42/faces_rfwWM64/objects/results.csv,IU
aa4,VGG2k / AA4,r21vgg2k_vgg16_bn_aa_s42,face_transfer,124,two_cross,RFW WM64,Objects,0.37,0.4,50,within_sampled_range,IU,132,91.66666666666666,runs/yin_noise_matrix_20260926/results/r21vgg2k_vgg16_bn_aa_s42/faces_rfwWM64/objects/results.csv,IU
aa4,VGG2k / AA4,r21vgg2k_vgg16_bn_aa_s42,face_transfer,124,two_cross,RFW WM64,Objects,0.37,0.4,50,within_sampled_range,IU,133,87.5,runs/yin_noise_matrix_20260926/results/r21vgg2k_vgg16_bn_aa_s42/faces_rfwWM64/objects/results.csv,IU
aa4,VGG2k / AA4,r21vgg2k_vgg16_bn_aa_s42,face_transfer,124,two_cross,RFW WM64,Objects,0.37,0.4,50,within_sampled_range,IU,134,91.66666666666666,runs/yin_noise_matrix_20260926/results/r21vgg2k_vgg16_bn_aa_s42/faces_rfwWM64/objects/results.csv,IU
aa4,VGG2k / AA4,r21vgg2k_vgg16_bn_aa_s42,face_transfer,124,two_cross,RFW WM64,Objects,0.37,0.4,50,within_sampled_range,IU,135,79.16666666666666,runs/yin_noise_matrix_20260926/results/r21vgg2k_vgg16_bn_aa_s42/faces_rfwWM64/objects/results.csv,IU
aa4,VGG2k / AA4,r21vgg2k_vgg16_bn_aa_s42,face_transfer,124,two_cross,RFW WM64,Objects,0.37,0.4,50,within_sampled_range,IU,136,79.16666666666666,runs/yin_noise_matrix_20260926/results/r21vgg2k_vgg16_bn_aa_s42/faces_rfwWM64/objects/results.csv,IU
aa4,VGG2k / AA4,r21vgg2k_vgg16_bn_aa_s42,face_transfer,124,two_cross,RFW WM64,Objects,0.37,0.4,50,within_sampled_range,IU,137,83.33333333333334,runs/yin_noise_matrix_20260926/results/r21vgg2k_vgg16_bn_aa_s42/faces_rfwWM64/objects/results.csv,IU
aa4,VGG2k / AA4,r21vgg2k_vgg16_bn_aa_s42,face_transfer,124,two_cross,RFW WM64,Objects,0.37,0.4,50,within_sampled_range,IU,138,79.16666666666666,runs/yin_noise_matrix_20260926/results/r21vgg2k_vgg16_bn_aa_s42/faces_rfwWM64/objects/results.csv,IU
aa4,VGG2k / AA4,r21vgg2k_vgg16_bn_aa_s42,face_transfer,124,two_cross,RFW WM64,Objects,0.37,0.4,50,within_sampled_range,IU,139,91.66666666666666,runs/yin_noise_matrix_20260926/results/r21vgg2k_vgg16_bn_aa_s42/faces_rfwWM64/objects/results.csv,IU
aa4,VGG2k / AA4,r21vgg2k_vgg16_bn_aa_s42,face_transfer,124,two_cross,RFW WM64,Objects,0.37,0.4,50,within_sampled_range,IU,140,87.5,runs/yin_noise_matrix_20260926/results/r21vgg2k_vgg16_bn_aa_s42/faces_rfwWM64/objects/results.csv,IU
aa4,VGG2k / AA4,r21vgg2k_vgg16_bn_aa_s42,face_transfer,124,two_cross,RFW WM64,Objects,0.37,0.4,50,within_sampled_range,IU,141,75.0,runs/yin_noise_matrix_20260926/results/r21vgg2k_vgg16_bn_aa_s42/faces_rfwWM64/objects/results.csv,IU
aa4,VGG2k / AA4,r21vgg2k_vgg16_bn_aa_s42,face_transfer,124,two_cross,RFW WM64,Objects,0.37,0.4,50,within_sampled_range,IU,142,91.66666666666666,runs/yin_noise_matrix_20260926/results/r21vgg2k_vgg16_bn_aa_s42/faces_rfwWM64/objects/results.csv,IU
aa4,VGG2k / AA4,r21vgg2k_vgg16_bn_aa_s42,face_transfer,124,two_cross,RFW WM64,Objects,0.37,0.4,50,within_sampled_range,IU,143,87.5,runs/yin_noise_matrix_20260926/results/r21vgg2k_vgg16_bn_aa_s42/faces_rfwWM64/objects/results.csv,IU
aa4,VGG2k / AA4,r21vgg2k_vgg16_bn_aa_s42,face_transfer,124,two_cross,RFW WM64,Objects,0.37,0.4,50,within_sampled_range,IU,144,95.83333333333334,runs/yin_noise_matrix_20260926/results/r21vgg2k_vgg16_bn_aa_s42/faces_rfwWM64/objects/results.csv,IU
aa4,VGG2k / AA4,r21vgg2k_vgg16_bn_aa_s42,face_transfer,124,two_cross,RFW WM64,Objects,0.37,0.4,50,within_sampled_range,IU,145,87.5,runs/yin_noise_matrix_20260926/results/r21vgg2k_vgg16_bn_aa_s42/faces_rfwWM64/objects/results.csv,IU
aa4,VGG2k / AA4,r21vgg2k_vgg16_bn_aa_s42,face_transfer,124,two_cross,RFW WM64,Objects,0.37,0.4,50,within_sampled_range,IU,146,95.83333333333334,runs/yin_noise_matrix_20260926/results/r21vgg2k_vgg16_bn_aa_s42/faces_rfwWM64/objects/results.csv,IU
aa4,VGG2k / AA4,r21vgg2k_vgg16_bn_aa_s42,face_transfer,124,two_cross,RFW WM64,Objects,0.37,0.4,50,within_sampled_range,IU,147,87.5,runs/yin_noise_matrix_20260926/results/r21vgg2k_vgg16_bn_aa_s42/faces_rfwWM64/objects/results.csv,IU
aa4,VGG2k / AA4,r21vgg2k_vgg16_bn_aa_s42,face_transfer,124,two_cross,RFW WM64,Objects,0.37,0.4,50,within_sampled_range,IU,148,83.33333333333334,runs/yin_noise_matrix_20260926/results/r21vgg2k_vgg16_bn_aa_s42/faces_rfwWM64/objects/results.csv,IU
aa4,VGG2k / AA4,r21vgg2k_vgg16_bn_aa_s42,face_transfer,124,two_cross,RFW WM64,Objects,0.37,0.4,50,within_sampled_range,IU,149,79.16666666666666,runs/yin_noise_matrix_20260926/results/r21vgg2k_vgg16_bn_aa_s42/faces_rfwWM64/objects/results.csv,IU
aa4,VGG2k / AA4,r21vgg2k_vgg16_bn_aa_s42,face_transfer,124,two_cross,RFW WM64,Objects,0.37,0.4,50,within_sampled_range,IU,150,79.16666666666666,runs/yin_noise_matrix_20260926/results/r21vgg2k_vgg16_bn_aa_s42/faces_rfwWM64/objects/results.csv,IU
aa4,VGG2k / AA4,r21vgg2k_vgg16_bn_aa_s42,face_transfer,124,two_shared_ui,RFW WM64,Objects,0.37,0.4,50,within_sampled_range,UU,101,83.33333333333334,runs/yin_noise_matrix_20260926/results/r21vgg2k_vgg16_bn_aa_s42/faces_rfwWM64/objects/results.csv,UU
aa4,VGG2k / AA4,r21vgg2k_vgg16_bn_aa_s42,face_transfer,124,two_shared_ui,RFW WM64,Objects,0.37,0.4,50,within_sampled_range,UU,102,91.66666666666666,runs/yin_noise_matrix_20260926/results/r21vgg2k_vgg16_bn_aa_s42/faces_rfwWM64/objects/results.csv,UU
aa4,VGG2k / AA4,r21vgg2k_vgg16_bn_aa_s42,face_transfer,124,two_shared_ui,RFW WM64,Objects,0.37,0.4,50,within_sampled_range,UU,103,87.5,runs/yin_noise_matrix_20260926/results/r21vgg2k_vgg16_bn_aa_s42/faces_rfwWM64/objects/results.csv,UU
aa4,VGG2k / AA4,r21vgg2k_vgg16_bn_aa_s42,face_transfer,124,two_shared_ui,RFW WM64,Objects,0.37,0.4,50,within_sampled_range,UU,104,100.0,runs/yin_noise_matrix_20260926/results/r21vgg2k_vgg16_bn_aa_s42/faces_rfwWM64/objects/results.csv,UU
aa4,VGG2k / AA4,r21vgg2k_vgg16_bn_aa_s42,face_transfer,124,two_shared_ui,RFW WM64,Objects,0.37,0.4,50,within_sampled_range,UU,105,87.5,runs/yin_noise_matrix_20260926/results/r21vgg2k_vgg16_bn_aa_s42/faces_rfwWM64/objects/results.csv,UU
aa4,VGG2k / AA4,r21vgg2k_vgg16_bn_aa_s42,face_transfer,124,two_shared_ui,RFW WM64,Objects,0.37,0.4,50,within_sampled_range,UU,106,91.66666666666666,runs/yin_noise_matrix_20260926/results/r21vgg2k_vgg16_bn_aa_s42/faces_rfwWM64/objects/results.csv,UU
aa4,VGG2k / AA4,r21vgg2k_vgg16_bn_aa_s42,face_transfer,124,two_shared_ui,RFW WM64,Objects,0.37,0.4,50,within_sampled_range,UU,107,79.16666666666666,runs/yin_noise_matrix_20260926/results/r21vgg2k_vgg16_bn_aa_s42/faces_rfwWM64/objects/results.csv,UU
aa4,VGG2k / AA4,r21vgg2k_vgg16_bn_aa_s42,face_transfer,124,two_shared_ui,RFW WM64,Objects,0.37,0.4,50,within_sampled_range,UU,108,95.83333333333334,runs/yin_noise_matrix_20260926/results/r21vgg2k_vgg16_bn_aa_s42/faces_rfwWM64/objects/results.csv,UU
aa4,VGG2k / AA4,r21vgg2k_vgg16_bn_aa_s42,face_transfer,124,two_shared_ui,RFW WM64,Objects,0.37,0.4,50,within_sampled_range,UU,109,100.0,runs/yin_noise_matrix_20260926/results/r21vgg2k_vgg16_bn_aa_s42/faces_rfwWM64/objects/results.csv,UU
aa4,VGG2k / AA4,r21vgg2k_vgg16_bn_aa_s42,face_transfer,124,two_shared_ui,RFW WM64,Objects,0.37,0.4,50,within_sampled_range,UU,110,95.83333333333334,runs/yin_noise_matrix_20260926/results/r21vgg2k_vgg16_bn_aa_s42/faces_rfwWM64/objects/results.csv,UU
aa4,VGG2k / AA4,r21vgg2k_vgg16_bn_aa_s42,face_transfer,124,two_shared_ui,RFW WM64,Objects,0.37,0.4,50,within_sampled_range,UU,111,95.83333333333334,runs/yin_noise_matrix_20260926/results/r21vgg2k_vgg16_bn_aa_s42/faces_rfwWM64/objects/results.csv,UU
aa4,VGG2k / AA4,r21vgg2k_vgg16_bn_aa_s42,face_transfer,124,two_shared_ui,RFW WM64,Objects,0.37,0.4,50,within_sampled_range,UU,112,95.83333333333334,runs/yin_noise_matrix_20260926/results/r21vgg2k_vgg16_bn_aa_s42/faces_rfwWM64/objects/results.csv,UU
aa4,VGG2k / AA4,r21vgg2k_vgg16_bn_aa_s42,face_transfer,124,two_shared_ui,RFW WM64,Objects,0.37,0.4,50,within_sampled_range,UU,113,100.0,runs/yin_noise_matrix_20260926/results/r21vgg2k_vgg16_bn_aa_s42/faces_rfwWM64/objects/results.csv,UU
aa4,VGG2k / AA4,r21vgg2k_vgg16_bn_aa_s42,face_transfer,124,two_shared_ui,RFW WM64,Objects,0.37,0.4,50,within_sampled_range,UU,114,79.16666666666666,runs/yin_noise_matrix_20260926/results/r21vgg2k_vgg16_bn_aa_s42/faces_rfwWM64/objects/results.csv,UU
aa4,VGG2k / AA4,r21vgg2k_vgg16_bn_aa_s42,face_transfer,124,two_shared_ui,RFW WM64,Objects,0.37,0.4,50,within_sampled_range,UU,115,83.33333333333334,runs/yin_noise_matrix_20260926/results/r21vgg2k_vgg16_bn_aa_s42/faces_rfwWM64/objects/results.csv,UU
aa4,VGG2k / AA4,r21vgg2k_vgg16_bn_aa_s42,face_transfer,124,two_shared_ui,RFW WM64,Objects,0.37,0.4,50,within_sampled_range,UU,116,95.83333333333334,runs/yin_noise_matrix_20260926/results/r21vgg2k_vgg16_bn_aa_s42/faces_rfwWM64/objects/results.csv,UU
aa4,VGG2k / AA4,r21vgg2k_vgg16_bn_aa_s42,face_transfer,124,two_shared_ui,RFW WM64,Objects,0.37,0.4,50,within_sampled_range,UU,117,100.0,runs/yin_noise_matrix_20260926/results/r21vgg2k_vgg16_bn_aa_s42/faces_rfwWM64/objects/results.csv,UU
aa4,VGG2k / AA4,r21vgg2k_vgg16_bn_aa_s42,face_transfer,124,two_shared_ui,RFW WM64,Objects,0.37,0.4,50,within_sampled_range,UU,118,100.0,runs/yin_noise_matrix_20260926/results/r21vgg2k_vgg16_bn_aa_s42/faces_rfwWM64/objects/results.csv,UU
aa4,VGG2k / AA4,r21vgg2k_vgg16_bn_aa_s42,face_transfer,124,two_shared_ui,RFW WM64,Objects,0.37,0.4,50,within_sampled_range,UU,119,100.0,runs/yin_noise_matrix_20260926/results/r21vgg2k_vgg16_bn_aa_s42/faces_rfwWM64/objects/results.csv,UU
aa4,VGG2k / AA4,r21vgg2k_vgg16_bn_aa_s42,face_transfer,124,two_shared_ui,RFW WM64,Objects,0.37,0.4,50,within_sampled_range,UU,120,95.83333333333334,runs/yin_noise_matrix_20260926/results/r21vgg2k_vgg16_bn_aa_s42/faces_rfwWM64/objects/results.csv,UU
aa4,VGG2k / AA4,r21vgg2k_vgg16_bn_aa_s42,face_transfer,124,two_shared_ui,RFW WM64,Objects,0.37,0.4,50,within_sampled_range,UU,121,100.0,runs/yin_noise_matrix_20260926/results/r21vgg2k_vgg16_bn_aa_s42/faces_rfwWM64/objects/results.csv,UU
aa4,VGG2k / AA4,r21vgg2k_vgg16_bn_aa_s42,face_transfer,124,two_shared_ui,RFW WM64,Objects,0.37,0.4,50,within_sampled_range,UU,122,91.66666666666666,runs/yin_noise_matrix_20260926/results/r21vgg2k_vgg16_bn_aa_s42/faces_rfwWM64/objects/results.csv,UU
aa4,VGG2k / AA4,r21vgg2k_vgg16_bn_aa_s42,face_transfer,124,two_shared_ui,RFW WM64,Objects,0.37,0.4,50,within_sampled_range,UU,123,91.66666666666666,runs/yin_noise_matrix_20260926/results/r21vgg2k_vgg16_bn_aa_s42/faces_rfwWM64/objects/results.csv,UU
aa4,VGG2k / AA4,r21vgg2k_vgg16_bn_aa_s42,face_transfer,124,two_shared_ui,RFW WM64,Objects,0.37,0.4,50,within_sampled_range,UU,124,91.66666666666666,runs/yin_noise_matrix_20260926/results/r21vgg2k_vgg16_bn_aa_s42/faces_rfwWM64/objects/results.csv,UU
aa4,VGG2k / AA4,r21vgg2k_vgg16_bn_aa_s42,face_transfer,124,two_shared_ui,RFW WM64,Objects,0.37,0.4,50,within_sampled_range,UU,125,91.66666666666666,runs/yin_noise_matrix_20260926/results/r21vgg2k_vgg16_bn_aa_s42/faces_rfwWM64/objects/results.csv,UU
aa4,VGG2k / AA4,r21vgg2k_vgg16_bn_aa_s42,face_transfer,124,two_shared_ui,RFW WM64,Objects,0.37,0.4,50,within_sampled_range,UU,126,95.83333333333334,runs/yin_noise_matrix_20260926/results/r21vgg2k_vgg16_bn_aa_s42/faces_rfwWM64/objects/results.csv,UU
aa4,VGG2k / AA4,r21vgg2k_vgg16_bn_aa_s42,face_transfer,124,two_shared_ui,RFW WM64,Objects,0.37,0.4,50,within_sampled_range,UU,127,91.66666666666666,runs/yin_noise_matrix_20260926/results/r21vgg2k_vgg16_bn_aa_s42/faces_rfwWM64/objects/results.csv,UU
aa4,VGG2k / AA4,r21vgg2k_vgg16_bn_aa_s42,face_transfer,124,two_shared_ui,RFW WM64,Objects,0.37,0.4,50,within_sampled_range,UU,128,95.83333333333334,runs/yin_noise_matrix_20260926/results/r21vgg2k_vgg16_bn_aa_s42/faces_rfwWM64/objects/results.csv,UU
aa4,VGG2k / AA4,r21vgg2k_vgg16_bn_aa_s42,face_transfer,124,two_shared_ui,RFW WM64,Objects,0.37,0.4,50,within_sampled_range,UU,129,91.66666666666666,runs/yin_noise_matrix_20260926/results/r21vgg2k_vgg16_bn_aa_s42/faces_rfwWM64/objects/results.csv,UU
aa4,VGG2k / AA4,r21vgg2k_vgg16_bn_aa_s42,face_transfer,124,two_shared_ui,RFW WM64,Objects,0.37,0.4,50,within_sampled_range,UU,130,95.83333333333334,runs/yin_noise_matrix_20260926/results/r21vgg2k_vgg16_bn_aa_s42/faces_rfwWM64/objects/results.csv,UU
aa4,VGG2k / AA4,r21vgg2k_vgg16_bn_aa_s42,face_transfer,124,two_shared_ui,RFW WM64,Objects,0.37,0.4,50,within_sampled_range,UU,131,95.83333333333334,runs/yin_noise_matrix_20260926/results/r21vgg2k_vgg16_bn_aa_s42/faces_rfwWM64/objects/results.csv,UU
aa4,VGG2k / AA4,r21vgg2k_vgg16_bn_aa_s42,face_transfer,124,two_shared_ui,RFW WM64,Objects,0.37,0.4,50,within_sampled_range,UU,132,100.0,runs/yin_noise_matrix_20260926/results/r21vgg2k_vgg16_bn_aa_s42/faces_rfwWM64/objects/results.csv,UU
aa4,VGG2k / AA4,r21vgg2k_vgg16_bn_aa_s42,face_transfer,124,two_shared_ui,RFW WM64,Objects,0.37,0.4,50,within_sampled_range,UU,133,87.5,runs/yin_noise_matrix_20260926/results/r21vgg2k_vgg16_bn_aa_s42/faces_rfwWM64/objects/results.csv,UU
aa4,VGG2k / AA4,r21vgg2k_vgg16_bn_aa_s42,face_transfer,124,two_shared_ui,RFW WM64,Objects,0.37,0.4,50,within_sampled_range,UU,134,91.66666666666666,runs/yin_noise_matrix_20260926/results/r21vgg2k_vgg16_bn_aa_s42/faces_rfwWM64/objects/results.csv,UU
aa4,VGG2k / AA4,r21vgg2k_vgg16_bn_aa_s42,face_transfer,124,two_shared_ui,RFW WM64,Objects,0.37,0.4,50,within_sampled_range,UU,135,91.66666666666666,runs/yin_noise_matrix_20260926/results/r21vgg2k_vgg16_bn_aa_s42/faces_rfwWM64/objects/results.csv,UU
aa4,VGG2k / AA4,r21vgg2k_vgg16_bn_aa_s42,face_transfer,124,two_shared_ui,RFW WM64,Objects,0.37,0.4,50,within_sampled_range,UU,136,91.66666666666666,runs/yin_noise_matrix_20260926/results/r21vgg2k_vgg16_bn_aa_s42/faces_rfwWM64/objects/results.csv,UU
aa4,VGG2k / AA4,r21vgg2k_vgg16_bn_aa_s42,face_transfer,124,two_shared_ui,RFW WM64,Objects,0.37,0.4,50,within_sampled_range,UU,137,95.83333333333334,runs/yin_noise_matrix_20260926/results/r21vgg2k_vgg16_bn_aa_s42/faces_rfwWM64/objects/results.csv,UU
aa4,VGG2k / AA4,r21vgg2k_vgg16_bn_aa_s42,face_transfer,124,two_shared_ui,RFW WM64,Objects,0.37,0.4,50,within_sampled_range,UU,138,91.66666666666666,runs/yin_noise_matrix_20260926/results/r21vgg2k_vgg16_bn_aa_s42/faces_rfwWM64/objects/results.csv,UU
aa4,VGG2k / AA4,r21vgg2k_vgg16_bn_aa_s42,face_transfer,124,two_shared_ui,RFW WM64,Objects,0.37,0.4,50,within_sampled_range,UU,139,87.5,runs/yin_noise_matrix_20260926/results/r21vgg2k_vgg16_bn_aa_s42/faces_rfwWM64/objects/results.csv,UU
aa4,VGG2k / AA4,r21vgg2k_vgg16_bn_aa_s42,face_transfer,124,two_shared_ui,RFW WM64,Objects,0.37,0.4,50,within_sampled_range,UU,140,95.83333333333334,runs/yin_noise_matrix_20260926/results/r21vgg2k_vgg16_bn_aa_s42/faces_rfwWM64/objects/results.csv,UU
aa4,VGG2k / AA4,r21vgg2k_vgg16_bn_aa_s42,face_transfer,124,two_shared_ui,RFW WM64,Objects,0.37,0.4,50,within_sampled_range,UU,141,91.66666666666666,runs/yin_noise_matrix_20260926/results/r21vgg2k_vgg16_bn_aa_s42/faces_rfwWM64/objects/results.csv,UU
aa4,VGG2k / AA4,r21vgg2k_vgg16_bn_aa_s42,face_transfer,124,two_shared_ui,RFW WM64,Objects,0.37,0.4,50,within_sampled_range,UU,142,91.66666666666666,runs/yin_noise_matrix_20260926/results/r21vgg2k_vgg16_bn_aa_s42/faces_rfwWM64/objects/results.csv,UU
aa4,VGG2k / AA4,r21vgg2k_vgg16_bn_aa_s42,face_transfer,124,two_shared_ui,RFW WM64,Objects,0.37,0.4,50,within_sampled_range,UU,143,91.66666666666666,runs/yin_noise_matrix_20260926/results/r21vgg2k_vgg16_bn_aa_s42/faces_rfwWM64/objects/results.csv,UU
aa4,VGG2k / AA4,r21vgg2k_vgg16_bn_aa_s42,face_transfer,124,two_shared_ui,RFW WM64,Objects,0.37,0.4,50,within_sampled_range,UU,144,95.83333333333334,runs/yin_noise_matrix_20260926/results/r21vgg2k_vgg16_bn_aa_s42/faces_rfwWM64/objects/results.csv,UU
aa4,VGG2k / AA4,r21vgg2k_vgg16_bn_aa_s42,face_transfer,124,two_shared_ui,RFW WM64,Objects,0.37,0.4,50,within_sampled_range,UU,145,91.66666666666666,runs/yin_noise_matrix_20260926/results/r21vgg2k_vgg16_bn_aa_s42/faces_rfwWM64/objects/results.csv,UU
aa4,VGG2k / AA4,r21vgg2k_vgg16_bn_aa_s42,face_transfer,124,two_shared_ui,RFW WM64,Objects,0.37,0.4,50,within_sampled_range,UU,146,95.83333333333334,runs/yin_noise_matrix_20260926/results/r21vgg2k_vgg16_bn_aa_s42/faces_rfwWM64/objects/results.csv,UU
aa4,VGG2k / AA4,r21vgg2k_vgg16_bn_aa_s42,face_transfer,124,two_shared_ui,RFW WM64,Objects,0.37,0.4,50,within_sampled_range,UU,147,95.83333333333334,runs/yin_noise_matrix_20260926/results/r21vgg2k_vgg16_bn_aa_s42/faces_rfwWM64/objects/results.csv,UU
aa4,VGG2k / AA4,r21vgg2k_vgg16_bn_aa_s42,face_transfer,124,two_shared_ui,RFW WM64,Objects,0.37,0.4,50,within_sampled_range,UU,148,95.83333333333334,runs/yin_noise_matrix_20260926/results/r21vgg2k_vgg16_bn_aa_s42/faces_rfwWM64/objects/results.csv,UU
aa4,VGG2k / AA4,r21vgg2k_vgg16_bn_aa_s42,face_transfer,124,two_shared_ui,RFW WM64,Objects,0.37,0.4,50,within_sampled_range,UU,149,91.66666666666666,runs/yin_noise_matrix_20260926/results/r21vgg2k_vgg16_bn_aa_s42/faces_rfwWM64/objects/results.csv,UU
aa4,VGG2k / AA4,r21vgg2k_vgg16_bn_aa_s42,face_transfer,124,two_shared_ui,RFW WM64,Objects,0.37,0.4,50,within_sampled_range,UU,150,91.66666666666666,runs/yin_noise_matrix_20260926/results/r21vgg2k_vgg16_bn_aa_s42/faces_rfwWM64/objects/results.csv,UU
aa4,VGG2k / AA4,r21vgg2k_vgg16_bn_aa_s42,face_transfer,124,two_shared_ui,RFW WM64,Objects,0.37,0.4,50,within_sampled_range,II,101,91.66666666666666,runs/yin_noise_matrix_20260926/results/r21vgg2k_vgg16_bn_aa_s42/faces_rfwWM64/objects/results.csv,II
aa4,VGG2k / AA4,r21vgg2k_vgg16_bn_aa_s42,face_transfer,124,two_shared_ui,RFW WM64,Objects,0.37,0.4,50,within_sampled_range,II,102,91.66666666666666,runs/yin_noise_matrix_20260926/results/r21vgg2k_vgg16_bn_aa_s42/faces_rfwWM64/objects/results.csv,II
aa4,VGG2k / AA4,r21vgg2k_vgg16_bn_aa_s42,face_transfer,124,two_shared_ui,RFW WM64,Objects,0.37,0.4,50,within_sampled_range,II,103,91.66666666666666,runs/yin_noise_matrix_20260926/results/r21vgg2k_vgg16_bn_aa_s42/faces_rfwWM64/objects/results.csv,II
aa4,VGG2k / AA4,r21vgg2k_vgg16_bn_aa_s42,face_transfer,124,two_shared_ui,RFW WM64,Objects,0.37,0.4,50,within_sampled_range,II,104,87.5,runs/yin_noise_matrix_20260926/results/r21vgg2k_vgg16_bn_aa_s42/faces_rfwWM64/objects/results.csv,II
aa4,VGG2k / AA4,r21vgg2k_vgg16_bn_aa_s42,face_transfer,124,two_shared_ui,RFW WM64,Objects,0.37,0.4,50,within_sampled_range,II,105,83.33333333333334,runs/yin_noise_matrix_20260926/results/r21vgg2k_vgg16_bn_aa_s42/faces_rfwWM64/objects/results.csv,II
aa4,VGG2k / AA4,r21vgg2k_vgg16_bn_aa_s42,face_transfer,124,two_shared_ui,RFW WM64,Objects,0.37,0.4,50,within_sampled_range,II,106,91.66666666666666,runs/yin_noise_matrix_20260926/results/r21vgg2k_vgg16_bn_aa_s42/faces_rfwWM64/objects/results.csv,II
aa4,VGG2k / AA4,r21vgg2k_vgg16_bn_aa_s42,face_transfer,124,two_shared_ui,RFW WM64,Objects,0.37,0.4,50,within_sampled_range,II,107,87.5,runs/yin_noise_matrix_20260926/results/r21vgg2k_vgg16_bn_aa_s42/faces_rfwWM64/objects/results.csv,II
aa4,VGG2k / AA4,r21vgg2k_vgg16_bn_aa_s42,face_transfer,124,two_shared_ui,RFW WM64,Objects,0.37,0.4,50,within_sampled_range,II,108,87.5,runs/yin_noise_matrix_20260926/results/r21vgg2k_vgg16_bn_aa_s42/faces_rfwWM64/objects/results.csv,II
aa4,VGG2k / AA4,r21vgg2k_vgg16_bn_aa_s42,face_transfer,124,two_shared_ui,RFW WM64,Objects,0.37,0.4,50,within_sampled_range,II,109,79.16666666666666,runs/yin_noise_matrix_20260926/results/r21vgg2k_vgg16_bn_aa_s42/faces_rfwWM64/objects/results.csv,II
aa4,VGG2k / AA4,r21vgg2k_vgg16_bn_aa_s42,face_transfer,124,two_shared_ui,RFW WM64,Objects,0.37,0.4,50,within_sampled_range,II,110,75.0,runs/yin_noise_matrix_20260926/results/r21vgg2k_vgg16_bn_aa_s42/faces_rfwWM64/objects/results.csv,II
aa4,VGG2k / AA4,r21vgg2k_vgg16_bn_aa_s42,face_transfer,124,two_shared_ui,RFW WM64,Objects,0.37,0.4,50,within_sampled_range,II,111,79.16666666666666,runs/yin_noise_matrix_20260926/results/r21vgg2k_vgg16_bn_aa_s42/faces_rfwWM64/objects/results.csv,II
aa4,VGG2k / AA4,r21vgg2k_vgg16_bn_aa_s42,face_transfer,124,two_shared_ui,RFW WM64,Objects,0.37,0.4,50,within_sampled_range,II,112,83.33333333333334,runs/yin_noise_matrix_20260926/results/r21vgg2k_vgg16_bn_aa_s42/faces_rfwWM64/objects/results.csv,II
aa4,VGG2k / AA4,r21vgg2k_vgg16_bn_aa_s42,face_transfer,124,two_shared_ui,RFW WM64,Objects,0.37,0.4,50,within_sampled_range,II,113,75.0,runs/yin_noise_matrix_20260926/results/r21vgg2k_vgg16_bn_aa_s42/faces_rfwWM64/objects/results.csv,II
aa4,VGG2k / AA4,r21vgg2k_vgg16_bn_aa_s42,face_transfer,124,two_shared_ui,RFW WM64,Objects,0.37,0.4,50,within_sampled_range,II,114,91.66666666666666,runs/yin_noise_matrix_20260926/results/r21vgg2k_vgg16_bn_aa_s42/faces_rfwWM64/objects/results.csv,II
aa4,VGG2k / AA4,r21vgg2k_vgg16_bn_aa_s42,face_transfer,124,two_shared_ui,RFW WM64,Objects,0.37,0.4,50,within_sampled_range,II,115,83.33333333333334,runs/yin_noise_matrix_20260926/results/r21vgg2k_vgg16_bn_aa_s42/faces_rfwWM64/objects/results.csv,II
aa4,VGG2k / AA4,r21vgg2k_vgg16_bn_aa_s42,face_transfer,124,two_shared_ui,RFW WM64,Objects,0.37,0.4,50,within_sampled_range,II,116,95.83333333333334,runs/yin_noise_matrix_20260926/results/r21vgg2k_vgg16_bn_aa_s42/faces_rfwWM64/objects/results.csv,II
aa4,VGG2k / AA4,r21vgg2k_vgg16_bn_aa_s42,face_transfer,124,two_shared_ui,RFW WM64,Objects,0.37,0.4,50,within_sampled_range,II,117,91.66666666666666,runs/yin_noise_matrix_20260926/results/r21vgg2k_vgg16_bn_aa_s42/faces_rfwWM64/objects/results.csv,II
aa4,VGG2k / AA4,r21vgg2k_vgg16_bn_aa_s42,face_transfer,124,two_shared_ui,RFW WM64,Objects,0.37,0.4,50,within_sampled_range,II,118,91.66666666666666,runs/yin_noise_matrix_20260926/results/r21vgg2k_vgg16_bn_aa_s42/faces_rfwWM64/objects/results.csv,II
aa4,VGG2k / AA4,r21vgg2k_vgg16_bn_aa_s42,face_transfer,124,two_shared_ui,RFW WM64,Objects,0.37,0.4,50,within_sampled_range,II,119,87.5,runs/yin_noise_matrix_20260926/results/r21vgg2k_vgg16_bn_aa_s42/faces_rfwWM64/objects/results.csv,II
aa4,VGG2k / AA4,r21vgg2k_vgg16_bn_aa_s42,face_transfer,124,two_shared_ui,RFW WM64,Objects,0.37,0.4,50,within_sampled_range,II,120,83.33333333333334,runs/yin_noise_matrix_20260926/results/r21vgg2k_vgg16_bn_aa_s42/faces_rfwWM64/objects/results.csv,II
aa4,VGG2k / AA4,r21vgg2k_vgg16_bn_aa_s42,face_transfer,124,two_shared_ui,RFW WM64,Objects,0.37,0.4,50,within_sampled_range,II,121,83.33333333333334,runs/yin_noise_matrix_20260926/results/r21vgg2k_vgg16_bn_aa_s42/faces_rfwWM64/objects/results.csv,II
aa4,VGG2k / AA4,r21vgg2k_vgg16_bn_aa_s42,face_transfer,124,two_shared_ui,RFW WM64,Objects,0.37,0.4,50,within_sampled_range,II,122,87.5,runs/yin_noise_matrix_20260926/results/r21vgg2k_vgg16_bn_aa_s42/faces_rfwWM64/objects/results.csv,II
aa4,VGG2k / AA4,r21vgg2k_vgg16_bn_aa_s42,face_transfer,124,two_shared_ui,RFW WM64,Objects,0.37,0.4,50,within_sampled_range,II,123,95.83333333333334,runs/yin_noise_matrix_20260926/results/r21vgg2k_vgg16_bn_aa_s42/faces_rfwWM64/objects/results.csv,II
aa4,VGG2k / AA4,r21vgg2k_vgg16_bn_aa_s42,face_transfer,124,two_shared_ui,RFW WM64,Objects,0.37,0.4,50,within_sampled_range,II,124,83.33333333333334,runs/yin_noise_matrix_20260926/results/r21vgg2k_vgg16_bn_aa_s42/faces_rfwWM64/objects/results.csv,II
aa4,VGG2k / AA4,r21vgg2k_vgg16_bn_aa_s42,face_transfer,124,two_shared_ui,RFW WM64,Objects,0.37,0.4,50,within_sampled_range,II,125,95.83333333333334,runs/yin_noise_matrix_20260926/results/r21vgg2k_vgg16_bn_aa_s42/faces_rfwWM64/objects/results.csv,II
aa4,VGG2k / AA4,r21vgg2k_vgg16_bn_aa_s42,face_transfer,124,two_shared_ui,RFW WM64,Objects,0.37,0.4,50,within_sampled_range,II,126,91.66666666666666,runs/yin_noise_matrix_20260926/results/r21vgg2k_vgg16_bn_aa_s42/faces_rfwWM64/objects/results.csv,II
aa4,VGG2k / AA4,r21vgg2k_vgg16_bn_aa_s42,face_transfer,124,two_shared_ui,RFW WM64,Objects,0.37,0.4,50,within_sampled_range,II,127,87.5,runs/yin_noise_matrix_20260926/results/r21vgg2k_vgg16_bn_aa_s42/faces_rfwWM64/objects/results.csv,II
aa4,VGG2k / AA4,r21vgg2k_vgg16_bn_aa_s42,face_transfer,124,two_shared_ui,RFW WM64,Objects,0.37,0.4,50,within_sampled_range,II,128,83.33333333333334,runs/yin_noise_matrix_20260926/results/r21vgg2k_vgg16_bn_aa_s42/faces_rfwWM64/objects/results.csv,II
aa4,VGG2k / AA4,r21vgg2k_vgg16_bn_aa_s42,face_transfer,124,two_shared_ui,RFW WM64,Objects,0.37,0.4,50,within_sampled_range,II,129,83.33333333333334,runs/yin_noise_matrix_20260926/results/r21vgg2k_vgg16_bn_aa_s42/faces_rfwWM64/objects/results.csv,II
aa4,VGG2k / AA4,r21vgg2k_vgg16_bn_aa_s42,face_transfer,124,two_shared_ui,RFW WM64,Objects,0.37,0.4,50,within_sampled_range,II,130,91.66666666666666,runs/yin_noise_matrix_20260926/results/r21vgg2k_vgg16_bn_aa_s42/faces_rfwWM64/objects/results.csv,II
aa4,VGG2k / AA4,r21vgg2k_vgg16_bn_aa_s42,face_transfer,124,two_shared_ui,RFW WM64,Objects,0.37,0.4,50,within_sampled_range,II,131,87.5,runs/yin_noise_matrix_20260926/results/r21vgg2k_vgg16_bn_aa_s42/faces_rfwWM64/objects/results.csv,II
aa4,VGG2k / AA4,r21vgg2k_vgg16_bn_aa_s42,face_transfer,124,two_shared_ui,RFW WM64,Objects,0.37,0.4,50,within_sampled_range,II,132,87.5,runs/yin_noise_matrix_20260926/results/r21vgg2k_vgg16_bn_aa_s42/faces_rfwWM64/objects/results.csv,II
aa4,VGG2k / AA4,r21vgg2k_vgg16_bn_aa_s42,face_transfer,124,two_shared_ui,RFW WM64,Objects,0.37,0.4,50,within_sampled_range,II,133,70.83333333333334,runs/yin_noise_matrix_20260926/results/r21vgg2k_vgg16_bn_aa_s42/faces_rfwWM64/objects/results.csv,II
aa4,VGG2k / AA4,r21vgg2k_vgg16_bn_aa_s42,face_transfer,124,two_shared_ui,RFW WM64,Objects,0.37,0.4,50,within_sampled_range,II,134,87.5,runs/yin_noise_matrix_20260926/results/r21vgg2k_vgg16_bn_aa_s42/faces_rfwWM64/objects/results.csv,II
aa4,VGG2k / AA4,r21vgg2k_vgg16_bn_aa_s42,face_transfer,124,two_shared_ui,RFW WM64,Objects,0.37,0.4,50,within_sampled_range,II,135,87.5,runs/yin_noise_matrix_20260926/results/r21vgg2k_vgg16_bn_aa_s42/faces_rfwWM64/objects/results.csv,II
aa4,VGG2k / AA4,r21vgg2k_vgg16_bn_aa_s42,face_transfer,124,two_shared_ui,RFW WM64,Objects,0.37,0.4,50,within_sampled_range,II,136,95.83333333333334,runs/yin_noise_matrix_20260926/results/r21vgg2k_vgg16_bn_aa_s42/faces_rfwWM64/objects/results.csv,II
aa4,VGG2k / AA4,r21vgg2k_vgg16_bn_aa_s42,face_transfer,124,two_shared_ui,RFW WM64,Objects,0.37,0.4,50,within_sampled_range,II,137,83.33333333333334,runs/yin_noise_matrix_20260926/results/r21vgg2k_vgg16_bn_aa_s42/faces_rfwWM64/objects/results.csv,II
aa4,VGG2k / AA4,r21vgg2k_vgg16_bn_aa_s42,face_transfer,124,two_shared_ui,RFW WM64,Objects,0.37,0.4,50,within_sampled_range,II,138,83.33333333333334,runs/yin_noise_matrix_20260926/results/r21vgg2k_vgg16_bn_aa_s42/faces_rfwWM64/objects/results.csv,II
aa4,VGG2k / AA4,r21vgg2k_vgg16_bn_aa_s42,face_transfer,124,two_shared_ui,RFW WM64,Objects,0.37,0.4,50,within_sampled_range,II,139,75.0,runs/yin_noise_matrix_20260926/results/r21vgg2k_vgg16_bn_aa_s42/faces_rfwWM64/objects/results.csv,II
aa4,VGG2k / AA4,r21vgg2k_vgg16_bn_aa_s42,face_transfer,124,two_shared_ui,RFW WM64,Objects,0.37,0.4,50,within_sampled_range,II,140,91.66666666666666,runs/yin_noise_matrix_20260926/results/r21vgg2k_vgg16_bn_aa_s42/faces_rfwWM64/objects/results.csv,II
aa4,VGG2k / AA4,r21vgg2k_vgg16_bn_aa_s42,face_transfer,124,two_shared_ui,RFW WM64,Objects,0.37,0.4,50,within_sampled_range,II,141,91.66666666666666,runs/yin_noise_matrix_20260926/results/r21vgg2k_vgg16_bn_aa_s42/faces_rfwWM64/objects/results.csv,II
aa4,VGG2k / AA4,r21vgg2k_vgg16_bn_aa_s42,face_transfer,124,two_shared_ui,RFW WM64,Objects,0.37,0.4,50,within_sampled_range,II,142,87.5,runs/yin_noise_matrix_20260926/results/r21vgg2k_vgg16_bn_aa_s42/faces_rfwWM64/objects/results.csv,II
aa4,VGG2k / AA4,r21vgg2k_vgg16_bn_aa_s42,face_transfer,124,two_shared_ui,RFW WM64,Objects,0.37,0.4,50,within_sampled_range,II,143,75.0,runs/yin_noise_matrix_20260926/results/r21vgg2k_vgg16_bn_aa_s42/faces_rfwWM64/objects/results.csv,II
aa4,VGG2k / AA4,r21vgg2k_vgg16_bn_aa_s42,face_transfer,124,two_shared_ui,RFW WM64,Objects,0.37,0.4,50,within_sampled_range,II,144,91.66666666666666,runs/yin_noise_matrix_20260926/results/r21vgg2k_vgg16_bn_aa_s42/faces_rfwWM64/objects/results.csv,II
aa4,VGG2k / AA4,r21vgg2k_vgg16_bn_aa_s42,face_transfer,124,two_shared_ui,RFW WM64,Objects,0.37,0.4,50,within_sampled_range,II,145,83.33333333333334,runs/yin_noise_matrix_20260926/results/r21vgg2k_vgg16_bn_aa_s42/faces_rfwWM64/objects/results.csv,II
aa4,VGG2k / AA4,r21vgg2k_vgg16_bn_aa_s42,face_transfer,124,two_shared_ui,RFW WM64,Objects,0.37,0.4,50,within_sampled_range,II,146,79.16666666666666,runs/yin_noise_matrix_20260926/results/r21vgg2k_vgg16_bn_aa_s42/faces_rfwWM64/objects/results.csv,II
aa4,VGG2k / AA4,r21vgg2k_vgg16_bn_aa_s42,face_transfer,124,two_shared_ui,RFW WM64,Objects,0.37,0.4,50,within_sampled_range,II,147,83.33333333333334,runs/yin_noise_matrix_20260926/results/r21vgg2k_vgg16_bn_aa_s42/faces_rfwWM64/objects/results.csv,II
aa4,VGG2k / AA4,r21vgg2k_vgg16_bn_aa_s42,face_transfer,124,two_shared_ui,RFW WM64,Objects,0.37,0.4,50,within_sampled_range,II,148,79.16666666666666,runs/yin_noise_matrix_20260926/results/r21vgg2k_vgg16_bn_aa_s42/faces_rfwWM64/objects/results.csv,II
aa4,VGG2k / AA4,r21vgg2k_vgg16_bn_aa_s42,face_transfer,124,two_shared_ui,RFW WM64,Objects,0.37,0.4,50,within_sampled_range,II,149,83.33333333333334,runs/yin_noise_matrix_20260926/results/r21vgg2k_vgg16_bn_aa_s42/faces_rfwWM64/objects/results.csv,II
aa4,VGG2k / AA4,r21vgg2k_vgg16_bn_aa_s42,face_transfer,124,two_shared_ui,RFW WM64,Objects,0.37,0.4,50,within_sampled_range,II,150,87.5,runs/yin_noise_matrix_20260926/results/r21vgg2k_vgg16_bn_aa_s42/faces_rfwWM64/objects/results.csv,II
aa4,VGG2k / AA4,r21vgg2k_vgg16_bn_aa_s42,face_transfer,124,two_shared_ui,RFW WM64,Objects,0.37,0.4,50,within_sampled_range,UI,101,95.83333333333334,runs/yin_noise_matrix_20260926/results/r21vgg2k_vgg16_bn_aa_s42/faces_rfwWM64/objects/results.csv,UI_shared
aa4,VGG2k / AA4,r21vgg2k_vgg16_bn_aa_s42,face_transfer,124,two_shared_ui,RFW WM64,Objects,0.37,0.4,50,within_sampled_range,UI,102,83.33333333333334,runs/yin_noise_matrix_20260926/results/r21vgg2k_vgg16_bn_aa_s42/faces_rfwWM64/objects/results.csv,UI_shared
aa4,VGG2k / AA4,r21vgg2k_vgg16_bn_aa_s42,face_transfer,124,two_shared_ui,RFW WM64,Objects,0.37,0.4,50,within_sampled_range,UI,103,83.33333333333334,runs/yin_noise_matrix_20260926/results/r21vgg2k_vgg16_bn_aa_s42/faces_rfwWM64/objects/results.csv,UI_shared
aa4,VGG2k / AA4,r21vgg2k_vgg16_bn_aa_s42,face_transfer,124,two_shared_ui,RFW WM64,Objects,0.37,0.4,50,within_sampled_range,UI,104,100.0,runs/yin_noise_matrix_20260926/results/r21vgg2k_vgg16_bn_aa_s42/faces_rfwWM64/objects/results.csv,UI_shared
aa4,VGG2k / AA4,r21vgg2k_vgg16_bn_aa_s42,face_transfer,124,two_shared_ui,RFW WM64,Objects,0.37,0.4,50,within_sampled_range,UI,105,83.33333333333334,runs/yin_noise_matrix_20260926/results/r21vgg2k_vgg16_bn_aa_s42/faces_rfwWM64/objects/results.csv,UI_shared
aa4,VGG2k / AA4,r21vgg2k_vgg16_bn_aa_s42,face_transfer,124,two_shared_ui,RFW WM64,Objects,0.37,0.4,50,within_sampled_range,UI,106,87.5,runs/yin_noise_matrix_20260926/results/r21vgg2k_vgg16_bn_aa_s42/faces_rfwWM64/objects/results.csv,UI_shared
aa4,VGG2k / AA4,r21vgg2k_vgg16_bn_aa_s42,face_transfer,124,two_shared_ui,RFW WM64,Objects,0.37,0.4,50,within_sampled_range,UI,107,87.5,runs/yin_noise_matrix_20260926/results/r21vgg2k_vgg16_bn_aa_s42/faces_rfwWM64/objects/results.csv,UI_shared
aa4,VGG2k / AA4,r21vgg2k_vgg16_bn_aa_s42,face_transfer,124,two_shared_ui,RFW WM64,Objects,0.37,0.4,50,within_sampled_range,UI,108,87.5,runs/yin_noise_matrix_20260926/results/r21vgg2k_vgg16_bn_aa_s42/faces_rfwWM64/objects/results.csv,UI_shared
aa4,VGG2k / AA4,r21vgg2k_vgg16_bn_aa_s42,face_transfer,124,two_shared_ui,RFW WM64,Objects,0.37,0.4,50,within_sampled_range,UI,109,83.33333333333334,runs/yin_noise_matrix_20260926/results/r21vgg2k_vgg16_bn_aa_s42/faces_rfwWM64/objects/results.csv,UI_shared
aa4,VGG2k / AA4,r21vgg2k_vgg16_bn_aa_s42,face_transfer,124,two_shared_ui,RFW WM64,Objects,0.37,0.4,50,within_sampled_range,UI,110,95.83333333333334,runs/yin_noise_matrix_20260926/results/r21vgg2k_vgg16_bn_aa_s42/faces_rfwWM64/objects/results.csv,UI_shared
aa4,VGG2k / AA4,r21vgg2k_vgg16_bn_aa_s42,face_transfer,124,two_shared_ui,RFW WM64,Objects,0.37,0.4,50,within_sampled_range,UI,111,95.83333333333334,runs/yin_noise_matrix_20260926/results/r21vgg2k_vgg16_bn_aa_s42/faces_rfwWM64/objects/results.csv,UI_shared
aa4,VGG2k / AA4,r21vgg2k_vgg16_bn_aa_s42,face_transfer,124,two_shared_ui,RFW WM64,Objects,0.37,0.4,50,within_sampled_range,UI,112,79.16666666666666,runs/yin_noise_matrix_20260926/results/r21vgg2k_vgg16_bn_aa_s42/faces_rfwWM64/objects/results.csv,UI_shared
aa4,VGG2k / AA4,r21vgg2k_vgg16_bn_aa_s42,face_transfer,124,two_shared_ui,RFW WM64,Objects,0.37,0.4,50,within_sampled_range,UI,113,83.33333333333334,runs/yin_noise_matrix_20260926/results/r21vgg2k_vgg16_bn_aa_s42/faces_rfwWM64/objects/results.csv,UI_shared
aa4,VGG2k / AA4,r21vgg2k_vgg16_bn_aa_s42,face_transfer,124,two_shared_ui,RFW WM64,Objects,0.37,0.4,50,within_sampled_range,UI,114,87.5,runs/yin_noise_matrix_20260926/results/r21vgg2k_vgg16_bn_aa_s42/faces_rfwWM64/objects/results.csv,UI_shared
aa4,VGG2k / AA4,r21vgg2k_vgg16_bn_aa_s42,face_transfer,124,two_shared_ui,RFW WM64,Objects,0.37,0.4,50,within_sampled_range,UI,115,87.5,runs/yin_noise_matrix_20260926/results/r21vgg2k_vgg16_bn_aa_s42/faces_rfwWM64/objects/results.csv,UI_shared
aa4,VGG2k / AA4,r21vgg2k_vgg16_bn_aa_s42,face_transfer,124,two_shared_ui,RFW WM64,Objects,0.37,0.4,50,within_sampled_range,UI,116,87.5,runs/yin_noise_matrix_20260926/results/r21vgg2k_vgg16_bn_aa_s42/faces_rfwWM64/objects/results.csv,UI_shared
aa4,VGG2k / AA4,r21vgg2k_vgg16_bn_aa_s42,face_transfer,124,two_shared_ui,RFW WM64,Objects,0.37,0.4,50,within_sampled_range,UI,117,95.83333333333334,runs/yin_noise_matrix_20260926/results/r21vgg2k_vgg16_bn_aa_s42/faces_rfwWM64/objects/results.csv,UI_shared
aa4,VGG2k / AA4,r21vgg2k_vgg16_bn_aa_s42,face_transfer,124,two_shared_ui,RFW WM64,Objects,0.37,0.4,50,within_sampled_range,UI,118,91.66666666666666,runs/yin_noise_matrix_20260926/results/r21vgg2k_vgg16_bn_aa_s42/faces_rfwWM64/objects/results.csv,UI_shared
aa4,VGG2k / AA4,r21vgg2k_vgg16_bn_aa_s42,face_transfer,124,two_shared_ui,RFW WM64,Objects,0.37,0.4,50,within_sampled_range,UI,119,95.83333333333334,runs/yin_noise_matrix_20260926/results/r21vgg2k_vgg16_bn_aa_s42/faces_rfwWM64/objects/results.csv,UI_shared
aa4,VGG2k / AA4,r21vgg2k_vgg16_bn_aa_s42,face_transfer,124,two_shared_ui,RFW WM64,Objects,0.37,0.4,50,within_sampled_range,UI,120,87.5,runs/yin_noise_matrix_20260926/results/r21vgg2k_vgg16_bn_aa_s42/faces_rfwWM64/objects/results.csv,UI_shared
aa4,VGG2k / AA4,r21vgg2k_vgg16_bn_aa_s42,face_transfer,124,two_shared_ui,RFW WM64,Objects,0.37,0.4,50,within_sampled_range,UI,121,100.0,runs/yin_noise_matrix_20260926/results/r21vgg2k_vgg16_bn_aa_s42/faces_rfwWM64/objects/results.csv,UI_shared
aa4,VGG2k / AA4,r21vgg2k_vgg16_bn_aa_s42,face_transfer,124,two_shared_ui,RFW WM64,Objects,0.37,0.4,50,within_sampled_range,UI,122,95.83333333333334,runs/yin_noise_matrix_20260926/results/r21vgg2k_vgg16_bn_aa_s42/faces_rfwWM64/objects/results.csv,UI_shared
aa4,VGG2k / AA4,r21vgg2k_vgg16_bn_aa_s42,face_transfer,124,two_shared_ui,RFW WM64,Objects,0.37,0.4,50,within_sampled_range,UI,123,87.5,runs/yin_noise_matrix_20260926/results/r21vgg2k_vgg16_bn_aa_s42/faces_rfwWM64/objects/results.csv,UI_shared
aa4,VGG2k / AA4,r21vgg2k_vgg16_bn_aa_s42,face_transfer,124,two_shared_ui,RFW WM64,Objects,0.37,0.4,50,within_sampled_range,UI,124,83.33333333333334,runs/yin_noise_matrix_20260926/results/r21vgg2k_vgg16_bn_aa_s42/faces_rfwWM64/objects/results.csv,UI_shared
aa4,VGG2k / AA4,r21vgg2k_vgg16_bn_aa_s42,face_transfer,124,two_shared_ui,RFW WM64,Objects,0.37,0.4,50,within_sampled_range,UI,125,95.83333333333334,runs/yin_noise_matrix_20260926/results/r21vgg2k_vgg16_bn_aa_s42/faces_rfwWM64/objects/results.csv,UI_shared
aa4,VGG2k / AA4,r21vgg2k_vgg16_bn_aa_s42,face_transfer,124,two_shared_ui,RFW WM64,Objects,0.37,0.4,50,within_sampled_range,UI,126,87.5,runs/yin_noise_matrix_20260926/results/r21vgg2k_vgg16_bn_aa_s42/faces_rfwWM64/objects/results.csv,UI_shared
aa4,VGG2k / AA4,r21vgg2k_vgg16_bn_aa_s42,face_transfer,124,two_shared_ui,RFW WM64,Objects,0.37,0.4,50,within_sampled_range,UI,127,79.16666666666666,runs/yin_noise_matrix_20260926/results/r21vgg2k_vgg16_bn_aa_s42/faces_rfwWM64/objects/results.csv,UI_shared
aa4,VGG2k / AA4,r21vgg2k_vgg16_bn_aa_s42,face_transfer,124,two_shared_ui,RFW WM64,Objects,0.37,0.4,50,within_sampled_range,UI,128,87.5,runs/yin_noise_matrix_20260926/results/r21vgg2k_vgg16_bn_aa_s42/faces_rfwWM64/objects/results.csv,UI_shared
aa4,VGG2k / AA4,r21vgg2k_vgg16_bn_aa_s42,face_transfer,124,two_shared_ui,RFW WM64,Objects,0.37,0.4,50,within_sampled_range,UI,129,91.66666666666666,runs/yin_noise_matrix_20260926/results/r21vgg2k_vgg16_bn_aa_s42/faces_rfwWM64/objects/results.csv,UI_shared
aa4,VGG2k / AA4,r21vgg2k_vgg16_bn_aa_s42,face_transfer,124,two_shared_ui,RFW WM64,Objects,0.37,0.4,50,within_sampled_range,UI,130,91.66666666666666,runs/yin_noise_matrix_20260926/results/r21vgg2k_vgg16_bn_aa_s42/faces_rfwWM64/objects/results.csv,UI_shared
aa4,VGG2k / AA4,r21vgg2k_vgg16_bn_aa_s42,face_transfer,124,two_shared_ui,RFW WM64,Objects,0.37,0.4,50,within_sampled_range,UI,131,95.83333333333334,runs/yin_noise_matrix_20260926/results/r21vgg2k_vgg16_bn_aa_s42/faces_rfwWM64/objects/results.csv,UI_shared
aa4,VGG2k / AA4,r21vgg2k_vgg16_bn_aa_s42,face_transfer,124,two_shared_ui,RFW WM64,Objects,0.37,0.4,50,within_sampled_range,UI,132,87.5,runs/yin_noise_matrix_20260926/results/r21vgg2k_vgg16_bn_aa_s42/faces_rfwWM64/objects/results.csv,UI_shared
aa4,VGG2k / AA4,r21vgg2k_vgg16_bn_aa_s42,face_transfer,124,two_shared_ui,RFW WM64,Objects,0.37,0.4,50,within_sampled_range,UI,133,87.5,runs/yin_noise_matrix_20260926/results/r21vgg2k_vgg16_bn_aa_s42/faces_rfwWM64/objects/results.csv,UI_shared
aa4,VGG2k / AA4,r21vgg2k_vgg16_bn_aa_s42,face_transfer,124,two_shared_ui,RFW WM64,Objects,0.37,0.4,50,within_sampled_range,UI,134,87.5,runs/yin_noise_matrix_20260926/results/r21vgg2k_vgg16_bn_aa_s42/faces_rfwWM64/objects/results.csv,UI_shared
aa4,VGG2k / AA4,r21vgg2k_vgg16_bn_aa_s42,face_transfer,124,two_shared_ui,RFW WM64,Objects,0.37,0.4,50,within_sampled_range,UI,135,87.5,runs/yin_noise_matrix_20260926/results/r21vgg2k_vgg16_bn_aa_s42/faces_rfwWM64/objects/results.csv,UI_shared
aa4,VGG2k / AA4,r21vgg2k_vgg16_bn_aa_s42,face_transfer,124,two_shared_ui,RFW WM64,Objects,0.37,0.4,50,within_sampled_range,UI,136,87.5,runs/yin_noise_matrix_20260926/results/r21vgg2k_vgg16_bn_aa_s42/faces_rfwWM64/objects/results.csv,UI_shared
aa4,VGG2k / AA4,r21vgg2k_vgg16_bn_aa_s42,face_transfer,124,two_shared_ui,RFW WM64,Objects,0.37,0.4,50,within_sampled_range,UI,137,91.66666666666666,runs/yin_noise_matrix_20260926/results/r21vgg2k_vgg16_bn_aa_s42/faces_rfwWM64/objects/results.csv,UI_shared
aa4,VGG2k / AA4,r21vgg2k_vgg16_bn_aa_s42,face_transfer,124,two_shared_ui,RFW WM64,Objects,0.37,0.4,50,within_sampled_range,UI,138,87.5,runs/yin_noise_matrix_20260926/results/r21vgg2k_vgg16_bn_aa_s42/faces_rfwWM64/objects/results.csv,UI_shared
aa4,VGG2k / AA4,r21vgg2k_vgg16_bn_aa_s42,face_transfer,124,two_shared_ui,RFW WM64,Objects,0.37,0.4,50,within_sampled_range,UI,139,83.33333333333334,runs/yin_noise_matrix_20260926/results/r21vgg2k_vgg16_bn_aa_s42/faces_rfwWM64/objects/results.csv,UI_shared
aa4,VGG2k / AA4,r21vgg2k_vgg16_bn_aa_s42,face_transfer,124,two_shared_ui,RFW WM64,Objects,0.37,0.4,50,within_sampled_range,UI,140,83.33333333333334,runs/yin_noise_matrix_20260926/results/r21vgg2k_vgg16_bn_aa_s42/faces_rfwWM64/objects/results.csv,UI_shared
aa4,VGG2k / AA4,r21vgg2k_vgg16_bn_aa_s42,face_transfer,124,two_shared_ui,RFW WM64,Objects,0.37,0.4,50,within_sampled_range,UI,141,91.66666666666666,runs/yin_noise_matrix_20260926/results/r21vgg2k_vgg16_bn_aa_s42/faces_rfwWM64/objects/results.csv,UI_shared
aa4,VGG2k / AA4,r21vgg2k_vgg16_bn_aa_s42,face_transfer,124,two_shared_ui,RFW WM64,Objects,0.37,0.4,50,within_sampled_range,UI,142,91.66666666666666,runs/yin_noise_matrix_20260926/results/r21vgg2k_vgg16_bn_aa_s42/faces_rfwWM64/objects/results.csv,UI_shared
aa4,VGG2k / AA4,r21vgg2k_vgg16_bn_aa_s42,face_transfer,124,two_shared_ui,RFW WM64,Objects,0.37,0.4,50,within_sampled_range,UI,143,91.66666666666666,runs/yin_noise_matrix_20260926/results/r21vgg2k_vgg16_bn_aa_s42/faces_rfwWM64/objects/results.csv,UI_shared
aa4,VGG2k / AA4,r21vgg2k_vgg16_bn_aa_s42,face_transfer,124,two_shared_ui,RFW WM64,Objects,0.37,0.4,50,within_sampled_range,UI,144,91.66666666666666,runs/yin_noise_matrix_20260926/results/r21vgg2k_vgg16_bn_aa_s42/faces_rfwWM64/objects/results.csv,UI_shared
aa4,VGG2k / AA4,r21vgg2k_vgg16_bn_aa_s42,face_transfer,124,two_shared_ui,RFW WM64,Objects,0.37,0.4,50,within_sampled_range,UI,145,87.5,runs/yin_noise_matrix_20260926/results/r21vgg2k_vgg16_bn_aa_s42/faces_rfwWM64/objects/results.csv,UI_shared
aa4,VGG2k / AA4,r21vgg2k_vgg16_bn_aa_s42,face_transfer,124,two_shared_ui,RFW WM64,Objects,0.37,0.4,50,within_sampled_range,UI,146,83.33333333333334,runs/yin_noise_matrix_20260926/results/r21vgg2k_vgg16_bn_aa_s42/faces_rfwWM64/objects/results.csv,UI_shared
aa4,VGG2k / AA4,r21vgg2k_vgg16_bn_aa_s42,face_transfer,124,two_shared_ui,RFW WM64,Objects,0.37,0.4,50,within_sampled_range,UI,147,91.66666666666666,runs/yin_noise_matrix_20260926/results/r21vgg2k_vgg16_bn_aa_s42/faces_rfwWM64/objects/results.csv,UI_shared
aa4,VGG2k / AA4,r21vgg2k_vgg16_bn_aa_s42,face_transfer,124,two_shared_ui,RFW WM64,Objects,0.37,0.4,50,within_sampled_range,UI,148,83.33333333333334,runs/yin_noise_matrix_20260926/results/r21vgg2k_vgg16_bn_aa_s42/faces_rfwWM64/objects/results.csv,UI_shared
aa4,VGG2k / AA4,r21vgg2k_vgg16_bn_aa_s42,face_transfer,124,two_shared_ui,RFW WM64,Objects,0.37,0.4,50,within_sampled_range,UI,149,83.33333333333334,runs/yin_noise_matrix_20260926/results/r21vgg2k_vgg16_bn_aa_s42/faces_rfwWM64/objects/results.csv,UI_shared
aa4,VGG2k / AA4,r21vgg2k_vgg16_bn_aa_s42,face_transfer,124,two_shared_ui,RFW WM64,Objects,0.37,0.4,50,within_sampled_range,UI,150,87.5,runs/yin_noise_matrix_20260926/results/r21vgg2k_vgg16_bn_aa_s42/faces_rfwWM64/objects/results.csv,UI_shared
aa4,VGG2k / AA4,r21vgg2k_vgg16_bn_aa_s42,face_transfer,124,two_shared_ui,RFW WM64,Objects,0.37,0.4,50,within_sampled_range,IU,101,95.83333333333334,runs/yin_noise_matrix_20260926/results/r21vgg2k_vgg16_bn_aa_s42/faces_rfwWM64/objects/results.csv,IU
aa4,VGG2k / AA4,r21vgg2k_vgg16_bn_aa_s42,face_transfer,124,two_shared_ui,RFW WM64,Objects,0.37,0.4,50,within_sampled_range,IU,102,83.33333333333334,runs/yin_noise_matrix_20260926/results/r21vgg2k_vgg16_bn_aa_s42/faces_rfwWM64/objects/results.csv,IU
aa4,VGG2k / AA4,r21vgg2k_vgg16_bn_aa_s42,face_transfer,124,two_shared_ui,RFW WM64,Objects,0.37,0.4,50,within_sampled_range,IU,103,91.66666666666666,runs/yin_noise_matrix_20260926/results/r21vgg2k_vgg16_bn_aa_s42/faces_rfwWM64/objects/results.csv,IU
aa4,VGG2k / AA4,r21vgg2k_vgg16_bn_aa_s42,face_transfer,124,two_shared_ui,RFW WM64,Objects,0.37,0.4,50,within_sampled_range,IU,104,91.66666666666666,runs/yin_noise_matrix_20260926/results/r21vgg2k_vgg16_bn_aa_s42/faces_rfwWM64/objects/results.csv,IU
aa4,VGG2k / AA4,r21vgg2k_vgg16_bn_aa_s42,face_transfer,124,two_shared_ui,RFW WM64,Objects,0.37,0.4,50,within_sampled_range,IU,105,79.16666666666666,runs/yin_noise_matrix_20260926/results/r21vgg2k_vgg16_bn_aa_s42/faces_rfwWM64/objects/results.csv,IU
aa4,VGG2k / AA4,r21vgg2k_vgg16_bn_aa_s42,face_transfer,124,two_shared_ui,RFW WM64,Objects,0.37,0.4,50,within_sampled_range,IU,106,87.5,runs/yin_noise_matrix_20260926/results/r21vgg2k_vgg16_bn_aa_s42/faces_rfwWM64/objects/results.csv,IU
aa4,VGG2k / AA4,r21vgg2k_vgg16_bn_aa_s42,face_transfer,124,two_shared_ui,RFW WM64,Objects,0.37,0.4,50,within_sampled_range,IU,107,95.83333333333334,runs/yin_noise_matrix_20260926/results/r21vgg2k_vgg16_bn_aa_s42/faces_rfwWM64/objects/results.csv,IU
aa4,VGG2k / AA4,r21vgg2k_vgg16_bn_aa_s42,face_transfer,124,two_shared_ui,RFW WM64,Objects,0.37,0.4,50,within_sampled_range,IU,108,95.83333333333334,runs/yin_noise_matrix_20260926/results/r21vgg2k_vgg16_bn_aa_s42/faces_rfwWM64/objects/results.csv,IU
aa4,VGG2k / AA4,r21vgg2k_vgg16_bn_aa_s42,face_transfer,124,two_shared_ui,RFW WM64,Objects,0.37,0.4,50,within_sampled_range,IU,109,100.0,runs/yin_noise_matrix_20260926/results/r21vgg2k_vgg16_bn_aa_s42/faces_rfwWM64/objects/results.csv,IU
aa4,VGG2k / AA4,r21vgg2k_vgg16_bn_aa_s42,face_transfer,124,two_shared_ui,RFW WM64,Objects,0.37,0.4,50,within_sampled_range,IU,110,83.33333333333334,runs/yin_noise_matrix_20260926/results/r21vgg2k_vgg16_bn_aa_s42/faces_rfwWM64/objects/results.csv,IU
aa4,VGG2k / AA4,r21vgg2k_vgg16_bn_aa_s42,face_transfer,124,two_shared_ui,RFW WM64,Objects,0.37,0.4,50,within_sampled_range,IU,111,87.5,runs/yin_noise_matrix_20260926/results/r21vgg2k_vgg16_bn_aa_s42/faces_rfwWM64/objects/results.csv,IU
aa4,VGG2k / AA4,r21vgg2k_vgg16_bn_aa_s42,face_transfer,124,two_shared_ui,RFW WM64,Objects,0.37,0.4,50,within_sampled_range,IU,112,95.83333333333334,runs/yin_noise_matrix_20260926/results/r21vgg2k_vgg16_bn_aa_s42/faces_rfwWM64/objects/results.csv,IU
aa4,VGG2k / AA4,r21vgg2k_vgg16_bn_aa_s42,face_transfer,124,two_shared_ui,RFW WM64,Objects,0.37,0.4,50,within_sampled_range,IU,113,75.0,runs/yin_noise_matrix_20260926/results/r21vgg2k_vgg16_bn_aa_s42/faces_rfwWM64/objects/results.csv,IU
aa4,VGG2k / AA4,r21vgg2k_vgg16_bn_aa_s42,face_transfer,124,two_shared_ui,RFW WM64,Objects,0.37,0.4,50,within_sampled_range,IU,114,83.33333333333334,runs/yin_noise_matrix_20260926/results/r21vgg2k_vgg16_bn_aa_s42/faces_rfwWM64/objects/results.csv,IU
aa4,VGG2k / AA4,r21vgg2k_vgg16_bn_aa_s42,face_transfer,124,two_shared_ui,RFW WM64,Objects,0.37,0.4,50,within_sampled_range,IU,115,91.66666666666666,runs/yin_noise_matrix_20260926/results/r21vgg2k_vgg16_bn_aa_s42/faces_rfwWM64/objects/results.csv,IU
aa4,VGG2k / AA4,r21vgg2k_vgg16_bn_aa_s42,face_transfer,124,two_shared_ui,RFW WM64,Objects,0.37,0.4,50,within_sampled_range,IU,116,79.16666666666666,runs/yin_noise_matrix_20260926/results/r21vgg2k_vgg16_bn_aa_s42/faces_rfwWM64/objects/results.csv,IU
aa4,VGG2k / AA4,r21vgg2k_vgg16_bn_aa_s42,face_transfer,124,two_shared_ui,RFW WM64,Objects,0.37,0.4,50,within_sampled_range,IU,117,91.66666666666666,runs/yin_noise_matrix_20260926/results/r21vgg2k_vgg16_bn_aa_s42/faces_rfwWM64/objects/results.csv,IU
aa4,VGG2k / AA4,r21vgg2k_vgg16_bn_aa_s42,face_transfer,124,two_shared_ui,RFW WM64,Objects,0.37,0.4,50,within_sampled_range,IU,118,95.83333333333334,runs/yin_noise_matrix_20260926/results/r21vgg2k_vgg16_bn_aa_s42/faces_rfwWM64/objects/results.csv,IU
aa4,VGG2k / AA4,r21vgg2k_vgg16_bn_aa_s42,face_transfer,124,two_shared_ui,RFW WM64,Objects,0.37,0.4,50,within_sampled_range,IU,119,100.0,runs/yin_noise_matrix_20260926/results/r21vgg2k_vgg16_bn_aa_s42/faces_rfwWM64/objects/results.csv,IU
aa4,VGG2k / AA4,r21vgg2k_vgg16_bn_aa_s42,face_transfer,124,two_shared_ui,RFW WM64,Objects,0.37,0.4,50,within_sampled_range,IU,120,83.33333333333334,runs/yin_noise_matrix_20260926/results/r21vgg2k_vgg16_bn_aa_s42/faces_rfwWM64/objects/results.csv,IU
aa4,VGG2k / AA4,r21vgg2k_vgg16_bn_aa_s42,face_transfer,124,two_shared_ui,RFW WM64,Objects,0.37,0.4,50,within_sampled_range,IU,121,95.83333333333334,runs/yin_noise_matrix_20260926/results/r21vgg2k_vgg16_bn_aa_s42/faces_rfwWM64/objects/results.csv,IU
aa4,VGG2k / AA4,r21vgg2k_vgg16_bn_aa_s42,face_transfer,124,two_shared_ui,RFW WM64,Objects,0.37,0.4,50,within_sampled_range,IU,122,91.66666666666666,runs/yin_noise_matrix_20260926/results/r21vgg2k_vgg16_bn_aa_s42/faces_rfwWM64/objects/results.csv,IU
aa4,VGG2k / AA4,r21vgg2k_vgg16_bn_aa_s42,face_transfer,124,two_shared_ui,RFW WM64,Objects,0.37,0.4,50,within_sampled_range,IU,123,87.5,runs/yin_noise_matrix_20260926/results/r21vgg2k_vgg16_bn_aa_s42/faces_rfwWM64/objects/results.csv,IU
aa4,VGG2k / AA4,r21vgg2k_vgg16_bn_aa_s42,face_transfer,124,two_shared_ui,RFW WM64,Objects,0.37,0.4,50,within_sampled_range,IU,124,70.83333333333334,runs/yin_noise_matrix_20260926/results/r21vgg2k_vgg16_bn_aa_s42/faces_rfwWM64/objects/results.csv,IU
aa4,VGG2k / AA4,r21vgg2k_vgg16_bn_aa_s42,face_transfer,124,two_shared_ui,RFW WM64,Objects,0.37,0.4,50,within_sampled_range,IU,125,79.16666666666666,runs/yin_noise_matrix_20260926/results/r21vgg2k_vgg16_bn_aa_s42/faces_rfwWM64/objects/results.csv,IU
aa4,VGG2k / AA4,r21vgg2k_vgg16_bn_aa_s42,face_transfer,124,two_shared_ui,RFW WM64,Objects,0.37,0.4,50,within_sampled_range,IU,126,91.66666666666666,runs/yin_noise_matrix_20260926/results/r21vgg2k_vgg16_bn_aa_s42/faces_rfwWM64/objects/results.csv,IU
aa4,VGG2k / AA4,r21vgg2k_vgg16_bn_aa_s42,face_transfer,124,two_shared_ui,RFW WM64,Objects,0.37,0.4,50,within_sampled_range,IU,127,95.83333333333334,runs/yin_noise_matrix_20260926/results/r21vgg2k_vgg16_bn_aa_s42/faces_rfwWM64/objects/results.csv,IU
aa4,VGG2k / AA4,r21vgg2k_vgg16_bn_aa_s42,face_transfer,124,two_shared_ui,RFW WM64,Objects,0.37,0.4,50,within_sampled_range,IU,128,83.33333333333334,runs/yin_noise_matrix_20260926/results/r21vgg2k_vgg16_bn_aa_s42/faces_rfwWM64/objects/results.csv,IU
aa4,VGG2k / AA4,r21vgg2k_vgg16_bn_aa_s42,face_transfer,124,two_shared_ui,RFW WM64,Objects,0.37,0.4,50,within_sampled_range,IU,129,83.33333333333334,runs/yin_noise_matrix_20260926/results/r21vgg2k_vgg16_bn_aa_s42/faces_rfwWM64/objects/results.csv,IU
aa4,VGG2k / AA4,r21vgg2k_vgg16_bn_aa_s42,face_transfer,124,two_shared_ui,RFW WM64,Objects,0.37,0.4,50,within_sampled_range,IU,130,83.33333333333334,runs/yin_noise_matrix_20260926/results/r21vgg2k_vgg16_bn_aa_s42/faces_rfwWM64/objects/results.csv,IU
aa4,VGG2k / AA4,r21vgg2k_vgg16_bn_aa_s42,face_transfer,124,two_shared_ui,RFW WM64,Objects,0.37,0.4,50,within_sampled_range,IU,131,87.5,runs/yin_noise_matrix_20260926/results/r21vgg2k_vgg16_bn_aa_s42/faces_rfwWM64/objects/results.csv,IU
aa4,VGG2k / AA4,r21vgg2k_vgg16_bn_aa_s42,face_transfer,124,two_shared_ui,RFW WM64,Objects,0.37,0.4,50,within_sampled_range,IU,132,91.66666666666666,runs/yin_noise_matrix_20260926/results/r21vgg2k_vgg16_bn_aa_s42/faces_rfwWM64/objects/results.csv,IU
aa4,VGG2k / AA4,r21vgg2k_vgg16_bn_aa_s42,face_transfer,124,two_shared_ui,RFW WM64,Objects,0.37,0.4,50,within_sampled_range,IU,133,87.5,runs/yin_noise_matrix_20260926/results/r21vgg2k_vgg16_bn_aa_s42/faces_rfwWM64/objects/results.csv,IU
aa4,VGG2k / AA4,r21vgg2k_vgg16_bn_aa_s42,face_transfer,124,two_shared_ui,RFW WM64,Objects,0.37,0.4,50,within_sampled_range,IU,134,91.66666666666666,runs/yin_noise_matrix_20260926/results/r21vgg2k_vgg16_bn_aa_s42/faces_rfwWM64/objects/results.csv,IU
aa4,VGG2k / AA4,r21vgg2k_vgg16_bn_aa_s42,face_transfer,124,two_shared_ui,RFW WM64,Objects,0.37,0.4,50,within_sampled_range,IU,135,79.16666666666666,runs/yin_noise_matrix_20260926/results/r21vgg2k_vgg16_bn_aa_s42/faces_rfwWM64/objects/results.csv,IU
aa4,VGG2k / AA4,r21vgg2k_vgg16_bn_aa_s42,face_transfer,124,two_shared_ui,RFW WM64,Objects,0.37,0.4,50,within_sampled_range,IU,136,79.16666666666666,runs/yin_noise_matrix_20260926/results/r21vgg2k_vgg16_bn_aa_s42/faces_rfwWM64/objects/results.csv,IU
aa4,VGG2k / AA4,r21vgg2k_vgg16_bn_aa_s42,face_transfer,124,two_shared_ui,RFW WM64,Objects,0.37,0.4,50,within_sampled_range,IU,137,83.33333333333334,runs/yin_noise_matrix_20260926/results/r21vgg2k_vgg16_bn_aa_s42/faces_rfwWM64/objects/results.csv,IU
aa4,VGG2k / AA4,r21vgg2k_vgg16_bn_aa_s42,face_transfer,124,two_shared_ui,RFW WM64,Objects,0.37,0.4,50,within_sampled_range,IU,138,79.16666666666666,runs/yin_noise_matrix_20260926/results/r21vgg2k_vgg16_bn_aa_s42/faces_rfwWM64/objects/results.csv,IU
aa4,VGG2k / AA4,r21vgg2k_vgg16_bn_aa_s42,face_transfer,124,two_shared_ui,RFW WM64,Objects,0.37,0.4,50,within_sampled_range,IU,139,91.66666666666666,runs/yin_noise_matrix_20260926/results/r21vgg2k_vgg16_bn_aa_s42/faces_rfwWM64/objects/results.csv,IU
aa4,VGG2k / AA4,r21vgg2k_vgg16_bn_aa_s42,face_transfer,124,two_shared_ui,RFW WM64,Objects,0.37,0.4,50,within_sampled_range,IU,140,87.5,runs/yin_noise_matrix_20260926/results/r21vgg2k_vgg16_bn_aa_s42/faces_rfwWM64/objects/results.csv,IU
aa4,VGG2k / AA4,r21vgg2k_vgg16_bn_aa_s42,face_transfer,124,two_shared_ui,RFW WM64,Objects,0.37,0.4,50,within_sampled_range,IU,141,75.0,runs/yin_noise_matrix_20260926/results/r21vgg2k_vgg16_bn_aa_s42/faces_rfwWM64/objects/results.csv,IU
aa4,VGG2k / AA4,r21vgg2k_vgg16_bn_aa_s42,face_transfer,124,two_shared_ui,RFW WM64,Objects,0.37,0.4,50,within_sampled_range,IU,142,91.66666666666666,runs/yin_noise_matrix_20260926/results/r21vgg2k_vgg16_bn_aa_s42/faces_rfwWM64/objects/results.csv,IU
aa4,VGG2k / AA4,r21vgg2k_vgg16_bn_aa_s42,face_transfer,124,two_shared_ui,RFW WM64,Objects,0.37,0.4,50,within_sampled_range,IU,143,87.5,runs/yin_noise_matrix_20260926/results/r21vgg2k_vgg16_bn_aa_s42/faces_rfwWM64/objects/results.csv,IU
aa4,VGG2k / AA4,r21vgg2k_vgg16_bn_aa_s42,face_transfer,124,two_shared_ui,RFW WM64,Objects,0.37,0.4,50,within_sampled_range,IU,144,95.83333333333334,runs/yin_noise_matrix_20260926/results/r21vgg2k_vgg16_bn_aa_s42/faces_rfwWM64/objects/results.csv,IU
aa4,VGG2k / AA4,r21vgg2k_vgg16_bn_aa_s42,face_transfer,124,two_shared_ui,RFW WM64,Objects,0.37,0.4,50,within_sampled_range,IU,145,87.5,runs/yin_noise_matrix_20260926/results/r21vgg2k_vgg16_bn_aa_s42/faces_rfwWM64/objects/results.csv,IU
aa4,VGG2k / AA4,r21vgg2k_vgg16_bn_aa_s42,face_transfer,124,two_shared_ui,RFW WM64,Objects,0.37,0.4,50,within_sampled_range,IU,146,95.83333333333334,runs/yin_noise_matrix_20260926/results/r21vgg2k_vgg16_bn_aa_s42/faces_rfwWM64/objects/results.csv,IU
aa4,VGG2k / AA4,r21vgg2k_vgg16_bn_aa_s42,face_transfer,124,two_shared_ui,RFW WM64,Objects,0.37,0.4,50,within_sampled_range,IU,147,87.5,runs/yin_noise_matrix_20260926/results/r21vgg2k_vgg16_bn_aa_s42/faces_rfwWM64/objects/results.csv,IU
aa4,VGG2k / AA4,r21vgg2k_vgg16_bn_aa_s42,face_transfer,124,two_shared_ui,RFW WM64,Objects,0.37,0.4,50,within_sampled_range,IU,148,83.33333333333334,runs/yin_noise_matrix_20260926/results/r21vgg2k_vgg16_bn_aa_s42/faces_rfwWM64/objects/results.csv,IU
aa4,VGG2k / AA4,r21vgg2k_vgg16_bn_aa_s42,face_transfer,124,two_shared_ui,RFW WM64,Objects,0.37,0.4,50,within_sampled_range,IU,149,79.16666666666666,runs/yin_noise_matrix_20260926/results/r21vgg2k_vgg16_bn_aa_s42/faces_rfwWM64/objects/results.csv,IU
aa4,VGG2k / AA4,r21vgg2k_vgg16_bn_aa_s42,face_transfer,124,two_shared_ui,RFW WM64,Objects,0.37,0.4,50,within_sampled_range,IU,150,79.16666666666666,runs/yin_noise_matrix_20260926/results/r21vgg2k_vgg16_bn_aa_s42/faces_rfwWM64/objects/results.csv,IU
aa4,VGG2k / AA4,r21vgg2k_vgg16_bn_aa_s42,face_transfer,124,single_uu,RFW WM64,Houses,0.37,,50,within_sampled_range,UU,101,66.66666666666666,runs/yin_single_noise_20260925/results/r21vgg2k_vgg16_bn_aa_s42/faces_rfwWM64/houses_yin64/results.csv,UU
aa4,VGG2k / AA4,r21vgg2k_vgg16_bn_aa_s42,face_transfer,124,single_uu,RFW WM64,Houses,0.37,,50,within_sampled_range,UU,102,66.66666666666666,runs/yin_single_noise_20260925/results/r21vgg2k_vgg16_bn_aa_s42/faces_rfwWM64/houses_yin64/results.csv,UU
aa4,VGG2k / AA4,r21vgg2k_vgg16_bn_aa_s42,face_transfer,124,single_uu,RFW WM64,Houses,0.37,,50,within_sampled_range,UU,103,58.333333333333336,runs/yin_single_noise_20260925/results/r21vgg2k_vgg16_bn_aa_s42/faces_rfwWM64/houses_yin64/results.csv,UU
aa4,VGG2k / AA4,r21vgg2k_vgg16_bn_aa_s42,face_transfer,124,single_uu,RFW WM64,Houses,0.37,,50,within_sampled_range,UU,104,58.333333333333336,runs/yin_single_noise_20260925/results/r21vgg2k_vgg16_bn_aa_s42/faces_rfwWM64/houses_yin64/results.csv,UU
aa4,VGG2k / AA4,r21vgg2k_vgg16_bn_aa_s42,face_transfer,124,single_uu,RFW WM64,Houses,0.37,,50,within_sampled_range,UU,105,75.0,runs/yin_single_noise_20260925/results/r21vgg2k_vgg16_bn_aa_s42/faces_rfwWM64/houses_yin64/results.csv,UU
aa4,VGG2k / AA4,r21vgg2k_vgg16_bn_aa_s42,face_transfer,124,single_uu,RFW WM64,Houses,0.37,,50,within_sampled_range,UU,106,70.83333333333334,runs/yin_single_noise_20260925/results/r21vgg2k_vgg16_bn_aa_s42/faces_rfwWM64/houses_yin64/results.csv,UU
aa4,VGG2k / AA4,r21vgg2k_vgg16_bn_aa_s42,face_transfer,124,single_uu,RFW WM64,Houses,0.37,,50,within_sampled_range,UU,107,66.66666666666666,runs/yin_single_noise_20260925/results/r21vgg2k_vgg16_bn_aa_s42/faces_rfwWM64/houses_yin64/results.csv,UU
aa4,VGG2k / AA4,r21vgg2k_vgg16_bn_aa_s42,face_transfer,124,single_uu,RFW WM64,Houses,0.37,,50,within_sampled_range,UU,108,54.166666666666664,runs/yin_single_noise_20260925/results/r21vgg2k_vgg16_bn_aa_s42/faces_rfwWM64/houses_yin64/results.csv,UU
aa4,VGG2k / AA4,r21vgg2k_vgg16_bn_aa_s42,face_transfer,124,single_uu,RFW WM64,Houses,0.37,,50,within_sampled_range,UU,109,66.66666666666666,runs/yin_single_noise_20260925/results/r21vgg2k_vgg16_bn_aa_s42/faces_rfwWM64/houses_yin64/results.csv,UU
aa4,VGG2k / AA4,r21vgg2k_vgg16_bn_aa_s42,face_transfer,124,single_uu,RFW WM64,Houses,0.37,,50,within_sampled_range,UU,110,70.83333333333334,runs/yin_single_noise_20260925/results/r21vgg2k_vgg16_bn_aa_s42/faces_rfwWM64/houses_yin64/results.csv,UU
aa4,VGG2k / AA4,r21vgg2k_vgg16_bn_aa_s42,face_transfer,124,single_uu,RFW WM64,Houses,0.37,,50,within_sampled_range,UU,111,75.0,runs/yin_single_noise_20260925/results/r21vgg2k_vgg16_bn_aa_s42/faces_rfwWM64/houses_yin64/results.csv,UU
aa4,VGG2k / AA4,r21vgg2k_vgg16_bn_aa_s42,face_transfer,124,single_uu,RFW WM64,Houses,0.37,,50,within_sampled_range,UU,112,45.83333333333333,runs/yin_single_noise_20260925/results/r21vgg2k_vgg16_bn_aa_s42/faces_rfwWM64/houses_yin64/results.csv,UU
aa4,VGG2k / AA4,r21vgg2k_vgg16_bn_aa_s42,face_transfer,124,single_uu,RFW WM64,Houses,0.37,,50,within_sampled_range,UU,113,70.83333333333334,runs/yin_single_noise_20260925/results/r21vgg2k_vgg16_bn_aa_s42/faces_rfwWM64/houses_yin64/results.csv,UU
aa4,VGG2k / AA4,r21vgg2k_vgg16_bn_aa_s42,face_transfer,124,single_uu,RFW WM64,Houses,0.37,,50,within_sampled_range,UU,114,54.166666666666664,runs/yin_single_noise_20260925/results/r21vgg2k_vgg16_bn_aa_s42/faces_rfwWM64/houses_yin64/results.csv,UU
aa4,VGG2k / AA4,r21vgg2k_vgg16_bn_aa_s42,face_transfer,124,single_uu,RFW WM64,Houses,0.37,,50,within_sampled_range,UU,115,54.166666666666664,runs/yin_single_noise_20260925/results/r21vgg2k_vgg16_bn_aa_s42/faces_rfwWM64/houses_yin64/results.csv,UU
aa4,VGG2k / AA4,r21vgg2k_vgg16_bn_aa_s42,face_transfer,124,single_uu,RFW WM64,Houses,0.37,,50,within_sampled_range,UU,116,62.5,runs/yin_single_noise_20260925/results/r21vgg2k_vgg16_bn_aa_s42/faces_rfwWM64/houses_yin64/results.csv,UU
aa4,VGG2k / AA4,r21vgg2k_vgg16_bn_aa_s42,face_transfer,124,single_uu,RFW WM64,Houses,0.37,,50,within_sampled_range,UU,117,70.83333333333334,runs/yin_single_noise_20260925/results/r21vgg2k_vgg16_bn_aa_s42/faces_rfwWM64/houses_yin64/results.csv,UU
aa4,VGG2k / AA4,r21vgg2k_vgg16_bn_aa_s42,face_transfer,124,single_uu,RFW WM64,Houses,0.37,,50,within_sampled_range,UU,118,66.66666666666666,runs/yin_single_noise_20260925/results/r21vgg2k_vgg16_bn_aa_s42/faces_rfwWM64/houses_yin64/results.csv,UU
aa4,VGG2k / AA4,r21vgg2k_vgg16_bn_aa_s42,face_transfer,124,single_uu,RFW WM64,Houses,0.37,,50,within_sampled_range,UU,119,54.166666666666664,runs/yin_single_noise_20260925/results/r21vgg2k_vgg16_bn_aa_s42/faces_rfwWM64/houses_yin64/results.csv,UU
aa4,VGG2k / AA4,r21vgg2k_vgg16_bn_aa_s42,face_transfer,124,single_uu,RFW WM64,Houses,0.37,,50,within_sampled_range,UU,120,66.66666666666666,runs/yin_single_noise_20260925/results/r21vgg2k_vgg16_bn_aa_s42/faces_rfwWM64/houses_yin64/results.csv,UU
aa4,VGG2k / AA4,r21vgg2k_vgg16_bn_aa_s42,face_transfer,124,single_uu,RFW WM64,Houses,0.37,,50,within_sampled_range,UU,121,66.66666666666666,runs/yin_single_noise_20260925/results/r21vgg2k_vgg16_bn_aa_s42/faces_rfwWM64/houses_yin64/results.csv,UU
aa4,VGG2k / AA4,r21vgg2k_vgg16_bn_aa_s42,face_transfer,124,single_uu,RFW WM64,Houses,0.37,,50,within_sampled_range,UU,122,58.333333333333336,runs/yin_single_noise_20260925/results/r21vgg2k_vgg16_bn_aa_s42/faces_rfwWM64/houses_yin64/results.csv,UU
aa4,VGG2k / AA4,r21vgg2k_vgg16_bn_aa_s42,face_transfer,124,single_uu,RFW WM64,Houses,0.37,,50,within_sampled_range,UU,123,79.16666666666666,runs/yin_single_noise_20260925/results/r21vgg2k_vgg16_bn_aa_s42/faces_rfwWM64/houses_yin64/results.csv,UU
aa4,VGG2k / AA4,r21vgg2k_vgg16_bn_aa_s42,face_transfer,124,single_uu,RFW WM64,Houses,0.37,,50,within_sampled_range,UU,124,58.333333333333336,runs/yin_single_noise_20260925/results/r21vgg2k_vgg16_bn_aa_s42/faces_rfwWM64/houses_yin64/results.csv,UU
aa4,VGG2k / AA4,r21vgg2k_vgg16_bn_aa_s42,face_transfer,124,single_uu,RFW WM64,Houses,0.37,,50,within_sampled_range,UU,125,50.0,runs/yin_single_noise_20260925/results/r21vgg2k_vgg16_bn_aa_s42/faces_rfwWM64/houses_yin64/results.csv,UU
aa4,VGG2k / AA4,r21vgg2k_vgg16_bn_aa_s42,face_transfer,124,single_uu,RFW WM64,Houses,0.37,,50,within_sampled_range,UU,126,58.333333333333336,runs/yin_single_noise_20260925/results/r21vgg2k_vgg16_bn_aa_s42/faces_rfwWM64/houses_yin64/results.csv,UU
aa4,VGG2k / AA4,r21vgg2k_vgg16_bn_aa_s42,face_transfer,124,single_uu,RFW WM64,Houses,0.37,,50,within_sampled_range,UU,127,75.0,runs/yin_single_noise_20260925/results/r21vgg2k_vgg16_bn_aa_s42/faces_rfwWM64/houses_yin64/results.csv,UU
aa4,VGG2k / AA4,r21vgg2k_vgg16_bn_aa_s42,face_transfer,124,single_uu,RFW WM64,Houses,0.37,,50,within_sampled_range,UU,128,58.333333333333336,runs/yin_single_noise_20260925/results/r21vgg2k_vgg16_bn_aa_s42/faces_rfwWM64/houses_yin64/results.csv,UU
aa4,VGG2k / AA4,r21vgg2k_vgg16_bn_aa_s42,face_transfer,124,single_uu,RFW WM64,Houses,0.37,,50,within_sampled_range,UU,129,62.5,runs/yin_single_noise_20260925/results/r21vgg2k_vgg16_bn_aa_s42/faces_rfwWM64/houses_yin64/results.csv,UU
aa4,VGG2k / AA4,r21vgg2k_vgg16_bn_aa_s42,face_transfer,124,single_uu,RFW WM64,Houses,0.37,,50,within_sampled_range,UU,130,66.66666666666666,runs/yin_single_noise_20260925/results/r21vgg2k_vgg16_bn_aa_s42/faces_rfwWM64/houses_yin64/results.csv,UU
aa4,VGG2k / AA4,r21vgg2k_vgg16_bn_aa_s42,face_transfer,124,single_uu,RFW WM64,Houses,0.37,,50,within_sampled_range,UU,131,79.16666666666666,runs/yin_single_noise_20260925/results/r21vgg2k_vgg16_bn_aa_s42/faces_rfwWM64/houses_yin64/results.csv,UU
aa4,VGG2k / AA4,r21vgg2k_vgg16_bn_aa_s42,face_transfer,124,single_uu,RFW WM64,Houses,0.37,,50,within_sampled_range,UU,132,66.66666666666666,runs/yin_single_noise_20260925/results/r21vgg2k_vgg16_bn_aa_s42/faces_rfwWM64/houses_yin64/results.csv,UU
aa4,VGG2k / AA4,r21vgg2k_vgg16_bn_aa_s42,face_transfer,124,single_uu,RFW WM64,Houses,0.37,,50,within_sampled_range,UU,133,70.83333333333334,runs/yin_single_noise_20260925/results/r21vgg2k_vgg16_bn_aa_s42/faces_rfwWM64/houses_yin64/results.csv,UU
aa4,VGG2k / AA4,r21vgg2k_vgg16_bn_aa_s42,face_transfer,124,single_uu,RFW WM64,Houses,0.37,,50,within_sampled_range,UU,134,70.83333333333334,runs/yin_single_noise_20260925/results/r21vgg2k_vgg16_bn_aa_s42/faces_rfwWM64/houses_yin64/results.csv,UU
aa4,VGG2k / AA4,r21vgg2k_vgg16_bn_aa_s42,face_transfer,124,single_uu,RFW WM64,Houses,0.37,,50,within_sampled_range,UU,135,50.0,runs/yin_single_noise_20260925/results/r21vgg2k_vgg16_bn_aa_s42/faces_rfwWM64/houses_yin64/results.csv,UU
aa4,VGG2k / AA4,r21vgg2k_vgg16_bn_aa_s42,face_transfer,124,single_uu,RFW WM64,Houses,0.37,,50,within_sampled_range,UU,136,70.83333333333334,runs/yin_single_noise_20260925/results/r21vgg2k_vgg16_bn_aa_s42/faces_rfwWM64/houses_yin64/results.csv,UU
aa4,VGG2k / AA4,r21vgg2k_vgg16_bn_aa_s42,face_transfer,124,single_uu,RFW WM64,Houses,0.37,,50,within_sampled_range,UU,137,54.166666666666664,runs/yin_single_noise_20260925/results/r21vgg2k_vgg16_bn_aa_s42/faces_rfwWM64/houses_yin64/results.csv,UU
aa4,VGG2k / AA4,r21vgg2k_vgg16_bn_aa_s42,face_transfer,124,single_uu,RFW WM64,Houses,0.37,,50,within_sampled_range,UU,138,70.83333333333334,runs/yin_single_noise_20260925/results/r21vgg2k_vgg16_bn_aa_s42/faces_rfwWM64/houses_yin64/results.csv,UU
aa4,VGG2k / AA4,r21vgg2k_vgg16_bn_aa_s42,face_transfer,124,single_uu,RFW WM64,Houses,0.37,,50,within_sampled_range,UU,139,54.166666666666664,runs/yin_single_noise_20260925/results/r21vgg2k_vgg16_bn_aa_s42/faces_rfwWM64/houses_yin64/results.csv,UU
aa4,VGG2k / AA4,r21vgg2k_vgg16_bn_aa_s42,face_transfer,124,single_uu,RFW WM64,Houses,0.37,,50,within_sampled_range,UU,140,70.83333333333334,runs/yin_single_noise_20260925/results/r21vgg2k_vgg16_bn_aa_s42/faces_rfwWM64/houses_yin64/results.csv,UU
aa4,VGG2k / AA4,r21vgg2k_vgg16_bn_aa_s42,face_transfer,124,single_uu,RFW WM64,Houses,0.37,,50,within_sampled_range,UU,141,70.83333333333334,runs/yin_single_noise_20260925/results/r21vgg2k_vgg16_bn_aa_s42/faces_rfwWM64/houses_yin64/results.csv,UU
aa4,VGG2k / AA4,r21vgg2k_vgg16_bn_aa_s42,face_transfer,124,single_uu,RFW WM64,Houses,0.37,,50,within_sampled_range,UU,142,70.83333333333334,runs/yin_single_noise_20260925/results/r21vgg2k_vgg16_bn_aa_s42/faces_rfwWM64/houses_yin64/results.csv,UU
aa4,VGG2k / AA4,r21vgg2k_vgg16_bn_aa_s42,face_transfer,124,single_uu,RFW WM64,Houses,0.37,,50,within_sampled_range,UU,143,75.0,runs/yin_single_noise_20260925/results/r21vgg2k_vgg16_bn_aa_s42/faces_rfwWM64/houses_yin64/results.csv,UU
aa4,VGG2k / AA4,r21vgg2k_vgg16_bn_aa_s42,face_transfer,124,single_uu,RFW WM64,Houses,0.37,,50,within_sampled_range,UU,144,79.16666666666666,runs/yin_single_noise_20260925/results/r21vgg2k_vgg16_bn_aa_s42/faces_rfwWM64/houses_yin64/results.csv,UU
aa4,VGG2k / AA4,r21vgg2k_vgg16_bn_aa_s42,face_transfer,124,single_uu,RFW WM64,Houses,0.37,,50,within_sampled_range,UU,145,62.5,runs/yin_single_noise_20260925/results/r21vgg2k_vgg16_bn_aa_s42/faces_rfwWM64/houses_yin64/results.csv,UU
aa4,VGG2k / AA4,r21vgg2k_vgg16_bn_aa_s42,face_transfer,124,single_uu,RFW WM64,Houses,0.37,,50,within_sampled_range,UU,146,58.333333333333336,runs/yin_single_noise_20260925/results/r21vgg2k_vgg16_bn_aa_s42/faces_rfwWM64/houses_yin64/results.csv,UU
aa4,VGG2k / AA4,r21vgg2k_vgg16_bn_aa_s42,face_transfer,124,single_uu,RFW WM64,Houses,0.37,,50,within_sampled_range,UU,147,75.0,runs/yin_single_noise_20260925/results/r21vgg2k_vgg16_bn_aa_s42/faces_rfwWM64/houses_yin64/results.csv,UU
aa4,VGG2k / AA4,r21vgg2k_vgg16_bn_aa_s42,face_transfer,124,single_uu,RFW WM64,Houses,0.37,,50,within_sampled_range,UU,148,75.0,runs/yin_single_noise_20260925/results/r21vgg2k_vgg16_bn_aa_s42/faces_rfwWM64/houses_yin64/results.csv,UU
aa4,VGG2k / AA4,r21vgg2k_vgg16_bn_aa_s42,face_transfer,124,single_uu,RFW WM64,Houses,0.37,,50,within_sampled_range,UU,149,58.333333333333336,runs/yin_single_noise_20260925/results/r21vgg2k_vgg16_bn_aa_s42/faces_rfwWM64/houses_yin64/results.csv,UU
aa4,VGG2k / AA4,r21vgg2k_vgg16_bn_aa_s42,face_transfer,124,single_uu,RFW WM64,Houses,0.37,,50,within_sampled_range,UU,150,41.66666666666667,runs/yin_single_noise_20260925/results/r21vgg2k_vgg16_bn_aa_s42/faces_rfwWM64/houses_yin64/results.csv,UU
aa4,VGG2k / AA4,r21vgg2k_vgg16_bn_aa_s42,face_transfer,124,single_uu,RFW WM64,Houses,0.37,,50,within_sampled_range,II,101,75.0,runs/yin_single_noise_20260925/results/r21vgg2k_vgg16_bn_aa_s42/faces_rfwWM64/houses_yin64/results.csv,II
aa4,VGG2k / AA4,r21vgg2k_vgg16_bn_aa_s42,face_transfer,124,single_uu,RFW WM64,Houses,0.37,,50,within_sampled_range,II,102,45.83333333333333,runs/yin_single_noise_20260925/results/r21vgg2k_vgg16_bn_aa_s42/faces_rfwWM64/houses_yin64/results.csv,II
aa4,VGG2k / AA4,r21vgg2k_vgg16_bn_aa_s42,face_transfer,124,single_uu,RFW WM64,Houses,0.37,,50,within_sampled_range,II,103,66.66666666666666,runs/yin_single_noise_20260925/results/r21vgg2k_vgg16_bn_aa_s42/faces_rfwWM64/houses_yin64/results.csv,II
aa4,VGG2k / AA4,r21vgg2k_vgg16_bn_aa_s42,face_transfer,124,single_uu,RFW WM64,Houses,0.37,,50,within_sampled_range,II,104,66.66666666666666,runs/yin_single_noise_20260925/results/r21vgg2k_vgg16_bn_aa_s42/faces_rfwWM64/houses_yin64/results.csv,II
aa4,VGG2k / AA4,r21vgg2k_vgg16_bn_aa_s42,face_transfer,124,single_uu,RFW WM64,Houses,0.37,,50,within_sampled_range,II,105,66.66666666666666,runs/yin_single_noise_20260925/results/r21vgg2k_vgg16_bn_aa_s42/faces_rfwWM64/houses_yin64/results.csv,II
aa4,VGG2k / AA4,r21vgg2k_vgg16_bn_aa_s42,face_transfer,124,single_uu,RFW WM64,Houses,0.37,,50,within_sampled_range,II,106,70.83333333333334,runs/yin_single_noise_20260925/results/r21vgg2k_vgg16_bn_aa_s42/faces_rfwWM64/houses_yin64/results.csv,II
aa4,VGG2k / AA4,r21vgg2k_vgg16_bn_aa_s42,face_transfer,124,single_uu,RFW WM64,Houses,0.37,,50,within_sampled_range,II,107,58.333333333333336,runs/yin_single_noise_20260925/results/r21vgg2k_vgg16_bn_aa_s42/faces_rfwWM64/houses_yin64/results.csv,II
aa4,VGG2k / AA4,r21vgg2k_vgg16_bn_aa_s42,face_transfer,124,single_uu,RFW WM64,Houses,0.37,,50,within_sampled_range,II,108,70.83333333333334,runs/yin_single_noise_20260925/results/r21vgg2k_vgg16_bn_aa_s42/faces_rfwWM64/houses_yin64/results.csv,II
aa4,VGG2k / AA4,r21vgg2k_vgg16_bn_aa_s42,face_transfer,124,single_uu,RFW WM64,Houses,0.37,,50,within_sampled_range,II,109,50.0,runs/yin_single_noise_20260925/results/r21vgg2k_vgg16_bn_aa_s42/faces_rfwWM64/houses_yin64/results.csv,II
aa4,VGG2k / AA4,r21vgg2k_vgg16_bn_aa_s42,face_transfer,124,single_uu,RFW WM64,Houses,0.37,,50,within_sampled_range,II,110,62.5,runs/yin_single_noise_20260925/results/r21vgg2k_vgg16_bn_aa_s42/faces_rfwWM64/houses_yin64/results.csv,II
aa4,VGG2k / AA4,r21vgg2k_vgg16_bn_aa_s42,face_transfer,124,single_uu,RFW WM64,Houses,0.37,,50,within_sampled_range,II,111,66.66666666666666,runs/yin_single_noise_20260925/results/r21vgg2k_vgg16_bn_aa_s42/faces_rfwWM64/houses_yin64/results.csv,II
aa4,VGG2k / AA4,r21vgg2k_vgg16_bn_aa_s42,face_transfer,124,single_uu,RFW WM64,Houses,0.37,,50,within_sampled_range,II,112,62.5,runs/yin_single_noise_20260925/results/r21vgg2k_vgg16_bn_aa_s42/faces_rfwWM64/houses_yin64/results.csv,II
aa4,VGG2k / AA4,r21vgg2k_vgg16_bn_aa_s42,face_transfer,124,single_uu,RFW WM64,Houses,0.37,,50,within_sampled_range,II,113,62.5,runs/yin_single_noise_20260925/results/r21vgg2k_vgg16_bn_aa_s42/faces_rfwWM64/houses_yin64/results.csv,II
aa4,VGG2k / AA4,r21vgg2k_vgg16_bn_aa_s42,face_transfer,124,single_uu,RFW WM64,Houses,0.37,,50,within_sampled_range,II,114,83.33333333333334,runs/yin_single_noise_20260925/results/r21vgg2k_vgg16_bn_aa_s42/faces_rfwWM64/houses_yin64/results.csv,II
aa4,VGG2k / AA4,r21vgg2k_vgg16_bn_aa_s42,face_transfer,124,single_uu,RFW WM64,Houses,0.37,,50,within_sampled_range,II,115,66.66666666666666,runs/yin_single_noise_20260925/results/r21vgg2k_vgg16_bn_aa_s42/faces_rfwWM64/houses_yin64/results.csv,II
aa4,VGG2k / AA4,r21vgg2k_vgg16_bn_aa_s42,face_transfer,124,single_uu,RFW WM64,Houses,0.37,,50,within_sampled_range,II,116,79.16666666666666,runs/yin_single_noise_20260925/results/r21vgg2k_vgg16_bn_aa_s42/faces_rfwWM64/houses_yin64/results.csv,II
aa4,VGG2k / AA4,r21vgg2k_vgg16_bn_aa_s42,face_transfer,124,single_uu,RFW WM64,Houses,0.37,,50,within_sampled_range,II,117,70.83333333333334,runs/yin_single_noise_20260925/results/r21vgg2k_vgg16_bn_aa_s42/faces_rfwWM64/houses_yin64/results.csv,II
aa4,VGG2k / AA4,r21vgg2k_vgg16_bn_aa_s42,face_transfer,124,single_uu,RFW WM64,Houses,0.37,,50,within_sampled_range,II,118,75.0,runs/yin_single_noise_20260925/results/r21vgg2k_vgg16_bn_aa_s42/faces_rfwWM64/houses_yin64/results.csv,II
aa4,VGG2k / AA4,r21vgg2k_vgg16_bn_aa_s42,face_transfer,124,single_uu,RFW WM64,Houses,0.37,,50,within_sampled_range,II,119,62.5,runs/yin_single_noise_20260925/results/r21vgg2k_vgg16_bn_aa_s42/faces_rfwWM64/houses_yin64/results.csv,II
aa4,VGG2k / AA4,r21vgg2k_vgg16_bn_aa_s42,face_transfer,124,single_uu,RFW WM64,Houses,0.37,,50,within_sampled_range,II,120,70.83333333333334,runs/yin_single_noise_20260925/results/r21vgg2k_vgg16_bn_aa_s42/faces_rfwWM64/houses_yin64/results.csv,II
aa4,VGG2k / AA4,r21vgg2k_vgg16_bn_aa_s42,face_transfer,124,single_uu,RFW WM64,Houses,0.37,,50,within_sampled_range,II,121,62.5,runs/yin_single_noise_20260925/results/r21vgg2k_vgg16_bn_aa_s42/faces_rfwWM64/houses_yin64/results.csv,II
aa4,VGG2k / AA4,r21vgg2k_vgg16_bn_aa_s42,face_transfer,124,single_uu,RFW WM64,Houses,0.37,,50,within_sampled_range,II,122,62.5,runs/yin_single_noise_20260925/results/r21vgg2k_vgg16_bn_aa_s42/faces_rfwWM64/houses_yin64/results.csv,II
aa4,VGG2k / AA4,r21vgg2k_vgg16_bn_aa_s42,face_transfer,124,single_uu,RFW WM64,Houses,0.37,,50,within_sampled_range,II,123,79.16666666666666,runs/yin_single_noise_20260925/results/r21vgg2k_vgg16_bn_aa_s42/faces_rfwWM64/houses_yin64/results.csv,II
aa4,VGG2k / AA4,r21vgg2k_vgg16_bn_aa_s42,face_transfer,124,single_uu,RFW WM64,Houses,0.37,,50,within_sampled_range,II,124,70.83333333333334,runs/yin_single_noise_20260925/results/r21vgg2k_vgg16_bn_aa_s42/faces_rfwWM64/houses_yin64/results.csv,II
aa4,VGG2k / AA4,r21vgg2k_vgg16_bn_aa_s42,face_transfer,124,single_uu,RFW WM64,Houses,0.37,,50,within_sampled_range,II,125,79.16666666666666,runs/yin_single_noise_20260925/results/r21vgg2k_vgg16_bn_aa_s42/faces_rfwWM64/houses_yin64/results.csv,II
aa4,VGG2k / AA4,r21vgg2k_vgg16_bn_aa_s42,face_transfer,124,single_uu,RFW WM64,Houses,0.37,,50,within_sampled_range,II,126,66.66666666666666,runs/yin_single_noise_20260925/results/r21vgg2k_vgg16_bn_aa_s42/faces_rfwWM64/houses_yin64/results.csv,II
aa4,VGG2k / AA4,r21vgg2k_vgg16_bn_aa_s42,face_transfer,124,single_uu,RFW WM64,Houses,0.37,,50,within_sampled_range,II,127,66.66666666666666,runs/yin_single_noise_20260925/results/r21vgg2k_vgg16_bn_aa_s42/faces_rfwWM64/houses_yin64/results.csv,II
aa4,VGG2k / AA4,r21vgg2k_vgg16_bn_aa_s42,face_transfer,124,single_uu,RFW WM64,Houses,0.37,,50,within_sampled_range,II,128,66.66666666666666,runs/yin_single_noise_20260925/results/r21vgg2k_vgg16_bn_aa_s42/faces_rfwWM64/houses_yin64/results.csv,II
aa4,VGG2k / AA4,r21vgg2k_vgg16_bn_aa_s42,face_transfer,124,single_uu,RFW WM64,Houses,0.37,,50,within_sampled_range,II,129,79.16666666666666,runs/yin_single_noise_20260925/results/r21vgg2k_vgg16_bn_aa_s42/faces_rfwWM64/houses_yin64/results.csv,II
aa4,VGG2k / AA4,r21vgg2k_vgg16_bn_aa_s42,face_transfer,124,single_uu,RFW WM64,Houses,0.37,,50,within_sampled_range,II,130,70.83333333333334,runs/yin_single_noise_20260925/results/r21vgg2k_vgg16_bn_aa_s42/faces_rfwWM64/houses_yin64/results.csv,II
aa4,VGG2k / AA4,r21vgg2k_vgg16_bn_aa_s42,face_transfer,124,single_uu,RFW WM64,Houses,0.37,,50,within_sampled_range,II,131,83.33333333333334,runs/yin_single_noise_20260925/results/r21vgg2k_vgg16_bn_aa_s42/faces_rfwWM64/houses_yin64/results.csv,II
aa4,VGG2k / AA4,r21vgg2k_vgg16_bn_aa_s42,face_transfer,124,single_uu,RFW WM64,Houses,0.37,,50,within_sampled_range,II,132,75.0,runs/yin_single_noise_20260925/results/r21vgg2k_vgg16_bn_aa_s42/faces_rfwWM64/houses_yin64/results.csv,II
aa4,VGG2k / AA4,r21vgg2k_vgg16_bn_aa_s42,face_transfer,124,single_uu,RFW WM64,Houses,0.37,,50,within_sampled_range,II,133,75.0,runs/yin_single_noise_20260925/results/r21vgg2k_vgg16_bn_aa_s42/faces_rfwWM64/houses_yin64/results.csv,II
aa4,VGG2k / AA4,r21vgg2k_vgg16_bn_aa_s42,face_transfer,124,single_uu,RFW WM64,Houses,0.37,,50,within_sampled_range,II,134,75.0,runs/yin_single_noise_20260925/results/r21vgg2k_vgg16_bn_aa_s42/faces_rfwWM64/houses_yin64/results.csv,II
aa4,VGG2k / AA4,r21vgg2k_vgg16_bn_aa_s42,face_transfer,124,single_uu,RFW WM64,Houses,0.37,,50,within_sampled_range,II,135,70.83333333333334,runs/yin_single_noise_20260925/results/r21vgg2k_vgg16_bn_aa_s42/faces_rfwWM64/houses_yin64/results.csv,II
aa4,VGG2k / AA4,r21vgg2k_vgg16_bn_aa_s42,face_transfer,124,single_uu,RFW WM64,Houses,0.37,,50,within_sampled_range,II,136,70.83333333333334,runs/yin_single_noise_20260925/results/r21vgg2k_vgg16_bn_aa_s42/faces_rfwWM64/houses_yin64/results.csv,II
aa4,VGG2k / AA4,r21vgg2k_vgg16_bn_aa_s42,face_transfer,124,single_uu,RFW WM64,Houses,0.37,,50,within_sampled_range,II,137,70.83333333333334,runs/yin_single_noise_20260925/results/r21vgg2k_vgg16_bn_aa_s42/faces_rfwWM64/houses_yin64/results.csv,II
aa4,VGG2k / AA4,r21vgg2k_vgg16_bn_aa_s42,face_transfer,124,single_uu,RFW WM64,Houses,0.37,,50,within_sampled_range,II,138,66.66666666666666,runs/yin_single_noise_20260925/results/r21vgg2k_vgg16_bn_aa_s42/faces_rfwWM64/houses_yin64/results.csv,II
aa4,VGG2k / AA4,r21vgg2k_vgg16_bn_aa_s42,face_transfer,124,single_uu,RFW WM64,Houses,0.37,,50,within_sampled_range,II,139,50.0,runs/yin_single_noise_20260925/results/r21vgg2k_vgg16_bn_aa_s42/faces_rfwWM64/houses_yin64/results.csv,II
aa4,VGG2k / AA4,r21vgg2k_vgg16_bn_aa_s42,face_transfer,124,single_uu,RFW WM64,Houses,0.37,,50,within_sampled_range,II,140,66.66666666666666,runs/yin_single_noise_20260925/results/r21vgg2k_vgg16_bn_aa_s42/faces_rfwWM64/houses_yin64/results.csv,II
aa4,VGG2k / AA4,r21vgg2k_vgg16_bn_aa_s42,face_transfer,124,single_uu,RFW WM64,Houses,0.37,,50,within_sampled_range,II,141,70.83333333333334,runs/yin_single_noise_20260925/results/r21vgg2k_vgg16_bn_aa_s42/faces_rfwWM64/houses_yin64/results.csv,II
aa4,VGG2k / AA4,r21vgg2k_vgg16_bn_aa_s42,face_transfer,124,single_uu,RFW WM64,Houses,0.37,,50,within_sampled_range,II,142,62.5,runs/yin_single_noise_20260925/results/r21vgg2k_vgg16_bn_aa_s42/faces_rfwWM64/houses_yin64/results.csv,II
aa4,VGG2k / AA4,r21vgg2k_vgg16_bn_aa_s42,face_transfer,124,single_uu,RFW WM64,Houses,0.37,,50,within_sampled_range,II,143,66.66666666666666,runs/yin_single_noise_20260925/results/r21vgg2k_vgg16_bn_aa_s42/faces_rfwWM64/houses_yin64/results.csv,II
aa4,VGG2k / AA4,r21vgg2k_vgg16_bn_aa_s42,face_transfer,124,single_uu,RFW WM64,Houses,0.37,,50,within_sampled_range,II,144,70.83333333333334,runs/yin_single_noise_20260925/results/r21vgg2k_vgg16_bn_aa_s42/faces_rfwWM64/houses_yin64/results.csv,II
aa4,VGG2k / AA4,r21vgg2k_vgg16_bn_aa_s42,face_transfer,124,single_uu,RFW WM64,Houses,0.37,,50,within_sampled_range,II,145,75.0,runs/yin_single_noise_20260925/results/r21vgg2k_vgg16_bn_aa_s42/faces_rfwWM64/houses_yin64/results.csv,II
aa4,VGG2k / AA4,r21vgg2k_vgg16_bn_aa_s42,face_transfer,124,single_uu,RFW WM64,Houses,0.37,,50,within_sampled_range,II,146,83.33333333333334,runs/yin_single_noise_20260925/results/r21vgg2k_vgg16_bn_aa_s42/faces_rfwWM64/houses_yin64/results.csv,II
aa4,VGG2k / AA4,r21vgg2k_vgg16_bn_aa_s42,face_transfer,124,single_uu,RFW WM64,Houses,0.37,,50,within_sampled_range,II,147,70.83333333333334,runs/yin_single_noise_20260925/results/r21vgg2k_vgg16_bn_aa_s42/faces_rfwWM64/houses_yin64/results.csv,II
aa4,VGG2k / AA4,r21vgg2k_vgg16_bn_aa_s42,face_transfer,124,single_uu,RFW WM64,Houses,0.37,,50,within_sampled_range,II,148,70.83333333333334,runs/yin_single_noise_20260925/results/r21vgg2k_vgg16_bn_aa_s42/faces_rfwWM64/houses_yin64/results.csv,II
aa4,VGG2k / AA4,r21vgg2k_vgg16_bn_aa_s42,face_transfer,124,single_uu,RFW WM64,Houses,0.37,,50,within_sampled_range,II,149,62.5,runs/yin_single_noise_20260925/results/r21vgg2k_vgg16_bn_aa_s42/faces_rfwWM64/houses_yin64/results.csv,II
aa4,VGG2k / AA4,r21vgg2k_vgg16_bn_aa_s42,face_transfer,124,single_uu,RFW WM64,Houses,0.37,,50,within_sampled_range,II,150,83.33333333333334,runs/yin_single_noise_20260925/results/r21vgg2k_vgg16_bn_aa_s42/faces_rfwWM64/houses_yin64/results.csv,II
aa4,VGG2k / AA4,r21vgg2k_vgg16_bn_aa_s42,face_transfer,124,single_uu,RFW WM64,Houses,0.37,,50,within_sampled_range,UI,101,75.0,runs/yin_single_noise_20260925/results/r21vgg2k_vgg16_bn_aa_s42/faces_rfwWM64/houses_yin64/results.csv,UI
aa4,VGG2k / AA4,r21vgg2k_vgg16_bn_aa_s42,face_transfer,124,single_uu,RFW WM64,Houses,0.37,,50,within_sampled_range,UI,102,54.166666666666664,runs/yin_single_noise_20260925/results/r21vgg2k_vgg16_bn_aa_s42/faces_rfwWM64/houses_yin64/results.csv,UI
aa4,VGG2k / AA4,r21vgg2k_vgg16_bn_aa_s42,face_transfer,124,single_uu,RFW WM64,Houses,0.37,,50,within_sampled_range,UI,103,58.333333333333336,runs/yin_single_noise_20260925/results/r21vgg2k_vgg16_bn_aa_s42/faces_rfwWM64/houses_yin64/results.csv,UI
aa4,VGG2k / AA4,r21vgg2k_vgg16_bn_aa_s42,face_transfer,124,single_uu,RFW WM64,Houses,0.37,,50,within_sampled_range,UI,104,54.166666666666664,runs/yin_single_noise_20260925/results/r21vgg2k_vgg16_bn_aa_s42/faces_rfwWM64/houses_yin64/results.csv,UI
aa4,VGG2k / AA4,r21vgg2k_vgg16_bn_aa_s42,face_transfer,124,single_uu,RFW WM64,Houses,0.37,,50,within_sampled_range,UI,105,66.66666666666666,runs/yin_single_noise_20260925/results/r21vgg2k_vgg16_bn_aa_s42/faces_rfwWM64/houses_yin64/results.csv,UI
aa4,VGG2k / AA4,r21vgg2k_vgg16_bn_aa_s42,face_transfer,124,single_uu,RFW WM64,Houses,0.37,,50,within_sampled_range,UI,106,66.66666666666666,runs/yin_single_noise_20260925/results/r21vgg2k_vgg16_bn_aa_s42/faces_rfwWM64/houses_yin64/results.csv,UI
aa4,VGG2k / AA4,r21vgg2k_vgg16_bn_aa_s42,face_transfer,124,single_uu,RFW WM64,Houses,0.37,,50,within_sampled_range,UI,107,70.83333333333334,runs/yin_single_noise_20260925/results/r21vgg2k_vgg16_bn_aa_s42/faces_rfwWM64/houses_yin64/results.csv,UI
aa4,VGG2k / AA4,r21vgg2k_vgg16_bn_aa_s42,face_transfer,124,single_uu,RFW WM64,Houses,0.37,,50,within_sampled_range,UI,108,58.333333333333336,runs/yin_single_noise_20260925/results/r21vgg2k_vgg16_bn_aa_s42/faces_rfwWM64/houses_yin64/results.csv,UI
aa4,VGG2k / AA4,r21vgg2k_vgg16_bn_aa_s42,face_transfer,124,single_uu,RFW WM64,Houses,0.37,,50,within_sampled_range,UI,109,58.333333333333336,runs/yin_single_noise_20260925/results/r21vgg2k_vgg16_bn_aa_s42/faces_rfwWM64/houses_yin64/results.csv,UI
aa4,VGG2k / AA4,r21vgg2k_vgg16_bn_aa_s42,face_transfer,124,single_uu,RFW WM64,Houses,0.37,,50,within_sampled_range,UI,110,45.83333333333333,runs/yin_single_noise_20260925/results/r21vgg2k_vgg16_bn_aa_s42/faces_rfwWM64/houses_yin64/results.csv,UI
aa4,VGG2k / AA4,r21vgg2k_vgg16_bn_aa_s42,face_transfer,124,single_uu,RFW WM64,Houses,0.37,,50,within_sampled_range,UI,111,54.166666666666664,runs/yin_single_noise_20260925/results/r21vgg2k_vgg16_bn_aa_s42/faces_rfwWM64/houses_yin64/results.csv,UI
aa4,VGG2k / AA4,r21vgg2k_vgg16_bn_aa_s42,face_transfer,124,single_uu,RFW WM64,Houses,0.37,,50,within_sampled_range,UI,112,58.333333333333336,runs/yin_single_noise_20260925/results/r21vgg2k_vgg16_bn_aa_s42/faces_rfwWM64/houses_yin64/results.csv,UI
aa4,VGG2k / AA4,r21vgg2k_vgg16_bn_aa_s42,face_transfer,124,single_uu,RFW WM64,Houses,0.37,,50,within_sampled_range,UI,113,50.0,runs/yin_single_noise_20260925/results/r21vgg2k_vgg16_bn_aa_s42/faces_rfwWM64/houses_yin64/results.csv,UI
aa4,VGG2k / AA4,r21vgg2k_vgg16_bn_aa_s42,face_transfer,124,single_uu,RFW WM64,Houses,0.37,,50,within_sampled_range,UI,114,70.83333333333334,runs/yin_single_noise_20260925/results/r21vgg2k_vgg16_bn_aa_s42/faces_rfwWM64/houses_yin64/results.csv,UI
aa4,VGG2k / AA4,r21vgg2k_vgg16_bn_aa_s42,face_transfer,124,single_uu,RFW WM64,Houses,0.37,,50,within_sampled_range,UI,115,50.0,runs/yin_single_noise_20260925/results/r21vgg2k_vgg16_bn_aa_s42/faces_rfwWM64/houses_yin64/results.csv,UI
aa4,VGG2k / AA4,r21vgg2k_vgg16_bn_aa_s42,face_transfer,124,single_uu,RFW WM64,Houses,0.37,,50,within_sampled_range,UI,116,54.166666666666664,runs/yin_single_noise_20260925/results/r21vgg2k_vgg16_bn_aa_s42/faces_rfwWM64/houses_yin64/results.csv,UI
aa4,VGG2k / AA4,r21vgg2k_vgg16_bn_aa_s42,face_transfer,124,single_uu,RFW WM64,Houses,0.37,,50,within_sampled_range,UI,117,66.66666666666666,runs/yin_single_noise_20260925/results/r21vgg2k_vgg16_bn_aa_s42/faces_rfwWM64/houses_yin64/results.csv,UI
aa4,VGG2k / AA4,r21vgg2k_vgg16_bn_aa_s42,face_transfer,124,single_uu,RFW WM64,Houses,0.37,,50,within_sampled_range,UI,118,75.0,runs/yin_single_noise_20260925/results/r21vgg2k_vgg16_bn_aa_s42/faces_rfwWM64/houses_yin64/results.csv,UI
aa4,VGG2k / AA4,r21vgg2k_vgg16_bn_aa_s42,face_transfer,124,single_uu,RFW WM64,Houses,0.37,,50,within_sampled_range,UI,119,66.66666666666666,runs/yin_single_noise_20260925/results/r21vgg2k_vgg16_bn_aa_s42/faces_rfwWM64/houses_yin64/results.csv,UI
aa4,VGG2k / AA4,r21vgg2k_vgg16_bn_aa_s42,face_transfer,124,single_uu,RFW WM64,Houses,0.37,,50,within_sampled_range,UI,120,66.66666666666666,runs/yin_single_noise_20260925/results/r21vgg2k_vgg16_bn_aa_s42/faces_rfwWM64/houses_yin64/results.csv,UI
aa4,VGG2k / AA4,r21vgg2k_vgg16_bn_aa_s42,face_transfer,124,single_uu,RFW WM64,Houses,0.37,,50,within_sampled_range,UI,121,50.0,runs/yin_single_noise_20260925/results/r21vgg2k_vgg16_bn_aa_s42/faces_rfwWM64/houses_yin64/results.csv,UI
aa4,VGG2k / AA4,r21vgg2k_vgg16_bn_aa_s42,face_transfer,124,single_uu,RFW WM64,Houses,0.37,,50,within_sampled_range,UI,122,50.0,runs/yin_single_noise_20260925/results/r21vgg2k_vgg16_bn_aa_s42/faces_rfwWM64/houses_yin64/results.csv,UI
aa4,VGG2k / AA4,r21vgg2k_vgg16_bn_aa_s42,face_transfer,124,single_uu,RFW WM64,Houses,0.37,,50,within_sampled_range,UI,123,62.5,runs/yin_single_noise_20260925/results/r21vgg2k_vgg16_bn_aa_s42/faces_rfwWM64/houses_yin64/results.csv,UI
aa4,VGG2k / AA4,r21vgg2k_vgg16_bn_aa_s42,face_transfer,124,single_uu,RFW WM64,Houses,0.37,,50,within_sampled_range,UI,124,70.83333333333334,runs/yin_single_noise_20260925/results/r21vgg2k_vgg16_bn_aa_s42/faces_rfwWM64/houses_yin64/results.csv,UI
aa4,VGG2k / AA4,r21vgg2k_vgg16_bn_aa_s42,face_transfer,124,single_uu,RFW WM64,Houses,0.37,,50,within_sampled_range,UI,125,54.166666666666664,runs/yin_single_noise_20260925/results/r21vgg2k_vgg16_bn_aa_s42/faces_rfwWM64/houses_yin64/results.csv,UI
aa4,VGG2k / AA4,r21vgg2k_vgg16_bn_aa_s42,face_transfer,124,single_uu,RFW WM64,Houses,0.37,,50,within_sampled_range,UI,126,54.166666666666664,runs/yin_single_noise_20260925/results/r21vgg2k_vgg16_bn_aa_s42/faces_rfwWM64/houses_yin64/results.csv,UI
aa4,VGG2k / AA4,r21vgg2k_vgg16_bn_aa_s42,face_transfer,124,single_uu,RFW WM64,Houses,0.37,,50,within_sampled_range,UI,127,83.33333333333334,runs/yin_single_noise_20260925/results/r21vgg2k_vgg16_bn_aa_s42/faces_rfwWM64/houses_yin64/results.csv,UI
aa4,VGG2k / AA4,r21vgg2k_vgg16_bn_aa_s42,face_transfer,124,single_uu,RFW WM64,Houses,0.37,,50,within_sampled_range,UI,128,79.16666666666666,runs/yin_single_noise_20260925/results/r21vgg2k_vgg16_bn_aa_s42/faces_rfwWM64/houses_yin64/results.csv,UI
aa4,VGG2k / AA4,r21vgg2k_vgg16_bn_aa_s42,face_transfer,124,single_uu,RFW WM64,Houses,0.37,,50,within_sampled_range,UI,129,58.333333333333336,runs/yin_single_noise_20260925/results/r21vgg2k_vgg16_bn_aa_s42/faces_rfwWM64/houses_yin64/results.csv,UI
aa4,VGG2k / AA4,r21vgg2k_vgg16_bn_aa_s42,face_transfer,124,single_uu,RFW WM64,Houses,0.37,,50,within_sampled_range,UI,130,62.5,runs/yin_single_noise_20260925/results/r21vgg2k_vgg16_bn_aa_s42/faces_rfwWM64/houses_yin64/results.csv,UI
aa4,VGG2k / AA4,r21vgg2k_vgg16_bn_aa_s42,face_transfer,124,single_uu,RFW WM64,Houses,0.37,,50,within_sampled_range,UI,131,54.166666666666664,runs/yin_single_noise_20260925/results/r21vgg2k_vgg16_bn_aa_s42/faces_rfwWM64/houses_yin64/results.csv,UI
aa4,VGG2k / AA4,r21vgg2k_vgg16_bn_aa_s42,face_transfer,124,single_uu,RFW WM64,Houses,0.37,,50,within_sampled_range,UI,132,70.83333333333334,runs/yin_single_noise_20260925/results/r21vgg2k_vgg16_bn_aa_s42/faces_rfwWM64/houses_yin64/results.csv,UI
aa4,VGG2k / AA4,r21vgg2k_vgg16_bn_aa_s42,face_transfer,124,single_uu,RFW WM64,Houses,0.37,,50,within_sampled_range,UI,133,66.66666666666666,runs/yin_single_noise_20260925/results/r21vgg2k_vgg16_bn_aa_s42/faces_rfwWM64/houses_yin64/results.csv,UI
aa4,VGG2k / AA4,r21vgg2k_vgg16_bn_aa_s42,face_transfer,124,single_uu,RFW WM64,Houses,0.37,,50,within_sampled_range,UI,134,62.5,runs/yin_single_noise_20260925/results/r21vgg2k_vgg16_bn_aa_s42/faces_rfwWM64/houses_yin64/results.csv,UI
aa4,VGG2k / AA4,r21vgg2k_vgg16_bn_aa_s42,face_transfer,124,single_uu,RFW WM64,Houses,0.37,,50,within_sampled_range,UI,135,58.333333333333336,runs/yin_single_noise_20260925/results/r21vgg2k_vgg16_bn_aa_s42/faces_rfwWM64/houses_yin64/results.csv,UI
aa4,VGG2k / AA4,r21vgg2k_vgg16_bn_aa_s42,face_transfer,124,single_uu,RFW WM64,Houses,0.37,,50,within_sampled_range,UI,136,62.5,runs/yin_single_noise_20260925/results/r21vgg2k_vgg16_bn_aa_s42/faces_rfwWM64/houses_yin64/results.csv,UI
aa4,VGG2k / AA4,r21vgg2k_vgg16_bn_aa_s42,face_transfer,124,single_uu,RFW WM64,Houses,0.37,,50,within_sampled_range,UI,137,79.16666666666666,runs/yin_single_noise_20260925/results/r21vgg2k_vgg16_bn_aa_s42/faces_rfwWM64/houses_yin64/results.csv,UI
aa4,VGG2k / AA4,r21vgg2k_vgg16_bn_aa_s42,face_transfer,124,single_uu,RFW WM64,Houses,0.37,,50,within_sampled_range,UI,138,75.0,runs/yin_single_noise_20260925/results/r21vgg2k_vgg16_bn_aa_s42/faces_rfwWM64/houses_yin64/results.csv,UI
aa4,VGG2k / AA4,r21vgg2k_vgg16_bn_aa_s42,face_transfer,124,single_uu,RFW WM64,Houses,0.37,,50,within_sampled_range,UI,139,54.166666666666664,runs/yin_single_noise_20260925/results/r21vgg2k_vgg16_bn_aa_s42/faces_rfwWM64/houses_yin64/results.csv,UI
aa4,VGG2k / AA4,r21vgg2k_vgg16_bn_aa_s42,face_transfer,124,single_uu,RFW WM64,Houses,0.37,,50,within_sampled_range,UI,140,54.166666666666664,runs/yin_single_noise_20260925/results/r21vgg2k_vgg16_bn_aa_s42/faces_rfwWM64/houses_yin64/results.csv,UI
aa4,VGG2k / AA4,r21vgg2k_vgg16_bn_aa_s42,face_transfer,124,single_uu,RFW WM64,Houses,0.37,,50,within_sampled_range,UI,141,70.83333333333334,runs/yin_single_noise_20260925/results/r21vgg2k_vgg16_bn_aa_s42/faces_rfwWM64/houses_yin64/results.csv,UI
aa4,VGG2k / AA4,r21vgg2k_vgg16_bn_aa_s42,face_transfer,124,single_uu,RFW WM64,Houses,0.37,,50,within_sampled_range,UI,142,62.5,runs/yin_single_noise_20260925/results/r21vgg2k_vgg16_bn_aa_s42/faces_rfwWM64/houses_yin64/results.csv,UI
aa4,VGG2k / AA4,r21vgg2k_vgg16_bn_aa_s42,face_transfer,124,single_uu,RFW WM64,Houses,0.37,,50,within_sampled_range,UI,143,45.83333333333333,runs/yin_single_noise_20260925/results/r21vgg2k_vgg16_bn_aa_s42/faces_rfwWM64/houses_yin64/results.csv,UI
aa4,VGG2k / AA4,r21vgg2k_vgg16_bn_aa_s42,face_transfer,124,single_uu,RFW WM64,Houses,0.37,,50,within_sampled_range,UI,144,62.5,runs/yin_single_noise_20260925/results/r21vgg2k_vgg16_bn_aa_s42/faces_rfwWM64/houses_yin64/results.csv,UI
aa4,VGG2k / AA4,r21vgg2k_vgg16_bn_aa_s42,face_transfer,124,single_uu,RFW WM64,Houses,0.37,,50,within_sampled_range,UI,145,66.66666666666666,runs/yin_single_noise_20260925/results/r21vgg2k_vgg16_bn_aa_s42/faces_rfwWM64/houses_yin64/results.csv,UI
aa4,VGG2k / AA4,r21vgg2k_vgg16_bn_aa_s42,face_transfer,124,single_uu,RFW WM64,Houses,0.37,,50,within_sampled_range,UI,146,62.5,runs/yin_single_noise_20260925/results/r21vgg2k_vgg16_bn_aa_s42/faces_rfwWM64/houses_yin64/results.csv,UI
aa4,VGG2k / AA4,r21vgg2k_vgg16_bn_aa_s42,face_transfer,124,single_uu,RFW WM64,Houses,0.37,,50,within_sampled_range,UI,147,70.83333333333334,runs/yin_single_noise_20260925/results/r21vgg2k_vgg16_bn_aa_s42/faces_rfwWM64/houses_yin64/results.csv,UI
aa4,VGG2k / AA4,r21vgg2k_vgg16_bn_aa_s42,face_transfer,124,single_uu,RFW WM64,Houses,0.37,,50,within_sampled_range,UI,148,62.5,runs/yin_single_noise_20260925/results/r21vgg2k_vgg16_bn_aa_s42/faces_rfwWM64/houses_yin64/results.csv,UI
aa4,VGG2k / AA4,r21vgg2k_vgg16_bn_aa_s42,face_transfer,124,single_uu,RFW WM64,Houses,0.37,,50,within_sampled_range,UI,149,66.66666666666666,runs/yin_single_noise_20260925/results/r21vgg2k_vgg16_bn_aa_s42/faces_rfwWM64/houses_yin64/results.csv,UI
aa4,VGG2k / AA4,r21vgg2k_vgg16_bn_aa_s42,face_transfer,124,single_uu,RFW WM64,Houses,0.37,,50,within_sampled_range,UI,150,58.333333333333336,runs/yin_single_noise_20260925/results/r21vgg2k_vgg16_bn_aa_s42/faces_rfwWM64/houses_yin64/results.csv,UI
aa4,VGG2k / AA4,r21vgg2k_vgg16_bn_aa_s42,face_transfer,124,single_uu,RFW WM64,Houses,0.37,,50,within_sampled_range,IU,101,58.333333333333336,runs/yin_single_noise_20260925/results/r21vgg2k_vgg16_bn_aa_s42/faces_rfwWM64/houses_yin64/results.csv,IU
aa4,VGG2k / AA4,r21vgg2k_vgg16_bn_aa_s42,face_transfer,124,single_uu,RFW WM64,Houses,0.37,,50,within_sampled_range,IU,102,62.5,runs/yin_single_noise_20260925/results/r21vgg2k_vgg16_bn_aa_s42/faces_rfwWM64/houses_yin64/results.csv,IU
aa4,VGG2k / AA4,r21vgg2k_vgg16_bn_aa_s42,face_transfer,124,single_uu,RFW WM64,Houses,0.37,,50,within_sampled_range,IU,103,75.0,runs/yin_single_noise_20260925/results/r21vgg2k_vgg16_bn_aa_s42/faces_rfwWM64/houses_yin64/results.csv,IU
aa4,VGG2k / AA4,r21vgg2k_vgg16_bn_aa_s42,face_transfer,124,single_uu,RFW WM64,Houses,0.37,,50,within_sampled_range,IU,104,58.333333333333336,runs/yin_single_noise_20260925/results/r21vgg2k_vgg16_bn_aa_s42/faces_rfwWM64/houses_yin64/results.csv,IU
aa4,VGG2k / AA4,r21vgg2k_vgg16_bn_aa_s42,face_transfer,124,single_uu,RFW WM64,Houses,0.37,,50,within_sampled_range,IU,105,75.0,runs/yin_single_noise_20260925/results/r21vgg2k_vgg16_bn_aa_s42/faces_rfwWM64/houses_yin64/results.csv,IU
aa4,VGG2k / AA4,r21vgg2k_vgg16_bn_aa_s42,face_transfer,124,single_uu,RFW WM64,Houses,0.37,,50,within_sampled_range,IU,106,66.66666666666666,runs/yin_single_noise_20260925/results/r21vgg2k_vgg16_bn_aa_s42/faces_rfwWM64/houses_yin64/results.csv,IU
aa4,VGG2k / AA4,r21vgg2k_vgg16_bn_aa_s42,face_transfer,124,single_uu,RFW WM64,Houses,0.37,,50,within_sampled_range,IU,107,62.5,runs/yin_single_noise_20260925/results/r21vgg2k_vgg16_bn_aa_s42/faces_rfwWM64/houses_yin64/results.csv,IU
aa4,VGG2k / AA4,r21vgg2k_vgg16_bn_aa_s42,face_transfer,124,single_uu,RFW WM64,Houses,0.37,,50,within_sampled_range,IU,108,45.83333333333333,runs/yin_single_noise_20260925/results/r21vgg2k_vgg16_bn_aa_s42/faces_rfwWM64/houses_yin64/results.csv,IU
aa4,VGG2k / AA4,r21vgg2k_vgg16_bn_aa_s42,face_transfer,124,single_uu,RFW WM64,Houses,0.37,,50,within_sampled_range,IU,109,58.333333333333336,runs/yin_single_noise_20260925/results/r21vgg2k_vgg16_bn_aa_s42/faces_rfwWM64/houses_yin64/results.csv,IU
aa4,VGG2k / AA4,r21vgg2k_vgg16_bn_aa_s42,face_transfer,124,single_uu,RFW WM64,Houses,0.37,,50,within_sampled_range,IU,110,50.0,runs/yin_single_noise_20260925/results/r21vgg2k_vgg16_bn_aa_s42/faces_rfwWM64/houses_yin64/results.csv,IU
aa4,VGG2k / AA4,r21vgg2k_vgg16_bn_aa_s42,face_transfer,124,single_uu,RFW WM64,Houses,0.37,,50,within_sampled_range,IU,111,54.166666666666664,runs/yin_single_noise_20260925/results/r21vgg2k_vgg16_bn_aa_s42/faces_rfwWM64/houses_yin64/results.csv,IU
aa4,VGG2k / AA4,r21vgg2k_vgg16_bn_aa_s42,face_transfer,124,single_uu,RFW WM64,Houses,0.37,,50,within_sampled_range,IU,112,45.83333333333333,runs/yin_single_noise_20260925/results/r21vgg2k_vgg16_bn_aa_s42/faces_rfwWM64/houses_yin64/results.csv,IU
aa4,VGG2k / AA4,r21vgg2k_vgg16_bn_aa_s42,face_transfer,124,single_uu,RFW WM64,Houses,0.37,,50,within_sampled_range,IU,113,66.66666666666666,runs/yin_single_noise_20260925/results/r21vgg2k_vgg16_bn_aa_s42/faces_rfwWM64/houses_yin64/results.csv,IU
aa4,VGG2k / AA4,r21vgg2k_vgg16_bn_aa_s42,face_transfer,124,single_uu,RFW WM64,Houses,0.37,,50,within_sampled_range,IU,114,66.66666666666666,runs/yin_single_noise_20260925/results/r21vgg2k_vgg16_bn_aa_s42/faces_rfwWM64/houses_yin64/results.csv,IU
aa4,VGG2k / AA4,r21vgg2k_vgg16_bn_aa_s42,face_transfer,124,single_uu,RFW WM64,Houses,0.37,,50,within_sampled_range,IU,115,58.333333333333336,runs/yin_single_noise_20260925/results/r21vgg2k_vgg16_bn_aa_s42/faces_rfwWM64/houses_yin64/results.csv,IU
aa4,VGG2k / AA4,r21vgg2k_vgg16_bn_aa_s42,face_transfer,124,single_uu,RFW WM64,Houses,0.37,,50,within_sampled_range,IU,116,58.333333333333336,runs/yin_single_noise_20260925/results/r21vgg2k_vgg16_bn_aa_s42/faces_rfwWM64/houses_yin64/results.csv,IU
aa4,VGG2k / AA4,r21vgg2k_vgg16_bn_aa_s42,face_transfer,124,single_uu,RFW WM64,Houses,0.37,,50,within_sampled_range,IU,117,62.5,runs/yin_single_noise_20260925/results/r21vgg2k_vgg16_bn_aa_s42/faces_rfwWM64/houses_yin64/results.csv,IU
aa4,VGG2k / AA4,r21vgg2k_vgg16_bn_aa_s42,face_transfer,124,single_uu,RFW WM64,Houses,0.37,,50,within_sampled_range,IU,118,70.83333333333334,runs/yin_single_noise_20260925/results/r21vgg2k_vgg16_bn_aa_s42/faces_rfwWM64/houses_yin64/results.csv,IU
aa4,VGG2k / AA4,r21vgg2k_vgg16_bn_aa_s42,face_transfer,124,single_uu,RFW WM64,Houses,0.37,,50,within_sampled_range,IU,119,70.83333333333334,runs/yin_single_noise_20260925/results/r21vgg2k_vgg16_bn_aa_s42/faces_rfwWM64/houses_yin64/results.csv,IU
aa4,VGG2k / AA4,r21vgg2k_vgg16_bn_aa_s42,face_transfer,124,single_uu,RFW WM64,Houses,0.37,,50,within_sampled_range,IU,120,62.5,runs/yin_single_noise_20260925/results/r21vgg2k_vgg16_bn_aa_s42/faces_rfwWM64/houses_yin64/results.csv,IU
aa4,VGG2k / AA4,r21vgg2k_vgg16_bn_aa_s42,face_transfer,124,single_uu,RFW WM64,Houses,0.37,,50,within_sampled_range,IU,121,58.333333333333336,runs/yin_single_noise_20260925/results/r21vgg2k_vgg16_bn_aa_s42/faces_rfwWM64/houses_yin64/results.csv,IU
aa4,VGG2k / AA4,r21vgg2k_vgg16_bn_aa_s42,face_transfer,124,single_uu,RFW WM64,Houses,0.37,,50,within_sampled_range,IU,122,75.0,runs/yin_single_noise_20260925/results/r21vgg2k_vgg16_bn_aa_s42/faces_rfwWM64/houses_yin64/results.csv,IU
aa4,VGG2k / AA4,r21vgg2k_vgg16_bn_aa_s42,face_transfer,124,single_uu,RFW WM64,Houses,0.37,,50,within_sampled_range,IU,123,66.66666666666666,runs/yin_single_noise_20260925/results/r21vgg2k_vgg16_bn_aa_s42/faces_rfwWM64/houses_yin64/results.csv,IU
aa4,VGG2k / AA4,r21vgg2k_vgg16_bn_aa_s42,face_transfer,124,single_uu,RFW WM64,Houses,0.37,,50,within_sampled_range,IU,124,54.166666666666664,runs/yin_single_noise_20260925/results/r21vgg2k_vgg16_bn_aa_s42/faces_rfwWM64/houses_yin64/results.csv,IU
aa4,VGG2k / AA4,r21vgg2k_vgg16_bn_aa_s42,face_transfer,124,single_uu,RFW WM64,Houses,0.37,,50,within_sampled_range,IU,125,45.83333333333333,runs/yin_single_noise_20260925/results/r21vgg2k_vgg16_bn_aa_s42/faces_rfwWM64/houses_yin64/results.csv,IU
aa4,VGG2k / AA4,r21vgg2k_vgg16_bn_aa_s42,face_transfer,124,single_uu,RFW WM64,Houses,0.37,,50,within_sampled_range,IU,126,50.0,runs/yin_single_noise_20260925/results/r21vgg2k_vgg16_bn_aa_s42/faces_rfwWM64/houses_yin64/results.csv,IU
aa4,VGG2k / AA4,r21vgg2k_vgg16_bn_aa_s42,face_transfer,124,single_uu,RFW WM64,Houses,0.37,,50,within_sampled_range,IU,127,66.66666666666666,runs/yin_single_noise_20260925/results/r21vgg2k_vgg16_bn_aa_s42/faces_rfwWM64/houses_yin64/results.csv,IU
aa4,VGG2k / AA4,r21vgg2k_vgg16_bn_aa_s42,face_transfer,124,single_uu,RFW WM64,Houses,0.37,,50,within_sampled_range,IU,128,79.16666666666666,runs/yin_single_noise_20260925/results/r21vgg2k_vgg16_bn_aa_s42/faces_rfwWM64/houses_yin64/results.csv,IU
aa4,VGG2k / AA4,r21vgg2k_vgg16_bn_aa_s42,face_transfer,124,single_uu,RFW WM64,Houses,0.37,,50,within_sampled_range,IU,129,66.66666666666666,runs/yin_single_noise_20260925/results/r21vgg2k_vgg16_bn_aa_s42/faces_rfwWM64/houses_yin64/results.csv,IU
aa4,VGG2k / AA4,r21vgg2k_vgg16_bn_aa_s42,face_transfer,124,single_uu,RFW WM64,Houses,0.37,,50,within_sampled_range,IU,130,58.333333333333336,runs/yin_single_noise_20260925/results/r21vgg2k_vgg16_bn_aa_s42/faces_rfwWM64/houses_yin64/results.csv,IU
aa4,VGG2k / AA4,r21vgg2k_vgg16_bn_aa_s42,face_transfer,124,single_uu,RFW WM64,Houses,0.37,,50,within_sampled_range,IU,131,66.66666666666666,runs/yin_single_noise_20260925/results/r21vgg2k_vgg16_bn_aa_s42/faces_rfwWM64/houses_yin64/results.csv,IU
aa4,VGG2k / AA4,r21vgg2k_vgg16_bn_aa_s42,face_transfer,124,single_uu,RFW WM64,Houses,0.37,,50,within_sampled_range,IU,132,70.83333333333334,runs/yin_single_noise_20260925/results/r21vgg2k_vgg16_bn_aa_s42/faces_rfwWM64/houses_yin64/results.csv,IU
aa4,VGG2k / AA4,r21vgg2k_vgg16_bn_aa_s42,face_transfer,124,single_uu,RFW WM64,Houses,0.37,,50,within_sampled_range,IU,133,83.33333333333334,runs/yin_single_noise_20260925/results/r21vgg2k_vgg16_bn_aa_s42/faces_rfwWM64/houses_yin64/results.csv,IU
aa4,VGG2k / AA4,r21vgg2k_vgg16_bn_aa_s42,face_transfer,124,single_uu,RFW WM64,Houses,0.37,,50,within_sampled_range,IU,134,66.66666666666666,runs/yin_single_noise_20260925/results/r21vgg2k_vgg16_bn_aa_s42/faces_rfwWM64/houses_yin64/results.csv,IU
aa4,VGG2k / AA4,r21vgg2k_vgg16_bn_aa_s42,face_transfer,124,single_uu,RFW WM64,Houses,0.37,,50,within_sampled_range,IU,135,45.83333333333333,runs/yin_single_noise_20260925/results/r21vgg2k_vgg16_bn_aa_s42/faces_rfwWM64/houses_yin64/results.csv,IU
aa4,VGG2k / AA4,r21vgg2k_vgg16_bn_aa_s42,face_transfer,124,single_uu,RFW WM64,Houses,0.37,,50,within_sampled_range,IU,136,58.333333333333336,runs/yin_single_noise_20260925/results/r21vgg2k_vgg16_bn_aa_s42/faces_rfwWM64/houses_yin64/results.csv,IU
aa4,VGG2k / AA4,r21vgg2k_vgg16_bn_aa_s42,face_transfer,124,single_uu,RFW WM64,Houses,0.37,,50,within_sampled_range,IU,137,58.333333333333336,runs/yin_single_noise_20260925/results/r21vgg2k_vgg16_bn_aa_s42/faces_rfwWM64/houses_yin64/results.csv,IU
aa4,VGG2k / AA4,r21vgg2k_vgg16_bn_aa_s42,face_transfer,124,single_uu,RFW WM64,Houses,0.37,,50,within_sampled_range,IU,138,54.166666666666664,runs/yin_single_noise_20260925/results/r21vgg2k_vgg16_bn_aa_s42/faces_rfwWM64/houses_yin64/results.csv,IU
aa4,VGG2k / AA4,r21vgg2k_vgg16_bn_aa_s42,face_transfer,124,single_uu,RFW WM64,Houses,0.37,,50,within_sampled_range,IU,139,58.333333333333336,runs/yin_single_noise_20260925/results/r21vgg2k_vgg16_bn_aa_s42/faces_rfwWM64/houses_yin64/results.csv,IU
aa4,VGG2k / AA4,r21vgg2k_vgg16_bn_aa_s42,face_transfer,124,single_uu,RFW WM64,Houses,0.37,,50,within_sampled_range,IU,140,62.5,runs/yin_single_noise_20260925/results/r21vgg2k_vgg16_bn_aa_s42/faces_rfwWM64/houses_yin64/results.csv,IU
aa4,VGG2k / AA4,r21vgg2k_vgg16_bn_aa_s42,face_transfer,124,single_uu,RFW WM64,Houses,0.37,,50,within_sampled_range,IU,141,54.166666666666664,runs/yin_single_noise_20260925/results/r21vgg2k_vgg16_bn_aa_s42/faces_rfwWM64/houses_yin64/results.csv,IU
aa4,VGG2k / AA4,r21vgg2k_vgg16_bn_aa_s42,face_transfer,124,single_uu,RFW WM64,Houses,0.37,,50,within_sampled_range,IU,142,58.333333333333336,runs/yin_single_noise_20260925/results/r21vgg2k_vgg16_bn_aa_s42/faces_rfwWM64/houses_yin64/results.csv,IU
aa4,VGG2k / AA4,r21vgg2k_vgg16_bn_aa_s42,face_transfer,124,single_uu,RFW WM64,Houses,0.37,,50,within_sampled_range,IU,143,62.5,runs/yin_single_noise_20260925/results/r21vgg2k_vgg16_bn_aa_s42/faces_rfwWM64/houses_yin64/results.csv,IU
aa4,VGG2k / AA4,r21vgg2k_vgg16_bn_aa_s42,face_transfer,124,single_uu,RFW WM64,Houses,0.37,,50,within_sampled_range,IU,144,54.166666666666664,runs/yin_single_noise_20260925/results/r21vgg2k_vgg16_bn_aa_s42/faces_rfwWM64/houses_yin64/results.csv,IU
aa4,VGG2k / AA4,r21vgg2k_vgg16_bn_aa_s42,face_transfer,124,single_uu,RFW WM64,Houses,0.37,,50,within_sampled_range,IU,145,70.83333333333334,runs/yin_single_noise_20260925/results/r21vgg2k_vgg16_bn_aa_s42/faces_rfwWM64/houses_yin64/results.csv,IU
aa4,VGG2k / AA4,r21vgg2k_vgg16_bn_aa_s42,face_transfer,124,single_uu,RFW WM64,Houses,0.37,,50,within_sampled_range,IU,146,54.166666666666664,runs/yin_single_noise_20260925/results/r21vgg2k_vgg16_bn_aa_s42/faces_rfwWM64/houses_yin64/results.csv,IU
aa4,VGG2k / AA4,r21vgg2k_vgg16_bn_aa_s42,face_transfer,124,single_uu,RFW WM64,Houses,0.37,,50,within_sampled_range,IU,147,66.66666666666666,runs/yin_single_noise_20260925/results/r21vgg2k_vgg16_bn_aa_s42/faces_rfwWM64/houses_yin64/results.csv,IU
aa4,VGG2k / AA4,r21vgg2k_vgg16_bn_aa_s42,face_transfer,124,single_uu,RFW WM64,Houses,0.37,,50,within_sampled_range,IU,148,58.333333333333336,runs/yin_single_noise_20260925/results/r21vgg2k_vgg16_bn_aa_s42/faces_rfwWM64/houses_yin64/results.csv,IU
aa4,VGG2k / AA4,r21vgg2k_vgg16_bn_aa_s42,face_transfer,124,single_uu,RFW WM64,Houses,0.37,,50,within_sampled_range,IU,149,75.0,runs/yin_single_noise_20260925/results/r21vgg2k_vgg16_bn_aa_s42/faces_rfwWM64/houses_yin64/results.csv,IU
aa4,VGG2k / AA4,r21vgg2k_vgg16_bn_aa_s42,face_transfer,124,single_uu,RFW WM64,Houses,0.37,,50,within_sampled_range,IU,150,58.333333333333336,runs/yin_single_noise_20260925/results/r21vgg2k_vgg16_bn_aa_s42/faces_rfwWM64/houses_yin64/results.csv,IU
aa4,VGG2k / AA4,r21vgg2k_vgg16_bn_aa_s42,face_transfer,124,two_cross,RFW WM64,Houses,0.37,0.4,50,within_sampled_range,UU,101,66.66666666666666,runs/yin_noise_matrix_20260926/results/r21vgg2k_vgg16_bn_aa_s42/faces_rfwWM64/houses_yin64/results.csv,UU
aa4,VGG2k / AA4,r21vgg2k_vgg16_bn_aa_s42,face_transfer,124,two_cross,RFW WM64,Houses,0.37,0.4,50,within_sampled_range,UU,102,66.66666666666666,runs/yin_noise_matrix_20260926/results/r21vgg2k_vgg16_bn_aa_s42/faces_rfwWM64/houses_yin64/results.csv,UU
aa4,VGG2k / AA4,r21vgg2k_vgg16_bn_aa_s42,face_transfer,124,two_cross,RFW WM64,Houses,0.37,0.4,50,within_sampled_range,UU,103,58.333333333333336,runs/yin_noise_matrix_20260926/results/r21vgg2k_vgg16_bn_aa_s42/faces_rfwWM64/houses_yin64/results.csv,UU
aa4,VGG2k / AA4,r21vgg2k_vgg16_bn_aa_s42,face_transfer,124,two_cross,RFW WM64,Houses,0.37,0.4,50,within_sampled_range,UU,104,58.333333333333336,runs/yin_noise_matrix_20260926/results/r21vgg2k_vgg16_bn_aa_s42/faces_rfwWM64/houses_yin64/results.csv,UU
aa4,VGG2k / AA4,r21vgg2k_vgg16_bn_aa_s42,face_transfer,124,two_cross,RFW WM64,Houses,0.37,0.4,50,within_sampled_range,UU,105,75.0,runs/yin_noise_matrix_20260926/results/r21vgg2k_vgg16_bn_aa_s42/faces_rfwWM64/houses_yin64/results.csv,UU
aa4,VGG2k / AA4,r21vgg2k_vgg16_bn_aa_s42,face_transfer,124,two_cross,RFW WM64,Houses,0.37,0.4,50,within_sampled_range,UU,106,70.83333333333334,runs/yin_noise_matrix_20260926/results/r21vgg2k_vgg16_bn_aa_s42/faces_rfwWM64/houses_yin64/results.csv,UU
aa4,VGG2k / AA4,r21vgg2k_vgg16_bn_aa_s42,face_transfer,124,two_cross,RFW WM64,Houses,0.37,0.4,50,within_sampled_range,UU,107,66.66666666666666,runs/yin_noise_matrix_20260926/results/r21vgg2k_vgg16_bn_aa_s42/faces_rfwWM64/houses_yin64/results.csv,UU
aa4,VGG2k / AA4,r21vgg2k_vgg16_bn_aa_s42,face_transfer,124,two_cross,RFW WM64,Houses,0.37,0.4,50,within_sampled_range,UU,108,54.166666666666664,runs/yin_noise_matrix_20260926/results/r21vgg2k_vgg16_bn_aa_s42/faces_rfwWM64/houses_yin64/results.csv,UU
aa4,VGG2k / AA4,r21vgg2k_vgg16_bn_aa_s42,face_transfer,124,two_cross,RFW WM64,Houses,0.37,0.4,50,within_sampled_range,UU,109,66.66666666666666,runs/yin_noise_matrix_20260926/results/r21vgg2k_vgg16_bn_aa_s42/faces_rfwWM64/houses_yin64/results.csv,UU
aa4,VGG2k / AA4,r21vgg2k_vgg16_bn_aa_s42,face_transfer,124,two_cross,RFW WM64,Houses,0.37,0.4,50,within_sampled_range,UU,110,70.83333333333334,runs/yin_noise_matrix_20260926/results/r21vgg2k_vgg16_bn_aa_s42/faces_rfwWM64/houses_yin64/results.csv,UU
aa4,VGG2k / AA4,r21vgg2k_vgg16_bn_aa_s42,face_transfer,124,two_cross,RFW WM64,Houses,0.37,0.4,50,within_sampled_range,UU,111,75.0,runs/yin_noise_matrix_20260926/results/r21vgg2k_vgg16_bn_aa_s42/faces_rfwWM64/houses_yin64/results.csv,UU
aa4,VGG2k / AA4,r21vgg2k_vgg16_bn_aa_s42,face_transfer,124,two_cross,RFW WM64,Houses,0.37,0.4,50,within_sampled_range,UU,112,45.83333333333333,runs/yin_noise_matrix_20260926/results/r21vgg2k_vgg16_bn_aa_s42/faces_rfwWM64/houses_yin64/results.csv,UU
aa4,VGG2k / AA4,r21vgg2k_vgg16_bn_aa_s42,face_transfer,124,two_cross,RFW WM64,Houses,0.37,0.4,50,within_sampled_range,UU,113,70.83333333333334,runs/yin_noise_matrix_20260926/results/r21vgg2k_vgg16_bn_aa_s42/faces_rfwWM64/houses_yin64/results.csv,UU
aa4,VGG2k / AA4,r21vgg2k_vgg16_bn_aa_s42,face_transfer,124,two_cross,RFW WM64,Houses,0.37,0.4,50,within_sampled_range,UU,114,54.166666666666664,runs/yin_noise_matrix_20260926/results/r21vgg2k_vgg16_bn_aa_s42/faces_rfwWM64/houses_yin64/results.csv,UU
aa4,VGG2k / AA4,r21vgg2k_vgg16_bn_aa_s42,face_transfer,124,two_cross,RFW WM64,Houses,0.37,0.4,50,within_sampled_range,UU,115,54.166666666666664,runs/yin_noise_matrix_20260926/results/r21vgg2k_vgg16_bn_aa_s42/faces_rfwWM64/houses_yin64/results.csv,UU
aa4,VGG2k / AA4,r21vgg2k_vgg16_bn_aa_s42,face_transfer,124,two_cross,RFW WM64,Houses,0.37,0.4,50,within_sampled_range,UU,116,62.5,runs/yin_noise_matrix_20260926/results/r21vgg2k_vgg16_bn_aa_s42/faces_rfwWM64/houses_yin64/results.csv,UU
aa4,VGG2k / AA4,r21vgg2k_vgg16_bn_aa_s42,face_transfer,124,two_cross,RFW WM64,Houses,0.37,0.4,50,within_sampled_range,UU,117,70.83333333333334,runs/yin_noise_matrix_20260926/results/r21vgg2k_vgg16_bn_aa_s42/faces_rfwWM64/houses_yin64/results.csv,UU
aa4,VGG2k / AA4,r21vgg2k_vgg16_bn_aa_s42,face_transfer,124,two_cross,RFW WM64,Houses,0.37,0.4,50,within_sampled_range,UU,118,66.66666666666666,runs/yin_noise_matrix_20260926/results/r21vgg2k_vgg16_bn_aa_s42/faces_rfwWM64/houses_yin64/results.csv,UU
aa4,VGG2k / AA4,r21vgg2k_vgg16_bn_aa_s42,face_transfer,124,two_cross,RFW WM64,Houses,0.37,0.4,50,within_sampled_range,UU,119,54.166666666666664,runs/yin_noise_matrix_20260926/results/r21vgg2k_vgg16_bn_aa_s42/faces_rfwWM64/houses_yin64/results.csv,UU
aa4,VGG2k / AA4,r21vgg2k_vgg16_bn_aa_s42,face_transfer,124,two_cross,RFW WM64,Houses,0.37,0.4,50,within_sampled_range,UU,120,66.66666666666666,runs/yin_noise_matrix_20260926/results/r21vgg2k_vgg16_bn_aa_s42/faces_rfwWM64/houses_yin64/results.csv,UU
aa4,VGG2k / AA4,r21vgg2k_vgg16_bn_aa_s42,face_transfer,124,two_cross,RFW WM64,Houses,0.37,0.4,50,within_sampled_range,UU,121,66.66666666666666,runs/yin_noise_matrix_20260926/results/r21vgg2k_vgg16_bn_aa_s42/faces_rfwWM64/houses_yin64/results.csv,UU
aa4,VGG2k / AA4,r21vgg2k_vgg16_bn_aa_s42,face_transfer,124,two_cross,RFW WM64,Houses,0.37,0.4,50,within_sampled_range,UU,122,58.333333333333336,runs/yin_noise_matrix_20260926/results/r21vgg2k_vgg16_bn_aa_s42/faces_rfwWM64/houses_yin64/results.csv,UU
aa4,VGG2k / AA4,r21vgg2k_vgg16_bn_aa_s42,face_transfer,124,two_cross,RFW WM64,Houses,0.37,0.4,50,within_sampled_range,UU,123,79.16666666666666,runs/yin_noise_matrix_20260926/results/r21vgg2k_vgg16_bn_aa_s42/faces_rfwWM64/houses_yin64/results.csv,UU
aa4,VGG2k / AA4,r21vgg2k_vgg16_bn_aa_s42,face_transfer,124,two_cross,RFW WM64,Houses,0.37,0.4,50,within_sampled_range,UU,124,58.333333333333336,runs/yin_noise_matrix_20260926/results/r21vgg2k_vgg16_bn_aa_s42/faces_rfwWM64/houses_yin64/results.csv,UU
aa4,VGG2k / AA4,r21vgg2k_vgg16_bn_aa_s42,face_transfer,124,two_cross,RFW WM64,Houses,0.37,0.4,50,within_sampled_range,UU,125,50.0,runs/yin_noise_matrix_20260926/results/r21vgg2k_vgg16_bn_aa_s42/faces_rfwWM64/houses_yin64/results.csv,UU
aa4,VGG2k / AA4,r21vgg2k_vgg16_bn_aa_s42,face_transfer,124,two_cross,RFW WM64,Houses,0.37,0.4,50,within_sampled_range,UU,126,58.333333333333336,runs/yin_noise_matrix_20260926/results/r21vgg2k_vgg16_bn_aa_s42/faces_rfwWM64/houses_yin64/results.csv,UU
aa4,VGG2k / AA4,r21vgg2k_vgg16_bn_aa_s42,face_transfer,124,two_cross,RFW WM64,Houses,0.37,0.4,50,within_sampled_range,UU,127,75.0,runs/yin_noise_matrix_20260926/results/r21vgg2k_vgg16_bn_aa_s42/faces_rfwWM64/houses_yin64/results.csv,UU
aa4,VGG2k / AA4,r21vgg2k_vgg16_bn_aa_s42,face_transfer,124,two_cross,RFW WM64,Houses,0.37,0.4,50,within_sampled_range,UU,128,58.333333333333336,runs/yin_noise_matrix_20260926/results/r21vgg2k_vgg16_bn_aa_s42/faces_rfwWM64/houses_yin64/results.csv,UU
aa4,VGG2k / AA4,r21vgg2k_vgg16_bn_aa_s42,face_transfer,124,two_cross,RFW WM64,Houses,0.37,0.4,50,within_sampled_range,UU,129,62.5,runs/yin_noise_matrix_20260926/results/r21vgg2k_vgg16_bn_aa_s42/faces_rfwWM64/houses_yin64/results.csv,UU
aa4,VGG2k / AA4,r21vgg2k_vgg16_bn_aa_s42,face_transfer,124,two_cross,RFW WM64,Houses,0.37,0.4,50,within_sampled_range,UU,130,66.66666666666666,runs/yin_noise_matrix_20260926/results/r21vgg2k_vgg16_bn_aa_s42/faces_rfwWM64/houses_yin64/results.csv,UU
aa4,VGG2k / AA4,r21vgg2k_vgg16_bn_aa_s42,face_transfer,124,two_cross,RFW WM64,Houses,0.37,0.4,50,within_sampled_range,UU,131,79.16666666666666,runs/yin_noise_matrix_20260926/results/r21vgg2k_vgg16_bn_aa_s42/faces_rfwWM64/houses_yin64/results.csv,UU
aa4,VGG2k / AA4,r21vgg2k_vgg16_bn_aa_s42,face_transfer,124,two_cross,RFW WM64,Houses,0.37,0.4,50,within_sampled_range,UU,132,66.66666666666666,runs/yin_noise_matrix_20260926/results/r21vgg2k_vgg16_bn_aa_s42/faces_rfwWM64/houses_yin64/results.csv,UU
aa4,VGG2k / AA4,r21vgg2k_vgg16_bn_aa_s42,face_transfer,124,two_cross,RFW WM64,Houses,0.37,0.4,50,within_sampled_range,UU,133,70.83333333333334,runs/yin_noise_matrix_20260926/results/r21vgg2k_vgg16_bn_aa_s42/faces_rfwWM64/houses_yin64/results.csv,UU
aa4,VGG2k / AA4,r21vgg2k_vgg16_bn_aa_s42,face_transfer,124,two_cross,RFW WM64,Houses,0.37,0.4,50,within_sampled_range,UU,134,70.83333333333334,runs/yin_noise_matrix_20260926/results/r21vgg2k_vgg16_bn_aa_s42/faces_rfwWM64/houses_yin64/results.csv,UU
aa4,VGG2k / AA4,r21vgg2k_vgg16_bn_aa_s42,face_transfer,124,two_cross,RFW WM64,Houses,0.37,0.4,50,within_sampled_range,UU,135,50.0,runs/yin_noise_matrix_20260926/results/r21vgg2k_vgg16_bn_aa_s42/faces_rfwWM64/houses_yin64/results.csv,UU
aa4,VGG2k / AA4,r21vgg2k_vgg16_bn_aa_s42,face_transfer,124,two_cross,RFW WM64,Houses,0.37,0.4,50,within_sampled_range,UU,136,70.83333333333334,runs/yin_noise_matrix_20260926/results/r21vgg2k_vgg16_bn_aa_s42/faces_rfwWM64/houses_yin64/results.csv,UU
aa4,VGG2k / AA4,r21vgg2k_vgg16_bn_aa_s42,face_transfer,124,two_cross,RFW WM64,Houses,0.37,0.4,50,within_sampled_range,UU,137,54.166666666666664,runs/yin_noise_matrix_20260926/results/r21vgg2k_vgg16_bn_aa_s42/faces_rfwWM64/houses_yin64/results.csv,UU
aa4,VGG2k / AA4,r21vgg2k_vgg16_bn_aa_s42,face_transfer,124,two_cross,RFW WM64,Houses,0.37,0.4,50,within_sampled_range,UU,138,70.83333333333334,runs/yin_noise_matrix_20260926/results/r21vgg2k_vgg16_bn_aa_s42/faces_rfwWM64/houses_yin64/results.csv,UU
aa4,VGG2k / AA4,r21vgg2k_vgg16_bn_aa_s42,face_transfer,124,two_cross,RFW WM64,Houses,0.37,0.4,50,within_sampled_range,UU,139,54.166666666666664,runs/yin_noise_matrix_20260926/results/r21vgg2k_vgg16_bn_aa_s42/faces_rfwWM64/houses_yin64/results.csv,UU
aa4,VGG2k / AA4,r21vgg2k_vgg16_bn_aa_s42,face_transfer,124,two_cross,RFW WM64,Houses,0.37,0.4,50,within_sampled_range,UU,140,70.83333333333334,runs/yin_noise_matrix_20260926/results/r21vgg2k_vgg16_bn_aa_s42/faces_rfwWM64/houses_yin64/results.csv,UU
aa4,VGG2k / AA4,r21vgg2k_vgg16_bn_aa_s42,face_transfer,124,two_cross,RFW WM64,Houses,0.37,0.4,50,within_sampled_range,UU,141,70.83333333333334,runs/yin_noise_matrix_20260926/results/r21vgg2k_vgg16_bn_aa_s42/faces_rfwWM64/houses_yin64/results.csv,UU
aa4,VGG2k / AA4,r21vgg2k_vgg16_bn_aa_s42,face_transfer,124,two_cross,RFW WM64,Houses,0.37,0.4,50,within_sampled_range,UU,142,70.83333333333334,runs/yin_noise_matrix_20260926/results/r21vgg2k_vgg16_bn_aa_s42/faces_rfwWM64/houses_yin64/results.csv,UU
aa4,VGG2k / AA4,r21vgg2k_vgg16_bn_aa_s42,face_transfer,124,two_cross,RFW WM64,Houses,0.37,0.4,50,within_sampled_range,UU,143,75.0,runs/yin_noise_matrix_20260926/results/r21vgg2k_vgg16_bn_aa_s42/faces_rfwWM64/houses_yin64/results.csv,UU
aa4,VGG2k / AA4,r21vgg2k_vgg16_bn_aa_s42,face_transfer,124,two_cross,RFW WM64,Houses,0.37,0.4,50,within_sampled_range,UU,144,79.16666666666666,runs/yin_noise_matrix_20260926/results/r21vgg2k_vgg16_bn_aa_s42/faces_rfwWM64/houses_yin64/results.csv,UU
aa4,VGG2k / AA4,r21vgg2k_vgg16_bn_aa_s42,face_transfer,124,two_cross,RFW WM64,Houses,0.37,0.4,50,within_sampled_range,UU,145,62.5,runs/yin_noise_matrix_20260926/results/r21vgg2k_vgg16_bn_aa_s42/faces_rfwWM64/houses_yin64/results.csv,UU
aa4,VGG2k / AA4,r21vgg2k_vgg16_bn_aa_s42,face_transfer,124,two_cross,RFW WM64,Houses,0.37,0.4,50,within_sampled_range,UU,146,58.333333333333336,runs/yin_noise_matrix_20260926/results/r21vgg2k_vgg16_bn_aa_s42/faces_rfwWM64/houses_yin64/results.csv,UU
aa4,VGG2k / AA4,r21vgg2k_vgg16_bn_aa_s42,face_transfer,124,two_cross,RFW WM64,Houses,0.37,0.4,50,within_sampled_range,UU,147,75.0,runs/yin_noise_matrix_20260926/results/r21vgg2k_vgg16_bn_aa_s42/faces_rfwWM64/houses_yin64/results.csv,UU
aa4,VGG2k / AA4,r21vgg2k_vgg16_bn_aa_s42,face_transfer,124,two_cross,RFW WM64,Houses,0.37,0.4,50,within_sampled_range,UU,148,75.0,runs/yin_noise_matrix_20260926/results/r21vgg2k_vgg16_bn_aa_s42/faces_rfwWM64/houses_yin64/results.csv,UU
aa4,VGG2k / AA4,r21vgg2k_vgg16_bn_aa_s42,face_transfer,124,two_cross,RFW WM64,Houses,0.37,0.4,50,within_sampled_range,UU,149,58.333333333333336,runs/yin_noise_matrix_20260926/results/r21vgg2k_vgg16_bn_aa_s42/faces_rfwWM64/houses_yin64/results.csv,UU
aa4,VGG2k / AA4,r21vgg2k_vgg16_bn_aa_s42,face_transfer,124,two_cross,RFW WM64,Houses,0.37,0.4,50,within_sampled_range,UU,150,41.66666666666667,runs/yin_noise_matrix_20260926/results/r21vgg2k_vgg16_bn_aa_s42/faces_rfwWM64/houses_yin64/results.csv,UU
aa4,VGG2k / AA4,r21vgg2k_vgg16_bn_aa_s42,face_transfer,124,two_cross,RFW WM64,Houses,0.37,0.4,50,within_sampled_range,II,101,79.16666666666666,runs/yin_noise_matrix_20260926/results/r21vgg2k_vgg16_bn_aa_s42/faces_rfwWM64/houses_yin64/results.csv,II
aa4,VGG2k / AA4,r21vgg2k_vgg16_bn_aa_s42,face_transfer,124,two_cross,RFW WM64,Houses,0.37,0.4,50,within_sampled_range,II,102,62.5,runs/yin_noise_matrix_20260926/results/r21vgg2k_vgg16_bn_aa_s42/faces_rfwWM64/houses_yin64/results.csv,II
aa4,VGG2k / AA4,r21vgg2k_vgg16_bn_aa_s42,face_transfer,124,two_cross,RFW WM64,Houses,0.37,0.4,50,within_sampled_range,II,103,50.0,runs/yin_noise_matrix_20260926/results/r21vgg2k_vgg16_bn_aa_s42/faces_rfwWM64/houses_yin64/results.csv,II
aa4,VGG2k / AA4,r21vgg2k_vgg16_bn_aa_s42,face_transfer,124,two_cross,RFW WM64,Houses,0.37,0.4,50,within_sampled_range,II,104,62.5,runs/yin_noise_matrix_20260926/results/r21vgg2k_vgg16_bn_aa_s42/faces_rfwWM64/houses_yin64/results.csv,II
aa4,VGG2k / AA4,r21vgg2k_vgg16_bn_aa_s42,face_transfer,124,two_cross,RFW WM64,Houses,0.37,0.4,50,within_sampled_range,II,105,45.83333333333333,runs/yin_noise_matrix_20260926/results/r21vgg2k_vgg16_bn_aa_s42/faces_rfwWM64/houses_yin64/results.csv,II
aa4,VGG2k / AA4,r21vgg2k_vgg16_bn_aa_s42,face_transfer,124,two_cross,RFW WM64,Houses,0.37,0.4,50,within_sampled_range,II,106,50.0,runs/yin_noise_matrix_20260926/results/r21vgg2k_vgg16_bn_aa_s42/faces_rfwWM64/houses_yin64/results.csv,II
aa4,VGG2k / AA4,r21vgg2k_vgg16_bn_aa_s42,face_transfer,124,two_cross,RFW WM64,Houses,0.37,0.4,50,within_sampled_range,II,107,50.0,runs/yin_noise_matrix_20260926/results/r21vgg2k_vgg16_bn_aa_s42/faces_rfwWM64/houses_yin64/results.csv,II
aa4,VGG2k / AA4,r21vgg2k_vgg16_bn_aa_s42,face_transfer,124,two_cross,RFW WM64,Houses,0.37,0.4,50,within_sampled_range,II,108,54.166666666666664,runs/yin_noise_matrix_20260926/results/r21vgg2k_vgg16_bn_aa_s42/faces_rfwWM64/houses_yin64/results.csv,II
aa4,VGG2k / AA4,r21vgg2k_vgg16_bn_aa_s42,face_transfer,124,two_cross,RFW WM64,Houses,0.37,0.4,50,within_sampled_range,II,109,45.83333333333333,runs/yin_noise_matrix_20260926/results/r21vgg2k_vgg16_bn_aa_s42/faces_rfwWM64/houses_yin64/results.csv,II
aa4,VGG2k / AA4,r21vgg2k_vgg16_bn_aa_s42,face_transfer,124,two_cross,RFW WM64,Houses,0.37,0.4,50,within_sampled_range,II,110,41.66666666666667,runs/yin_noise_matrix_20260926/results/r21vgg2k_vgg16_bn_aa_s42/faces_rfwWM64/houses_yin64/results.csv,II
aa4,VGG2k / AA4,r21vgg2k_vgg16_bn_aa_s42,face_transfer,124,two_cross,RFW WM64,Houses,0.37,0.4,50,within_sampled_range,II,111,66.66666666666666,runs/yin_noise_matrix_20260926/results/r21vgg2k_vgg16_bn_aa_s42/faces_rfwWM64/houses_yin64/results.csv,II
aa4,VGG2k / AA4,r21vgg2k_vgg16_bn_aa_s42,face_transfer,124,two_cross,RFW WM64,Houses,0.37,0.4,50,within_sampled_range,II,112,66.66666666666666,runs/yin_noise_matrix_20260926/results/r21vgg2k_vgg16_bn_aa_s42/faces_rfwWM64/houses_yin64/results.csv,II
aa4,VGG2k / AA4,r21vgg2k_vgg16_bn_aa_s42,face_transfer,124,two_cross,RFW WM64,Houses,0.37,0.4,50,within_sampled_range,II,113,54.166666666666664,runs/yin_noise_matrix_20260926/results/r21vgg2k_vgg16_bn_aa_s42/faces_rfwWM64/houses_yin64/results.csv,II
aa4,VGG2k / AA4,r21vgg2k_vgg16_bn_aa_s42,face_transfer,124,two_cross,RFW WM64,Houses,0.37,0.4,50,within_sampled_range,II,114,62.5,runs/yin_noise_matrix_20260926/results/r21vgg2k_vgg16_bn_aa_s42/faces_rfwWM64/houses_yin64/results.csv,II
aa4,VGG2k / AA4,r21vgg2k_vgg16_bn_aa_s42,face_transfer,124,two_cross,RFW WM64,Houses,0.37,0.4,50,within_sampled_range,II,115,54.166666666666664,runs/yin_noise_matrix_20260926/results/r21vgg2k_vgg16_bn_aa_s42/faces_rfwWM64/houses_yin64/results.csv,II
aa4,VGG2k / AA4,r21vgg2k_vgg16_bn_aa_s42,face_transfer,124,two_cross,RFW WM64,Houses,0.37,0.4,50,within_sampled_range,II,116,66.66666666666666,runs/yin_noise_matrix_20260926/results/r21vgg2k_vgg16_bn_aa_s42/faces_rfwWM64/houses_yin64/results.csv,II
aa4,VGG2k / AA4,r21vgg2k_vgg16_bn_aa_s42,face_transfer,124,two_cross,RFW WM64,Houses,0.37,0.4,50,within_sampled_range,II,117,66.66666666666666,runs/yin_noise_matrix_20260926/results/r21vgg2k_vgg16_bn_aa_s42/faces_rfwWM64/houses_yin64/results.csv,II
aa4,VGG2k / AA4,r21vgg2k_vgg16_bn_aa_s42,face_transfer,124,two_cross,RFW WM64,Houses,0.37,0.4,50,within_sampled_range,II,118,70.83333333333334,runs/yin_noise_matrix_20260926/results/r21vgg2k_vgg16_bn_aa_s42/faces_rfwWM64/houses_yin64/results.csv,II
aa4,VGG2k / AA4,r21vgg2k_vgg16_bn_aa_s42,face_transfer,124,two_cross,RFW WM64,Houses,0.37,0.4,50,within_sampled_range,II,119,50.0,runs/yin_noise_matrix_20260926/results/r21vgg2k_vgg16_bn_aa_s42/faces_rfwWM64/houses_yin64/results.csv,II
aa4,VGG2k / AA4,r21vgg2k_vgg16_bn_aa_s42,face_transfer,124,two_cross,RFW WM64,Houses,0.37,0.4,50,within_sampled_range,II,120,62.5,runs/yin_noise_matrix_20260926/results/r21vgg2k_vgg16_bn_aa_s42/faces_rfwWM64/houses_yin64/results.csv,II
aa4,VGG2k / AA4,r21vgg2k_vgg16_bn_aa_s42,face_transfer,124,two_cross,RFW WM64,Houses,0.37,0.4,50,within_sampled_range,II,121,50.0,runs/yin_noise_matrix_20260926/results/r21vgg2k_vgg16_bn_aa_s42/faces_rfwWM64/houses_yin64/results.csv,II
aa4,VGG2k / AA4,r21vgg2k_vgg16_bn_aa_s42,face_transfer,124,two_cross,RFW WM64,Houses,0.37,0.4,50,within_sampled_range,II,122,66.66666666666666,runs/yin_noise_matrix_20260926/results/r21vgg2k_vgg16_bn_aa_s42/faces_rfwWM64/houses_yin64/results.csv,II
aa4,VGG2k / AA4,r21vgg2k_vgg16_bn_aa_s42,face_transfer,124,two_cross,RFW WM64,Houses,0.37,0.4,50,within_sampled_range,II,123,79.16666666666666,runs/yin_noise_matrix_20260926/results/r21vgg2k_vgg16_bn_aa_s42/faces_rfwWM64/houses_yin64/results.csv,II
aa4,VGG2k / AA4,r21vgg2k_vgg16_bn_aa_s42,face_transfer,124,two_cross,RFW WM64,Houses,0.37,0.4,50,within_sampled_range,II,124,66.66666666666666,runs/yin_noise_matrix_20260926/results/r21vgg2k_vgg16_bn_aa_s42/faces_rfwWM64/houses_yin64/results.csv,II
aa4,VGG2k / AA4,r21vgg2k_vgg16_bn_aa_s42,face_transfer,124,two_cross,RFW WM64,Houses,0.37,0.4,50,within_sampled_range,II,125,66.66666666666666,runs/yin_noise_matrix_20260926/results/r21vgg2k_vgg16_bn_aa_s42/faces_rfwWM64/houses_yin64/results.csv,II
aa4,VGG2k / AA4,r21vgg2k_vgg16_bn_aa_s42,face_transfer,124,two_cross,RFW WM64,Houses,0.37,0.4,50,within_sampled_range,II,126,66.66666666666666,runs/yin_noise_matrix_20260926/results/r21vgg2k_vgg16_bn_aa_s42/faces_rfwWM64/houses_yin64/results.csv,II
aa4,VGG2k / AA4,r21vgg2k_vgg16_bn_aa_s42,face_transfer,124,two_cross,RFW WM64,Houses,0.37,0.4,50,within_sampled_range,II,127,45.83333333333333,runs/yin_noise_matrix_20260926/results/r21vgg2k_vgg16_bn_aa_s42/faces_rfwWM64/houses_yin64/results.csv,II
aa4,VGG2k / AA4,r21vgg2k_vgg16_bn_aa_s42,face_transfer,124,two_cross,RFW WM64,Houses,0.37,0.4,50,within_sampled_range,II,128,58.333333333333336,runs/yin_noise_matrix_20260926/results/r21vgg2k_vgg16_bn_aa_s42/faces_rfwWM64/houses_yin64/results.csv,II
aa4,VGG2k / AA4,r21vgg2k_vgg16_bn_aa_s42,face_transfer,124,two_cross,RFW WM64,Houses,0.37,0.4,50,within_sampled_range,II,129,70.83333333333334,runs/yin_noise_matrix_20260926/results/r21vgg2k_vgg16_bn_aa_s42/faces_rfwWM64/houses_yin64/results.csv,II
aa4,VGG2k / AA4,r21vgg2k_vgg16_bn_aa_s42,face_transfer,124,two_cross,RFW WM64,Houses,0.37,0.4,50,within_sampled_range,II,130,66.66666666666666,runs/yin_noise_matrix_20260926/results/r21vgg2k_vgg16_bn_aa_s42/faces_rfwWM64/houses_yin64/results.csv,II
aa4,VGG2k / AA4,r21vgg2k_vgg16_bn_aa_s42,face_transfer,124,two_cross,RFW WM64,Houses,0.37,0.4,50,within_sampled_range,II,131,62.5,runs/yin_noise_matrix_20260926/results/r21vgg2k_vgg16_bn_aa_s42/faces_rfwWM64/houses_yin64/results.csv,II
aa4,VGG2k / AA4,r21vgg2k_vgg16_bn_aa_s42,face_transfer,124,two_cross,RFW WM64,Houses,0.37,0.4,50,within_sampled_range,II,132,58.333333333333336,runs/yin_noise_matrix_20260926/results/r21vgg2k_vgg16_bn_aa_s42/faces_rfwWM64/houses_yin64/results.csv,II
aa4,VGG2k / AA4,r21vgg2k_vgg16_bn_aa_s42,face_transfer,124,two_cross,RFW WM64,Houses,0.37,0.4,50,within_sampled_range,II,133,54.166666666666664,runs/yin_noise_matrix_20260926/results/r21vgg2k_vgg16_bn_aa_s42/faces_rfwWM64/houses_yin64/results.csv,II
aa4,VGG2k / AA4,r21vgg2k_vgg16_bn_aa_s42,face_transfer,124,two_cross,RFW WM64,Houses,0.37,0.4,50,within_sampled_range,II,134,62.5,runs/yin_noise_matrix_20260926/results/r21vgg2k_vgg16_bn_aa_s42/faces_rfwWM64/houses_yin64/results.csv,II
aa4,VGG2k / AA4,r21vgg2k_vgg16_bn_aa_s42,face_transfer,124,two_cross,RFW WM64,Houses,0.37,0.4,50,within_sampled_range,II,135,58.333333333333336,runs/yin_noise_matrix_20260926/results/r21vgg2k_vgg16_bn_aa_s42/faces_rfwWM64/houses_yin64/results.csv,II
aa4,VGG2k / AA4,r21vgg2k_vgg16_bn_aa_s42,face_transfer,124,two_cross,RFW WM64,Houses,0.37,0.4,50,within_sampled_range,II,136,66.66666666666666,runs/yin_noise_matrix_20260926/results/r21vgg2k_vgg16_bn_aa_s42/faces_rfwWM64/houses_yin64/results.csv,II
aa4,VGG2k / AA4,r21vgg2k_vgg16_bn_aa_s42,face_transfer,124,two_cross,RFW WM64,Houses,0.37,0.4,50,within_sampled_range,II,137,62.5,runs/yin_noise_matrix_20260926/results/r21vgg2k_vgg16_bn_aa_s42/faces_rfwWM64/houses_yin64/results.csv,II
aa4,VGG2k / AA4,r21vgg2k_vgg16_bn_aa_s42,face_transfer,124,two_cross,RFW WM64,Houses,0.37,0.4,50,within_sampled_range,II,138,58.333333333333336,runs/yin_noise_matrix_20260926/results/r21vgg2k_vgg16_bn_aa_s42/faces_rfwWM64/houses_yin64/results.csv,II
aa4,VGG2k / AA4,r21vgg2k_vgg16_bn_aa_s42,face_transfer,124,two_cross,RFW WM64,Houses,0.37,0.4,50,within_sampled_range,II,139,33.33333333333333,runs/yin_noise_matrix_20260926/results/r21vgg2k_vgg16_bn_aa_s42/faces_rfwWM64/houses_yin64/results.csv,II
aa4,VGG2k / AA4,r21vgg2k_vgg16_bn_aa_s42,face_transfer,124,two_cross,RFW WM64,Houses,0.37,0.4,50,within_sampled_range,II,140,75.0,runs/yin_noise_matrix_20260926/results/r21vgg2k_vgg16_bn_aa_s42/faces_rfwWM64/houses_yin64/results.csv,II
aa4,VGG2k / AA4,r21vgg2k_vgg16_bn_aa_s42,face_transfer,124,two_cross,RFW WM64,Houses,0.37,0.4,50,within_sampled_range,II,141,45.83333333333333,runs/yin_noise_matrix_20260926/results/r21vgg2k_vgg16_bn_aa_s42/faces_rfwWM64/houses_yin64/results.csv,II
aa4,VGG2k / AA4,r21vgg2k_vgg16_bn_aa_s42,face_transfer,124,two_cross,RFW WM64,Houses,0.37,0.4,50,within_sampled_range,II,142,75.0,runs/yin_noise_matrix_20260926/results/r21vgg2k_vgg16_bn_aa_s42/faces_rfwWM64/houses_yin64/results.csv,II
aa4,VGG2k / AA4,r21vgg2k_vgg16_bn_aa_s42,face_transfer,124,two_cross,RFW WM64,Houses,0.37,0.4,50,within_sampled_range,II,143,66.66666666666666,runs/yin_noise_matrix_20260926/results/r21vgg2k_vgg16_bn_aa_s42/faces_rfwWM64/houses_yin64/results.csv,II
aa4,VGG2k / AA4,r21vgg2k_vgg16_bn_aa_s42,face_transfer,124,two_cross,RFW WM64,Houses,0.37,0.4,50,within_sampled_range,II,144,79.16666666666666,runs/yin_noise_matrix_20260926/results/r21vgg2k_vgg16_bn_aa_s42/faces_rfwWM64/houses_yin64/results.csv,II
aa4,VGG2k / AA4,r21vgg2k_vgg16_bn_aa_s42,face_transfer,124,two_cross,RFW WM64,Houses,0.37,0.4,50,within_sampled_range,II,145,66.66666666666666,runs/yin_noise_matrix_20260926/results/r21vgg2k_vgg16_bn_aa_s42/faces_rfwWM64/houses_yin64/results.csv,II
aa4,VGG2k / AA4,r21vgg2k_vgg16_bn_aa_s42,face_transfer,124,two_cross,RFW WM64,Houses,0.37,0.4,50,within_sampled_range,II,146,75.0,runs/yin_noise_matrix_20260926/results/r21vgg2k_vgg16_bn_aa_s42/faces_rfwWM64/houses_yin64/results.csv,II
aa4,VGG2k / AA4,r21vgg2k_vgg16_bn_aa_s42,face_transfer,124,two_cross,RFW WM64,Houses,0.37,0.4,50,within_sampled_range,II,147,66.66666666666666,runs/yin_noise_matrix_20260926/results/r21vgg2k_vgg16_bn_aa_s42/faces_rfwWM64/houses_yin64/results.csv,II
aa4,VGG2k / AA4,r21vgg2k_vgg16_bn_aa_s42,face_transfer,124,two_cross,RFW WM64,Houses,0.37,0.4,50,within_sampled_range,II,148,58.333333333333336,runs/yin_noise_matrix_20260926/results/r21vgg2k_vgg16_bn_aa_s42/faces_rfwWM64/houses_yin64/results.csv,II
aa4,VGG2k / AA4,r21vgg2k_vgg16_bn_aa_s42,face_transfer,124,two_cross,RFW WM64,Houses,0.37,0.4,50,within_sampled_range,II,149,62.5,runs/yin_noise_matrix_20260926/results/r21vgg2k_vgg16_bn_aa_s42/faces_rfwWM64/houses_yin64/results.csv,II
aa4,VGG2k / AA4,r21vgg2k_vgg16_bn_aa_s42,face_transfer,124,two_cross,RFW WM64,Houses,0.37,0.4,50,within_sampled_range,II,150,75.0,runs/yin_noise_matrix_20260926/results/r21vgg2k_vgg16_bn_aa_s42/faces_rfwWM64/houses_yin64/results.csv,II
aa4,VGG2k / AA4,r21vgg2k_vgg16_bn_aa_s42,face_transfer,124,two_cross,RFW WM64,Houses,0.37,0.4,50,within_sampled_range,UI,101,70.83333333333334,runs/yin_noise_matrix_20260926/results/r21vgg2k_vgg16_bn_aa_s42/faces_rfwWM64/houses_yin64/results.csv,UI_cross
aa4,VGG2k / AA4,r21vgg2k_vgg16_bn_aa_s42,face_transfer,124,two_cross,RFW WM64,Houses,0.37,0.4,50,within_sampled_range,UI,102,41.66666666666667,runs/yin_noise_matrix_20260926/results/r21vgg2k_vgg16_bn_aa_s42/faces_rfwWM64/houses_yin64/results.csv,UI_cross
aa4,VGG2k / AA4,r21vgg2k_vgg16_bn_aa_s42,face_transfer,124,two_cross,RFW WM64,Houses,0.37,0.4,50,within_sampled_range,UI,103,54.166666666666664,runs/yin_noise_matrix_20260926/results/r21vgg2k_vgg16_bn_aa_s42/faces_rfwWM64/houses_yin64/results.csv,UI_cross
aa4,VGG2k / AA4,r21vgg2k_vgg16_bn_aa_s42,face_transfer,124,two_cross,RFW WM64,Houses,0.37,0.4,50,within_sampled_range,UI,104,54.166666666666664,runs/yin_noise_matrix_20260926/results/r21vgg2k_vgg16_bn_aa_s42/faces_rfwWM64/houses_yin64/results.csv,UI_cross
aa4,VGG2k / AA4,r21vgg2k_vgg16_bn_aa_s42,face_transfer,124,two_cross,RFW WM64,Houses,0.37,0.4,50,within_sampled_range,UI,105,62.5,runs/yin_noise_matrix_20260926/results/r21vgg2k_vgg16_bn_aa_s42/faces_rfwWM64/houses_yin64/results.csv,UI_cross
aa4,VGG2k / AA4,r21vgg2k_vgg16_bn_aa_s42,face_transfer,124,two_cross,RFW WM64,Houses,0.37,0.4,50,within_sampled_range,UI,106,58.333333333333336,runs/yin_noise_matrix_20260926/results/r21vgg2k_vgg16_bn_aa_s42/faces_rfwWM64/houses_yin64/results.csv,UI_cross
aa4,VGG2k / AA4,r21vgg2k_vgg16_bn_aa_s42,face_transfer,124,two_cross,RFW WM64,Houses,0.37,0.4,50,within_sampled_range,UI,107,62.5,runs/yin_noise_matrix_20260926/results/r21vgg2k_vgg16_bn_aa_s42/faces_rfwWM64/houses_yin64/results.csv,UI_cross
aa4,VGG2k / AA4,r21vgg2k_vgg16_bn_aa_s42,face_transfer,124,two_cross,RFW WM64,Houses,0.37,0.4,50,within_sampled_range,UI,108,70.83333333333334,runs/yin_noise_matrix_20260926/results/r21vgg2k_vgg16_bn_aa_s42/faces_rfwWM64/houses_yin64/results.csv,UI_cross
aa4,VGG2k / AA4,r21vgg2k_vgg16_bn_aa_s42,face_transfer,124,two_cross,RFW WM64,Houses,0.37,0.4,50,within_sampled_range,UI,109,54.166666666666664,runs/yin_noise_matrix_20260926/results/r21vgg2k_vgg16_bn_aa_s42/faces_rfwWM64/houses_yin64/results.csv,UI_cross
aa4,VGG2k / AA4,r21vgg2k_vgg16_bn_aa_s42,face_transfer,124,two_cross,RFW WM64,Houses,0.37,0.4,50,within_sampled_range,UI,110,45.83333333333333,runs/yin_noise_matrix_20260926/results/r21vgg2k_vgg16_bn_aa_s42/faces_rfwWM64/houses_yin64/results.csv,UI_cross
aa4,VGG2k / AA4,r21vgg2k_vgg16_bn_aa_s42,face_transfer,124,two_cross,RFW WM64,Houses,0.37,0.4,50,within_sampled_range,UI,111,58.333333333333336,runs/yin_noise_matrix_20260926/results/r21vgg2k_vgg16_bn_aa_s42/faces_rfwWM64/houses_yin64/results.csv,UI_cross
aa4,VGG2k / AA4,r21vgg2k_vgg16_bn_aa_s42,face_transfer,124,two_cross,RFW WM64,Houses,0.37,0.4,50,within_sampled_range,UI,112,54.166666666666664,runs/yin_noise_matrix_20260926/results/r21vgg2k_vgg16_bn_aa_s42/faces_rfwWM64/houses_yin64/results.csv,UI_cross
aa4,VGG2k / AA4,r21vgg2k_vgg16_bn_aa_s42,face_transfer,124,two_cross,RFW WM64,Houses,0.37,0.4,50,within_sampled_range,UI,113,50.0,runs/yin_noise_matrix_20260926/results/r21vgg2k_vgg16_bn_aa_s42/faces_rfwWM64/houses_yin64/results.csv,UI_cross
aa4,VGG2k / AA4,r21vgg2k_vgg16_bn_aa_s42,face_transfer,124,two_cross,RFW WM64,Houses,0.37,0.4,50,within_sampled_range,UI,114,70.83333333333334,runs/yin_noise_matrix_20260926/results/r21vgg2k_vgg16_bn_aa_s42/faces_rfwWM64/houses_yin64/results.csv,UI_cross
aa4,VGG2k / AA4,r21vgg2k_vgg16_bn_aa_s42,face_transfer,124,two_cross,RFW WM64,Houses,0.37,0.4,50,within_sampled_range,UI,115,33.33333333333333,runs/yin_noise_matrix_20260926/results/r21vgg2k_vgg16_bn_aa_s42/faces_rfwWM64/houses_yin64/results.csv,UI_cross
aa4,VGG2k / AA4,r21vgg2k_vgg16_bn_aa_s42,face_transfer,124,two_cross,RFW WM64,Houses,0.37,0.4,50,within_sampled_range,UI,116,50.0,runs/yin_noise_matrix_20260926/results/r21vgg2k_vgg16_bn_aa_s42/faces_rfwWM64/houses_yin64/results.csv,UI_cross
aa4,VGG2k / AA4,r21vgg2k_vgg16_bn_aa_s42,face_transfer,124,two_cross,RFW WM64,Houses,0.37,0.4,50,within_sampled_range,UI,117,58.333333333333336,runs/yin_noise_matrix_20260926/results/r21vgg2k_vgg16_bn_aa_s42/faces_rfwWM64/houses_yin64/results.csv,UI_cross
aa4,VGG2k / AA4,r21vgg2k_vgg16_bn_aa_s42,face_transfer,124,two_cross,RFW WM64,Houses,0.37,0.4,50,within_sampled_range,UI,118,66.66666666666666,runs/yin_noise_matrix_20260926/results/r21vgg2k_vgg16_bn_aa_s42/faces_rfwWM64/houses_yin64/results.csv,UI_cross
aa4,VGG2k / AA4,r21vgg2k_vgg16_bn_aa_s42,face_transfer,124,two_cross,RFW WM64,Houses,0.37,0.4,50,within_sampled_range,UI,119,66.66666666666666,runs/yin_noise_matrix_20260926/results/r21vgg2k_vgg16_bn_aa_s42/faces_rfwWM64/houses_yin64/results.csv,UI_cross
aa4,VGG2k / AA4,r21vgg2k_vgg16_bn_aa_s42,face_transfer,124,two_cross,RFW WM64,Houses,0.37,0.4,50,within_sampled_range,UI,120,58.333333333333336,runs/yin_noise_matrix_20260926/results/r21vgg2k_vgg16_bn_aa_s42/faces_rfwWM64/houses_yin64/results.csv,UI_cross
aa4,VGG2k / AA4,r21vgg2k_vgg16_bn_aa_s42,face_transfer,124,two_cross,RFW WM64,Houses,0.37,0.4,50,within_sampled_range,UI,121,54.166666666666664,runs/yin_noise_matrix_20260926/results/r21vgg2k_vgg16_bn_aa_s42/faces_rfwWM64/houses_yin64/results.csv,UI_cross
aa4,VGG2k / AA4,r21vgg2k_vgg16_bn_aa_s42,face_transfer,124,two_cross,RFW WM64,Houses,0.37,0.4,50,within_sampled_range,UI,122,54.166666666666664,runs/yin_noise_matrix_20260926/results/r21vgg2k_vgg16_bn_aa_s42/faces_rfwWM64/houses_yin64/results.csv,UI_cross
aa4,VGG2k / AA4,r21vgg2k_vgg16_bn_aa_s42,face_transfer,124,two_cross,RFW WM64,Houses,0.37,0.4,50,within_sampled_range,UI,123,62.5,runs/yin_noise_matrix_20260926/results/r21vgg2k_vgg16_bn_aa_s42/faces_rfwWM64/houses_yin64/results.csv,UI_cross
aa4,VGG2k / AA4,r21vgg2k_vgg16_bn_aa_s42,face_transfer,124,two_cross,RFW WM64,Houses,0.37,0.4,50,within_sampled_range,UI,124,70.83333333333334,runs/yin_noise_matrix_20260926/results/r21vgg2k_vgg16_bn_aa_s42/faces_rfwWM64/houses_yin64/results.csv,UI_cross
aa4,VGG2k / AA4,r21vgg2k_vgg16_bn_aa_s42,face_transfer,124,two_cross,RFW WM64,Houses,0.37,0.4,50,within_sampled_range,UI,125,50.0,runs/yin_noise_matrix_20260926/results/r21vgg2k_vgg16_bn_aa_s42/faces_rfwWM64/houses_yin64/results.csv,UI_cross
aa4,VGG2k / AA4,r21vgg2k_vgg16_bn_aa_s42,face_transfer,124,two_cross,RFW WM64,Houses,0.37,0.4,50,within_sampled_range,UI,126,45.83333333333333,runs/yin_noise_matrix_20260926/results/r21vgg2k_vgg16_bn_aa_s42/faces_rfwWM64/houses_yin64/results.csv,UI_cross
aa4,VGG2k / AA4,r21vgg2k_vgg16_bn_aa_s42,face_transfer,124,two_cross,RFW WM64,Houses,0.37,0.4,50,within_sampled_range,UI,127,79.16666666666666,runs/yin_noise_matrix_20260926/results/r21vgg2k_vgg16_bn_aa_s42/faces_rfwWM64/houses_yin64/results.csv,UI_cross
aa4,VGG2k / AA4,r21vgg2k_vgg16_bn_aa_s42,face_transfer,124,two_cross,RFW WM64,Houses,0.37,0.4,50,within_sampled_range,UI,128,87.5,runs/yin_noise_matrix_20260926/results/r21vgg2k_vgg16_bn_aa_s42/faces_rfwWM64/houses_yin64/results.csv,UI_cross
aa4,VGG2k / AA4,r21vgg2k_vgg16_bn_aa_s42,face_transfer,124,two_cross,RFW WM64,Houses,0.37,0.4,50,within_sampled_range,UI,129,58.333333333333336,runs/yin_noise_matrix_20260926/results/r21vgg2k_vgg16_bn_aa_s42/faces_rfwWM64/houses_yin64/results.csv,UI_cross
aa4,VGG2k / AA4,r21vgg2k_vgg16_bn_aa_s42,face_transfer,124,two_cross,RFW WM64,Houses,0.37,0.4,50,within_sampled_range,UI,130,62.5,runs/yin_noise_matrix_20260926/results/r21vgg2k_vgg16_bn_aa_s42/faces_rfwWM64/houses_yin64/results.csv,UI_cross
aa4,VGG2k / AA4,r21vgg2k_vgg16_bn_aa_s42,face_transfer,124,two_cross,RFW WM64,Houses,0.37,0.4,50,within_sampled_range,UI,131,54.166666666666664,runs/yin_noise_matrix_20260926/results/r21vgg2k_vgg16_bn_aa_s42/faces_rfwWM64/houses_yin64/results.csv,UI_cross
aa4,VGG2k / AA4,r21vgg2k_vgg16_bn_aa_s42,face_transfer,124,two_cross,RFW WM64,Houses,0.37,0.4,50,within_sampled_range,UI,132,62.5,runs/yin_noise_matrix_20260926/results/r21vgg2k_vgg16_bn_aa_s42/faces_rfwWM64/houses_yin64/results.csv,UI_cross
aa4,VGG2k / AA4,r21vgg2k_vgg16_bn_aa_s42,face_transfer,124,two_cross,RFW WM64,Houses,0.37,0.4,50,within_sampled_range,UI,133,62.5,runs/yin_noise_matrix_20260926/results/r21vgg2k_vgg16_bn_aa_s42/faces_rfwWM64/houses_yin64/results.csv,UI_cross
aa4,VGG2k / AA4,r21vgg2k_vgg16_bn_aa_s42,face_transfer,124,two_cross,RFW WM64,Houses,0.37,0.4,50,within_sampled_range,UI,134,58.333333333333336,runs/yin_noise_matrix_20260926/results/r21vgg2k_vgg16_bn_aa_s42/faces_rfwWM64/houses_yin64/results.csv,UI_cross
aa4,VGG2k / AA4,r21vgg2k_vgg16_bn_aa_s42,face_transfer,124,two_cross,RFW WM64,Houses,0.37,0.4,50,within_sampled_range,UI,135,54.166666666666664,runs/yin_noise_matrix_20260926/results/r21vgg2k_vgg16_bn_aa_s42/faces_rfwWM64/houses_yin64/results.csv,UI_cross
aa4,VGG2k / AA4,r21vgg2k_vgg16_bn_aa_s42,face_transfer,124,two_cross,RFW WM64,Houses,0.37,0.4,50,within_sampled_range,UI,136,58.333333333333336,runs/yin_noise_matrix_20260926/results/r21vgg2k_vgg16_bn_aa_s42/faces_rfwWM64/houses_yin64/results.csv,UI_cross
aa4,VGG2k / AA4,r21vgg2k_vgg16_bn_aa_s42,face_transfer,124,two_cross,RFW WM64,Houses,0.37,0.4,50,within_sampled_range,UI,137,79.16666666666666,runs/yin_noise_matrix_20260926/results/r21vgg2k_vgg16_bn_aa_s42/faces_rfwWM64/houses_yin64/results.csv,UI_cross
aa4,VGG2k / AA4,r21vgg2k_vgg16_bn_aa_s42,face_transfer,124,two_cross,RFW WM64,Houses,0.37,0.4,50,within_sampled_range,UI,138,66.66666666666666,runs/yin_noise_matrix_20260926/results/r21vgg2k_vgg16_bn_aa_s42/faces_rfwWM64/houses_yin64/results.csv,UI_cross
aa4,VGG2k / AA4,r21vgg2k_vgg16_bn_aa_s42,face_transfer,124,two_cross,RFW WM64,Houses,0.37,0.4,50,within_sampled_range,UI,139,50.0,runs/yin_noise_matrix_20260926/results/r21vgg2k_vgg16_bn_aa_s42/faces_rfwWM64/houses_yin64/results.csv,UI_cross
aa4,VGG2k / AA4,r21vgg2k_vgg16_bn_aa_s42,face_transfer,124,two_cross,RFW WM64,Houses,0.37,0.4,50,within_sampled_range,UI,140,41.66666666666667,runs/yin_noise_matrix_20260926/results/r21vgg2k_vgg16_bn_aa_s42/faces_rfwWM64/houses_yin64/results.csv,UI_cross
aa4,VGG2k / AA4,r21vgg2k_vgg16_bn_aa_s42,face_transfer,124,two_cross,RFW WM64,Houses,0.37,0.4,50,within_sampled_range,UI,141,62.5,runs/yin_noise_matrix_20260926/results/r21vgg2k_vgg16_bn_aa_s42/faces_rfwWM64/houses_yin64/results.csv,UI_cross
aa4,VGG2k / AA4,r21vgg2k_vgg16_bn_aa_s42,face_transfer,124,two_cross,RFW WM64,Houses,0.37,0.4,50,within_sampled_range,UI,142,50.0,runs/yin_noise_matrix_20260926/results/r21vgg2k_vgg16_bn_aa_s42/faces_rfwWM64/houses_yin64/results.csv,UI_cross
aa4,VGG2k / AA4,r21vgg2k_vgg16_bn_aa_s42,face_transfer,124,two_cross,RFW WM64,Houses,0.37,0.4,50,within_sampled_range,UI,143,50.0,runs/yin_noise_matrix_20260926/results/r21vgg2k_vgg16_bn_aa_s42/faces_rfwWM64/houses_yin64/results.csv,UI_cross
aa4,VGG2k / AA4,r21vgg2k_vgg16_bn_aa_s42,face_transfer,124,two_cross,RFW WM64,Houses,0.37,0.4,50,within_sampled_range,UI,144,66.66666666666666,runs/yin_noise_matrix_20260926/results/r21vgg2k_vgg16_bn_aa_s42/faces_rfwWM64/houses_yin64/results.csv,UI_cross
aa4,VGG2k / AA4,r21vgg2k_vgg16_bn_aa_s42,face_transfer,124,two_cross,RFW WM64,Houses,0.37,0.4,50,within_sampled_range,UI,145,66.66666666666666,runs/yin_noise_matrix_20260926/results/r21vgg2k_vgg16_bn_aa_s42/faces_rfwWM64/houses_yin64/results.csv,UI_cross
aa4,VGG2k / AA4,r21vgg2k_vgg16_bn_aa_s42,face_transfer,124,two_cross,RFW WM64,Houses,0.37,0.4,50,within_sampled_range,UI,146,54.166666666666664,runs/yin_noise_matrix_20260926/results/r21vgg2k_vgg16_bn_aa_s42/faces_rfwWM64/houses_yin64/results.csv,UI_cross
aa4,VGG2k / AA4,r21vgg2k_vgg16_bn_aa_s42,face_transfer,124,two_cross,RFW WM64,Houses,0.37,0.4,50,within_sampled_range,UI,147,79.16666666666666,runs/yin_noise_matrix_20260926/results/r21vgg2k_vgg16_bn_aa_s42/faces_rfwWM64/houses_yin64/results.csv,UI_cross
aa4,VGG2k / AA4,r21vgg2k_vgg16_bn_aa_s42,face_transfer,124,two_cross,RFW WM64,Houses,0.37,0.4,50,within_sampled_range,UI,148,45.83333333333333,runs/yin_noise_matrix_20260926/results/r21vgg2k_vgg16_bn_aa_s42/faces_rfwWM64/houses_yin64/results.csv,UI_cross
aa4,VGG2k / AA4,r21vgg2k_vgg16_bn_aa_s42,face_transfer,124,two_cross,RFW WM64,Houses,0.37,0.4,50,within_sampled_range,UI,149,62.5,runs/yin_noise_matrix_20260926/results/r21vgg2k_vgg16_bn_aa_s42/faces_rfwWM64/houses_yin64/results.csv,UI_cross
aa4,VGG2k / AA4,r21vgg2k_vgg16_bn_aa_s42,face_transfer,124,two_cross,RFW WM64,Houses,0.37,0.4,50,within_sampled_range,UI,150,66.66666666666666,runs/yin_noise_matrix_20260926/results/r21vgg2k_vgg16_bn_aa_s42/faces_rfwWM64/houses_yin64/results.csv,UI_cross
aa4,VGG2k / AA4,r21vgg2k_vgg16_bn_aa_s42,face_transfer,124,two_cross,RFW WM64,Houses,0.37,0.4,50,within_sampled_range,IU,101,58.333333333333336,runs/yin_noise_matrix_20260926/results/r21vgg2k_vgg16_bn_aa_s42/faces_rfwWM64/houses_yin64/results.csv,IU
aa4,VGG2k / AA4,r21vgg2k_vgg16_bn_aa_s42,face_transfer,124,two_cross,RFW WM64,Houses,0.37,0.4,50,within_sampled_range,IU,102,45.83333333333333,runs/yin_noise_matrix_20260926/results/r21vgg2k_vgg16_bn_aa_s42/faces_rfwWM64/houses_yin64/results.csv,IU
aa4,VGG2k / AA4,r21vgg2k_vgg16_bn_aa_s42,face_transfer,124,two_cross,RFW WM64,Houses,0.37,0.4,50,within_sampled_range,IU,103,66.66666666666666,runs/yin_noise_matrix_20260926/results/r21vgg2k_vgg16_bn_aa_s42/faces_rfwWM64/houses_yin64/results.csv,IU
aa4,VGG2k / AA4,r21vgg2k_vgg16_bn_aa_s42,face_transfer,124,two_cross,RFW WM64,Houses,0.37,0.4,50,within_sampled_range,IU,104,45.83333333333333,runs/yin_noise_matrix_20260926/results/r21vgg2k_vgg16_bn_aa_s42/faces_rfwWM64/houses_yin64/results.csv,IU
aa4,VGG2k / AA4,r21vgg2k_vgg16_bn_aa_s42,face_transfer,124,two_cross,RFW WM64,Houses,0.37,0.4,50,within_sampled_range,IU,105,58.333333333333336,runs/yin_noise_matrix_20260926/results/r21vgg2k_vgg16_bn_aa_s42/faces_rfwWM64/houses_yin64/results.csv,IU
aa4,VGG2k / AA4,r21vgg2k_vgg16_bn_aa_s42,face_transfer,124,two_cross,RFW WM64,Houses,0.37,0.4,50,within_sampled_range,IU,106,41.66666666666667,runs/yin_noise_matrix_20260926/results/r21vgg2k_vgg16_bn_aa_s42/faces_rfwWM64/houses_yin64/results.csv,IU
aa4,VGG2k / AA4,r21vgg2k_vgg16_bn_aa_s42,face_transfer,124,two_cross,RFW WM64,Houses,0.37,0.4,50,within_sampled_range,IU,107,50.0,runs/yin_noise_matrix_20260926/results/r21vgg2k_vgg16_bn_aa_s42/faces_rfwWM64/houses_yin64/results.csv,IU
aa4,VGG2k / AA4,r21vgg2k_vgg16_bn_aa_s42,face_transfer,124,two_cross,RFW WM64,Houses,0.37,0.4,50,within_sampled_range,IU,108,41.66666666666667,runs/yin_noise_matrix_20260926/results/r21vgg2k_vgg16_bn_aa_s42/faces_rfwWM64/houses_yin64/results.csv,IU
aa4,VGG2k / AA4,r21vgg2k_vgg16_bn_aa_s42,face_transfer,124,two_cross,RFW WM64,Houses,0.37,0.4,50,within_sampled_range,IU,109,54.166666666666664,runs/yin_noise_matrix_20260926/results/r21vgg2k_vgg16_bn_aa_s42/faces_rfwWM64/houses_yin64/results.csv,IU
aa4,VGG2k / AA4,r21vgg2k_vgg16_bn_aa_s42,face_transfer,124,two_cross,RFW WM64,Houses,0.37,0.4,50,within_sampled_range,IU,110,54.166666666666664,runs/yin_noise_matrix_20260926/results/r21vgg2k_vgg16_bn_aa_s42/faces_rfwWM64/houses_yin64/results.csv,IU
aa4,VGG2k / AA4,r21vgg2k_vgg16_bn_aa_s42,face_transfer,124,two_cross,RFW WM64,Houses,0.37,0.4,50,within_sampled_range,IU,111,45.83333333333333,runs/yin_noise_matrix_20260926/results/r21vgg2k_vgg16_bn_aa_s42/faces_rfwWM64/houses_yin64/results.csv,IU
aa4,VGG2k / AA4,r21vgg2k_vgg16_bn_aa_s42,face_transfer,124,two_cross,RFW WM64,Houses,0.37,0.4,50,within_sampled_range,IU,112,45.83333333333333,runs/yin_noise_matrix_20260926/results/r21vgg2k_vgg16_bn_aa_s42/faces_rfwWM64/houses_yin64/results.csv,IU
aa4,VGG2k / AA4,r21vgg2k_vgg16_bn_aa_s42,face_transfer,124,two_cross,RFW WM64,Houses,0.37,0.4,50,within_sampled_range,IU,113,58.333333333333336,runs/yin_noise_matrix_20260926/results/r21vgg2k_vgg16_bn_aa_s42/faces_rfwWM64/houses_yin64/results.csv,IU
aa4,VGG2k / AA4,r21vgg2k_vgg16_bn_aa_s42,face_transfer,124,two_cross,RFW WM64,Houses,0.37,0.4,50,within_sampled_range,IU,114,66.66666666666666,runs/yin_noise_matrix_20260926/results/r21vgg2k_vgg16_bn_aa_s42/faces_rfwWM64/houses_yin64/results.csv,IU
aa4,VGG2k / AA4,r21vgg2k_vgg16_bn_aa_s42,face_transfer,124,two_cross,RFW WM64,Houses,0.37,0.4,50,within_sampled_range,IU,115,75.0,runs/yin_noise_matrix_20260926/results/r21vgg2k_vgg16_bn_aa_s42/faces_rfwWM64/houses_yin64/results.csv,IU
aa4,VGG2k / AA4,r21vgg2k_vgg16_bn_aa_s42,face_transfer,124,two_cross,RFW WM64,Houses,0.37,0.4,50,within_sampled_range,IU,116,37.5,runs/yin_noise_matrix_20260926/results/r21vgg2k_vgg16_bn_aa_s42/faces_rfwWM64/houses_yin64/results.csv,IU
aa4,VGG2k / AA4,r21vgg2k_vgg16_bn_aa_s42,face_transfer,124,two_cross,RFW WM64,Houses,0.37,0.4,50,within_sampled_range,IU,117,54.166666666666664,runs/yin_noise_matrix_20260926/results/r21vgg2k_vgg16_bn_aa_s42/faces_rfwWM64/houses_yin64/results.csv,IU
aa4,VGG2k / AA4,r21vgg2k_vgg16_bn_aa_s42,face_transfer,124,two_cross,RFW WM64,Houses,0.37,0.4,50,within_sampled_range,IU,118,66.66666666666666,runs/yin_noise_matrix_20260926/results/r21vgg2k_vgg16_bn_aa_s42/faces_rfwWM64/houses_yin64/results.csv,IU
aa4,VGG2k / AA4,r21vgg2k_vgg16_bn_aa_s42,face_transfer,124,two_cross,RFW WM64,Houses,0.37,0.4,50,within_sampled_range,IU,119,66.66666666666666,runs/yin_noise_matrix_20260926/results/r21vgg2k_vgg16_bn_aa_s42/faces_rfwWM64/houses_yin64/results.csv,IU
aa4,VGG2k / AA4,r21vgg2k_vgg16_bn_aa_s42,face_transfer,124,two_cross,RFW WM64,Houses,0.37,0.4,50,within_sampled_range,IU,120,54.166666666666664,runs/yin_noise_matrix_20260926/results/r21vgg2k_vgg16_bn_aa_s42/faces_rfwWM64/houses_yin64/results.csv,IU
aa4,VGG2k / AA4,r21vgg2k_vgg16_bn_aa_s42,face_transfer,124,two_cross,RFW WM64,Houses,0.37,0.4,50,within_sampled_range,IU,121,58.333333333333336,runs/yin_noise_matrix_20260926/results/r21vgg2k_vgg16_bn_aa_s42/faces_rfwWM64/houses_yin64/results.csv,IU
aa4,VGG2k / AA4,r21vgg2k_vgg16_bn_aa_s42,face_transfer,124,two_cross,RFW WM64,Houses,0.37,0.4,50,within_sampled_range,IU,122,62.5,runs/yin_noise_matrix_20260926/results/r21vgg2k_vgg16_bn_aa_s42/faces_rfwWM64/houses_yin64/results.csv,IU
aa4,VGG2k / AA4,r21vgg2k_vgg16_bn_aa_s42,face_transfer,124,two_cross,RFW WM64,Houses,0.37,0.4,50,within_sampled_range,IU,123,50.0,runs/yin_noise_matrix_20260926/results/r21vgg2k_vgg16_bn_aa_s42/faces_rfwWM64/houses_yin64/results.csv,IU
aa4,VGG2k / AA4,r21vgg2k_vgg16_bn_aa_s42,face_transfer,124,two_cross,RFW WM64,Houses,0.37,0.4,50,within_sampled_range,IU,124,45.83333333333333,runs/yin_noise_matrix_20260926/results/r21vgg2k_vgg16_bn_aa_s42/faces_rfwWM64/houses_yin64/results.csv,IU
aa4,VGG2k / AA4,r21vgg2k_vgg16_bn_aa_s42,face_transfer,124,two_cross,RFW WM64,Houses,0.37,0.4,50,within_sampled_range,IU,125,41.66666666666667,runs/yin_noise_matrix_20260926/results/r21vgg2k_vgg16_bn_aa_s42/faces_rfwWM64/houses_yin64/results.csv,IU
aa4,VGG2k / AA4,r21vgg2k_vgg16_bn_aa_s42,face_transfer,124,two_cross,RFW WM64,Houses,0.37,0.4,50,within_sampled_range,IU,126,54.166666666666664,runs/yin_noise_matrix_20260926/results/r21vgg2k_vgg16_bn_aa_s42/faces_rfwWM64/houses_yin64/results.csv,IU
aa4,VGG2k / AA4,r21vgg2k_vgg16_bn_aa_s42,face_transfer,124,two_cross,RFW WM64,Houses,0.37,0.4,50,within_sampled_range,IU,127,66.66666666666666,runs/yin_noise_matrix_20260926/results/r21vgg2k_vgg16_bn_aa_s42/faces_rfwWM64/houses_yin64/results.csv,IU
aa4,VGG2k / AA4,r21vgg2k_vgg16_bn_aa_s42,face_transfer,124,two_cross,RFW WM64,Houses,0.37,0.4,50,within_sampled_range,IU,128,70.83333333333334,runs/yin_noise_matrix_20260926/results/r21vgg2k_vgg16_bn_aa_s42/faces_rfwWM64/houses_yin64/results.csv,IU
aa4,VGG2k / AA4,r21vgg2k_vgg16_bn_aa_s42,face_transfer,124,two_cross,RFW WM64,Houses,0.37,0.4,50,within_sampled_range,IU,129,58.333333333333336,runs/yin_noise_matrix_20260926/results/r21vgg2k_vgg16_bn_aa_s42/faces_rfwWM64/houses_yin64/results.csv,IU
aa4,VGG2k / AA4,r21vgg2k_vgg16_bn_aa_s42,face_transfer,124,two_cross,RFW WM64,Houses,0.37,0.4,50,within_sampled_range,IU,130,45.83333333333333,runs/yin_noise_matrix_20260926/results/r21vgg2k_vgg16_bn_aa_s42/faces_rfwWM64/houses_yin64/results.csv,IU
aa4,VGG2k / AA4,r21vgg2k_vgg16_bn_aa_s42,face_transfer,124,two_cross,RFW WM64,Houses,0.37,0.4,50,within_sampled_range,IU,131,54.166666666666664,runs/yin_noise_matrix_20260926/results/r21vgg2k_vgg16_bn_aa_s42/faces_rfwWM64/houses_yin64/results.csv,IU
aa4,VGG2k / AA4,r21vgg2k_vgg16_bn_aa_s42,face_transfer,124,two_cross,RFW WM64,Houses,0.37,0.4,50,within_sampled_range,IU,132,66.66666666666666,runs/yin_noise_matrix_20260926/results/r21vgg2k_vgg16_bn_aa_s42/faces_rfwWM64/houses_yin64/results.csv,IU
aa4,VGG2k / AA4,r21vgg2k_vgg16_bn_aa_s42,face_transfer,124,two_cross,RFW WM64,Houses,0.37,0.4,50,within_sampled_range,IU,133,75.0,runs/yin_noise_matrix_20260926/results/r21vgg2k_vgg16_bn_aa_s42/faces_rfwWM64/houses_yin64/results.csv,IU
aa4,VGG2k / AA4,r21vgg2k_vgg16_bn_aa_s42,face_transfer,124,two_cross,RFW WM64,Houses,0.37,0.4,50,within_sampled_range,IU,134,66.66666666666666,runs/yin_noise_matrix_20260926/results/r21vgg2k_vgg16_bn_aa_s42/faces_rfwWM64/houses_yin64/results.csv,IU
aa4,VGG2k / AA4,r21vgg2k_vgg16_bn_aa_s42,face_transfer,124,two_cross,RFW WM64,Houses,0.37,0.4,50,within_sampled_range,IU,135,37.5,runs/yin_noise_matrix_20260926/results/r21vgg2k_vgg16_bn_aa_s42/faces_rfwWM64/houses_yin64/results.csv,IU
aa4,VGG2k / AA4,r21vgg2k_vgg16_bn_aa_s42,face_transfer,124,two_cross,RFW WM64,Houses,0.37,0.4,50,within_sampled_range,IU,136,62.5,runs/yin_noise_matrix_20260926/results/r21vgg2k_vgg16_bn_aa_s42/faces_rfwWM64/houses_yin64/results.csv,IU
aa4,VGG2k / AA4,r21vgg2k_vgg16_bn_aa_s42,face_transfer,124,two_cross,RFW WM64,Houses,0.37,0.4,50,within_sampled_range,IU,137,58.333333333333336,runs/yin_noise_matrix_20260926/results/r21vgg2k_vgg16_bn_aa_s42/faces_rfwWM64/houses_yin64/results.csv,IU
aa4,VGG2k / AA4,r21vgg2k_vgg16_bn_aa_s42,face_transfer,124,two_cross,RFW WM64,Houses,0.37,0.4,50,within_sampled_range,IU,138,70.83333333333334,runs/yin_noise_matrix_20260926/results/r21vgg2k_vgg16_bn_aa_s42/faces_rfwWM64/houses_yin64/results.csv,IU
aa4,VGG2k / AA4,r21vgg2k_vgg16_bn_aa_s42,face_transfer,124,two_cross,RFW WM64,Houses,0.37,0.4,50,within_sampled_range,IU,139,37.5,runs/yin_noise_matrix_20260926/results/r21vgg2k_vgg16_bn_aa_s42/faces_rfwWM64/houses_yin64/results.csv,IU
aa4,VGG2k / AA4,r21vgg2k_vgg16_bn_aa_s42,face_transfer,124,two_cross,RFW WM64,Houses,0.37,0.4,50,within_sampled_range,IU,140,50.0,runs/yin_noise_matrix_20260926/results/r21vgg2k_vgg16_bn_aa_s42/faces_rfwWM64/houses_yin64/results.csv,IU
aa4,VGG2k / AA4,r21vgg2k_vgg16_bn_aa_s42,face_transfer,124,two_cross,RFW WM64,Houses,0.37,0.4,50,within_sampled_range,IU,141,41.66666666666667,runs/yin_noise_matrix_20260926/results/r21vgg2k_vgg16_bn_aa_s42/faces_rfwWM64/houses_yin64/results.csv,IU
aa4,VGG2k / AA4,r21vgg2k_vgg16_bn_aa_s42,face_transfer,124,two_cross,RFW WM64,Houses,0.37,0.4,50,within_sampled_range,IU,142,50.0,runs/yin_noise_matrix_20260926/results/r21vgg2k_vgg16_bn_aa_s42/faces_rfwWM64/houses_yin64/results.csv,IU
aa4,VGG2k / AA4,r21vgg2k_vgg16_bn_aa_s42,face_transfer,124,two_cross,RFW WM64,Houses,0.37,0.4,50,within_sampled_range,IU,143,50.0,runs/yin_noise_matrix_20260926/results/r21vgg2k_vgg16_bn_aa_s42/faces_rfwWM64/houses_yin64/results.csv,IU
aa4,VGG2k / AA4,r21vgg2k_vgg16_bn_aa_s42,face_transfer,124,two_cross,RFW WM64,Houses,0.37,0.4,50,within_sampled_range,IU,144,33.33333333333333,runs/yin_noise_matrix_20260926/results/r21vgg2k_vgg16_bn_aa_s42/faces_rfwWM64/houses_yin64/results.csv,IU
aa4,VGG2k / AA4,r21vgg2k_vgg16_bn_aa_s42,face_transfer,124,two_cross,RFW WM64,Houses,0.37,0.4,50,within_sampled_range,IU,145,58.333333333333336,runs/yin_noise_matrix_20260926/results/r21vgg2k_vgg16_bn_aa_s42/faces_rfwWM64/houses_yin64/results.csv,IU
aa4,VGG2k / AA4,r21vgg2k_vgg16_bn_aa_s42,face_transfer,124,two_cross,RFW WM64,Houses,0.37,0.4,50,within_sampled_range,IU,146,62.5,runs/yin_noise_matrix_20260926/results/r21vgg2k_vgg16_bn_aa_s42/faces_rfwWM64/houses_yin64/results.csv,IU
aa4,VGG2k / AA4,r21vgg2k_vgg16_bn_aa_s42,face_transfer,124,two_cross,RFW WM64,Houses,0.37,0.4,50,within_sampled_range,IU,147,54.166666666666664,runs/yin_noise_matrix_20260926/results/r21vgg2k_vgg16_bn_aa_s42/faces_rfwWM64/houses_yin64/results.csv,IU
aa4,VGG2k / AA4,r21vgg2k_vgg16_bn_aa_s42,face_transfer,124,two_cross,RFW WM64,Houses,0.37,0.4,50,within_sampled_range,IU,148,50.0,runs/yin_noise_matrix_20260926/results/r21vgg2k_vgg16_bn_aa_s42/faces_rfwWM64/houses_yin64/results.csv,IU
aa4,VGG2k / AA4,r21vgg2k_vgg16_bn_aa_s42,face_transfer,124,two_cross,RFW WM64,Houses,0.37,0.4,50,within_sampled_range,IU,149,79.16666666666666,runs/yin_noise_matrix_20260926/results/r21vgg2k_vgg16_bn_aa_s42/faces_rfwWM64/houses_yin64/results.csv,IU
aa4,VGG2k / AA4,r21vgg2k_vgg16_bn_aa_s42,face_transfer,124,two_cross,RFW WM64,Houses,0.37,0.4,50,within_sampled_range,IU,150,54.166666666666664,runs/yin_noise_matrix_20260926/results/r21vgg2k_vgg16_bn_aa_s42/faces_rfwWM64/houses_yin64/results.csv,IU
aa4,VGG2k / AA4,r21vgg2k_vgg16_bn_aa_s42,face_transfer,124,two_shared_ui,RFW WM64,Houses,0.37,0.4,50,within_sampled_range,UU,101,66.66666666666666,runs/yin_noise_matrix_20260926/results/r21vgg2k_vgg16_bn_aa_s42/faces_rfwWM64/houses_yin64/results.csv,UU
aa4,VGG2k / AA4,r21vgg2k_vgg16_bn_aa_s42,face_transfer,124,two_shared_ui,RFW WM64,Houses,0.37,0.4,50,within_sampled_range,UU,102,66.66666666666666,runs/yin_noise_matrix_20260926/results/r21vgg2k_vgg16_bn_aa_s42/faces_rfwWM64/houses_yin64/results.csv,UU
aa4,VGG2k / AA4,r21vgg2k_vgg16_bn_aa_s42,face_transfer,124,two_shared_ui,RFW WM64,Houses,0.37,0.4,50,within_sampled_range,UU,103,58.333333333333336,runs/yin_noise_matrix_20260926/results/r21vgg2k_vgg16_bn_aa_s42/faces_rfwWM64/houses_yin64/results.csv,UU
aa4,VGG2k / AA4,r21vgg2k_vgg16_bn_aa_s42,face_transfer,124,two_shared_ui,RFW WM64,Houses,0.37,0.4,50,within_sampled_range,UU,104,58.333333333333336,runs/yin_noise_matrix_20260926/results/r21vgg2k_vgg16_bn_aa_s42/faces_rfwWM64/houses_yin64/results.csv,UU
aa4,VGG2k / AA4,r21vgg2k_vgg16_bn_aa_s42,face_transfer,124,two_shared_ui,RFW WM64,Houses,0.37,0.4,50,within_sampled_range,UU,105,75.0,runs/yin_noise_matrix_20260926/results/r21vgg2k_vgg16_bn_aa_s42/faces_rfwWM64/houses_yin64/results.csv,UU
aa4,VGG2k / AA4,r21vgg2k_vgg16_bn_aa_s42,face_transfer,124,two_shared_ui,RFW WM64,Houses,0.37,0.4,50,within_sampled_range,UU,106,70.83333333333334,runs/yin_noise_matrix_20260926/results/r21vgg2k_vgg16_bn_aa_s42/faces_rfwWM64/houses_yin64/results.csv,UU
aa4,VGG2k / AA4,r21vgg2k_vgg16_bn_aa_s42,face_transfer,124,two_shared_ui,RFW WM64,Houses,0.37,0.4,50,within_sampled_range,UU,107,66.66666666666666,runs/yin_noise_matrix_20260926/results/r21vgg2k_vgg16_bn_aa_s42/faces_rfwWM64/houses_yin64/results.csv,UU
aa4,VGG2k / AA4,r21vgg2k_vgg16_bn_aa_s42,face_transfer,124,two_shared_ui,RFW WM64,Houses,0.37,0.4,50,within_sampled_range,UU,108,54.166666666666664,runs/yin_noise_matrix_20260926/results/r21vgg2k_vgg16_bn_aa_s42/faces_rfwWM64/houses_yin64/results.csv,UU
aa4,VGG2k / AA4,r21vgg2k_vgg16_bn_aa_s42,face_transfer,124,two_shared_ui,RFW WM64,Houses,0.37,0.4,50,within_sampled_range,UU,109,66.66666666666666,runs/yin_noise_matrix_20260926/results/r21vgg2k_vgg16_bn_aa_s42/faces_rfwWM64/houses_yin64/results.csv,UU
aa4,VGG2k / AA4,r21vgg2k_vgg16_bn_aa_s42,face_transfer,124,two_shared_ui,RFW WM64,Houses,0.37,0.4,50,within_sampled_range,UU,110,70.83333333333334,runs/yin_noise_matrix_20260926/results/r21vgg2k_vgg16_bn_aa_s42/faces_rfwWM64/houses_yin64/results.csv,UU
aa4,VGG2k / AA4,r21vgg2k_vgg16_bn_aa_s42,face_transfer,124,two_shared_ui,RFW WM64,Houses,0.37,0.4,50,within_sampled_range,UU,111,75.0,runs/yin_noise_matrix_20260926/results/r21vgg2k_vgg16_bn_aa_s42/faces_rfwWM64/houses_yin64/results.csv,UU
aa4,VGG2k / AA4,r21vgg2k_vgg16_bn_aa_s42,face_transfer,124,two_shared_ui,RFW WM64,Houses,0.37,0.4,50,within_sampled_range,UU,112,45.83333333333333,runs/yin_noise_matrix_20260926/results/r21vgg2k_vgg16_bn_aa_s42/faces_rfwWM64/houses_yin64/results.csv,UU
aa4,VGG2k / AA4,r21vgg2k_vgg16_bn_aa_s42,face_transfer,124,two_shared_ui,RFW WM64,Houses,0.37,0.4,50,within_sampled_range,UU,113,70.83333333333334,runs/yin_noise_matrix_20260926/results/r21vgg2k_vgg16_bn_aa_s42/faces_rfwWM64/houses_yin64/results.csv,UU
aa4,VGG2k / AA4,r21vgg2k_vgg16_bn_aa_s42,face_transfer,124,two_shared_ui,RFW WM64,Houses,0.37,0.4,50,within_sampled_range,UU,114,54.166666666666664,runs/yin_noise_matrix_20260926/results/r21vgg2k_vgg16_bn_aa_s42/faces_rfwWM64/houses_yin64/results.csv,UU
aa4,VGG2k / AA4,r21vgg2k_vgg16_bn_aa_s42,face_transfer,124,two_shared_ui,RFW WM64,Houses,0.37,0.4,50,within_sampled_range,UU,115,54.166666666666664,runs/yin_noise_matrix_20260926/results/r21vgg2k_vgg16_bn_aa_s42/faces_rfwWM64/houses_yin64/results.csv,UU
aa4,VGG2k / AA4,r21vgg2k_vgg16_bn_aa_s42,face_transfer,124,two_shared_ui,RFW WM64,Houses,0.37,0.4,50,within_sampled_range,UU,116,62.5,runs/yin_noise_matrix_20260926/results/r21vgg2k_vgg16_bn_aa_s42/faces_rfwWM64/houses_yin64/results.csv,UU
aa4,VGG2k / AA4,r21vgg2k_vgg16_bn_aa_s42,face_transfer,124,two_shared_ui,RFW WM64,Houses,0.37,0.4,50,within_sampled_range,UU,117,70.83333333333334,runs/yin_noise_matrix_20260926/results/r21vgg2k_vgg16_bn_aa_s42/faces_rfwWM64/houses_yin64/results.csv,UU
aa4,VGG2k / AA4,r21vgg2k_vgg16_bn_aa_s42,face_transfer,124,two_shared_ui,RFW WM64,Houses,0.37,0.4,50,within_sampled_range,UU,118,66.66666666666666,runs/yin_noise_matrix_20260926/results/r21vgg2k_vgg16_bn_aa_s42/faces_rfwWM64/houses_yin64/results.csv,UU
aa4,VGG2k / AA4,r21vgg2k_vgg16_bn_aa_s42,face_transfer,124,two_shared_ui,RFW WM64,Houses,0.37,0.4,50,within_sampled_range,UU,119,54.166666666666664,runs/yin_noise_matrix_20260926/results/r21vgg2k_vgg16_bn_aa_s42/faces_rfwWM64/houses_yin64/results.csv,UU
aa4,VGG2k / AA4,r21vgg2k_vgg16_bn_aa_s42,face_transfer,124,two_shared_ui,RFW WM64,Houses,0.37,0.4,50,within_sampled_range,UU,120,66.66666666666666,runs/yin_noise_matrix_20260926/results/r21vgg2k_vgg16_bn_aa_s42/faces_rfwWM64/houses_yin64/results.csv,UU
aa4,VGG2k / AA4,r21vgg2k_vgg16_bn_aa_s42,face_transfer,124,two_shared_ui,RFW WM64,Houses,0.37,0.4,50,within_sampled_range,UU,121,66.66666666666666,runs/yin_noise_matrix_20260926/results/r21vgg2k_vgg16_bn_aa_s42/faces_rfwWM64/houses_yin64/results.csv,UU
aa4,VGG2k / AA4,r21vgg2k_vgg16_bn_aa_s42,face_transfer,124,two_shared_ui,RFW WM64,Houses,0.37,0.4,50,within_sampled_range,UU,122,58.333333333333336,runs/yin_noise_matrix_20260926/results/r21vgg2k_vgg16_bn_aa_s42/faces_rfwWM64/houses_yin64/results.csv,UU
aa4,VGG2k / AA4,r21vgg2k_vgg16_bn_aa_s42,face_transfer,124,two_shared_ui,RFW WM64,Houses,0.37,0.4,50,within_sampled_range,UU,123,79.16666666666666,runs/yin_noise_matrix_20260926/results/r21vgg2k_vgg16_bn_aa_s42/faces_rfwWM64/houses_yin64/results.csv,UU
aa4,VGG2k / AA4,r21vgg2k_vgg16_bn_aa_s42,face_transfer,124,two_shared_ui,RFW WM64,Houses,0.37,0.4,50,within_sampled_range,UU,124,58.333333333333336,runs/yin_noise_matrix_20260926/results/r21vgg2k_vgg16_bn_aa_s42/faces_rfwWM64/houses_yin64/results.csv,UU
aa4,VGG2k / AA4,r21vgg2k_vgg16_bn_aa_s42,face_transfer,124,two_shared_ui,RFW WM64,Houses,0.37,0.4,50,within_sampled_range,UU,125,50.0,runs/yin_noise_matrix_20260926/results/r21vgg2k_vgg16_bn_aa_s42/faces_rfwWM64/houses_yin64/results.csv,UU
aa4,VGG2k / AA4,r21vgg2k_vgg16_bn_aa_s42,face_transfer,124,two_shared_ui,RFW WM64,Houses,0.37,0.4,50,within_sampled_range,UU,126,58.333333333333336,runs/yin_noise_matrix_20260926/results/r21vgg2k_vgg16_bn_aa_s42/faces_rfwWM64/houses_yin64/results.csv,UU
aa4,VGG2k / AA4,r21vgg2k_vgg16_bn_aa_s42,face_transfer,124,two_shared_ui,RFW WM64,Houses,0.37,0.4,50,within_sampled_range,UU,127,75.0,runs/yin_noise_matrix_20260926/results/r21vgg2k_vgg16_bn_aa_s42/faces_rfwWM64/houses_yin64/results.csv,UU
aa4,VGG2k / AA4,r21vgg2k_vgg16_bn_aa_s42,face_transfer,124,two_shared_ui,RFW WM64,Houses,0.37,0.4,50,within_sampled_range,UU,128,58.333333333333336,runs/yin_noise_matrix_20260926/results/r21vgg2k_vgg16_bn_aa_s42/faces_rfwWM64/houses_yin64/results.csv,UU
aa4,VGG2k / AA4,r21vgg2k_vgg16_bn_aa_s42,face_transfer,124,two_shared_ui,RFW WM64,Houses,0.37,0.4,50,within_sampled_range,UU,129,62.5,runs/yin_noise_matrix_20260926/results/r21vgg2k_vgg16_bn_aa_s42/faces_rfwWM64/houses_yin64/results.csv,UU
aa4,VGG2k / AA4,r21vgg2k_vgg16_bn_aa_s42,face_transfer,124,two_shared_ui,RFW WM64,Houses,0.37,0.4,50,within_sampled_range,UU,130,66.66666666666666,runs/yin_noise_matrix_20260926/results/r21vgg2k_vgg16_bn_aa_s42/faces_rfwWM64/houses_yin64/results.csv,UU
aa4,VGG2k / AA4,r21vgg2k_vgg16_bn_aa_s42,face_transfer,124,two_shared_ui,RFW WM64,Houses,0.37,0.4,50,within_sampled_range,UU,131,79.16666666666666,runs/yin_noise_matrix_20260926/results/r21vgg2k_vgg16_bn_aa_s42/faces_rfwWM64/houses_yin64/results.csv,UU
aa4,VGG2k / AA4,r21vgg2k_vgg16_bn_aa_s42,face_transfer,124,two_shared_ui,RFW WM64,Houses,0.37,0.4,50,within_sampled_range,UU,132,66.66666666666666,runs/yin_noise_matrix_20260926/results/r21vgg2k_vgg16_bn_aa_s42/faces_rfwWM64/houses_yin64/results.csv,UU
aa4,VGG2k / AA4,r21vgg2k_vgg16_bn_aa_s42,face_transfer,124,two_shared_ui,RFW WM64,Houses,0.37,0.4,50,within_sampled_range,UU,133,70.83333333333334,runs/yin_noise_matrix_20260926/results/r21vgg2k_vgg16_bn_aa_s42/faces_rfwWM64/houses_yin64/results.csv,UU
aa4,VGG2k / AA4,r21vgg2k_vgg16_bn_aa_s42,face_transfer,124,two_shared_ui,RFW WM64,Houses,0.37,0.4,50,within_sampled_range,UU,134,70.83333333333334,runs/yin_noise_matrix_20260926/results/r21vgg2k_vgg16_bn_aa_s42/faces_rfwWM64/houses_yin64/results.csv,UU
aa4,VGG2k / AA4,r21vgg2k_vgg16_bn_aa_s42,face_transfer,124,two_shared_ui,RFW WM64,Houses,0.37,0.4,50,within_sampled_range,UU,135,50.0,runs/yin_noise_matrix_20260926/results/r21vgg2k_vgg16_bn_aa_s42/faces_rfwWM64/houses_yin64/results.csv,UU
aa4,VGG2k / AA4,r21vgg2k_vgg16_bn_aa_s42,face_transfer,124,two_shared_ui,RFW WM64,Houses,0.37,0.4,50,within_sampled_range,UU,136,70.83333333333334,runs/yin_noise_matrix_20260926/results/r21vgg2k_vgg16_bn_aa_s42/faces_rfwWM64/houses_yin64/results.csv,UU
aa4,VGG2k / AA4,r21vgg2k_vgg16_bn_aa_s42,face_transfer,124,two_shared_ui,RFW WM64,Houses,0.37,0.4,50,within_sampled_range,UU,137,54.166666666666664,runs/yin_noise_matrix_20260926/results/r21vgg2k_vgg16_bn_aa_s42/faces_rfwWM64/houses_yin64/results.csv,UU
aa4,VGG2k / AA4,r21vgg2k_vgg16_bn_aa_s42,face_transfer,124,two_shared_ui,RFW WM64,Houses,0.37,0.4,50,within_sampled_range,UU,138,70.83333333333334,runs/yin_noise_matrix_20260926/results/r21vgg2k_vgg16_bn_aa_s42/faces_rfwWM64/houses_yin64/results.csv,UU
aa4,VGG2k / AA4,r21vgg2k_vgg16_bn_aa_s42,face_transfer,124,two_shared_ui,RFW WM64,Houses,0.37,0.4,50,within_sampled_range,UU,139,54.166666666666664,runs/yin_noise_matrix_20260926/results/r21vgg2k_vgg16_bn_aa_s42/faces_rfwWM64/houses_yin64/results.csv,UU
aa4,VGG2k / AA4,r21vgg2k_vgg16_bn_aa_s42,face_transfer,124,two_shared_ui,RFW WM64,Houses,0.37,0.4,50,within_sampled_range,UU,140,70.83333333333334,runs/yin_noise_matrix_20260926/results/r21vgg2k_vgg16_bn_aa_s42/faces_rfwWM64/houses_yin64/results.csv,UU
aa4,VGG2k / AA4,r21vgg2k_vgg16_bn_aa_s42,face_transfer,124,two_shared_ui,RFW WM64,Houses,0.37,0.4,50,within_sampled_range,UU,141,70.83333333333334,runs/yin_noise_matrix_20260926/results/r21vgg2k_vgg16_bn_aa_s42/faces_rfwWM64/houses_yin64/results.csv,UU
aa4,VGG2k / AA4,r21vgg2k_vgg16_bn_aa_s42,face_transfer,124,two_shared_ui,RFW WM64,Houses,0.37,0.4,50,within_sampled_range,UU,142,70.83333333333334,runs/yin_noise_matrix_20260926/results/r21vgg2k_vgg16_bn_aa_s42/faces_rfwWM64/houses_yin64/results.csv,UU
aa4,VGG2k / AA4,r21vgg2k_vgg16_bn_aa_s42,face_transfer,124,two_shared_ui,RFW WM64,Houses,0.37,0.4,50,within_sampled_range,UU,143,75.0,runs/yin_noise_matrix_20260926/results/r21vgg2k_vgg16_bn_aa_s42/faces_rfwWM64/houses_yin64/results.csv,UU
aa4,VGG2k / AA4,r21vgg2k_vgg16_bn_aa_s42,face_transfer,124,two_shared_ui,RFW WM64,Houses,0.37,0.4,50,within_sampled_range,UU,144,79.16666666666666,runs/yin_noise_matrix_20260926/results/r21vgg2k_vgg16_bn_aa_s42/faces_rfwWM64/houses_yin64/results.csv,UU
aa4,VGG2k / AA4,r21vgg2k_vgg16_bn_aa_s42,face_transfer,124,two_shared_ui,RFW WM64,Houses,0.37,0.4,50,within_sampled_range,UU,145,62.5,runs/yin_noise_matrix_20260926/results/r21vgg2k_vgg16_bn_aa_s42/faces_rfwWM64/houses_yin64/results.csv,UU
aa4,VGG2k / AA4,r21vgg2k_vgg16_bn_aa_s42,face_transfer,124,two_shared_ui,RFW WM64,Houses,0.37,0.4,50,within_sampled_range,UU,146,58.333333333333336,runs/yin_noise_matrix_20260926/results/r21vgg2k_vgg16_bn_aa_s42/faces_rfwWM64/houses_yin64/results.csv,UU
aa4,VGG2k / AA4,r21vgg2k_vgg16_bn_aa_s42,face_transfer,124,two_shared_ui,RFW WM64,Houses,0.37,0.4,50,within_sampled_range,UU,147,75.0,runs/yin_noise_matrix_20260926/results/r21vgg2k_vgg16_bn_aa_s42/faces_rfwWM64/houses_yin64/results.csv,UU
aa4,VGG2k / AA4,r21vgg2k_vgg16_bn_aa_s42,face_transfer,124,two_shared_ui,RFW WM64,Houses,0.37,0.4,50,within_sampled_range,UU,148,75.0,runs/yin_noise_matrix_20260926/results/r21vgg2k_vgg16_bn_aa_s42/faces_rfwWM64/houses_yin64/results.csv,UU
aa4,VGG2k / AA4,r21vgg2k_vgg16_bn_aa_s42,face_transfer,124,two_shared_ui,RFW WM64,Houses,0.37,0.4,50,within_sampled_range,UU,149,58.333333333333336,runs/yin_noise_matrix_20260926/results/r21vgg2k_vgg16_bn_aa_s42/faces_rfwWM64/houses_yin64/results.csv,UU
aa4,VGG2k / AA4,r21vgg2k_vgg16_bn_aa_s42,face_transfer,124,two_shared_ui,RFW WM64,Houses,0.37,0.4,50,within_sampled_range,UU,150,41.66666666666667,runs/yin_noise_matrix_20260926/results/r21vgg2k_vgg16_bn_aa_s42/faces_rfwWM64/houses_yin64/results.csv,UU
aa4,VGG2k / AA4,r21vgg2k_vgg16_bn_aa_s42,face_transfer,124,two_shared_ui,RFW WM64,Houses,0.37,0.4,50,within_sampled_range,II,101,79.16666666666666,runs/yin_noise_matrix_20260926/results/r21vgg2k_vgg16_bn_aa_s42/faces_rfwWM64/houses_yin64/results.csv,II
aa4,VGG2k / AA4,r21vgg2k_vgg16_bn_aa_s42,face_transfer,124,two_shared_ui,RFW WM64,Houses,0.37,0.4,50,within_sampled_range,II,102,62.5,runs/yin_noise_matrix_20260926/results/r21vgg2k_vgg16_bn_aa_s42/faces_rfwWM64/houses_yin64/results.csv,II
aa4,VGG2k / AA4,r21vgg2k_vgg16_bn_aa_s42,face_transfer,124,two_shared_ui,RFW WM64,Houses,0.37,0.4,50,within_sampled_range,II,103,50.0,runs/yin_noise_matrix_20260926/results/r21vgg2k_vgg16_bn_aa_s42/faces_rfwWM64/houses_yin64/results.csv,II
aa4,VGG2k / AA4,r21vgg2k_vgg16_bn_aa_s42,face_transfer,124,two_shared_ui,RFW WM64,Houses,0.37,0.4,50,within_sampled_range,II,104,62.5,runs/yin_noise_matrix_20260926/results/r21vgg2k_vgg16_bn_aa_s42/faces_rfwWM64/houses_yin64/results.csv,II
aa4,VGG2k / AA4,r21vgg2k_vgg16_bn_aa_s42,face_transfer,124,two_shared_ui,RFW WM64,Houses,0.37,0.4,50,within_sampled_range,II,105,45.83333333333333,runs/yin_noise_matrix_20260926/results/r21vgg2k_vgg16_bn_aa_s42/faces_rfwWM64/houses_yin64/results.csv,II
aa4,VGG2k / AA4,r21vgg2k_vgg16_bn_aa_s42,face_transfer,124,two_shared_ui,RFW WM64,Houses,0.37,0.4,50,within_sampled_range,II,106,50.0,runs/yin_noise_matrix_20260926/results/r21vgg2k_vgg16_bn_aa_s42/faces_rfwWM64/houses_yin64/results.csv,II
aa4,VGG2k / AA4,r21vgg2k_vgg16_bn_aa_s42,face_transfer,124,two_shared_ui,RFW WM64,Houses,0.37,0.4,50,within_sampled_range,II,107,50.0,runs/yin_noise_matrix_20260926/results/r21vgg2k_vgg16_bn_aa_s42/faces_rfwWM64/houses_yin64/results.csv,II
aa4,VGG2k / AA4,r21vgg2k_vgg16_bn_aa_s42,face_transfer,124,two_shared_ui,RFW WM64,Houses,0.37,0.4,50,within_sampled_range,II,108,54.166666666666664,runs/yin_noise_matrix_20260926/results/r21vgg2k_vgg16_bn_aa_s42/faces_rfwWM64/houses_yin64/results.csv,II
aa4,VGG2k / AA4,r21vgg2k_vgg16_bn_aa_s42,face_transfer,124,two_shared_ui,RFW WM64,Houses,0.37,0.4,50,within_sampled_range,II,109,45.83333333333333,runs/yin_noise_matrix_20260926/results/r21vgg2k_vgg16_bn_aa_s42/faces_rfwWM64/houses_yin64/results.csv,II
aa4,VGG2k / AA4,r21vgg2k_vgg16_bn_aa_s42,face_transfer,124,two_shared_ui,RFW WM64,Houses,0.37,0.4,50,within_sampled_range,II,110,41.66666666666667,runs/yin_noise_matrix_20260926/results/r21vgg2k_vgg16_bn_aa_s42/faces_rfwWM64/houses_yin64/results.csv,II
aa4,VGG2k / AA4,r21vgg2k_vgg16_bn_aa_s42,face_transfer,124,two_shared_ui,RFW WM64,Houses,0.37,0.4,50,within_sampled_range,II,111,66.66666666666666,runs/yin_noise_matrix_20260926/results/r21vgg2k_vgg16_bn_aa_s42/faces_rfwWM64/houses_yin64/results.csv,II
aa4,VGG2k / AA4,r21vgg2k_vgg16_bn_aa_s42,face_transfer,124,two_shared_ui,RFW WM64,Houses,0.37,0.4,50,within_sampled_range,II,112,66.66666666666666,runs/yin_noise_matrix_20260926/results/r21vgg2k_vgg16_bn_aa_s42/faces_rfwWM64/houses_yin64/results.csv,II
aa4,VGG2k / AA4,r21vgg2k_vgg16_bn_aa_s42,face_transfer,124,two_shared_ui,RFW WM64,Houses,0.37,0.4,50,within_sampled_range,II,113,54.166666666666664,runs/yin_noise_matrix_20260926/results/r21vgg2k_vgg16_bn_aa_s42/faces_rfwWM64/houses_yin64/results.csv,II
aa4,VGG2k / AA4,r21vgg2k_vgg16_bn_aa_s42,face_transfer,124,two_shared_ui,RFW WM64,Houses,0.37,0.4,50,within_sampled_range,II,114,62.5,runs/yin_noise_matrix_20260926/results/r21vgg2k_vgg16_bn_aa_s42/faces_rfwWM64/houses_yin64/results.csv,II
aa4,VGG2k / AA4,r21vgg2k_vgg16_bn_aa_s42,face_transfer,124,two_shared_ui,RFW WM64,Houses,0.37,0.4,50,within_sampled_range,II,115,54.166666666666664,runs/yin_noise_matrix_20260926/results/r21vgg2k_vgg16_bn_aa_s42/faces_rfwWM64/houses_yin64/results.csv,II
aa4,VGG2k / AA4,r21vgg2k_vgg16_bn_aa_s42,face_transfer,124,two_shared_ui,RFW WM64,Houses,0.37,0.4,50,within_sampled_range,II,116,66.66666666666666,runs/yin_noise_matrix_20260926/results/r21vgg2k_vgg16_bn_aa_s42/faces_rfwWM64/houses_yin64/results.csv,II
aa4,VGG2k / AA4,r21vgg2k_vgg16_bn_aa_s42,face_transfer,124,two_shared_ui,RFW WM64,Houses,0.37,0.4,50,within_sampled_range,II,117,66.66666666666666,runs/yin_noise_matrix_20260926/results/r21vgg2k_vgg16_bn_aa_s42/faces_rfwWM64/houses_yin64/results.csv,II
aa4,VGG2k / AA4,r21vgg2k_vgg16_bn_aa_s42,face_transfer,124,two_shared_ui,RFW WM64,Houses,0.37,0.4,50,within_sampled_range,II,118,70.83333333333334,runs/yin_noise_matrix_20260926/results/r21vgg2k_vgg16_bn_aa_s42/faces_rfwWM64/houses_yin64/results.csv,II
aa4,VGG2k / AA4,r21vgg2k_vgg16_bn_aa_s42,face_transfer,124,two_shared_ui,RFW WM64,Houses,0.37,0.4,50,within_sampled_range,II,119,50.0,runs/yin_noise_matrix_20260926/results/r21vgg2k_vgg16_bn_aa_s42/faces_rfwWM64/houses_yin64/results.csv,II
aa4,VGG2k / AA4,r21vgg2k_vgg16_bn_aa_s42,face_transfer,124,two_shared_ui,RFW WM64,Houses,0.37,0.4,50,within_sampled_range,II,120,62.5,runs/yin_noise_matrix_20260926/results/r21vgg2k_vgg16_bn_aa_s42/faces_rfwWM64/houses_yin64/results.csv,II
aa4,VGG2k / AA4,r21vgg2k_vgg16_bn_aa_s42,face_transfer,124,two_shared_ui,RFW WM64,Houses,0.37,0.4,50,within_sampled_range,II,121,50.0,runs/yin_noise_matrix_20260926/results/r21vgg2k_vgg16_bn_aa_s42/faces_rfwWM64/houses_yin64/results.csv,II
aa4,VGG2k / AA4,r21vgg2k_vgg16_bn_aa_s42,face_transfer,124,two_shared_ui,RFW WM64,Houses,0.37,0.4,50,within_sampled_range,II,122,66.66666666666666,runs/yin_noise_matrix_20260926/results/r21vgg2k_vgg16_bn_aa_s42/faces_rfwWM64/houses_yin64/results.csv,II
aa4,VGG2k / AA4,r21vgg2k_vgg16_bn_aa_s42,face_transfer,124,two_shared_ui,RFW WM64,Houses,0.37,0.4,50,within_sampled_range,II,123,79.16666666666666,runs/yin_noise_matrix_20260926/results/r21vgg2k_vgg16_bn_aa_s42/faces_rfwWM64/houses_yin64/results.csv,II
aa4,VGG2k / AA4,r21vgg2k_vgg16_bn_aa_s42,face_transfer,124,two_shared_ui,RFW WM64,Houses,0.37,0.4,50,within_sampled_range,II,124,66.66666666666666,runs/yin_noise_matrix_20260926/results/r21vgg2k_vgg16_bn_aa_s42/faces_rfwWM64/houses_yin64/results.csv,II
aa4,VGG2k / AA4,r21vgg2k_vgg16_bn_aa_s42,face_transfer,124,two_shared_ui,RFW WM64,Houses,0.37,0.4,50,within_sampled_range,II,125,66.66666666666666,runs/yin_noise_matrix_20260926/results/r21vgg2k_vgg16_bn_aa_s42/faces_rfwWM64/houses_yin64/results.csv,II
aa4,VGG2k / AA4,r21vgg2k_vgg16_bn_aa_s42,face_transfer,124,two_shared_ui,RFW WM64,Houses,0.37,0.4,50,within_sampled_range,II,126,66.66666666666666,runs/yin_noise_matrix_20260926/results/r21vgg2k_vgg16_bn_aa_s42/faces_rfwWM64/houses_yin64/results.csv,II
aa4,VGG2k / AA4,r21vgg2k_vgg16_bn_aa_s42,face_transfer,124,two_shared_ui,RFW WM64,Houses,0.37,0.4,50,within_sampled_range,II,127,45.83333333333333,runs/yin_noise_matrix_20260926/results/r21vgg2k_vgg16_bn_aa_s42/faces_rfwWM64/houses_yin64/results.csv,II
aa4,VGG2k / AA4,r21vgg2k_vgg16_bn_aa_s42,face_transfer,124,two_shared_ui,RFW WM64,Houses,0.37,0.4,50,within_sampled_range,II,128,58.333333333333336,runs/yin_noise_matrix_20260926/results/r21vgg2k_vgg16_bn_aa_s42/faces_rfwWM64/houses_yin64/results.csv,II
aa4,VGG2k / AA4,r21vgg2k_vgg16_bn_aa_s42,face_transfer,124,two_shared_ui,RFW WM64,Houses,0.37,0.4,50,within_sampled_range,II,129,70.83333333333334,runs/yin_noise_matrix_20260926/results/r21vgg2k_vgg16_bn_aa_s42/faces_rfwWM64/houses_yin64/results.csv,II
aa4,VGG2k / AA4,r21vgg2k_vgg16_bn_aa_s42,face_transfer,124,two_shared_ui,RFW WM64,Houses,0.37,0.4,50,within_sampled_range,II,130,66.66666666666666,runs/yin_noise_matrix_20260926/results/r21vgg2k_vgg16_bn_aa_s42/faces_rfwWM64/houses_yin64/results.csv,II
aa4,VGG2k / AA4,r21vgg2k_vgg16_bn_aa_s42,face_transfer,124,two_shared_ui,RFW WM64,Houses,0.37,0.4,50,within_sampled_range,II,131,62.5,runs/yin_noise_matrix_20260926/results/r21vgg2k_vgg16_bn_aa_s42/faces_rfwWM64/houses_yin64/results.csv,II
aa4,VGG2k / AA4,r21vgg2k_vgg16_bn_aa_s42,face_transfer,124,two_shared_ui,RFW WM64,Houses,0.37,0.4,50,within_sampled_range,II,132,58.333333333333336,runs/yin_noise_matrix_20260926/results/r21vgg2k_vgg16_bn_aa_s42/faces_rfwWM64/houses_yin64/results.csv,II
aa4,VGG2k / AA4,r21vgg2k_vgg16_bn_aa_s42,face_transfer,124,two_shared_ui,RFW WM64,Houses,0.37,0.4,50,within_sampled_range,II,133,54.166666666666664,runs/yin_noise_matrix_20260926/results/r21vgg2k_vgg16_bn_aa_s42/faces_rfwWM64/houses_yin64/results.csv,II
aa4,VGG2k / AA4,r21vgg2k_vgg16_bn_aa_s42,face_transfer,124,two_shared_ui,RFW WM64,Houses,0.37,0.4,50,within_sampled_range,II,134,62.5,runs/yin_noise_matrix_20260926/results/r21vgg2k_vgg16_bn_aa_s42/faces_rfwWM64/houses_yin64/results.csv,II
aa4,VGG2k / AA4,r21vgg2k_vgg16_bn_aa_s42,face_transfer,124,two_shared_ui,RFW WM64,Houses,0.37,0.4,50,within_sampled_range,II,135,58.333333333333336,runs/yin_noise_matrix_20260926/results/r21vgg2k_vgg16_bn_aa_s42/faces_rfwWM64/houses_yin64/results.csv,II
aa4,VGG2k / AA4,r21vgg2k_vgg16_bn_aa_s42,face_transfer,124,two_shared_ui,RFW WM64,Houses,0.37,0.4,50,within_sampled_range,II,136,66.66666666666666,runs/yin_noise_matrix_20260926/results/r21vgg2k_vgg16_bn_aa_s42/faces_rfwWM64/houses_yin64/results.csv,II
aa4,VGG2k / AA4,r21vgg2k_vgg16_bn_aa_s42,face_transfer,124,two_shared_ui,RFW WM64,Houses,0.37,0.4,50,within_sampled_range,II,137,62.5,runs/yin_noise_matrix_20260926/results/r21vgg2k_vgg16_bn_aa_s42/faces_rfwWM64/houses_yin64/results.csv,II
aa4,VGG2k / AA4,r21vgg2k_vgg16_bn_aa_s42,face_transfer,124,two_shared_ui,RFW WM64,Houses,0.37,0.4,50,within_sampled_range,II,138,58.333333333333336,runs/yin_noise_matrix_20260926/results/r21vgg2k_vgg16_bn_aa_s42/faces_rfwWM64/houses_yin64/results.csv,II
aa4,VGG2k / AA4,r21vgg2k_vgg16_bn_aa_s42,face_transfer,124,two_shared_ui,RFW WM64,Houses,0.37,0.4,50,within_sampled_range,II,139,33.33333333333333,runs/yin_noise_matrix_20260926/results/r21vgg2k_vgg16_bn_aa_s42/faces_rfwWM64/houses_yin64/results.csv,II
aa4,VGG2k / AA4,r21vgg2k_vgg16_bn_aa_s42,face_transfer,124,two_shared_ui,RFW WM64,Houses,0.37,0.4,50,within_sampled_range,II,140,75.0,runs/yin_noise_matrix_20260926/results/r21vgg2k_vgg16_bn_aa_s42/faces_rfwWM64/houses_yin64/results.csv,II
aa4,VGG2k / AA4,r21vgg2k_vgg16_bn_aa_s42,face_transfer,124,two_shared_ui,RFW WM64,Houses,0.37,0.4,50,within_sampled_range,II,141,45.83333333333333,runs/yin_noise_matrix_20260926/results/r21vgg2k_vgg16_bn_aa_s42/faces_rfwWM64/houses_yin64/results.csv,II
aa4,VGG2k / AA4,r21vgg2k_vgg16_bn_aa_s42,face_transfer,124,two_shared_ui,RFW WM64,Houses,0.37,0.4,50,within_sampled_range,II,142,75.0,runs/yin_noise_matrix_20260926/results/r21vgg2k_vgg16_bn_aa_s42/faces_rfwWM64/houses_yin64/results.csv,II
aa4,VGG2k / AA4,r21vgg2k_vgg16_bn_aa_s42,face_transfer,124,two_shared_ui,RFW WM64,Houses,0.37,0.4,50,within_sampled_range,II,143,66.66666666666666,runs/yin_noise_matrix_20260926/results/r21vgg2k_vgg16_bn_aa_s42/faces_rfwWM64/houses_yin64/results.csv,II
aa4,VGG2k / AA4,r21vgg2k_vgg16_bn_aa_s42,face_transfer,124,two_shared_ui,RFW WM64,Houses,0.37,0.4,50,within_sampled_range,II,144,79.16666666666666,runs/yin_noise_matrix_20260926/results/r21vgg2k_vgg16_bn_aa_s42/faces_rfwWM64/houses_yin64/results.csv,II
aa4,VGG2k / AA4,r21vgg2k_vgg16_bn_aa_s42,face_transfer,124,two_shared_ui,RFW WM64,Houses,0.37,0.4,50,within_sampled_range,II,145,66.66666666666666,runs/yin_noise_matrix_20260926/results/r21vgg2k_vgg16_bn_aa_s42/faces_rfwWM64/houses_yin64/results.csv,II
aa4,VGG2k / AA4,r21vgg2k_vgg16_bn_aa_s42,face_transfer,124,two_shared_ui,RFW WM64,Houses,0.37,0.4,50,within_sampled_range,II,146,75.0,runs/yin_noise_matrix_20260926/results/r21vgg2k_vgg16_bn_aa_s42/faces_rfwWM64/houses_yin64/results.csv,II
aa4,VGG2k / AA4,r21vgg2k_vgg16_bn_aa_s42,face_transfer,124,two_shared_ui,RFW WM64,Houses,0.37,0.4,50,within_sampled_range,II,147,66.66666666666666,runs/yin_noise_matrix_20260926/results/r21vgg2k_vgg16_bn_aa_s42/faces_rfwWM64/houses_yin64/results.csv,II
aa4,VGG2k / AA4,r21vgg2k_vgg16_bn_aa_s42,face_transfer,124,two_shared_ui,RFW WM64,Houses,0.37,0.4,50,within_sampled_range,II,148,58.333333333333336,runs/yin_noise_matrix_20260926/results/r21vgg2k_vgg16_bn_aa_s42/faces_rfwWM64/houses_yin64/results.csv,II
aa4,VGG2k / AA4,r21vgg2k_vgg16_bn_aa_s42,face_transfer,124,two_shared_ui,RFW WM64,Houses,0.37,0.4,50,within_sampled_range,II,149,62.5,runs/yin_noise_matrix_20260926/results/r21vgg2k_vgg16_bn_aa_s42/faces_rfwWM64/houses_yin64/results.csv,II
aa4,VGG2k / AA4,r21vgg2k_vgg16_bn_aa_s42,face_transfer,124,two_shared_ui,RFW WM64,Houses,0.37,0.4,50,within_sampled_range,II,150,75.0,runs/yin_noise_matrix_20260926/results/r21vgg2k_vgg16_bn_aa_s42/faces_rfwWM64/houses_yin64/results.csv,II
aa4,VGG2k / AA4,r21vgg2k_vgg16_bn_aa_s42,face_transfer,124,two_shared_ui,RFW WM64,Houses,0.37,0.4,50,within_sampled_range,UI,101,75.0,runs/yin_noise_matrix_20260926/results/r21vgg2k_vgg16_bn_aa_s42/faces_rfwWM64/houses_yin64/results.csv,UI_shared
aa4,VGG2k / AA4,r21vgg2k_vgg16_bn_aa_s42,face_transfer,124,two_shared_ui,RFW WM64,Houses,0.37,0.4,50,within_sampled_range,UI,102,54.166666666666664,runs/yin_noise_matrix_20260926/results/r21vgg2k_vgg16_bn_aa_s42/faces_rfwWM64/houses_yin64/results.csv,UI_shared
aa4,VGG2k / AA4,r21vgg2k_vgg16_bn_aa_s42,face_transfer,124,two_shared_ui,RFW WM64,Houses,0.37,0.4,50,within_sampled_range,UI,103,58.333333333333336,runs/yin_noise_matrix_20260926/results/r21vgg2k_vgg16_bn_aa_s42/faces_rfwWM64/houses_yin64/results.csv,UI_shared
aa4,VGG2k / AA4,r21vgg2k_vgg16_bn_aa_s42,face_transfer,124,two_shared_ui,RFW WM64,Houses,0.37,0.4,50,within_sampled_range,UI,104,54.166666666666664,runs/yin_noise_matrix_20260926/results/r21vgg2k_vgg16_bn_aa_s42/faces_rfwWM64/houses_yin64/results.csv,UI_shared
aa4,VGG2k / AA4,r21vgg2k_vgg16_bn_aa_s42,face_transfer,124,two_shared_ui,RFW WM64,Houses,0.37,0.4,50,within_sampled_range,UI,105,66.66666666666666,runs/yin_noise_matrix_20260926/results/r21vgg2k_vgg16_bn_aa_s42/faces_rfwWM64/houses_yin64/results.csv,UI_shared
aa4,VGG2k / AA4,r21vgg2k_vgg16_bn_aa_s42,face_transfer,124,two_shared_ui,RFW WM64,Houses,0.37,0.4,50,within_sampled_range,UI,106,66.66666666666666,runs/yin_noise_matrix_20260926/results/r21vgg2k_vgg16_bn_aa_s42/faces_rfwWM64/houses_yin64/results.csv,UI_shared
aa4,VGG2k / AA4,r21vgg2k_vgg16_bn_aa_s42,face_transfer,124,two_shared_ui,RFW WM64,Houses,0.37,0.4,50,within_sampled_range,UI,107,70.83333333333334,runs/yin_noise_matrix_20260926/results/r21vgg2k_vgg16_bn_aa_s42/faces_rfwWM64/houses_yin64/results.csv,UI_shared
aa4,VGG2k / AA4,r21vgg2k_vgg16_bn_aa_s42,face_transfer,124,two_shared_ui,RFW WM64,Houses,0.37,0.4,50,within_sampled_range,UI,108,58.333333333333336,runs/yin_noise_matrix_20260926/results/r21vgg2k_vgg16_bn_aa_s42/faces_rfwWM64/houses_yin64/results.csv,UI_shared
aa4,VGG2k / AA4,r21vgg2k_vgg16_bn_aa_s42,face_transfer,124,two_shared_ui,RFW WM64,Houses,0.37,0.4,50,within_sampled_range,UI,109,58.333333333333336,runs/yin_noise_matrix_20260926/results/r21vgg2k_vgg16_bn_aa_s42/faces_rfwWM64/houses_yin64/results.csv,UI_shared
aa4,VGG2k / AA4,r21vgg2k_vgg16_bn_aa_s42,face_transfer,124,two_shared_ui,RFW WM64,Houses,0.37,0.4,50,within_sampled_range,UI,110,45.83333333333333,runs/yin_noise_matrix_20260926/results/r21vgg2k_vgg16_bn_aa_s42/faces_rfwWM64/houses_yin64/results.csv,UI_shared
aa4,VGG2k / AA4,r21vgg2k_vgg16_bn_aa_s42,face_transfer,124,two_shared_ui,RFW WM64,Houses,0.37,0.4,50,within_sampled_range,UI,111,54.166666666666664,runs/yin_noise_matrix_20260926/results/r21vgg2k_vgg16_bn_aa_s42/faces_rfwWM64/houses_yin64/results.csv,UI_shared
aa4,VGG2k / AA4,r21vgg2k_vgg16_bn_aa_s42,face_transfer,124,two_shared_ui,RFW WM64,Houses,0.37,0.4,50,within_sampled_range,UI,112,58.333333333333336,runs/yin_noise_matrix_20260926/results/r21vgg2k_vgg16_bn_aa_s42/faces_rfwWM64/houses_yin64/results.csv,UI_shared
aa4,VGG2k / AA4,r21vgg2k_vgg16_bn_aa_s42,face_transfer,124,two_shared_ui,RFW WM64,Houses,0.37,0.4,50,within_sampled_range,UI,113,50.0,runs/yin_noise_matrix_20260926/results/r21vgg2k_vgg16_bn_aa_s42/faces_rfwWM64/houses_yin64/results.csv,UI_shared
aa4,VGG2k / AA4,r21vgg2k_vgg16_bn_aa_s42,face_transfer,124,two_shared_ui,RFW WM64,Houses,0.37,0.4,50,within_sampled_range,UI,114,70.83333333333334,runs/yin_noise_matrix_20260926/results/r21vgg2k_vgg16_bn_aa_s42/faces_rfwWM64/houses_yin64/results.csv,UI_shared
aa4,VGG2k / AA4,r21vgg2k_vgg16_bn_aa_s42,face_transfer,124,two_shared_ui,RFW WM64,Houses,0.37,0.4,50,within_sampled_range,UI,115,50.0,runs/yin_noise_matrix_20260926/results/r21vgg2k_vgg16_bn_aa_s42/faces_rfwWM64/houses_yin64/results.csv,UI_shared
aa4,VGG2k / AA4,r21vgg2k_vgg16_bn_aa_s42,face_transfer,124,two_shared_ui,RFW WM64,Houses,0.37,0.4,50,within_sampled_range,UI,116,54.166666666666664,runs/yin_noise_matrix_20260926/results/r21vgg2k_vgg16_bn_aa_s42/faces_rfwWM64/houses_yin64/results.csv,UI_shared
aa4,VGG2k / AA4,r21vgg2k_vgg16_bn_aa_s42,face_transfer,124,two_shared_ui,RFW WM64,Houses,0.37,0.4,50,within_sampled_range,UI,117,66.66666666666666,runs/yin_noise_matrix_20260926/results/r21vgg2k_vgg16_bn_aa_s42/faces_rfwWM64/houses_yin64/results.csv,UI_shared
aa4,VGG2k / AA4,r21vgg2k_vgg16_bn_aa_s42,face_transfer,124,two_shared_ui,RFW WM64,Houses,0.37,0.4,50,within_sampled_range,UI,118,75.0,runs/yin_noise_matrix_20260926/results/r21vgg2k_vgg16_bn_aa_s42/faces_rfwWM64/houses_yin64/results.csv,UI_shared
aa4,VGG2k / AA4,r21vgg2k_vgg16_bn_aa_s42,face_transfer,124,two_shared_ui,RFW WM64,Houses,0.37,0.4,50,within_sampled_range,UI,119,66.66666666666666,runs/yin_noise_matrix_20260926/results/r21vgg2k_vgg16_bn_aa_s42/faces_rfwWM64/houses_yin64/results.csv,UI_shared
aa4,VGG2k / AA4,r21vgg2k_vgg16_bn_aa_s42,face_transfer,124,two_shared_ui,RFW WM64,Houses,0.37,0.4,50,within_sampled_range,UI,120,66.66666666666666,runs/yin_noise_matrix_20260926/results/r21vgg2k_vgg16_bn_aa_s42/faces_rfwWM64/houses_yin64/results.csv,UI_shared
aa4,VGG2k / AA4,r21vgg2k_vgg16_bn_aa_s42,face_transfer,124,two_shared_ui,RFW WM64,Houses,0.37,0.4,50,within_sampled_range,UI,121,50.0,runs/yin_noise_matrix_20260926/results/r21vgg2k_vgg16_bn_aa_s42/faces_rfwWM64/houses_yin64/results.csv,UI_shared
aa4,VGG2k / AA4,r21vgg2k_vgg16_bn_aa_s42,face_transfer,124,two_shared_ui,RFW WM64,Houses,0.37,0.4,50,within_sampled_range,UI,122,50.0,runs/yin_noise_matrix_20260926/results/r21vgg2k_vgg16_bn_aa_s42/faces_rfwWM64/houses_yin64/results.csv,UI_shared
aa4,VGG2k / AA4,r21vgg2k_vgg16_bn_aa_s42,face_transfer,124,two_shared_ui,RFW WM64,Houses,0.37,0.4,50,within_sampled_range,UI,123,62.5,runs/yin_noise_matrix_20260926/results/r21vgg2k_vgg16_bn_aa_s42/faces_rfwWM64/houses_yin64/results.csv,UI_shared
aa4,VGG2k / AA4,r21vgg2k_vgg16_bn_aa_s42,face_transfer,124,two_shared_ui,RFW WM64,Houses,0.37,0.4,50,within_sampled_range,UI,124,70.83333333333334,runs/yin_noise_matrix_20260926/results/r21vgg2k_vgg16_bn_aa_s42/faces_rfwWM64/houses_yin64/results.csv,UI_shared
aa4,VGG2k / AA4,r21vgg2k_vgg16_bn_aa_s42,face_transfer,124,two_shared_ui,RFW WM64,Houses,0.37,0.4,50,within_sampled_range,UI,125,54.166666666666664,runs/yin_noise_matrix_20260926/results/r21vgg2k_vgg16_bn_aa_s42/faces_rfwWM64/houses_yin64/results.csv,UI_shared
aa4,VGG2k / AA4,r21vgg2k_vgg16_bn_aa_s42,face_transfer,124,two_shared_ui,RFW WM64,Houses,0.37,0.4,50,within_sampled_range,UI,126,54.166666666666664,runs/yin_noise_matrix_20260926/results/r21vgg2k_vgg16_bn_aa_s42/faces_rfwWM64/houses_yin64/results.csv,UI_shared
aa4,VGG2k / AA4,r21vgg2k_vgg16_bn_aa_s42,face_transfer,124,two_shared_ui,RFW WM64,Houses,0.37,0.4,50,within_sampled_range,UI,127,83.33333333333334,runs/yin_noise_matrix_20260926/results/r21vgg2k_vgg16_bn_aa_s42/faces_rfwWM64/houses_yin64/results.csv,UI_shared
aa4,VGG2k / AA4,r21vgg2k_vgg16_bn_aa_s42,face_transfer,124,two_shared_ui,RFW WM64,Houses,0.37,0.4,50,within_sampled_range,UI,128,79.16666666666666,runs/yin_noise_matrix_20260926/results/r21vgg2k_vgg16_bn_aa_s42/faces_rfwWM64/houses_yin64/results.csv,UI_shared
aa4,VGG2k / AA4,r21vgg2k_vgg16_bn_aa_s42,face_transfer,124,two_shared_ui,RFW WM64,Houses,0.37,0.4,50,within_sampled_range,UI,129,58.333333333333336,runs/yin_noise_matrix_20260926/results/r21vgg2k_vgg16_bn_aa_s42/faces_rfwWM64/houses_yin64/results.csv,UI_shared
aa4,VGG2k / AA4,r21vgg2k_vgg16_bn_aa_s42,face_transfer,124,two_shared_ui,RFW WM64,Houses,0.37,0.4,50,within_sampled_range,UI,130,62.5,runs/yin_noise_matrix_20260926/results/r21vgg2k_vgg16_bn_aa_s42/faces_rfwWM64/houses_yin64/results.csv,UI_shared
aa4,VGG2k / AA4,r21vgg2k_vgg16_bn_aa_s42,face_transfer,124,two_shared_ui,RFW WM64,Houses,0.37,0.4,50,within_sampled_range,UI,131,54.166666666666664,runs/yin_noise_matrix_20260926/results/r21vgg2k_vgg16_bn_aa_s42/faces_rfwWM64/houses_yin64/results.csv,UI_shared
aa4,VGG2k / AA4,r21vgg2k_vgg16_bn_aa_s42,face_transfer,124,two_shared_ui,RFW WM64,Houses,0.37,0.4,50,within_sampled_range,UI,132,70.83333333333334,runs/yin_noise_matrix_20260926/results/r21vgg2k_vgg16_bn_aa_s42/faces_rfwWM64/houses_yin64/results.csv,UI_shared
aa4,VGG2k / AA4,r21vgg2k_vgg16_bn_aa_s42,face_transfer,124,two_shared_ui,RFW WM64,Houses,0.37,0.4,50,within_sampled_range,UI,133,66.66666666666666,runs/yin_noise_matrix_20260926/results/r21vgg2k_vgg16_bn_aa_s42/faces_rfwWM64/houses_yin64/results.csv,UI_shared
aa4,VGG2k / AA4,r21vgg2k_vgg16_bn_aa_s42,face_transfer,124,two_shared_ui,RFW WM64,Houses,0.37,0.4,50,within_sampled_range,UI,134,62.5,runs/yin_noise_matrix_20260926/results/r21vgg2k_vgg16_bn_aa_s42/faces_rfwWM64/houses_yin64/results.csv,UI_shared
aa4,VGG2k / AA4,r21vgg2k_vgg16_bn_aa_s42,face_transfer,124,two_shared_ui,RFW WM64,Houses,0.37,0.4,50,within_sampled_range,UI,135,58.333333333333336,runs/yin_noise_matrix_20260926/results/r21vgg2k_vgg16_bn_aa_s42/faces_rfwWM64/houses_yin64/results.csv,UI_shared
aa4,VGG2k / AA4,r21vgg2k_vgg16_bn_aa_s42,face_transfer,124,two_shared_ui,RFW WM64,Houses,0.37,0.4,50,within_sampled_range,UI,136,62.5,runs/yin_noise_matrix_20260926/results/r21vgg2k_vgg16_bn_aa_s42/faces_rfwWM64/houses_yin64/results.csv,UI_shared
aa4,VGG2k / AA4,r21vgg2k_vgg16_bn_aa_s42,face_transfer,124,two_shared_ui,RFW WM64,Houses,0.37,0.4,50,within_sampled_range,UI,137,79.16666666666666,runs/yin_noise_matrix_20260926/results/r21vgg2k_vgg16_bn_aa_s42/faces_rfwWM64/houses_yin64/results.csv,UI_shared
aa4,VGG2k / AA4,r21vgg2k_vgg16_bn_aa_s42,face_transfer,124,two_shared_ui,RFW WM64,Houses,0.37,0.4,50,within_sampled_range,UI,138,75.0,runs/yin_noise_matrix_20260926/results/r21vgg2k_vgg16_bn_aa_s42/faces_rfwWM64/houses_yin64/results.csv,UI_shared
aa4,VGG2k / AA4,r21vgg2k_vgg16_bn_aa_s42,face_transfer,124,two_shared_ui,RFW WM64,Houses,0.37,0.4,50,within_sampled_range,UI,139,54.166666666666664,runs/yin_noise_matrix_20260926/results/r21vgg2k_vgg16_bn_aa_s42/faces_rfwWM64/houses_yin64/results.csv,UI_shared
aa4,VGG2k / AA4,r21vgg2k_vgg16_bn_aa_s42,face_transfer,124,two_shared_ui,RFW WM64,Houses,0.37,0.4,50,within_sampled_range,UI,140,54.166666666666664,runs/yin_noise_matrix_20260926/results/r21vgg2k_vgg16_bn_aa_s42/faces_rfwWM64/houses_yin64/results.csv,UI_shared
aa4,VGG2k / AA4,r21vgg2k_vgg16_bn_aa_s42,face_transfer,124,two_shared_ui,RFW WM64,Houses,0.37,0.4,50,within_sampled_range,UI,141,70.83333333333334,runs/yin_noise_matrix_20260926/results/r21vgg2k_vgg16_bn_aa_s42/faces_rfwWM64/houses_yin64/results.csv,UI_shared
aa4,VGG2k / AA4,r21vgg2k_vgg16_bn_aa_s42,face_transfer,124,two_shared_ui,RFW WM64,Houses,0.37,0.4,50,within_sampled_range,UI,142,62.5,runs/yin_noise_matrix_20260926/results/r21vgg2k_vgg16_bn_aa_s42/faces_rfwWM64/houses_yin64/results.csv,UI_shared
aa4,VGG2k / AA4,r21vgg2k_vgg16_bn_aa_s42,face_transfer,124,two_shared_ui,RFW WM64,Houses,0.37,0.4,50,within_sampled_range,UI,143,45.83333333333333,runs/yin_noise_matrix_20260926/results/r21vgg2k_vgg16_bn_aa_s42/faces_rfwWM64/houses_yin64/results.csv,UI_shared
aa4,VGG2k / AA4,r21vgg2k_vgg16_bn_aa_s42,face_transfer,124,two_shared_ui,RFW WM64,Houses,0.37,0.4,50,within_sampled_range,UI,144,62.5,runs/yin_noise_matrix_20260926/results/r21vgg2k_vgg16_bn_aa_s42/faces_rfwWM64/houses_yin64/results.csv,UI_shared
aa4,VGG2k / AA4,r21vgg2k_vgg16_bn_aa_s42,face_transfer,124,two_shared_ui,RFW WM64,Houses,0.37,0.4,50,within_sampled_range,UI,145,66.66666666666666,runs/yin_noise_matrix_20260926/results/r21vgg2k_vgg16_bn_aa_s42/faces_rfwWM64/houses_yin64/results.csv,UI_shared
aa4,VGG2k / AA4,r21vgg2k_vgg16_bn_aa_s42,face_transfer,124,two_shared_ui,RFW WM64,Houses,0.37,0.4,50,within_sampled_range,UI,146,62.5,runs/yin_noise_matrix_20260926/results/r21vgg2k_vgg16_bn_aa_s42/faces_rfwWM64/houses_yin64/results.csv,UI_shared
aa4,VGG2k / AA4,r21vgg2k_vgg16_bn_aa_s42,face_transfer,124,two_shared_ui,RFW WM64,Houses,0.37,0.4,50,within_sampled_range,UI,147,70.83333333333334,runs/yin_noise_matrix_20260926/results/r21vgg2k_vgg16_bn_aa_s42/faces_rfwWM64/houses_yin64/results.csv,UI_shared
aa4,VGG2k / AA4,r21vgg2k_vgg16_bn_aa_s42,face_transfer,124,two_shared_ui,RFW WM64,Houses,0.37,0.4,50,within_sampled_range,UI,148,62.5,runs/yin_noise_matrix_20260926/results/r21vgg2k_vgg16_bn_aa_s42/faces_rfwWM64/houses_yin64/results.csv,UI_shared
aa4,VGG2k / AA4,r21vgg2k_vgg16_bn_aa_s42,face_transfer,124,two_shared_ui,RFW WM64,Houses,0.37,0.4,50,within_sampled_range,UI,149,66.66666666666666,runs/yin_noise_matrix_20260926/results/r21vgg2k_vgg16_bn_aa_s42/faces_rfwWM64/houses_yin64/results.csv,UI_shared
aa4,VGG2k / AA4,r21vgg2k_vgg16_bn_aa_s42,face_transfer,124,two_shared_ui,RFW WM64,Houses,0.37,0.4,50,within_sampled_range,UI,150,58.333333333333336,runs/yin_noise_matrix_20260926/results/r21vgg2k_vgg16_bn_aa_s42/faces_rfwWM64/houses_yin64/results.csv,UI_shared
aa4,VGG2k / AA4,r21vgg2k_vgg16_bn_aa_s42,face_transfer,124,two_shared_ui,RFW WM64,Houses,0.37,0.4,50,within_sampled_range,IU,101,58.333333333333336,runs/yin_noise_matrix_20260926/results/r21vgg2k_vgg16_bn_aa_s42/faces_rfwWM64/houses_yin64/results.csv,IU
aa4,VGG2k / AA4,r21vgg2k_vgg16_bn_aa_s42,face_transfer,124,two_shared_ui,RFW WM64,Houses,0.37,0.4,50,within_sampled_range,IU,102,45.83333333333333,runs/yin_noise_matrix_20260926/results/r21vgg2k_vgg16_bn_aa_s42/faces_rfwWM64/houses_yin64/results.csv,IU
aa4,VGG2k / AA4,r21vgg2k_vgg16_bn_aa_s42,face_transfer,124,two_shared_ui,RFW WM64,Houses,0.37,0.4,50,within_sampled_range,IU,103,66.66666666666666,runs/yin_noise_matrix_20260926/results/r21vgg2k_vgg16_bn_aa_s42/faces_rfwWM64/houses_yin64/results.csv,IU
aa4,VGG2k / AA4,r21vgg2k_vgg16_bn_aa_s42,face_transfer,124,two_shared_ui,RFW WM64,Houses,0.37,0.4,50,within_sampled_range,IU,104,45.83333333333333,runs/yin_noise_matrix_20260926/results/r21vgg2k_vgg16_bn_aa_s42/faces_rfwWM64/houses_yin64/results.csv,IU
aa4,VGG2k / AA4,r21vgg2k_vgg16_bn_aa_s42,face_transfer,124,two_shared_ui,RFW WM64,Houses,0.37,0.4,50,within_sampled_range,IU,105,58.333333333333336,runs/yin_noise_matrix_20260926/results/r21vgg2k_vgg16_bn_aa_s42/faces_rfwWM64/houses_yin64/results.csv,IU
aa4,VGG2k / AA4,r21vgg2k_vgg16_bn_aa_s42,face_transfer,124,two_shared_ui,RFW WM64,Houses,0.37,0.4,50,within_sampled_range,IU,106,41.66666666666667,runs/yin_noise_matrix_20260926/results/r21vgg2k_vgg16_bn_aa_s42/faces_rfwWM64/houses_yin64/results.csv,IU
aa4,VGG2k / AA4,r21vgg2k_vgg16_bn_aa_s42,face_transfer,124,two_shared_ui,RFW WM64,Houses,0.37,0.4,50,within_sampled_range,IU,107,50.0,runs/yin_noise_matrix_20260926/results/r21vgg2k_vgg16_bn_aa_s42/faces_rfwWM64/houses_yin64/results.csv,IU
aa4,VGG2k / AA4,r21vgg2k_vgg16_bn_aa_s42,face_transfer,124,two_shared_ui,RFW WM64,Houses,0.37,0.4,50,within_sampled_range,IU,108,41.66666666666667,runs/yin_noise_matrix_20260926/results/r21vgg2k_vgg16_bn_aa_s42/faces_rfwWM64/houses_yin64/results.csv,IU
aa4,VGG2k / AA4,r21vgg2k_vgg16_bn_aa_s42,face_transfer,124,two_shared_ui,RFW WM64,Houses,0.37,0.4,50,within_sampled_range,IU,109,54.166666666666664,runs/yin_noise_matrix_20260926/results/r21vgg2k_vgg16_bn_aa_s42/faces_rfwWM64/houses_yin64/results.csv,IU
aa4,VGG2k / AA4,r21vgg2k_vgg16_bn_aa_s42,face_transfer,124,two_shared_ui,RFW WM64,Houses,0.37,0.4,50,within_sampled_range,IU,110,54.166666666666664,runs/yin_noise_matrix_20260926/results/r21vgg2k_vgg16_bn_aa_s42/faces_rfwWM64/houses_yin64/results.csv,IU
aa4,VGG2k / AA4,r21vgg2k_vgg16_bn_aa_s42,face_transfer,124,two_shared_ui,RFW WM64,Houses,0.37,0.4,50,within_sampled_range,IU,111,45.83333333333333,runs/yin_noise_matrix_20260926/results/r21vgg2k_vgg16_bn_aa_s42/faces_rfwWM64/houses_yin64/results.csv,IU
aa4,VGG2k / AA4,r21vgg2k_vgg16_bn_aa_s42,face_transfer,124,two_shared_ui,RFW WM64,Houses,0.37,0.4,50,within_sampled_range,IU,112,45.83333333333333,runs/yin_noise_matrix_20260926/results/r21vgg2k_vgg16_bn_aa_s42/faces_rfwWM64/houses_yin64/results.csv,IU
aa4,VGG2k / AA4,r21vgg2k_vgg16_bn_aa_s42,face_transfer,124,two_shared_ui,RFW WM64,Houses,0.37,0.4,50,within_sampled_range,IU,113,58.333333333333336,runs/yin_noise_matrix_20260926/results/r21vgg2k_vgg16_bn_aa_s42/faces_rfwWM64/houses_yin64/results.csv,IU
aa4,VGG2k / AA4,r21vgg2k_vgg16_bn_aa_s42,face_transfer,124,two_shared_ui,RFW WM64,Houses,0.37,0.4,50,within_sampled_range,IU,114,66.66666666666666,runs/yin_noise_matrix_20260926/results/r21vgg2k_vgg16_bn_aa_s42/faces_rfwWM64/houses_yin64/results.csv,IU
aa4,VGG2k / AA4,r21vgg2k_vgg16_bn_aa_s42,face_transfer,124,two_shared_ui,RFW WM64,Houses,0.37,0.4,50,within_sampled_range,IU,115,75.0,runs/yin_noise_matrix_20260926/results/r21vgg2k_vgg16_bn_aa_s42/faces_rfwWM64/houses_yin64/results.csv,IU
aa4,VGG2k / AA4,r21vgg2k_vgg16_bn_aa_s42,face_transfer,124,two_shared_ui,RFW WM64,Houses,0.37,0.4,50,within_sampled_range,IU,116,37.5,runs/yin_noise_matrix_20260926/results/r21vgg2k_vgg16_bn_aa_s42/faces_rfwWM64/houses_yin64/results.csv,IU
aa4,VGG2k / AA4,r21vgg2k_vgg16_bn_aa_s42,face_transfer,124,two_shared_ui,RFW WM64,Houses,0.37,0.4,50,within_sampled_range,IU,117,54.166666666666664,runs/yin_noise_matrix_20260926/results/r21vgg2k_vgg16_bn_aa_s42/faces_rfwWM64/houses_yin64/results.csv,IU
aa4,VGG2k / AA4,r21vgg2k_vgg16_bn_aa_s42,face_transfer,124,two_shared_ui,RFW WM64,Houses,0.37,0.4,50,within_sampled_range,IU,118,66.66666666666666,runs/yin_noise_matrix_20260926/results/r21vgg2k_vgg16_bn_aa_s42/faces_rfwWM64/houses_yin64/results.csv,IU
aa4,VGG2k / AA4,r21vgg2k_vgg16_bn_aa_s42,face_transfer,124,two_shared_ui,RFW WM64,Houses,0.37,0.4,50,within_sampled_range,IU,119,66.66666666666666,runs/yin_noise_matrix_20260926/results/r21vgg2k_vgg16_bn_aa_s42/faces_rfwWM64/houses_yin64/results.csv,IU
aa4,VGG2k / AA4,r21vgg2k_vgg16_bn_aa_s42,face_transfer,124,two_shared_ui,RFW WM64,Houses,0.37,0.4,50,within_sampled_range,IU,120,54.166666666666664,runs/yin_noise_matrix_20260926/results/r21vgg2k_vgg16_bn_aa_s42/faces_rfwWM64/houses_yin64/results.csv,IU
aa4,VGG2k / AA4,r21vgg2k_vgg16_bn_aa_s42,face_transfer,124,two_shared_ui,RFW WM64,Houses,0.37,0.4,50,within_sampled_range,IU,121,58.333333333333336,runs/yin_noise_matrix_20260926/results/r21vgg2k_vgg16_bn_aa_s42/faces_rfwWM64/houses_yin64/results.csv,IU
aa4,VGG2k / AA4,r21vgg2k_vgg16_bn_aa_s42,face_transfer,124,two_shared_ui,RFW WM64,Houses,0.37,0.4,50,within_sampled_range,IU,122,62.5,runs/yin_noise_matrix_20260926/results/r21vgg2k_vgg16_bn_aa_s42/faces_rfwWM64/houses_yin64/results.csv,IU
aa4,VGG2k / AA4,r21vgg2k_vgg16_bn_aa_s42,face_transfer,124,two_shared_ui,RFW WM64,Houses,0.37,0.4,50,within_sampled_range,IU,123,50.0,runs/yin_noise_matrix_20260926/results/r21vgg2k_vgg16_bn_aa_s42/faces_rfwWM64/houses_yin64/results.csv,IU
aa4,VGG2k / AA4,r21vgg2k_vgg16_bn_aa_s42,face_transfer,124,two_shared_ui,RFW WM64,Houses,0.37,0.4,50,within_sampled_range,IU,124,45.83333333333333,runs/yin_noise_matrix_20260926/results/r21vgg2k_vgg16_bn_aa_s42/faces_rfwWM64/houses_yin64/results.csv,IU
aa4,VGG2k / AA4,r21vgg2k_vgg16_bn_aa_s42,face_transfer,124,two_shared_ui,RFW WM64,Houses,0.37,0.4,50,within_sampled_range,IU,125,41.66666666666667,runs/yin_noise_matrix_20260926/results/r21vgg2k_vgg16_bn_aa_s42/faces_rfwWM64/houses_yin64/results.csv,IU
aa4,VGG2k / AA4,r21vgg2k_vgg16_bn_aa_s42,face_transfer,124,two_shared_ui,RFW WM64,Houses,0.37,0.4,50,within_sampled_range,IU,126,54.166666666666664,runs/yin_noise_matrix_20260926/results/r21vgg2k_vgg16_bn_aa_s42/faces_rfwWM64/houses_yin64/results.csv,IU
aa4,VGG2k / AA4,r21vgg2k_vgg16_bn_aa_s42,face_transfer,124,two_shared_ui,RFW WM64,Houses,0.37,0.4,50,within_sampled_range,IU,127,66.66666666666666,runs/yin_noise_matrix_20260926/results/r21vgg2k_vgg16_bn_aa_s42/faces_rfwWM64/houses_yin64/results.csv,IU
aa4,VGG2k / AA4,r21vgg2k_vgg16_bn_aa_s42,face_transfer,124,two_shared_ui,RFW WM64,Houses,0.37,0.4,50,within_sampled_range,IU,128,70.83333333333334,runs/yin_noise_matrix_20260926/results/r21vgg2k_vgg16_bn_aa_s42/faces_rfwWM64/houses_yin64/results.csv,IU
aa4,VGG2k / AA4,r21vgg2k_vgg16_bn_aa_s42,face_transfer,124,two_shared_ui,RFW WM64,Houses,0.37,0.4,50,within_sampled_range,IU,129,58.333333333333336,runs/yin_noise_matrix_20260926/results/r21vgg2k_vgg16_bn_aa_s42/faces_rfwWM64/houses_yin64/results.csv,IU
aa4,VGG2k / AA4,r21vgg2k_vgg16_bn_aa_s42,face_transfer,124,two_shared_ui,RFW WM64,Houses,0.37,0.4,50,within_sampled_range,IU,130,45.83333333333333,runs/yin_noise_matrix_20260926/results/r21vgg2k_vgg16_bn_aa_s42/faces_rfwWM64/houses_yin64/results.csv,IU
aa4,VGG2k / AA4,r21vgg2k_vgg16_bn_aa_s42,face_transfer,124,two_shared_ui,RFW WM64,Houses,0.37,0.4,50,within_sampled_range,IU,131,54.166666666666664,runs/yin_noise_matrix_20260926/results/r21vgg2k_vgg16_bn_aa_s42/faces_rfwWM64/houses_yin64/results.csv,IU
aa4,VGG2k / AA4,r21vgg2k_vgg16_bn_aa_s42,face_transfer,124,two_shared_ui,RFW WM64,Houses,0.37,0.4,50,within_sampled_range,IU,132,66.66666666666666,runs/yin_noise_matrix_20260926/results/r21vgg2k_vgg16_bn_aa_s42/faces_rfwWM64/houses_yin64/results.csv,IU
aa4,VGG2k / AA4,r21vgg2k_vgg16_bn_aa_s42,face_transfer,124,two_shared_ui,RFW WM64,Houses,0.37,0.4,50,within_sampled_range,IU,133,75.0,runs/yin_noise_matrix_20260926/results/r21vgg2k_vgg16_bn_aa_s42/faces_rfwWM64/houses_yin64/results.csv,IU
aa4,VGG2k / AA4,r21vgg2k_vgg16_bn_aa_s42,face_transfer,124,two_shared_ui,RFW WM64,Houses,0.37,0.4,50,within_sampled_range,IU,134,66.66666666666666,runs/yin_noise_matrix_20260926/results/r21vgg2k_vgg16_bn_aa_s42/faces_rfwWM64/houses_yin64/results.csv,IU
aa4,VGG2k / AA4,r21vgg2k_vgg16_bn_aa_s42,face_transfer,124,two_shared_ui,RFW WM64,Houses,0.37,0.4,50,within_sampled_range,IU,135,37.5,runs/yin_noise_matrix_20260926/results/r21vgg2k_vgg16_bn_aa_s42/faces_rfwWM64/houses_yin64/results.csv,IU
aa4,VGG2k / AA4,r21vgg2k_vgg16_bn_aa_s42,face_transfer,124,two_shared_ui,RFW WM64,Houses,0.37,0.4,50,within_sampled_range,IU,136,62.5,runs/yin_noise_matrix_20260926/results/r21vgg2k_vgg16_bn_aa_s42/faces_rfwWM64/houses_yin64/results.csv,IU
aa4,VGG2k / AA4,r21vgg2k_vgg16_bn_aa_s42,face_transfer,124,two_shared_ui,RFW WM64,Houses,0.37,0.4,50,within_sampled_range,IU,137,58.333333333333336,runs/yin_noise_matrix_20260926/results/r21vgg2k_vgg16_bn_aa_s42/faces_rfwWM64/houses_yin64/results.csv,IU
aa4,VGG2k / AA4,r21vgg2k_vgg16_bn_aa_s42,face_transfer,124,two_shared_ui,RFW WM64,Houses,0.37,0.4,50,within_sampled_range,IU,138,70.83333333333334,runs/yin_noise_matrix_20260926/results/r21vgg2k_vgg16_bn_aa_s42/faces_rfwWM64/houses_yin64/results.csv,IU
aa4,VGG2k / AA4,r21vgg2k_vgg16_bn_aa_s42,face_transfer,124,two_shared_ui,RFW WM64,Houses,0.37,0.4,50,within_sampled_range,IU,139,37.5,runs/yin_noise_matrix_20260926/results/r21vgg2k_vgg16_bn_aa_s42/faces_rfwWM64/houses_yin64/results.csv,IU
aa4,VGG2k / AA4,r21vgg2k_vgg16_bn_aa_s42,face_transfer,124,two_shared_ui,RFW WM64,Houses,0.37,0.4,50,within_sampled_range,IU,140,50.0,runs/yin_noise_matrix_20260926/results/r21vgg2k_vgg16_bn_aa_s42/faces_rfwWM64/houses_yin64/results.csv,IU
aa4,VGG2k / AA4,r21vgg2k_vgg16_bn_aa_s42,face_transfer,124,two_shared_ui,RFW WM64,Houses,0.37,0.4,50,within_sampled_range,IU,141,41.66666666666667,runs/yin_noise_matrix_20260926/results/r21vgg2k_vgg16_bn_aa_s42/faces_rfwWM64/houses_yin64/results.csv,IU
aa4,VGG2k / AA4,r21vgg2k_vgg16_bn_aa_s42,face_transfer,124,two_shared_ui,RFW WM64,Houses,0.37,0.4,50,within_sampled_range,IU,142,50.0,runs/yin_noise_matrix_20260926/results/r21vgg2k_vgg16_bn_aa_s42/faces_rfwWM64/houses_yin64/results.csv,IU
aa4,VGG2k / AA4,r21vgg2k_vgg16_bn_aa_s42,face_transfer,124,two_shared_ui,RFW WM64,Houses,0.37,0.4,50,within_sampled_range,IU,143,50.0,runs/yin_noise_matrix_20260926/results/r21vgg2k_vgg16_bn_aa_s42/faces_rfwWM64/houses_yin64/results.csv,IU
aa4,VGG2k / AA4,r21vgg2k_vgg16_bn_aa_s42,face_transfer,124,two_shared_ui,RFW WM64,Houses,0.37,0.4,50,within_sampled_range,IU,144,33.33333333333333,runs/yin_noise_matrix_20260926/results/r21vgg2k_vgg16_bn_aa_s42/faces_rfwWM64/houses_yin64/results.csv,IU
aa4,VGG2k / AA4,r21vgg2k_vgg16_bn_aa_s42,face_transfer,124,two_shared_ui,RFW WM64,Houses,0.37,0.4,50,within_sampled_range,IU,145,58.333333333333336,runs/yin_noise_matrix_20260926/results/r21vgg2k_vgg16_bn_aa_s42/faces_rfwWM64/houses_yin64/results.csv,IU
aa4,VGG2k / AA4,r21vgg2k_vgg16_bn_aa_s42,face_transfer,124,two_shared_ui,RFW WM64,Houses,0.37,0.4,50,within_sampled_range,IU,146,62.5,runs/yin_noise_matrix_20260926/results/r21vgg2k_vgg16_bn_aa_s42/faces_rfwWM64/houses_yin64/results.csv,IU
aa4,VGG2k / AA4,r21vgg2k_vgg16_bn_aa_s42,face_transfer,124,two_shared_ui,RFW WM64,Houses,0.37,0.4,50,within_sampled_range,IU,147,54.166666666666664,runs/yin_noise_matrix_20260926/results/r21vgg2k_vgg16_bn_aa_s42/faces_rfwWM64/houses_yin64/results.csv,IU
aa4,VGG2k / AA4,r21vgg2k_vgg16_bn_aa_s42,face_transfer,124,two_shared_ui,RFW WM64,Houses,0.37,0.4,50,within_sampled_range,IU,148,50.0,runs/yin_noise_matrix_20260926/results/r21vgg2k_vgg16_bn_aa_s42/faces_rfwWM64/houses_yin64/results.csv,IU
aa4,VGG2k / AA4,r21vgg2k_vgg16_bn_aa_s42,face_transfer,124,two_shared_ui,RFW WM64,Houses,0.37,0.4,50,within_sampled_range,IU,149,79.16666666666666,runs/yin_noise_matrix_20260926/results/r21vgg2k_vgg16_bn_aa_s42/faces_rfwWM64/houses_yin64/results.csv,IU
aa4,VGG2k / AA4,r21vgg2k_vgg16_bn_aa_s42,face_transfer,124,two_shared_ui,RFW WM64,Houses,0.37,0.4,50,within_sampled_range,IU,150,54.166666666666664,runs/yin_noise_matrix_20260926/results/r21vgg2k_vgg16_bn_aa_s42/faces_rfwWM64/houses_yin64/results.csv,IU
aa4,VGG2k / AA4,r21vgg2k_vgg16_bn_aa_s42,face_transfer,124,single_uu,CFD WM64,Faces,0.35,,50,within_sampled_range,UU,101,91.66666666666666,runs/yin_single_noise_20260925/results/r21vgg2k_vgg16_bn_aa_s42/faces_cfdWM64/faces_cfdWM64/results.csv,UU
aa4,VGG2k / AA4,r21vgg2k_vgg16_bn_aa_s42,face_transfer,124,single_uu,CFD WM64,Faces,0.35,,50,within_sampled_range,UU,102,100.0,runs/yin_single_noise_20260925/results/r21vgg2k_vgg16_bn_aa_s42/faces_cfdWM64/faces_cfdWM64/results.csv,UU
aa4,VGG2k / AA4,r21vgg2k_vgg16_bn_aa_s42,face_transfer,124,single_uu,CFD WM64,Faces,0.35,,50,within_sampled_range,UU,103,95.83333333333334,runs/yin_single_noise_20260925/results/r21vgg2k_vgg16_bn_aa_s42/faces_cfdWM64/faces_cfdWM64/results.csv,UU
aa4,VGG2k / AA4,r21vgg2k_vgg16_bn_aa_s42,face_transfer,124,single_uu,CFD WM64,Faces,0.35,,50,within_sampled_range,UU,104,95.83333333333334,runs/yin_single_noise_20260925/results/r21vgg2k_vgg16_bn_aa_s42/faces_cfdWM64/faces_cfdWM64/results.csv,UU
aa4,VGG2k / AA4,r21vgg2k_vgg16_bn_aa_s42,face_transfer,124,single_uu,CFD WM64,Faces,0.35,,50,within_sampled_range,UU,105,91.66666666666666,runs/yin_single_noise_20260925/results/r21vgg2k_vgg16_bn_aa_s42/faces_cfdWM64/faces_cfdWM64/results.csv,UU
aa4,VGG2k / AA4,r21vgg2k_vgg16_bn_aa_s42,face_transfer,124,single_uu,CFD WM64,Faces,0.35,,50,within_sampled_range,UU,106,100.0,runs/yin_single_noise_20260925/results/r21vgg2k_vgg16_bn_aa_s42/faces_cfdWM64/faces_cfdWM64/results.csv,UU
aa4,VGG2k / AA4,r21vgg2k_vgg16_bn_aa_s42,face_transfer,124,single_uu,CFD WM64,Faces,0.35,,50,within_sampled_range,UU,107,100.0,runs/yin_single_noise_20260925/results/r21vgg2k_vgg16_bn_aa_s42/faces_cfdWM64/faces_cfdWM64/results.csv,UU
aa4,VGG2k / AA4,r21vgg2k_vgg16_bn_aa_s42,face_transfer,124,single_uu,CFD WM64,Faces,0.35,,50,within_sampled_range,UU,108,95.83333333333334,runs/yin_single_noise_20260925/results/r21vgg2k_vgg16_bn_aa_s42/faces_cfdWM64/faces_cfdWM64/results.csv,UU
aa4,VGG2k / AA4,r21vgg2k_vgg16_bn_aa_s42,face_transfer,124,single_uu,CFD WM64,Faces,0.35,,50,within_sampled_range,UU,109,100.0,runs/yin_single_noise_20260925/results/r21vgg2k_vgg16_bn_aa_s42/faces_cfdWM64/faces_cfdWM64/results.csv,UU
aa4,VGG2k / AA4,r21vgg2k_vgg16_bn_aa_s42,face_transfer,124,single_uu,CFD WM64,Faces,0.35,,50,within_sampled_range,UU,110,95.83333333333334,runs/yin_single_noise_20260925/results/r21vgg2k_vgg16_bn_aa_s42/faces_cfdWM64/faces_cfdWM64/results.csv,UU
aa4,VGG2k / AA4,r21vgg2k_vgg16_bn_aa_s42,face_transfer,124,single_uu,CFD WM64,Faces,0.35,,50,within_sampled_range,UU,111,100.0,runs/yin_single_noise_20260925/results/r21vgg2k_vgg16_bn_aa_s42/faces_cfdWM64/faces_cfdWM64/results.csv,UU
aa4,VGG2k / AA4,r21vgg2k_vgg16_bn_aa_s42,face_transfer,124,single_uu,CFD WM64,Faces,0.35,,50,within_sampled_range,UU,112,100.0,runs/yin_single_noise_20260925/results/r21vgg2k_vgg16_bn_aa_s42/faces_cfdWM64/faces_cfdWM64/results.csv,UU
aa4,VGG2k / AA4,r21vgg2k_vgg16_bn_aa_s42,face_transfer,124,single_uu,CFD WM64,Faces,0.35,,50,within_sampled_range,UU,113,95.83333333333334,runs/yin_single_noise_20260925/results/r21vgg2k_vgg16_bn_aa_s42/faces_cfdWM64/faces_cfdWM64/results.csv,UU
aa4,VGG2k / AA4,r21vgg2k_vgg16_bn_aa_s42,face_transfer,124,single_uu,CFD WM64,Faces,0.35,,50,within_sampled_range,UU,114,100.0,runs/yin_single_noise_20260925/results/r21vgg2k_vgg16_bn_aa_s42/faces_cfdWM64/faces_cfdWM64/results.csv,UU
aa4,VGG2k / AA4,r21vgg2k_vgg16_bn_aa_s42,face_transfer,124,single_uu,CFD WM64,Faces,0.35,,50,within_sampled_range,UU,115,95.83333333333334,runs/yin_single_noise_20260925/results/r21vgg2k_vgg16_bn_aa_s42/faces_cfdWM64/faces_cfdWM64/results.csv,UU
aa4,VGG2k / AA4,r21vgg2k_vgg16_bn_aa_s42,face_transfer,124,single_uu,CFD WM64,Faces,0.35,,50,within_sampled_range,UU,116,95.83333333333334,runs/yin_single_noise_20260925/results/r21vgg2k_vgg16_bn_aa_s42/faces_cfdWM64/faces_cfdWM64/results.csv,UU
aa4,VGG2k / AA4,r21vgg2k_vgg16_bn_aa_s42,face_transfer,124,single_uu,CFD WM64,Faces,0.35,,50,within_sampled_range,UU,117,91.66666666666666,runs/yin_single_noise_20260925/results/r21vgg2k_vgg16_bn_aa_s42/faces_cfdWM64/faces_cfdWM64/results.csv,UU
aa4,VGG2k / AA4,r21vgg2k_vgg16_bn_aa_s42,face_transfer,124,single_uu,CFD WM64,Faces,0.35,,50,within_sampled_range,UU,118,95.83333333333334,runs/yin_single_noise_20260925/results/r21vgg2k_vgg16_bn_aa_s42/faces_cfdWM64/faces_cfdWM64/results.csv,UU
aa4,VGG2k / AA4,r21vgg2k_vgg16_bn_aa_s42,face_transfer,124,single_uu,CFD WM64,Faces,0.35,,50,within_sampled_range,UU,119,95.83333333333334,runs/yin_single_noise_20260925/results/r21vgg2k_vgg16_bn_aa_s42/faces_cfdWM64/faces_cfdWM64/results.csv,UU
aa4,VGG2k / AA4,r21vgg2k_vgg16_bn_aa_s42,face_transfer,124,single_uu,CFD WM64,Faces,0.35,,50,within_sampled_range,UU,120,100.0,runs/yin_single_noise_20260925/results/r21vgg2k_vgg16_bn_aa_s42/faces_cfdWM64/faces_cfdWM64/results.csv,UU
aa4,VGG2k / AA4,r21vgg2k_vgg16_bn_aa_s42,face_transfer,124,single_uu,CFD WM64,Faces,0.35,,50,within_sampled_range,UU,121,100.0,runs/yin_single_noise_20260925/results/r21vgg2k_vgg16_bn_aa_s42/faces_cfdWM64/faces_cfdWM64/results.csv,UU
aa4,VGG2k / AA4,r21vgg2k_vgg16_bn_aa_s42,face_transfer,124,single_uu,CFD WM64,Faces,0.35,,50,within_sampled_range,UU,122,100.0,runs/yin_single_noise_20260925/results/r21vgg2k_vgg16_bn_aa_s42/faces_cfdWM64/faces_cfdWM64/results.csv,UU
aa4,VGG2k / AA4,r21vgg2k_vgg16_bn_aa_s42,face_transfer,124,single_uu,CFD WM64,Faces,0.35,,50,within_sampled_range,UU,123,87.5,runs/yin_single_noise_20260925/results/r21vgg2k_vgg16_bn_aa_s42/faces_cfdWM64/faces_cfdWM64/results.csv,UU
aa4,VGG2k / AA4,r21vgg2k_vgg16_bn_aa_s42,face_transfer,124,single_uu,CFD WM64,Faces,0.35,,50,within_sampled_range,UU,124,95.83333333333334,runs/yin_single_noise_20260925/results/r21vgg2k_vgg16_bn_aa_s42/faces_cfdWM64/faces_cfdWM64/results.csv,UU
aa4,VGG2k / AA4,r21vgg2k_vgg16_bn_aa_s42,face_transfer,124,single_uu,CFD WM64,Faces,0.35,,50,within_sampled_range,UU,125,100.0,runs/yin_single_noise_20260925/results/r21vgg2k_vgg16_bn_aa_s42/faces_cfdWM64/faces_cfdWM64/results.csv,UU
aa4,VGG2k / AA4,r21vgg2k_vgg16_bn_aa_s42,face_transfer,124,single_uu,CFD WM64,Faces,0.35,,50,within_sampled_range,UU,126,95.83333333333334,runs/yin_single_noise_20260925/results/r21vgg2k_vgg16_bn_aa_s42/faces_cfdWM64/faces_cfdWM64/results.csv,UU
aa4,VGG2k / AA4,r21vgg2k_vgg16_bn_aa_s42,face_transfer,124,single_uu,CFD WM64,Faces,0.35,,50,within_sampled_range,UU,127,100.0,runs/yin_single_noise_20260925/results/r21vgg2k_vgg16_bn_aa_s42/faces_cfdWM64/faces_cfdWM64/results.csv,UU
aa4,VGG2k / AA4,r21vgg2k_vgg16_bn_aa_s42,face_transfer,124,single_uu,CFD WM64,Faces,0.35,,50,within_sampled_range,UU,128,100.0,runs/yin_single_noise_20260925/results/r21vgg2k_vgg16_bn_aa_s42/faces_cfdWM64/faces_cfdWM64/results.csv,UU
aa4,VGG2k / AA4,r21vgg2k_vgg16_bn_aa_s42,face_transfer,124,single_uu,CFD WM64,Faces,0.35,,50,within_sampled_range,UU,129,100.0,runs/yin_single_noise_20260925/results/r21vgg2k_vgg16_bn_aa_s42/faces_cfdWM64/faces_cfdWM64/results.csv,UU
aa4,VGG2k / AA4,r21vgg2k_vgg16_bn_aa_s42,face_transfer,124,single_uu,CFD WM64,Faces,0.35,,50,within_sampled_range,UU,130,100.0,runs/yin_single_noise_20260925/results/r21vgg2k_vgg16_bn_aa_s42/faces_cfdWM64/faces_cfdWM64/results.csv,UU
aa4,VGG2k / AA4,r21vgg2k_vgg16_bn_aa_s42,face_transfer,124,single_uu,CFD WM64,Faces,0.35,,50,within_sampled_range,UU,131,95.83333333333334,runs/yin_single_noise_20260925/results/r21vgg2k_vgg16_bn_aa_s42/faces_cfdWM64/faces_cfdWM64/results.csv,UU
aa4,VGG2k / AA4,r21vgg2k_vgg16_bn_aa_s42,face_transfer,124,single_uu,CFD WM64,Faces,0.35,,50,within_sampled_range,UU,132,100.0,runs/yin_single_noise_20260925/results/r21vgg2k_vgg16_bn_aa_s42/faces_cfdWM64/faces_cfdWM64/results.csv,UU
aa4,VGG2k / AA4,r21vgg2k_vgg16_bn_aa_s42,face_transfer,124,single_uu,CFD WM64,Faces,0.35,,50,within_sampled_range,UU,133,95.83333333333334,runs/yin_single_noise_20260925/results/r21vgg2k_vgg16_bn_aa_s42/faces_cfdWM64/faces_cfdWM64/results.csv,UU
aa4,VGG2k / AA4,r21vgg2k_vgg16_bn_aa_s42,face_transfer,124,single_uu,CFD WM64,Faces,0.35,,50,within_sampled_range,UU,134,100.0,runs/yin_single_noise_20260925/results/r21vgg2k_vgg16_bn_aa_s42/faces_cfdWM64/faces_cfdWM64/results.csv,UU
aa4,VGG2k / AA4,r21vgg2k_vgg16_bn_aa_s42,face_transfer,124,single_uu,CFD WM64,Faces,0.35,,50,within_sampled_range,UU,135,95.83333333333334,runs/yin_single_noise_20260925/results/r21vgg2k_vgg16_bn_aa_s42/faces_cfdWM64/faces_cfdWM64/results.csv,UU
aa4,VGG2k / AA4,r21vgg2k_vgg16_bn_aa_s42,face_transfer,124,single_uu,CFD WM64,Faces,0.35,,50,within_sampled_range,UU,136,100.0,runs/yin_single_noise_20260925/results/r21vgg2k_vgg16_bn_aa_s42/faces_cfdWM64/faces_cfdWM64/results.csv,UU
aa4,VGG2k / AA4,r21vgg2k_vgg16_bn_aa_s42,face_transfer,124,single_uu,CFD WM64,Faces,0.35,,50,within_sampled_range,UU,137,95.83333333333334,runs/yin_single_noise_20260925/results/r21vgg2k_vgg16_bn_aa_s42/faces_cfdWM64/faces_cfdWM64/results.csv,UU
aa4,VGG2k / AA4,r21vgg2k_vgg16_bn_aa_s42,face_transfer,124,single_uu,CFD WM64,Faces,0.35,,50,within_sampled_range,UU,138,100.0,runs/yin_single_noise_20260925/results/r21vgg2k_vgg16_bn_aa_s42/faces_cfdWM64/faces_cfdWM64/results.csv,UU
aa4,VGG2k / AA4,r21vgg2k_vgg16_bn_aa_s42,face_transfer,124,single_uu,CFD WM64,Faces,0.35,,50,within_sampled_range,UU,139,100.0,runs/yin_single_noise_20260925/results/r21vgg2k_vgg16_bn_aa_s42/faces_cfdWM64/faces_cfdWM64/results.csv,UU
aa4,VGG2k / AA4,r21vgg2k_vgg16_bn_aa_s42,face_transfer,124,single_uu,CFD WM64,Faces,0.35,,50,within_sampled_range,UU,140,83.33333333333334,runs/yin_single_noise_20260925/results/r21vgg2k_vgg16_bn_aa_s42/faces_cfdWM64/faces_cfdWM64/results.csv,UU
aa4,VGG2k / AA4,r21vgg2k_vgg16_bn_aa_s42,face_transfer,124,single_uu,CFD WM64,Faces,0.35,,50,within_sampled_range,UU,141,95.83333333333334,runs/yin_single_noise_20260925/results/r21vgg2k_vgg16_bn_aa_s42/faces_cfdWM64/faces_cfdWM64/results.csv,UU
aa4,VGG2k / AA4,r21vgg2k_vgg16_bn_aa_s42,face_transfer,124,single_uu,CFD WM64,Faces,0.35,,50,within_sampled_range,UU,142,95.83333333333334,runs/yin_single_noise_20260925/results/r21vgg2k_vgg16_bn_aa_s42/faces_cfdWM64/faces_cfdWM64/results.csv,UU
aa4,VGG2k / AA4,r21vgg2k_vgg16_bn_aa_s42,face_transfer,124,single_uu,CFD WM64,Faces,0.35,,50,within_sampled_range,UU,143,95.83333333333334,runs/yin_single_noise_20260925/results/r21vgg2k_vgg16_bn_aa_s42/faces_cfdWM64/faces_cfdWM64/results.csv,UU
aa4,VGG2k / AA4,r21vgg2k_vgg16_bn_aa_s42,face_transfer,124,single_uu,CFD WM64,Faces,0.35,,50,within_sampled_range,UU,144,95.83333333333334,runs/yin_single_noise_20260925/results/r21vgg2k_vgg16_bn_aa_s42/faces_cfdWM64/faces_cfdWM64/results.csv,UU
aa4,VGG2k / AA4,r21vgg2k_vgg16_bn_aa_s42,face_transfer,124,single_uu,CFD WM64,Faces,0.35,,50,within_sampled_range,UU,145,100.0,runs/yin_single_noise_20260925/results/r21vgg2k_vgg16_bn_aa_s42/faces_cfdWM64/faces_cfdWM64/results.csv,UU
aa4,VGG2k / AA4,r21vgg2k_vgg16_bn_aa_s42,face_transfer,124,single_uu,CFD WM64,Faces,0.35,,50,within_sampled_range,UU,146,95.83333333333334,runs/yin_single_noise_20260925/results/r21vgg2k_vgg16_bn_aa_s42/faces_cfdWM64/faces_cfdWM64/results.csv,UU
aa4,VGG2k / AA4,r21vgg2k_vgg16_bn_aa_s42,face_transfer,124,single_uu,CFD WM64,Faces,0.35,,50,within_sampled_range,UU,147,91.66666666666666,runs/yin_single_noise_20260925/results/r21vgg2k_vgg16_bn_aa_s42/faces_cfdWM64/faces_cfdWM64/results.csv,UU
aa4,VGG2k / AA4,r21vgg2k_vgg16_bn_aa_s42,face_transfer,124,single_uu,CFD WM64,Faces,0.35,,50,within_sampled_range,UU,148,100.0,runs/yin_single_noise_20260925/results/r21vgg2k_vgg16_bn_aa_s42/faces_cfdWM64/faces_cfdWM64/results.csv,UU
aa4,VGG2k / AA4,r21vgg2k_vgg16_bn_aa_s42,face_transfer,124,single_uu,CFD WM64,Faces,0.35,,50,within_sampled_range,UU,149,91.66666666666666,runs/yin_single_noise_20260925/results/r21vgg2k_vgg16_bn_aa_s42/faces_cfdWM64/faces_cfdWM64/results.csv,UU
aa4,VGG2k / AA4,r21vgg2k_vgg16_bn_aa_s42,face_transfer,124,single_uu,CFD WM64,Faces,0.35,,50,within_sampled_range,UU,150,95.83333333333334,runs/yin_single_noise_20260925/results/r21vgg2k_vgg16_bn_aa_s42/faces_cfdWM64/faces_cfdWM64/results.csv,UU
aa4,VGG2k / AA4,r21vgg2k_vgg16_bn_aa_s42,face_transfer,124,single_uu,CFD WM64,Faces,0.35,,50,within_sampled_range,II,101,91.66666666666666,runs/yin_single_noise_20260925/results/r21vgg2k_vgg16_bn_aa_s42/faces_cfdWM64/faces_cfdWM64/results.csv,II
aa4,VGG2k / AA4,r21vgg2k_vgg16_bn_aa_s42,face_transfer,124,single_uu,CFD WM64,Faces,0.35,,50,within_sampled_range,II,102,91.66666666666666,runs/yin_single_noise_20260925/results/r21vgg2k_vgg16_bn_aa_s42/faces_cfdWM64/faces_cfdWM64/results.csv,II
aa4,VGG2k / AA4,r21vgg2k_vgg16_bn_aa_s42,face_transfer,124,single_uu,CFD WM64,Faces,0.35,,50,within_sampled_range,II,103,95.83333333333334,runs/yin_single_noise_20260925/results/r21vgg2k_vgg16_bn_aa_s42/faces_cfdWM64/faces_cfdWM64/results.csv,II
aa4,VGG2k / AA4,r21vgg2k_vgg16_bn_aa_s42,face_transfer,124,single_uu,CFD WM64,Faces,0.35,,50,within_sampled_range,II,104,95.83333333333334,runs/yin_single_noise_20260925/results/r21vgg2k_vgg16_bn_aa_s42/faces_cfdWM64/faces_cfdWM64/results.csv,II
aa4,VGG2k / AA4,r21vgg2k_vgg16_bn_aa_s42,face_transfer,124,single_uu,CFD WM64,Faces,0.35,,50,within_sampled_range,II,105,91.66666666666666,runs/yin_single_noise_20260925/results/r21vgg2k_vgg16_bn_aa_s42/faces_cfdWM64/faces_cfdWM64/results.csv,II
aa4,VGG2k / AA4,r21vgg2k_vgg16_bn_aa_s42,face_transfer,124,single_uu,CFD WM64,Faces,0.35,,50,within_sampled_range,II,106,91.66666666666666,runs/yin_single_noise_20260925/results/r21vgg2k_vgg16_bn_aa_s42/faces_cfdWM64/faces_cfdWM64/results.csv,II
aa4,VGG2k / AA4,r21vgg2k_vgg16_bn_aa_s42,face_transfer,124,single_uu,CFD WM64,Faces,0.35,,50,within_sampled_range,II,107,91.66666666666666,runs/yin_single_noise_20260925/results/r21vgg2k_vgg16_bn_aa_s42/faces_cfdWM64/faces_cfdWM64/results.csv,II
aa4,VGG2k / AA4,r21vgg2k_vgg16_bn_aa_s42,face_transfer,124,single_uu,CFD WM64,Faces,0.35,,50,within_sampled_range,II,108,100.0,runs/yin_single_noise_20260925/results/r21vgg2k_vgg16_bn_aa_s42/faces_cfdWM64/faces_cfdWM64/results.csv,II
aa4,VGG2k / AA4,r21vgg2k_vgg16_bn_aa_s42,face_transfer,124,single_uu,CFD WM64,Faces,0.35,,50,within_sampled_range,II,109,87.5,runs/yin_single_noise_20260925/results/r21vgg2k_vgg16_bn_aa_s42/faces_cfdWM64/faces_cfdWM64/results.csv,II
aa4,VGG2k / AA4,r21vgg2k_vgg16_bn_aa_s42,face_transfer,124,single_uu,CFD WM64,Faces,0.35,,50,within_sampled_range,II,110,95.83333333333334,runs/yin_single_noise_20260925/results/r21vgg2k_vgg16_bn_aa_s42/faces_cfdWM64/faces_cfdWM64/results.csv,II
aa4,VGG2k / AA4,r21vgg2k_vgg16_bn_aa_s42,face_transfer,124,single_uu,CFD WM64,Faces,0.35,,50,within_sampled_range,II,111,95.83333333333334,runs/yin_single_noise_20260925/results/r21vgg2k_vgg16_bn_aa_s42/faces_cfdWM64/faces_cfdWM64/results.csv,II
aa4,VGG2k / AA4,r21vgg2k_vgg16_bn_aa_s42,face_transfer,124,single_uu,CFD WM64,Faces,0.35,,50,within_sampled_range,II,112,95.83333333333334,runs/yin_single_noise_20260925/results/r21vgg2k_vgg16_bn_aa_s42/faces_cfdWM64/faces_cfdWM64/results.csv,II
aa4,VGG2k / AA4,r21vgg2k_vgg16_bn_aa_s42,face_transfer,124,single_uu,CFD WM64,Faces,0.35,,50,within_sampled_range,II,113,91.66666666666666,runs/yin_single_noise_20260925/results/r21vgg2k_vgg16_bn_aa_s42/faces_cfdWM64/faces_cfdWM64/results.csv,II
aa4,VGG2k / AA4,r21vgg2k_vgg16_bn_aa_s42,face_transfer,124,single_uu,CFD WM64,Faces,0.35,,50,within_sampled_range,II,114,95.83333333333334,runs/yin_single_noise_20260925/results/r21vgg2k_vgg16_bn_aa_s42/faces_cfdWM64/faces_cfdWM64/results.csv,II
aa4,VGG2k / AA4,r21vgg2k_vgg16_bn_aa_s42,face_transfer,124,single_uu,CFD WM64,Faces,0.35,,50,within_sampled_range,II,115,91.66666666666666,runs/yin_single_noise_20260925/results/r21vgg2k_vgg16_bn_aa_s42/faces_cfdWM64/faces_cfdWM64/results.csv,II
aa4,VGG2k / AA4,r21vgg2k_vgg16_bn_aa_s42,face_transfer,124,single_uu,CFD WM64,Faces,0.35,,50,within_sampled_range,II,116,95.83333333333334,runs/yin_single_noise_20260925/results/r21vgg2k_vgg16_bn_aa_s42/faces_cfdWM64/faces_cfdWM64/results.csv,II
aa4,VGG2k / AA4,r21vgg2k_vgg16_bn_aa_s42,face_transfer,124,single_uu,CFD WM64,Faces,0.35,,50,within_sampled_range,II,117,95.83333333333334,runs/yin_single_noise_20260925/results/r21vgg2k_vgg16_bn_aa_s42/faces_cfdWM64/faces_cfdWM64/results.csv,II
aa4,VGG2k / AA4,r21vgg2k_vgg16_bn_aa_s42,face_transfer,124,single_uu,CFD WM64,Faces,0.35,,50,within_sampled_range,II,118,95.83333333333334,runs/yin_single_noise_20260925/results/r21vgg2k_vgg16_bn_aa_s42/faces_cfdWM64/faces_cfdWM64/results.csv,II
aa4,VGG2k / AA4,r21vgg2k_vgg16_bn_aa_s42,face_transfer,124,single_uu,CFD WM64,Faces,0.35,,50,within_sampled_range,II,119,95.83333333333334,runs/yin_single_noise_20260925/results/r21vgg2k_vgg16_bn_aa_s42/faces_cfdWM64/faces_cfdWM64/results.csv,II
aa4,VGG2k / AA4,r21vgg2k_vgg16_bn_aa_s42,face_transfer,124,single_uu,CFD WM64,Faces,0.35,,50,within_sampled_range,II,120,91.66666666666666,runs/yin_single_noise_20260925/results/r21vgg2k_vgg16_bn_aa_s42/faces_cfdWM64/faces_cfdWM64/results.csv,II
aa4,VGG2k / AA4,r21vgg2k_vgg16_bn_aa_s42,face_transfer,124,single_uu,CFD WM64,Faces,0.35,,50,within_sampled_range,II,121,87.5,runs/yin_single_noise_20260925/results/r21vgg2k_vgg16_bn_aa_s42/faces_cfdWM64/faces_cfdWM64/results.csv,II
aa4,VGG2k / AA4,r21vgg2k_vgg16_bn_aa_s42,face_transfer,124,single_uu,CFD WM64,Faces,0.35,,50,within_sampled_range,II,122,91.66666666666666,runs/yin_single_noise_20260925/results/r21vgg2k_vgg16_bn_aa_s42/faces_cfdWM64/faces_cfdWM64/results.csv,II
aa4,VGG2k / AA4,r21vgg2k_vgg16_bn_aa_s42,face_transfer,124,single_uu,CFD WM64,Faces,0.35,,50,within_sampled_range,II,123,95.83333333333334,runs/yin_single_noise_20260925/results/r21vgg2k_vgg16_bn_aa_s42/faces_cfdWM64/faces_cfdWM64/results.csv,II
aa4,VGG2k / AA4,r21vgg2k_vgg16_bn_aa_s42,face_transfer,124,single_uu,CFD WM64,Faces,0.35,,50,within_sampled_range,II,124,100.0,runs/yin_single_noise_20260925/results/r21vgg2k_vgg16_bn_aa_s42/faces_cfdWM64/faces_cfdWM64/results.csv,II
aa4,VGG2k / AA4,r21vgg2k_vgg16_bn_aa_s42,face_transfer,124,single_uu,CFD WM64,Faces,0.35,,50,within_sampled_range,II,125,91.66666666666666,runs/yin_single_noise_20260925/results/r21vgg2k_vgg16_bn_aa_s42/faces_cfdWM64/faces_cfdWM64/results.csv,II
aa4,VGG2k / AA4,r21vgg2k_vgg16_bn_aa_s42,face_transfer,124,single_uu,CFD WM64,Faces,0.35,,50,within_sampled_range,II,126,100.0,runs/yin_single_noise_20260925/results/r21vgg2k_vgg16_bn_aa_s42/faces_cfdWM64/faces_cfdWM64/results.csv,II
aa4,VGG2k / AA4,r21vgg2k_vgg16_bn_aa_s42,face_transfer,124,single_uu,CFD WM64,Faces,0.35,,50,within_sampled_range,II,127,100.0,runs/yin_single_noise_20260925/results/r21vgg2k_vgg16_bn_aa_s42/faces_cfdWM64/faces_cfdWM64/results.csv,II
aa4,VGG2k / AA4,r21vgg2k_vgg16_bn_aa_s42,face_transfer,124,single_uu,CFD WM64,Faces,0.35,,50,within_sampled_range,II,128,95.83333333333334,runs/yin_single_noise_20260925/results/r21vgg2k_vgg16_bn_aa_s42/faces_cfdWM64/faces_cfdWM64/results.csv,II
aa4,VGG2k / AA4,r21vgg2k_vgg16_bn_aa_s42,face_transfer,124,single_uu,CFD WM64,Faces,0.35,,50,within_sampled_range,II,129,91.66666666666666,runs/yin_single_noise_20260925/results/r21vgg2k_vgg16_bn_aa_s42/faces_cfdWM64/faces_cfdWM64/results.csv,II
aa4,VGG2k / AA4,r21vgg2k_vgg16_bn_aa_s42,face_transfer,124,single_uu,CFD WM64,Faces,0.35,,50,within_sampled_range,II,130,100.0,runs/yin_single_noise_20260925/results/r21vgg2k_vgg16_bn_aa_s42/faces_cfdWM64/faces_cfdWM64/results.csv,II
aa4,VGG2k / AA4,r21vgg2k_vgg16_bn_aa_s42,face_transfer,124,single_uu,CFD WM64,Faces,0.35,,50,within_sampled_range,II,131,91.66666666666666,runs/yin_single_noise_20260925/results/r21vgg2k_vgg16_bn_aa_s42/faces_cfdWM64/faces_cfdWM64/results.csv,II
aa4,VGG2k / AA4,r21vgg2k_vgg16_bn_aa_s42,face_transfer,124,single_uu,CFD WM64,Faces,0.35,,50,within_sampled_range,II,132,91.66666666666666,runs/yin_single_noise_20260925/results/r21vgg2k_vgg16_bn_aa_s42/faces_cfdWM64/faces_cfdWM64/results.csv,II
aa4,VGG2k / AA4,r21vgg2k_vgg16_bn_aa_s42,face_transfer,124,single_uu,CFD WM64,Faces,0.35,,50,within_sampled_range,II,133,95.83333333333334,runs/yin_single_noise_20260925/results/r21vgg2k_vgg16_bn_aa_s42/faces_cfdWM64/faces_cfdWM64/results.csv,II
aa4,VGG2k / AA4,r21vgg2k_vgg16_bn_aa_s42,face_transfer,124,single_uu,CFD WM64,Faces,0.35,,50,within_sampled_range,II,134,87.5,runs/yin_single_noise_20260925/results/r21vgg2k_vgg16_bn_aa_s42/faces_cfdWM64/faces_cfdWM64/results.csv,II
aa4,VGG2k / AA4,r21vgg2k_vgg16_bn_aa_s42,face_transfer,124,single_uu,CFD WM64,Faces,0.35,,50,within_sampled_range,II,135,87.5,runs/yin_single_noise_20260925/results/r21vgg2k_vgg16_bn_aa_s42/faces_cfdWM64/faces_cfdWM64/results.csv,II
aa4,VGG2k / AA4,r21vgg2k_vgg16_bn_aa_s42,face_transfer,124,single_uu,CFD WM64,Faces,0.35,,50,within_sampled_range,II,136,87.5,runs/yin_single_noise_20260925/results/r21vgg2k_vgg16_bn_aa_s42/faces_cfdWM64/faces_cfdWM64/results.csv,II
aa4,VGG2k / AA4,r21vgg2k_vgg16_bn_aa_s42,face_transfer,124,single_uu,CFD WM64,Faces,0.35,,50,within_sampled_range,II,137,87.5,runs/yin_single_noise_20260925/results/r21vgg2k_vgg16_bn_aa_s42/faces_cfdWM64/faces_cfdWM64/results.csv,II
aa4,VGG2k / AA4,r21vgg2k_vgg16_bn_aa_s42,face_transfer,124,single_uu,CFD WM64,Faces,0.35,,50,within_sampled_range,II,138,95.83333333333334,runs/yin_single_noise_20260925/results/r21vgg2k_vgg16_bn_aa_s42/faces_cfdWM64/faces_cfdWM64/results.csv,II
aa4,VGG2k / AA4,r21vgg2k_vgg16_bn_aa_s42,face_transfer,124,single_uu,CFD WM64,Faces,0.35,,50,within_sampled_range,II,139,95.83333333333334,runs/yin_single_noise_20260925/results/r21vgg2k_vgg16_bn_aa_s42/faces_cfdWM64/faces_cfdWM64/results.csv,II
aa4,VGG2k / AA4,r21vgg2k_vgg16_bn_aa_s42,face_transfer,124,single_uu,CFD WM64,Faces,0.35,,50,within_sampled_range,II,140,91.66666666666666,runs/yin_single_noise_20260925/results/r21vgg2k_vgg16_bn_aa_s42/faces_cfdWM64/faces_cfdWM64/results.csv,II
aa4,VGG2k / AA4,r21vgg2k_vgg16_bn_aa_s42,face_transfer,124,single_uu,CFD WM64,Faces,0.35,,50,within_sampled_range,II,141,95.83333333333334,runs/yin_single_noise_20260925/results/r21vgg2k_vgg16_bn_aa_s42/faces_cfdWM64/faces_cfdWM64/results.csv,II
aa4,VGG2k / AA4,r21vgg2k_vgg16_bn_aa_s42,face_transfer,124,single_uu,CFD WM64,Faces,0.35,,50,within_sampled_range,II,142,91.66666666666666,runs/yin_single_noise_20260925/results/r21vgg2k_vgg16_bn_aa_s42/faces_cfdWM64/faces_cfdWM64/results.csv,II
aa4,VGG2k / AA4,r21vgg2k_vgg16_bn_aa_s42,face_transfer,124,single_uu,CFD WM64,Faces,0.35,,50,within_sampled_range,II,143,87.5,runs/yin_single_noise_20260925/results/r21vgg2k_vgg16_bn_aa_s42/faces_cfdWM64/faces_cfdWM64/results.csv,II
aa4,VGG2k / AA4,r21vgg2k_vgg16_bn_aa_s42,face_transfer,124,single_uu,CFD WM64,Faces,0.35,,50,within_sampled_range,II,144,87.5,runs/yin_single_noise_20260925/results/r21vgg2k_vgg16_bn_aa_s42/faces_cfdWM64/faces_cfdWM64/results.csv,II
aa4,VGG2k / AA4,r21vgg2k_vgg16_bn_aa_s42,face_transfer,124,single_uu,CFD WM64,Faces,0.35,,50,within_sampled_range,II,145,91.66666666666666,runs/yin_single_noise_20260925/results/r21vgg2k_vgg16_bn_aa_s42/faces_cfdWM64/faces_cfdWM64/results.csv,II
aa4,VGG2k / AA4,r21vgg2k_vgg16_bn_aa_s42,face_transfer,124,single_uu,CFD WM64,Faces,0.35,,50,within_sampled_range,II,146,87.5,runs/yin_single_noise_20260925/results/r21vgg2k_vgg16_bn_aa_s42/faces_cfdWM64/faces_cfdWM64/results.csv,II
aa4,VGG2k / AA4,r21vgg2k_vgg16_bn_aa_s42,face_transfer,124,single_uu,CFD WM64,Faces,0.35,,50,within_sampled_range,II,147,83.33333333333334,runs/yin_single_noise_20260925/results/r21vgg2k_vgg16_bn_aa_s42/faces_cfdWM64/faces_cfdWM64/results.csv,II
aa4,VGG2k / AA4,r21vgg2k_vgg16_bn_aa_s42,face_transfer,124,single_uu,CFD WM64,Faces,0.35,,50,within_sampled_range,II,148,83.33333333333334,runs/yin_single_noise_20260925/results/r21vgg2k_vgg16_bn_aa_s42/faces_cfdWM64/faces_cfdWM64/results.csv,II
aa4,VGG2k / AA4,r21vgg2k_vgg16_bn_aa_s42,face_transfer,124,single_uu,CFD WM64,Faces,0.35,,50,within_sampled_range,II,149,95.83333333333334,runs/yin_single_noise_20260925/results/r21vgg2k_vgg16_bn_aa_s42/faces_cfdWM64/faces_cfdWM64/results.csv,II
aa4,VGG2k / AA4,r21vgg2k_vgg16_bn_aa_s42,face_transfer,124,single_uu,CFD WM64,Faces,0.35,,50,within_sampled_range,II,150,91.66666666666666,runs/yin_single_noise_20260925/results/r21vgg2k_vgg16_bn_aa_s42/faces_cfdWM64/faces_cfdWM64/results.csv,II
aa4,VGG2k / AA4,r21vgg2k_vgg16_bn_aa_s42,face_transfer,124,single_uu,CFD WM64,Faces,0.35,,50,within_sampled_range,UI,101,91.66666666666666,runs/yin_single_noise_20260925/results/r21vgg2k_vgg16_bn_aa_s42/faces_cfdWM64/faces_cfdWM64/results.csv,UI
aa4,VGG2k / AA4,r21vgg2k_vgg16_bn_aa_s42,face_transfer,124,single_uu,CFD WM64,Faces,0.35,,50,within_sampled_range,UI,102,83.33333333333334,runs/yin_single_noise_20260925/results/r21vgg2k_vgg16_bn_aa_s42/faces_cfdWM64/faces_cfdWM64/results.csv,UI
aa4,VGG2k / AA4,r21vgg2k_vgg16_bn_aa_s42,face_transfer,124,single_uu,CFD WM64,Faces,0.35,,50,within_sampled_range,UI,103,91.66666666666666,runs/yin_single_noise_20260925/results/r21vgg2k_vgg16_bn_aa_s42/faces_cfdWM64/faces_cfdWM64/results.csv,UI
aa4,VGG2k / AA4,r21vgg2k_vgg16_bn_aa_s42,face_transfer,124,single_uu,CFD WM64,Faces,0.35,,50,within_sampled_range,UI,104,95.83333333333334,runs/yin_single_noise_20260925/results/r21vgg2k_vgg16_bn_aa_s42/faces_cfdWM64/faces_cfdWM64/results.csv,UI
aa4,VGG2k / AA4,r21vgg2k_vgg16_bn_aa_s42,face_transfer,124,single_uu,CFD WM64,Faces,0.35,,50,within_sampled_range,UI,105,87.5,runs/yin_single_noise_20260925/results/r21vgg2k_vgg16_bn_aa_s42/faces_cfdWM64/faces_cfdWM64/results.csv,UI
aa4,VGG2k / AA4,r21vgg2k_vgg16_bn_aa_s42,face_transfer,124,single_uu,CFD WM64,Faces,0.35,,50,within_sampled_range,UI,106,95.83333333333334,runs/yin_single_noise_20260925/results/r21vgg2k_vgg16_bn_aa_s42/faces_cfdWM64/faces_cfdWM64/results.csv,UI
aa4,VGG2k / AA4,r21vgg2k_vgg16_bn_aa_s42,face_transfer,124,single_uu,CFD WM64,Faces,0.35,,50,within_sampled_range,UI,107,100.0,runs/yin_single_noise_20260925/results/r21vgg2k_vgg16_bn_aa_s42/faces_cfdWM64/faces_cfdWM64/results.csv,UI
aa4,VGG2k / AA4,r21vgg2k_vgg16_bn_aa_s42,face_transfer,124,single_uu,CFD WM64,Faces,0.35,,50,within_sampled_range,UI,108,95.83333333333334,runs/yin_single_noise_20260925/results/r21vgg2k_vgg16_bn_aa_s42/faces_cfdWM64/faces_cfdWM64/results.csv,UI
aa4,VGG2k / AA4,r21vgg2k_vgg16_bn_aa_s42,face_transfer,124,single_uu,CFD WM64,Faces,0.35,,50,within_sampled_range,UI,109,100.0,runs/yin_single_noise_20260925/results/r21vgg2k_vgg16_bn_aa_s42/faces_cfdWM64/faces_cfdWM64/results.csv,UI
aa4,VGG2k / AA4,r21vgg2k_vgg16_bn_aa_s42,face_transfer,124,single_uu,CFD WM64,Faces,0.35,,50,within_sampled_range,UI,110,87.5,runs/yin_single_noise_20260925/results/r21vgg2k_vgg16_bn_aa_s42/faces_cfdWM64/faces_cfdWM64/results.csv,UI
aa4,VGG2k / AA4,r21vgg2k_vgg16_bn_aa_s42,face_transfer,124,single_uu,CFD WM64,Faces,0.35,,50,within_sampled_range,UI,111,87.5,runs/yin_single_noise_20260925/results/r21vgg2k_vgg16_bn_aa_s42/faces_cfdWM64/faces_cfdWM64/results.csv,UI
aa4,VGG2k / AA4,r21vgg2k_vgg16_bn_aa_s42,face_transfer,124,single_uu,CFD WM64,Faces,0.35,,50,within_sampled_range,UI,112,87.5,runs/yin_single_noise_20260925/results/r21vgg2k_vgg16_bn_aa_s42/faces_cfdWM64/faces_cfdWM64/results.csv,UI
aa4,VGG2k / AA4,r21vgg2k_vgg16_bn_aa_s42,face_transfer,124,single_uu,CFD WM64,Faces,0.35,,50,within_sampled_range,UI,113,87.5,runs/yin_single_noise_20260925/results/r21vgg2k_vgg16_bn_aa_s42/faces_cfdWM64/faces_cfdWM64/results.csv,UI
aa4,VGG2k / AA4,r21vgg2k_vgg16_bn_aa_s42,face_transfer,124,single_uu,CFD WM64,Faces,0.35,,50,within_sampled_range,UI,114,87.5,runs/yin_single_noise_20260925/results/r21vgg2k_vgg16_bn_aa_s42/faces_cfdWM64/faces_cfdWM64/results.csv,UI
aa4,VGG2k / AA4,r21vgg2k_vgg16_bn_aa_s42,face_transfer,124,single_uu,CFD WM64,Faces,0.35,,50,within_sampled_range,UI,115,91.66666666666666,runs/yin_single_noise_20260925/results/r21vgg2k_vgg16_bn_aa_s42/faces_cfdWM64/faces_cfdWM64/results.csv,UI
aa4,VGG2k / AA4,r21vgg2k_vgg16_bn_aa_s42,face_transfer,124,single_uu,CFD WM64,Faces,0.35,,50,within_sampled_range,UI,116,95.83333333333334,runs/yin_single_noise_20260925/results/r21vgg2k_vgg16_bn_aa_s42/faces_cfdWM64/faces_cfdWM64/results.csv,UI
aa4,VGG2k / AA4,r21vgg2k_vgg16_bn_aa_s42,face_transfer,124,single_uu,CFD WM64,Faces,0.35,,50,within_sampled_range,UI,117,87.5,runs/yin_single_noise_20260925/results/r21vgg2k_vgg16_bn_aa_s42/faces_cfdWM64/faces_cfdWM64/results.csv,UI
aa4,VGG2k / AA4,r21vgg2k_vgg16_bn_aa_s42,face_transfer,124,single_uu,CFD WM64,Faces,0.35,,50,within_sampled_range,UI,118,83.33333333333334,runs/yin_single_noise_20260925/results/r21vgg2k_vgg16_bn_aa_s42/faces_cfdWM64/faces_cfdWM64/results.csv,UI
aa4,VGG2k / AA4,r21vgg2k_vgg16_bn_aa_s42,face_transfer,124,single_uu,CFD WM64,Faces,0.35,,50,within_sampled_range,UI,119,95.83333333333334,runs/yin_single_noise_20260925/results/r21vgg2k_vgg16_bn_aa_s42/faces_cfdWM64/faces_cfdWM64/results.csv,UI
aa4,VGG2k / AA4,r21vgg2k_vgg16_bn_aa_s42,face_transfer,124,single_uu,CFD WM64,Faces,0.35,,50,within_sampled_range,UI,120,91.66666666666666,runs/yin_single_noise_20260925/results/r21vgg2k_vgg16_bn_aa_s42/faces_cfdWM64/faces_cfdWM64/results.csv,UI
aa4,VGG2k / AA4,r21vgg2k_vgg16_bn_aa_s42,face_transfer,124,single_uu,CFD WM64,Faces,0.35,,50,within_sampled_range,UI,121,87.5,runs/yin_single_noise_20260925/results/r21vgg2k_vgg16_bn_aa_s42/faces_cfdWM64/faces_cfdWM64/results.csv,UI
aa4,VGG2k / AA4,r21vgg2k_vgg16_bn_aa_s42,face_transfer,124,single_uu,CFD WM64,Faces,0.35,,50,within_sampled_range,UI,122,91.66666666666666,runs/yin_single_noise_20260925/results/r21vgg2k_vgg16_bn_aa_s42/faces_cfdWM64/faces_cfdWM64/results.csv,UI
aa4,VGG2k / AA4,r21vgg2k_vgg16_bn_aa_s42,face_transfer,124,single_uu,CFD WM64,Faces,0.35,,50,within_sampled_range,UI,123,87.5,runs/yin_single_noise_20260925/results/r21vgg2k_vgg16_bn_aa_s42/faces_cfdWM64/faces_cfdWM64/results.csv,UI
aa4,VGG2k / AA4,r21vgg2k_vgg16_bn_aa_s42,face_transfer,124,single_uu,CFD WM64,Faces,0.35,,50,within_sampled_range,UI,124,95.83333333333334,runs/yin_single_noise_20260925/results/r21vgg2k_vgg16_bn_aa_s42/faces_cfdWM64/faces_cfdWM64/results.csv,UI
aa4,VGG2k / AA4,r21vgg2k_vgg16_bn_aa_s42,face_transfer,124,single_uu,CFD WM64,Faces,0.35,,50,within_sampled_range,UI,125,95.83333333333334,runs/yin_single_noise_20260925/results/r21vgg2k_vgg16_bn_aa_s42/faces_cfdWM64/faces_cfdWM64/results.csv,UI
aa4,VGG2k / AA4,r21vgg2k_vgg16_bn_aa_s42,face_transfer,124,single_uu,CFD WM64,Faces,0.35,,50,within_sampled_range,UI,126,95.83333333333334,runs/yin_single_noise_20260925/results/r21vgg2k_vgg16_bn_aa_s42/faces_cfdWM64/faces_cfdWM64/results.csv,UI
aa4,VGG2k / AA4,r21vgg2k_vgg16_bn_aa_s42,face_transfer,124,single_uu,CFD WM64,Faces,0.35,,50,within_sampled_range,UI,127,87.5,runs/yin_single_noise_20260925/results/r21vgg2k_vgg16_bn_aa_s42/faces_cfdWM64/faces_cfdWM64/results.csv,UI
aa4,VGG2k / AA4,r21vgg2k_vgg16_bn_aa_s42,face_transfer,124,single_uu,CFD WM64,Faces,0.35,,50,within_sampled_range,UI,128,95.83333333333334,runs/yin_single_noise_20260925/results/r21vgg2k_vgg16_bn_aa_s42/faces_cfdWM64/faces_cfdWM64/results.csv,UI
aa4,VGG2k / AA4,r21vgg2k_vgg16_bn_aa_s42,face_transfer,124,single_uu,CFD WM64,Faces,0.35,,50,within_sampled_range,UI,129,100.0,runs/yin_single_noise_20260925/results/r21vgg2k_vgg16_bn_aa_s42/faces_cfdWM64/faces_cfdWM64/results.csv,UI
aa4,VGG2k / AA4,r21vgg2k_vgg16_bn_aa_s42,face_transfer,124,single_uu,CFD WM64,Faces,0.35,,50,within_sampled_range,UI,130,91.66666666666666,runs/yin_single_noise_20260925/results/r21vgg2k_vgg16_bn_aa_s42/faces_cfdWM64/faces_cfdWM64/results.csv,UI
aa4,VGG2k / AA4,r21vgg2k_vgg16_bn_aa_s42,face_transfer,124,single_uu,CFD WM64,Faces,0.35,,50,within_sampled_range,UI,131,87.5,runs/yin_single_noise_20260925/results/r21vgg2k_vgg16_bn_aa_s42/faces_cfdWM64/faces_cfdWM64/results.csv,UI
aa4,VGG2k / AA4,r21vgg2k_vgg16_bn_aa_s42,face_transfer,124,single_uu,CFD WM64,Faces,0.35,,50,within_sampled_range,UI,132,87.5,runs/yin_single_noise_20260925/results/r21vgg2k_vgg16_bn_aa_s42/faces_cfdWM64/faces_cfdWM64/results.csv,UI
aa4,VGG2k / AA4,r21vgg2k_vgg16_bn_aa_s42,face_transfer,124,single_uu,CFD WM64,Faces,0.35,,50,within_sampled_range,UI,133,87.5,runs/yin_single_noise_20260925/results/r21vgg2k_vgg16_bn_aa_s42/faces_cfdWM64/faces_cfdWM64/results.csv,UI
aa4,VGG2k / AA4,r21vgg2k_vgg16_bn_aa_s42,face_transfer,124,single_uu,CFD WM64,Faces,0.35,,50,within_sampled_range,UI,134,87.5,runs/yin_single_noise_20260925/results/r21vgg2k_vgg16_bn_aa_s42/faces_cfdWM64/faces_cfdWM64/results.csv,UI
aa4,VGG2k / AA4,r21vgg2k_vgg16_bn_aa_s42,face_transfer,124,single_uu,CFD WM64,Faces,0.35,,50,within_sampled_range,UI,135,95.83333333333334,runs/yin_single_noise_20260925/results/r21vgg2k_vgg16_bn_aa_s42/faces_cfdWM64/faces_cfdWM64/results.csv,UI
aa4,VGG2k / AA4,r21vgg2k_vgg16_bn_aa_s42,face_transfer,124,single_uu,CFD WM64,Faces,0.35,,50,within_sampled_range,UI,136,83.33333333333334,runs/yin_single_noise_20260925/results/r21vgg2k_vgg16_bn_aa_s42/faces_cfdWM64/faces_cfdWM64/results.csv,UI
aa4,VGG2k / AA4,r21vgg2k_vgg16_bn_aa_s42,face_transfer,124,single_uu,CFD WM64,Faces,0.35,,50,within_sampled_range,UI,137,91.66666666666666,runs/yin_single_noise_20260925/results/r21vgg2k_vgg16_bn_aa_s42/faces_cfdWM64/faces_cfdWM64/results.csv,UI
aa4,VGG2k / AA4,r21vgg2k_vgg16_bn_aa_s42,face_transfer,124,single_uu,CFD WM64,Faces,0.35,,50,within_sampled_range,UI,138,95.83333333333334,runs/yin_single_noise_20260925/results/r21vgg2k_vgg16_bn_aa_s42/faces_cfdWM64/faces_cfdWM64/results.csv,UI
aa4,VGG2k / AA4,r21vgg2k_vgg16_bn_aa_s42,face_transfer,124,single_uu,CFD WM64,Faces,0.35,,50,within_sampled_range,UI,139,91.66666666666666,runs/yin_single_noise_20260925/results/r21vgg2k_vgg16_bn_aa_s42/faces_cfdWM64/faces_cfdWM64/results.csv,UI
aa4,VGG2k / AA4,r21vgg2k_vgg16_bn_aa_s42,face_transfer,124,single_uu,CFD WM64,Faces,0.35,,50,within_sampled_range,UI,140,87.5,runs/yin_single_noise_20260925/results/r21vgg2k_vgg16_bn_aa_s42/faces_cfdWM64/faces_cfdWM64/results.csv,UI
aa4,VGG2k / AA4,r21vgg2k_vgg16_bn_aa_s42,face_transfer,124,single_uu,CFD WM64,Faces,0.35,,50,within_sampled_range,UI,141,100.0,runs/yin_single_noise_20260925/results/r21vgg2k_vgg16_bn_aa_s42/faces_cfdWM64/faces_cfdWM64/results.csv,UI
aa4,VGG2k / AA4,r21vgg2k_vgg16_bn_aa_s42,face_transfer,124,single_uu,CFD WM64,Faces,0.35,,50,within_sampled_range,UI,142,91.66666666666666,runs/yin_single_noise_20260925/results/r21vgg2k_vgg16_bn_aa_s42/faces_cfdWM64/faces_cfdWM64/results.csv,UI
aa4,VGG2k / AA4,r21vgg2k_vgg16_bn_aa_s42,face_transfer,124,single_uu,CFD WM64,Faces,0.35,,50,within_sampled_range,UI,143,95.83333333333334,runs/yin_single_noise_20260925/results/r21vgg2k_vgg16_bn_aa_s42/faces_cfdWM64/faces_cfdWM64/results.csv,UI
aa4,VGG2k / AA4,r21vgg2k_vgg16_bn_aa_s42,face_transfer,124,single_uu,CFD WM64,Faces,0.35,,50,within_sampled_range,UI,144,100.0,runs/yin_single_noise_20260925/results/r21vgg2k_vgg16_bn_aa_s42/faces_cfdWM64/faces_cfdWM64/results.csv,UI
aa4,VGG2k / AA4,r21vgg2k_vgg16_bn_aa_s42,face_transfer,124,single_uu,CFD WM64,Faces,0.35,,50,within_sampled_range,UI,145,91.66666666666666,runs/yin_single_noise_20260925/results/r21vgg2k_vgg16_bn_aa_s42/faces_cfdWM64/faces_cfdWM64/results.csv,UI
aa4,VGG2k / AA4,r21vgg2k_vgg16_bn_aa_s42,face_transfer,124,single_uu,CFD WM64,Faces,0.35,,50,within_sampled_range,UI,146,95.83333333333334,runs/yin_single_noise_20260925/results/r21vgg2k_vgg16_bn_aa_s42/faces_cfdWM64/faces_cfdWM64/results.csv,UI
aa4,VGG2k / AA4,r21vgg2k_vgg16_bn_aa_s42,face_transfer,124,single_uu,CFD WM64,Faces,0.35,,50,within_sampled_range,UI,147,83.33333333333334,runs/yin_single_noise_20260925/results/r21vgg2k_vgg16_bn_aa_s42/faces_cfdWM64/faces_cfdWM64/results.csv,UI
aa4,VGG2k / AA4,r21vgg2k_vgg16_bn_aa_s42,face_transfer,124,single_uu,CFD WM64,Faces,0.35,,50,within_sampled_range,UI,148,91.66666666666666,runs/yin_single_noise_20260925/results/r21vgg2k_vgg16_bn_aa_s42/faces_cfdWM64/faces_cfdWM64/results.csv,UI
aa4,VGG2k / AA4,r21vgg2k_vgg16_bn_aa_s42,face_transfer,124,single_uu,CFD WM64,Faces,0.35,,50,within_sampled_range,UI,149,91.66666666666666,runs/yin_single_noise_20260925/results/r21vgg2k_vgg16_bn_aa_s42/faces_cfdWM64/faces_cfdWM64/results.csv,UI
aa4,VGG2k / AA4,r21vgg2k_vgg16_bn_aa_s42,face_transfer,124,single_uu,CFD WM64,Faces,0.35,,50,within_sampled_range,UI,150,87.5,runs/yin_single_noise_20260925/results/r21vgg2k_vgg16_bn_aa_s42/faces_cfdWM64/faces_cfdWM64/results.csv,UI
aa4,VGG2k / AA4,r21vgg2k_vgg16_bn_aa_s42,face_transfer,124,single_uu,CFD WM64,Faces,0.35,,50,within_sampled_range,IU,101,95.83333333333334,runs/yin_single_noise_20260925/results/r21vgg2k_vgg16_bn_aa_s42/faces_cfdWM64/faces_cfdWM64/results.csv,IU
aa4,VGG2k / AA4,r21vgg2k_vgg16_bn_aa_s42,face_transfer,124,single_uu,CFD WM64,Faces,0.35,,50,within_sampled_range,IU,102,95.83333333333334,runs/yin_single_noise_20260925/results/r21vgg2k_vgg16_bn_aa_s42/faces_cfdWM64/faces_cfdWM64/results.csv,IU
aa4,VGG2k / AA4,r21vgg2k_vgg16_bn_aa_s42,face_transfer,124,single_uu,CFD WM64,Faces,0.35,,50,within_sampled_range,IU,103,91.66666666666666,runs/yin_single_noise_20260925/results/r21vgg2k_vgg16_bn_aa_s42/faces_cfdWM64/faces_cfdWM64/results.csv,IU
aa4,VGG2k / AA4,r21vgg2k_vgg16_bn_aa_s42,face_transfer,124,single_uu,CFD WM64,Faces,0.35,,50,within_sampled_range,IU,104,91.66666666666666,runs/yin_single_noise_20260925/results/r21vgg2k_vgg16_bn_aa_s42/faces_cfdWM64/faces_cfdWM64/results.csv,IU
aa4,VGG2k / AA4,r21vgg2k_vgg16_bn_aa_s42,face_transfer,124,single_uu,CFD WM64,Faces,0.35,,50,within_sampled_range,IU,105,91.66666666666666,runs/yin_single_noise_20260925/results/r21vgg2k_vgg16_bn_aa_s42/faces_cfdWM64/faces_cfdWM64/results.csv,IU
aa4,VGG2k / AA4,r21vgg2k_vgg16_bn_aa_s42,face_transfer,124,single_uu,CFD WM64,Faces,0.35,,50,within_sampled_range,IU,106,95.83333333333334,runs/yin_single_noise_20260925/results/r21vgg2k_vgg16_bn_aa_s42/faces_cfdWM64/faces_cfdWM64/results.csv,IU
aa4,VGG2k / AA4,r21vgg2k_vgg16_bn_aa_s42,face_transfer,124,single_uu,CFD WM64,Faces,0.35,,50,within_sampled_range,IU,107,95.83333333333334,runs/yin_single_noise_20260925/results/r21vgg2k_vgg16_bn_aa_s42/faces_cfdWM64/faces_cfdWM64/results.csv,IU
aa4,VGG2k / AA4,r21vgg2k_vgg16_bn_aa_s42,face_transfer,124,single_uu,CFD WM64,Faces,0.35,,50,within_sampled_range,IU,108,91.66666666666666,runs/yin_single_noise_20260925/results/r21vgg2k_vgg16_bn_aa_s42/faces_cfdWM64/faces_cfdWM64/results.csv,IU
aa4,VGG2k / AA4,r21vgg2k_vgg16_bn_aa_s42,face_transfer,124,single_uu,CFD WM64,Faces,0.35,,50,within_sampled_range,IU,109,95.83333333333334,runs/yin_single_noise_20260925/results/r21vgg2k_vgg16_bn_aa_s42/faces_cfdWM64/faces_cfdWM64/results.csv,IU
aa4,VGG2k / AA4,r21vgg2k_vgg16_bn_aa_s42,face_transfer,124,single_uu,CFD WM64,Faces,0.35,,50,within_sampled_range,IU,110,95.83333333333334,runs/yin_single_noise_20260925/results/r21vgg2k_vgg16_bn_aa_s42/faces_cfdWM64/faces_cfdWM64/results.csv,IU
aa4,VGG2k / AA4,r21vgg2k_vgg16_bn_aa_s42,face_transfer,124,single_uu,CFD WM64,Faces,0.35,,50,within_sampled_range,IU,111,87.5,runs/yin_single_noise_20260925/results/r21vgg2k_vgg16_bn_aa_s42/faces_cfdWM64/faces_cfdWM64/results.csv,IU
aa4,VGG2k / AA4,r21vgg2k_vgg16_bn_aa_s42,face_transfer,124,single_uu,CFD WM64,Faces,0.35,,50,within_sampled_range,IU,112,87.5,runs/yin_single_noise_20260925/results/r21vgg2k_vgg16_bn_aa_s42/faces_cfdWM64/faces_cfdWM64/results.csv,IU
aa4,VGG2k / AA4,r21vgg2k_vgg16_bn_aa_s42,face_transfer,124,single_uu,CFD WM64,Faces,0.35,,50,within_sampled_range,IU,113,95.83333333333334,runs/yin_single_noise_20260925/results/r21vgg2k_vgg16_bn_aa_s42/faces_cfdWM64/faces_cfdWM64/results.csv,IU
aa4,VGG2k / AA4,r21vgg2k_vgg16_bn_aa_s42,face_transfer,124,single_uu,CFD WM64,Faces,0.35,,50,within_sampled_range,IU,114,83.33333333333334,runs/yin_single_noise_20260925/results/r21vgg2k_vgg16_bn_aa_s42/faces_cfdWM64/faces_cfdWM64/results.csv,IU
aa4,VGG2k / AA4,r21vgg2k_vgg16_bn_aa_s42,face_transfer,124,single_uu,CFD WM64,Faces,0.35,,50,within_sampled_range,IU,115,91.66666666666666,runs/yin_single_noise_20260925/results/r21vgg2k_vgg16_bn_aa_s42/faces_cfdWM64/faces_cfdWM64/results.csv,IU
aa4,VGG2k / AA4,r21vgg2k_vgg16_bn_aa_s42,face_transfer,124,single_uu,CFD WM64,Faces,0.35,,50,within_sampled_range,IU,116,100.0,runs/yin_single_noise_20260925/results/r21vgg2k_vgg16_bn_aa_s42/faces_cfdWM64/faces_cfdWM64/results.csv,IU
aa4,VGG2k / AA4,r21vgg2k_vgg16_bn_aa_s42,face_transfer,124,single_uu,CFD WM64,Faces,0.35,,50,within_sampled_range,IU,117,95.83333333333334,runs/yin_single_noise_20260925/results/r21vgg2k_vgg16_bn_aa_s42/faces_cfdWM64/faces_cfdWM64/results.csv,IU
aa4,VGG2k / AA4,r21vgg2k_vgg16_bn_aa_s42,face_transfer,124,single_uu,CFD WM64,Faces,0.35,,50,within_sampled_range,IU,118,95.83333333333334,runs/yin_single_noise_20260925/results/r21vgg2k_vgg16_bn_aa_s42/faces_cfdWM64/faces_cfdWM64/results.csv,IU
aa4,VGG2k / AA4,r21vgg2k_vgg16_bn_aa_s42,face_transfer,124,single_uu,CFD WM64,Faces,0.35,,50,within_sampled_range,IU,119,95.83333333333334,runs/yin_single_noise_20260925/results/r21vgg2k_vgg16_bn_aa_s42/faces_cfdWM64/faces_cfdWM64/results.csv,IU
aa4,VGG2k / AA4,r21vgg2k_vgg16_bn_aa_s42,face_transfer,124,single_uu,CFD WM64,Faces,0.35,,50,within_sampled_range,IU,120,95.83333333333334,runs/yin_single_noise_20260925/results/r21vgg2k_vgg16_bn_aa_s42/faces_cfdWM64/faces_cfdWM64/results.csv,IU
aa4,VGG2k / AA4,r21vgg2k_vgg16_bn_aa_s42,face_transfer,124,single_uu,CFD WM64,Faces,0.35,,50,within_sampled_range,IU,121,87.5,runs/yin_single_noise_20260925/results/r21vgg2k_vgg16_bn_aa_s42/faces_cfdWM64/faces_cfdWM64/results.csv,IU
aa4,VGG2k / AA4,r21vgg2k_vgg16_bn_aa_s42,face_transfer,124,single_uu,CFD WM64,Faces,0.35,,50,within_sampled_range,IU,122,91.66666666666666,runs/yin_single_noise_20260925/results/r21vgg2k_vgg16_bn_aa_s42/faces_cfdWM64/faces_cfdWM64/results.csv,IU
aa4,VGG2k / AA4,r21vgg2k_vgg16_bn_aa_s42,face_transfer,124,single_uu,CFD WM64,Faces,0.35,,50,within_sampled_range,IU,123,87.5,runs/yin_single_noise_20260925/results/r21vgg2k_vgg16_bn_aa_s42/faces_cfdWM64/faces_cfdWM64/results.csv,IU
aa4,VGG2k / AA4,r21vgg2k_vgg16_bn_aa_s42,face_transfer,124,single_uu,CFD WM64,Faces,0.35,,50,within_sampled_range,IU,124,95.83333333333334,runs/yin_single_noise_20260925/results/r21vgg2k_vgg16_bn_aa_s42/faces_cfdWM64/faces_cfdWM64/results.csv,IU
aa4,VGG2k / AA4,r21vgg2k_vgg16_bn_aa_s42,face_transfer,124,single_uu,CFD WM64,Faces,0.35,,50,within_sampled_range,IU,125,100.0,runs/yin_single_noise_20260925/results/r21vgg2k_vgg16_bn_aa_s42/faces_cfdWM64/faces_cfdWM64/results.csv,IU
aa4,VGG2k / AA4,r21vgg2k_vgg16_bn_aa_s42,face_transfer,124,single_uu,CFD WM64,Faces,0.35,,50,within_sampled_range,IU,126,95.83333333333334,runs/yin_single_noise_20260925/results/r21vgg2k_vgg16_bn_aa_s42/faces_cfdWM64/faces_cfdWM64/results.csv,IU
aa4,VGG2k / AA4,r21vgg2k_vgg16_bn_aa_s42,face_transfer,124,single_uu,CFD WM64,Faces,0.35,,50,within_sampled_range,IU,127,91.66666666666666,runs/yin_single_noise_20260925/results/r21vgg2k_vgg16_bn_aa_s42/faces_cfdWM64/faces_cfdWM64/results.csv,IU
aa4,VGG2k / AA4,r21vgg2k_vgg16_bn_aa_s42,face_transfer,124,single_uu,CFD WM64,Faces,0.35,,50,within_sampled_range,IU,128,79.16666666666666,runs/yin_single_noise_20260925/results/r21vgg2k_vgg16_bn_aa_s42/faces_cfdWM64/faces_cfdWM64/results.csv,IU
aa4,VGG2k / AA4,r21vgg2k_vgg16_bn_aa_s42,face_transfer,124,single_uu,CFD WM64,Faces,0.35,,50,within_sampled_range,IU,129,87.5,runs/yin_single_noise_20260925/results/r21vgg2k_vgg16_bn_aa_s42/faces_cfdWM64/faces_cfdWM64/results.csv,IU
aa4,VGG2k / AA4,r21vgg2k_vgg16_bn_aa_s42,face_transfer,124,single_uu,CFD WM64,Faces,0.35,,50,within_sampled_range,IU,130,95.83333333333334,runs/yin_single_noise_20260925/results/r21vgg2k_vgg16_bn_aa_s42/faces_cfdWM64/faces_cfdWM64/results.csv,IU
aa4,VGG2k / AA4,r21vgg2k_vgg16_bn_aa_s42,face_transfer,124,single_uu,CFD WM64,Faces,0.35,,50,within_sampled_range,IU,131,83.33333333333334,runs/yin_single_noise_20260925/results/r21vgg2k_vgg16_bn_aa_s42/faces_cfdWM64/faces_cfdWM64/results.csv,IU
aa4,VGG2k / AA4,r21vgg2k_vgg16_bn_aa_s42,face_transfer,124,single_uu,CFD WM64,Faces,0.35,,50,within_sampled_range,IU,132,83.33333333333334,runs/yin_single_noise_20260925/results/r21vgg2k_vgg16_bn_aa_s42/faces_cfdWM64/faces_cfdWM64/results.csv,IU
aa4,VGG2k / AA4,r21vgg2k_vgg16_bn_aa_s42,face_transfer,124,single_uu,CFD WM64,Faces,0.35,,50,within_sampled_range,IU,133,87.5,runs/yin_single_noise_20260925/results/r21vgg2k_vgg16_bn_aa_s42/faces_cfdWM64/faces_cfdWM64/results.csv,IU
aa4,VGG2k / AA4,r21vgg2k_vgg16_bn_aa_s42,face_transfer,124,single_uu,CFD WM64,Faces,0.35,,50,within_sampled_range,IU,134,95.83333333333334,runs/yin_single_noise_20260925/results/r21vgg2k_vgg16_bn_aa_s42/faces_cfdWM64/faces_cfdWM64/results.csv,IU
aa4,VGG2k / AA4,r21vgg2k_vgg16_bn_aa_s42,face_transfer,124,single_uu,CFD WM64,Faces,0.35,,50,within_sampled_range,IU,135,87.5,runs/yin_single_noise_20260925/results/r21vgg2k_vgg16_bn_aa_s42/faces_cfdWM64/faces_cfdWM64/results.csv,IU
aa4,VGG2k / AA4,r21vgg2k_vgg16_bn_aa_s42,face_transfer,124,single_uu,CFD WM64,Faces,0.35,,50,within_sampled_range,IU,136,87.5,runs/yin_single_noise_20260925/results/r21vgg2k_vgg16_bn_aa_s42/faces_cfdWM64/faces_cfdWM64/results.csv,IU
aa4,VGG2k / AA4,r21vgg2k_vgg16_bn_aa_s42,face_transfer,124,single_uu,CFD WM64,Faces,0.35,,50,within_sampled_range,IU,137,91.66666666666666,runs/yin_single_noise_20260925/results/r21vgg2k_vgg16_bn_aa_s42/faces_cfdWM64/faces_cfdWM64/results.csv,IU
aa4,VGG2k / AA4,r21vgg2k_vgg16_bn_aa_s42,face_transfer,124,single_uu,CFD WM64,Faces,0.35,,50,within_sampled_range,IU,138,95.83333333333334,runs/yin_single_noise_20260925/results/r21vgg2k_vgg16_bn_aa_s42/faces_cfdWM64/faces_cfdWM64/results.csv,IU
aa4,VGG2k / AA4,r21vgg2k_vgg16_bn_aa_s42,face_transfer,124,single_uu,CFD WM64,Faces,0.35,,50,within_sampled_range,IU,139,100.0,runs/yin_single_noise_20260925/results/r21vgg2k_vgg16_bn_aa_s42/faces_cfdWM64/faces_cfdWM64/results.csv,IU
aa4,VGG2k / AA4,r21vgg2k_vgg16_bn_aa_s42,face_transfer,124,single_uu,CFD WM64,Faces,0.35,,50,within_sampled_range,IU,140,87.5,runs/yin_single_noise_20260925/results/r21vgg2k_vgg16_bn_aa_s42/faces_cfdWM64/faces_cfdWM64/results.csv,IU
aa4,VGG2k / AA4,r21vgg2k_vgg16_bn_aa_s42,face_transfer,124,single_uu,CFD WM64,Faces,0.35,,50,within_sampled_range,IU,141,95.83333333333334,runs/yin_single_noise_20260925/results/r21vgg2k_vgg16_bn_aa_s42/faces_cfdWM64/faces_cfdWM64/results.csv,IU
aa4,VGG2k / AA4,r21vgg2k_vgg16_bn_aa_s42,face_transfer,124,single_uu,CFD WM64,Faces,0.35,,50,within_sampled_range,IU,142,91.66666666666666,runs/yin_single_noise_20260925/results/r21vgg2k_vgg16_bn_aa_s42/faces_cfdWM64/faces_cfdWM64/results.csv,IU
aa4,VGG2k / AA4,r21vgg2k_vgg16_bn_aa_s42,face_transfer,124,single_uu,CFD WM64,Faces,0.35,,50,within_sampled_range,IU,143,95.83333333333334,runs/yin_single_noise_20260925/results/r21vgg2k_vgg16_bn_aa_s42/faces_cfdWM64/faces_cfdWM64/results.csv,IU
aa4,VGG2k / AA4,r21vgg2k_vgg16_bn_aa_s42,face_transfer,124,single_uu,CFD WM64,Faces,0.35,,50,within_sampled_range,IU,144,95.83333333333334,runs/yin_single_noise_20260925/results/r21vgg2k_vgg16_bn_aa_s42/faces_cfdWM64/faces_cfdWM64/results.csv,IU
aa4,VGG2k / AA4,r21vgg2k_vgg16_bn_aa_s42,face_transfer,124,single_uu,CFD WM64,Faces,0.35,,50,within_sampled_range,IU,145,95.83333333333334,runs/yin_single_noise_20260925/results/r21vgg2k_vgg16_bn_aa_s42/faces_cfdWM64/faces_cfdWM64/results.csv,IU
aa4,VGG2k / AA4,r21vgg2k_vgg16_bn_aa_s42,face_transfer,124,single_uu,CFD WM64,Faces,0.35,,50,within_sampled_range,IU,146,91.66666666666666,runs/yin_single_noise_20260925/results/r21vgg2k_vgg16_bn_aa_s42/faces_cfdWM64/faces_cfdWM64/results.csv,IU
aa4,VGG2k / AA4,r21vgg2k_vgg16_bn_aa_s42,face_transfer,124,single_uu,CFD WM64,Faces,0.35,,50,within_sampled_range,IU,147,91.66666666666666,runs/yin_single_noise_20260925/results/r21vgg2k_vgg16_bn_aa_s42/faces_cfdWM64/faces_cfdWM64/results.csv,IU
aa4,VGG2k / AA4,r21vgg2k_vgg16_bn_aa_s42,face_transfer,124,single_uu,CFD WM64,Faces,0.35,,50,within_sampled_range,IU,148,87.5,runs/yin_single_noise_20260925/results/r21vgg2k_vgg16_bn_aa_s42/faces_cfdWM64/faces_cfdWM64/results.csv,IU
aa4,VGG2k / AA4,r21vgg2k_vgg16_bn_aa_s42,face_transfer,124,single_uu,CFD WM64,Faces,0.35,,50,within_sampled_range,IU,149,75.0,runs/yin_single_noise_20260925/results/r21vgg2k_vgg16_bn_aa_s42/faces_cfdWM64/faces_cfdWM64/results.csv,IU
aa4,VGG2k / AA4,r21vgg2k_vgg16_bn_aa_s42,face_transfer,124,single_uu,CFD WM64,Faces,0.35,,50,within_sampled_range,IU,150,95.83333333333334,runs/yin_single_noise_20260925/results/r21vgg2k_vgg16_bn_aa_s42/faces_cfdWM64/faces_cfdWM64/results.csv,IU
aa4,VGG2k / AA4,r21vgg2k_vgg16_bn_aa_s42,face_transfer,124,two_cross,CFD WM64,Faces,0.35,0.38,50,within_sampled_range,UU,101,91.66666666666666,runs/yin_noise_matrix_20260926/results/r21vgg2k_vgg16_bn_aa_s42/faces_cfdWM64/faces_cfdWM64/results.csv,UU
aa4,VGG2k / AA4,r21vgg2k_vgg16_bn_aa_s42,face_transfer,124,two_cross,CFD WM64,Faces,0.35,0.38,50,within_sampled_range,UU,102,100.0,runs/yin_noise_matrix_20260926/results/r21vgg2k_vgg16_bn_aa_s42/faces_cfdWM64/faces_cfdWM64/results.csv,UU
aa4,VGG2k / AA4,r21vgg2k_vgg16_bn_aa_s42,face_transfer,124,two_cross,CFD WM64,Faces,0.35,0.38,50,within_sampled_range,UU,103,95.83333333333334,runs/yin_noise_matrix_20260926/results/r21vgg2k_vgg16_bn_aa_s42/faces_cfdWM64/faces_cfdWM64/results.csv,UU
aa4,VGG2k / AA4,r21vgg2k_vgg16_bn_aa_s42,face_transfer,124,two_cross,CFD WM64,Faces,0.35,0.38,50,within_sampled_range,UU,104,95.83333333333334,runs/yin_noise_matrix_20260926/results/r21vgg2k_vgg16_bn_aa_s42/faces_cfdWM64/faces_cfdWM64/results.csv,UU
aa4,VGG2k / AA4,r21vgg2k_vgg16_bn_aa_s42,face_transfer,124,two_cross,CFD WM64,Faces,0.35,0.38,50,within_sampled_range,UU,105,91.66666666666666,runs/yin_noise_matrix_20260926/results/r21vgg2k_vgg16_bn_aa_s42/faces_cfdWM64/faces_cfdWM64/results.csv,UU
aa4,VGG2k / AA4,r21vgg2k_vgg16_bn_aa_s42,face_transfer,124,two_cross,CFD WM64,Faces,0.35,0.38,50,within_sampled_range,UU,106,100.0,runs/yin_noise_matrix_20260926/results/r21vgg2k_vgg16_bn_aa_s42/faces_cfdWM64/faces_cfdWM64/results.csv,UU
aa4,VGG2k / AA4,r21vgg2k_vgg16_bn_aa_s42,face_transfer,124,two_cross,CFD WM64,Faces,0.35,0.38,50,within_sampled_range,UU,107,100.0,runs/yin_noise_matrix_20260926/results/r21vgg2k_vgg16_bn_aa_s42/faces_cfdWM64/faces_cfdWM64/results.csv,UU
aa4,VGG2k / AA4,r21vgg2k_vgg16_bn_aa_s42,face_transfer,124,two_cross,CFD WM64,Faces,0.35,0.38,50,within_sampled_range,UU,108,95.83333333333334,runs/yin_noise_matrix_20260926/results/r21vgg2k_vgg16_bn_aa_s42/faces_cfdWM64/faces_cfdWM64/results.csv,UU
aa4,VGG2k / AA4,r21vgg2k_vgg16_bn_aa_s42,face_transfer,124,two_cross,CFD WM64,Faces,0.35,0.38,50,within_sampled_range,UU,109,100.0,runs/yin_noise_matrix_20260926/results/r21vgg2k_vgg16_bn_aa_s42/faces_cfdWM64/faces_cfdWM64/results.csv,UU
aa4,VGG2k / AA4,r21vgg2k_vgg16_bn_aa_s42,face_transfer,124,two_cross,CFD WM64,Faces,0.35,0.38,50,within_sampled_range,UU,110,95.83333333333334,runs/yin_noise_matrix_20260926/results/r21vgg2k_vgg16_bn_aa_s42/faces_cfdWM64/faces_cfdWM64/results.csv,UU
aa4,VGG2k / AA4,r21vgg2k_vgg16_bn_aa_s42,face_transfer,124,two_cross,CFD WM64,Faces,0.35,0.38,50,within_sampled_range,UU,111,100.0,runs/yin_noise_matrix_20260926/results/r21vgg2k_vgg16_bn_aa_s42/faces_cfdWM64/faces_cfdWM64/results.csv,UU
aa4,VGG2k / AA4,r21vgg2k_vgg16_bn_aa_s42,face_transfer,124,two_cross,CFD WM64,Faces,0.35,0.38,50,within_sampled_range,UU,112,100.0,runs/yin_noise_matrix_20260926/results/r21vgg2k_vgg16_bn_aa_s42/faces_cfdWM64/faces_cfdWM64/results.csv,UU
aa4,VGG2k / AA4,r21vgg2k_vgg16_bn_aa_s42,face_transfer,124,two_cross,CFD WM64,Faces,0.35,0.38,50,within_sampled_range,UU,113,95.83333333333334,runs/yin_noise_matrix_20260926/results/r21vgg2k_vgg16_bn_aa_s42/faces_cfdWM64/faces_cfdWM64/results.csv,UU
aa4,VGG2k / AA4,r21vgg2k_vgg16_bn_aa_s42,face_transfer,124,two_cross,CFD WM64,Faces,0.35,0.38,50,within_sampled_range,UU,114,100.0,runs/yin_noise_matrix_20260926/results/r21vgg2k_vgg16_bn_aa_s42/faces_cfdWM64/faces_cfdWM64/results.csv,UU
aa4,VGG2k / AA4,r21vgg2k_vgg16_bn_aa_s42,face_transfer,124,two_cross,CFD WM64,Faces,0.35,0.38,50,within_sampled_range,UU,115,95.83333333333334,runs/yin_noise_matrix_20260926/results/r21vgg2k_vgg16_bn_aa_s42/faces_cfdWM64/faces_cfdWM64/results.csv,UU
aa4,VGG2k / AA4,r21vgg2k_vgg16_bn_aa_s42,face_transfer,124,two_cross,CFD WM64,Faces,0.35,0.38,50,within_sampled_range,UU,116,95.83333333333334,runs/yin_noise_matrix_20260926/results/r21vgg2k_vgg16_bn_aa_s42/faces_cfdWM64/faces_cfdWM64/results.csv,UU
aa4,VGG2k / AA4,r21vgg2k_vgg16_bn_aa_s42,face_transfer,124,two_cross,CFD WM64,Faces,0.35,0.38,50,within_sampled_range,UU,117,91.66666666666666,runs/yin_noise_matrix_20260926/results/r21vgg2k_vgg16_bn_aa_s42/faces_cfdWM64/faces_cfdWM64/results.csv,UU
aa4,VGG2k / AA4,r21vgg2k_vgg16_bn_aa_s42,face_transfer,124,two_cross,CFD WM64,Faces,0.35,0.38,50,within_sampled_range,UU,118,95.83333333333334,runs/yin_noise_matrix_20260926/results/r21vgg2k_vgg16_bn_aa_s42/faces_cfdWM64/faces_cfdWM64/results.csv,UU
aa4,VGG2k / AA4,r21vgg2k_vgg16_bn_aa_s42,face_transfer,124,two_cross,CFD WM64,Faces,0.35,0.38,50,within_sampled_range,UU,119,95.83333333333334,runs/yin_noise_matrix_20260926/results/r21vgg2k_vgg16_bn_aa_s42/faces_cfdWM64/faces_cfdWM64/results.csv,UU
aa4,VGG2k / AA4,r21vgg2k_vgg16_bn_aa_s42,face_transfer,124,two_cross,CFD WM64,Faces,0.35,0.38,50,within_sampled_range,UU,120,100.0,runs/yin_noise_matrix_20260926/results/r21vgg2k_vgg16_bn_aa_s42/faces_cfdWM64/faces_cfdWM64/results.csv,UU
aa4,VGG2k / AA4,r21vgg2k_vgg16_bn_aa_s42,face_transfer,124,two_cross,CFD WM64,Faces,0.35,0.38,50,within_sampled_range,UU,121,100.0,runs/yin_noise_matrix_20260926/results/r21vgg2k_vgg16_bn_aa_s42/faces_cfdWM64/faces_cfdWM64/results.csv,UU
aa4,VGG2k / AA4,r21vgg2k_vgg16_bn_aa_s42,face_transfer,124,two_cross,CFD WM64,Faces,0.35,0.38,50,within_sampled_range,UU,122,100.0,runs/yin_noise_matrix_20260926/results/r21vgg2k_vgg16_bn_aa_s42/faces_cfdWM64/faces_cfdWM64/results.csv,UU
aa4,VGG2k / AA4,r21vgg2k_vgg16_bn_aa_s42,face_transfer,124,two_cross,CFD WM64,Faces,0.35,0.38,50,within_sampled_range,UU,123,87.5,runs/yin_noise_matrix_20260926/results/r21vgg2k_vgg16_bn_aa_s42/faces_cfdWM64/faces_cfdWM64/results.csv,UU
aa4,VGG2k / AA4,r21vgg2k_vgg16_bn_aa_s42,face_transfer,124,two_cross,CFD WM64,Faces,0.35,0.38,50,within_sampled_range,UU,124,95.83333333333334,runs/yin_noise_matrix_20260926/results/r21vgg2k_vgg16_bn_aa_s42/faces_cfdWM64/faces_cfdWM64/results.csv,UU
aa4,VGG2k / AA4,r21vgg2k_vgg16_bn_aa_s42,face_transfer,124,two_cross,CFD WM64,Faces,0.35,0.38,50,within_sampled_range,UU,125,100.0,runs/yin_noise_matrix_20260926/results/r21vgg2k_vgg16_bn_aa_s42/faces_cfdWM64/faces_cfdWM64/results.csv,UU
aa4,VGG2k / AA4,r21vgg2k_vgg16_bn_aa_s42,face_transfer,124,two_cross,CFD WM64,Faces,0.35,0.38,50,within_sampled_range,UU,126,95.83333333333334,runs/yin_noise_matrix_20260926/results/r21vgg2k_vgg16_bn_aa_s42/faces_cfdWM64/faces_cfdWM64/results.csv,UU
aa4,VGG2k / AA4,r21vgg2k_vgg16_bn_aa_s42,face_transfer,124,two_cross,CFD WM64,Faces,0.35,0.38,50,within_sampled_range,UU,127,100.0,runs/yin_noise_matrix_20260926/results/r21vgg2k_vgg16_bn_aa_s42/faces_cfdWM64/faces_cfdWM64/results.csv,UU
aa4,VGG2k / AA4,r21vgg2k_vgg16_bn_aa_s42,face_transfer,124,two_cross,CFD WM64,Faces,0.35,0.38,50,within_sampled_range,UU,128,100.0,runs/yin_noise_matrix_20260926/results/r21vgg2k_vgg16_bn_aa_s42/faces_cfdWM64/faces_cfdWM64/results.csv,UU
aa4,VGG2k / AA4,r21vgg2k_vgg16_bn_aa_s42,face_transfer,124,two_cross,CFD WM64,Faces,0.35,0.38,50,within_sampled_range,UU,129,100.0,runs/yin_noise_matrix_20260926/results/r21vgg2k_vgg16_bn_aa_s42/faces_cfdWM64/faces_cfdWM64/results.csv,UU
aa4,VGG2k / AA4,r21vgg2k_vgg16_bn_aa_s42,face_transfer,124,two_cross,CFD WM64,Faces,0.35,0.38,50,within_sampled_range,UU,130,100.0,runs/yin_noise_matrix_20260926/results/r21vgg2k_vgg16_bn_aa_s42/faces_cfdWM64/faces_cfdWM64/results.csv,UU
aa4,VGG2k / AA4,r21vgg2k_vgg16_bn_aa_s42,face_transfer,124,two_cross,CFD WM64,Faces,0.35,0.38,50,within_sampled_range,UU,131,95.83333333333334,runs/yin_noise_matrix_20260926/results/r21vgg2k_vgg16_bn_aa_s42/faces_cfdWM64/faces_cfdWM64/results.csv,UU
aa4,VGG2k / AA4,r21vgg2k_vgg16_bn_aa_s42,face_transfer,124,two_cross,CFD WM64,Faces,0.35,0.38,50,within_sampled_range,UU,132,100.0,runs/yin_noise_matrix_20260926/results/r21vgg2k_vgg16_bn_aa_s42/faces_cfdWM64/faces_cfdWM64/results.csv,UU
aa4,VGG2k / AA4,r21vgg2k_vgg16_bn_aa_s42,face_transfer,124,two_cross,CFD WM64,Faces,0.35,0.38,50,within_sampled_range,UU,133,95.83333333333334,runs/yin_noise_matrix_20260926/results/r21vgg2k_vgg16_bn_aa_s42/faces_cfdWM64/faces_cfdWM64/results.csv,UU
aa4,VGG2k / AA4,r21vgg2k_vgg16_bn_aa_s42,face_transfer,124,two_cross,CFD WM64,Faces,0.35,0.38,50,within_sampled_range,UU,134,100.0,runs/yin_noise_matrix_20260926/results/r21vgg2k_vgg16_bn_aa_s42/faces_cfdWM64/faces_cfdWM64/results.csv,UU
aa4,VGG2k / AA4,r21vgg2k_vgg16_bn_aa_s42,face_transfer,124,two_cross,CFD WM64,Faces,0.35,0.38,50,within_sampled_range,UU,135,95.83333333333334,runs/yin_noise_matrix_20260926/results/r21vgg2k_vgg16_bn_aa_s42/faces_cfdWM64/faces_cfdWM64/results.csv,UU
aa4,VGG2k / AA4,r21vgg2k_vgg16_bn_aa_s42,face_transfer,124,two_cross,CFD WM64,Faces,0.35,0.38,50,within_sampled_range,UU,136,100.0,runs/yin_noise_matrix_20260926/results/r21vgg2k_vgg16_bn_aa_s42/faces_cfdWM64/faces_cfdWM64/results.csv,UU
aa4,VGG2k / AA4,r21vgg2k_vgg16_bn_aa_s42,face_transfer,124,two_cross,CFD WM64,Faces,0.35,0.38,50,within_sampled_range,UU,137,95.83333333333334,runs/yin_noise_matrix_20260926/results/r21vgg2k_vgg16_bn_aa_s42/faces_cfdWM64/faces_cfdWM64/results.csv,UU
aa4,VGG2k / AA4,r21vgg2k_vgg16_bn_aa_s42,face_transfer,124,two_cross,CFD WM64,Faces,0.35,0.38,50,within_sampled_range,UU,138,100.0,runs/yin_noise_matrix_20260926/results/r21vgg2k_vgg16_bn_aa_s42/faces_cfdWM64/faces_cfdWM64/results.csv,UU
aa4,VGG2k / AA4,r21vgg2k_vgg16_bn_aa_s42,face_transfer,124,two_cross,CFD WM64,Faces,0.35,0.38,50,within_sampled_range,UU,139,100.0,runs/yin_noise_matrix_20260926/results/r21vgg2k_vgg16_bn_aa_s42/faces_cfdWM64/faces_cfdWM64/results.csv,UU
aa4,VGG2k / AA4,r21vgg2k_vgg16_bn_aa_s42,face_transfer,124,two_cross,CFD WM64,Faces,0.35,0.38,50,within_sampled_range,UU,140,83.33333333333334,runs/yin_noise_matrix_20260926/results/r21vgg2k_vgg16_bn_aa_s42/faces_cfdWM64/faces_cfdWM64/results.csv,UU
aa4,VGG2k / AA4,r21vgg2k_vgg16_bn_aa_s42,face_transfer,124,two_cross,CFD WM64,Faces,0.35,0.38,50,within_sampled_range,UU,141,95.83333333333334,runs/yin_noise_matrix_20260926/results/r21vgg2k_vgg16_bn_aa_s42/faces_cfdWM64/faces_cfdWM64/results.csv,UU
aa4,VGG2k / AA4,r21vgg2k_vgg16_bn_aa_s42,face_transfer,124,two_cross,CFD WM64,Faces,0.35,0.38,50,within_sampled_range,UU,142,95.83333333333334,runs/yin_noise_matrix_20260926/results/r21vgg2k_vgg16_bn_aa_s42/faces_cfdWM64/faces_cfdWM64/results.csv,UU
aa4,VGG2k / AA4,r21vgg2k_vgg16_bn_aa_s42,face_transfer,124,two_cross,CFD WM64,Faces,0.35,0.38,50,within_sampled_range,UU,143,95.83333333333334,runs/yin_noise_matrix_20260926/results/r21vgg2k_vgg16_bn_aa_s42/faces_cfdWM64/faces_cfdWM64/results.csv,UU
aa4,VGG2k / AA4,r21vgg2k_vgg16_bn_aa_s42,face_transfer,124,two_cross,CFD WM64,Faces,0.35,0.38,50,within_sampled_range,UU,144,95.83333333333334,runs/yin_noise_matrix_20260926/results/r21vgg2k_vgg16_bn_aa_s42/faces_cfdWM64/faces_cfdWM64/results.csv,UU
aa4,VGG2k / AA4,r21vgg2k_vgg16_bn_aa_s42,face_transfer,124,two_cross,CFD WM64,Faces,0.35,0.38,50,within_sampled_range,UU,145,100.0,runs/yin_noise_matrix_20260926/results/r21vgg2k_vgg16_bn_aa_s42/faces_cfdWM64/faces_cfdWM64/results.csv,UU
aa4,VGG2k / AA4,r21vgg2k_vgg16_bn_aa_s42,face_transfer,124,two_cross,CFD WM64,Faces,0.35,0.38,50,within_sampled_range,UU,146,95.83333333333334,runs/yin_noise_matrix_20260926/results/r21vgg2k_vgg16_bn_aa_s42/faces_cfdWM64/faces_cfdWM64/results.csv,UU
aa4,VGG2k / AA4,r21vgg2k_vgg16_bn_aa_s42,face_transfer,124,two_cross,CFD WM64,Faces,0.35,0.38,50,within_sampled_range,UU,147,91.66666666666666,runs/yin_noise_matrix_20260926/results/r21vgg2k_vgg16_bn_aa_s42/faces_cfdWM64/faces_cfdWM64/results.csv,UU
aa4,VGG2k / AA4,r21vgg2k_vgg16_bn_aa_s42,face_transfer,124,two_cross,CFD WM64,Faces,0.35,0.38,50,within_sampled_range,UU,148,100.0,runs/yin_noise_matrix_20260926/results/r21vgg2k_vgg16_bn_aa_s42/faces_cfdWM64/faces_cfdWM64/results.csv,UU
aa4,VGG2k / AA4,r21vgg2k_vgg16_bn_aa_s42,face_transfer,124,two_cross,CFD WM64,Faces,0.35,0.38,50,within_sampled_range,UU,149,91.66666666666666,runs/yin_noise_matrix_20260926/results/r21vgg2k_vgg16_bn_aa_s42/faces_cfdWM64/faces_cfdWM64/results.csv,UU
aa4,VGG2k / AA4,r21vgg2k_vgg16_bn_aa_s42,face_transfer,124,two_cross,CFD WM64,Faces,0.35,0.38,50,within_sampled_range,UU,150,95.83333333333334,runs/yin_noise_matrix_20260926/results/r21vgg2k_vgg16_bn_aa_s42/faces_cfdWM64/faces_cfdWM64/results.csv,UU
aa4,VGG2k / AA4,r21vgg2k_vgg16_bn_aa_s42,face_transfer,124,two_cross,CFD WM64,Faces,0.35,0.38,50,within_sampled_range,II,101,91.66666666666666,runs/yin_noise_matrix_20260926/results/r21vgg2k_vgg16_bn_aa_s42/faces_cfdWM64/faces_cfdWM64/results.csv,II
aa4,VGG2k / AA4,r21vgg2k_vgg16_bn_aa_s42,face_transfer,124,two_cross,CFD WM64,Faces,0.35,0.38,50,within_sampled_range,II,102,66.66666666666666,runs/yin_noise_matrix_20260926/results/r21vgg2k_vgg16_bn_aa_s42/faces_cfdWM64/faces_cfdWM64/results.csv,II
aa4,VGG2k / AA4,r21vgg2k_vgg16_bn_aa_s42,face_transfer,124,two_cross,CFD WM64,Faces,0.35,0.38,50,within_sampled_range,II,103,95.83333333333334,runs/yin_noise_matrix_20260926/results/r21vgg2k_vgg16_bn_aa_s42/faces_cfdWM64/faces_cfdWM64/results.csv,II
aa4,VGG2k / AA4,r21vgg2k_vgg16_bn_aa_s42,face_transfer,124,two_cross,CFD WM64,Faces,0.35,0.38,50,within_sampled_range,II,104,87.5,runs/yin_noise_matrix_20260926/results/r21vgg2k_vgg16_bn_aa_s42/faces_cfdWM64/faces_cfdWM64/results.csv,II
aa4,VGG2k / AA4,r21vgg2k_vgg16_bn_aa_s42,face_transfer,124,two_cross,CFD WM64,Faces,0.35,0.38,50,within_sampled_range,II,105,87.5,runs/yin_noise_matrix_20260926/results/r21vgg2k_vgg16_bn_aa_s42/faces_cfdWM64/faces_cfdWM64/results.csv,II
aa4,VGG2k / AA4,r21vgg2k_vgg16_bn_aa_s42,face_transfer,124,two_cross,CFD WM64,Faces,0.35,0.38,50,within_sampled_range,II,106,87.5,runs/yin_noise_matrix_20260926/results/r21vgg2k_vgg16_bn_aa_s42/faces_cfdWM64/faces_cfdWM64/results.csv,II
aa4,VGG2k / AA4,r21vgg2k_vgg16_bn_aa_s42,face_transfer,124,two_cross,CFD WM64,Faces,0.35,0.38,50,within_sampled_range,II,107,87.5,runs/yin_noise_matrix_20260926/results/r21vgg2k_vgg16_bn_aa_s42/faces_cfdWM64/faces_cfdWM64/results.csv,II
aa4,VGG2k / AA4,r21vgg2k_vgg16_bn_aa_s42,face_transfer,124,two_cross,CFD WM64,Faces,0.35,0.38,50,within_sampled_range,II,108,91.66666666666666,runs/yin_noise_matrix_20260926/results/r21vgg2k_vgg16_bn_aa_s42/faces_cfdWM64/faces_cfdWM64/results.csv,II
aa4,VGG2k / AA4,r21vgg2k_vgg16_bn_aa_s42,face_transfer,124,two_cross,CFD WM64,Faces,0.35,0.38,50,within_sampled_range,II,109,75.0,runs/yin_noise_matrix_20260926/results/r21vgg2k_vgg16_bn_aa_s42/faces_cfdWM64/faces_cfdWM64/results.csv,II
aa4,VGG2k / AA4,r21vgg2k_vgg16_bn_aa_s42,face_transfer,124,two_cross,CFD WM64,Faces,0.35,0.38,50,within_sampled_range,II,110,87.5,runs/yin_noise_matrix_20260926/results/r21vgg2k_vgg16_bn_aa_s42/faces_cfdWM64/faces_cfdWM64/results.csv,II
aa4,VGG2k / AA4,r21vgg2k_vgg16_bn_aa_s42,face_transfer,124,two_cross,CFD WM64,Faces,0.35,0.38,50,within_sampled_range,II,111,75.0,runs/yin_noise_matrix_20260926/results/r21vgg2k_vgg16_bn_aa_s42/faces_cfdWM64/faces_cfdWM64/results.csv,II
aa4,VGG2k / AA4,r21vgg2k_vgg16_bn_aa_s42,face_transfer,124,two_cross,CFD WM64,Faces,0.35,0.38,50,within_sampled_range,II,112,91.66666666666666,runs/yin_noise_matrix_20260926/results/r21vgg2k_vgg16_bn_aa_s42/faces_cfdWM64/faces_cfdWM64/results.csv,II
aa4,VGG2k / AA4,r21vgg2k_vgg16_bn_aa_s42,face_transfer,124,two_cross,CFD WM64,Faces,0.35,0.38,50,within_sampled_range,II,113,79.16666666666666,runs/yin_noise_matrix_20260926/results/r21vgg2k_vgg16_bn_aa_s42/faces_cfdWM64/faces_cfdWM64/results.csv,II
aa4,VGG2k / AA4,r21vgg2k_vgg16_bn_aa_s42,face_transfer,124,two_cross,CFD WM64,Faces,0.35,0.38,50,within_sampled_range,II,114,75.0,runs/yin_noise_matrix_20260926/results/r21vgg2k_vgg16_bn_aa_s42/faces_cfdWM64/faces_cfdWM64/results.csv,II
aa4,VGG2k / AA4,r21vgg2k_vgg16_bn_aa_s42,face_transfer,124,two_cross,CFD WM64,Faces,0.35,0.38,50,within_sampled_range,II,115,79.16666666666666,runs/yin_noise_matrix_20260926/results/r21vgg2k_vgg16_bn_aa_s42/faces_cfdWM64/faces_cfdWM64/results.csv,II
aa4,VGG2k / AA4,r21vgg2k_vgg16_bn_aa_s42,face_transfer,124,two_cross,CFD WM64,Faces,0.35,0.38,50,within_sampled_range,II,116,83.33333333333334,runs/yin_noise_matrix_20260926/results/r21vgg2k_vgg16_bn_aa_s42/faces_cfdWM64/faces_cfdWM64/results.csv,II
aa4,VGG2k / AA4,r21vgg2k_vgg16_bn_aa_s42,face_transfer,124,two_cross,CFD WM64,Faces,0.35,0.38,50,within_sampled_range,II,117,91.66666666666666,runs/yin_noise_matrix_20260926/results/r21vgg2k_vgg16_bn_aa_s42/faces_cfdWM64/faces_cfdWM64/results.csv,II
aa4,VGG2k / AA4,r21vgg2k_vgg16_bn_aa_s42,face_transfer,124,two_cross,CFD WM64,Faces,0.35,0.38,50,within_sampled_range,II,118,95.83333333333334,runs/yin_noise_matrix_20260926/results/r21vgg2k_vgg16_bn_aa_s42/faces_cfdWM64/faces_cfdWM64/results.csv,II
aa4,VGG2k / AA4,r21vgg2k_vgg16_bn_aa_s42,face_transfer,124,two_cross,CFD WM64,Faces,0.35,0.38,50,within_sampled_range,II,119,83.33333333333334,runs/yin_noise_matrix_20260926/results/r21vgg2k_vgg16_bn_aa_s42/faces_cfdWM64/faces_cfdWM64/results.csv,II
aa4,VGG2k / AA4,r21vgg2k_vgg16_bn_aa_s42,face_transfer,124,two_cross,CFD WM64,Faces,0.35,0.38,50,within_sampled_range,II,120,75.0,runs/yin_noise_matrix_20260926/results/r21vgg2k_vgg16_bn_aa_s42/faces_cfdWM64/faces_cfdWM64/results.csv,II
aa4,VGG2k / AA4,r21vgg2k_vgg16_bn_aa_s42,face_transfer,124,two_cross,CFD WM64,Faces,0.35,0.38,50,within_sampled_range,II,121,79.16666666666666,runs/yin_noise_matrix_20260926/results/r21vgg2k_vgg16_bn_aa_s42/faces_cfdWM64/faces_cfdWM64/results.csv,II
aa4,VGG2k / AA4,r21vgg2k_vgg16_bn_aa_s42,face_transfer,124,two_cross,CFD WM64,Faces,0.35,0.38,50,within_sampled_range,II,122,75.0,runs/yin_noise_matrix_20260926/results/r21vgg2k_vgg16_bn_aa_s42/faces_cfdWM64/faces_cfdWM64/results.csv,II
aa4,VGG2k / AA4,r21vgg2k_vgg16_bn_aa_s42,face_transfer,124,two_cross,CFD WM64,Faces,0.35,0.38,50,within_sampled_range,II,123,83.33333333333334,runs/yin_noise_matrix_20260926/results/r21vgg2k_vgg16_bn_aa_s42/faces_cfdWM64/faces_cfdWM64/results.csv,II
aa4,VGG2k / AA4,r21vgg2k_vgg16_bn_aa_s42,face_transfer,124,two_cross,CFD WM64,Faces,0.35,0.38,50,within_sampled_range,II,124,91.66666666666666,runs/yin_noise_matrix_20260926/results/r21vgg2k_vgg16_bn_aa_s42/faces_cfdWM64/faces_cfdWM64/results.csv,II
aa4,VGG2k / AA4,r21vgg2k_vgg16_bn_aa_s42,face_transfer,124,two_cross,CFD WM64,Faces,0.35,0.38,50,within_sampled_range,II,125,83.33333333333334,runs/yin_noise_matrix_20260926/results/r21vgg2k_vgg16_bn_aa_s42/faces_cfdWM64/faces_cfdWM64/results.csv,II
aa4,VGG2k / AA4,r21vgg2k_vgg16_bn_aa_s42,face_transfer,124,two_cross,CFD WM64,Faces,0.35,0.38,50,within_sampled_range,II,126,91.66666666666666,runs/yin_noise_matrix_20260926/results/r21vgg2k_vgg16_bn_aa_s42/faces_cfdWM64/faces_cfdWM64/results.csv,II
aa4,VGG2k / AA4,r21vgg2k_vgg16_bn_aa_s42,face_transfer,124,two_cross,CFD WM64,Faces,0.35,0.38,50,within_sampled_range,II,127,70.83333333333334,runs/yin_noise_matrix_20260926/results/r21vgg2k_vgg16_bn_aa_s42/faces_cfdWM64/faces_cfdWM64/results.csv,II
aa4,VGG2k / AA4,r21vgg2k_vgg16_bn_aa_s42,face_transfer,124,two_cross,CFD WM64,Faces,0.35,0.38,50,within_sampled_range,II,128,83.33333333333334,runs/yin_noise_matrix_20260926/results/r21vgg2k_vgg16_bn_aa_s42/faces_cfdWM64/faces_cfdWM64/results.csv,II
aa4,VGG2k / AA4,r21vgg2k_vgg16_bn_aa_s42,face_transfer,124,two_cross,CFD WM64,Faces,0.35,0.38,50,within_sampled_range,II,129,87.5,runs/yin_noise_matrix_20260926/results/r21vgg2k_vgg16_bn_aa_s42/faces_cfdWM64/faces_cfdWM64/results.csv,II
aa4,VGG2k / AA4,r21vgg2k_vgg16_bn_aa_s42,face_transfer,124,two_cross,CFD WM64,Faces,0.35,0.38,50,within_sampled_range,II,130,87.5,runs/yin_noise_matrix_20260926/results/r21vgg2k_vgg16_bn_aa_s42/faces_cfdWM64/faces_cfdWM64/results.csv,II
aa4,VGG2k / AA4,r21vgg2k_vgg16_bn_aa_s42,face_transfer,124,two_cross,CFD WM64,Faces,0.35,0.38,50,within_sampled_range,II,131,75.0,runs/yin_noise_matrix_20260926/results/r21vgg2k_vgg16_bn_aa_s42/faces_cfdWM64/faces_cfdWM64/results.csv,II
aa4,VGG2k / AA4,r21vgg2k_vgg16_bn_aa_s42,face_transfer,124,two_cross,CFD WM64,Faces,0.35,0.38,50,within_sampled_range,II,132,91.66666666666666,runs/yin_noise_matrix_20260926/results/r21vgg2k_vgg16_bn_aa_s42/faces_cfdWM64/faces_cfdWM64/results.csv,II
aa4,VGG2k / AA4,r21vgg2k_vgg16_bn_aa_s42,face_transfer,124,two_cross,CFD WM64,Faces,0.35,0.38,50,within_sampled_range,II,133,79.16666666666666,runs/yin_noise_matrix_20260926/results/r21vgg2k_vgg16_bn_aa_s42/faces_cfdWM64/faces_cfdWM64/results.csv,II
aa4,VGG2k / AA4,r21vgg2k_vgg16_bn_aa_s42,face_transfer,124,two_cross,CFD WM64,Faces,0.35,0.38,50,within_sampled_range,II,134,87.5,runs/yin_noise_matrix_20260926/results/r21vgg2k_vgg16_bn_aa_s42/faces_cfdWM64/faces_cfdWM64/results.csv,II
aa4,VGG2k / AA4,r21vgg2k_vgg16_bn_aa_s42,face_transfer,124,two_cross,CFD WM64,Faces,0.35,0.38,50,within_sampled_range,II,135,83.33333333333334,runs/yin_noise_matrix_20260926/results/r21vgg2k_vgg16_bn_aa_s42/faces_cfdWM64/faces_cfdWM64/results.csv,II
aa4,VGG2k / AA4,r21vgg2k_vgg16_bn_aa_s42,face_transfer,124,two_cross,CFD WM64,Faces,0.35,0.38,50,within_sampled_range,II,136,70.83333333333334,runs/yin_noise_matrix_20260926/results/r21vgg2k_vgg16_bn_aa_s42/faces_cfdWM64/faces_cfdWM64/results.csv,II
aa4,VGG2k / AA4,r21vgg2k_vgg16_bn_aa_s42,face_transfer,124,two_cross,CFD WM64,Faces,0.35,0.38,50,within_sampled_range,II,137,83.33333333333334,runs/yin_noise_matrix_20260926/results/r21vgg2k_vgg16_bn_aa_s42/faces_cfdWM64/faces_cfdWM64/results.csv,II
aa4,VGG2k / AA4,r21vgg2k_vgg16_bn_aa_s42,face_transfer,124,two_cross,CFD WM64,Faces,0.35,0.38,50,within_sampled_range,II,138,91.66666666666666,runs/yin_noise_matrix_20260926/results/r21vgg2k_vgg16_bn_aa_s42/faces_cfdWM64/faces_cfdWM64/results.csv,II
aa4,VGG2k / AA4,r21vgg2k_vgg16_bn_aa_s42,face_transfer,124,two_cross,CFD WM64,Faces,0.35,0.38,50,within_sampled_range,II,139,79.16666666666666,runs/yin_noise_matrix_20260926/results/r21vgg2k_vgg16_bn_aa_s42/faces_cfdWM64/faces_cfdWM64/results.csv,II
aa4,VGG2k / AA4,r21vgg2k_vgg16_bn_aa_s42,face_transfer,124,two_cross,CFD WM64,Faces,0.35,0.38,50,within_sampled_range,II,140,79.16666666666666,runs/yin_noise_matrix_20260926/results/r21vgg2k_vgg16_bn_aa_s42/faces_cfdWM64/faces_cfdWM64/results.csv,II
aa4,VGG2k / AA4,r21vgg2k_vgg16_bn_aa_s42,face_transfer,124,two_cross,CFD WM64,Faces,0.35,0.38,50,within_sampled_range,II,141,87.5,runs/yin_noise_matrix_20260926/results/r21vgg2k_vgg16_bn_aa_s42/faces_cfdWM64/faces_cfdWM64/results.csv,II
aa4,VGG2k / AA4,r21vgg2k_vgg16_bn_aa_s42,face_transfer,124,two_cross,CFD WM64,Faces,0.35,0.38,50,within_sampled_range,II,142,91.66666666666666,runs/yin_noise_matrix_20260926/results/r21vgg2k_vgg16_bn_aa_s42/faces_cfdWM64/faces_cfdWM64/results.csv,II
aa4,VGG2k / AA4,r21vgg2k_vgg16_bn_aa_s42,face_transfer,124,two_cross,CFD WM64,Faces,0.35,0.38,50,within_sampled_range,II,143,83.33333333333334,runs/yin_noise_matrix_20260926/results/r21vgg2k_vgg16_bn_aa_s42/faces_cfdWM64/faces_cfdWM64/results.csv,II
aa4,VGG2k / AA4,r21vgg2k_vgg16_bn_aa_s42,face_transfer,124,two_cross,CFD WM64,Faces,0.35,0.38,50,within_sampled_range,II,144,83.33333333333334,runs/yin_noise_matrix_20260926/results/r21vgg2k_vgg16_bn_aa_s42/faces_cfdWM64/faces_cfdWM64/results.csv,II
aa4,VGG2k / AA4,r21vgg2k_vgg16_bn_aa_s42,face_transfer,124,two_cross,CFD WM64,Faces,0.35,0.38,50,within_sampled_range,II,145,75.0,runs/yin_noise_matrix_20260926/results/r21vgg2k_vgg16_bn_aa_s42/faces_cfdWM64/faces_cfdWM64/results.csv,II
aa4,VGG2k / AA4,r21vgg2k_vgg16_bn_aa_s42,face_transfer,124,two_cross,CFD WM64,Faces,0.35,0.38,50,within_sampled_range,II,146,83.33333333333334,runs/yin_noise_matrix_20260926/results/r21vgg2k_vgg16_bn_aa_s42/faces_cfdWM64/faces_cfdWM64/results.csv,II
aa4,VGG2k / AA4,r21vgg2k_vgg16_bn_aa_s42,face_transfer,124,two_cross,CFD WM64,Faces,0.35,0.38,50,within_sampled_range,II,147,79.16666666666666,runs/yin_noise_matrix_20260926/results/r21vgg2k_vgg16_bn_aa_s42/faces_cfdWM64/faces_cfdWM64/results.csv,II
aa4,VGG2k / AA4,r21vgg2k_vgg16_bn_aa_s42,face_transfer,124,two_cross,CFD WM64,Faces,0.35,0.38,50,within_sampled_range,II,148,70.83333333333334,runs/yin_noise_matrix_20260926/results/r21vgg2k_vgg16_bn_aa_s42/faces_cfdWM64/faces_cfdWM64/results.csv,II
aa4,VGG2k / AA4,r21vgg2k_vgg16_bn_aa_s42,face_transfer,124,two_cross,CFD WM64,Faces,0.35,0.38,50,within_sampled_range,II,149,79.16666666666666,runs/yin_noise_matrix_20260926/results/r21vgg2k_vgg16_bn_aa_s42/faces_cfdWM64/faces_cfdWM64/results.csv,II
aa4,VGG2k / AA4,r21vgg2k_vgg16_bn_aa_s42,face_transfer,124,two_cross,CFD WM64,Faces,0.35,0.38,50,within_sampled_range,II,150,87.5,runs/yin_noise_matrix_20260926/results/r21vgg2k_vgg16_bn_aa_s42/faces_cfdWM64/faces_cfdWM64/results.csv,II
aa4,VGG2k / AA4,r21vgg2k_vgg16_bn_aa_s42,face_transfer,124,two_cross,CFD WM64,Faces,0.35,0.38,50,within_sampled_range,UI,101,91.66666666666666,runs/yin_noise_matrix_20260926/results/r21vgg2k_vgg16_bn_aa_s42/faces_cfdWM64/faces_cfdWM64/results.csv,UI_cross
aa4,VGG2k / AA4,r21vgg2k_vgg16_bn_aa_s42,face_transfer,124,two_cross,CFD WM64,Faces,0.35,0.38,50,within_sampled_range,UI,102,79.16666666666666,runs/yin_noise_matrix_20260926/results/r21vgg2k_vgg16_bn_aa_s42/faces_cfdWM64/faces_cfdWM64/results.csv,UI_cross
aa4,VGG2k / AA4,r21vgg2k_vgg16_bn_aa_s42,face_transfer,124,two_cross,CFD WM64,Faces,0.35,0.38,50,within_sampled_range,UI,103,95.83333333333334,runs/yin_noise_matrix_20260926/results/r21vgg2k_vgg16_bn_aa_s42/faces_cfdWM64/faces_cfdWM64/results.csv,UI_cross
aa4,VGG2k / AA4,r21vgg2k_vgg16_bn_aa_s42,face_transfer,124,two_cross,CFD WM64,Faces,0.35,0.38,50,within_sampled_range,UI,104,87.5,runs/yin_noise_matrix_20260926/results/r21vgg2k_vgg16_bn_aa_s42/faces_cfdWM64/faces_cfdWM64/results.csv,UI_cross
aa4,VGG2k / AA4,r21vgg2k_vgg16_bn_aa_s42,face_transfer,124,two_cross,CFD WM64,Faces,0.35,0.38,50,within_sampled_range,UI,105,87.5,runs/yin_noise_matrix_20260926/results/r21vgg2k_vgg16_bn_aa_s42/faces_cfdWM64/faces_cfdWM64/results.csv,UI_cross
aa4,VGG2k / AA4,r21vgg2k_vgg16_bn_aa_s42,face_transfer,124,two_cross,CFD WM64,Faces,0.35,0.38,50,within_sampled_range,UI,106,91.66666666666666,runs/yin_noise_matrix_20260926/results/r21vgg2k_vgg16_bn_aa_s42/faces_cfdWM64/faces_cfdWM64/results.csv,UI_cross
aa4,VGG2k / AA4,r21vgg2k_vgg16_bn_aa_s42,face_transfer,124,two_cross,CFD WM64,Faces,0.35,0.38,50,within_sampled_range,UI,107,95.83333333333334,runs/yin_noise_matrix_20260926/results/r21vgg2k_vgg16_bn_aa_s42/faces_cfdWM64/faces_cfdWM64/results.csv,UI_cross
aa4,VGG2k / AA4,r21vgg2k_vgg16_bn_aa_s42,face_transfer,124,two_cross,CFD WM64,Faces,0.35,0.38,50,within_sampled_range,UI,108,95.83333333333334,runs/yin_noise_matrix_20260926/results/r21vgg2k_vgg16_bn_aa_s42/faces_cfdWM64/faces_cfdWM64/results.csv,UI_cross
aa4,VGG2k / AA4,r21vgg2k_vgg16_bn_aa_s42,face_transfer,124,two_cross,CFD WM64,Faces,0.35,0.38,50,within_sampled_range,UI,109,87.5,runs/yin_noise_matrix_20260926/results/r21vgg2k_vgg16_bn_aa_s42/faces_cfdWM64/faces_cfdWM64/results.csv,UI_cross
aa4,VGG2k / AA4,r21vgg2k_vgg16_bn_aa_s42,face_transfer,124,two_cross,CFD WM64,Faces,0.35,0.38,50,within_sampled_range,UI,110,83.33333333333334,runs/yin_noise_matrix_20260926/results/r21vgg2k_vgg16_bn_aa_s42/faces_cfdWM64/faces_cfdWM64/results.csv,UI_cross
aa4,VGG2k / AA4,r21vgg2k_vgg16_bn_aa_s42,face_transfer,124,two_cross,CFD WM64,Faces,0.35,0.38,50,within_sampled_range,UI,111,83.33333333333334,runs/yin_noise_matrix_20260926/results/r21vgg2k_vgg16_bn_aa_s42/faces_cfdWM64/faces_cfdWM64/results.csv,UI_cross
aa4,VGG2k / AA4,r21vgg2k_vgg16_bn_aa_s42,face_transfer,124,two_cross,CFD WM64,Faces,0.35,0.38,50,within_sampled_range,UI,112,87.5,runs/yin_noise_matrix_20260926/results/r21vgg2k_vgg16_bn_aa_s42/faces_cfdWM64/faces_cfdWM64/results.csv,UI_cross
aa4,VGG2k / AA4,r21vgg2k_vgg16_bn_aa_s42,face_transfer,124,two_cross,CFD WM64,Faces,0.35,0.38,50,within_sampled_range,UI,113,83.33333333333334,runs/yin_noise_matrix_20260926/results/r21vgg2k_vgg16_bn_aa_s42/faces_cfdWM64/faces_cfdWM64/results.csv,UI_cross
aa4,VGG2k / AA4,r21vgg2k_vgg16_bn_aa_s42,face_transfer,124,two_cross,CFD WM64,Faces,0.35,0.38,50,within_sampled_range,UI,114,83.33333333333334,runs/yin_noise_matrix_20260926/results/r21vgg2k_vgg16_bn_aa_s42/faces_cfdWM64/faces_cfdWM64/results.csv,UI_cross
aa4,VGG2k / AA4,r21vgg2k_vgg16_bn_aa_s42,face_transfer,124,two_cross,CFD WM64,Faces,0.35,0.38,50,within_sampled_range,UI,115,83.33333333333334,runs/yin_noise_matrix_20260926/results/r21vgg2k_vgg16_bn_aa_s42/faces_cfdWM64/faces_cfdWM64/results.csv,UI_cross
aa4,VGG2k / AA4,r21vgg2k_vgg16_bn_aa_s42,face_transfer,124,two_cross,CFD WM64,Faces,0.35,0.38,50,within_sampled_range,UI,116,91.66666666666666,runs/yin_noise_matrix_20260926/results/r21vgg2k_vgg16_bn_aa_s42/faces_cfdWM64/faces_cfdWM64/results.csv,UI_cross
aa4,VGG2k / AA4,r21vgg2k_vgg16_bn_aa_s42,face_transfer,124,two_cross,CFD WM64,Faces,0.35,0.38,50,within_sampled_range,UI,117,91.66666666666666,runs/yin_noise_matrix_20260926/results/r21vgg2k_vgg16_bn_aa_s42/faces_cfdWM64/faces_cfdWM64/results.csv,UI_cross
aa4,VGG2k / AA4,r21vgg2k_vgg16_bn_aa_s42,face_transfer,124,two_cross,CFD WM64,Faces,0.35,0.38,50,within_sampled_range,UI,118,79.16666666666666,runs/yin_noise_matrix_20260926/results/r21vgg2k_vgg16_bn_aa_s42/faces_cfdWM64/faces_cfdWM64/results.csv,UI_cross
aa4,VGG2k / AA4,r21vgg2k_vgg16_bn_aa_s42,face_transfer,124,two_cross,CFD WM64,Faces,0.35,0.38,50,within_sampled_range,UI,119,95.83333333333334,runs/yin_noise_matrix_20260926/results/r21vgg2k_vgg16_bn_aa_s42/faces_cfdWM64/faces_cfdWM64/results.csv,UI_cross
aa4,VGG2k / AA4,r21vgg2k_vgg16_bn_aa_s42,face_transfer,124,two_cross,CFD WM64,Faces,0.35,0.38,50,within_sampled_range,UI,120,91.66666666666666,runs/yin_noise_matrix_20260926/results/r21vgg2k_vgg16_bn_aa_s42/faces_cfdWM64/faces_cfdWM64/results.csv,UI_cross
aa4,VGG2k / AA4,r21vgg2k_vgg16_bn_aa_s42,face_transfer,124,two_cross,CFD WM64,Faces,0.35,0.38,50,within_sampled_range,UI,121,83.33333333333334,runs/yin_noise_matrix_20260926/results/r21vgg2k_vgg16_bn_aa_s42/faces_cfdWM64/faces_cfdWM64/results.csv,UI_cross
aa4,VGG2k / AA4,r21vgg2k_vgg16_bn_aa_s42,face_transfer,124,two_cross,CFD WM64,Faces,0.35,0.38,50,within_sampled_range,UI,122,83.33333333333334,runs/yin_noise_matrix_20260926/results/r21vgg2k_vgg16_bn_aa_s42/faces_cfdWM64/faces_cfdWM64/results.csv,UI_cross
aa4,VGG2k / AA4,r21vgg2k_vgg16_bn_aa_s42,face_transfer,124,two_cross,CFD WM64,Faces,0.35,0.38,50,within_sampled_range,UI,123,87.5,runs/yin_noise_matrix_20260926/results/r21vgg2k_vgg16_bn_aa_s42/faces_cfdWM64/faces_cfdWM64/results.csv,UI_cross
aa4,VGG2k / AA4,r21vgg2k_vgg16_bn_aa_s42,face_transfer,124,two_cross,CFD WM64,Faces,0.35,0.38,50,within_sampled_range,UI,124,95.83333333333334,runs/yin_noise_matrix_20260926/results/r21vgg2k_vgg16_bn_aa_s42/faces_cfdWM64/faces_cfdWM64/results.csv,UI_cross
aa4,VGG2k / AA4,r21vgg2k_vgg16_bn_aa_s42,face_transfer,124,two_cross,CFD WM64,Faces,0.35,0.38,50,within_sampled_range,UI,125,91.66666666666666,runs/yin_noise_matrix_20260926/results/r21vgg2k_vgg16_bn_aa_s42/faces_cfdWM64/faces_cfdWM64/results.csv,UI_cross
aa4,VGG2k / AA4,r21vgg2k_vgg16_bn_aa_s42,face_transfer,124,two_cross,CFD WM64,Faces,0.35,0.38,50,within_sampled_range,UI,126,95.83333333333334,runs/yin_noise_matrix_20260926/results/r21vgg2k_vgg16_bn_aa_s42/faces_cfdWM64/faces_cfdWM64/results.csv,UI_cross
aa4,VGG2k / AA4,r21vgg2k_vgg16_bn_aa_s42,face_transfer,124,two_cross,CFD WM64,Faces,0.35,0.38,50,within_sampled_range,UI,127,87.5,runs/yin_noise_matrix_20260926/results/r21vgg2k_vgg16_bn_aa_s42/faces_cfdWM64/faces_cfdWM64/results.csv,UI_cross
aa4,VGG2k / AA4,r21vgg2k_vgg16_bn_aa_s42,face_transfer,124,two_cross,CFD WM64,Faces,0.35,0.38,50,within_sampled_range,UI,128,91.66666666666666,runs/yin_noise_matrix_20260926/results/r21vgg2k_vgg16_bn_aa_s42/faces_cfdWM64/faces_cfdWM64/results.csv,UI_cross
aa4,VGG2k / AA4,r21vgg2k_vgg16_bn_aa_s42,face_transfer,124,two_cross,CFD WM64,Faces,0.35,0.38,50,within_sampled_range,UI,129,95.83333333333334,runs/yin_noise_matrix_20260926/results/r21vgg2k_vgg16_bn_aa_s42/faces_cfdWM64/faces_cfdWM64/results.csv,UI_cross
aa4,VGG2k / AA4,r21vgg2k_vgg16_bn_aa_s42,face_transfer,124,two_cross,CFD WM64,Faces,0.35,0.38,50,within_sampled_range,UI,130,95.83333333333334,runs/yin_noise_matrix_20260926/results/r21vgg2k_vgg16_bn_aa_s42/faces_cfdWM64/faces_cfdWM64/results.csv,UI_cross
aa4,VGG2k / AA4,r21vgg2k_vgg16_bn_aa_s42,face_transfer,124,two_cross,CFD WM64,Faces,0.35,0.38,50,within_sampled_range,UI,131,79.16666666666666,runs/yin_noise_matrix_20260926/results/r21vgg2k_vgg16_bn_aa_s42/faces_cfdWM64/faces_cfdWM64/results.csv,UI_cross
aa4,VGG2k / AA4,r21vgg2k_vgg16_bn_aa_s42,face_transfer,124,two_cross,CFD WM64,Faces,0.35,0.38,50,within_sampled_range,UI,132,79.16666666666666,runs/yin_noise_matrix_20260926/results/r21vgg2k_vgg16_bn_aa_s42/faces_cfdWM64/faces_cfdWM64/results.csv,UI_cross
aa4,VGG2k / AA4,r21vgg2k_vgg16_bn_aa_s42,face_transfer,124,two_cross,CFD WM64,Faces,0.35,0.38,50,within_sampled_range,UI,133,79.16666666666666,runs/yin_noise_matrix_20260926/results/r21vgg2k_vgg16_bn_aa_s42/faces_cfdWM64/faces_cfdWM64/results.csv,UI_cross
aa4,VGG2k / AA4,r21vgg2k_vgg16_bn_aa_s42,face_transfer,124,two_cross,CFD WM64,Faces,0.35,0.38,50,within_sampled_range,UI,134,87.5,runs/yin_noise_matrix_20260926/results/r21vgg2k_vgg16_bn_aa_s42/faces_cfdWM64/faces_cfdWM64/results.csv,UI_cross
aa4,VGG2k / AA4,r21vgg2k_vgg16_bn_aa_s42,face_transfer,124,two_cross,CFD WM64,Faces,0.35,0.38,50,within_sampled_range,UI,135,95.83333333333334,runs/yin_noise_matrix_20260926/results/r21vgg2k_vgg16_bn_aa_s42/faces_cfdWM64/faces_cfdWM64/results.csv,UI_cross
aa4,VGG2k / AA4,r21vgg2k_vgg16_bn_aa_s42,face_transfer,124,two_cross,CFD WM64,Faces,0.35,0.38,50,within_sampled_range,UI,136,75.0,runs/yin_noise_matrix_20260926/results/r21vgg2k_vgg16_bn_aa_s42/faces_cfdWM64/faces_cfdWM64/results.csv,UI_cross
aa4,VGG2k / AA4,r21vgg2k_vgg16_bn_aa_s42,face_transfer,124,two_cross,CFD WM64,Faces,0.35,0.38,50,within_sampled_range,UI,137,91.66666666666666,runs/yin_noise_matrix_20260926/results/r21vgg2k_vgg16_bn_aa_s42/faces_cfdWM64/faces_cfdWM64/results.csv,UI_cross
aa4,VGG2k / AA4,r21vgg2k_vgg16_bn_aa_s42,face_transfer,124,two_cross,CFD WM64,Faces,0.35,0.38,50,within_sampled_range,UI,138,95.83333333333334,runs/yin_noise_matrix_20260926/results/r21vgg2k_vgg16_bn_aa_s42/faces_cfdWM64/faces_cfdWM64/results.csv,UI_cross
aa4,VGG2k / AA4,r21vgg2k_vgg16_bn_aa_s42,face_transfer,124,two_cross,CFD WM64,Faces,0.35,0.38,50,within_sampled_range,UI,139,91.66666666666666,runs/yin_noise_matrix_20260926/results/r21vgg2k_vgg16_bn_aa_s42/faces_cfdWM64/faces_cfdWM64/results.csv,UI_cross
aa4,VGG2k / AA4,r21vgg2k_vgg16_bn_aa_s42,face_transfer,124,two_cross,CFD WM64,Faces,0.35,0.38,50,within_sampled_range,UI,140,91.66666666666666,runs/yin_noise_matrix_20260926/results/r21vgg2k_vgg16_bn_aa_s42/faces_cfdWM64/faces_cfdWM64/results.csv,UI_cross
aa4,VGG2k / AA4,r21vgg2k_vgg16_bn_aa_s42,face_transfer,124,two_cross,CFD WM64,Faces,0.35,0.38,50,within_sampled_range,UI,141,91.66666666666666,runs/yin_noise_matrix_20260926/results/r21vgg2k_vgg16_bn_aa_s42/faces_cfdWM64/faces_cfdWM64/results.csv,UI_cross
aa4,VGG2k / AA4,r21vgg2k_vgg16_bn_aa_s42,face_transfer,124,two_cross,CFD WM64,Faces,0.35,0.38,50,within_sampled_range,UI,142,91.66666666666666,runs/yin_noise_matrix_20260926/results/r21vgg2k_vgg16_bn_aa_s42/faces_cfdWM64/faces_cfdWM64/results.csv,UI_cross
aa4,VGG2k / AA4,r21vgg2k_vgg16_bn_aa_s42,face_transfer,124,two_cross,CFD WM64,Faces,0.35,0.38,50,within_sampled_range,UI,143,95.83333333333334,runs/yin_noise_matrix_20260926/results/r21vgg2k_vgg16_bn_aa_s42/faces_cfdWM64/faces_cfdWM64/results.csv,UI_cross
aa4,VGG2k / AA4,r21vgg2k_vgg16_bn_aa_s42,face_transfer,124,two_cross,CFD WM64,Faces,0.35,0.38,50,within_sampled_range,UI,144,95.83333333333334,runs/yin_noise_matrix_20260926/results/r21vgg2k_vgg16_bn_aa_s42/faces_cfdWM64/faces_cfdWM64/results.csv,UI_cross
aa4,VGG2k / AA4,r21vgg2k_vgg16_bn_aa_s42,face_transfer,124,two_cross,CFD WM64,Faces,0.35,0.38,50,within_sampled_range,UI,145,83.33333333333334,runs/yin_noise_matrix_20260926/results/r21vgg2k_vgg16_bn_aa_s42/faces_cfdWM64/faces_cfdWM64/results.csv,UI_cross
aa4,VGG2k / AA4,r21vgg2k_vgg16_bn_aa_s42,face_transfer,124,two_cross,CFD WM64,Faces,0.35,0.38,50,within_sampled_range,UI,146,91.66666666666666,runs/yin_noise_matrix_20260926/results/r21vgg2k_vgg16_bn_aa_s42/faces_cfdWM64/faces_cfdWM64/results.csv,UI_cross
aa4,VGG2k / AA4,r21vgg2k_vgg16_bn_aa_s42,face_transfer,124,two_cross,CFD WM64,Faces,0.35,0.38,50,within_sampled_range,UI,147,87.5,runs/yin_noise_matrix_20260926/results/r21vgg2k_vgg16_bn_aa_s42/faces_cfdWM64/faces_cfdWM64/results.csv,UI_cross
aa4,VGG2k / AA4,r21vgg2k_vgg16_bn_aa_s42,face_transfer,124,two_cross,CFD WM64,Faces,0.35,0.38,50,within_sampled_range,UI,148,95.83333333333334,runs/yin_noise_matrix_20260926/results/r21vgg2k_vgg16_bn_aa_s42/faces_cfdWM64/faces_cfdWM64/results.csv,UI_cross
aa4,VGG2k / AA4,r21vgg2k_vgg16_bn_aa_s42,face_transfer,124,two_cross,CFD WM64,Faces,0.35,0.38,50,within_sampled_range,UI,149,83.33333333333334,runs/yin_noise_matrix_20260926/results/r21vgg2k_vgg16_bn_aa_s42/faces_cfdWM64/faces_cfdWM64/results.csv,UI_cross
aa4,VGG2k / AA4,r21vgg2k_vgg16_bn_aa_s42,face_transfer,124,two_cross,CFD WM64,Faces,0.35,0.38,50,within_sampled_range,UI,150,83.33333333333334,runs/yin_noise_matrix_20260926/results/r21vgg2k_vgg16_bn_aa_s42/faces_cfdWM64/faces_cfdWM64/results.csv,UI_cross
aa4,VGG2k / AA4,r21vgg2k_vgg16_bn_aa_s42,face_transfer,124,two_cross,CFD WM64,Faces,0.35,0.38,50,within_sampled_range,IU,101,83.33333333333334,runs/yin_noise_matrix_20260926/results/r21vgg2k_vgg16_bn_aa_s42/faces_cfdWM64/faces_cfdWM64/results.csv,IU
aa4,VGG2k / AA4,r21vgg2k_vgg16_bn_aa_s42,face_transfer,124,two_cross,CFD WM64,Faces,0.35,0.38,50,within_sampled_range,IU,102,83.33333333333334,runs/yin_noise_matrix_20260926/results/r21vgg2k_vgg16_bn_aa_s42/faces_cfdWM64/faces_cfdWM64/results.csv,IU
aa4,VGG2k / AA4,r21vgg2k_vgg16_bn_aa_s42,face_transfer,124,two_cross,CFD WM64,Faces,0.35,0.38,50,within_sampled_range,IU,103,95.83333333333334,runs/yin_noise_matrix_20260926/results/r21vgg2k_vgg16_bn_aa_s42/faces_cfdWM64/faces_cfdWM64/results.csv,IU
aa4,VGG2k / AA4,r21vgg2k_vgg16_bn_aa_s42,face_transfer,124,two_cross,CFD WM64,Faces,0.35,0.38,50,within_sampled_range,IU,104,87.5,runs/yin_noise_matrix_20260926/results/r21vgg2k_vgg16_bn_aa_s42/faces_cfdWM64/faces_cfdWM64/results.csv,IU
aa4,VGG2k / AA4,r21vgg2k_vgg16_bn_aa_s42,face_transfer,124,two_cross,CFD WM64,Faces,0.35,0.38,50,within_sampled_range,IU,105,83.33333333333334,runs/yin_noise_matrix_20260926/results/r21vgg2k_vgg16_bn_aa_s42/faces_cfdWM64/faces_cfdWM64/results.csv,IU
aa4,VGG2k / AA4,r21vgg2k_vgg16_bn_aa_s42,face_transfer,124,two_cross,CFD WM64,Faces,0.35,0.38,50,within_sampled_range,IU,106,87.5,runs/yin_noise_matrix_20260926/results/r21vgg2k_vgg16_bn_aa_s42/faces_cfdWM64/faces_cfdWM64/results.csv,IU
aa4,VGG2k / AA4,r21vgg2k_vgg16_bn_aa_s42,face_transfer,124,two_cross,CFD WM64,Faces,0.35,0.38,50,within_sampled_range,IU,107,87.5,runs/yin_noise_matrix_20260926/results/r21vgg2k_vgg16_bn_aa_s42/faces_cfdWM64/faces_cfdWM64/results.csv,IU
aa4,VGG2k / AA4,r21vgg2k_vgg16_bn_aa_s42,face_transfer,124,two_cross,CFD WM64,Faces,0.35,0.38,50,within_sampled_range,IU,108,95.83333333333334,runs/yin_noise_matrix_20260926/results/r21vgg2k_vgg16_bn_aa_s42/faces_cfdWM64/faces_cfdWM64/results.csv,IU
aa4,VGG2k / AA4,r21vgg2k_vgg16_bn_aa_s42,face_transfer,124,two_cross,CFD WM64,Faces,0.35,0.38,50,within_sampled_range,IU,109,83.33333333333334,runs/yin_noise_matrix_20260926/results/r21vgg2k_vgg16_bn_aa_s42/faces_cfdWM64/faces_cfdWM64/results.csv,IU
aa4,VGG2k / AA4,r21vgg2k_vgg16_bn_aa_s42,face_transfer,124,two_cross,CFD WM64,Faces,0.35,0.38,50,within_sampled_range,IU,110,83.33333333333334,runs/yin_noise_matrix_20260926/results/r21vgg2k_vgg16_bn_aa_s42/faces_cfdWM64/faces_cfdWM64/results.csv,IU
aa4,VGG2k / AA4,r21vgg2k_vgg16_bn_aa_s42,face_transfer,124,two_cross,CFD WM64,Faces,0.35,0.38,50,within_sampled_range,IU,111,83.33333333333334,runs/yin_noise_matrix_20260926/results/r21vgg2k_vgg16_bn_aa_s42/faces_cfdWM64/faces_cfdWM64/results.csv,IU
aa4,VGG2k / AA4,r21vgg2k_vgg16_bn_aa_s42,face_transfer,124,two_cross,CFD WM64,Faces,0.35,0.38,50,within_sampled_range,IU,112,87.5,runs/yin_noise_matrix_20260926/results/r21vgg2k_vgg16_bn_aa_s42/faces_cfdWM64/faces_cfdWM64/results.csv,IU
aa4,VGG2k / AA4,r21vgg2k_vgg16_bn_aa_s42,face_transfer,124,two_cross,CFD WM64,Faces,0.35,0.38,50,within_sampled_range,IU,113,87.5,runs/yin_noise_matrix_20260926/results/r21vgg2k_vgg16_bn_aa_s42/faces_cfdWM64/faces_cfdWM64/results.csv,IU
aa4,VGG2k / AA4,r21vgg2k_vgg16_bn_aa_s42,face_transfer,124,two_cross,CFD WM64,Faces,0.35,0.38,50,within_sampled_range,IU,114,79.16666666666666,runs/yin_noise_matrix_20260926/results/r21vgg2k_vgg16_bn_aa_s42/faces_cfdWM64/faces_cfdWM64/results.csv,IU
aa4,VGG2k / AA4,r21vgg2k_vgg16_bn_aa_s42,face_transfer,124,two_cross,CFD WM64,Faces,0.35,0.38,50,within_sampled_range,IU,115,91.66666666666666,runs/yin_noise_matrix_20260926/results/r21vgg2k_vgg16_bn_aa_s42/faces_cfdWM64/faces_cfdWM64/results.csv,IU
aa4,VGG2k / AA4,r21vgg2k_vgg16_bn_aa_s42,face_transfer,124,two_cross,CFD WM64,Faces,0.35,0.38,50,within_sampled_range,IU,116,87.5,runs/yin_noise_matrix_20260926/results/r21vgg2k_vgg16_bn_aa_s42/faces_cfdWM64/faces_cfdWM64/results.csv,IU
aa4,VGG2k / AA4,r21vgg2k_vgg16_bn_aa_s42,face_transfer,124,two_cross,CFD WM64,Faces,0.35,0.38,50,within_sampled_range,IU,117,87.5,runs/yin_noise_matrix_20260926/results/r21vgg2k_vgg16_bn_aa_s42/faces_cfdWM64/faces_cfdWM64/results.csv,IU
aa4,VGG2k / AA4,r21vgg2k_vgg16_bn_aa_s42,face_transfer,124,two_cross,CFD WM64,Faces,0.35,0.38,50,within_sampled_range,IU,118,91.66666666666666,runs/yin_noise_matrix_20260926/results/r21vgg2k_vgg16_bn_aa_s42/faces_cfdWM64/faces_cfdWM64/results.csv,IU
aa4,VGG2k / AA4,r21vgg2k_vgg16_bn_aa_s42,face_transfer,124,two_cross,CFD WM64,Faces,0.35,0.38,50,within_sampled_range,IU,119,87.5,runs/yin_noise_matrix_20260926/results/r21vgg2k_vgg16_bn_aa_s42/faces_cfdWM64/faces_cfdWM64/results.csv,IU
aa4,VGG2k / AA4,r21vgg2k_vgg16_bn_aa_s42,face_transfer,124,two_cross,CFD WM64,Faces,0.35,0.38,50,within_sampled_range,IU,120,91.66666666666666,runs/yin_noise_matrix_20260926/results/r21vgg2k_vgg16_bn_aa_s42/faces_cfdWM64/faces_cfdWM64/results.csv,IU
aa4,VGG2k / AA4,r21vgg2k_vgg16_bn_aa_s42,face_transfer,124,two_cross,CFD WM64,Faces,0.35,0.38,50,within_sampled_range,IU,121,79.16666666666666,runs/yin_noise_matrix_20260926/results/r21vgg2k_vgg16_bn_aa_s42/faces_cfdWM64/faces_cfdWM64/results.csv,IU
aa4,VGG2k / AA4,r21vgg2k_vgg16_bn_aa_s42,face_transfer,124,two_cross,CFD WM64,Faces,0.35,0.38,50,within_sampled_range,IU,122,87.5,runs/yin_noise_matrix_20260926/results/r21vgg2k_vgg16_bn_aa_s42/faces_cfdWM64/faces_cfdWM64/results.csv,IU
aa4,VGG2k / AA4,r21vgg2k_vgg16_bn_aa_s42,face_transfer,124,two_cross,CFD WM64,Faces,0.35,0.38,50,within_sampled_range,IU,123,87.5,runs/yin_noise_matrix_20260926/results/r21vgg2k_vgg16_bn_aa_s42/faces_cfdWM64/faces_cfdWM64/results.csv,IU
aa4,VGG2k / AA4,r21vgg2k_vgg16_bn_aa_s42,face_transfer,124,two_cross,CFD WM64,Faces,0.35,0.38,50,within_sampled_range,IU,124,70.83333333333334,runs/yin_noise_matrix_20260926/results/r21vgg2k_vgg16_bn_aa_s42/faces_cfdWM64/faces_cfdWM64/results.csv,IU
aa4,VGG2k / AA4,r21vgg2k_vgg16_bn_aa_s42,face_transfer,124,two_cross,CFD WM64,Faces,0.35,0.38,50,within_sampled_range,IU,125,95.83333333333334,runs/yin_noise_matrix_20260926/results/r21vgg2k_vgg16_bn_aa_s42/faces_cfdWM64/faces_cfdWM64/results.csv,IU
aa4,VGG2k / AA4,r21vgg2k_vgg16_bn_aa_s42,face_transfer,124,two_cross,CFD WM64,Faces,0.35,0.38,50,within_sampled_range,IU,126,87.5,runs/yin_noise_matrix_20260926/results/r21vgg2k_vgg16_bn_aa_s42/faces_cfdWM64/faces_cfdWM64/results.csv,IU
aa4,VGG2k / AA4,r21vgg2k_vgg16_bn_aa_s42,face_transfer,124,two_cross,CFD WM64,Faces,0.35,0.38,50,within_sampled_range,IU,127,91.66666666666666,runs/yin_noise_matrix_20260926/results/r21vgg2k_vgg16_bn_aa_s42/faces_cfdWM64/faces_cfdWM64/results.csv,IU
aa4,VGG2k / AA4,r21vgg2k_vgg16_bn_aa_s42,face_transfer,124,two_cross,CFD WM64,Faces,0.35,0.38,50,within_sampled_range,IU,128,79.16666666666666,runs/yin_noise_matrix_20260926/results/r21vgg2k_vgg16_bn_aa_s42/faces_cfdWM64/faces_cfdWM64/results.csv,IU
aa4,VGG2k / AA4,r21vgg2k_vgg16_bn_aa_s42,face_transfer,124,two_cross,CFD WM64,Faces,0.35,0.38,50,within_sampled_range,IU,129,83.33333333333334,runs/yin_noise_matrix_20260926/results/r21vgg2k_vgg16_bn_aa_s42/faces_cfdWM64/faces_cfdWM64/results.csv,IU
aa4,VGG2k / AA4,r21vgg2k_vgg16_bn_aa_s42,face_transfer,124,two_cross,CFD WM64,Faces,0.35,0.38,50,within_sampled_range,IU,130,95.83333333333334,runs/yin_noise_matrix_20260926/results/r21vgg2k_vgg16_bn_aa_s42/faces_cfdWM64/faces_cfdWM64/results.csv,IU
aa4,VGG2k / AA4,r21vgg2k_vgg16_bn_aa_s42,face_transfer,124,two_cross,CFD WM64,Faces,0.35,0.38,50,within_sampled_range,IU,131,79.16666666666666,runs/yin_noise_matrix_20260926/results/r21vgg2k_vgg16_bn_aa_s42/faces_cfdWM64/faces_cfdWM64/results.csv,IU
aa4,VGG2k / AA4,r21vgg2k_vgg16_bn_aa_s42,face_transfer,124,two_cross,CFD WM64,Faces,0.35,0.38,50,within_sampled_range,IU,132,83.33333333333334,runs/yin_noise_matrix_20260926/results/r21vgg2k_vgg16_bn_aa_s42/faces_cfdWM64/faces_cfdWM64/results.csv,IU
aa4,VGG2k / AA4,r21vgg2k_vgg16_bn_aa_s42,face_transfer,124,two_cross,CFD WM64,Faces,0.35,0.38,50,within_sampled_range,IU,133,83.33333333333334,runs/yin_noise_matrix_20260926/results/r21vgg2k_vgg16_bn_aa_s42/faces_cfdWM64/faces_cfdWM64/results.csv,IU
aa4,VGG2k / AA4,r21vgg2k_vgg16_bn_aa_s42,face_transfer,124,two_cross,CFD WM64,Faces,0.35,0.38,50,within_sampled_range,IU,134,91.66666666666666,runs/yin_noise_matrix_20260926/results/r21vgg2k_vgg16_bn_aa_s42/faces_cfdWM64/faces_cfdWM64/results.csv,IU
aa4,VGG2k / AA4,r21vgg2k_vgg16_bn_aa_s42,face_transfer,124,two_cross,CFD WM64,Faces,0.35,0.38,50,within_sampled_range,IU,135,83.33333333333334,runs/yin_noise_matrix_20260926/results/r21vgg2k_vgg16_bn_aa_s42/faces_cfdWM64/faces_cfdWM64/results.csv,IU
aa4,VGG2k / AA4,r21vgg2k_vgg16_bn_aa_s42,face_transfer,124,two_cross,CFD WM64,Faces,0.35,0.38,50,within_sampled_range,IU,136,83.33333333333334,runs/yin_noise_matrix_20260926/results/r21vgg2k_vgg16_bn_aa_s42/faces_cfdWM64/faces_cfdWM64/results.csv,IU
aa4,VGG2k / AA4,r21vgg2k_vgg16_bn_aa_s42,face_transfer,124,two_cross,CFD WM64,Faces,0.35,0.38,50,within_sampled_range,IU,137,83.33333333333334,runs/yin_noise_matrix_20260926/results/r21vgg2k_vgg16_bn_aa_s42/faces_cfdWM64/faces_cfdWM64/results.csv,IU
aa4,VGG2k / AA4,r21vgg2k_vgg16_bn_aa_s42,face_transfer,124,two_cross,CFD WM64,Faces,0.35,0.38,50,within_sampled_range,IU,138,91.66666666666666,runs/yin_noise_matrix_20260926/results/r21vgg2k_vgg16_bn_aa_s42/faces_cfdWM64/faces_cfdWM64/results.csv,IU
aa4,VGG2k / AA4,r21vgg2k_vgg16_bn_aa_s42,face_transfer,124,two_cross,CFD WM64,Faces,0.35,0.38,50,within_sampled_range,IU,139,87.5,runs/yin_noise_matrix_20260926/results/r21vgg2k_vgg16_bn_aa_s42/faces_cfdWM64/faces_cfdWM64/results.csv,IU
aa4,VGG2k / AA4,r21vgg2k_vgg16_bn_aa_s42,face_transfer,124,two_cross,CFD WM64,Faces,0.35,0.38,50,within_sampled_range,IU,140,79.16666666666666,runs/yin_noise_matrix_20260926/results/r21vgg2k_vgg16_bn_aa_s42/faces_cfdWM64/faces_cfdWM64/results.csv,IU
aa4,VGG2k / AA4,r21vgg2k_vgg16_bn_aa_s42,face_transfer,124,two_cross,CFD WM64,Faces,0.35,0.38,50,within_sampled_range,IU,141,87.5,runs/yin_noise_matrix_20260926/results/r21vgg2k_vgg16_bn_aa_s42/faces_cfdWM64/faces_cfdWM64/results.csv,IU
aa4,VGG2k / AA4,r21vgg2k_vgg16_bn_aa_s42,face_transfer,124,two_cross,CFD WM64,Faces,0.35,0.38,50,within_sampled_range,IU,142,83.33333333333334,runs/yin_noise_matrix_20260926/results/r21vgg2k_vgg16_bn_aa_s42/faces_cfdWM64/faces_cfdWM64/results.csv,IU
aa4,VGG2k / AA4,r21vgg2k_vgg16_bn_aa_s42,face_transfer,124,two_cross,CFD WM64,Faces,0.35,0.38,50,within_sampled_range,IU,143,87.5,runs/yin_noise_matrix_20260926/results/r21vgg2k_vgg16_bn_aa_s42/faces_cfdWM64/faces_cfdWM64/results.csv,IU
aa4,VGG2k / AA4,r21vgg2k_vgg16_bn_aa_s42,face_transfer,124,two_cross,CFD WM64,Faces,0.35,0.38,50,within_sampled_range,IU,144,95.83333333333334,runs/yin_noise_matrix_20260926/results/r21vgg2k_vgg16_bn_aa_s42/faces_cfdWM64/faces_cfdWM64/results.csv,IU
aa4,VGG2k / AA4,r21vgg2k_vgg16_bn_aa_s42,face_transfer,124,two_cross,CFD WM64,Faces,0.35,0.38,50,within_sampled_range,IU,145,95.83333333333334,runs/yin_noise_matrix_20260926/results/r21vgg2k_vgg16_bn_aa_s42/faces_cfdWM64/faces_cfdWM64/results.csv,IU
aa4,VGG2k / AA4,r21vgg2k_vgg16_bn_aa_s42,face_transfer,124,two_cross,CFD WM64,Faces,0.35,0.38,50,within_sampled_range,IU,146,87.5,runs/yin_noise_matrix_20260926/results/r21vgg2k_vgg16_bn_aa_s42/faces_cfdWM64/faces_cfdWM64/results.csv,IU
aa4,VGG2k / AA4,r21vgg2k_vgg16_bn_aa_s42,face_transfer,124,two_cross,CFD WM64,Faces,0.35,0.38,50,within_sampled_range,IU,147,87.5,runs/yin_noise_matrix_20260926/results/r21vgg2k_vgg16_bn_aa_s42/faces_cfdWM64/faces_cfdWM64/results.csv,IU
aa4,VGG2k / AA4,r21vgg2k_vgg16_bn_aa_s42,face_transfer,124,two_cross,CFD WM64,Faces,0.35,0.38,50,within_sampled_range,IU,148,54.166666666666664,runs/yin_noise_matrix_20260926/results/r21vgg2k_vgg16_bn_aa_s42/faces_cfdWM64/faces_cfdWM64/results.csv,IU
aa4,VGG2k / AA4,r21vgg2k_vgg16_bn_aa_s42,face_transfer,124,two_cross,CFD WM64,Faces,0.35,0.38,50,within_sampled_range,IU,149,75.0,runs/yin_noise_matrix_20260926/results/r21vgg2k_vgg16_bn_aa_s42/faces_cfdWM64/faces_cfdWM64/results.csv,IU
aa4,VGG2k / AA4,r21vgg2k_vgg16_bn_aa_s42,face_transfer,124,two_cross,CFD WM64,Faces,0.35,0.38,50,within_sampled_range,IU,150,83.33333333333334,runs/yin_noise_matrix_20260926/results/r21vgg2k_vgg16_bn_aa_s42/faces_cfdWM64/faces_cfdWM64/results.csv,IU
aa4,VGG2k / AA4,r21vgg2k_vgg16_bn_aa_s42,face_transfer,124,two_shared_ui,CFD WM64,Faces,0.35,0.38,50,within_sampled_range,UU,101,91.66666666666666,runs/yin_noise_matrix_20260926/results/r21vgg2k_vgg16_bn_aa_s42/faces_cfdWM64/faces_cfdWM64/results.csv,UU
aa4,VGG2k / AA4,r21vgg2k_vgg16_bn_aa_s42,face_transfer,124,two_shared_ui,CFD WM64,Faces,0.35,0.38,50,within_sampled_range,UU,102,100.0,runs/yin_noise_matrix_20260926/results/r21vgg2k_vgg16_bn_aa_s42/faces_cfdWM64/faces_cfdWM64/results.csv,UU
aa4,VGG2k / AA4,r21vgg2k_vgg16_bn_aa_s42,face_transfer,124,two_shared_ui,CFD WM64,Faces,0.35,0.38,50,within_sampled_range,UU,103,95.83333333333334,runs/yin_noise_matrix_20260926/results/r21vgg2k_vgg16_bn_aa_s42/faces_cfdWM64/faces_cfdWM64/results.csv,UU
aa4,VGG2k / AA4,r21vgg2k_vgg16_bn_aa_s42,face_transfer,124,two_shared_ui,CFD WM64,Faces,0.35,0.38,50,within_sampled_range,UU,104,95.83333333333334,runs/yin_noise_matrix_20260926/results/r21vgg2k_vgg16_bn_aa_s42/faces_cfdWM64/faces_cfdWM64/results.csv,UU
aa4,VGG2k / AA4,r21vgg2k_vgg16_bn_aa_s42,face_transfer,124,two_shared_ui,CFD WM64,Faces,0.35,0.38,50,within_sampled_range,UU,105,91.66666666666666,runs/yin_noise_matrix_20260926/results/r21vgg2k_vgg16_bn_aa_s42/faces_cfdWM64/faces_cfdWM64/results.csv,UU
aa4,VGG2k / AA4,r21vgg2k_vgg16_bn_aa_s42,face_transfer,124,two_shared_ui,CFD WM64,Faces,0.35,0.38,50,within_sampled_range,UU,106,100.0,runs/yin_noise_matrix_20260926/results/r21vgg2k_vgg16_bn_aa_s42/faces_cfdWM64/faces_cfdWM64/results.csv,UU
aa4,VGG2k / AA4,r21vgg2k_vgg16_bn_aa_s42,face_transfer,124,two_shared_ui,CFD WM64,Faces,0.35,0.38,50,within_sampled_range,UU,107,100.0,runs/yin_noise_matrix_20260926/results/r21vgg2k_vgg16_bn_aa_s42/faces_cfdWM64/faces_cfdWM64/results.csv,UU
aa4,VGG2k / AA4,r21vgg2k_vgg16_bn_aa_s42,face_transfer,124,two_shared_ui,CFD WM64,Faces,0.35,0.38,50,within_sampled_range,UU,108,95.83333333333334,runs/yin_noise_matrix_20260926/results/r21vgg2k_vgg16_bn_aa_s42/faces_cfdWM64/faces_cfdWM64/results.csv,UU
aa4,VGG2k / AA4,r21vgg2k_vgg16_bn_aa_s42,face_transfer,124,two_shared_ui,CFD WM64,Faces,0.35,0.38,50,within_sampled_range,UU,109,100.0,runs/yin_noise_matrix_20260926/results/r21vgg2k_vgg16_bn_aa_s42/faces_cfdWM64/faces_cfdWM64/results.csv,UU
aa4,VGG2k / AA4,r21vgg2k_vgg16_bn_aa_s42,face_transfer,124,two_shared_ui,CFD WM64,Faces,0.35,0.38,50,within_sampled_range,UU,110,95.83333333333334,runs/yin_noise_matrix_20260926/results/r21vgg2k_vgg16_bn_aa_s42/faces_cfdWM64/faces_cfdWM64/results.csv,UU
aa4,VGG2k / AA4,r21vgg2k_vgg16_bn_aa_s42,face_transfer,124,two_shared_ui,CFD WM64,Faces,0.35,0.38,50,within_sampled_range,UU,111,100.0,runs/yin_noise_matrix_20260926/results/r21vgg2k_vgg16_bn_aa_s42/faces_cfdWM64/faces_cfdWM64/results.csv,UU
aa4,VGG2k / AA4,r21vgg2k_vgg16_bn_aa_s42,face_transfer,124,two_shared_ui,CFD WM64,Faces,0.35,0.38,50,within_sampled_range,UU,112,100.0,runs/yin_noise_matrix_20260926/results/r21vgg2k_vgg16_bn_aa_s42/faces_cfdWM64/faces_cfdWM64/results.csv,UU
aa4,VGG2k / AA4,r21vgg2k_vgg16_bn_aa_s42,face_transfer,124,two_shared_ui,CFD WM64,Faces,0.35,0.38,50,within_sampled_range,UU,113,95.83333333333334,runs/yin_noise_matrix_20260926/results/r21vgg2k_vgg16_bn_aa_s42/faces_cfdWM64/faces_cfdWM64/results.csv,UU
aa4,VGG2k / AA4,r21vgg2k_vgg16_bn_aa_s42,face_transfer,124,two_shared_ui,CFD WM64,Faces,0.35,0.38,50,within_sampled_range,UU,114,100.0,runs/yin_noise_matrix_20260926/results/r21vgg2k_vgg16_bn_aa_s42/faces_cfdWM64/faces_cfdWM64/results.csv,UU
aa4,VGG2k / AA4,r21vgg2k_vgg16_bn_aa_s42,face_transfer,124,two_shared_ui,CFD WM64,Faces,0.35,0.38,50,within_sampled_range,UU,115,95.83333333333334,runs/yin_noise_matrix_20260926/results/r21vgg2k_vgg16_bn_aa_s42/faces_cfdWM64/faces_cfdWM64/results.csv,UU
aa4,VGG2k / AA4,r21vgg2k_vgg16_bn_aa_s42,face_transfer,124,two_shared_ui,CFD WM64,Faces,0.35,0.38,50,within_sampled_range,UU,116,95.83333333333334,runs/yin_noise_matrix_20260926/results/r21vgg2k_vgg16_bn_aa_s42/faces_cfdWM64/faces_cfdWM64/results.csv,UU
aa4,VGG2k / AA4,r21vgg2k_vgg16_bn_aa_s42,face_transfer,124,two_shared_ui,CFD WM64,Faces,0.35,0.38,50,within_sampled_range,UU,117,91.66666666666666,runs/yin_noise_matrix_20260926/results/r21vgg2k_vgg16_bn_aa_s42/faces_cfdWM64/faces_cfdWM64/results.csv,UU
aa4,VGG2k / AA4,r21vgg2k_vgg16_bn_aa_s42,face_transfer,124,two_shared_ui,CFD WM64,Faces,0.35,0.38,50,within_sampled_range,UU,118,95.83333333333334,runs/yin_noise_matrix_20260926/results/r21vgg2k_vgg16_bn_aa_s42/faces_cfdWM64/faces_cfdWM64/results.csv,UU
aa4,VGG2k / AA4,r21vgg2k_vgg16_bn_aa_s42,face_transfer,124,two_shared_ui,CFD WM64,Faces,0.35,0.38,50,within_sampled_range,UU,119,95.83333333333334,runs/yin_noise_matrix_20260926/results/r21vgg2k_vgg16_bn_aa_s42/faces_cfdWM64/faces_cfdWM64/results.csv,UU
aa4,VGG2k / AA4,r21vgg2k_vgg16_bn_aa_s42,face_transfer,124,two_shared_ui,CFD WM64,Faces,0.35,0.38,50,within_sampled_range,UU,120,100.0,runs/yin_noise_matrix_20260926/results/r21vgg2k_vgg16_bn_aa_s42/faces_cfdWM64/faces_cfdWM64/results.csv,UU
aa4,VGG2k / AA4,r21vgg2k_vgg16_bn_aa_s42,face_transfer,124,two_shared_ui,CFD WM64,Faces,0.35,0.38,50,within_sampled_range,UU,121,100.0,runs/yin_noise_matrix_20260926/results/r21vgg2k_vgg16_bn_aa_s42/faces_cfdWM64/faces_cfdWM64/results.csv,UU
aa4,VGG2k / AA4,r21vgg2k_vgg16_bn_aa_s42,face_transfer,124,two_shared_ui,CFD WM64,Faces,0.35,0.38,50,within_sampled_range,UU,122,100.0,runs/yin_noise_matrix_20260926/results/r21vgg2k_vgg16_bn_aa_s42/faces_cfdWM64/faces_cfdWM64/results.csv,UU
aa4,VGG2k / AA4,r21vgg2k_vgg16_bn_aa_s42,face_transfer,124,two_shared_ui,CFD WM64,Faces,0.35,0.38,50,within_sampled_range,UU,123,87.5,runs/yin_noise_matrix_20260926/results/r21vgg2k_vgg16_bn_aa_s42/faces_cfdWM64/faces_cfdWM64/results.csv,UU
aa4,VGG2k / AA4,r21vgg2k_vgg16_bn_aa_s42,face_transfer,124,two_shared_ui,CFD WM64,Faces,0.35,0.38,50,within_sampled_range,UU,124,95.83333333333334,runs/yin_noise_matrix_20260926/results/r21vgg2k_vgg16_bn_aa_s42/faces_cfdWM64/faces_cfdWM64/results.csv,UU
aa4,VGG2k / AA4,r21vgg2k_vgg16_bn_aa_s42,face_transfer,124,two_shared_ui,CFD WM64,Faces,0.35,0.38,50,within_sampled_range,UU,125,100.0,runs/yin_noise_matrix_20260926/results/r21vgg2k_vgg16_bn_aa_s42/faces_cfdWM64/faces_cfdWM64/results.csv,UU
aa4,VGG2k / AA4,r21vgg2k_vgg16_bn_aa_s42,face_transfer,124,two_shared_ui,CFD WM64,Faces,0.35,0.38,50,within_sampled_range,UU,126,95.83333333333334,runs/yin_noise_matrix_20260926/results/r21vgg2k_vgg16_bn_aa_s42/faces_cfdWM64/faces_cfdWM64/results.csv,UU
aa4,VGG2k / AA4,r21vgg2k_vgg16_bn_aa_s42,face_transfer,124,two_shared_ui,CFD WM64,Faces,0.35,0.38,50,within_sampled_range,UU,127,100.0,runs/yin_noise_matrix_20260926/results/r21vgg2k_vgg16_bn_aa_s42/faces_cfdWM64/faces_cfdWM64/results.csv,UU
aa4,VGG2k / AA4,r21vgg2k_vgg16_bn_aa_s42,face_transfer,124,two_shared_ui,CFD WM64,Faces,0.35,0.38,50,within_sampled_range,UU,128,100.0,runs/yin_noise_matrix_20260926/results/r21vgg2k_vgg16_bn_aa_s42/faces_cfdWM64/faces_cfdWM64/results.csv,UU
aa4,VGG2k / AA4,r21vgg2k_vgg16_bn_aa_s42,face_transfer,124,two_shared_ui,CFD WM64,Faces,0.35,0.38,50,within_sampled_range,UU,129,100.0,runs/yin_noise_matrix_20260926/results/r21vgg2k_vgg16_bn_aa_s42/faces_cfdWM64/faces_cfdWM64/results.csv,UU
aa4,VGG2k / AA4,r21vgg2k_vgg16_bn_aa_s42,face_transfer,124,two_shared_ui,CFD WM64,Faces,0.35,0.38,50,within_sampled_range,UU,130,100.0,runs/yin_noise_matrix_20260926/results/r21vgg2k_vgg16_bn_aa_s42/faces_cfdWM64/faces_cfdWM64/results.csv,UU
aa4,VGG2k / AA4,r21vgg2k_vgg16_bn_aa_s42,face_transfer,124,two_shared_ui,CFD WM64,Faces,0.35,0.38,50,within_sampled_range,UU,131,95.83333333333334,runs/yin_noise_matrix_20260926/results/r21vgg2k_vgg16_bn_aa_s42/faces_cfdWM64/faces_cfdWM64/results.csv,UU
aa4,VGG2k / AA4,r21vgg2k_vgg16_bn_aa_s42,face_transfer,124,two_shared_ui,CFD WM64,Faces,0.35,0.38,50,within_sampled_range,UU,132,100.0,runs/yin_noise_matrix_20260926/results/r21vgg2k_vgg16_bn_aa_s42/faces_cfdWM64/faces_cfdWM64/results.csv,UU
aa4,VGG2k / AA4,r21vgg2k_vgg16_bn_aa_s42,face_transfer,124,two_shared_ui,CFD WM64,Faces,0.35,0.38,50,within_sampled_range,UU,133,95.83333333333334,runs/yin_noise_matrix_20260926/results/r21vgg2k_vgg16_bn_aa_s42/faces_cfdWM64/faces_cfdWM64/results.csv,UU
aa4,VGG2k / AA4,r21vgg2k_vgg16_bn_aa_s42,face_transfer,124,two_shared_ui,CFD WM64,Faces,0.35,0.38,50,within_sampled_range,UU,134,100.0,runs/yin_noise_matrix_20260926/results/r21vgg2k_vgg16_bn_aa_s42/faces_cfdWM64/faces_cfdWM64/results.csv,UU
aa4,VGG2k / AA4,r21vgg2k_vgg16_bn_aa_s42,face_transfer,124,two_shared_ui,CFD WM64,Faces,0.35,0.38,50,within_sampled_range,UU,135,95.83333333333334,runs/yin_noise_matrix_20260926/results/r21vgg2k_vgg16_bn_aa_s42/faces_cfdWM64/faces_cfdWM64/results.csv,UU
aa4,VGG2k / AA4,r21vgg2k_vgg16_bn_aa_s42,face_transfer,124,two_shared_ui,CFD WM64,Faces,0.35,0.38,50,within_sampled_range,UU,136,100.0,runs/yin_noise_matrix_20260926/results/r21vgg2k_vgg16_bn_aa_s42/faces_cfdWM64/faces_cfdWM64/results.csv,UU
aa4,VGG2k / AA4,r21vgg2k_vgg16_bn_aa_s42,face_transfer,124,two_shared_ui,CFD WM64,Faces,0.35,0.38,50,within_sampled_range,UU,137,95.83333333333334,runs/yin_noise_matrix_20260926/results/r21vgg2k_vgg16_bn_aa_s42/faces_cfdWM64/faces_cfdWM64/results.csv,UU
aa4,VGG2k / AA4,r21vgg2k_vgg16_bn_aa_s42,face_transfer,124,two_shared_ui,CFD WM64,Faces,0.35,0.38,50,within_sampled_range,UU,138,100.0,runs/yin_noise_matrix_20260926/results/r21vgg2k_vgg16_bn_aa_s42/faces_cfdWM64/faces_cfdWM64/results.csv,UU
aa4,VGG2k / AA4,r21vgg2k_vgg16_bn_aa_s42,face_transfer,124,two_shared_ui,CFD WM64,Faces,0.35,0.38,50,within_sampled_range,UU,139,100.0,runs/yin_noise_matrix_20260926/results/r21vgg2k_vgg16_bn_aa_s42/faces_cfdWM64/faces_cfdWM64/results.csv,UU
aa4,VGG2k / AA4,r21vgg2k_vgg16_bn_aa_s42,face_transfer,124,two_shared_ui,CFD WM64,Faces,0.35,0.38,50,within_sampled_range,UU,140,83.33333333333334,runs/yin_noise_matrix_20260926/results/r21vgg2k_vgg16_bn_aa_s42/faces_cfdWM64/faces_cfdWM64/results.csv,UU
aa4,VGG2k / AA4,r21vgg2k_vgg16_bn_aa_s42,face_transfer,124,two_shared_ui,CFD WM64,Faces,0.35,0.38,50,within_sampled_range,UU,141,95.83333333333334,runs/yin_noise_matrix_20260926/results/r21vgg2k_vgg16_bn_aa_s42/faces_cfdWM64/faces_cfdWM64/results.csv,UU
aa4,VGG2k / AA4,r21vgg2k_vgg16_bn_aa_s42,face_transfer,124,two_shared_ui,CFD WM64,Faces,0.35,0.38,50,within_sampled_range,UU,142,95.83333333333334,runs/yin_noise_matrix_20260926/results/r21vgg2k_vgg16_bn_aa_s42/faces_cfdWM64/faces_cfdWM64/results.csv,UU
aa4,VGG2k / AA4,r21vgg2k_vgg16_bn_aa_s42,face_transfer,124,two_shared_ui,CFD WM64,Faces,0.35,0.38,50,within_sampled_range,UU,143,95.83333333333334,runs/yin_noise_matrix_20260926/results/r21vgg2k_vgg16_bn_aa_s42/faces_cfdWM64/faces_cfdWM64/results.csv,UU
aa4,VGG2k / AA4,r21vgg2k_vgg16_bn_aa_s42,face_transfer,124,two_shared_ui,CFD WM64,Faces,0.35,0.38,50,within_sampled_range,UU,144,95.83333333333334,runs/yin_noise_matrix_20260926/results/r21vgg2k_vgg16_bn_aa_s42/faces_cfdWM64/faces_cfdWM64/results.csv,UU
aa4,VGG2k / AA4,r21vgg2k_vgg16_bn_aa_s42,face_transfer,124,two_shared_ui,CFD WM64,Faces,0.35,0.38,50,within_sampled_range,UU,145,100.0,runs/yin_noise_matrix_20260926/results/r21vgg2k_vgg16_bn_aa_s42/faces_cfdWM64/faces_cfdWM64/results.csv,UU
aa4,VGG2k / AA4,r21vgg2k_vgg16_bn_aa_s42,face_transfer,124,two_shared_ui,CFD WM64,Faces,0.35,0.38,50,within_sampled_range,UU,146,95.83333333333334,runs/yin_noise_matrix_20260926/results/r21vgg2k_vgg16_bn_aa_s42/faces_cfdWM64/faces_cfdWM64/results.csv,UU
aa4,VGG2k / AA4,r21vgg2k_vgg16_bn_aa_s42,face_transfer,124,two_shared_ui,CFD WM64,Faces,0.35,0.38,50,within_sampled_range,UU,147,91.66666666666666,runs/yin_noise_matrix_20260926/results/r21vgg2k_vgg16_bn_aa_s42/faces_cfdWM64/faces_cfdWM64/results.csv,UU
aa4,VGG2k / AA4,r21vgg2k_vgg16_bn_aa_s42,face_transfer,124,two_shared_ui,CFD WM64,Faces,0.35,0.38,50,within_sampled_range,UU,148,100.0,runs/yin_noise_matrix_20260926/results/r21vgg2k_vgg16_bn_aa_s42/faces_cfdWM64/faces_cfdWM64/results.csv,UU
aa4,VGG2k / AA4,r21vgg2k_vgg16_bn_aa_s42,face_transfer,124,two_shared_ui,CFD WM64,Faces,0.35,0.38,50,within_sampled_range,UU,149,91.66666666666666,runs/yin_noise_matrix_20260926/results/r21vgg2k_vgg16_bn_aa_s42/faces_cfdWM64/faces_cfdWM64/results.csv,UU
aa4,VGG2k / AA4,r21vgg2k_vgg16_bn_aa_s42,face_transfer,124,two_shared_ui,CFD WM64,Faces,0.35,0.38,50,within_sampled_range,UU,150,95.83333333333334,runs/yin_noise_matrix_20260926/results/r21vgg2k_vgg16_bn_aa_s42/faces_cfdWM64/faces_cfdWM64/results.csv,UU
aa4,VGG2k / AA4,r21vgg2k_vgg16_bn_aa_s42,face_transfer,124,two_shared_ui,CFD WM64,Faces,0.35,0.38,50,within_sampled_range,II,101,91.66666666666666,runs/yin_noise_matrix_20260926/results/r21vgg2k_vgg16_bn_aa_s42/faces_cfdWM64/faces_cfdWM64/results.csv,II
aa4,VGG2k / AA4,r21vgg2k_vgg16_bn_aa_s42,face_transfer,124,two_shared_ui,CFD WM64,Faces,0.35,0.38,50,within_sampled_range,II,102,66.66666666666666,runs/yin_noise_matrix_20260926/results/r21vgg2k_vgg16_bn_aa_s42/faces_cfdWM64/faces_cfdWM64/results.csv,II
aa4,VGG2k / AA4,r21vgg2k_vgg16_bn_aa_s42,face_transfer,124,two_shared_ui,CFD WM64,Faces,0.35,0.38,50,within_sampled_range,II,103,95.83333333333334,runs/yin_noise_matrix_20260926/results/r21vgg2k_vgg16_bn_aa_s42/faces_cfdWM64/faces_cfdWM64/results.csv,II
aa4,VGG2k / AA4,r21vgg2k_vgg16_bn_aa_s42,face_transfer,124,two_shared_ui,CFD WM64,Faces,0.35,0.38,50,within_sampled_range,II,104,87.5,runs/yin_noise_matrix_20260926/results/r21vgg2k_vgg16_bn_aa_s42/faces_cfdWM64/faces_cfdWM64/results.csv,II
aa4,VGG2k / AA4,r21vgg2k_vgg16_bn_aa_s42,face_transfer,124,two_shared_ui,CFD WM64,Faces,0.35,0.38,50,within_sampled_range,II,105,87.5,runs/yin_noise_matrix_20260926/results/r21vgg2k_vgg16_bn_aa_s42/faces_cfdWM64/faces_cfdWM64/results.csv,II
aa4,VGG2k / AA4,r21vgg2k_vgg16_bn_aa_s42,face_transfer,124,two_shared_ui,CFD WM64,Faces,0.35,0.38,50,within_sampled_range,II,106,87.5,runs/yin_noise_matrix_20260926/results/r21vgg2k_vgg16_bn_aa_s42/faces_cfdWM64/faces_cfdWM64/results.csv,II
aa4,VGG2k / AA4,r21vgg2k_vgg16_bn_aa_s42,face_transfer,124,two_shared_ui,CFD WM64,Faces,0.35,0.38,50,within_sampled_range,II,107,87.5,runs/yin_noise_matrix_20260926/results/r21vgg2k_vgg16_bn_aa_s42/faces_cfdWM64/faces_cfdWM64/results.csv,II
aa4,VGG2k / AA4,r21vgg2k_vgg16_bn_aa_s42,face_transfer,124,two_shared_ui,CFD WM64,Faces,0.35,0.38,50,within_sampled_range,II,108,91.66666666666666,runs/yin_noise_matrix_20260926/results/r21vgg2k_vgg16_bn_aa_s42/faces_cfdWM64/faces_cfdWM64/results.csv,II
aa4,VGG2k / AA4,r21vgg2k_vgg16_bn_aa_s42,face_transfer,124,two_shared_ui,CFD WM64,Faces,0.35,0.38,50,within_sampled_range,II,109,75.0,runs/yin_noise_matrix_20260926/results/r21vgg2k_vgg16_bn_aa_s42/faces_cfdWM64/faces_cfdWM64/results.csv,II
aa4,VGG2k / AA4,r21vgg2k_vgg16_bn_aa_s42,face_transfer,124,two_shared_ui,CFD WM64,Faces,0.35,0.38,50,within_sampled_range,II,110,87.5,runs/yin_noise_matrix_20260926/results/r21vgg2k_vgg16_bn_aa_s42/faces_cfdWM64/faces_cfdWM64/results.csv,II
aa4,VGG2k / AA4,r21vgg2k_vgg16_bn_aa_s42,face_transfer,124,two_shared_ui,CFD WM64,Faces,0.35,0.38,50,within_sampled_range,II,111,75.0,runs/yin_noise_matrix_20260926/results/r21vgg2k_vgg16_bn_aa_s42/faces_cfdWM64/faces_cfdWM64/results.csv,II
aa4,VGG2k / AA4,r21vgg2k_vgg16_bn_aa_s42,face_transfer,124,two_shared_ui,CFD WM64,Faces,0.35,0.38,50,within_sampled_range,II,112,91.66666666666666,runs/yin_noise_matrix_20260926/results/r21vgg2k_vgg16_bn_aa_s42/faces_cfdWM64/faces_cfdWM64/results.csv,II
aa4,VGG2k / AA4,r21vgg2k_vgg16_bn_aa_s42,face_transfer,124,two_shared_ui,CFD WM64,Faces,0.35,0.38,50,within_sampled_range,II,113,79.16666666666666,runs/yin_noise_matrix_20260926/results/r21vgg2k_vgg16_bn_aa_s42/faces_cfdWM64/faces_cfdWM64/results.csv,II
aa4,VGG2k / AA4,r21vgg2k_vgg16_bn_aa_s42,face_transfer,124,two_shared_ui,CFD WM64,Faces,0.35,0.38,50,within_sampled_range,II,114,75.0,runs/yin_noise_matrix_20260926/results/r21vgg2k_vgg16_bn_aa_s42/faces_cfdWM64/faces_cfdWM64/results.csv,II
aa4,VGG2k / AA4,r21vgg2k_vgg16_bn_aa_s42,face_transfer,124,two_shared_ui,CFD WM64,Faces,0.35,0.38,50,within_sampled_range,II,115,79.16666666666666,runs/yin_noise_matrix_20260926/results/r21vgg2k_vgg16_bn_aa_s42/faces_cfdWM64/faces_cfdWM64/results.csv,II
aa4,VGG2k / AA4,r21vgg2k_vgg16_bn_aa_s42,face_transfer,124,two_shared_ui,CFD WM64,Faces,0.35,0.38,50,within_sampled_range,II,116,83.33333333333334,runs/yin_noise_matrix_20260926/results/r21vgg2k_vgg16_bn_aa_s42/faces_cfdWM64/faces_cfdWM64/results.csv,II
aa4,VGG2k / AA4,r21vgg2k_vgg16_bn_aa_s42,face_transfer,124,two_shared_ui,CFD WM64,Faces,0.35,0.38,50,within_sampled_range,II,117,91.66666666666666,runs/yin_noise_matrix_20260926/results/r21vgg2k_vgg16_bn_aa_s42/faces_cfdWM64/faces_cfdWM64/results.csv,II
aa4,VGG2k / AA4,r21vgg2k_vgg16_bn_aa_s42,face_transfer,124,two_shared_ui,CFD WM64,Faces,0.35,0.38,50,within_sampled_range,II,118,95.83333333333334,runs/yin_noise_matrix_20260926/results/r21vgg2k_vgg16_bn_aa_s42/faces_cfdWM64/faces_cfdWM64/results.csv,II
aa4,VGG2k / AA4,r21vgg2k_vgg16_bn_aa_s42,face_transfer,124,two_shared_ui,CFD WM64,Faces,0.35,0.38,50,within_sampled_range,II,119,83.33333333333334,runs/yin_noise_matrix_20260926/results/r21vgg2k_vgg16_bn_aa_s42/faces_cfdWM64/faces_cfdWM64/results.csv,II
aa4,VGG2k / AA4,r21vgg2k_vgg16_bn_aa_s42,face_transfer,124,two_shared_ui,CFD WM64,Faces,0.35,0.38,50,within_sampled_range,II,120,75.0,runs/yin_noise_matrix_20260926/results/r21vgg2k_vgg16_bn_aa_s42/faces_cfdWM64/faces_cfdWM64/results.csv,II
aa4,VGG2k / AA4,r21vgg2k_vgg16_bn_aa_s42,face_transfer,124,two_shared_ui,CFD WM64,Faces,0.35,0.38,50,within_sampled_range,II,121,79.16666666666666,runs/yin_noise_matrix_20260926/results/r21vgg2k_vgg16_bn_aa_s42/faces_cfdWM64/faces_cfdWM64/results.csv,II
aa4,VGG2k / AA4,r21vgg2k_vgg16_bn_aa_s42,face_transfer,124,two_shared_ui,CFD WM64,Faces,0.35,0.38,50,within_sampled_range,II,122,75.0,runs/yin_noise_matrix_20260926/results/r21vgg2k_vgg16_bn_aa_s42/faces_cfdWM64/faces_cfdWM64/results.csv,II
aa4,VGG2k / AA4,r21vgg2k_vgg16_bn_aa_s42,face_transfer,124,two_shared_ui,CFD WM64,Faces,0.35,0.38,50,within_sampled_range,II,123,83.33333333333334,runs/yin_noise_matrix_20260926/results/r21vgg2k_vgg16_bn_aa_s42/faces_cfdWM64/faces_cfdWM64/results.csv,II
aa4,VGG2k / AA4,r21vgg2k_vgg16_bn_aa_s42,face_transfer,124,two_shared_ui,CFD WM64,Faces,0.35,0.38,50,within_sampled_range,II,124,91.66666666666666,runs/yin_noise_matrix_20260926/results/r21vgg2k_vgg16_bn_aa_s42/faces_cfdWM64/faces_cfdWM64/results.csv,II
aa4,VGG2k / AA4,r21vgg2k_vgg16_bn_aa_s42,face_transfer,124,two_shared_ui,CFD WM64,Faces,0.35,0.38,50,within_sampled_range,II,125,83.33333333333334,runs/yin_noise_matrix_20260926/results/r21vgg2k_vgg16_bn_aa_s42/faces_cfdWM64/faces_cfdWM64/results.csv,II
aa4,VGG2k / AA4,r21vgg2k_vgg16_bn_aa_s42,face_transfer,124,two_shared_ui,CFD WM64,Faces,0.35,0.38,50,within_sampled_range,II,126,91.66666666666666,runs/yin_noise_matrix_20260926/results/r21vgg2k_vgg16_bn_aa_s42/faces_cfdWM64/faces_cfdWM64/results.csv,II
aa4,VGG2k / AA4,r21vgg2k_vgg16_bn_aa_s42,face_transfer,124,two_shared_ui,CFD WM64,Faces,0.35,0.38,50,within_sampled_range,II,127,70.83333333333334,runs/yin_noise_matrix_20260926/results/r21vgg2k_vgg16_bn_aa_s42/faces_cfdWM64/faces_cfdWM64/results.csv,II
aa4,VGG2k / AA4,r21vgg2k_vgg16_bn_aa_s42,face_transfer,124,two_shared_ui,CFD WM64,Faces,0.35,0.38,50,within_sampled_range,II,128,83.33333333333334,runs/yin_noise_matrix_20260926/results/r21vgg2k_vgg16_bn_aa_s42/faces_cfdWM64/faces_cfdWM64/results.csv,II
aa4,VGG2k / AA4,r21vgg2k_vgg16_bn_aa_s42,face_transfer,124,two_shared_ui,CFD WM64,Faces,0.35,0.38,50,within_sampled_range,II,129,87.5,runs/yin_noise_matrix_20260926/results/r21vgg2k_vgg16_bn_aa_s42/faces_cfdWM64/faces_cfdWM64/results.csv,II
aa4,VGG2k / AA4,r21vgg2k_vgg16_bn_aa_s42,face_transfer,124,two_shared_ui,CFD WM64,Faces,0.35,0.38,50,within_sampled_range,II,130,87.5,runs/yin_noise_matrix_20260926/results/r21vgg2k_vgg16_bn_aa_s42/faces_cfdWM64/faces_cfdWM64/results.csv,II
aa4,VGG2k / AA4,r21vgg2k_vgg16_bn_aa_s42,face_transfer,124,two_shared_ui,CFD WM64,Faces,0.35,0.38,50,within_sampled_range,II,131,75.0,runs/yin_noise_matrix_20260926/results/r21vgg2k_vgg16_bn_aa_s42/faces_cfdWM64/faces_cfdWM64/results.csv,II
aa4,VGG2k / AA4,r21vgg2k_vgg16_bn_aa_s42,face_transfer,124,two_shared_ui,CFD WM64,Faces,0.35,0.38,50,within_sampled_range,II,132,91.66666666666666,runs/yin_noise_matrix_20260926/results/r21vgg2k_vgg16_bn_aa_s42/faces_cfdWM64/faces_cfdWM64/results.csv,II
aa4,VGG2k / AA4,r21vgg2k_vgg16_bn_aa_s42,face_transfer,124,two_shared_ui,CFD WM64,Faces,0.35,0.38,50,within_sampled_range,II,133,79.16666666666666,runs/yin_noise_matrix_20260926/results/r21vgg2k_vgg16_bn_aa_s42/faces_cfdWM64/faces_cfdWM64/results.csv,II
aa4,VGG2k / AA4,r21vgg2k_vgg16_bn_aa_s42,face_transfer,124,two_shared_ui,CFD WM64,Faces,0.35,0.38,50,within_sampled_range,II,134,87.5,runs/yin_noise_matrix_20260926/results/r21vgg2k_vgg16_bn_aa_s42/faces_cfdWM64/faces_cfdWM64/results.csv,II
aa4,VGG2k / AA4,r21vgg2k_vgg16_bn_aa_s42,face_transfer,124,two_shared_ui,CFD WM64,Faces,0.35,0.38,50,within_sampled_range,II,135,83.33333333333334,runs/yin_noise_matrix_20260926/results/r21vgg2k_vgg16_bn_aa_s42/faces_cfdWM64/faces_cfdWM64/results.csv,II
aa4,VGG2k / AA4,r21vgg2k_vgg16_bn_aa_s42,face_transfer,124,two_shared_ui,CFD WM64,Faces,0.35,0.38,50,within_sampled_range,II,136,70.83333333333334,runs/yin_noise_matrix_20260926/results/r21vgg2k_vgg16_bn_aa_s42/faces_cfdWM64/faces_cfdWM64/results.csv,II
aa4,VGG2k / AA4,r21vgg2k_vgg16_bn_aa_s42,face_transfer,124,two_shared_ui,CFD WM64,Faces,0.35,0.38,50,within_sampled_range,II,137,83.33333333333334,runs/yin_noise_matrix_20260926/results/r21vgg2k_vgg16_bn_aa_s42/faces_cfdWM64/faces_cfdWM64/results.csv,II
aa4,VGG2k / AA4,r21vgg2k_vgg16_bn_aa_s42,face_transfer,124,two_shared_ui,CFD WM64,Faces,0.35,0.38,50,within_sampled_range,II,138,91.66666666666666,runs/yin_noise_matrix_20260926/results/r21vgg2k_vgg16_bn_aa_s42/faces_cfdWM64/faces_cfdWM64/results.csv,II
aa4,VGG2k / AA4,r21vgg2k_vgg16_bn_aa_s42,face_transfer,124,two_shared_ui,CFD WM64,Faces,0.35,0.38,50,within_sampled_range,II,139,79.16666666666666,runs/yin_noise_matrix_20260926/results/r21vgg2k_vgg16_bn_aa_s42/faces_cfdWM64/faces_cfdWM64/results.csv,II
aa4,VGG2k / AA4,r21vgg2k_vgg16_bn_aa_s42,face_transfer,124,two_shared_ui,CFD WM64,Faces,0.35,0.38,50,within_sampled_range,II,140,79.16666666666666,runs/yin_noise_matrix_20260926/results/r21vgg2k_vgg16_bn_aa_s42/faces_cfdWM64/faces_cfdWM64/results.csv,II
aa4,VGG2k / AA4,r21vgg2k_vgg16_bn_aa_s42,face_transfer,124,two_shared_ui,CFD WM64,Faces,0.35,0.38,50,within_sampled_range,II,141,87.5,runs/yin_noise_matrix_20260926/results/r21vgg2k_vgg16_bn_aa_s42/faces_cfdWM64/faces_cfdWM64/results.csv,II
aa4,VGG2k / AA4,r21vgg2k_vgg16_bn_aa_s42,face_transfer,124,two_shared_ui,CFD WM64,Faces,0.35,0.38,50,within_sampled_range,II,142,91.66666666666666,runs/yin_noise_matrix_20260926/results/r21vgg2k_vgg16_bn_aa_s42/faces_cfdWM64/faces_cfdWM64/results.csv,II
aa4,VGG2k / AA4,r21vgg2k_vgg16_bn_aa_s42,face_transfer,124,two_shared_ui,CFD WM64,Faces,0.35,0.38,50,within_sampled_range,II,143,83.33333333333334,runs/yin_noise_matrix_20260926/results/r21vgg2k_vgg16_bn_aa_s42/faces_cfdWM64/faces_cfdWM64/results.csv,II
aa4,VGG2k / AA4,r21vgg2k_vgg16_bn_aa_s42,face_transfer,124,two_shared_ui,CFD WM64,Faces,0.35,0.38,50,within_sampled_range,II,144,83.33333333333334,runs/yin_noise_matrix_20260926/results/r21vgg2k_vgg16_bn_aa_s42/faces_cfdWM64/faces_cfdWM64/results.csv,II
aa4,VGG2k / AA4,r21vgg2k_vgg16_bn_aa_s42,face_transfer,124,two_shared_ui,CFD WM64,Faces,0.35,0.38,50,within_sampled_range,II,145,75.0,runs/yin_noise_matrix_20260926/results/r21vgg2k_vgg16_bn_aa_s42/faces_cfdWM64/faces_cfdWM64/results.csv,II
aa4,VGG2k / AA4,r21vgg2k_vgg16_bn_aa_s42,face_transfer,124,two_shared_ui,CFD WM64,Faces,0.35,0.38,50,within_sampled_range,II,146,83.33333333333334,runs/yin_noise_matrix_20260926/results/r21vgg2k_vgg16_bn_aa_s42/faces_cfdWM64/faces_cfdWM64/results.csv,II
aa4,VGG2k / AA4,r21vgg2k_vgg16_bn_aa_s42,face_transfer,124,two_shared_ui,CFD WM64,Faces,0.35,0.38,50,within_sampled_range,II,147,79.16666666666666,runs/yin_noise_matrix_20260926/results/r21vgg2k_vgg16_bn_aa_s42/faces_cfdWM64/faces_cfdWM64/results.csv,II
aa4,VGG2k / AA4,r21vgg2k_vgg16_bn_aa_s42,face_transfer,124,two_shared_ui,CFD WM64,Faces,0.35,0.38,50,within_sampled_range,II,148,70.83333333333334,runs/yin_noise_matrix_20260926/results/r21vgg2k_vgg16_bn_aa_s42/faces_cfdWM64/faces_cfdWM64/results.csv,II
aa4,VGG2k / AA4,r21vgg2k_vgg16_bn_aa_s42,face_transfer,124,two_shared_ui,CFD WM64,Faces,0.35,0.38,50,within_sampled_range,II,149,79.16666666666666,runs/yin_noise_matrix_20260926/results/r21vgg2k_vgg16_bn_aa_s42/faces_cfdWM64/faces_cfdWM64/results.csv,II
aa4,VGG2k / AA4,r21vgg2k_vgg16_bn_aa_s42,face_transfer,124,two_shared_ui,CFD WM64,Faces,0.35,0.38,50,within_sampled_range,II,150,87.5,runs/yin_noise_matrix_20260926/results/r21vgg2k_vgg16_bn_aa_s42/faces_cfdWM64/faces_cfdWM64/results.csv,II
aa4,VGG2k / AA4,r21vgg2k_vgg16_bn_aa_s42,face_transfer,124,two_shared_ui,CFD WM64,Faces,0.35,0.38,50,within_sampled_range,UI,101,91.66666666666666,runs/yin_noise_matrix_20260926/results/r21vgg2k_vgg16_bn_aa_s42/faces_cfdWM64/faces_cfdWM64/results.csv,UI_shared
aa4,VGG2k / AA4,r21vgg2k_vgg16_bn_aa_s42,face_transfer,124,two_shared_ui,CFD WM64,Faces,0.35,0.38,50,within_sampled_range,UI,102,83.33333333333334,runs/yin_noise_matrix_20260926/results/r21vgg2k_vgg16_bn_aa_s42/faces_cfdWM64/faces_cfdWM64/results.csv,UI_shared
aa4,VGG2k / AA4,r21vgg2k_vgg16_bn_aa_s42,face_transfer,124,two_shared_ui,CFD WM64,Faces,0.35,0.38,50,within_sampled_range,UI,103,91.66666666666666,runs/yin_noise_matrix_20260926/results/r21vgg2k_vgg16_bn_aa_s42/faces_cfdWM64/faces_cfdWM64/results.csv,UI_shared
aa4,VGG2k / AA4,r21vgg2k_vgg16_bn_aa_s42,face_transfer,124,two_shared_ui,CFD WM64,Faces,0.35,0.38,50,within_sampled_range,UI,104,95.83333333333334,runs/yin_noise_matrix_20260926/results/r21vgg2k_vgg16_bn_aa_s42/faces_cfdWM64/faces_cfdWM64/results.csv,UI_shared
aa4,VGG2k / AA4,r21vgg2k_vgg16_bn_aa_s42,face_transfer,124,two_shared_ui,CFD WM64,Faces,0.35,0.38,50,within_sampled_range,UI,105,87.5,runs/yin_noise_matrix_20260926/results/r21vgg2k_vgg16_bn_aa_s42/faces_cfdWM64/faces_cfdWM64/results.csv,UI_shared
aa4,VGG2k / AA4,r21vgg2k_vgg16_bn_aa_s42,face_transfer,124,two_shared_ui,CFD WM64,Faces,0.35,0.38,50,within_sampled_range,UI,106,95.83333333333334,runs/yin_noise_matrix_20260926/results/r21vgg2k_vgg16_bn_aa_s42/faces_cfdWM64/faces_cfdWM64/results.csv,UI_shared
aa4,VGG2k / AA4,r21vgg2k_vgg16_bn_aa_s42,face_transfer,124,two_shared_ui,CFD WM64,Faces,0.35,0.38,50,within_sampled_range,UI,107,100.0,runs/yin_noise_matrix_20260926/results/r21vgg2k_vgg16_bn_aa_s42/faces_cfdWM64/faces_cfdWM64/results.csv,UI_shared
aa4,VGG2k / AA4,r21vgg2k_vgg16_bn_aa_s42,face_transfer,124,two_shared_ui,CFD WM64,Faces,0.35,0.38,50,within_sampled_range,UI,108,95.83333333333334,runs/yin_noise_matrix_20260926/results/r21vgg2k_vgg16_bn_aa_s42/faces_cfdWM64/faces_cfdWM64/results.csv,UI_shared
aa4,VGG2k / AA4,r21vgg2k_vgg16_bn_aa_s42,face_transfer,124,two_shared_ui,CFD WM64,Faces,0.35,0.38,50,within_sampled_range,UI,109,100.0,runs/yin_noise_matrix_20260926/results/r21vgg2k_vgg16_bn_aa_s42/faces_cfdWM64/faces_cfdWM64/results.csv,UI_shared
aa4,VGG2k / AA4,r21vgg2k_vgg16_bn_aa_s42,face_transfer,124,two_shared_ui,CFD WM64,Faces,0.35,0.38,50,within_sampled_range,UI,110,87.5,runs/yin_noise_matrix_20260926/results/r21vgg2k_vgg16_bn_aa_s42/faces_cfdWM64/faces_cfdWM64/results.csv,UI_shared
aa4,VGG2k / AA4,r21vgg2k_vgg16_bn_aa_s42,face_transfer,124,two_shared_ui,CFD WM64,Faces,0.35,0.38,50,within_sampled_range,UI,111,87.5,runs/yin_noise_matrix_20260926/results/r21vgg2k_vgg16_bn_aa_s42/faces_cfdWM64/faces_cfdWM64/results.csv,UI_shared
aa4,VGG2k / AA4,r21vgg2k_vgg16_bn_aa_s42,face_transfer,124,two_shared_ui,CFD WM64,Faces,0.35,0.38,50,within_sampled_range,UI,112,87.5,runs/yin_noise_matrix_20260926/results/r21vgg2k_vgg16_bn_aa_s42/faces_cfdWM64/faces_cfdWM64/results.csv,UI_shared
aa4,VGG2k / AA4,r21vgg2k_vgg16_bn_aa_s42,face_transfer,124,two_shared_ui,CFD WM64,Faces,0.35,0.38,50,within_sampled_range,UI,113,87.5,runs/yin_noise_matrix_20260926/results/r21vgg2k_vgg16_bn_aa_s42/faces_cfdWM64/faces_cfdWM64/results.csv,UI_shared
aa4,VGG2k / AA4,r21vgg2k_vgg16_bn_aa_s42,face_transfer,124,two_shared_ui,CFD WM64,Faces,0.35,0.38,50,within_sampled_range,UI,114,87.5,runs/yin_noise_matrix_20260926/results/r21vgg2k_vgg16_bn_aa_s42/faces_cfdWM64/faces_cfdWM64/results.csv,UI_shared
aa4,VGG2k / AA4,r21vgg2k_vgg16_bn_aa_s42,face_transfer,124,two_shared_ui,CFD WM64,Faces,0.35,0.38,50,within_sampled_range,UI,115,91.66666666666666,runs/yin_noise_matrix_20260926/results/r21vgg2k_vgg16_bn_aa_s42/faces_cfdWM64/faces_cfdWM64/results.csv,UI_shared
aa4,VGG2k / AA4,r21vgg2k_vgg16_bn_aa_s42,face_transfer,124,two_shared_ui,CFD WM64,Faces,0.35,0.38,50,within_sampled_range,UI,116,95.83333333333334,runs/yin_noise_matrix_20260926/results/r21vgg2k_vgg16_bn_aa_s42/faces_cfdWM64/faces_cfdWM64/results.csv,UI_shared
aa4,VGG2k / AA4,r21vgg2k_vgg16_bn_aa_s42,face_transfer,124,two_shared_ui,CFD WM64,Faces,0.35,0.38,50,within_sampled_range,UI,117,87.5,runs/yin_noise_matrix_20260926/results/r21vgg2k_vgg16_bn_aa_s42/faces_cfdWM64/faces_cfdWM64/results.csv,UI_shared
aa4,VGG2k / AA4,r21vgg2k_vgg16_bn_aa_s42,face_transfer,124,two_shared_ui,CFD WM64,Faces,0.35,0.38,50,within_sampled_range,UI,118,83.33333333333334,runs/yin_noise_matrix_20260926/results/r21vgg2k_vgg16_bn_aa_s42/faces_cfdWM64/faces_cfdWM64/results.csv,UI_shared
aa4,VGG2k / AA4,r21vgg2k_vgg16_bn_aa_s42,face_transfer,124,two_shared_ui,CFD WM64,Faces,0.35,0.38,50,within_sampled_range,UI,119,95.83333333333334,runs/yin_noise_matrix_20260926/results/r21vgg2k_vgg16_bn_aa_s42/faces_cfdWM64/faces_cfdWM64/results.csv,UI_shared
aa4,VGG2k / AA4,r21vgg2k_vgg16_bn_aa_s42,face_transfer,124,two_shared_ui,CFD WM64,Faces,0.35,0.38,50,within_sampled_range,UI,120,91.66666666666666,runs/yin_noise_matrix_20260926/results/r21vgg2k_vgg16_bn_aa_s42/faces_cfdWM64/faces_cfdWM64/results.csv,UI_shared
aa4,VGG2k / AA4,r21vgg2k_vgg16_bn_aa_s42,face_transfer,124,two_shared_ui,CFD WM64,Faces,0.35,0.38,50,within_sampled_range,UI,121,87.5,runs/yin_noise_matrix_20260926/results/r21vgg2k_vgg16_bn_aa_s42/faces_cfdWM64/faces_cfdWM64/results.csv,UI_shared
aa4,VGG2k / AA4,r21vgg2k_vgg16_bn_aa_s42,face_transfer,124,two_shared_ui,CFD WM64,Faces,0.35,0.38,50,within_sampled_range,UI,122,91.66666666666666,runs/yin_noise_matrix_20260926/results/r21vgg2k_vgg16_bn_aa_s42/faces_cfdWM64/faces_cfdWM64/results.csv,UI_shared
aa4,VGG2k / AA4,r21vgg2k_vgg16_bn_aa_s42,face_transfer,124,two_shared_ui,CFD WM64,Faces,0.35,0.38,50,within_sampled_range,UI,123,87.5,runs/yin_noise_matrix_20260926/results/r21vgg2k_vgg16_bn_aa_s42/faces_cfdWM64/faces_cfdWM64/results.csv,UI_shared
aa4,VGG2k / AA4,r21vgg2k_vgg16_bn_aa_s42,face_transfer,124,two_shared_ui,CFD WM64,Faces,0.35,0.38,50,within_sampled_range,UI,124,95.83333333333334,runs/yin_noise_matrix_20260926/results/r21vgg2k_vgg16_bn_aa_s42/faces_cfdWM64/faces_cfdWM64/results.csv,UI_shared
aa4,VGG2k / AA4,r21vgg2k_vgg16_bn_aa_s42,face_transfer,124,two_shared_ui,CFD WM64,Faces,0.35,0.38,50,within_sampled_range,UI,125,95.83333333333334,runs/yin_noise_matrix_20260926/results/r21vgg2k_vgg16_bn_aa_s42/faces_cfdWM64/faces_cfdWM64/results.csv,UI_shared
aa4,VGG2k / AA4,r21vgg2k_vgg16_bn_aa_s42,face_transfer,124,two_shared_ui,CFD WM64,Faces,0.35,0.38,50,within_sampled_range,UI,126,95.83333333333334,runs/yin_noise_matrix_20260926/results/r21vgg2k_vgg16_bn_aa_s42/faces_cfdWM64/faces_cfdWM64/results.csv,UI_shared
aa4,VGG2k / AA4,r21vgg2k_vgg16_bn_aa_s42,face_transfer,124,two_shared_ui,CFD WM64,Faces,0.35,0.38,50,within_sampled_range,UI,127,87.5,runs/yin_noise_matrix_20260926/results/r21vgg2k_vgg16_bn_aa_s42/faces_cfdWM64/faces_cfdWM64/results.csv,UI_shared
aa4,VGG2k / AA4,r21vgg2k_vgg16_bn_aa_s42,face_transfer,124,two_shared_ui,CFD WM64,Faces,0.35,0.38,50,within_sampled_range,UI,128,95.83333333333334,runs/yin_noise_matrix_20260926/results/r21vgg2k_vgg16_bn_aa_s42/faces_cfdWM64/faces_cfdWM64/results.csv,UI_shared
aa4,VGG2k / AA4,r21vgg2k_vgg16_bn_aa_s42,face_transfer,124,two_shared_ui,CFD WM64,Faces,0.35,0.38,50,within_sampled_range,UI,129,100.0,runs/yin_noise_matrix_20260926/results/r21vgg2k_vgg16_bn_aa_s42/faces_cfdWM64/faces_cfdWM64/results.csv,UI_shared
aa4,VGG2k / AA4,r21vgg2k_vgg16_bn_aa_s42,face_transfer,124,two_shared_ui,CFD WM64,Faces,0.35,0.38,50,within_sampled_range,UI,130,91.66666666666666,runs/yin_noise_matrix_20260926/results/r21vgg2k_vgg16_bn_aa_s42/faces_cfdWM64/faces_cfdWM64/results.csv,UI_shared
aa4,VGG2k / AA4,r21vgg2k_vgg16_bn_aa_s42,face_transfer,124,two_shared_ui,CFD WM64,Faces,0.35,0.38,50,within_sampled_range,UI,131,87.5,runs/yin_noise_matrix_20260926/results/r21vgg2k_vgg16_bn_aa_s42/faces_cfdWM64/faces_cfdWM64/results.csv,UI_shared
aa4,VGG2k / AA4,r21vgg2k_vgg16_bn_aa_s42,face_transfer,124,two_shared_ui,CFD WM64,Faces,0.35,0.38,50,within_sampled_range,UI,132,87.5,runs/yin_noise_matrix_20260926/results/r21vgg2k_vgg16_bn_aa_s42/faces_cfdWM64/faces_cfdWM64/results.csv,UI_shared
aa4,VGG2k / AA4,r21vgg2k_vgg16_bn_aa_s42,face_transfer,124,two_shared_ui,CFD WM64,Faces,0.35,0.38,50,within_sampled_range,UI,133,87.5,runs/yin_noise_matrix_20260926/results/r21vgg2k_vgg16_bn_aa_s42/faces_cfdWM64/faces_cfdWM64/results.csv,UI_shared
aa4,VGG2k / AA4,r21vgg2k_vgg16_bn_aa_s42,face_transfer,124,two_shared_ui,CFD WM64,Faces,0.35,0.38,50,within_sampled_range,UI,134,87.5,runs/yin_noise_matrix_20260926/results/r21vgg2k_vgg16_bn_aa_s42/faces_cfdWM64/faces_cfdWM64/results.csv,UI_shared
aa4,VGG2k / AA4,r21vgg2k_vgg16_bn_aa_s42,face_transfer,124,two_shared_ui,CFD WM64,Faces,0.35,0.38,50,within_sampled_range,UI,135,95.83333333333334,runs/yin_noise_matrix_20260926/results/r21vgg2k_vgg16_bn_aa_s42/faces_cfdWM64/faces_cfdWM64/results.csv,UI_shared
aa4,VGG2k / AA4,r21vgg2k_vgg16_bn_aa_s42,face_transfer,124,two_shared_ui,CFD WM64,Faces,0.35,0.38,50,within_sampled_range,UI,136,83.33333333333334,runs/yin_noise_matrix_20260926/results/r21vgg2k_vgg16_bn_aa_s42/faces_cfdWM64/faces_cfdWM64/results.csv,UI_shared
aa4,VGG2k / AA4,r21vgg2k_vgg16_bn_aa_s42,face_transfer,124,two_shared_ui,CFD WM64,Faces,0.35,0.38,50,within_sampled_range,UI,137,91.66666666666666,runs/yin_noise_matrix_20260926/results/r21vgg2k_vgg16_bn_aa_s42/faces_cfdWM64/faces_cfdWM64/results.csv,UI_shared
aa4,VGG2k / AA4,r21vgg2k_vgg16_bn_aa_s42,face_transfer,124,two_shared_ui,CFD WM64,Faces,0.35,0.38,50,within_sampled_range,UI,138,95.83333333333334,runs/yin_noise_matrix_20260926/results/r21vgg2k_vgg16_bn_aa_s42/faces_cfdWM64/faces_cfdWM64/results.csv,UI_shared
aa4,VGG2k / AA4,r21vgg2k_vgg16_bn_aa_s42,face_transfer,124,two_shared_ui,CFD WM64,Faces,0.35,0.38,50,within_sampled_range,UI,139,91.66666666666666,runs/yin_noise_matrix_20260926/results/r21vgg2k_vgg16_bn_aa_s42/faces_cfdWM64/faces_cfdWM64/results.csv,UI_shared
aa4,VGG2k / AA4,r21vgg2k_vgg16_bn_aa_s42,face_transfer,124,two_shared_ui,CFD WM64,Faces,0.35,0.38,50,within_sampled_range,UI,140,87.5,runs/yin_noise_matrix_20260926/results/r21vgg2k_vgg16_bn_aa_s42/faces_cfdWM64/faces_cfdWM64/results.csv,UI_shared
aa4,VGG2k / AA4,r21vgg2k_vgg16_bn_aa_s42,face_transfer,124,two_shared_ui,CFD WM64,Faces,0.35,0.38,50,within_sampled_range,UI,141,100.0,runs/yin_noise_matrix_20260926/results/r21vgg2k_vgg16_bn_aa_s42/faces_cfdWM64/faces_cfdWM64/results.csv,UI_shared
aa4,VGG2k / AA4,r21vgg2k_vgg16_bn_aa_s42,face_transfer,124,two_shared_ui,CFD WM64,Faces,0.35,0.38,50,within_sampled_range,UI,142,91.66666666666666,runs/yin_noise_matrix_20260926/results/r21vgg2k_vgg16_bn_aa_s42/faces_cfdWM64/faces_cfdWM64/results.csv,UI_shared
aa4,VGG2k / AA4,r21vgg2k_vgg16_bn_aa_s42,face_transfer,124,two_shared_ui,CFD WM64,Faces,0.35,0.38,50,within_sampled_range,UI,143,95.83333333333334,runs/yin_noise_matrix_20260926/results/r21vgg2k_vgg16_bn_aa_s42/faces_cfdWM64/faces_cfdWM64/results.csv,UI_shared
aa4,VGG2k / AA4,r21vgg2k_vgg16_bn_aa_s42,face_transfer,124,two_shared_ui,CFD WM64,Faces,0.35,0.38,50,within_sampled_range,UI,144,100.0,runs/yin_noise_matrix_20260926/results/r21vgg2k_vgg16_bn_aa_s42/faces_cfdWM64/faces_cfdWM64/results.csv,UI_shared
aa4,VGG2k / AA4,r21vgg2k_vgg16_bn_aa_s42,face_transfer,124,two_shared_ui,CFD WM64,Faces,0.35,0.38,50,within_sampled_range,UI,145,91.66666666666666,runs/yin_noise_matrix_20260926/results/r21vgg2k_vgg16_bn_aa_s42/faces_cfdWM64/faces_cfdWM64/results.csv,UI_shared
aa4,VGG2k / AA4,r21vgg2k_vgg16_bn_aa_s42,face_transfer,124,two_shared_ui,CFD WM64,Faces,0.35,0.38,50,within_sampled_range,UI,146,95.83333333333334,runs/yin_noise_matrix_20260926/results/r21vgg2k_vgg16_bn_aa_s42/faces_cfdWM64/faces_cfdWM64/results.csv,UI_shared
aa4,VGG2k / AA4,r21vgg2k_vgg16_bn_aa_s42,face_transfer,124,two_shared_ui,CFD WM64,Faces,0.35,0.38,50,within_sampled_range,UI,147,83.33333333333334,runs/yin_noise_matrix_20260926/results/r21vgg2k_vgg16_bn_aa_s42/faces_cfdWM64/faces_cfdWM64/results.csv,UI_shared
aa4,VGG2k / AA4,r21vgg2k_vgg16_bn_aa_s42,face_transfer,124,two_shared_ui,CFD WM64,Faces,0.35,0.38,50,within_sampled_range,UI,148,91.66666666666666,runs/yin_noise_matrix_20260926/results/r21vgg2k_vgg16_bn_aa_s42/faces_cfdWM64/faces_cfdWM64/results.csv,UI_shared
aa4,VGG2k / AA4,r21vgg2k_vgg16_bn_aa_s42,face_transfer,124,two_shared_ui,CFD WM64,Faces,0.35,0.38,50,within_sampled_range,UI,149,91.66666666666666,runs/yin_noise_matrix_20260926/results/r21vgg2k_vgg16_bn_aa_s42/faces_cfdWM64/faces_cfdWM64/results.csv,UI_shared
aa4,VGG2k / AA4,r21vgg2k_vgg16_bn_aa_s42,face_transfer,124,two_shared_ui,CFD WM64,Faces,0.35,0.38,50,within_sampled_range,UI,150,87.5,runs/yin_noise_matrix_20260926/results/r21vgg2k_vgg16_bn_aa_s42/faces_cfdWM64/faces_cfdWM64/results.csv,UI_shared
aa4,VGG2k / AA4,r21vgg2k_vgg16_bn_aa_s42,face_transfer,124,two_shared_ui,CFD WM64,Faces,0.35,0.38,50,within_sampled_range,IU,101,83.33333333333334,runs/yin_noise_matrix_20260926/results/r21vgg2k_vgg16_bn_aa_s42/faces_cfdWM64/faces_cfdWM64/results.csv,IU
aa4,VGG2k / AA4,r21vgg2k_vgg16_bn_aa_s42,face_transfer,124,two_shared_ui,CFD WM64,Faces,0.35,0.38,50,within_sampled_range,IU,102,83.33333333333334,runs/yin_noise_matrix_20260926/results/r21vgg2k_vgg16_bn_aa_s42/faces_cfdWM64/faces_cfdWM64/results.csv,IU
aa4,VGG2k / AA4,r21vgg2k_vgg16_bn_aa_s42,face_transfer,124,two_shared_ui,CFD WM64,Faces,0.35,0.38,50,within_sampled_range,IU,103,95.83333333333334,runs/yin_noise_matrix_20260926/results/r21vgg2k_vgg16_bn_aa_s42/faces_cfdWM64/faces_cfdWM64/results.csv,IU
aa4,VGG2k / AA4,r21vgg2k_vgg16_bn_aa_s42,face_transfer,124,two_shared_ui,CFD WM64,Faces,0.35,0.38,50,within_sampled_range,IU,104,87.5,runs/yin_noise_matrix_20260926/results/r21vgg2k_vgg16_bn_aa_s42/faces_cfdWM64/faces_cfdWM64/results.csv,IU
aa4,VGG2k / AA4,r21vgg2k_vgg16_bn_aa_s42,face_transfer,124,two_shared_ui,CFD WM64,Faces,0.35,0.38,50,within_sampled_range,IU,105,83.33333333333334,runs/yin_noise_matrix_20260926/results/r21vgg2k_vgg16_bn_aa_s42/faces_cfdWM64/faces_cfdWM64/results.csv,IU
aa4,VGG2k / AA4,r21vgg2k_vgg16_bn_aa_s42,face_transfer,124,two_shared_ui,CFD WM64,Faces,0.35,0.38,50,within_sampled_range,IU,106,87.5,runs/yin_noise_matrix_20260926/results/r21vgg2k_vgg16_bn_aa_s42/faces_cfdWM64/faces_cfdWM64/results.csv,IU
aa4,VGG2k / AA4,r21vgg2k_vgg16_bn_aa_s42,face_transfer,124,two_shared_ui,CFD WM64,Faces,0.35,0.38,50,within_sampled_range,IU,107,87.5,runs/yin_noise_matrix_20260926/results/r21vgg2k_vgg16_bn_aa_s42/faces_cfdWM64/faces_cfdWM64/results.csv,IU
aa4,VGG2k / AA4,r21vgg2k_vgg16_bn_aa_s42,face_transfer,124,two_shared_ui,CFD WM64,Faces,0.35,0.38,50,within_sampled_range,IU,108,95.83333333333334,runs/yin_noise_matrix_20260926/results/r21vgg2k_vgg16_bn_aa_s42/faces_cfdWM64/faces_cfdWM64/results.csv,IU
aa4,VGG2k / AA4,r21vgg2k_vgg16_bn_aa_s42,face_transfer,124,two_shared_ui,CFD WM64,Faces,0.35,0.38,50,within_sampled_range,IU,109,83.33333333333334,runs/yin_noise_matrix_20260926/results/r21vgg2k_vgg16_bn_aa_s42/faces_cfdWM64/faces_cfdWM64/results.csv,IU
aa4,VGG2k / AA4,r21vgg2k_vgg16_bn_aa_s42,face_transfer,124,two_shared_ui,CFD WM64,Faces,0.35,0.38,50,within_sampled_range,IU,110,83.33333333333334,runs/yin_noise_matrix_20260926/results/r21vgg2k_vgg16_bn_aa_s42/faces_cfdWM64/faces_cfdWM64/results.csv,IU
aa4,VGG2k / AA4,r21vgg2k_vgg16_bn_aa_s42,face_transfer,124,two_shared_ui,CFD WM64,Faces,0.35,0.38,50,within_sampled_range,IU,111,83.33333333333334,runs/yin_noise_matrix_20260926/results/r21vgg2k_vgg16_bn_aa_s42/faces_cfdWM64/faces_cfdWM64/results.csv,IU
aa4,VGG2k / AA4,r21vgg2k_vgg16_bn_aa_s42,face_transfer,124,two_shared_ui,CFD WM64,Faces,0.35,0.38,50,within_sampled_range,IU,112,87.5,runs/yin_noise_matrix_20260926/results/r21vgg2k_vgg16_bn_aa_s42/faces_cfdWM64/faces_cfdWM64/results.csv,IU
aa4,VGG2k / AA4,r21vgg2k_vgg16_bn_aa_s42,face_transfer,124,two_shared_ui,CFD WM64,Faces,0.35,0.38,50,within_sampled_range,IU,113,87.5,runs/yin_noise_matrix_20260926/results/r21vgg2k_vgg16_bn_aa_s42/faces_cfdWM64/faces_cfdWM64/results.csv,IU
aa4,VGG2k / AA4,r21vgg2k_vgg16_bn_aa_s42,face_transfer,124,two_shared_ui,CFD WM64,Faces,0.35,0.38,50,within_sampled_range,IU,114,79.16666666666666,runs/yin_noise_matrix_20260926/results/r21vgg2k_vgg16_bn_aa_s42/faces_cfdWM64/faces_cfdWM64/results.csv,IU
aa4,VGG2k / AA4,r21vgg2k_vgg16_bn_aa_s42,face_transfer,124,two_shared_ui,CFD WM64,Faces,0.35,0.38,50,within_sampled_range,IU,115,91.66666666666666,runs/yin_noise_matrix_20260926/results/r21vgg2k_vgg16_bn_aa_s42/faces_cfdWM64/faces_cfdWM64/results.csv,IU
aa4,VGG2k / AA4,r21vgg2k_vgg16_bn_aa_s42,face_transfer,124,two_shared_ui,CFD WM64,Faces,0.35,0.38,50,within_sampled_range,IU,116,87.5,runs/yin_noise_matrix_20260926/results/r21vgg2k_vgg16_bn_aa_s42/faces_cfdWM64/faces_cfdWM64/results.csv,IU
aa4,VGG2k / AA4,r21vgg2k_vgg16_bn_aa_s42,face_transfer,124,two_shared_ui,CFD WM64,Faces,0.35,0.38,50,within_sampled_range,IU,117,87.5,runs/yin_noise_matrix_20260926/results/r21vgg2k_vgg16_bn_aa_s42/faces_cfdWM64/faces_cfdWM64/results.csv,IU
aa4,VGG2k / AA4,r21vgg2k_vgg16_bn_aa_s42,face_transfer,124,two_shared_ui,CFD WM64,Faces,0.35,0.38,50,within_sampled_range,IU,118,91.66666666666666,runs/yin_noise_matrix_20260926/results/r21vgg2k_vgg16_bn_aa_s42/faces_cfdWM64/faces_cfdWM64/results.csv,IU
aa4,VGG2k / AA4,r21vgg2k_vgg16_bn_aa_s42,face_transfer,124,two_shared_ui,CFD WM64,Faces,0.35,0.38,50,within_sampled_range,IU,119,87.5,runs/yin_noise_matrix_20260926/results/r21vgg2k_vgg16_bn_aa_s42/faces_cfdWM64/faces_cfdWM64/results.csv,IU
aa4,VGG2k / AA4,r21vgg2k_vgg16_bn_aa_s42,face_transfer,124,two_shared_ui,CFD WM64,Faces,0.35,0.38,50,within_sampled_range,IU,120,91.66666666666666,runs/yin_noise_matrix_20260926/results/r21vgg2k_vgg16_bn_aa_s42/faces_cfdWM64/faces_cfdWM64/results.csv,IU
aa4,VGG2k / AA4,r21vgg2k_vgg16_bn_aa_s42,face_transfer,124,two_shared_ui,CFD WM64,Faces,0.35,0.38,50,within_sampled_range,IU,121,79.16666666666666,runs/yin_noise_matrix_20260926/results/r21vgg2k_vgg16_bn_aa_s42/faces_cfdWM64/faces_cfdWM64/results.csv,IU
aa4,VGG2k / AA4,r21vgg2k_vgg16_bn_aa_s42,face_transfer,124,two_shared_ui,CFD WM64,Faces,0.35,0.38,50,within_sampled_range,IU,122,87.5,runs/yin_noise_matrix_20260926/results/r21vgg2k_vgg16_bn_aa_s42/faces_cfdWM64/faces_cfdWM64/results.csv,IU
aa4,VGG2k / AA4,r21vgg2k_vgg16_bn_aa_s42,face_transfer,124,two_shared_ui,CFD WM64,Faces,0.35,0.38,50,within_sampled_range,IU,123,87.5,runs/yin_noise_matrix_20260926/results/r21vgg2k_vgg16_bn_aa_s42/faces_cfdWM64/faces_cfdWM64/results.csv,IU
aa4,VGG2k / AA4,r21vgg2k_vgg16_bn_aa_s42,face_transfer,124,two_shared_ui,CFD WM64,Faces,0.35,0.38,50,within_sampled_range,IU,124,70.83333333333334,runs/yin_noise_matrix_20260926/results/r21vgg2k_vgg16_bn_aa_s42/faces_cfdWM64/faces_cfdWM64/results.csv,IU
aa4,VGG2k / AA4,r21vgg2k_vgg16_bn_aa_s42,face_transfer,124,two_shared_ui,CFD WM64,Faces,0.35,0.38,50,within_sampled_range,IU,125,95.83333333333334,runs/yin_noise_matrix_20260926/results/r21vgg2k_vgg16_bn_aa_s42/faces_cfdWM64/faces_cfdWM64/results.csv,IU
aa4,VGG2k / AA4,r21vgg2k_vgg16_bn_aa_s42,face_transfer,124,two_shared_ui,CFD WM64,Faces,0.35,0.38,50,within_sampled_range,IU,126,87.5,runs/yin_noise_matrix_20260926/results/r21vgg2k_vgg16_bn_aa_s42/faces_cfdWM64/faces_cfdWM64/results.csv,IU
aa4,VGG2k / AA4,r21vgg2k_vgg16_bn_aa_s42,face_transfer,124,two_shared_ui,CFD WM64,Faces,0.35,0.38,50,within_sampled_range,IU,127,91.66666666666666,runs/yin_noise_matrix_20260926/results/r21vgg2k_vgg16_bn_aa_s42/faces_cfdWM64/faces_cfdWM64/results.csv,IU
aa4,VGG2k / AA4,r21vgg2k_vgg16_bn_aa_s42,face_transfer,124,two_shared_ui,CFD WM64,Faces,0.35,0.38,50,within_sampled_range,IU,128,79.16666666666666,runs/yin_noise_matrix_20260926/results/r21vgg2k_vgg16_bn_aa_s42/faces_cfdWM64/faces_cfdWM64/results.csv,IU
aa4,VGG2k / AA4,r21vgg2k_vgg16_bn_aa_s42,face_transfer,124,two_shared_ui,CFD WM64,Faces,0.35,0.38,50,within_sampled_range,IU,129,83.33333333333334,runs/yin_noise_matrix_20260926/results/r21vgg2k_vgg16_bn_aa_s42/faces_cfdWM64/faces_cfdWM64/results.csv,IU
aa4,VGG2k / AA4,r21vgg2k_vgg16_bn_aa_s42,face_transfer,124,two_shared_ui,CFD WM64,Faces,0.35,0.38,50,within_sampled_range,IU,130,95.83333333333334,runs/yin_noise_matrix_20260926/results/r21vgg2k_vgg16_bn_aa_s42/faces_cfdWM64/faces_cfdWM64/results.csv,IU
aa4,VGG2k / AA4,r21vgg2k_vgg16_bn_aa_s42,face_transfer,124,two_shared_ui,CFD WM64,Faces,0.35,0.38,50,within_sampled_range,IU,131,79.16666666666666,runs/yin_noise_matrix_20260926/results/r21vgg2k_vgg16_bn_aa_s42/faces_cfdWM64/faces_cfdWM64/results.csv,IU
aa4,VGG2k / AA4,r21vgg2k_vgg16_bn_aa_s42,face_transfer,124,two_shared_ui,CFD WM64,Faces,0.35,0.38,50,within_sampled_range,IU,132,83.33333333333334,runs/yin_noise_matrix_20260926/results/r21vgg2k_vgg16_bn_aa_s42/faces_cfdWM64/faces_cfdWM64/results.csv,IU
aa4,VGG2k / AA4,r21vgg2k_vgg16_bn_aa_s42,face_transfer,124,two_shared_ui,CFD WM64,Faces,0.35,0.38,50,within_sampled_range,IU,133,83.33333333333334,runs/yin_noise_matrix_20260926/results/r21vgg2k_vgg16_bn_aa_s42/faces_cfdWM64/faces_cfdWM64/results.csv,IU
aa4,VGG2k / AA4,r21vgg2k_vgg16_bn_aa_s42,face_transfer,124,two_shared_ui,CFD WM64,Faces,0.35,0.38,50,within_sampled_range,IU,134,91.66666666666666,runs/yin_noise_matrix_20260926/results/r21vgg2k_vgg16_bn_aa_s42/faces_cfdWM64/faces_cfdWM64/results.csv,IU
aa4,VGG2k / AA4,r21vgg2k_vgg16_bn_aa_s42,face_transfer,124,two_shared_ui,CFD WM64,Faces,0.35,0.38,50,within_sampled_range,IU,135,83.33333333333334,runs/yin_noise_matrix_20260926/results/r21vgg2k_vgg16_bn_aa_s42/faces_cfdWM64/faces_cfdWM64/results.csv,IU
aa4,VGG2k / AA4,r21vgg2k_vgg16_bn_aa_s42,face_transfer,124,two_shared_ui,CFD WM64,Faces,0.35,0.38,50,within_sampled_range,IU,136,83.33333333333334,runs/yin_noise_matrix_20260926/results/r21vgg2k_vgg16_bn_aa_s42/faces_cfdWM64/faces_cfdWM64/results.csv,IU
aa4,VGG2k / AA4,r21vgg2k_vgg16_bn_aa_s42,face_transfer,124,two_shared_ui,CFD WM64,Faces,0.35,0.38,50,within_sampled_range,IU,137,83.33333333333334,runs/yin_noise_matrix_20260926/results/r21vgg2k_vgg16_bn_aa_s42/faces_cfdWM64/faces_cfdWM64/results.csv,IU
aa4,VGG2k / AA4,r21vgg2k_vgg16_bn_aa_s42,face_transfer,124,two_shared_ui,CFD WM64,Faces,0.35,0.38,50,within_sampled_range,IU,138,91.66666666666666,runs/yin_noise_matrix_20260926/results/r21vgg2k_vgg16_bn_aa_s42/faces_cfdWM64/faces_cfdWM64/results.csv,IU
aa4,VGG2k / AA4,r21vgg2k_vgg16_bn_aa_s42,face_transfer,124,two_shared_ui,CFD WM64,Faces,0.35,0.38,50,within_sampled_range,IU,139,87.5,runs/yin_noise_matrix_20260926/results/r21vgg2k_vgg16_bn_aa_s42/faces_cfdWM64/faces_cfdWM64/results.csv,IU
aa4,VGG2k / AA4,r21vgg2k_vgg16_bn_aa_s42,face_transfer,124,two_shared_ui,CFD WM64,Faces,0.35,0.38,50,within_sampled_range,IU,140,79.16666666666666,runs/yin_noise_matrix_20260926/results/r21vgg2k_vgg16_bn_aa_s42/faces_cfdWM64/faces_cfdWM64/results.csv,IU
aa4,VGG2k / AA4,r21vgg2k_vgg16_bn_aa_s42,face_transfer,124,two_shared_ui,CFD WM64,Faces,0.35,0.38,50,within_sampled_range,IU,141,87.5,runs/yin_noise_matrix_20260926/results/r21vgg2k_vgg16_bn_aa_s42/faces_cfdWM64/faces_cfdWM64/results.csv,IU
aa4,VGG2k / AA4,r21vgg2k_vgg16_bn_aa_s42,face_transfer,124,two_shared_ui,CFD WM64,Faces,0.35,0.38,50,within_sampled_range,IU,142,83.33333333333334,runs/yin_noise_matrix_20260926/results/r21vgg2k_vgg16_bn_aa_s42/faces_cfdWM64/faces_cfdWM64/results.csv,IU
aa4,VGG2k / AA4,r21vgg2k_vgg16_bn_aa_s42,face_transfer,124,two_shared_ui,CFD WM64,Faces,0.35,0.38,50,within_sampled_range,IU,143,87.5,runs/yin_noise_matrix_20260926/results/r21vgg2k_vgg16_bn_aa_s42/faces_cfdWM64/faces_cfdWM64/results.csv,IU
aa4,VGG2k / AA4,r21vgg2k_vgg16_bn_aa_s42,face_transfer,124,two_shared_ui,CFD WM64,Faces,0.35,0.38,50,within_sampled_range,IU,144,95.83333333333334,runs/yin_noise_matrix_20260926/results/r21vgg2k_vgg16_bn_aa_s42/faces_cfdWM64/faces_cfdWM64/results.csv,IU
aa4,VGG2k / AA4,r21vgg2k_vgg16_bn_aa_s42,face_transfer,124,two_shared_ui,CFD WM64,Faces,0.35,0.38,50,within_sampled_range,IU,145,95.83333333333334,runs/yin_noise_matrix_20260926/results/r21vgg2k_vgg16_bn_aa_s42/faces_cfdWM64/faces_cfdWM64/results.csv,IU
aa4,VGG2k / AA4,r21vgg2k_vgg16_bn_aa_s42,face_transfer,124,two_shared_ui,CFD WM64,Faces,0.35,0.38,50,within_sampled_range,IU,146,87.5,runs/yin_noise_matrix_20260926/results/r21vgg2k_vgg16_bn_aa_s42/faces_cfdWM64/faces_cfdWM64/results.csv,IU
aa4,VGG2k / AA4,r21vgg2k_vgg16_bn_aa_s42,face_transfer,124,two_shared_ui,CFD WM64,Faces,0.35,0.38,50,within_sampled_range,IU,147,87.5,runs/yin_noise_matrix_20260926/results/r21vgg2k_vgg16_bn_aa_s42/faces_cfdWM64/faces_cfdWM64/results.csv,IU
aa4,VGG2k / AA4,r21vgg2k_vgg16_bn_aa_s42,face_transfer,124,two_shared_ui,CFD WM64,Faces,0.35,0.38,50,within_sampled_range,IU,148,54.166666666666664,runs/yin_noise_matrix_20260926/results/r21vgg2k_vgg16_bn_aa_s42/faces_cfdWM64/faces_cfdWM64/results.csv,IU
aa4,VGG2k / AA4,r21vgg2k_vgg16_bn_aa_s42,face_transfer,124,two_shared_ui,CFD WM64,Faces,0.35,0.38,50,within_sampled_range,IU,149,75.0,runs/yin_noise_matrix_20260926/results/r21vgg2k_vgg16_bn_aa_s42/faces_cfdWM64/faces_cfdWM64/results.csv,IU
aa4,VGG2k / AA4,r21vgg2k_vgg16_bn_aa_s42,face_transfer,124,two_shared_ui,CFD WM64,Faces,0.35,0.38,50,within_sampled_range,IU,150,83.33333333333334,runs/yin_noise_matrix_20260926/results/r21vgg2k_vgg16_bn_aa_s42/faces_cfdWM64/faces_cfdWM64/results.csv,IU
aa4,VGG2k / AA4,r21vgg2k_vgg16_bn_aa_s42,face_transfer,124,single_uu,CFD WM64,Objects,0.35,,50,within_sampled_range,UU,101,91.66666666666666,runs/yin_single_noise_20260925/results/r21vgg2k_vgg16_bn_aa_s42/faces_cfdWM64/objects/results.csv,UU
aa4,VGG2k / AA4,r21vgg2k_vgg16_bn_aa_s42,face_transfer,124,single_uu,CFD WM64,Objects,0.35,,50,within_sampled_range,UU,102,95.83333333333334,runs/yin_single_noise_20260925/results/r21vgg2k_vgg16_bn_aa_s42/faces_cfdWM64/objects/results.csv,UU
aa4,VGG2k / AA4,r21vgg2k_vgg16_bn_aa_s42,face_transfer,124,single_uu,CFD WM64,Objects,0.35,,50,within_sampled_range,UU,103,87.5,runs/yin_single_noise_20260925/results/r21vgg2k_vgg16_bn_aa_s42/faces_cfdWM64/objects/results.csv,UU
aa4,VGG2k / AA4,r21vgg2k_vgg16_bn_aa_s42,face_transfer,124,single_uu,CFD WM64,Objects,0.35,,50,within_sampled_range,UU,104,100.0,runs/yin_single_noise_20260925/results/r21vgg2k_vgg16_bn_aa_s42/faces_cfdWM64/objects/results.csv,UU
aa4,VGG2k / AA4,r21vgg2k_vgg16_bn_aa_s42,face_transfer,124,single_uu,CFD WM64,Objects,0.35,,50,within_sampled_range,UU,105,91.66666666666666,runs/yin_single_noise_20260925/results/r21vgg2k_vgg16_bn_aa_s42/faces_cfdWM64/objects/results.csv,UU
aa4,VGG2k / AA4,r21vgg2k_vgg16_bn_aa_s42,face_transfer,124,single_uu,CFD WM64,Objects,0.35,,50,within_sampled_range,UU,106,91.66666666666666,runs/yin_single_noise_20260925/results/r21vgg2k_vgg16_bn_aa_s42/faces_cfdWM64/objects/results.csv,UU
aa4,VGG2k / AA4,r21vgg2k_vgg16_bn_aa_s42,face_transfer,124,single_uu,CFD WM64,Objects,0.35,,50,within_sampled_range,UU,107,91.66666666666666,runs/yin_single_noise_20260925/results/r21vgg2k_vgg16_bn_aa_s42/faces_cfdWM64/objects/results.csv,UU
aa4,VGG2k / AA4,r21vgg2k_vgg16_bn_aa_s42,face_transfer,124,single_uu,CFD WM64,Objects,0.35,,50,within_sampled_range,UU,108,95.83333333333334,runs/yin_single_noise_20260925/results/r21vgg2k_vgg16_bn_aa_s42/faces_cfdWM64/objects/results.csv,UU
aa4,VGG2k / AA4,r21vgg2k_vgg16_bn_aa_s42,face_transfer,124,single_uu,CFD WM64,Objects,0.35,,50,within_sampled_range,UU,109,100.0,runs/yin_single_noise_20260925/results/r21vgg2k_vgg16_bn_aa_s42/faces_cfdWM64/objects/results.csv,UU
aa4,VGG2k / AA4,r21vgg2k_vgg16_bn_aa_s42,face_transfer,124,single_uu,CFD WM64,Objects,0.35,,50,within_sampled_range,UU,110,95.83333333333334,runs/yin_single_noise_20260925/results/r21vgg2k_vgg16_bn_aa_s42/faces_cfdWM64/objects/results.csv,UU
aa4,VGG2k / AA4,r21vgg2k_vgg16_bn_aa_s42,face_transfer,124,single_uu,CFD WM64,Objects,0.35,,50,within_sampled_range,UU,111,95.83333333333334,runs/yin_single_noise_20260925/results/r21vgg2k_vgg16_bn_aa_s42/faces_cfdWM64/objects/results.csv,UU
aa4,VGG2k / AA4,r21vgg2k_vgg16_bn_aa_s42,face_transfer,124,single_uu,CFD WM64,Objects,0.35,,50,within_sampled_range,UU,112,95.83333333333334,runs/yin_single_noise_20260925/results/r21vgg2k_vgg16_bn_aa_s42/faces_cfdWM64/objects/results.csv,UU
aa4,VGG2k / AA4,r21vgg2k_vgg16_bn_aa_s42,face_transfer,124,single_uu,CFD WM64,Objects,0.35,,50,within_sampled_range,UU,113,100.0,runs/yin_single_noise_20260925/results/r21vgg2k_vgg16_bn_aa_s42/faces_cfdWM64/objects/results.csv,UU
aa4,VGG2k / AA4,r21vgg2k_vgg16_bn_aa_s42,face_transfer,124,single_uu,CFD WM64,Objects,0.35,,50,within_sampled_range,UU,114,87.5,runs/yin_single_noise_20260925/results/r21vgg2k_vgg16_bn_aa_s42/faces_cfdWM64/objects/results.csv,UU
aa4,VGG2k / AA4,r21vgg2k_vgg16_bn_aa_s42,face_transfer,124,single_uu,CFD WM64,Objects,0.35,,50,within_sampled_range,UU,115,87.5,runs/yin_single_noise_20260925/results/r21vgg2k_vgg16_bn_aa_s42/faces_cfdWM64/objects/results.csv,UU
aa4,VGG2k / AA4,r21vgg2k_vgg16_bn_aa_s42,face_transfer,124,single_uu,CFD WM64,Objects,0.35,,50,within_sampled_range,UU,116,95.83333333333334,runs/yin_single_noise_20260925/results/r21vgg2k_vgg16_bn_aa_s42/faces_cfdWM64/objects/results.csv,UU
aa4,VGG2k / AA4,r21vgg2k_vgg16_bn_aa_s42,face_transfer,124,single_uu,CFD WM64,Objects,0.35,,50,within_sampled_range,UU,117,100.0,runs/yin_single_noise_20260925/results/r21vgg2k_vgg16_bn_aa_s42/faces_cfdWM64/objects/results.csv,UU
aa4,VGG2k / AA4,r21vgg2k_vgg16_bn_aa_s42,face_transfer,124,single_uu,CFD WM64,Objects,0.35,,50,within_sampled_range,UU,118,100.0,runs/yin_single_noise_20260925/results/r21vgg2k_vgg16_bn_aa_s42/faces_cfdWM64/objects/results.csv,UU
aa4,VGG2k / AA4,r21vgg2k_vgg16_bn_aa_s42,face_transfer,124,single_uu,CFD WM64,Objects,0.35,,50,within_sampled_range,UU,119,100.0,runs/yin_single_noise_20260925/results/r21vgg2k_vgg16_bn_aa_s42/faces_cfdWM64/objects/results.csv,UU
aa4,VGG2k / AA4,r21vgg2k_vgg16_bn_aa_s42,face_transfer,124,single_uu,CFD WM64,Objects,0.35,,50,within_sampled_range,UU,120,95.83333333333334,runs/yin_single_noise_20260925/results/r21vgg2k_vgg16_bn_aa_s42/faces_cfdWM64/objects/results.csv,UU
aa4,VGG2k / AA4,r21vgg2k_vgg16_bn_aa_s42,face_transfer,124,single_uu,CFD WM64,Objects,0.35,,50,within_sampled_range,UU,121,100.0,runs/yin_single_noise_20260925/results/r21vgg2k_vgg16_bn_aa_s42/faces_cfdWM64/objects/results.csv,UU
aa4,VGG2k / AA4,r21vgg2k_vgg16_bn_aa_s42,face_transfer,124,single_uu,CFD WM64,Objects,0.35,,50,within_sampled_range,UU,122,95.83333333333334,runs/yin_single_noise_20260925/results/r21vgg2k_vgg16_bn_aa_s42/faces_cfdWM64/objects/results.csv,UU
aa4,VGG2k / AA4,r21vgg2k_vgg16_bn_aa_s42,face_transfer,124,single_uu,CFD WM64,Objects,0.35,,50,within_sampled_range,UU,123,95.83333333333334,runs/yin_single_noise_20260925/results/r21vgg2k_vgg16_bn_aa_s42/faces_cfdWM64/objects/results.csv,UU
aa4,VGG2k / AA4,r21vgg2k_vgg16_bn_aa_s42,face_transfer,124,single_uu,CFD WM64,Objects,0.35,,50,within_sampled_range,UU,124,87.5,runs/yin_single_noise_20260925/results/r21vgg2k_vgg16_bn_aa_s42/faces_cfdWM64/objects/results.csv,UU
aa4,VGG2k / AA4,r21vgg2k_vgg16_bn_aa_s42,face_transfer,124,single_uu,CFD WM64,Objects,0.35,,50,within_sampled_range,UU,125,95.83333333333334,runs/yin_single_noise_20260925/results/r21vgg2k_vgg16_bn_aa_s42/faces_cfdWM64/objects/results.csv,UU
aa4,VGG2k / AA4,r21vgg2k_vgg16_bn_aa_s42,face_transfer,124,single_uu,CFD WM64,Objects,0.35,,50,within_sampled_range,UU,126,100.0,runs/yin_single_noise_20260925/results/r21vgg2k_vgg16_bn_aa_s42/faces_cfdWM64/objects/results.csv,UU
aa4,VGG2k / AA4,r21vgg2k_vgg16_bn_aa_s42,face_transfer,124,single_uu,CFD WM64,Objects,0.35,,50,within_sampled_range,UU,127,95.83333333333334,runs/yin_single_noise_20260925/results/r21vgg2k_vgg16_bn_aa_s42/faces_cfdWM64/objects/results.csv,UU
aa4,VGG2k / AA4,r21vgg2k_vgg16_bn_aa_s42,face_transfer,124,single_uu,CFD WM64,Objects,0.35,,50,within_sampled_range,UU,128,95.83333333333334,runs/yin_single_noise_20260925/results/r21vgg2k_vgg16_bn_aa_s42/faces_cfdWM64/objects/results.csv,UU
aa4,VGG2k / AA4,r21vgg2k_vgg16_bn_aa_s42,face_transfer,124,single_uu,CFD WM64,Objects,0.35,,50,within_sampled_range,UU,129,91.66666666666666,runs/yin_single_noise_20260925/results/r21vgg2k_vgg16_bn_aa_s42/faces_cfdWM64/objects/results.csv,UU
aa4,VGG2k / AA4,r21vgg2k_vgg16_bn_aa_s42,face_transfer,124,single_uu,CFD WM64,Objects,0.35,,50,within_sampled_range,UU,130,100.0,runs/yin_single_noise_20260925/results/r21vgg2k_vgg16_bn_aa_s42/faces_cfdWM64/objects/results.csv,UU
aa4,VGG2k / AA4,r21vgg2k_vgg16_bn_aa_s42,face_transfer,124,single_uu,CFD WM64,Objects,0.35,,50,within_sampled_range,UU,131,91.66666666666666,runs/yin_single_noise_20260925/results/r21vgg2k_vgg16_bn_aa_s42/faces_cfdWM64/objects/results.csv,UU
aa4,VGG2k / AA4,r21vgg2k_vgg16_bn_aa_s42,face_transfer,124,single_uu,CFD WM64,Objects,0.35,,50,within_sampled_range,UU,132,100.0,runs/yin_single_noise_20260925/results/r21vgg2k_vgg16_bn_aa_s42/faces_cfdWM64/objects/results.csv,UU
aa4,VGG2k / AA4,r21vgg2k_vgg16_bn_aa_s42,face_transfer,124,single_uu,CFD WM64,Objects,0.35,,50,within_sampled_range,UU,133,91.66666666666666,runs/yin_single_noise_20260925/results/r21vgg2k_vgg16_bn_aa_s42/faces_cfdWM64/objects/results.csv,UU
aa4,VGG2k / AA4,r21vgg2k_vgg16_bn_aa_s42,face_transfer,124,single_uu,CFD WM64,Objects,0.35,,50,within_sampled_range,UU,134,95.83333333333334,runs/yin_single_noise_20260925/results/r21vgg2k_vgg16_bn_aa_s42/faces_cfdWM64/objects/results.csv,UU
aa4,VGG2k / AA4,r21vgg2k_vgg16_bn_aa_s42,face_transfer,124,single_uu,CFD WM64,Objects,0.35,,50,within_sampled_range,UU,135,91.66666666666666,runs/yin_single_noise_20260925/results/r21vgg2k_vgg16_bn_aa_s42/faces_cfdWM64/objects/results.csv,UU
aa4,VGG2k / AA4,r21vgg2k_vgg16_bn_aa_s42,face_transfer,124,single_uu,CFD WM64,Objects,0.35,,50,within_sampled_range,UU,136,91.66666666666666,runs/yin_single_noise_20260925/results/r21vgg2k_vgg16_bn_aa_s42/faces_cfdWM64/objects/results.csv,UU
aa4,VGG2k / AA4,r21vgg2k_vgg16_bn_aa_s42,face_transfer,124,single_uu,CFD WM64,Objects,0.35,,50,within_sampled_range,UU,137,95.83333333333334,runs/yin_single_noise_20260925/results/r21vgg2k_vgg16_bn_aa_s42/faces_cfdWM64/objects/results.csv,UU
aa4,VGG2k / AA4,r21vgg2k_vgg16_bn_aa_s42,face_transfer,124,single_uu,CFD WM64,Objects,0.35,,50,within_sampled_range,UU,138,100.0,runs/yin_single_noise_20260925/results/r21vgg2k_vgg16_bn_aa_s42/faces_cfdWM64/objects/results.csv,UU
aa4,VGG2k / AA4,r21vgg2k_vgg16_bn_aa_s42,face_transfer,124,single_uu,CFD WM64,Objects,0.35,,50,within_sampled_range,UU,139,95.83333333333334,runs/yin_single_noise_20260925/results/r21vgg2k_vgg16_bn_aa_s42/faces_cfdWM64/objects/results.csv,UU
aa4,VGG2k / AA4,r21vgg2k_vgg16_bn_aa_s42,face_transfer,124,single_uu,CFD WM64,Objects,0.35,,50,within_sampled_range,UU,140,95.83333333333334,runs/yin_single_noise_20260925/results/r21vgg2k_vgg16_bn_aa_s42/faces_cfdWM64/objects/results.csv,UU
aa4,VGG2k / AA4,r21vgg2k_vgg16_bn_aa_s42,face_transfer,124,single_uu,CFD WM64,Objects,0.35,,50,within_sampled_range,UU,141,95.83333333333334,runs/yin_single_noise_20260925/results/r21vgg2k_vgg16_bn_aa_s42/faces_cfdWM64/objects/results.csv,UU
aa4,VGG2k / AA4,r21vgg2k_vgg16_bn_aa_s42,face_transfer,124,single_uu,CFD WM64,Objects,0.35,,50,within_sampled_range,UU,142,95.83333333333334,runs/yin_single_noise_20260925/results/r21vgg2k_vgg16_bn_aa_s42/faces_cfdWM64/objects/results.csv,UU
aa4,VGG2k / AA4,r21vgg2k_vgg16_bn_aa_s42,face_transfer,124,single_uu,CFD WM64,Objects,0.35,,50,within_sampled_range,UU,143,95.83333333333334,runs/yin_single_noise_20260925/results/r21vgg2k_vgg16_bn_aa_s42/faces_cfdWM64/objects/results.csv,UU
aa4,VGG2k / AA4,r21vgg2k_vgg16_bn_aa_s42,face_transfer,124,single_uu,CFD WM64,Objects,0.35,,50,within_sampled_range,UU,144,100.0,runs/yin_single_noise_20260925/results/r21vgg2k_vgg16_bn_aa_s42/faces_cfdWM64/objects/results.csv,UU
aa4,VGG2k / AA4,r21vgg2k_vgg16_bn_aa_s42,face_transfer,124,single_uu,CFD WM64,Objects,0.35,,50,within_sampled_range,UU,145,100.0,runs/yin_single_noise_20260925/results/r21vgg2k_vgg16_bn_aa_s42/faces_cfdWM64/objects/results.csv,UU
aa4,VGG2k / AA4,r21vgg2k_vgg16_bn_aa_s42,face_transfer,124,single_uu,CFD WM64,Objects,0.35,,50,within_sampled_range,UU,146,95.83333333333334,runs/yin_single_noise_20260925/results/r21vgg2k_vgg16_bn_aa_s42/faces_cfdWM64/objects/results.csv,UU
aa4,VGG2k / AA4,r21vgg2k_vgg16_bn_aa_s42,face_transfer,124,single_uu,CFD WM64,Objects,0.35,,50,within_sampled_range,UU,147,100.0,runs/yin_single_noise_20260925/results/r21vgg2k_vgg16_bn_aa_s42/faces_cfdWM64/objects/results.csv,UU
aa4,VGG2k / AA4,r21vgg2k_vgg16_bn_aa_s42,face_transfer,124,single_uu,CFD WM64,Objects,0.35,,50,within_sampled_range,UU,148,95.83333333333334,runs/yin_single_noise_20260925/results/r21vgg2k_vgg16_bn_aa_s42/faces_cfdWM64/objects/results.csv,UU
aa4,VGG2k / AA4,r21vgg2k_vgg16_bn_aa_s42,face_transfer,124,single_uu,CFD WM64,Objects,0.35,,50,within_sampled_range,UU,149,91.66666666666666,runs/yin_single_noise_20260925/results/r21vgg2k_vgg16_bn_aa_s42/faces_cfdWM64/objects/results.csv,UU
aa4,VGG2k / AA4,r21vgg2k_vgg16_bn_aa_s42,face_transfer,124,single_uu,CFD WM64,Objects,0.35,,50,within_sampled_range,UU,150,100.0,runs/yin_single_noise_20260925/results/r21vgg2k_vgg16_bn_aa_s42/faces_cfdWM64/objects/results.csv,UU
aa4,VGG2k / AA4,r21vgg2k_vgg16_bn_aa_s42,face_transfer,124,single_uu,CFD WM64,Objects,0.35,,50,within_sampled_range,II,101,91.66666666666666,runs/yin_single_noise_20260925/results/r21vgg2k_vgg16_bn_aa_s42/faces_cfdWM64/objects/results.csv,II
aa4,VGG2k / AA4,r21vgg2k_vgg16_bn_aa_s42,face_transfer,124,single_uu,CFD WM64,Objects,0.35,,50,within_sampled_range,II,102,100.0,runs/yin_single_noise_20260925/results/r21vgg2k_vgg16_bn_aa_s42/faces_cfdWM64/objects/results.csv,II
aa4,VGG2k / AA4,r21vgg2k_vgg16_bn_aa_s42,face_transfer,124,single_uu,CFD WM64,Objects,0.35,,50,within_sampled_range,II,103,95.83333333333334,runs/yin_single_noise_20260925/results/r21vgg2k_vgg16_bn_aa_s42/faces_cfdWM64/objects/results.csv,II
aa4,VGG2k / AA4,r21vgg2k_vgg16_bn_aa_s42,face_transfer,124,single_uu,CFD WM64,Objects,0.35,,50,within_sampled_range,II,104,100.0,runs/yin_single_noise_20260925/results/r21vgg2k_vgg16_bn_aa_s42/faces_cfdWM64/objects/results.csv,II
aa4,VGG2k / AA4,r21vgg2k_vgg16_bn_aa_s42,face_transfer,124,single_uu,CFD WM64,Objects,0.35,,50,within_sampled_range,II,105,91.66666666666666,runs/yin_single_noise_20260925/results/r21vgg2k_vgg16_bn_aa_s42/faces_cfdWM64/objects/results.csv,II
aa4,VGG2k / AA4,r21vgg2k_vgg16_bn_aa_s42,face_transfer,124,single_uu,CFD WM64,Objects,0.35,,50,within_sampled_range,II,106,100.0,runs/yin_single_noise_20260925/results/r21vgg2k_vgg16_bn_aa_s42/faces_cfdWM64/objects/results.csv,II
aa4,VGG2k / AA4,r21vgg2k_vgg16_bn_aa_s42,face_transfer,124,single_uu,CFD WM64,Objects,0.35,,50,within_sampled_range,II,107,91.66666666666666,runs/yin_single_noise_20260925/results/r21vgg2k_vgg16_bn_aa_s42/faces_cfdWM64/objects/results.csv,II
aa4,VGG2k / AA4,r21vgg2k_vgg16_bn_aa_s42,face_transfer,124,single_uu,CFD WM64,Objects,0.35,,50,within_sampled_range,II,108,91.66666666666666,runs/yin_single_noise_20260925/results/r21vgg2k_vgg16_bn_aa_s42/faces_cfdWM64/objects/results.csv,II
aa4,VGG2k / AA4,r21vgg2k_vgg16_bn_aa_s42,face_transfer,124,single_uu,CFD WM64,Objects,0.35,,50,within_sampled_range,II,109,95.83333333333334,runs/yin_single_noise_20260925/results/r21vgg2k_vgg16_bn_aa_s42/faces_cfdWM64/objects/results.csv,II
aa4,VGG2k / AA4,r21vgg2k_vgg16_bn_aa_s42,face_transfer,124,single_uu,CFD WM64,Objects,0.35,,50,within_sampled_range,II,110,91.66666666666666,runs/yin_single_noise_20260925/results/r21vgg2k_vgg16_bn_aa_s42/faces_cfdWM64/objects/results.csv,II
aa4,VGG2k / AA4,r21vgg2k_vgg16_bn_aa_s42,face_transfer,124,single_uu,CFD WM64,Objects,0.35,,50,within_sampled_range,II,111,95.83333333333334,runs/yin_single_noise_20260925/results/r21vgg2k_vgg16_bn_aa_s42/faces_cfdWM64/objects/results.csv,II
aa4,VGG2k / AA4,r21vgg2k_vgg16_bn_aa_s42,face_transfer,124,single_uu,CFD WM64,Objects,0.35,,50,within_sampled_range,II,112,91.66666666666666,runs/yin_single_noise_20260925/results/r21vgg2k_vgg16_bn_aa_s42/faces_cfdWM64/objects/results.csv,II
aa4,VGG2k / AA4,r21vgg2k_vgg16_bn_aa_s42,face_transfer,124,single_uu,CFD WM64,Objects,0.35,,50,within_sampled_range,II,113,95.83333333333334,runs/yin_single_noise_20260925/results/r21vgg2k_vgg16_bn_aa_s42/faces_cfdWM64/objects/results.csv,II
aa4,VGG2k / AA4,r21vgg2k_vgg16_bn_aa_s42,face_transfer,124,single_uu,CFD WM64,Objects,0.35,,50,within_sampled_range,II,114,100.0,runs/yin_single_noise_20260925/results/r21vgg2k_vgg16_bn_aa_s42/faces_cfdWM64/objects/results.csv,II
aa4,VGG2k / AA4,r21vgg2k_vgg16_bn_aa_s42,face_transfer,124,single_uu,CFD WM64,Objects,0.35,,50,within_sampled_range,II,115,95.83333333333334,runs/yin_single_noise_20260925/results/r21vgg2k_vgg16_bn_aa_s42/faces_cfdWM64/objects/results.csv,II
aa4,VGG2k / AA4,r21vgg2k_vgg16_bn_aa_s42,face_transfer,124,single_uu,CFD WM64,Objects,0.35,,50,within_sampled_range,II,116,95.83333333333334,runs/yin_single_noise_20260925/results/r21vgg2k_vgg16_bn_aa_s42/faces_cfdWM64/objects/results.csv,II
aa4,VGG2k / AA4,r21vgg2k_vgg16_bn_aa_s42,face_transfer,124,single_uu,CFD WM64,Objects,0.35,,50,within_sampled_range,II,117,100.0,runs/yin_single_noise_20260925/results/r21vgg2k_vgg16_bn_aa_s42/faces_cfdWM64/objects/results.csv,II
aa4,VGG2k / AA4,r21vgg2k_vgg16_bn_aa_s42,face_transfer,124,single_uu,CFD WM64,Objects,0.35,,50,within_sampled_range,II,118,100.0,runs/yin_single_noise_20260925/results/r21vgg2k_vgg16_bn_aa_s42/faces_cfdWM64/objects/results.csv,II
aa4,VGG2k / AA4,r21vgg2k_vgg16_bn_aa_s42,face_transfer,124,single_uu,CFD WM64,Objects,0.35,,50,within_sampled_range,II,119,100.0,runs/yin_single_noise_20260925/results/r21vgg2k_vgg16_bn_aa_s42/faces_cfdWM64/objects/results.csv,II
aa4,VGG2k / AA4,r21vgg2k_vgg16_bn_aa_s42,face_transfer,124,single_uu,CFD WM64,Objects,0.35,,50,within_sampled_range,II,120,95.83333333333334,runs/yin_single_noise_20260925/results/r21vgg2k_vgg16_bn_aa_s42/faces_cfdWM64/objects/results.csv,II
aa4,VGG2k / AA4,r21vgg2k_vgg16_bn_aa_s42,face_transfer,124,single_uu,CFD WM64,Objects,0.35,,50,within_sampled_range,II,121,91.66666666666666,runs/yin_single_noise_20260925/results/r21vgg2k_vgg16_bn_aa_s42/faces_cfdWM64/objects/results.csv,II
aa4,VGG2k / AA4,r21vgg2k_vgg16_bn_aa_s42,face_transfer,124,single_uu,CFD WM64,Objects,0.35,,50,within_sampled_range,II,122,95.83333333333334,runs/yin_single_noise_20260925/results/r21vgg2k_vgg16_bn_aa_s42/faces_cfdWM64/objects/results.csv,II
aa4,VGG2k / AA4,r21vgg2k_vgg16_bn_aa_s42,face_transfer,124,single_uu,CFD WM64,Objects,0.35,,50,within_sampled_range,II,123,95.83333333333334,runs/yin_single_noise_20260925/results/r21vgg2k_vgg16_bn_aa_s42/faces_cfdWM64/objects/results.csv,II
aa4,VGG2k / AA4,r21vgg2k_vgg16_bn_aa_s42,face_transfer,124,single_uu,CFD WM64,Objects,0.35,,50,within_sampled_range,II,124,95.83333333333334,runs/yin_single_noise_20260925/results/r21vgg2k_vgg16_bn_aa_s42/faces_cfdWM64/objects/results.csv,II
aa4,VGG2k / AA4,r21vgg2k_vgg16_bn_aa_s42,face_transfer,124,single_uu,CFD WM64,Objects,0.35,,50,within_sampled_range,II,125,95.83333333333334,runs/yin_single_noise_20260925/results/r21vgg2k_vgg16_bn_aa_s42/faces_cfdWM64/objects/results.csv,II
aa4,VGG2k / AA4,r21vgg2k_vgg16_bn_aa_s42,face_transfer,124,single_uu,CFD WM64,Objects,0.35,,50,within_sampled_range,II,126,100.0,runs/yin_single_noise_20260925/results/r21vgg2k_vgg16_bn_aa_s42/faces_cfdWM64/objects/results.csv,II
aa4,VGG2k / AA4,r21vgg2k_vgg16_bn_aa_s42,face_transfer,124,single_uu,CFD WM64,Objects,0.35,,50,within_sampled_range,II,127,95.83333333333334,runs/yin_single_noise_20260925/results/r21vgg2k_vgg16_bn_aa_s42/faces_cfdWM64/objects/results.csv,II
aa4,VGG2k / AA4,r21vgg2k_vgg16_bn_aa_s42,face_transfer,124,single_uu,CFD WM64,Objects,0.35,,50,within_sampled_range,II,128,100.0,runs/yin_single_noise_20260925/results/r21vgg2k_vgg16_bn_aa_s42/faces_cfdWM64/objects/results.csv,II
aa4,VGG2k / AA4,r21vgg2k_vgg16_bn_aa_s42,face_transfer,124,single_uu,CFD WM64,Objects,0.35,,50,within_sampled_range,II,129,100.0,runs/yin_single_noise_20260925/results/r21vgg2k_vgg16_bn_aa_s42/faces_cfdWM64/objects/results.csv,II
aa4,VGG2k / AA4,r21vgg2k_vgg16_bn_aa_s42,face_transfer,124,single_uu,CFD WM64,Objects,0.35,,50,within_sampled_range,II,130,95.83333333333334,runs/yin_single_noise_20260925/results/r21vgg2k_vgg16_bn_aa_s42/faces_cfdWM64/objects/results.csv,II
aa4,VGG2k / AA4,r21vgg2k_vgg16_bn_aa_s42,face_transfer,124,single_uu,CFD WM64,Objects,0.35,,50,within_sampled_range,II,131,95.83333333333334,runs/yin_single_noise_20260925/results/r21vgg2k_vgg16_bn_aa_s42/faces_cfdWM64/objects/results.csv,II
aa4,VGG2k / AA4,r21vgg2k_vgg16_bn_aa_s42,face_transfer,124,single_uu,CFD WM64,Objects,0.35,,50,within_sampled_range,II,132,100.0,runs/yin_single_noise_20260925/results/r21vgg2k_vgg16_bn_aa_s42/faces_cfdWM64/objects/results.csv,II
aa4,VGG2k / AA4,r21vgg2k_vgg16_bn_aa_s42,face_transfer,124,single_uu,CFD WM64,Objects,0.35,,50,within_sampled_range,II,133,91.66666666666666,runs/yin_single_noise_20260925/results/r21vgg2k_vgg16_bn_aa_s42/faces_cfdWM64/objects/results.csv,II
aa4,VGG2k / AA4,r21vgg2k_vgg16_bn_aa_s42,face_transfer,124,single_uu,CFD WM64,Objects,0.35,,50,within_sampled_range,II,134,100.0,runs/yin_single_noise_20260925/results/r21vgg2k_vgg16_bn_aa_s42/faces_cfdWM64/objects/results.csv,II
aa4,VGG2k / AA4,r21vgg2k_vgg16_bn_aa_s42,face_transfer,124,single_uu,CFD WM64,Objects,0.35,,50,within_sampled_range,II,135,95.83333333333334,runs/yin_single_noise_20260925/results/r21vgg2k_vgg16_bn_aa_s42/faces_cfdWM64/objects/results.csv,II
aa4,VGG2k / AA4,r21vgg2k_vgg16_bn_aa_s42,face_transfer,124,single_uu,CFD WM64,Objects,0.35,,50,within_sampled_range,II,136,95.83333333333334,runs/yin_single_noise_20260925/results/r21vgg2k_vgg16_bn_aa_s42/faces_cfdWM64/objects/results.csv,II
aa4,VGG2k / AA4,r21vgg2k_vgg16_bn_aa_s42,face_transfer,124,single_uu,CFD WM64,Objects,0.35,,50,within_sampled_range,II,137,100.0,runs/yin_single_noise_20260925/results/r21vgg2k_vgg16_bn_aa_s42/faces_cfdWM64/objects/results.csv,II
aa4,VGG2k / AA4,r21vgg2k_vgg16_bn_aa_s42,face_transfer,124,single_uu,CFD WM64,Objects,0.35,,50,within_sampled_range,II,138,91.66666666666666,runs/yin_single_noise_20260925/results/r21vgg2k_vgg16_bn_aa_s42/faces_cfdWM64/objects/results.csv,II
aa4,VGG2k / AA4,r21vgg2k_vgg16_bn_aa_s42,face_transfer,124,single_uu,CFD WM64,Objects,0.35,,50,within_sampled_range,II,139,87.5,runs/yin_single_noise_20260925/results/r21vgg2k_vgg16_bn_aa_s42/faces_cfdWM64/objects/results.csv,II
aa4,VGG2k / AA4,r21vgg2k_vgg16_bn_aa_s42,face_transfer,124,single_uu,CFD WM64,Objects,0.35,,50,within_sampled_range,II,140,91.66666666666666,runs/yin_single_noise_20260925/results/r21vgg2k_vgg16_bn_aa_s42/faces_cfdWM64/objects/results.csv,II
aa4,VGG2k / AA4,r21vgg2k_vgg16_bn_aa_s42,face_transfer,124,single_uu,CFD WM64,Objects,0.35,,50,within_sampled_range,II,141,100.0,runs/yin_single_noise_20260925/results/r21vgg2k_vgg16_bn_aa_s42/faces_cfdWM64/objects/results.csv,II
aa4,VGG2k / AA4,r21vgg2k_vgg16_bn_aa_s42,face_transfer,124,single_uu,CFD WM64,Objects,0.35,,50,within_sampled_range,II,142,95.83333333333334,runs/yin_single_noise_20260925/results/r21vgg2k_vgg16_bn_aa_s42/faces_cfdWM64/objects/results.csv,II
aa4,VGG2k / AA4,r21vgg2k_vgg16_bn_aa_s42,face_transfer,124,single_uu,CFD WM64,Objects,0.35,,50,within_sampled_range,II,143,95.83333333333334,runs/yin_single_noise_20260925/results/r21vgg2k_vgg16_bn_aa_s42/faces_cfdWM64/objects/results.csv,II
aa4,VGG2k / AA4,r21vgg2k_vgg16_bn_aa_s42,face_transfer,124,single_uu,CFD WM64,Objects,0.35,,50,within_sampled_range,II,144,95.83333333333334,runs/yin_single_noise_20260925/results/r21vgg2k_vgg16_bn_aa_s42/faces_cfdWM64/objects/results.csv,II
aa4,VGG2k / AA4,r21vgg2k_vgg16_bn_aa_s42,face_transfer,124,single_uu,CFD WM64,Objects,0.35,,50,within_sampled_range,II,145,95.83333333333334,runs/yin_single_noise_20260925/results/r21vgg2k_vgg16_bn_aa_s42/faces_cfdWM64/objects/results.csv,II
aa4,VGG2k / AA4,r21vgg2k_vgg16_bn_aa_s42,face_transfer,124,single_uu,CFD WM64,Objects,0.35,,50,within_sampled_range,II,146,100.0,runs/yin_single_noise_20260925/results/r21vgg2k_vgg16_bn_aa_s42/faces_cfdWM64/objects/results.csv,II
aa4,VGG2k / AA4,r21vgg2k_vgg16_bn_aa_s42,face_transfer,124,single_uu,CFD WM64,Objects,0.35,,50,within_sampled_range,II,147,100.0,runs/yin_single_noise_20260925/results/r21vgg2k_vgg16_bn_aa_s42/faces_cfdWM64/objects/results.csv,II
aa4,VGG2k / AA4,r21vgg2k_vgg16_bn_aa_s42,face_transfer,124,single_uu,CFD WM64,Objects,0.35,,50,within_sampled_range,II,148,87.5,runs/yin_single_noise_20260925/results/r21vgg2k_vgg16_bn_aa_s42/faces_cfdWM64/objects/results.csv,II
aa4,VGG2k / AA4,r21vgg2k_vgg16_bn_aa_s42,face_transfer,124,single_uu,CFD WM64,Objects,0.35,,50,within_sampled_range,II,149,95.83333333333334,runs/yin_single_noise_20260925/results/r21vgg2k_vgg16_bn_aa_s42/faces_cfdWM64/objects/results.csv,II
aa4,VGG2k / AA4,r21vgg2k_vgg16_bn_aa_s42,face_transfer,124,single_uu,CFD WM64,Objects,0.35,,50,within_sampled_range,II,150,100.0,runs/yin_single_noise_20260925/results/r21vgg2k_vgg16_bn_aa_s42/faces_cfdWM64/objects/results.csv,II
aa4,VGG2k / AA4,r21vgg2k_vgg16_bn_aa_s42,face_transfer,124,single_uu,CFD WM64,Objects,0.35,,50,within_sampled_range,UI,101,95.83333333333334,runs/yin_single_noise_20260925/results/r21vgg2k_vgg16_bn_aa_s42/faces_cfdWM64/objects/results.csv,UI
aa4,VGG2k / AA4,r21vgg2k_vgg16_bn_aa_s42,face_transfer,124,single_uu,CFD WM64,Objects,0.35,,50,within_sampled_range,UI,102,87.5,runs/yin_single_noise_20260925/results/r21vgg2k_vgg16_bn_aa_s42/faces_cfdWM64/objects/results.csv,UI
aa4,VGG2k / AA4,r21vgg2k_vgg16_bn_aa_s42,face_transfer,124,single_uu,CFD WM64,Objects,0.35,,50,within_sampled_range,UI,103,87.5,runs/yin_single_noise_20260925/results/r21vgg2k_vgg16_bn_aa_s42/faces_cfdWM64/objects/results.csv,UI
aa4,VGG2k / AA4,r21vgg2k_vgg16_bn_aa_s42,face_transfer,124,single_uu,CFD WM64,Objects,0.35,,50,within_sampled_range,UI,104,100.0,runs/yin_single_noise_20260925/results/r21vgg2k_vgg16_bn_aa_s42/faces_cfdWM64/objects/results.csv,UI
aa4,VGG2k / AA4,r21vgg2k_vgg16_bn_aa_s42,face_transfer,124,single_uu,CFD WM64,Objects,0.35,,50,within_sampled_range,UI,105,83.33333333333334,runs/yin_single_noise_20260925/results/r21vgg2k_vgg16_bn_aa_s42/faces_cfdWM64/objects/results.csv,UI
aa4,VGG2k / AA4,r21vgg2k_vgg16_bn_aa_s42,face_transfer,124,single_uu,CFD WM64,Objects,0.35,,50,within_sampled_range,UI,106,83.33333333333334,runs/yin_single_noise_20260925/results/r21vgg2k_vgg16_bn_aa_s42/faces_cfdWM64/objects/results.csv,UI
aa4,VGG2k / AA4,r21vgg2k_vgg16_bn_aa_s42,face_transfer,124,single_uu,CFD WM64,Objects,0.35,,50,within_sampled_range,UI,107,87.5,runs/yin_single_noise_20260925/results/r21vgg2k_vgg16_bn_aa_s42/faces_cfdWM64/objects/results.csv,UI
aa4,VGG2k / AA4,r21vgg2k_vgg16_bn_aa_s42,face_transfer,124,single_uu,CFD WM64,Objects,0.35,,50,within_sampled_range,UI,108,95.83333333333334,runs/yin_single_noise_20260925/results/r21vgg2k_vgg16_bn_aa_s42/faces_cfdWM64/objects/results.csv,UI
aa4,VGG2k / AA4,r21vgg2k_vgg16_bn_aa_s42,face_transfer,124,single_uu,CFD WM64,Objects,0.35,,50,within_sampled_range,UI,109,87.5,runs/yin_single_noise_20260925/results/r21vgg2k_vgg16_bn_aa_s42/faces_cfdWM64/objects/results.csv,UI
aa4,VGG2k / AA4,r21vgg2k_vgg16_bn_aa_s42,face_transfer,124,single_uu,CFD WM64,Objects,0.35,,50,within_sampled_range,UI,110,95.83333333333334,runs/yin_single_noise_20260925/results/r21vgg2k_vgg16_bn_aa_s42/faces_cfdWM64/objects/results.csv,UI
aa4,VGG2k / AA4,r21vgg2k_vgg16_bn_aa_s42,face_transfer,124,single_uu,CFD WM64,Objects,0.35,,50,within_sampled_range,UI,111,91.66666666666666,runs/yin_single_noise_20260925/results/r21vgg2k_vgg16_bn_aa_s42/faces_cfdWM64/objects/results.csv,UI
aa4,VGG2k / AA4,r21vgg2k_vgg16_bn_aa_s42,face_transfer,124,single_uu,CFD WM64,Objects,0.35,,50,within_sampled_range,UI,112,87.5,runs/yin_single_noise_20260925/results/r21vgg2k_vgg16_bn_aa_s42/faces_cfdWM64/objects/results.csv,UI
aa4,VGG2k / AA4,r21vgg2k_vgg16_bn_aa_s42,face_transfer,124,single_uu,CFD WM64,Objects,0.35,,50,within_sampled_range,UI,113,91.66666666666666,runs/yin_single_noise_20260925/results/r21vgg2k_vgg16_bn_aa_s42/faces_cfdWM64/objects/results.csv,UI
aa4,VGG2k / AA4,r21vgg2k_vgg16_bn_aa_s42,face_transfer,124,single_uu,CFD WM64,Objects,0.35,,50,within_sampled_range,UI,114,87.5,runs/yin_single_noise_20260925/results/r21vgg2k_vgg16_bn_aa_s42/faces_cfdWM64/objects/results.csv,UI
aa4,VGG2k / AA4,r21vgg2k_vgg16_bn_aa_s42,face_transfer,124,single_uu,CFD WM64,Objects,0.35,,50,within_sampled_range,UI,115,87.5,runs/yin_single_noise_20260925/results/r21vgg2k_vgg16_bn_aa_s42/faces_cfdWM64/objects/results.csv,UI
aa4,VGG2k / AA4,r21vgg2k_vgg16_bn_aa_s42,face_transfer,124,single_uu,CFD WM64,Objects,0.35,,50,within_sampled_range,UI,116,95.83333333333334,runs/yin_single_noise_20260925/results/r21vgg2k_vgg16_bn_aa_s42/faces_cfdWM64/objects/results.csv,UI
aa4,VGG2k / AA4,r21vgg2k_vgg16_bn_aa_s42,face_transfer,124,single_uu,CFD WM64,Objects,0.35,,50,within_sampled_range,UI,117,95.83333333333334,runs/yin_single_noise_20260925/results/r21vgg2k_vgg16_bn_aa_s42/faces_cfdWM64/objects/results.csv,UI
aa4,VGG2k / AA4,r21vgg2k_vgg16_bn_aa_s42,face_transfer,124,single_uu,CFD WM64,Objects,0.35,,50,within_sampled_range,UI,118,95.83333333333334,runs/yin_single_noise_20260925/results/r21vgg2k_vgg16_bn_aa_s42/faces_cfdWM64/objects/results.csv,UI
aa4,VGG2k / AA4,r21vgg2k_vgg16_bn_aa_s42,face_transfer,124,single_uu,CFD WM64,Objects,0.35,,50,within_sampled_range,UI,119,100.0,runs/yin_single_noise_20260925/results/r21vgg2k_vgg16_bn_aa_s42/faces_cfdWM64/objects/results.csv,UI
aa4,VGG2k / AA4,r21vgg2k_vgg16_bn_aa_s42,face_transfer,124,single_uu,CFD WM64,Objects,0.35,,50,within_sampled_range,UI,120,91.66666666666666,runs/yin_single_noise_20260925/results/r21vgg2k_vgg16_bn_aa_s42/faces_cfdWM64/objects/results.csv,UI
aa4,VGG2k / AA4,r21vgg2k_vgg16_bn_aa_s42,face_transfer,124,single_uu,CFD WM64,Objects,0.35,,50,within_sampled_range,UI,121,100.0,runs/yin_single_noise_20260925/results/r21vgg2k_vgg16_bn_aa_s42/faces_cfdWM64/objects/results.csv,UI
aa4,VGG2k / AA4,r21vgg2k_vgg16_bn_aa_s42,face_transfer,124,single_uu,CFD WM64,Objects,0.35,,50,within_sampled_range,UI,122,95.83333333333334,runs/yin_single_noise_20260925/results/r21vgg2k_vgg16_bn_aa_s42/faces_cfdWM64/objects/results.csv,UI
aa4,VGG2k / AA4,r21vgg2k_vgg16_bn_aa_s42,face_transfer,124,single_uu,CFD WM64,Objects,0.35,,50,within_sampled_range,UI,123,91.66666666666666,runs/yin_single_noise_20260925/results/r21vgg2k_vgg16_bn_aa_s42/faces_cfdWM64/objects/results.csv,UI
aa4,VGG2k / AA4,r21vgg2k_vgg16_bn_aa_s42,face_transfer,124,single_uu,CFD WM64,Objects,0.35,,50,within_sampled_range,UI,124,83.33333333333334,runs/yin_single_noise_20260925/results/r21vgg2k_vgg16_bn_aa_s42/faces_cfdWM64/objects/results.csv,UI
aa4,VGG2k / AA4,r21vgg2k_vgg16_bn_aa_s42,face_transfer,124,single_uu,CFD WM64,Objects,0.35,,50,within_sampled_range,UI,125,100.0,runs/yin_single_noise_20260925/results/r21vgg2k_vgg16_bn_aa_s42/faces_cfdWM64/objects/results.csv,UI
aa4,VGG2k / AA4,r21vgg2k_vgg16_bn_aa_s42,face_transfer,124,single_uu,CFD WM64,Objects,0.35,,50,within_sampled_range,UI,126,87.5,runs/yin_single_noise_20260925/results/r21vgg2k_vgg16_bn_aa_s42/faces_cfdWM64/objects/results.csv,UI
aa4,VGG2k / AA4,r21vgg2k_vgg16_bn_aa_s42,face_transfer,124,single_uu,CFD WM64,Objects,0.35,,50,within_sampled_range,UI,127,83.33333333333334,runs/yin_single_noise_20260925/results/r21vgg2k_vgg16_bn_aa_s42/faces_cfdWM64/objects/results.csv,UI
aa4,VGG2k / AA4,r21vgg2k_vgg16_bn_aa_s42,face_transfer,124,single_uu,CFD WM64,Objects,0.35,,50,within_sampled_range,UI,128,100.0,runs/yin_single_noise_20260925/results/r21vgg2k_vgg16_bn_aa_s42/faces_cfdWM64/objects/results.csv,UI
aa4,VGG2k / AA4,r21vgg2k_vgg16_bn_aa_s42,face_transfer,124,single_uu,CFD WM64,Objects,0.35,,50,within_sampled_range,UI,129,91.66666666666666,runs/yin_single_noise_20260925/results/r21vgg2k_vgg16_bn_aa_s42/faces_cfdWM64/objects/results.csv,UI
aa4,VGG2k / AA4,r21vgg2k_vgg16_bn_aa_s42,face_transfer,124,single_uu,CFD WM64,Objects,0.35,,50,within_sampled_range,UI,130,91.66666666666666,runs/yin_single_noise_20260925/results/r21vgg2k_vgg16_bn_aa_s42/faces_cfdWM64/objects/results.csv,UI
aa4,VGG2k / AA4,r21vgg2k_vgg16_bn_aa_s42,face_transfer,124,single_uu,CFD WM64,Objects,0.35,,50,within_sampled_range,UI,131,100.0,runs/yin_single_noise_20260925/results/r21vgg2k_vgg16_bn_aa_s42/faces_cfdWM64/objects/results.csv,UI
aa4,VGG2k / AA4,r21vgg2k_vgg16_bn_aa_s42,face_transfer,124,single_uu,CFD WM64,Objects,0.35,,50,within_sampled_range,UI,132,91.66666666666666,runs/yin_single_noise_20260925/results/r21vgg2k_vgg16_bn_aa_s42/faces_cfdWM64/objects/results.csv,UI
aa4,VGG2k / AA4,r21vgg2k_vgg16_bn_aa_s42,face_transfer,124,single_uu,CFD WM64,Objects,0.35,,50,within_sampled_range,UI,133,91.66666666666666,runs/yin_single_noise_20260925/results/r21vgg2k_vgg16_bn_aa_s42/faces_cfdWM64/objects/results.csv,UI
aa4,VGG2k / AA4,r21vgg2k_vgg16_bn_aa_s42,face_transfer,124,single_uu,CFD WM64,Objects,0.35,,50,within_sampled_range,UI,134,95.83333333333334,runs/yin_single_noise_20260925/results/r21vgg2k_vgg16_bn_aa_s42/faces_cfdWM64/objects/results.csv,UI
aa4,VGG2k / AA4,r21vgg2k_vgg16_bn_aa_s42,face_transfer,124,single_uu,CFD WM64,Objects,0.35,,50,within_sampled_range,UI,135,87.5,runs/yin_single_noise_20260925/results/r21vgg2k_vgg16_bn_aa_s42/faces_cfdWM64/objects/results.csv,UI
aa4,VGG2k / AA4,r21vgg2k_vgg16_bn_aa_s42,face_transfer,124,single_uu,CFD WM64,Objects,0.35,,50,within_sampled_range,UI,136,95.83333333333334,runs/yin_single_noise_20260925/results/r21vgg2k_vgg16_bn_aa_s42/faces_cfdWM64/objects/results.csv,UI
aa4,VGG2k / AA4,r21vgg2k_vgg16_bn_aa_s42,face_transfer,124,single_uu,CFD WM64,Objects,0.35,,50,within_sampled_range,UI,137,91.66666666666666,runs/yin_single_noise_20260925/results/r21vgg2k_vgg16_bn_aa_s42/faces_cfdWM64/objects/results.csv,UI
aa4,VGG2k / AA4,r21vgg2k_vgg16_bn_aa_s42,face_transfer,124,single_uu,CFD WM64,Objects,0.35,,50,within_sampled_range,UI,138,91.66666666666666,runs/yin_single_noise_20260925/results/r21vgg2k_vgg16_bn_aa_s42/faces_cfdWM64/objects/results.csv,UI
aa4,VGG2k / AA4,r21vgg2k_vgg16_bn_aa_s42,face_transfer,124,single_uu,CFD WM64,Objects,0.35,,50,within_sampled_range,UI,139,79.16666666666666,runs/yin_single_noise_20260925/results/r21vgg2k_vgg16_bn_aa_s42/faces_cfdWM64/objects/results.csv,UI
aa4,VGG2k / AA4,r21vgg2k_vgg16_bn_aa_s42,face_transfer,124,single_uu,CFD WM64,Objects,0.35,,50,within_sampled_range,UI,140,87.5,runs/yin_single_noise_20260925/results/r21vgg2k_vgg16_bn_aa_s42/faces_cfdWM64/objects/results.csv,UI
aa4,VGG2k / AA4,r21vgg2k_vgg16_bn_aa_s42,face_transfer,124,single_uu,CFD WM64,Objects,0.35,,50,within_sampled_range,UI,141,91.66666666666666,runs/yin_single_noise_20260925/results/r21vgg2k_vgg16_bn_aa_s42/faces_cfdWM64/objects/results.csv,UI
aa4,VGG2k / AA4,r21vgg2k_vgg16_bn_aa_s42,face_transfer,124,single_uu,CFD WM64,Objects,0.35,,50,within_sampled_range,UI,142,91.66666666666666,runs/yin_single_noise_20260925/results/r21vgg2k_vgg16_bn_aa_s42/faces_cfdWM64/objects/results.csv,UI
aa4,VGG2k / AA4,r21vgg2k_vgg16_bn_aa_s42,face_transfer,124,single_uu,CFD WM64,Objects,0.35,,50,within_sampled_range,UI,143,100.0,runs/yin_single_noise_20260925/results/r21vgg2k_vgg16_bn_aa_s42/faces_cfdWM64/objects/results.csv,UI
aa4,VGG2k / AA4,r21vgg2k_vgg16_bn_aa_s42,face_transfer,124,single_uu,CFD WM64,Objects,0.35,,50,within_sampled_range,UI,144,100.0,runs/yin_single_noise_20260925/results/r21vgg2k_vgg16_bn_aa_s42/faces_cfdWM64/objects/results.csv,UI
aa4,VGG2k / AA4,r21vgg2k_vgg16_bn_aa_s42,face_transfer,124,single_uu,CFD WM64,Objects,0.35,,50,within_sampled_range,UI,145,95.83333333333334,runs/yin_single_noise_20260925/results/r21vgg2k_vgg16_bn_aa_s42/faces_cfdWM64/objects/results.csv,UI
aa4,VGG2k / AA4,r21vgg2k_vgg16_bn_aa_s42,face_transfer,124,single_uu,CFD WM64,Objects,0.35,,50,within_sampled_range,UI,146,83.33333333333334,runs/yin_single_noise_20260925/results/r21vgg2k_vgg16_bn_aa_s42/faces_cfdWM64/objects/results.csv,UI
aa4,VGG2k / AA4,r21vgg2k_vgg16_bn_aa_s42,face_transfer,124,single_uu,CFD WM64,Objects,0.35,,50,within_sampled_range,UI,147,91.66666666666666,runs/yin_single_noise_20260925/results/r21vgg2k_vgg16_bn_aa_s42/faces_cfdWM64/objects/results.csv,UI
aa4,VGG2k / AA4,r21vgg2k_vgg16_bn_aa_s42,face_transfer,124,single_uu,CFD WM64,Objects,0.35,,50,within_sampled_range,UI,148,87.5,runs/yin_single_noise_20260925/results/r21vgg2k_vgg16_bn_aa_s42/faces_cfdWM64/objects/results.csv,UI
aa4,VGG2k / AA4,r21vgg2k_vgg16_bn_aa_s42,face_transfer,124,single_uu,CFD WM64,Objects,0.35,,50,within_sampled_range,UI,149,83.33333333333334,runs/yin_single_noise_20260925/results/r21vgg2k_vgg16_bn_aa_s42/faces_cfdWM64/objects/results.csv,UI
aa4,VGG2k / AA4,r21vgg2k_vgg16_bn_aa_s42,face_transfer,124,single_uu,CFD WM64,Objects,0.35,,50,within_sampled_range,UI,150,87.5,runs/yin_single_noise_20260925/results/r21vgg2k_vgg16_bn_aa_s42/faces_cfdWM64/objects/results.csv,UI
aa4,VGG2k / AA4,r21vgg2k_vgg16_bn_aa_s42,face_transfer,124,single_uu,CFD WM64,Objects,0.35,,50,within_sampled_range,IU,101,95.83333333333334,runs/yin_single_noise_20260925/results/r21vgg2k_vgg16_bn_aa_s42/faces_cfdWM64/objects/results.csv,IU
aa4,VGG2k / AA4,r21vgg2k_vgg16_bn_aa_s42,face_transfer,124,single_uu,CFD WM64,Objects,0.35,,50,within_sampled_range,IU,102,91.66666666666666,runs/yin_single_noise_20260925/results/r21vgg2k_vgg16_bn_aa_s42/faces_cfdWM64/objects/results.csv,IU
aa4,VGG2k / AA4,r21vgg2k_vgg16_bn_aa_s42,face_transfer,124,single_uu,CFD WM64,Objects,0.35,,50,within_sampled_range,IU,103,95.83333333333334,runs/yin_single_noise_20260925/results/r21vgg2k_vgg16_bn_aa_s42/faces_cfdWM64/objects/results.csv,IU
aa4,VGG2k / AA4,r21vgg2k_vgg16_bn_aa_s42,face_transfer,124,single_uu,CFD WM64,Objects,0.35,,50,within_sampled_range,IU,104,95.83333333333334,runs/yin_single_noise_20260925/results/r21vgg2k_vgg16_bn_aa_s42/faces_cfdWM64/objects/results.csv,IU
aa4,VGG2k / AA4,r21vgg2k_vgg16_bn_aa_s42,face_transfer,124,single_uu,CFD WM64,Objects,0.35,,50,within_sampled_range,IU,105,91.66666666666666,runs/yin_single_noise_20260925/results/r21vgg2k_vgg16_bn_aa_s42/faces_cfdWM64/objects/results.csv,IU
aa4,VGG2k / AA4,r21vgg2k_vgg16_bn_aa_s42,face_transfer,124,single_uu,CFD WM64,Objects,0.35,,50,within_sampled_range,IU,106,95.83333333333334,runs/yin_single_noise_20260925/results/r21vgg2k_vgg16_bn_aa_s42/faces_cfdWM64/objects/results.csv,IU
aa4,VGG2k / AA4,r21vgg2k_vgg16_bn_aa_s42,face_transfer,124,single_uu,CFD WM64,Objects,0.35,,50,within_sampled_range,IU,107,100.0,runs/yin_single_noise_20260925/results/r21vgg2k_vgg16_bn_aa_s42/faces_cfdWM64/objects/results.csv,IU
aa4,VGG2k / AA4,r21vgg2k_vgg16_bn_aa_s42,face_transfer,124,single_uu,CFD WM64,Objects,0.35,,50,within_sampled_range,IU,108,95.83333333333334,runs/yin_single_noise_20260925/results/r21vgg2k_vgg16_bn_aa_s42/faces_cfdWM64/objects/results.csv,IU
aa4,VGG2k / AA4,r21vgg2k_vgg16_bn_aa_s42,face_transfer,124,single_uu,CFD WM64,Objects,0.35,,50,within_sampled_range,IU,109,91.66666666666666,runs/yin_single_noise_20260925/results/r21vgg2k_vgg16_bn_aa_s42/faces_cfdWM64/objects/results.csv,IU
aa4,VGG2k / AA4,r21vgg2k_vgg16_bn_aa_s42,face_transfer,124,single_uu,CFD WM64,Objects,0.35,,50,within_sampled_range,IU,110,95.83333333333334,runs/yin_single_noise_20260925/results/r21vgg2k_vgg16_bn_aa_s42/faces_cfdWM64/objects/results.csv,IU
aa4,VGG2k / AA4,r21vgg2k_vgg16_bn_aa_s42,face_transfer,124,single_uu,CFD WM64,Objects,0.35,,50,within_sampled_range,IU,111,95.83333333333334,runs/yin_single_noise_20260925/results/r21vgg2k_vgg16_bn_aa_s42/faces_cfdWM64/objects/results.csv,IU
aa4,VGG2k / AA4,r21vgg2k_vgg16_bn_aa_s42,face_transfer,124,single_uu,CFD WM64,Objects,0.35,,50,within_sampled_range,IU,112,95.83333333333334,runs/yin_single_noise_20260925/results/r21vgg2k_vgg16_bn_aa_s42/faces_cfdWM64/objects/results.csv,IU
aa4,VGG2k / AA4,r21vgg2k_vgg16_bn_aa_s42,face_transfer,124,single_uu,CFD WM64,Objects,0.35,,50,within_sampled_range,IU,113,87.5,runs/yin_single_noise_20260925/results/r21vgg2k_vgg16_bn_aa_s42/faces_cfdWM64/objects/results.csv,IU
aa4,VGG2k / AA4,r21vgg2k_vgg16_bn_aa_s42,face_transfer,124,single_uu,CFD WM64,Objects,0.35,,50,within_sampled_range,IU,114,91.66666666666666,runs/yin_single_noise_20260925/results/r21vgg2k_vgg16_bn_aa_s42/faces_cfdWM64/objects/results.csv,IU
aa4,VGG2k / AA4,r21vgg2k_vgg16_bn_aa_s42,face_transfer,124,single_uu,CFD WM64,Objects,0.35,,50,within_sampled_range,IU,115,91.66666666666666,runs/yin_single_noise_20260925/results/r21vgg2k_vgg16_bn_aa_s42/faces_cfdWM64/objects/results.csv,IU
aa4,VGG2k / AA4,r21vgg2k_vgg16_bn_aa_s42,face_transfer,124,single_uu,CFD WM64,Objects,0.35,,50,within_sampled_range,IU,116,95.83333333333334,runs/yin_single_noise_20260925/results/r21vgg2k_vgg16_bn_aa_s42/faces_cfdWM64/objects/results.csv,IU
aa4,VGG2k / AA4,r21vgg2k_vgg16_bn_aa_s42,face_transfer,124,single_uu,CFD WM64,Objects,0.35,,50,within_sampled_range,IU,117,100.0,runs/yin_single_noise_20260925/results/r21vgg2k_vgg16_bn_aa_s42/faces_cfdWM64/objects/results.csv,IU
aa4,VGG2k / AA4,r21vgg2k_vgg16_bn_aa_s42,face_transfer,124,single_uu,CFD WM64,Objects,0.35,,50,within_sampled_range,IU,118,95.83333333333334,runs/yin_single_noise_20260925/results/r21vgg2k_vgg16_bn_aa_s42/faces_cfdWM64/objects/results.csv,IU
aa4,VGG2k / AA4,r21vgg2k_vgg16_bn_aa_s42,face_transfer,124,single_uu,CFD WM64,Objects,0.35,,50,within_sampled_range,IU,119,95.83333333333334,runs/yin_single_noise_20260925/results/r21vgg2k_vgg16_bn_aa_s42/faces_cfdWM64/objects/results.csv,IU
aa4,VGG2k / AA4,r21vgg2k_vgg16_bn_aa_s42,face_transfer,124,single_uu,CFD WM64,Objects,0.35,,50,within_sampled_range,IU,120,87.5,runs/yin_single_noise_20260925/results/r21vgg2k_vgg16_bn_aa_s42/faces_cfdWM64/objects/results.csv,IU
aa4,VGG2k / AA4,r21vgg2k_vgg16_bn_aa_s42,face_transfer,124,single_uu,CFD WM64,Objects,0.35,,50,within_sampled_range,IU,121,91.66666666666666,runs/yin_single_noise_20260925/results/r21vgg2k_vgg16_bn_aa_s42/faces_cfdWM64/objects/results.csv,IU
aa4,VGG2k / AA4,r21vgg2k_vgg16_bn_aa_s42,face_transfer,124,single_uu,CFD WM64,Objects,0.35,,50,within_sampled_range,IU,122,91.66666666666666,runs/yin_single_noise_20260925/results/r21vgg2k_vgg16_bn_aa_s42/faces_cfdWM64/objects/results.csv,IU
aa4,VGG2k / AA4,r21vgg2k_vgg16_bn_aa_s42,face_transfer,124,single_uu,CFD WM64,Objects,0.35,,50,within_sampled_range,IU,123,100.0,runs/yin_single_noise_20260925/results/r21vgg2k_vgg16_bn_aa_s42/faces_cfdWM64/objects/results.csv,IU
aa4,VGG2k / AA4,r21vgg2k_vgg16_bn_aa_s42,face_transfer,124,single_uu,CFD WM64,Objects,0.35,,50,within_sampled_range,IU,124,91.66666666666666,runs/yin_single_noise_20260925/results/r21vgg2k_vgg16_bn_aa_s42/faces_cfdWM64/objects/results.csv,IU
aa4,VGG2k / AA4,r21vgg2k_vgg16_bn_aa_s42,face_transfer,124,single_uu,CFD WM64,Objects,0.35,,50,within_sampled_range,IU,125,91.66666666666666,runs/yin_single_noise_20260925/results/r21vgg2k_vgg16_bn_aa_s42/faces_cfdWM64/objects/results.csv,IU
aa4,VGG2k / AA4,r21vgg2k_vgg16_bn_aa_s42,face_transfer,124,single_uu,CFD WM64,Objects,0.35,,50,within_sampled_range,IU,126,100.0,runs/yin_single_noise_20260925/results/r21vgg2k_vgg16_bn_aa_s42/faces_cfdWM64/objects/results.csv,IU
aa4,VGG2k / AA4,r21vgg2k_vgg16_bn_aa_s42,face_transfer,124,single_uu,CFD WM64,Objects,0.35,,50,within_sampled_range,IU,127,83.33333333333334,runs/yin_single_noise_20260925/results/r21vgg2k_vgg16_bn_aa_s42/faces_cfdWM64/objects/results.csv,IU
aa4,VGG2k / AA4,r21vgg2k_vgg16_bn_aa_s42,face_transfer,124,single_uu,CFD WM64,Objects,0.35,,50,within_sampled_range,IU,128,95.83333333333334,runs/yin_single_noise_20260925/results/r21vgg2k_vgg16_bn_aa_s42/faces_cfdWM64/objects/results.csv,IU
aa4,VGG2k / AA4,r21vgg2k_vgg16_bn_aa_s42,face_transfer,124,single_uu,CFD WM64,Objects,0.35,,50,within_sampled_range,IU,129,95.83333333333334,runs/yin_single_noise_20260925/results/r21vgg2k_vgg16_bn_aa_s42/faces_cfdWM64/objects/results.csv,IU
aa4,VGG2k / AA4,r21vgg2k_vgg16_bn_aa_s42,face_transfer,124,single_uu,CFD WM64,Objects,0.35,,50,within_sampled_range,IU,130,91.66666666666666,runs/yin_single_noise_20260925/results/r21vgg2k_vgg16_bn_aa_s42/faces_cfdWM64/objects/results.csv,IU
aa4,VGG2k / AA4,r21vgg2k_vgg16_bn_aa_s42,face_transfer,124,single_uu,CFD WM64,Objects,0.35,,50,within_sampled_range,IU,131,100.0,runs/yin_single_noise_20260925/results/r21vgg2k_vgg16_bn_aa_s42/faces_cfdWM64/objects/results.csv,IU
aa4,VGG2k / AA4,r21vgg2k_vgg16_bn_aa_s42,face_transfer,124,single_uu,CFD WM64,Objects,0.35,,50,within_sampled_range,IU,132,95.83333333333334,runs/yin_single_noise_20260925/results/r21vgg2k_vgg16_bn_aa_s42/faces_cfdWM64/objects/results.csv,IU
aa4,VGG2k / AA4,r21vgg2k_vgg16_bn_aa_s42,face_transfer,124,single_uu,CFD WM64,Objects,0.35,,50,within_sampled_range,IU,133,91.66666666666666,runs/yin_single_noise_20260925/results/r21vgg2k_vgg16_bn_aa_s42/faces_cfdWM64/objects/results.csv,IU
aa4,VGG2k / AA4,r21vgg2k_vgg16_bn_aa_s42,face_transfer,124,single_uu,CFD WM64,Objects,0.35,,50,within_sampled_range,IU,134,91.66666666666666,runs/yin_single_noise_20260925/results/r21vgg2k_vgg16_bn_aa_s42/faces_cfdWM64/objects/results.csv,IU
aa4,VGG2k / AA4,r21vgg2k_vgg16_bn_aa_s42,face_transfer,124,single_uu,CFD WM64,Objects,0.35,,50,within_sampled_range,IU,135,83.33333333333334,runs/yin_single_noise_20260925/results/r21vgg2k_vgg16_bn_aa_s42/faces_cfdWM64/objects/results.csv,IU
aa4,VGG2k / AA4,r21vgg2k_vgg16_bn_aa_s42,face_transfer,124,single_uu,CFD WM64,Objects,0.35,,50,within_sampled_range,IU,136,95.83333333333334,runs/yin_single_noise_20260925/results/r21vgg2k_vgg16_bn_aa_s42/faces_cfdWM64/objects/results.csv,IU
aa4,VGG2k / AA4,r21vgg2k_vgg16_bn_aa_s42,face_transfer,124,single_uu,CFD WM64,Objects,0.35,,50,within_sampled_range,IU,137,91.66666666666666,runs/yin_single_noise_20260925/results/r21vgg2k_vgg16_bn_aa_s42/faces_cfdWM64/objects/results.csv,IU
aa4,VGG2k / AA4,r21vgg2k_vgg16_bn_aa_s42,face_transfer,124,single_uu,CFD WM64,Objects,0.35,,50,within_sampled_range,IU,138,87.5,runs/yin_single_noise_20260925/results/r21vgg2k_vgg16_bn_aa_s42/faces_cfdWM64/objects/results.csv,IU
aa4,VGG2k / AA4,r21vgg2k_vgg16_bn_aa_s42,face_transfer,124,single_uu,CFD WM64,Objects,0.35,,50,within_sampled_range,IU,139,87.5,runs/yin_single_noise_20260925/results/r21vgg2k_vgg16_bn_aa_s42/faces_cfdWM64/objects/results.csv,IU
aa4,VGG2k / AA4,r21vgg2k_vgg16_bn_aa_s42,face_transfer,124,single_uu,CFD WM64,Objects,0.35,,50,within_sampled_range,IU,140,95.83333333333334,runs/yin_single_noise_20260925/results/r21vgg2k_vgg16_bn_aa_s42/faces_cfdWM64/objects/results.csv,IU
aa4,VGG2k / AA4,r21vgg2k_vgg16_bn_aa_s42,face_transfer,124,single_uu,CFD WM64,Objects,0.35,,50,within_sampled_range,IU,141,91.66666666666666,runs/yin_single_noise_20260925/results/r21vgg2k_vgg16_bn_aa_s42/faces_cfdWM64/objects/results.csv,IU
aa4,VGG2k / AA4,r21vgg2k_vgg16_bn_aa_s42,face_transfer,124,single_uu,CFD WM64,Objects,0.35,,50,within_sampled_range,IU,142,95.83333333333334,runs/yin_single_noise_20260925/results/r21vgg2k_vgg16_bn_aa_s42/faces_cfdWM64/objects/results.csv,IU
aa4,VGG2k / AA4,r21vgg2k_vgg16_bn_aa_s42,face_transfer,124,single_uu,CFD WM64,Objects,0.35,,50,within_sampled_range,IU,143,87.5,runs/yin_single_noise_20260925/results/r21vgg2k_vgg16_bn_aa_s42/faces_cfdWM64/objects/results.csv,IU
aa4,VGG2k / AA4,r21vgg2k_vgg16_bn_aa_s42,face_transfer,124,single_uu,CFD WM64,Objects,0.35,,50,within_sampled_range,IU,144,95.83333333333334,runs/yin_single_noise_20260925/results/r21vgg2k_vgg16_bn_aa_s42/faces_cfdWM64/objects/results.csv,IU
aa4,VGG2k / AA4,r21vgg2k_vgg16_bn_aa_s42,face_transfer,124,single_uu,CFD WM64,Objects,0.35,,50,within_sampled_range,IU,145,91.66666666666666,runs/yin_single_noise_20260925/results/r21vgg2k_vgg16_bn_aa_s42/faces_cfdWM64/objects/results.csv,IU
aa4,VGG2k / AA4,r21vgg2k_vgg16_bn_aa_s42,face_transfer,124,single_uu,CFD WM64,Objects,0.35,,50,within_sampled_range,IU,146,95.83333333333334,runs/yin_single_noise_20260925/results/r21vgg2k_vgg16_bn_aa_s42/faces_cfdWM64/objects/results.csv,IU
aa4,VGG2k / AA4,r21vgg2k_vgg16_bn_aa_s42,face_transfer,124,single_uu,CFD WM64,Objects,0.35,,50,within_sampled_range,IU,147,100.0,runs/yin_single_noise_20260925/results/r21vgg2k_vgg16_bn_aa_s42/faces_cfdWM64/objects/results.csv,IU
aa4,VGG2k / AA4,r21vgg2k_vgg16_bn_aa_s42,face_transfer,124,single_uu,CFD WM64,Objects,0.35,,50,within_sampled_range,IU,148,83.33333333333334,runs/yin_single_noise_20260925/results/r21vgg2k_vgg16_bn_aa_s42/faces_cfdWM64/objects/results.csv,IU
aa4,VGG2k / AA4,r21vgg2k_vgg16_bn_aa_s42,face_transfer,124,single_uu,CFD WM64,Objects,0.35,,50,within_sampled_range,IU,149,87.5,runs/yin_single_noise_20260925/results/r21vgg2k_vgg16_bn_aa_s42/faces_cfdWM64/objects/results.csv,IU
aa4,VGG2k / AA4,r21vgg2k_vgg16_bn_aa_s42,face_transfer,124,single_uu,CFD WM64,Objects,0.35,,50,within_sampled_range,IU,150,91.66666666666666,runs/yin_single_noise_20260925/results/r21vgg2k_vgg16_bn_aa_s42/faces_cfdWM64/objects/results.csv,IU
aa4,VGG2k / AA4,r21vgg2k_vgg16_bn_aa_s42,face_transfer,124,two_cross,CFD WM64,Objects,0.35,0.38,50,within_sampled_range,UU,101,91.66666666666666,runs/yin_noise_matrix_20260926/results/r21vgg2k_vgg16_bn_aa_s42/faces_cfdWM64/objects/results.csv,UU
aa4,VGG2k / AA4,r21vgg2k_vgg16_bn_aa_s42,face_transfer,124,two_cross,CFD WM64,Objects,0.35,0.38,50,within_sampled_range,UU,102,95.83333333333334,runs/yin_noise_matrix_20260926/results/r21vgg2k_vgg16_bn_aa_s42/faces_cfdWM64/objects/results.csv,UU
aa4,VGG2k / AA4,r21vgg2k_vgg16_bn_aa_s42,face_transfer,124,two_cross,CFD WM64,Objects,0.35,0.38,50,within_sampled_range,UU,103,87.5,runs/yin_noise_matrix_20260926/results/r21vgg2k_vgg16_bn_aa_s42/faces_cfdWM64/objects/results.csv,UU
aa4,VGG2k / AA4,r21vgg2k_vgg16_bn_aa_s42,face_transfer,124,two_cross,CFD WM64,Objects,0.35,0.38,50,within_sampled_range,UU,104,100.0,runs/yin_noise_matrix_20260926/results/r21vgg2k_vgg16_bn_aa_s42/faces_cfdWM64/objects/results.csv,UU
aa4,VGG2k / AA4,r21vgg2k_vgg16_bn_aa_s42,face_transfer,124,two_cross,CFD WM64,Objects,0.35,0.38,50,within_sampled_range,UU,105,91.66666666666666,runs/yin_noise_matrix_20260926/results/r21vgg2k_vgg16_bn_aa_s42/faces_cfdWM64/objects/results.csv,UU
aa4,VGG2k / AA4,r21vgg2k_vgg16_bn_aa_s42,face_transfer,124,two_cross,CFD WM64,Objects,0.35,0.38,50,within_sampled_range,UU,106,91.66666666666666,runs/yin_noise_matrix_20260926/results/r21vgg2k_vgg16_bn_aa_s42/faces_cfdWM64/objects/results.csv,UU
aa4,VGG2k / AA4,r21vgg2k_vgg16_bn_aa_s42,face_transfer,124,two_cross,CFD WM64,Objects,0.35,0.38,50,within_sampled_range,UU,107,91.66666666666666,runs/yin_noise_matrix_20260926/results/r21vgg2k_vgg16_bn_aa_s42/faces_cfdWM64/objects/results.csv,UU
aa4,VGG2k / AA4,r21vgg2k_vgg16_bn_aa_s42,face_transfer,124,two_cross,CFD WM64,Objects,0.35,0.38,50,within_sampled_range,UU,108,95.83333333333334,runs/yin_noise_matrix_20260926/results/r21vgg2k_vgg16_bn_aa_s42/faces_cfdWM64/objects/results.csv,UU
aa4,VGG2k / AA4,r21vgg2k_vgg16_bn_aa_s42,face_transfer,124,two_cross,CFD WM64,Objects,0.35,0.38,50,within_sampled_range,UU,109,100.0,runs/yin_noise_matrix_20260926/results/r21vgg2k_vgg16_bn_aa_s42/faces_cfdWM64/objects/results.csv,UU
aa4,VGG2k / AA4,r21vgg2k_vgg16_bn_aa_s42,face_transfer,124,two_cross,CFD WM64,Objects,0.35,0.38,50,within_sampled_range,UU,110,95.83333333333334,runs/yin_noise_matrix_20260926/results/r21vgg2k_vgg16_bn_aa_s42/faces_cfdWM64/objects/results.csv,UU
aa4,VGG2k / AA4,r21vgg2k_vgg16_bn_aa_s42,face_transfer,124,two_cross,CFD WM64,Objects,0.35,0.38,50,within_sampled_range,UU,111,95.83333333333334,runs/yin_noise_matrix_20260926/results/r21vgg2k_vgg16_bn_aa_s42/faces_cfdWM64/objects/results.csv,UU
aa4,VGG2k / AA4,r21vgg2k_vgg16_bn_aa_s42,face_transfer,124,two_cross,CFD WM64,Objects,0.35,0.38,50,within_sampled_range,UU,112,95.83333333333334,runs/yin_noise_matrix_20260926/results/r21vgg2k_vgg16_bn_aa_s42/faces_cfdWM64/objects/results.csv,UU
aa4,VGG2k / AA4,r21vgg2k_vgg16_bn_aa_s42,face_transfer,124,two_cross,CFD WM64,Objects,0.35,0.38,50,within_sampled_range,UU,113,100.0,runs/yin_noise_matrix_20260926/results/r21vgg2k_vgg16_bn_aa_s42/faces_cfdWM64/objects/results.csv,UU
aa4,VGG2k / AA4,r21vgg2k_vgg16_bn_aa_s42,face_transfer,124,two_cross,CFD WM64,Objects,0.35,0.38,50,within_sampled_range,UU,114,87.5,runs/yin_noise_matrix_20260926/results/r21vgg2k_vgg16_bn_aa_s42/faces_cfdWM64/objects/results.csv,UU
aa4,VGG2k / AA4,r21vgg2k_vgg16_bn_aa_s42,face_transfer,124,two_cross,CFD WM64,Objects,0.35,0.38,50,within_sampled_range,UU,115,87.5,runs/yin_noise_matrix_20260926/results/r21vgg2k_vgg16_bn_aa_s42/faces_cfdWM64/objects/results.csv,UU
aa4,VGG2k / AA4,r21vgg2k_vgg16_bn_aa_s42,face_transfer,124,two_cross,CFD WM64,Objects,0.35,0.38,50,within_sampled_range,UU,116,95.83333333333334,runs/yin_noise_matrix_20260926/results/r21vgg2k_vgg16_bn_aa_s42/faces_cfdWM64/objects/results.csv,UU
aa4,VGG2k / AA4,r21vgg2k_vgg16_bn_aa_s42,face_transfer,124,two_cross,CFD WM64,Objects,0.35,0.38,50,within_sampled_range,UU,117,100.0,runs/yin_noise_matrix_20260926/results/r21vgg2k_vgg16_bn_aa_s42/faces_cfdWM64/objects/results.csv,UU
aa4,VGG2k / AA4,r21vgg2k_vgg16_bn_aa_s42,face_transfer,124,two_cross,CFD WM64,Objects,0.35,0.38,50,within_sampled_range,UU,118,100.0,runs/yin_noise_matrix_20260926/results/r21vgg2k_vgg16_bn_aa_s42/faces_cfdWM64/objects/results.csv,UU
aa4,VGG2k / AA4,r21vgg2k_vgg16_bn_aa_s42,face_transfer,124,two_cross,CFD WM64,Objects,0.35,0.38,50,within_sampled_range,UU,119,100.0,runs/yin_noise_matrix_20260926/results/r21vgg2k_vgg16_bn_aa_s42/faces_cfdWM64/objects/results.csv,UU
aa4,VGG2k / AA4,r21vgg2k_vgg16_bn_aa_s42,face_transfer,124,two_cross,CFD WM64,Objects,0.35,0.38,50,within_sampled_range,UU,120,95.83333333333334,runs/yin_noise_matrix_20260926/results/r21vgg2k_vgg16_bn_aa_s42/faces_cfdWM64/objects/results.csv,UU
aa4,VGG2k / AA4,r21vgg2k_vgg16_bn_aa_s42,face_transfer,124,two_cross,CFD WM64,Objects,0.35,0.38,50,within_sampled_range,UU,121,100.0,runs/yin_noise_matrix_20260926/results/r21vgg2k_vgg16_bn_aa_s42/faces_cfdWM64/objects/results.csv,UU
aa4,VGG2k / AA4,r21vgg2k_vgg16_bn_aa_s42,face_transfer,124,two_cross,CFD WM64,Objects,0.35,0.38,50,within_sampled_range,UU,122,95.83333333333334,runs/yin_noise_matrix_20260926/results/r21vgg2k_vgg16_bn_aa_s42/faces_cfdWM64/objects/results.csv,UU
aa4,VGG2k / AA4,r21vgg2k_vgg16_bn_aa_s42,face_transfer,124,two_cross,CFD WM64,Objects,0.35,0.38,50,within_sampled_range,UU,123,95.83333333333334,runs/yin_noise_matrix_20260926/results/r21vgg2k_vgg16_bn_aa_s42/faces_cfdWM64/objects/results.csv,UU
aa4,VGG2k / AA4,r21vgg2k_vgg16_bn_aa_s42,face_transfer,124,two_cross,CFD WM64,Objects,0.35,0.38,50,within_sampled_range,UU,124,87.5,runs/yin_noise_matrix_20260926/results/r21vgg2k_vgg16_bn_aa_s42/faces_cfdWM64/objects/results.csv,UU
aa4,VGG2k / AA4,r21vgg2k_vgg16_bn_aa_s42,face_transfer,124,two_cross,CFD WM64,Objects,0.35,0.38,50,within_sampled_range,UU,125,95.83333333333334,runs/yin_noise_matrix_20260926/results/r21vgg2k_vgg16_bn_aa_s42/faces_cfdWM64/objects/results.csv,UU
aa4,VGG2k / AA4,r21vgg2k_vgg16_bn_aa_s42,face_transfer,124,two_cross,CFD WM64,Objects,0.35,0.38,50,within_sampled_range,UU,126,100.0,runs/yin_noise_matrix_20260926/results/r21vgg2k_vgg16_bn_aa_s42/faces_cfdWM64/objects/results.csv,UU
aa4,VGG2k / AA4,r21vgg2k_vgg16_bn_aa_s42,face_transfer,124,two_cross,CFD WM64,Objects,0.35,0.38,50,within_sampled_range,UU,127,95.83333333333334,runs/yin_noise_matrix_20260926/results/r21vgg2k_vgg16_bn_aa_s42/faces_cfdWM64/objects/results.csv,UU
aa4,VGG2k / AA4,r21vgg2k_vgg16_bn_aa_s42,face_transfer,124,two_cross,CFD WM64,Objects,0.35,0.38,50,within_sampled_range,UU,128,95.83333333333334,runs/yin_noise_matrix_20260926/results/r21vgg2k_vgg16_bn_aa_s42/faces_cfdWM64/objects/results.csv,UU
aa4,VGG2k / AA4,r21vgg2k_vgg16_bn_aa_s42,face_transfer,124,two_cross,CFD WM64,Objects,0.35,0.38,50,within_sampled_range,UU,129,91.66666666666666,runs/yin_noise_matrix_20260926/results/r21vgg2k_vgg16_bn_aa_s42/faces_cfdWM64/objects/results.csv,UU
aa4,VGG2k / AA4,r21vgg2k_vgg16_bn_aa_s42,face_transfer,124,two_cross,CFD WM64,Objects,0.35,0.38,50,within_sampled_range,UU,130,100.0,runs/yin_noise_matrix_20260926/results/r21vgg2k_vgg16_bn_aa_s42/faces_cfdWM64/objects/results.csv,UU
aa4,VGG2k / AA4,r21vgg2k_vgg16_bn_aa_s42,face_transfer,124,two_cross,CFD WM64,Objects,0.35,0.38,50,within_sampled_range,UU,131,91.66666666666666,runs/yin_noise_matrix_20260926/results/r21vgg2k_vgg16_bn_aa_s42/faces_cfdWM64/objects/results.csv,UU
aa4,VGG2k / AA4,r21vgg2k_vgg16_bn_aa_s42,face_transfer,124,two_cross,CFD WM64,Objects,0.35,0.38,50,within_sampled_range,UU,132,100.0,runs/yin_noise_matrix_20260926/results/r21vgg2k_vgg16_bn_aa_s42/faces_cfdWM64/objects/results.csv,UU
aa4,VGG2k / AA4,r21vgg2k_vgg16_bn_aa_s42,face_transfer,124,two_cross,CFD WM64,Objects,0.35,0.38,50,within_sampled_range,UU,133,91.66666666666666,runs/yin_noise_matrix_20260926/results/r21vgg2k_vgg16_bn_aa_s42/faces_cfdWM64/objects/results.csv,UU
aa4,VGG2k / AA4,r21vgg2k_vgg16_bn_aa_s42,face_transfer,124,two_cross,CFD WM64,Objects,0.35,0.38,50,within_sampled_range,UU,134,95.83333333333334,runs/yin_noise_matrix_20260926/results/r21vgg2k_vgg16_bn_aa_s42/faces_cfdWM64/objects/results.csv,UU
aa4,VGG2k / AA4,r21vgg2k_vgg16_bn_aa_s42,face_transfer,124,two_cross,CFD WM64,Objects,0.35,0.38,50,within_sampled_range,UU,135,91.66666666666666,runs/yin_noise_matrix_20260926/results/r21vgg2k_vgg16_bn_aa_s42/faces_cfdWM64/objects/results.csv,UU
aa4,VGG2k / AA4,r21vgg2k_vgg16_bn_aa_s42,face_transfer,124,two_cross,CFD WM64,Objects,0.35,0.38,50,within_sampled_range,UU,136,91.66666666666666,runs/yin_noise_matrix_20260926/results/r21vgg2k_vgg16_bn_aa_s42/faces_cfdWM64/objects/results.csv,UU
aa4,VGG2k / AA4,r21vgg2k_vgg16_bn_aa_s42,face_transfer,124,two_cross,CFD WM64,Objects,0.35,0.38,50,within_sampled_range,UU,137,95.83333333333334,runs/yin_noise_matrix_20260926/results/r21vgg2k_vgg16_bn_aa_s42/faces_cfdWM64/objects/results.csv,UU
aa4,VGG2k / AA4,r21vgg2k_vgg16_bn_aa_s42,face_transfer,124,two_cross,CFD WM64,Objects,0.35,0.38,50,within_sampled_range,UU,138,100.0,runs/yin_noise_matrix_20260926/results/r21vgg2k_vgg16_bn_aa_s42/faces_cfdWM64/objects/results.csv,UU
aa4,VGG2k / AA4,r21vgg2k_vgg16_bn_aa_s42,face_transfer,124,two_cross,CFD WM64,Objects,0.35,0.38,50,within_sampled_range,UU,139,95.83333333333334,runs/yin_noise_matrix_20260926/results/r21vgg2k_vgg16_bn_aa_s42/faces_cfdWM64/objects/results.csv,UU
aa4,VGG2k / AA4,r21vgg2k_vgg16_bn_aa_s42,face_transfer,124,two_cross,CFD WM64,Objects,0.35,0.38,50,within_sampled_range,UU,140,95.83333333333334,runs/yin_noise_matrix_20260926/results/r21vgg2k_vgg16_bn_aa_s42/faces_cfdWM64/objects/results.csv,UU
aa4,VGG2k / AA4,r21vgg2k_vgg16_bn_aa_s42,face_transfer,124,two_cross,CFD WM64,Objects,0.35,0.38,50,within_sampled_range,UU,141,95.83333333333334,runs/yin_noise_matrix_20260926/results/r21vgg2k_vgg16_bn_aa_s42/faces_cfdWM64/objects/results.csv,UU
aa4,VGG2k / AA4,r21vgg2k_vgg16_bn_aa_s42,face_transfer,124,two_cross,CFD WM64,Objects,0.35,0.38,50,within_sampled_range,UU,142,95.83333333333334,runs/yin_noise_matrix_20260926/results/r21vgg2k_vgg16_bn_aa_s42/faces_cfdWM64/objects/results.csv,UU
aa4,VGG2k / AA4,r21vgg2k_vgg16_bn_aa_s42,face_transfer,124,two_cross,CFD WM64,Objects,0.35,0.38,50,within_sampled_range,UU,143,95.83333333333334,runs/yin_noise_matrix_20260926/results/r21vgg2k_vgg16_bn_aa_s42/faces_cfdWM64/objects/results.csv,UU
aa4,VGG2k / AA4,r21vgg2k_vgg16_bn_aa_s42,face_transfer,124,two_cross,CFD WM64,Objects,0.35,0.38,50,within_sampled_range,UU,144,100.0,runs/yin_noise_matrix_20260926/results/r21vgg2k_vgg16_bn_aa_s42/faces_cfdWM64/objects/results.csv,UU
aa4,VGG2k / AA4,r21vgg2k_vgg16_bn_aa_s42,face_transfer,124,two_cross,CFD WM64,Objects,0.35,0.38,50,within_sampled_range,UU,145,100.0,runs/yin_noise_matrix_20260926/results/r21vgg2k_vgg16_bn_aa_s42/faces_cfdWM64/objects/results.csv,UU
aa4,VGG2k / AA4,r21vgg2k_vgg16_bn_aa_s42,face_transfer,124,two_cross,CFD WM64,Objects,0.35,0.38,50,within_sampled_range,UU,146,95.83333333333334,runs/yin_noise_matrix_20260926/results/r21vgg2k_vgg16_bn_aa_s42/faces_cfdWM64/objects/results.csv,UU
aa4,VGG2k / AA4,r21vgg2k_vgg16_bn_aa_s42,face_transfer,124,two_cross,CFD WM64,Objects,0.35,0.38,50,within_sampled_range,UU,147,100.0,runs/yin_noise_matrix_20260926/results/r21vgg2k_vgg16_bn_aa_s42/faces_cfdWM64/objects/results.csv,UU
aa4,VGG2k / AA4,r21vgg2k_vgg16_bn_aa_s42,face_transfer,124,two_cross,CFD WM64,Objects,0.35,0.38,50,within_sampled_range,UU,148,95.83333333333334,runs/yin_noise_matrix_20260926/results/r21vgg2k_vgg16_bn_aa_s42/faces_cfdWM64/objects/results.csv,UU
aa4,VGG2k / AA4,r21vgg2k_vgg16_bn_aa_s42,face_transfer,124,two_cross,CFD WM64,Objects,0.35,0.38,50,within_sampled_range,UU,149,91.66666666666666,runs/yin_noise_matrix_20260926/results/r21vgg2k_vgg16_bn_aa_s42/faces_cfdWM64/objects/results.csv,UU
aa4,VGG2k / AA4,r21vgg2k_vgg16_bn_aa_s42,face_transfer,124,two_cross,CFD WM64,Objects,0.35,0.38,50,within_sampled_range,UU,150,100.0,runs/yin_noise_matrix_20260926/results/r21vgg2k_vgg16_bn_aa_s42/faces_cfdWM64/objects/results.csv,UU
aa4,VGG2k / AA4,r21vgg2k_vgg16_bn_aa_s42,face_transfer,124,two_cross,CFD WM64,Objects,0.35,0.38,50,within_sampled_range,II,101,91.66666666666666,runs/yin_noise_matrix_20260926/results/r21vgg2k_vgg16_bn_aa_s42/faces_cfdWM64/objects/results.csv,II
aa4,VGG2k / AA4,r21vgg2k_vgg16_bn_aa_s42,face_transfer,124,two_cross,CFD WM64,Objects,0.35,0.38,50,within_sampled_range,II,102,95.83333333333334,runs/yin_noise_matrix_20260926/results/r21vgg2k_vgg16_bn_aa_s42/faces_cfdWM64/objects/results.csv,II
aa4,VGG2k / AA4,r21vgg2k_vgg16_bn_aa_s42,face_transfer,124,two_cross,CFD WM64,Objects,0.35,0.38,50,within_sampled_range,II,103,95.83333333333334,runs/yin_noise_matrix_20260926/results/r21vgg2k_vgg16_bn_aa_s42/faces_cfdWM64/objects/results.csv,II
aa4,VGG2k / AA4,r21vgg2k_vgg16_bn_aa_s42,face_transfer,124,two_cross,CFD WM64,Objects,0.35,0.38,50,within_sampled_range,II,104,95.83333333333334,runs/yin_noise_matrix_20260926/results/r21vgg2k_vgg16_bn_aa_s42/faces_cfdWM64/objects/results.csv,II
aa4,VGG2k / AA4,r21vgg2k_vgg16_bn_aa_s42,face_transfer,124,two_cross,CFD WM64,Objects,0.35,0.38,50,within_sampled_range,II,105,91.66666666666666,runs/yin_noise_matrix_20260926/results/r21vgg2k_vgg16_bn_aa_s42/faces_cfdWM64/objects/results.csv,II
aa4,VGG2k / AA4,r21vgg2k_vgg16_bn_aa_s42,face_transfer,124,two_cross,CFD WM64,Objects,0.35,0.38,50,within_sampled_range,II,106,87.5,runs/yin_noise_matrix_20260926/results/r21vgg2k_vgg16_bn_aa_s42/faces_cfdWM64/objects/results.csv,II
aa4,VGG2k / AA4,r21vgg2k_vgg16_bn_aa_s42,face_transfer,124,two_cross,CFD WM64,Objects,0.35,0.38,50,within_sampled_range,II,107,95.83333333333334,runs/yin_noise_matrix_20260926/results/r21vgg2k_vgg16_bn_aa_s42/faces_cfdWM64/objects/results.csv,II
aa4,VGG2k / AA4,r21vgg2k_vgg16_bn_aa_s42,face_transfer,124,two_cross,CFD WM64,Objects,0.35,0.38,50,within_sampled_range,II,108,91.66666666666666,runs/yin_noise_matrix_20260926/results/r21vgg2k_vgg16_bn_aa_s42/faces_cfdWM64/objects/results.csv,II
aa4,VGG2k / AA4,r21vgg2k_vgg16_bn_aa_s42,face_transfer,124,two_cross,CFD WM64,Objects,0.35,0.38,50,within_sampled_range,II,109,91.66666666666666,runs/yin_noise_matrix_20260926/results/r21vgg2k_vgg16_bn_aa_s42/faces_cfdWM64/objects/results.csv,II
aa4,VGG2k / AA4,r21vgg2k_vgg16_bn_aa_s42,face_transfer,124,two_cross,CFD WM64,Objects,0.35,0.38,50,within_sampled_range,II,110,91.66666666666666,runs/yin_noise_matrix_20260926/results/r21vgg2k_vgg16_bn_aa_s42/faces_cfdWM64/objects/results.csv,II
aa4,VGG2k / AA4,r21vgg2k_vgg16_bn_aa_s42,face_transfer,124,two_cross,CFD WM64,Objects,0.35,0.38,50,within_sampled_range,II,111,95.83333333333334,runs/yin_noise_matrix_20260926/results/r21vgg2k_vgg16_bn_aa_s42/faces_cfdWM64/objects/results.csv,II
aa4,VGG2k / AA4,r21vgg2k_vgg16_bn_aa_s42,face_transfer,124,two_cross,CFD WM64,Objects,0.35,0.38,50,within_sampled_range,II,112,87.5,runs/yin_noise_matrix_20260926/results/r21vgg2k_vgg16_bn_aa_s42/faces_cfdWM64/objects/results.csv,II
aa4,VGG2k / AA4,r21vgg2k_vgg16_bn_aa_s42,face_transfer,124,two_cross,CFD WM64,Objects,0.35,0.38,50,within_sampled_range,II,113,87.5,runs/yin_noise_matrix_20260926/results/r21vgg2k_vgg16_bn_aa_s42/faces_cfdWM64/objects/results.csv,II
aa4,VGG2k / AA4,r21vgg2k_vgg16_bn_aa_s42,face_transfer,124,two_cross,CFD WM64,Objects,0.35,0.38,50,within_sampled_range,II,114,95.83333333333334,runs/yin_noise_matrix_20260926/results/r21vgg2k_vgg16_bn_aa_s42/faces_cfdWM64/objects/results.csv,II
aa4,VGG2k / AA4,r21vgg2k_vgg16_bn_aa_s42,face_transfer,124,two_cross,CFD WM64,Objects,0.35,0.38,50,within_sampled_range,II,115,95.83333333333334,runs/yin_noise_matrix_20260926/results/r21vgg2k_vgg16_bn_aa_s42/faces_cfdWM64/objects/results.csv,II
aa4,VGG2k / AA4,r21vgg2k_vgg16_bn_aa_s42,face_transfer,124,two_cross,CFD WM64,Objects,0.35,0.38,50,within_sampled_range,II,116,95.83333333333334,runs/yin_noise_matrix_20260926/results/r21vgg2k_vgg16_bn_aa_s42/faces_cfdWM64/objects/results.csv,II
aa4,VGG2k / AA4,r21vgg2k_vgg16_bn_aa_s42,face_transfer,124,two_cross,CFD WM64,Objects,0.35,0.38,50,within_sampled_range,II,117,95.83333333333334,runs/yin_noise_matrix_20260926/results/r21vgg2k_vgg16_bn_aa_s42/faces_cfdWM64/objects/results.csv,II
aa4,VGG2k / AA4,r21vgg2k_vgg16_bn_aa_s42,face_transfer,124,two_cross,CFD WM64,Objects,0.35,0.38,50,within_sampled_range,II,118,95.83333333333334,runs/yin_noise_matrix_20260926/results/r21vgg2k_vgg16_bn_aa_s42/faces_cfdWM64/objects/results.csv,II
aa4,VGG2k / AA4,r21vgg2k_vgg16_bn_aa_s42,face_transfer,124,two_cross,CFD WM64,Objects,0.35,0.38,50,within_sampled_range,II,119,95.83333333333334,runs/yin_noise_matrix_20260926/results/r21vgg2k_vgg16_bn_aa_s42/faces_cfdWM64/objects/results.csv,II
aa4,VGG2k / AA4,r21vgg2k_vgg16_bn_aa_s42,face_transfer,124,two_cross,CFD WM64,Objects,0.35,0.38,50,within_sampled_range,II,120,91.66666666666666,runs/yin_noise_matrix_20260926/results/r21vgg2k_vgg16_bn_aa_s42/faces_cfdWM64/objects/results.csv,II
aa4,VGG2k / AA4,r21vgg2k_vgg16_bn_aa_s42,face_transfer,124,two_cross,CFD WM64,Objects,0.35,0.38,50,within_sampled_range,II,121,87.5,runs/yin_noise_matrix_20260926/results/r21vgg2k_vgg16_bn_aa_s42/faces_cfdWM64/objects/results.csv,II
aa4,VGG2k / AA4,r21vgg2k_vgg16_bn_aa_s42,face_transfer,124,two_cross,CFD WM64,Objects,0.35,0.38,50,within_sampled_range,II,122,91.66666666666666,runs/yin_noise_matrix_20260926/results/r21vgg2k_vgg16_bn_aa_s42/faces_cfdWM64/objects/results.csv,II
aa4,VGG2k / AA4,r21vgg2k_vgg16_bn_aa_s42,face_transfer,124,two_cross,CFD WM64,Objects,0.35,0.38,50,within_sampled_range,II,123,91.66666666666666,runs/yin_noise_matrix_20260926/results/r21vgg2k_vgg16_bn_aa_s42/faces_cfdWM64/objects/results.csv,II
aa4,VGG2k / AA4,r21vgg2k_vgg16_bn_aa_s42,face_transfer,124,two_cross,CFD WM64,Objects,0.35,0.38,50,within_sampled_range,II,124,95.83333333333334,runs/yin_noise_matrix_20260926/results/r21vgg2k_vgg16_bn_aa_s42/faces_cfdWM64/objects/results.csv,II
aa4,VGG2k / AA4,r21vgg2k_vgg16_bn_aa_s42,face_transfer,124,two_cross,CFD WM64,Objects,0.35,0.38,50,within_sampled_range,II,125,95.83333333333334,runs/yin_noise_matrix_20260926/results/r21vgg2k_vgg16_bn_aa_s42/faces_cfdWM64/objects/results.csv,II
aa4,VGG2k / AA4,r21vgg2k_vgg16_bn_aa_s42,face_transfer,124,two_cross,CFD WM64,Objects,0.35,0.38,50,within_sampled_range,II,126,91.66666666666666,runs/yin_noise_matrix_20260926/results/r21vgg2k_vgg16_bn_aa_s42/faces_cfdWM64/objects/results.csv,II
aa4,VGG2k / AA4,r21vgg2k_vgg16_bn_aa_s42,face_transfer,124,two_cross,CFD WM64,Objects,0.35,0.38,50,within_sampled_range,II,127,91.66666666666666,runs/yin_noise_matrix_20260926/results/r21vgg2k_vgg16_bn_aa_s42/faces_cfdWM64/objects/results.csv,II
aa4,VGG2k / AA4,r21vgg2k_vgg16_bn_aa_s42,face_transfer,124,two_cross,CFD WM64,Objects,0.35,0.38,50,within_sampled_range,II,128,91.66666666666666,runs/yin_noise_matrix_20260926/results/r21vgg2k_vgg16_bn_aa_s42/faces_cfdWM64/objects/results.csv,II
aa4,VGG2k / AA4,r21vgg2k_vgg16_bn_aa_s42,face_transfer,124,two_cross,CFD WM64,Objects,0.35,0.38,50,within_sampled_range,II,129,100.0,runs/yin_noise_matrix_20260926/results/r21vgg2k_vgg16_bn_aa_s42/faces_cfdWM64/objects/results.csv,II
aa4,VGG2k / AA4,r21vgg2k_vgg16_bn_aa_s42,face_transfer,124,two_cross,CFD WM64,Objects,0.35,0.38,50,within_sampled_range,II,130,91.66666666666666,runs/yin_noise_matrix_20260926/results/r21vgg2k_vgg16_bn_aa_s42/faces_cfdWM64/objects/results.csv,II
aa4,VGG2k / AA4,r21vgg2k_vgg16_bn_aa_s42,face_transfer,124,two_cross,CFD WM64,Objects,0.35,0.38,50,within_sampled_range,II,131,95.83333333333334,runs/yin_noise_matrix_20260926/results/r21vgg2k_vgg16_bn_aa_s42/faces_cfdWM64/objects/results.csv,II
aa4,VGG2k / AA4,r21vgg2k_vgg16_bn_aa_s42,face_transfer,124,two_cross,CFD WM64,Objects,0.35,0.38,50,within_sampled_range,II,132,91.66666666666666,runs/yin_noise_matrix_20260926/results/r21vgg2k_vgg16_bn_aa_s42/faces_cfdWM64/objects/results.csv,II
aa4,VGG2k / AA4,r21vgg2k_vgg16_bn_aa_s42,face_transfer,124,two_cross,CFD WM64,Objects,0.35,0.38,50,within_sampled_range,II,133,79.16666666666666,runs/yin_noise_matrix_20260926/results/r21vgg2k_vgg16_bn_aa_s42/faces_cfdWM64/objects/results.csv,II
aa4,VGG2k / AA4,r21vgg2k_vgg16_bn_aa_s42,face_transfer,124,two_cross,CFD WM64,Objects,0.35,0.38,50,within_sampled_range,II,134,91.66666666666666,runs/yin_noise_matrix_20260926/results/r21vgg2k_vgg16_bn_aa_s42/faces_cfdWM64/objects/results.csv,II
aa4,VGG2k / AA4,r21vgg2k_vgg16_bn_aa_s42,face_transfer,124,two_cross,CFD WM64,Objects,0.35,0.38,50,within_sampled_range,II,135,87.5,runs/yin_noise_matrix_20260926/results/r21vgg2k_vgg16_bn_aa_s42/faces_cfdWM64/objects/results.csv,II
aa4,VGG2k / AA4,r21vgg2k_vgg16_bn_aa_s42,face_transfer,124,two_cross,CFD WM64,Objects,0.35,0.38,50,within_sampled_range,II,136,95.83333333333334,runs/yin_noise_matrix_20260926/results/r21vgg2k_vgg16_bn_aa_s42/faces_cfdWM64/objects/results.csv,II
aa4,VGG2k / AA4,r21vgg2k_vgg16_bn_aa_s42,face_transfer,124,two_cross,CFD WM64,Objects,0.35,0.38,50,within_sampled_range,II,137,87.5,runs/yin_noise_matrix_20260926/results/r21vgg2k_vgg16_bn_aa_s42/faces_cfdWM64/objects/results.csv,II
aa4,VGG2k / AA4,r21vgg2k_vgg16_bn_aa_s42,face_transfer,124,two_cross,CFD WM64,Objects,0.35,0.38,50,within_sampled_range,II,138,87.5,runs/yin_noise_matrix_20260926/results/r21vgg2k_vgg16_bn_aa_s42/faces_cfdWM64/objects/results.csv,II
aa4,VGG2k / AA4,r21vgg2k_vgg16_bn_aa_s42,face_transfer,124,two_cross,CFD WM64,Objects,0.35,0.38,50,within_sampled_range,II,139,79.16666666666666,runs/yin_noise_matrix_20260926/results/r21vgg2k_vgg16_bn_aa_s42/faces_cfdWM64/objects/results.csv,II
aa4,VGG2k / AA4,r21vgg2k_vgg16_bn_aa_s42,face_transfer,124,two_cross,CFD WM64,Objects,0.35,0.38,50,within_sampled_range,II,140,87.5,runs/yin_noise_matrix_20260926/results/r21vgg2k_vgg16_bn_aa_s42/faces_cfdWM64/objects/results.csv,II
aa4,VGG2k / AA4,r21vgg2k_vgg16_bn_aa_s42,face_transfer,124,two_cross,CFD WM64,Objects,0.35,0.38,50,within_sampled_range,II,141,91.66666666666666,runs/yin_noise_matrix_20260926/results/r21vgg2k_vgg16_bn_aa_s42/faces_cfdWM64/objects/results.csv,II
aa4,VGG2k / AA4,r21vgg2k_vgg16_bn_aa_s42,face_transfer,124,two_cross,CFD WM64,Objects,0.35,0.38,50,within_sampled_range,II,142,91.66666666666666,runs/yin_noise_matrix_20260926/results/r21vgg2k_vgg16_bn_aa_s42/faces_cfdWM64/objects/results.csv,II
aa4,VGG2k / AA4,r21vgg2k_vgg16_bn_aa_s42,face_transfer,124,two_cross,CFD WM64,Objects,0.35,0.38,50,within_sampled_range,II,143,91.66666666666666,runs/yin_noise_matrix_20260926/results/r21vgg2k_vgg16_bn_aa_s42/faces_cfdWM64/objects/results.csv,II
aa4,VGG2k / AA4,r21vgg2k_vgg16_bn_aa_s42,face_transfer,124,two_cross,CFD WM64,Objects,0.35,0.38,50,within_sampled_range,II,144,100.0,runs/yin_noise_matrix_20260926/results/r21vgg2k_vgg16_bn_aa_s42/faces_cfdWM64/objects/results.csv,II
aa4,VGG2k / AA4,r21vgg2k_vgg16_bn_aa_s42,face_transfer,124,two_cross,CFD WM64,Objects,0.35,0.38,50,within_sampled_range,II,145,95.83333333333334,runs/yin_noise_matrix_20260926/results/r21vgg2k_vgg16_bn_aa_s42/faces_cfdWM64/objects/results.csv,II
aa4,VGG2k / AA4,r21vgg2k_vgg16_bn_aa_s42,face_transfer,124,two_cross,CFD WM64,Objects,0.35,0.38,50,within_sampled_range,II,146,100.0,runs/yin_noise_matrix_20260926/results/r21vgg2k_vgg16_bn_aa_s42/faces_cfdWM64/objects/results.csv,II
aa4,VGG2k / AA4,r21vgg2k_vgg16_bn_aa_s42,face_transfer,124,two_cross,CFD WM64,Objects,0.35,0.38,50,within_sampled_range,II,147,91.66666666666666,runs/yin_noise_matrix_20260926/results/r21vgg2k_vgg16_bn_aa_s42/faces_cfdWM64/objects/results.csv,II
aa4,VGG2k / AA4,r21vgg2k_vgg16_bn_aa_s42,face_transfer,124,two_cross,CFD WM64,Objects,0.35,0.38,50,within_sampled_range,II,148,83.33333333333334,runs/yin_noise_matrix_20260926/results/r21vgg2k_vgg16_bn_aa_s42/faces_cfdWM64/objects/results.csv,II
aa4,VGG2k / AA4,r21vgg2k_vgg16_bn_aa_s42,face_transfer,124,two_cross,CFD WM64,Objects,0.35,0.38,50,within_sampled_range,II,149,95.83333333333334,runs/yin_noise_matrix_20260926/results/r21vgg2k_vgg16_bn_aa_s42/faces_cfdWM64/objects/results.csv,II
aa4,VGG2k / AA4,r21vgg2k_vgg16_bn_aa_s42,face_transfer,124,two_cross,CFD WM64,Objects,0.35,0.38,50,within_sampled_range,II,150,100.0,runs/yin_noise_matrix_20260926/results/r21vgg2k_vgg16_bn_aa_s42/faces_cfdWM64/objects/results.csv,II
aa4,VGG2k / AA4,r21vgg2k_vgg16_bn_aa_s42,face_transfer,124,two_cross,CFD WM64,Objects,0.35,0.38,50,within_sampled_range,UI,101,95.83333333333334,runs/yin_noise_matrix_20260926/results/r21vgg2k_vgg16_bn_aa_s42/faces_cfdWM64/objects/results.csv,UI_cross
aa4,VGG2k / AA4,r21vgg2k_vgg16_bn_aa_s42,face_transfer,124,two_cross,CFD WM64,Objects,0.35,0.38,50,within_sampled_range,UI,102,83.33333333333334,runs/yin_noise_matrix_20260926/results/r21vgg2k_vgg16_bn_aa_s42/faces_cfdWM64/objects/results.csv,UI_cross
aa4,VGG2k / AA4,r21vgg2k_vgg16_bn_aa_s42,face_transfer,124,two_cross,CFD WM64,Objects,0.35,0.38,50,within_sampled_range,UI,103,87.5,runs/yin_noise_matrix_20260926/results/r21vgg2k_vgg16_bn_aa_s42/faces_cfdWM64/objects/results.csv,UI_cross
aa4,VGG2k / AA4,r21vgg2k_vgg16_bn_aa_s42,face_transfer,124,two_cross,CFD WM64,Objects,0.35,0.38,50,within_sampled_range,UI,104,100.0,runs/yin_noise_matrix_20260926/results/r21vgg2k_vgg16_bn_aa_s42/faces_cfdWM64/objects/results.csv,UI_cross
aa4,VGG2k / AA4,r21vgg2k_vgg16_bn_aa_s42,face_transfer,124,two_cross,CFD WM64,Objects,0.35,0.38,50,within_sampled_range,UI,105,87.5,runs/yin_noise_matrix_20260926/results/r21vgg2k_vgg16_bn_aa_s42/faces_cfdWM64/objects/results.csv,UI_cross
aa4,VGG2k / AA4,r21vgg2k_vgg16_bn_aa_s42,face_transfer,124,two_cross,CFD WM64,Objects,0.35,0.38,50,within_sampled_range,UI,106,91.66666666666666,runs/yin_noise_matrix_20260926/results/r21vgg2k_vgg16_bn_aa_s42/faces_cfdWM64/objects/results.csv,UI_cross
aa4,VGG2k / AA4,r21vgg2k_vgg16_bn_aa_s42,face_transfer,124,two_cross,CFD WM64,Objects,0.35,0.38,50,within_sampled_range,UI,107,87.5,runs/yin_noise_matrix_20260926/results/r21vgg2k_vgg16_bn_aa_s42/faces_cfdWM64/objects/results.csv,UI_cross
aa4,VGG2k / AA4,r21vgg2k_vgg16_bn_aa_s42,face_transfer,124,two_cross,CFD WM64,Objects,0.35,0.38,50,within_sampled_range,UI,108,87.5,runs/yin_noise_matrix_20260926/results/r21vgg2k_vgg16_bn_aa_s42/faces_cfdWM64/objects/results.csv,UI_cross
aa4,VGG2k / AA4,r21vgg2k_vgg16_bn_aa_s42,face_transfer,124,two_cross,CFD WM64,Objects,0.35,0.38,50,within_sampled_range,UI,109,87.5,runs/yin_noise_matrix_20260926/results/r21vgg2k_vgg16_bn_aa_s42/faces_cfdWM64/objects/results.csv,UI_cross
aa4,VGG2k / AA4,r21vgg2k_vgg16_bn_aa_s42,face_transfer,124,two_cross,CFD WM64,Objects,0.35,0.38,50,within_sampled_range,UI,110,95.83333333333334,runs/yin_noise_matrix_20260926/results/r21vgg2k_vgg16_bn_aa_s42/faces_cfdWM64/objects/results.csv,UI_cross
aa4,VGG2k / AA4,r21vgg2k_vgg16_bn_aa_s42,face_transfer,124,two_cross,CFD WM64,Objects,0.35,0.38,50,within_sampled_range,UI,111,91.66666666666666,runs/yin_noise_matrix_20260926/results/r21vgg2k_vgg16_bn_aa_s42/faces_cfdWM64/objects/results.csv,UI_cross
aa4,VGG2k / AA4,r21vgg2k_vgg16_bn_aa_s42,face_transfer,124,two_cross,CFD WM64,Objects,0.35,0.38,50,within_sampled_range,UI,112,91.66666666666666,runs/yin_noise_matrix_20260926/results/r21vgg2k_vgg16_bn_aa_s42/faces_cfdWM64/objects/results.csv,UI_cross
aa4,VGG2k / AA4,r21vgg2k_vgg16_bn_aa_s42,face_transfer,124,two_cross,CFD WM64,Objects,0.35,0.38,50,within_sampled_range,UI,113,79.16666666666666,runs/yin_noise_matrix_20260926/results/r21vgg2k_vgg16_bn_aa_s42/faces_cfdWM64/objects/results.csv,UI_cross
aa4,VGG2k / AA4,r21vgg2k_vgg16_bn_aa_s42,face_transfer,124,two_cross,CFD WM64,Objects,0.35,0.38,50,within_sampled_range,UI,114,95.83333333333334,runs/yin_noise_matrix_20260926/results/r21vgg2k_vgg16_bn_aa_s42/faces_cfdWM64/objects/results.csv,UI_cross
aa4,VGG2k / AA4,r21vgg2k_vgg16_bn_aa_s42,face_transfer,124,two_cross,CFD WM64,Objects,0.35,0.38,50,within_sampled_range,UI,115,91.66666666666666,runs/yin_noise_matrix_20260926/results/r21vgg2k_vgg16_bn_aa_s42/faces_cfdWM64/objects/results.csv,UI_cross
aa4,VGG2k / AA4,r21vgg2k_vgg16_bn_aa_s42,face_transfer,124,two_cross,CFD WM64,Objects,0.35,0.38,50,within_sampled_range,UI,116,91.66666666666666,runs/yin_noise_matrix_20260926/results/r21vgg2k_vgg16_bn_aa_s42/faces_cfdWM64/objects/results.csv,UI_cross
aa4,VGG2k / AA4,r21vgg2k_vgg16_bn_aa_s42,face_transfer,124,two_cross,CFD WM64,Objects,0.35,0.38,50,within_sampled_range,UI,117,95.83333333333334,runs/yin_noise_matrix_20260926/results/r21vgg2k_vgg16_bn_aa_s42/faces_cfdWM64/objects/results.csv,UI_cross
aa4,VGG2k / AA4,r21vgg2k_vgg16_bn_aa_s42,face_transfer,124,two_cross,CFD WM64,Objects,0.35,0.38,50,within_sampled_range,UI,118,91.66666666666666,runs/yin_noise_matrix_20260926/results/r21vgg2k_vgg16_bn_aa_s42/faces_cfdWM64/objects/results.csv,UI_cross
aa4,VGG2k / AA4,r21vgg2k_vgg16_bn_aa_s42,face_transfer,124,two_cross,CFD WM64,Objects,0.35,0.38,50,within_sampled_range,UI,119,100.0,runs/yin_noise_matrix_20260926/results/r21vgg2k_vgg16_bn_aa_s42/faces_cfdWM64/objects/results.csv,UI_cross
aa4,VGG2k / AA4,r21vgg2k_vgg16_bn_aa_s42,face_transfer,124,two_cross,CFD WM64,Objects,0.35,0.38,50,within_sampled_range,UI,120,87.5,runs/yin_noise_matrix_20260926/results/r21vgg2k_vgg16_bn_aa_s42/faces_cfdWM64/objects/results.csv,UI_cross
aa4,VGG2k / AA4,r21vgg2k_vgg16_bn_aa_s42,face_transfer,124,two_cross,CFD WM64,Objects,0.35,0.38,50,within_sampled_range,UI,121,100.0,runs/yin_noise_matrix_20260926/results/r21vgg2k_vgg16_bn_aa_s42/faces_cfdWM64/objects/results.csv,UI_cross
aa4,VGG2k / AA4,r21vgg2k_vgg16_bn_aa_s42,face_transfer,124,two_cross,CFD WM64,Objects,0.35,0.38,50,within_sampled_range,UI,122,95.83333333333334,runs/yin_noise_matrix_20260926/results/r21vgg2k_vgg16_bn_aa_s42/faces_cfdWM64/objects/results.csv,UI_cross
aa4,VGG2k / AA4,r21vgg2k_vgg16_bn_aa_s42,face_transfer,124,two_cross,CFD WM64,Objects,0.35,0.38,50,within_sampled_range,UI,123,91.66666666666666,runs/yin_noise_matrix_20260926/results/r21vgg2k_vgg16_bn_aa_s42/faces_cfdWM64/objects/results.csv,UI_cross
aa4,VGG2k / AA4,r21vgg2k_vgg16_bn_aa_s42,face_transfer,124,two_cross,CFD WM64,Objects,0.35,0.38,50,within_sampled_range,UI,124,83.33333333333334,runs/yin_noise_matrix_20260926/results/r21vgg2k_vgg16_bn_aa_s42/faces_cfdWM64/objects/results.csv,UI_cross
aa4,VGG2k / AA4,r21vgg2k_vgg16_bn_aa_s42,face_transfer,124,two_cross,CFD WM64,Objects,0.35,0.38,50,within_sampled_range,UI,125,95.83333333333334,runs/yin_noise_matrix_20260926/results/r21vgg2k_vgg16_bn_aa_s42/faces_cfdWM64/objects/results.csv,UI_cross
aa4,VGG2k / AA4,r21vgg2k_vgg16_bn_aa_s42,face_transfer,124,two_cross,CFD WM64,Objects,0.35,0.38,50,within_sampled_range,UI,126,87.5,runs/yin_noise_matrix_20260926/results/r21vgg2k_vgg16_bn_aa_s42/faces_cfdWM64/objects/results.csv,UI_cross
aa4,VGG2k / AA4,r21vgg2k_vgg16_bn_aa_s42,face_transfer,124,two_cross,CFD WM64,Objects,0.35,0.38,50,within_sampled_range,UI,127,79.16666666666666,runs/yin_noise_matrix_20260926/results/r21vgg2k_vgg16_bn_aa_s42/faces_cfdWM64/objects/results.csv,UI_cross
aa4,VGG2k / AA4,r21vgg2k_vgg16_bn_aa_s42,face_transfer,124,two_cross,CFD WM64,Objects,0.35,0.38,50,within_sampled_range,UI,128,91.66666666666666,runs/yin_noise_matrix_20260926/results/r21vgg2k_vgg16_bn_aa_s42/faces_cfdWM64/objects/results.csv,UI_cross
aa4,VGG2k / AA4,r21vgg2k_vgg16_bn_aa_s42,face_transfer,124,two_cross,CFD WM64,Objects,0.35,0.38,50,within_sampled_range,UI,129,91.66666666666666,runs/yin_noise_matrix_20260926/results/r21vgg2k_vgg16_bn_aa_s42/faces_cfdWM64/objects/results.csv,UI_cross
aa4,VGG2k / AA4,r21vgg2k_vgg16_bn_aa_s42,face_transfer,124,two_cross,CFD WM64,Objects,0.35,0.38,50,within_sampled_range,UI,130,91.66666666666666,runs/yin_noise_matrix_20260926/results/r21vgg2k_vgg16_bn_aa_s42/faces_cfdWM64/objects/results.csv,UI_cross
aa4,VGG2k / AA4,r21vgg2k_vgg16_bn_aa_s42,face_transfer,124,two_cross,CFD WM64,Objects,0.35,0.38,50,within_sampled_range,UI,131,95.83333333333334,runs/yin_noise_matrix_20260926/results/r21vgg2k_vgg16_bn_aa_s42/faces_cfdWM64/objects/results.csv,UI_cross
aa4,VGG2k / AA4,r21vgg2k_vgg16_bn_aa_s42,face_transfer,124,two_cross,CFD WM64,Objects,0.35,0.38,50,within_sampled_range,UI,132,87.5,runs/yin_noise_matrix_20260926/results/r21vgg2k_vgg16_bn_aa_s42/faces_cfdWM64/objects/results.csv,UI_cross
aa4,VGG2k / AA4,r21vgg2k_vgg16_bn_aa_s42,face_transfer,124,two_cross,CFD WM64,Objects,0.35,0.38,50,within_sampled_range,UI,133,91.66666666666666,runs/yin_noise_matrix_20260926/results/r21vgg2k_vgg16_bn_aa_s42/faces_cfdWM64/objects/results.csv,UI_cross
aa4,VGG2k / AA4,r21vgg2k_vgg16_bn_aa_s42,face_transfer,124,two_cross,CFD WM64,Objects,0.35,0.38,50,within_sampled_range,UI,134,91.66666666666666,runs/yin_noise_matrix_20260926/results/r21vgg2k_vgg16_bn_aa_s42/faces_cfdWM64/objects/results.csv,UI_cross
aa4,VGG2k / AA4,r21vgg2k_vgg16_bn_aa_s42,face_transfer,124,two_cross,CFD WM64,Objects,0.35,0.38,50,within_sampled_range,UI,135,87.5,runs/yin_noise_matrix_20260926/results/r21vgg2k_vgg16_bn_aa_s42/faces_cfdWM64/objects/results.csv,UI_cross
aa4,VGG2k / AA4,r21vgg2k_vgg16_bn_aa_s42,face_transfer,124,two_cross,CFD WM64,Objects,0.35,0.38,50,within_sampled_range,UI,136,87.5,runs/yin_noise_matrix_20260926/results/r21vgg2k_vgg16_bn_aa_s42/faces_cfdWM64/objects/results.csv,UI_cross
aa4,VGG2k / AA4,r21vgg2k_vgg16_bn_aa_s42,face_transfer,124,two_cross,CFD WM64,Objects,0.35,0.38,50,within_sampled_range,UI,137,91.66666666666666,runs/yin_noise_matrix_20260926/results/r21vgg2k_vgg16_bn_aa_s42/faces_cfdWM64/objects/results.csv,UI_cross
aa4,VGG2k / AA4,r21vgg2k_vgg16_bn_aa_s42,face_transfer,124,two_cross,CFD WM64,Objects,0.35,0.38,50,within_sampled_range,UI,138,87.5,runs/yin_noise_matrix_20260926/results/r21vgg2k_vgg16_bn_aa_s42/faces_cfdWM64/objects/results.csv,UI_cross
aa4,VGG2k / AA4,r21vgg2k_vgg16_bn_aa_s42,face_transfer,124,two_cross,CFD WM64,Objects,0.35,0.38,50,within_sampled_range,UI,139,83.33333333333334,runs/yin_noise_matrix_20260926/results/r21vgg2k_vgg16_bn_aa_s42/faces_cfdWM64/objects/results.csv,UI_cross
aa4,VGG2k / AA4,r21vgg2k_vgg16_bn_aa_s42,face_transfer,124,two_cross,CFD WM64,Objects,0.35,0.38,50,within_sampled_range,UI,140,91.66666666666666,runs/yin_noise_matrix_20260926/results/r21vgg2k_vgg16_bn_aa_s42/faces_cfdWM64/objects/results.csv,UI_cross
aa4,VGG2k / AA4,r21vgg2k_vgg16_bn_aa_s42,face_transfer,124,two_cross,CFD WM64,Objects,0.35,0.38,50,within_sampled_range,UI,141,91.66666666666666,runs/yin_noise_matrix_20260926/results/r21vgg2k_vgg16_bn_aa_s42/faces_cfdWM64/objects/results.csv,UI_cross
aa4,VGG2k / AA4,r21vgg2k_vgg16_bn_aa_s42,face_transfer,124,two_cross,CFD WM64,Objects,0.35,0.38,50,within_sampled_range,UI,142,91.66666666666666,runs/yin_noise_matrix_20260926/results/r21vgg2k_vgg16_bn_aa_s42/faces_cfdWM64/objects/results.csv,UI_cross
aa4,VGG2k / AA4,r21vgg2k_vgg16_bn_aa_s42,face_transfer,124,two_cross,CFD WM64,Objects,0.35,0.38,50,within_sampled_range,UI,143,95.83333333333334,runs/yin_noise_matrix_20260926/results/r21vgg2k_vgg16_bn_aa_s42/faces_cfdWM64/objects/results.csv,UI_cross
aa4,VGG2k / AA4,r21vgg2k_vgg16_bn_aa_s42,face_transfer,124,two_cross,CFD WM64,Objects,0.35,0.38,50,within_sampled_range,UI,144,95.83333333333334,runs/yin_noise_matrix_20260926/results/r21vgg2k_vgg16_bn_aa_s42/faces_cfdWM64/objects/results.csv,UI_cross
aa4,VGG2k / AA4,r21vgg2k_vgg16_bn_aa_s42,face_transfer,124,two_cross,CFD WM64,Objects,0.35,0.38,50,within_sampled_range,UI,145,91.66666666666666,runs/yin_noise_matrix_20260926/results/r21vgg2k_vgg16_bn_aa_s42/faces_cfdWM64/objects/results.csv,UI_cross
aa4,VGG2k / AA4,r21vgg2k_vgg16_bn_aa_s42,face_transfer,124,two_cross,CFD WM64,Objects,0.35,0.38,50,within_sampled_range,UI,146,83.33333333333334,runs/yin_noise_matrix_20260926/results/r21vgg2k_vgg16_bn_aa_s42/faces_cfdWM64/objects/results.csv,UI_cross
aa4,VGG2k / AA4,r21vgg2k_vgg16_bn_aa_s42,face_transfer,124,two_cross,CFD WM64,Objects,0.35,0.38,50,within_sampled_range,UI,147,95.83333333333334,runs/yin_noise_matrix_20260926/results/r21vgg2k_vgg16_bn_aa_s42/faces_cfdWM64/objects/results.csv,UI_cross
aa4,VGG2k / AA4,r21vgg2k_vgg16_bn_aa_s42,face_transfer,124,two_cross,CFD WM64,Objects,0.35,0.38,50,within_sampled_range,UI,148,83.33333333333334,runs/yin_noise_matrix_20260926/results/r21vgg2k_vgg16_bn_aa_s42/faces_cfdWM64/objects/results.csv,UI_cross
aa4,VGG2k / AA4,r21vgg2k_vgg16_bn_aa_s42,face_transfer,124,two_cross,CFD WM64,Objects,0.35,0.38,50,within_sampled_range,UI,149,83.33333333333334,runs/yin_noise_matrix_20260926/results/r21vgg2k_vgg16_bn_aa_s42/faces_cfdWM64/objects/results.csv,UI_cross
aa4,VGG2k / AA4,r21vgg2k_vgg16_bn_aa_s42,face_transfer,124,two_cross,CFD WM64,Objects,0.35,0.38,50,within_sampled_range,UI,150,87.5,runs/yin_noise_matrix_20260926/results/r21vgg2k_vgg16_bn_aa_s42/faces_cfdWM64/objects/results.csv,UI_cross
aa4,VGG2k / AA4,r21vgg2k_vgg16_bn_aa_s42,face_transfer,124,two_cross,CFD WM64,Objects,0.35,0.38,50,within_sampled_range,IU,101,91.66666666666666,runs/yin_noise_matrix_20260926/results/r21vgg2k_vgg16_bn_aa_s42/faces_cfdWM64/objects/results.csv,IU
aa4,VGG2k / AA4,r21vgg2k_vgg16_bn_aa_s42,face_transfer,124,two_cross,CFD WM64,Objects,0.35,0.38,50,within_sampled_range,IU,102,87.5,runs/yin_noise_matrix_20260926/results/r21vgg2k_vgg16_bn_aa_s42/faces_cfdWM64/objects/results.csv,IU
aa4,VGG2k / AA4,r21vgg2k_vgg16_bn_aa_s42,face_transfer,124,two_cross,CFD WM64,Objects,0.35,0.38,50,within_sampled_range,IU,103,95.83333333333334,runs/yin_noise_matrix_20260926/results/r21vgg2k_vgg16_bn_aa_s42/faces_cfdWM64/objects/results.csv,IU
aa4,VGG2k / AA4,r21vgg2k_vgg16_bn_aa_s42,face_transfer,124,two_cross,CFD WM64,Objects,0.35,0.38,50,within_sampled_range,IU,104,91.66666666666666,runs/yin_noise_matrix_20260926/results/r21vgg2k_vgg16_bn_aa_s42/faces_cfdWM64/objects/results.csv,IU
aa4,VGG2k / AA4,r21vgg2k_vgg16_bn_aa_s42,face_transfer,124,two_cross,CFD WM64,Objects,0.35,0.38,50,within_sampled_range,IU,105,75.0,runs/yin_noise_matrix_20260926/results/r21vgg2k_vgg16_bn_aa_s42/faces_cfdWM64/objects/results.csv,IU
aa4,VGG2k / AA4,r21vgg2k_vgg16_bn_aa_s42,face_transfer,124,two_cross,CFD WM64,Objects,0.35,0.38,50,within_sampled_range,IU,106,91.66666666666666,runs/yin_noise_matrix_20260926/results/r21vgg2k_vgg16_bn_aa_s42/faces_cfdWM64/objects/results.csv,IU
aa4,VGG2k / AA4,r21vgg2k_vgg16_bn_aa_s42,face_transfer,124,two_cross,CFD WM64,Objects,0.35,0.38,50,within_sampled_range,IU,107,91.66666666666666,runs/yin_noise_matrix_20260926/results/r21vgg2k_vgg16_bn_aa_s42/faces_cfdWM64/objects/results.csv,IU
aa4,VGG2k / AA4,r21vgg2k_vgg16_bn_aa_s42,face_transfer,124,two_cross,CFD WM64,Objects,0.35,0.38,50,within_sampled_range,IU,108,95.83333333333334,runs/yin_noise_matrix_20260926/results/r21vgg2k_vgg16_bn_aa_s42/faces_cfdWM64/objects/results.csv,IU
aa4,VGG2k / AA4,r21vgg2k_vgg16_bn_aa_s42,face_transfer,124,two_cross,CFD WM64,Objects,0.35,0.38,50,within_sampled_range,IU,109,91.66666666666666,runs/yin_noise_matrix_20260926/results/r21vgg2k_vgg16_bn_aa_s42/faces_cfdWM64/objects/results.csv,IU
aa4,VGG2k / AA4,r21vgg2k_vgg16_bn_aa_s42,face_transfer,124,two_cross,CFD WM64,Objects,0.35,0.38,50,within_sampled_range,IU,110,95.83333333333334,runs/yin_noise_matrix_20260926/results/r21vgg2k_vgg16_bn_aa_s42/faces_cfdWM64/objects/results.csv,IU
aa4,VGG2k / AA4,r21vgg2k_vgg16_bn_aa_s42,face_transfer,124,two_cross,CFD WM64,Objects,0.35,0.38,50,within_sampled_range,IU,111,95.83333333333334,runs/yin_noise_matrix_20260926/results/r21vgg2k_vgg16_bn_aa_s42/faces_cfdWM64/objects/results.csv,IU
aa4,VGG2k / AA4,r21vgg2k_vgg16_bn_aa_s42,face_transfer,124,two_cross,CFD WM64,Objects,0.35,0.38,50,within_sampled_range,IU,112,95.83333333333334,runs/yin_noise_matrix_20260926/results/r21vgg2k_vgg16_bn_aa_s42/faces_cfdWM64/objects/results.csv,IU
aa4,VGG2k / AA4,r21vgg2k_vgg16_bn_aa_s42,face_transfer,124,two_cross,CFD WM64,Objects,0.35,0.38,50,within_sampled_range,IU,113,83.33333333333334,runs/yin_noise_matrix_20260926/results/r21vgg2k_vgg16_bn_aa_s42/faces_cfdWM64/objects/results.csv,IU
aa4,VGG2k / AA4,r21vgg2k_vgg16_bn_aa_s42,face_transfer,124,two_cross,CFD WM64,Objects,0.35,0.38,50,within_sampled_range,IU,114,91.66666666666666,runs/yin_noise_matrix_20260926/results/r21vgg2k_vgg16_bn_aa_s42/faces_cfdWM64/objects/results.csv,IU
aa4,VGG2k / AA4,r21vgg2k_vgg16_bn_aa_s42,face_transfer,124,two_cross,CFD WM64,Objects,0.35,0.38,50,within_sampled_range,IU,115,95.83333333333334,runs/yin_noise_matrix_20260926/results/r21vgg2k_vgg16_bn_aa_s42/faces_cfdWM64/objects/results.csv,IU
aa4,VGG2k / AA4,r21vgg2k_vgg16_bn_aa_s42,face_transfer,124,two_cross,CFD WM64,Objects,0.35,0.38,50,within_sampled_range,IU,116,91.66666666666666,runs/yin_noise_matrix_20260926/results/r21vgg2k_vgg16_bn_aa_s42/faces_cfdWM64/objects/results.csv,IU
aa4,VGG2k / AA4,r21vgg2k_vgg16_bn_aa_s42,face_transfer,124,two_cross,CFD WM64,Objects,0.35,0.38,50,within_sampled_range,IU,117,100.0,runs/yin_noise_matrix_20260926/results/r21vgg2k_vgg16_bn_aa_s42/faces_cfdWM64/objects/results.csv,IU
aa4,VGG2k / AA4,r21vgg2k_vgg16_bn_aa_s42,face_transfer,124,two_cross,CFD WM64,Objects,0.35,0.38,50,within_sampled_range,IU,118,95.83333333333334,runs/yin_noise_matrix_20260926/results/r21vgg2k_vgg16_bn_aa_s42/faces_cfdWM64/objects/results.csv,IU
aa4,VGG2k / AA4,r21vgg2k_vgg16_bn_aa_s42,face_transfer,124,two_cross,CFD WM64,Objects,0.35,0.38,50,within_sampled_range,IU,119,95.83333333333334,runs/yin_noise_matrix_20260926/results/r21vgg2k_vgg16_bn_aa_s42/faces_cfdWM64/objects/results.csv,IU
aa4,VGG2k / AA4,r21vgg2k_vgg16_bn_aa_s42,face_transfer,124,two_cross,CFD WM64,Objects,0.35,0.38,50,within_sampled_range,IU,120,79.16666666666666,runs/yin_noise_matrix_20260926/results/r21vgg2k_vgg16_bn_aa_s42/faces_cfdWM64/objects/results.csv,IU
aa4,VGG2k / AA4,r21vgg2k_vgg16_bn_aa_s42,face_transfer,124,two_cross,CFD WM64,Objects,0.35,0.38,50,within_sampled_range,IU,121,91.66666666666666,runs/yin_noise_matrix_20260926/results/r21vgg2k_vgg16_bn_aa_s42/faces_cfdWM64/objects/results.csv,IU
aa4,VGG2k / AA4,r21vgg2k_vgg16_bn_aa_s42,face_transfer,124,two_cross,CFD WM64,Objects,0.35,0.38,50,within_sampled_range,IU,122,91.66666666666666,runs/yin_noise_matrix_20260926/results/r21vgg2k_vgg16_bn_aa_s42/faces_cfdWM64/objects/results.csv,IU
aa4,VGG2k / AA4,r21vgg2k_vgg16_bn_aa_s42,face_transfer,124,two_cross,CFD WM64,Objects,0.35,0.38,50,within_sampled_range,IU,123,91.66666666666666,runs/yin_noise_matrix_20260926/results/r21vgg2k_vgg16_bn_aa_s42/faces_cfdWM64/objects/results.csv,IU
aa4,VGG2k / AA4,r21vgg2k_vgg16_bn_aa_s42,face_transfer,124,two_cross,CFD WM64,Objects,0.35,0.38,50,within_sampled_range,IU,124,83.33333333333334,runs/yin_noise_matrix_20260926/results/r21vgg2k_vgg16_bn_aa_s42/faces_cfdWM64/objects/results.csv,IU
aa4,VGG2k / AA4,r21vgg2k_vgg16_bn_aa_s42,face_transfer,124,two_cross,CFD WM64,Objects,0.35,0.38,50,within_sampled_range,IU,125,87.5,runs/yin_noise_matrix_20260926/results/r21vgg2k_vgg16_bn_aa_s42/faces_cfdWM64/objects/results.csv,IU
aa4,VGG2k / AA4,r21vgg2k_vgg16_bn_aa_s42,face_transfer,124,two_cross,CFD WM64,Objects,0.35,0.38,50,within_sampled_range,IU,126,100.0,runs/yin_noise_matrix_20260926/results/r21vgg2k_vgg16_bn_aa_s42/faces_cfdWM64/objects/results.csv,IU
aa4,VGG2k / AA4,r21vgg2k_vgg16_bn_aa_s42,face_transfer,124,two_cross,CFD WM64,Objects,0.35,0.38,50,within_sampled_range,IU,127,83.33333333333334,runs/yin_noise_matrix_20260926/results/r21vgg2k_vgg16_bn_aa_s42/faces_cfdWM64/objects/results.csv,IU
aa4,VGG2k / AA4,r21vgg2k_vgg16_bn_aa_s42,face_transfer,124,two_cross,CFD WM64,Objects,0.35,0.38,50,within_sampled_range,IU,128,91.66666666666666,runs/yin_noise_matrix_20260926/results/r21vgg2k_vgg16_bn_aa_s42/faces_cfdWM64/objects/results.csv,IU
aa4,VGG2k / AA4,r21vgg2k_vgg16_bn_aa_s42,face_transfer,124,two_cross,CFD WM64,Objects,0.35,0.38,50,within_sampled_range,IU,129,95.83333333333334,runs/yin_noise_matrix_20260926/results/r21vgg2k_vgg16_bn_aa_s42/faces_cfdWM64/objects/results.csv,IU
aa4,VGG2k / AA4,r21vgg2k_vgg16_bn_aa_s42,face_transfer,124,two_cross,CFD WM64,Objects,0.35,0.38,50,within_sampled_range,IU,130,91.66666666666666,runs/yin_noise_matrix_20260926/results/r21vgg2k_vgg16_bn_aa_s42/faces_cfdWM64/objects/results.csv,IU
aa4,VGG2k / AA4,r21vgg2k_vgg16_bn_aa_s42,face_transfer,124,two_cross,CFD WM64,Objects,0.35,0.38,50,within_sampled_range,IU,131,95.83333333333334,runs/yin_noise_matrix_20260926/results/r21vgg2k_vgg16_bn_aa_s42/faces_cfdWM64/objects/results.csv,IU
aa4,VGG2k / AA4,r21vgg2k_vgg16_bn_aa_s42,face_transfer,124,two_cross,CFD WM64,Objects,0.35,0.38,50,within_sampled_range,IU,132,95.83333333333334,runs/yin_noise_matrix_20260926/results/r21vgg2k_vgg16_bn_aa_s42/faces_cfdWM64/objects/results.csv,IU
aa4,VGG2k / AA4,r21vgg2k_vgg16_bn_aa_s42,face_transfer,124,two_cross,CFD WM64,Objects,0.35,0.38,50,within_sampled_range,IU,133,87.5,runs/yin_noise_matrix_20260926/results/r21vgg2k_vgg16_bn_aa_s42/faces_cfdWM64/objects/results.csv,IU
aa4,VGG2k / AA4,r21vgg2k_vgg16_bn_aa_s42,face_transfer,124,two_cross,CFD WM64,Objects,0.35,0.38,50,within_sampled_range,IU,134,91.66666666666666,runs/yin_noise_matrix_20260926/results/r21vgg2k_vgg16_bn_aa_s42/faces_cfdWM64/objects/results.csv,IU
aa4,VGG2k / AA4,r21vgg2k_vgg16_bn_aa_s42,face_transfer,124,two_cross,CFD WM64,Objects,0.35,0.38,50,within_sampled_range,IU,135,83.33333333333334,runs/yin_noise_matrix_20260926/results/r21vgg2k_vgg16_bn_aa_s42/faces_cfdWM64/objects/results.csv,IU
aa4,VGG2k / AA4,r21vgg2k_vgg16_bn_aa_s42,face_transfer,124,two_cross,CFD WM64,Objects,0.35,0.38,50,within_sampled_range,IU,136,87.5,runs/yin_noise_matrix_20260926/results/r21vgg2k_vgg16_bn_aa_s42/faces_cfdWM64/objects/results.csv,IU
aa4,VGG2k / AA4,r21vgg2k_vgg16_bn_aa_s42,face_transfer,124,two_cross,CFD WM64,Objects,0.35,0.38,50,within_sampled_range,IU,137,83.33333333333334,runs/yin_noise_matrix_20260926/results/r21vgg2k_vgg16_bn_aa_s42/faces_cfdWM64/objects/results.csv,IU
aa4,VGG2k / AA4,r21vgg2k_vgg16_bn_aa_s42,face_transfer,124,two_cross,CFD WM64,Objects,0.35,0.38,50,within_sampled_range,IU,138,87.5,runs/yin_noise_matrix_20260926/results/r21vgg2k_vgg16_bn_aa_s42/faces_cfdWM64/objects/results.csv,IU
aa4,VGG2k / AA4,r21vgg2k_vgg16_bn_aa_s42,face_transfer,124,two_cross,CFD WM64,Objects,0.35,0.38,50,within_sampled_range,IU,139,91.66666666666666,runs/yin_noise_matrix_20260926/results/r21vgg2k_vgg16_bn_aa_s42/faces_cfdWM64/objects/results.csv,IU
aa4,VGG2k / AA4,r21vgg2k_vgg16_bn_aa_s42,face_transfer,124,two_cross,CFD WM64,Objects,0.35,0.38,50,within_sampled_range,IU,140,87.5,runs/yin_noise_matrix_20260926/results/r21vgg2k_vgg16_bn_aa_s42/faces_cfdWM64/objects/results.csv,IU
aa4,VGG2k / AA4,r21vgg2k_vgg16_bn_aa_s42,face_transfer,124,two_cross,CFD WM64,Objects,0.35,0.38,50,within_sampled_range,IU,141,83.33333333333334,runs/yin_noise_matrix_20260926/results/r21vgg2k_vgg16_bn_aa_s42/faces_cfdWM64/objects/results.csv,IU
aa4,VGG2k / AA4,r21vgg2k_vgg16_bn_aa_s42,face_transfer,124,two_cross,CFD WM64,Objects,0.35,0.38,50,within_sampled_range,IU,142,95.83333333333334,runs/yin_noise_matrix_20260926/results/r21vgg2k_vgg16_bn_aa_s42/faces_cfdWM64/objects/results.csv,IU
aa4,VGG2k / AA4,r21vgg2k_vgg16_bn_aa_s42,face_transfer,124,two_cross,CFD WM64,Objects,0.35,0.38,50,within_sampled_range,IU,143,79.16666666666666,runs/yin_noise_matrix_20260926/results/r21vgg2k_vgg16_bn_aa_s42/faces_cfdWM64/objects/results.csv,IU
aa4,VGG2k / AA4,r21vgg2k_vgg16_bn_aa_s42,face_transfer,124,two_cross,CFD WM64,Objects,0.35,0.38,50,within_sampled_range,IU,144,91.66666666666666,runs/yin_noise_matrix_20260926/results/r21vgg2k_vgg16_bn_aa_s42/faces_cfdWM64/objects/results.csv,IU
aa4,VGG2k / AA4,r21vgg2k_vgg16_bn_aa_s42,face_transfer,124,two_cross,CFD WM64,Objects,0.35,0.38,50,within_sampled_range,IU,145,91.66666666666666,runs/yin_noise_matrix_20260926/results/r21vgg2k_vgg16_bn_aa_s42/faces_cfdWM64/objects/results.csv,IU
aa4,VGG2k / AA4,r21vgg2k_vgg16_bn_aa_s42,face_transfer,124,two_cross,CFD WM64,Objects,0.35,0.38,50,within_sampled_range,IU,146,91.66666666666666,runs/yin_noise_matrix_20260926/results/r21vgg2k_vgg16_bn_aa_s42/faces_cfdWM64/objects/results.csv,IU
aa4,VGG2k / AA4,r21vgg2k_vgg16_bn_aa_s42,face_transfer,124,two_cross,CFD WM64,Objects,0.35,0.38,50,within_sampled_range,IU,147,91.66666666666666,runs/yin_noise_matrix_20260926/results/r21vgg2k_vgg16_bn_aa_s42/faces_cfdWM64/objects/results.csv,IU
aa4,VGG2k / AA4,r21vgg2k_vgg16_bn_aa_s42,face_transfer,124,two_cross,CFD WM64,Objects,0.35,0.38,50,within_sampled_range,IU,148,83.33333333333334,runs/yin_noise_matrix_20260926/results/r21vgg2k_vgg16_bn_aa_s42/faces_cfdWM64/objects/results.csv,IU
aa4,VGG2k / AA4,r21vgg2k_vgg16_bn_aa_s42,face_transfer,124,two_cross,CFD WM64,Objects,0.35,0.38,50,within_sampled_range,IU,149,87.5,runs/yin_noise_matrix_20260926/results/r21vgg2k_vgg16_bn_aa_s42/faces_cfdWM64/objects/results.csv,IU
aa4,VGG2k / AA4,r21vgg2k_vgg16_bn_aa_s42,face_transfer,124,two_cross,CFD WM64,Objects,0.35,0.38,50,within_sampled_range,IU,150,87.5,runs/yin_noise_matrix_20260926/results/r21vgg2k_vgg16_bn_aa_s42/faces_cfdWM64/objects/results.csv,IU
aa4,VGG2k / AA4,r21vgg2k_vgg16_bn_aa_s42,face_transfer,124,two_shared_ui,CFD WM64,Objects,0.35,0.38,50,within_sampled_range,UU,101,91.66666666666666,runs/yin_noise_matrix_20260926/results/r21vgg2k_vgg16_bn_aa_s42/faces_cfdWM64/objects/results.csv,UU
aa4,VGG2k / AA4,r21vgg2k_vgg16_bn_aa_s42,face_transfer,124,two_shared_ui,CFD WM64,Objects,0.35,0.38,50,within_sampled_range,UU,102,95.83333333333334,runs/yin_noise_matrix_20260926/results/r21vgg2k_vgg16_bn_aa_s42/faces_cfdWM64/objects/results.csv,UU
aa4,VGG2k / AA4,r21vgg2k_vgg16_bn_aa_s42,face_transfer,124,two_shared_ui,CFD WM64,Objects,0.35,0.38,50,within_sampled_range,UU,103,87.5,runs/yin_noise_matrix_20260926/results/r21vgg2k_vgg16_bn_aa_s42/faces_cfdWM64/objects/results.csv,UU
aa4,VGG2k / AA4,r21vgg2k_vgg16_bn_aa_s42,face_transfer,124,two_shared_ui,CFD WM64,Objects,0.35,0.38,50,within_sampled_range,UU,104,100.0,runs/yin_noise_matrix_20260926/results/r21vgg2k_vgg16_bn_aa_s42/faces_cfdWM64/objects/results.csv,UU
aa4,VGG2k / AA4,r21vgg2k_vgg16_bn_aa_s42,face_transfer,124,two_shared_ui,CFD WM64,Objects,0.35,0.38,50,within_sampled_range,UU,105,91.66666666666666,runs/yin_noise_matrix_20260926/results/r21vgg2k_vgg16_bn_aa_s42/faces_cfdWM64/objects/results.csv,UU
aa4,VGG2k / AA4,r21vgg2k_vgg16_bn_aa_s42,face_transfer,124,two_shared_ui,CFD WM64,Objects,0.35,0.38,50,within_sampled_range,UU,106,91.66666666666666,runs/yin_noise_matrix_20260926/results/r21vgg2k_vgg16_bn_aa_s42/faces_cfdWM64/objects/results.csv,UU
aa4,VGG2k / AA4,r21vgg2k_vgg16_bn_aa_s42,face_transfer,124,two_shared_ui,CFD WM64,Objects,0.35,0.38,50,within_sampled_range,UU,107,91.66666666666666,runs/yin_noise_matrix_20260926/results/r21vgg2k_vgg16_bn_aa_s42/faces_cfdWM64/objects/results.csv,UU
aa4,VGG2k / AA4,r21vgg2k_vgg16_bn_aa_s42,face_transfer,124,two_shared_ui,CFD WM64,Objects,0.35,0.38,50,within_sampled_range,UU,108,95.83333333333334,runs/yin_noise_matrix_20260926/results/r21vgg2k_vgg16_bn_aa_s42/faces_cfdWM64/objects/results.csv,UU
aa4,VGG2k / AA4,r21vgg2k_vgg16_bn_aa_s42,face_transfer,124,two_shared_ui,CFD WM64,Objects,0.35,0.38,50,within_sampled_range,UU,109,100.0,runs/yin_noise_matrix_20260926/results/r21vgg2k_vgg16_bn_aa_s42/faces_cfdWM64/objects/results.csv,UU
aa4,VGG2k / AA4,r21vgg2k_vgg16_bn_aa_s42,face_transfer,124,two_shared_ui,CFD WM64,Objects,0.35,0.38,50,within_sampled_range,UU,110,95.83333333333334,runs/yin_noise_matrix_20260926/results/r21vgg2k_vgg16_bn_aa_s42/faces_cfdWM64/objects/results.csv,UU
aa4,VGG2k / AA4,r21vgg2k_vgg16_bn_aa_s42,face_transfer,124,two_shared_ui,CFD WM64,Objects,0.35,0.38,50,within_sampled_range,UU,111,95.83333333333334,runs/yin_noise_matrix_20260926/results/r21vgg2k_vgg16_bn_aa_s42/faces_cfdWM64/objects/results.csv,UU
aa4,VGG2k / AA4,r21vgg2k_vgg16_bn_aa_s42,face_transfer,124,two_shared_ui,CFD WM64,Objects,0.35,0.38,50,within_sampled_range,UU,112,95.83333333333334,runs/yin_noise_matrix_20260926/results/r21vgg2k_vgg16_bn_aa_s42/faces_cfdWM64/objects/results.csv,UU
aa4,VGG2k / AA4,r21vgg2k_vgg16_bn_aa_s42,face_transfer,124,two_shared_ui,CFD WM64,Objects,0.35,0.38,50,within_sampled_range,UU,113,100.0,runs/yin_noise_matrix_20260926/results/r21vgg2k_vgg16_bn_aa_s42/faces_cfdWM64/objects/results.csv,UU
aa4,VGG2k / AA4,r21vgg2k_vgg16_bn_aa_s42,face_transfer,124,two_shared_ui,CFD WM64,Objects,0.35,0.38,50,within_sampled_range,UU,114,87.5,runs/yin_noise_matrix_20260926/results/r21vgg2k_vgg16_bn_aa_s42/faces_cfdWM64/objects/results.csv,UU
aa4,VGG2k / AA4,r21vgg2k_vgg16_bn_aa_s42,face_transfer,124,two_shared_ui,CFD WM64,Objects,0.35,0.38,50,within_sampled_range,UU,115,87.5,runs/yin_noise_matrix_20260926/results/r21vgg2k_vgg16_bn_aa_s42/faces_cfdWM64/objects/results.csv,UU
aa4,VGG2k / AA4,r21vgg2k_vgg16_bn_aa_s42,face_transfer,124,two_shared_ui,CFD WM64,Objects,0.35,0.38,50,within_sampled_range,UU,116,95.83333333333334,runs/yin_noise_matrix_20260926/results/r21vgg2k_vgg16_bn_aa_s42/faces_cfdWM64/objects/results.csv,UU
aa4,VGG2k / AA4,r21vgg2k_vgg16_bn_aa_s42,face_transfer,124,two_shared_ui,CFD WM64,Objects,0.35,0.38,50,within_sampled_range,UU,117,100.0,runs/yin_noise_matrix_20260926/results/r21vgg2k_vgg16_bn_aa_s42/faces_cfdWM64/objects/results.csv,UU
aa4,VGG2k / AA4,r21vgg2k_vgg16_bn_aa_s42,face_transfer,124,two_shared_ui,CFD WM64,Objects,0.35,0.38,50,within_sampled_range,UU,118,100.0,runs/yin_noise_matrix_20260926/results/r21vgg2k_vgg16_bn_aa_s42/faces_cfdWM64/objects/results.csv,UU
aa4,VGG2k / AA4,r21vgg2k_vgg16_bn_aa_s42,face_transfer,124,two_shared_ui,CFD WM64,Objects,0.35,0.38,50,within_sampled_range,UU,119,100.0,runs/yin_noise_matrix_20260926/results/r21vgg2k_vgg16_bn_aa_s42/faces_cfdWM64/objects/results.csv,UU
aa4,VGG2k / AA4,r21vgg2k_vgg16_bn_aa_s42,face_transfer,124,two_shared_ui,CFD WM64,Objects,0.35,0.38,50,within_sampled_range,UU,120,95.83333333333334,runs/yin_noise_matrix_20260926/results/r21vgg2k_vgg16_bn_aa_s42/faces_cfdWM64/objects/results.csv,UU
aa4,VGG2k / AA4,r21vgg2k_vgg16_bn_aa_s42,face_transfer,124,two_shared_ui,CFD WM64,Objects,0.35,0.38,50,within_sampled_range,UU,121,100.0,runs/yin_noise_matrix_20260926/results/r21vgg2k_vgg16_bn_aa_s42/faces_cfdWM64/objects/results.csv,UU
aa4,VGG2k / AA4,r21vgg2k_vgg16_bn_aa_s42,face_transfer,124,two_shared_ui,CFD WM64,Objects,0.35,0.38,50,within_sampled_range,UU,122,95.83333333333334,runs/yin_noise_matrix_20260926/results/r21vgg2k_vgg16_bn_aa_s42/faces_cfdWM64/objects/results.csv,UU
aa4,VGG2k / AA4,r21vgg2k_vgg16_bn_aa_s42,face_transfer,124,two_shared_ui,CFD WM64,Objects,0.35,0.38,50,within_sampled_range,UU,123,95.83333333333334,runs/yin_noise_matrix_20260926/results/r21vgg2k_vgg16_bn_aa_s42/faces_cfdWM64/objects/results.csv,UU
aa4,VGG2k / AA4,r21vgg2k_vgg16_bn_aa_s42,face_transfer,124,two_shared_ui,CFD WM64,Objects,0.35,0.38,50,within_sampled_range,UU,124,87.5,runs/yin_noise_matrix_20260926/results/r21vgg2k_vgg16_bn_aa_s42/faces_cfdWM64/objects/results.csv,UU
aa4,VGG2k / AA4,r21vgg2k_vgg16_bn_aa_s42,face_transfer,124,two_shared_ui,CFD WM64,Objects,0.35,0.38,50,within_sampled_range,UU,125,95.83333333333334,runs/yin_noise_matrix_20260926/results/r21vgg2k_vgg16_bn_aa_s42/faces_cfdWM64/objects/results.csv,UU
aa4,VGG2k / AA4,r21vgg2k_vgg16_bn_aa_s42,face_transfer,124,two_shared_ui,CFD WM64,Objects,0.35,0.38,50,within_sampled_range,UU,126,100.0,runs/yin_noise_matrix_20260926/results/r21vgg2k_vgg16_bn_aa_s42/faces_cfdWM64/objects/results.csv,UU
aa4,VGG2k / AA4,r21vgg2k_vgg16_bn_aa_s42,face_transfer,124,two_shared_ui,CFD WM64,Objects,0.35,0.38,50,within_sampled_range,UU,127,95.83333333333334,runs/yin_noise_matrix_20260926/results/r21vgg2k_vgg16_bn_aa_s42/faces_cfdWM64/objects/results.csv,UU
aa4,VGG2k / AA4,r21vgg2k_vgg16_bn_aa_s42,face_transfer,124,two_shared_ui,CFD WM64,Objects,0.35,0.38,50,within_sampled_range,UU,128,95.83333333333334,runs/yin_noise_matrix_20260926/results/r21vgg2k_vgg16_bn_aa_s42/faces_cfdWM64/objects/results.csv,UU
aa4,VGG2k / AA4,r21vgg2k_vgg16_bn_aa_s42,face_transfer,124,two_shared_ui,CFD WM64,Objects,0.35,0.38,50,within_sampled_range,UU,129,91.66666666666666,runs/yin_noise_matrix_20260926/results/r21vgg2k_vgg16_bn_aa_s42/faces_cfdWM64/objects/results.csv,UU
aa4,VGG2k / AA4,r21vgg2k_vgg16_bn_aa_s42,face_transfer,124,two_shared_ui,CFD WM64,Objects,0.35,0.38,50,within_sampled_range,UU,130,100.0,runs/yin_noise_matrix_20260926/results/r21vgg2k_vgg16_bn_aa_s42/faces_cfdWM64/objects/results.csv,UU
aa4,VGG2k / AA4,r21vgg2k_vgg16_bn_aa_s42,face_transfer,124,two_shared_ui,CFD WM64,Objects,0.35,0.38,50,within_sampled_range,UU,131,91.66666666666666,runs/yin_noise_matrix_20260926/results/r21vgg2k_vgg16_bn_aa_s42/faces_cfdWM64/objects/results.csv,UU
aa4,VGG2k / AA4,r21vgg2k_vgg16_bn_aa_s42,face_transfer,124,two_shared_ui,CFD WM64,Objects,0.35,0.38,50,within_sampled_range,UU,132,100.0,runs/yin_noise_matrix_20260926/results/r21vgg2k_vgg16_bn_aa_s42/faces_cfdWM64/objects/results.csv,UU
aa4,VGG2k / AA4,r21vgg2k_vgg16_bn_aa_s42,face_transfer,124,two_shared_ui,CFD WM64,Objects,0.35,0.38,50,within_sampled_range,UU,133,91.66666666666666,runs/yin_noise_matrix_20260926/results/r21vgg2k_vgg16_bn_aa_s42/faces_cfdWM64/objects/results.csv,UU
aa4,VGG2k / AA4,r21vgg2k_vgg16_bn_aa_s42,face_transfer,124,two_shared_ui,CFD WM64,Objects,0.35,0.38,50,within_sampled_range,UU,134,95.83333333333334,runs/yin_noise_matrix_20260926/results/r21vgg2k_vgg16_bn_aa_s42/faces_cfdWM64/objects/results.csv,UU
aa4,VGG2k / AA4,r21vgg2k_vgg16_bn_aa_s42,face_transfer,124,two_shared_ui,CFD WM64,Objects,0.35,0.38,50,within_sampled_range,UU,135,91.66666666666666,runs/yin_noise_matrix_20260926/results/r21vgg2k_vgg16_bn_aa_s42/faces_cfdWM64/objects/results.csv,UU
aa4,VGG2k / AA4,r21vgg2k_vgg16_bn_aa_s42,face_transfer,124,two_shared_ui,CFD WM64,Objects,0.35,0.38,50,within_sampled_range,UU,136,91.66666666666666,runs/yin_noise_matrix_20260926/results/r21vgg2k_vgg16_bn_aa_s42/faces_cfdWM64/objects/results.csv,UU
aa4,VGG2k / AA4,r21vgg2k_vgg16_bn_aa_s42,face_transfer,124,two_shared_ui,CFD WM64,Objects,0.35,0.38,50,within_sampled_range,UU,137,95.83333333333334,runs/yin_noise_matrix_20260926/results/r21vgg2k_vgg16_bn_aa_s42/faces_cfdWM64/objects/results.csv,UU
aa4,VGG2k / AA4,r21vgg2k_vgg16_bn_aa_s42,face_transfer,124,two_shared_ui,CFD WM64,Objects,0.35,0.38,50,within_sampled_range,UU,138,100.0,runs/yin_noise_matrix_20260926/results/r21vgg2k_vgg16_bn_aa_s42/faces_cfdWM64/objects/results.csv,UU
aa4,VGG2k / AA4,r21vgg2k_vgg16_bn_aa_s42,face_transfer,124,two_shared_ui,CFD WM64,Objects,0.35,0.38,50,within_sampled_range,UU,139,95.83333333333334,runs/yin_noise_matrix_20260926/results/r21vgg2k_vgg16_bn_aa_s42/faces_cfdWM64/objects/results.csv,UU
aa4,VGG2k / AA4,r21vgg2k_vgg16_bn_aa_s42,face_transfer,124,two_shared_ui,CFD WM64,Objects,0.35,0.38,50,within_sampled_range,UU,140,95.83333333333334,runs/yin_noise_matrix_20260926/results/r21vgg2k_vgg16_bn_aa_s42/faces_cfdWM64/objects/results.csv,UU
aa4,VGG2k / AA4,r21vgg2k_vgg16_bn_aa_s42,face_transfer,124,two_shared_ui,CFD WM64,Objects,0.35,0.38,50,within_sampled_range,UU,141,95.83333333333334,runs/yin_noise_matrix_20260926/results/r21vgg2k_vgg16_bn_aa_s42/faces_cfdWM64/objects/results.csv,UU
aa4,VGG2k / AA4,r21vgg2k_vgg16_bn_aa_s42,face_transfer,124,two_shared_ui,CFD WM64,Objects,0.35,0.38,50,within_sampled_range,UU,142,95.83333333333334,runs/yin_noise_matrix_20260926/results/r21vgg2k_vgg16_bn_aa_s42/faces_cfdWM64/objects/results.csv,UU
aa4,VGG2k / AA4,r21vgg2k_vgg16_bn_aa_s42,face_transfer,124,two_shared_ui,CFD WM64,Objects,0.35,0.38,50,within_sampled_range,UU,143,95.83333333333334,runs/yin_noise_matrix_20260926/results/r21vgg2k_vgg16_bn_aa_s42/faces_cfdWM64/objects/results.csv,UU
aa4,VGG2k / AA4,r21vgg2k_vgg16_bn_aa_s42,face_transfer,124,two_shared_ui,CFD WM64,Objects,0.35,0.38,50,within_sampled_range,UU,144,100.0,runs/yin_noise_matrix_20260926/results/r21vgg2k_vgg16_bn_aa_s42/faces_cfdWM64/objects/results.csv,UU
aa4,VGG2k / AA4,r21vgg2k_vgg16_bn_aa_s42,face_transfer,124,two_shared_ui,CFD WM64,Objects,0.35,0.38,50,within_sampled_range,UU,145,100.0,runs/yin_noise_matrix_20260926/results/r21vgg2k_vgg16_bn_aa_s42/faces_cfdWM64/objects/results.csv,UU
aa4,VGG2k / AA4,r21vgg2k_vgg16_bn_aa_s42,face_transfer,124,two_shared_ui,CFD WM64,Objects,0.35,0.38,50,within_sampled_range,UU,146,95.83333333333334,runs/yin_noise_matrix_20260926/results/r21vgg2k_vgg16_bn_aa_s42/faces_cfdWM64/objects/results.csv,UU
aa4,VGG2k / AA4,r21vgg2k_vgg16_bn_aa_s42,face_transfer,124,two_shared_ui,CFD WM64,Objects,0.35,0.38,50,within_sampled_range,UU,147,100.0,runs/yin_noise_matrix_20260926/results/r21vgg2k_vgg16_bn_aa_s42/faces_cfdWM64/objects/results.csv,UU
aa4,VGG2k / AA4,r21vgg2k_vgg16_bn_aa_s42,face_transfer,124,two_shared_ui,CFD WM64,Objects,0.35,0.38,50,within_sampled_range,UU,148,95.83333333333334,runs/yin_noise_matrix_20260926/results/r21vgg2k_vgg16_bn_aa_s42/faces_cfdWM64/objects/results.csv,UU
aa4,VGG2k / AA4,r21vgg2k_vgg16_bn_aa_s42,face_transfer,124,two_shared_ui,CFD WM64,Objects,0.35,0.38,50,within_sampled_range,UU,149,91.66666666666666,runs/yin_noise_matrix_20260926/results/r21vgg2k_vgg16_bn_aa_s42/faces_cfdWM64/objects/results.csv,UU
aa4,VGG2k / AA4,r21vgg2k_vgg16_bn_aa_s42,face_transfer,124,two_shared_ui,CFD WM64,Objects,0.35,0.38,50,within_sampled_range,UU,150,100.0,runs/yin_noise_matrix_20260926/results/r21vgg2k_vgg16_bn_aa_s42/faces_cfdWM64/objects/results.csv,UU
aa4,VGG2k / AA4,r21vgg2k_vgg16_bn_aa_s42,face_transfer,124,two_shared_ui,CFD WM64,Objects,0.35,0.38,50,within_sampled_range,II,101,91.66666666666666,runs/yin_noise_matrix_20260926/results/r21vgg2k_vgg16_bn_aa_s42/faces_cfdWM64/objects/results.csv,II
aa4,VGG2k / AA4,r21vgg2k_vgg16_bn_aa_s42,face_transfer,124,two_shared_ui,CFD WM64,Objects,0.35,0.38,50,within_sampled_range,II,102,95.83333333333334,runs/yin_noise_matrix_20260926/results/r21vgg2k_vgg16_bn_aa_s42/faces_cfdWM64/objects/results.csv,II
aa4,VGG2k / AA4,r21vgg2k_vgg16_bn_aa_s42,face_transfer,124,two_shared_ui,CFD WM64,Objects,0.35,0.38,50,within_sampled_range,II,103,95.83333333333334,runs/yin_noise_matrix_20260926/results/r21vgg2k_vgg16_bn_aa_s42/faces_cfdWM64/objects/results.csv,II
aa4,VGG2k / AA4,r21vgg2k_vgg16_bn_aa_s42,face_transfer,124,two_shared_ui,CFD WM64,Objects,0.35,0.38,50,within_sampled_range,II,104,95.83333333333334,runs/yin_noise_matrix_20260926/results/r21vgg2k_vgg16_bn_aa_s42/faces_cfdWM64/objects/results.csv,II
aa4,VGG2k / AA4,r21vgg2k_vgg16_bn_aa_s42,face_transfer,124,two_shared_ui,CFD WM64,Objects,0.35,0.38,50,within_sampled_range,II,105,91.66666666666666,runs/yin_noise_matrix_20260926/results/r21vgg2k_vgg16_bn_aa_s42/faces_cfdWM64/objects/results.csv,II
aa4,VGG2k / AA4,r21vgg2k_vgg16_bn_aa_s42,face_transfer,124,two_shared_ui,CFD WM64,Objects,0.35,0.38,50,within_sampled_range,II,106,87.5,runs/yin_noise_matrix_20260926/results/r21vgg2k_vgg16_bn_aa_s42/faces_cfdWM64/objects/results.csv,II
aa4,VGG2k / AA4,r21vgg2k_vgg16_bn_aa_s42,face_transfer,124,two_shared_ui,CFD WM64,Objects,0.35,0.38,50,within_sampled_range,II,107,95.83333333333334,runs/yin_noise_matrix_20260926/results/r21vgg2k_vgg16_bn_aa_s42/faces_cfdWM64/objects/results.csv,II
aa4,VGG2k / AA4,r21vgg2k_vgg16_bn_aa_s42,face_transfer,124,two_shared_ui,CFD WM64,Objects,0.35,0.38,50,within_sampled_range,II,108,91.66666666666666,runs/yin_noise_matrix_20260926/results/r21vgg2k_vgg16_bn_aa_s42/faces_cfdWM64/objects/results.csv,II
aa4,VGG2k / AA4,r21vgg2k_vgg16_bn_aa_s42,face_transfer,124,two_shared_ui,CFD WM64,Objects,0.35,0.38,50,within_sampled_range,II,109,91.66666666666666,runs/yin_noise_matrix_20260926/results/r21vgg2k_vgg16_bn_aa_s42/faces_cfdWM64/objects/results.csv,II
aa4,VGG2k / AA4,r21vgg2k_vgg16_bn_aa_s42,face_transfer,124,two_shared_ui,CFD WM64,Objects,0.35,0.38,50,within_sampled_range,II,110,91.66666666666666,runs/yin_noise_matrix_20260926/results/r21vgg2k_vgg16_bn_aa_s42/faces_cfdWM64/objects/results.csv,II
aa4,VGG2k / AA4,r21vgg2k_vgg16_bn_aa_s42,face_transfer,124,two_shared_ui,CFD WM64,Objects,0.35,0.38,50,within_sampled_range,II,111,95.83333333333334,runs/yin_noise_matrix_20260926/results/r21vgg2k_vgg16_bn_aa_s42/faces_cfdWM64/objects/results.csv,II
aa4,VGG2k / AA4,r21vgg2k_vgg16_bn_aa_s42,face_transfer,124,two_shared_ui,CFD WM64,Objects,0.35,0.38,50,within_sampled_range,II,112,87.5,runs/yin_noise_matrix_20260926/results/r21vgg2k_vgg16_bn_aa_s42/faces_cfdWM64/objects/results.csv,II
aa4,VGG2k / AA4,r21vgg2k_vgg16_bn_aa_s42,face_transfer,124,two_shared_ui,CFD WM64,Objects,0.35,0.38,50,within_sampled_range,II,113,87.5,runs/yin_noise_matrix_20260926/results/r21vgg2k_vgg16_bn_aa_s42/faces_cfdWM64/objects/results.csv,II
aa4,VGG2k / AA4,r21vgg2k_vgg16_bn_aa_s42,face_transfer,124,two_shared_ui,CFD WM64,Objects,0.35,0.38,50,within_sampled_range,II,114,95.83333333333334,runs/yin_noise_matrix_20260926/results/r21vgg2k_vgg16_bn_aa_s42/faces_cfdWM64/objects/results.csv,II
aa4,VGG2k / AA4,r21vgg2k_vgg16_bn_aa_s42,face_transfer,124,two_shared_ui,CFD WM64,Objects,0.35,0.38,50,within_sampled_range,II,115,95.83333333333334,runs/yin_noise_matrix_20260926/results/r21vgg2k_vgg16_bn_aa_s42/faces_cfdWM64/objects/results.csv,II
aa4,VGG2k / AA4,r21vgg2k_vgg16_bn_aa_s42,face_transfer,124,two_shared_ui,CFD WM64,Objects,0.35,0.38,50,within_sampled_range,II,116,95.83333333333334,runs/yin_noise_matrix_20260926/results/r21vgg2k_vgg16_bn_aa_s42/faces_cfdWM64/objects/results.csv,II
aa4,VGG2k / AA4,r21vgg2k_vgg16_bn_aa_s42,face_transfer,124,two_shared_ui,CFD WM64,Objects,0.35,0.38,50,within_sampled_range,II,117,95.83333333333334,runs/yin_noise_matrix_20260926/results/r21vgg2k_vgg16_bn_aa_s42/faces_cfdWM64/objects/results.csv,II
aa4,VGG2k / AA4,r21vgg2k_vgg16_bn_aa_s42,face_transfer,124,two_shared_ui,CFD WM64,Objects,0.35,0.38,50,within_sampled_range,II,118,95.83333333333334,runs/yin_noise_matrix_20260926/results/r21vgg2k_vgg16_bn_aa_s42/faces_cfdWM64/objects/results.csv,II
aa4,VGG2k / AA4,r21vgg2k_vgg16_bn_aa_s42,face_transfer,124,two_shared_ui,CFD WM64,Objects,0.35,0.38,50,within_sampled_range,II,119,95.83333333333334,runs/yin_noise_matrix_20260926/results/r21vgg2k_vgg16_bn_aa_s42/faces_cfdWM64/objects/results.csv,II
aa4,VGG2k / AA4,r21vgg2k_vgg16_bn_aa_s42,face_transfer,124,two_shared_ui,CFD WM64,Objects,0.35,0.38,50,within_sampled_range,II,120,91.66666666666666,runs/yin_noise_matrix_20260926/results/r21vgg2k_vgg16_bn_aa_s42/faces_cfdWM64/objects/results.csv,II
aa4,VGG2k / AA4,r21vgg2k_vgg16_bn_aa_s42,face_transfer,124,two_shared_ui,CFD WM64,Objects,0.35,0.38,50,within_sampled_range,II,121,87.5,runs/yin_noise_matrix_20260926/results/r21vgg2k_vgg16_bn_aa_s42/faces_cfdWM64/objects/results.csv,II
aa4,VGG2k / AA4,r21vgg2k_vgg16_bn_aa_s42,face_transfer,124,two_shared_ui,CFD WM64,Objects,0.35,0.38,50,within_sampled_range,II,122,91.66666666666666,runs/yin_noise_matrix_20260926/results/r21vgg2k_vgg16_bn_aa_s42/faces_cfdWM64/objects/results.csv,II
aa4,VGG2k / AA4,r21vgg2k_vgg16_bn_aa_s42,face_transfer,124,two_shared_ui,CFD WM64,Objects,0.35,0.38,50,within_sampled_range,II,123,91.66666666666666,runs/yin_noise_matrix_20260926/results/r21vgg2k_vgg16_bn_aa_s42/faces_cfdWM64/objects/results.csv,II
aa4,VGG2k / AA4,r21vgg2k_vgg16_bn_aa_s42,face_transfer,124,two_shared_ui,CFD WM64,Objects,0.35,0.38,50,within_sampled_range,II,124,95.83333333333334,runs/yin_noise_matrix_20260926/results/r21vgg2k_vgg16_bn_aa_s42/faces_cfdWM64/objects/results.csv,II
aa4,VGG2k / AA4,r21vgg2k_vgg16_bn_aa_s42,face_transfer,124,two_shared_ui,CFD WM64,Objects,0.35,0.38,50,within_sampled_range,II,125,95.83333333333334,runs/yin_noise_matrix_20260926/results/r21vgg2k_vgg16_bn_aa_s42/faces_cfdWM64/objects/results.csv,II
aa4,VGG2k / AA4,r21vgg2k_vgg16_bn_aa_s42,face_transfer,124,two_shared_ui,CFD WM64,Objects,0.35,0.38,50,within_sampled_range,II,126,91.66666666666666,runs/yin_noise_matrix_20260926/results/r21vgg2k_vgg16_bn_aa_s42/faces_cfdWM64/objects/results.csv,II
aa4,VGG2k / AA4,r21vgg2k_vgg16_bn_aa_s42,face_transfer,124,two_shared_ui,CFD WM64,Objects,0.35,0.38,50,within_sampled_range,II,127,91.66666666666666,runs/yin_noise_matrix_20260926/results/r21vgg2k_vgg16_bn_aa_s42/faces_cfdWM64/objects/results.csv,II
aa4,VGG2k / AA4,r21vgg2k_vgg16_bn_aa_s42,face_transfer,124,two_shared_ui,CFD WM64,Objects,0.35,0.38,50,within_sampled_range,II,128,91.66666666666666,runs/yin_noise_matrix_20260926/results/r21vgg2k_vgg16_bn_aa_s42/faces_cfdWM64/objects/results.csv,II
aa4,VGG2k / AA4,r21vgg2k_vgg16_bn_aa_s42,face_transfer,124,two_shared_ui,CFD WM64,Objects,0.35,0.38,50,within_sampled_range,II,129,100.0,runs/yin_noise_matrix_20260926/results/r21vgg2k_vgg16_bn_aa_s42/faces_cfdWM64/objects/results.csv,II
aa4,VGG2k / AA4,r21vgg2k_vgg16_bn_aa_s42,face_transfer,124,two_shared_ui,CFD WM64,Objects,0.35,0.38,50,within_sampled_range,II,130,91.66666666666666,runs/yin_noise_matrix_20260926/results/r21vgg2k_vgg16_bn_aa_s42/faces_cfdWM64/objects/results.csv,II
aa4,VGG2k / AA4,r21vgg2k_vgg16_bn_aa_s42,face_transfer,124,two_shared_ui,CFD WM64,Objects,0.35,0.38,50,within_sampled_range,II,131,95.83333333333334,runs/yin_noise_matrix_20260926/results/r21vgg2k_vgg16_bn_aa_s42/faces_cfdWM64/objects/results.csv,II
aa4,VGG2k / AA4,r21vgg2k_vgg16_bn_aa_s42,face_transfer,124,two_shared_ui,CFD WM64,Objects,0.35,0.38,50,within_sampled_range,II,132,91.66666666666666,runs/yin_noise_matrix_20260926/results/r21vgg2k_vgg16_bn_aa_s42/faces_cfdWM64/objects/results.csv,II
aa4,VGG2k / AA4,r21vgg2k_vgg16_bn_aa_s42,face_transfer,124,two_shared_ui,CFD WM64,Objects,0.35,0.38,50,within_sampled_range,II,133,79.16666666666666,runs/yin_noise_matrix_20260926/results/r21vgg2k_vgg16_bn_aa_s42/faces_cfdWM64/objects/results.csv,II
aa4,VGG2k / AA4,r21vgg2k_vgg16_bn_aa_s42,face_transfer,124,two_shared_ui,CFD WM64,Objects,0.35,0.38,50,within_sampled_range,II,134,91.66666666666666,runs/yin_noise_matrix_20260926/results/r21vgg2k_vgg16_bn_aa_s42/faces_cfdWM64/objects/results.csv,II
aa4,VGG2k / AA4,r21vgg2k_vgg16_bn_aa_s42,face_transfer,124,two_shared_ui,CFD WM64,Objects,0.35,0.38,50,within_sampled_range,II,135,87.5,runs/yin_noise_matrix_20260926/results/r21vgg2k_vgg16_bn_aa_s42/faces_cfdWM64/objects/results.csv,II
aa4,VGG2k / AA4,r21vgg2k_vgg16_bn_aa_s42,face_transfer,124,two_shared_ui,CFD WM64,Objects,0.35,0.38,50,within_sampled_range,II,136,95.83333333333334,runs/yin_noise_matrix_20260926/results/r21vgg2k_vgg16_bn_aa_s42/faces_cfdWM64/objects/results.csv,II
aa4,VGG2k / AA4,r21vgg2k_vgg16_bn_aa_s42,face_transfer,124,two_shared_ui,CFD WM64,Objects,0.35,0.38,50,within_sampled_range,II,137,87.5,runs/yin_noise_matrix_20260926/results/r21vgg2k_vgg16_bn_aa_s42/faces_cfdWM64/objects/results.csv,II
aa4,VGG2k / AA4,r21vgg2k_vgg16_bn_aa_s42,face_transfer,124,two_shared_ui,CFD WM64,Objects,0.35,0.38,50,within_sampled_range,II,138,87.5,runs/yin_noise_matrix_20260926/results/r21vgg2k_vgg16_bn_aa_s42/faces_cfdWM64/objects/results.csv,II
aa4,VGG2k / AA4,r21vgg2k_vgg16_bn_aa_s42,face_transfer,124,two_shared_ui,CFD WM64,Objects,0.35,0.38,50,within_sampled_range,II,139,79.16666666666666,runs/yin_noise_matrix_20260926/results/r21vgg2k_vgg16_bn_aa_s42/faces_cfdWM64/objects/results.csv,II
aa4,VGG2k / AA4,r21vgg2k_vgg16_bn_aa_s42,face_transfer,124,two_shared_ui,CFD WM64,Objects,0.35,0.38,50,within_sampled_range,II,140,87.5,runs/yin_noise_matrix_20260926/results/r21vgg2k_vgg16_bn_aa_s42/faces_cfdWM64/objects/results.csv,II
aa4,VGG2k / AA4,r21vgg2k_vgg16_bn_aa_s42,face_transfer,124,two_shared_ui,CFD WM64,Objects,0.35,0.38,50,within_sampled_range,II,141,91.66666666666666,runs/yin_noise_matrix_20260926/results/r21vgg2k_vgg16_bn_aa_s42/faces_cfdWM64/objects/results.csv,II
aa4,VGG2k / AA4,r21vgg2k_vgg16_bn_aa_s42,face_transfer,124,two_shared_ui,CFD WM64,Objects,0.35,0.38,50,within_sampled_range,II,142,91.66666666666666,runs/yin_noise_matrix_20260926/results/r21vgg2k_vgg16_bn_aa_s42/faces_cfdWM64/objects/results.csv,II
aa4,VGG2k / AA4,r21vgg2k_vgg16_bn_aa_s42,face_transfer,124,two_shared_ui,CFD WM64,Objects,0.35,0.38,50,within_sampled_range,II,143,91.66666666666666,runs/yin_noise_matrix_20260926/results/r21vgg2k_vgg16_bn_aa_s42/faces_cfdWM64/objects/results.csv,II
aa4,VGG2k / AA4,r21vgg2k_vgg16_bn_aa_s42,face_transfer,124,two_shared_ui,CFD WM64,Objects,0.35,0.38,50,within_sampled_range,II,144,100.0,runs/yin_noise_matrix_20260926/results/r21vgg2k_vgg16_bn_aa_s42/faces_cfdWM64/objects/results.csv,II
aa4,VGG2k / AA4,r21vgg2k_vgg16_bn_aa_s42,face_transfer,124,two_shared_ui,CFD WM64,Objects,0.35,0.38,50,within_sampled_range,II,145,95.83333333333334,runs/yin_noise_matrix_20260926/results/r21vgg2k_vgg16_bn_aa_s42/faces_cfdWM64/objects/results.csv,II
aa4,VGG2k / AA4,r21vgg2k_vgg16_bn_aa_s42,face_transfer,124,two_shared_ui,CFD WM64,Objects,0.35,0.38,50,within_sampled_range,II,146,100.0,runs/yin_noise_matrix_20260926/results/r21vgg2k_vgg16_bn_aa_s42/faces_cfdWM64/objects/results.csv,II
aa4,VGG2k / AA4,r21vgg2k_vgg16_bn_aa_s42,face_transfer,124,two_shared_ui,CFD WM64,Objects,0.35,0.38,50,within_sampled_range,II,147,91.66666666666666,runs/yin_noise_matrix_20260926/results/r21vgg2k_vgg16_bn_aa_s42/faces_cfdWM64/objects/results.csv,II
aa4,VGG2k / AA4,r21vgg2k_vgg16_bn_aa_s42,face_transfer,124,two_shared_ui,CFD WM64,Objects,0.35,0.38,50,within_sampled_range,II,148,83.33333333333334,runs/yin_noise_matrix_20260926/results/r21vgg2k_vgg16_bn_aa_s42/faces_cfdWM64/objects/results.csv,II
aa4,VGG2k / AA4,r21vgg2k_vgg16_bn_aa_s42,face_transfer,124,two_shared_ui,CFD WM64,Objects,0.35,0.38,50,within_sampled_range,II,149,95.83333333333334,runs/yin_noise_matrix_20260926/results/r21vgg2k_vgg16_bn_aa_s42/faces_cfdWM64/objects/results.csv,II
aa4,VGG2k / AA4,r21vgg2k_vgg16_bn_aa_s42,face_transfer,124,two_shared_ui,CFD WM64,Objects,0.35,0.38,50,within_sampled_range,II,150,100.0,runs/yin_noise_matrix_20260926/results/r21vgg2k_vgg16_bn_aa_s42/faces_cfdWM64/objects/results.csv,II
aa4,VGG2k / AA4,r21vgg2k_vgg16_bn_aa_s42,face_transfer,124,two_shared_ui,CFD WM64,Objects,0.35,0.38,50,within_sampled_range,UI,101,95.83333333333334,runs/yin_noise_matrix_20260926/results/r21vgg2k_vgg16_bn_aa_s42/faces_cfdWM64/objects/results.csv,UI_shared
aa4,VGG2k / AA4,r21vgg2k_vgg16_bn_aa_s42,face_transfer,124,two_shared_ui,CFD WM64,Objects,0.35,0.38,50,within_sampled_range,UI,102,87.5,runs/yin_noise_matrix_20260926/results/r21vgg2k_vgg16_bn_aa_s42/faces_cfdWM64/objects/results.csv,UI_shared
aa4,VGG2k / AA4,r21vgg2k_vgg16_bn_aa_s42,face_transfer,124,two_shared_ui,CFD WM64,Objects,0.35,0.38,50,within_sampled_range,UI,103,87.5,runs/yin_noise_matrix_20260926/results/r21vgg2k_vgg16_bn_aa_s42/faces_cfdWM64/objects/results.csv,UI_shared
aa4,VGG2k / AA4,r21vgg2k_vgg16_bn_aa_s42,face_transfer,124,two_shared_ui,CFD WM64,Objects,0.35,0.38,50,within_sampled_range,UI,104,100.0,runs/yin_noise_matrix_20260926/results/r21vgg2k_vgg16_bn_aa_s42/faces_cfdWM64/objects/results.csv,UI_shared
aa4,VGG2k / AA4,r21vgg2k_vgg16_bn_aa_s42,face_transfer,124,two_shared_ui,CFD WM64,Objects,0.35,0.38,50,within_sampled_range,UI,105,83.33333333333334,runs/yin_noise_matrix_20260926/results/r21vgg2k_vgg16_bn_aa_s42/faces_cfdWM64/objects/results.csv,UI_shared
aa4,VGG2k / AA4,r21vgg2k_vgg16_bn_aa_s42,face_transfer,124,two_shared_ui,CFD WM64,Objects,0.35,0.38,50,within_sampled_range,UI,106,83.33333333333334,runs/yin_noise_matrix_20260926/results/r21vgg2k_vgg16_bn_aa_s42/faces_cfdWM64/objects/results.csv,UI_shared
aa4,VGG2k / AA4,r21vgg2k_vgg16_bn_aa_s42,face_transfer,124,two_shared_ui,CFD WM64,Objects,0.35,0.38,50,within_sampled_range,UI,107,87.5,runs/yin_noise_matrix_20260926/results/r21vgg2k_vgg16_bn_aa_s42/faces_cfdWM64/objects/results.csv,UI_shared
aa4,VGG2k / AA4,r21vgg2k_vgg16_bn_aa_s42,face_transfer,124,two_shared_ui,CFD WM64,Objects,0.35,0.38,50,within_sampled_range,UI,108,95.83333333333334,runs/yin_noise_matrix_20260926/results/r21vgg2k_vgg16_bn_aa_s42/faces_cfdWM64/objects/results.csv,UI_shared
aa4,VGG2k / AA4,r21vgg2k_vgg16_bn_aa_s42,face_transfer,124,two_shared_ui,CFD WM64,Objects,0.35,0.38,50,within_sampled_range,UI,109,87.5,runs/yin_noise_matrix_20260926/results/r21vgg2k_vgg16_bn_aa_s42/faces_cfdWM64/objects/results.csv,UI_shared
aa4,VGG2k / AA4,r21vgg2k_vgg16_bn_aa_s42,face_transfer,124,two_shared_ui,CFD WM64,Objects,0.35,0.38,50,within_sampled_range,UI,110,95.83333333333334,runs/yin_noise_matrix_20260926/results/r21vgg2k_vgg16_bn_aa_s42/faces_cfdWM64/objects/results.csv,UI_shared
aa4,VGG2k / AA4,r21vgg2k_vgg16_bn_aa_s42,face_transfer,124,two_shared_ui,CFD WM64,Objects,0.35,0.38,50,within_sampled_range,UI,111,91.66666666666666,runs/yin_noise_matrix_20260926/results/r21vgg2k_vgg16_bn_aa_s42/faces_cfdWM64/objects/results.csv,UI_shared
aa4,VGG2k / AA4,r21vgg2k_vgg16_bn_aa_s42,face_transfer,124,two_shared_ui,CFD WM64,Objects,0.35,0.38,50,within_sampled_range,UI,112,87.5,runs/yin_noise_matrix_20260926/results/r21vgg2k_vgg16_bn_aa_s42/faces_cfdWM64/objects/results.csv,UI_shared
aa4,VGG2k / AA4,r21vgg2k_vgg16_bn_aa_s42,face_transfer,124,two_shared_ui,CFD WM64,Objects,0.35,0.38,50,within_sampled_range,UI,113,91.66666666666666,runs/yin_noise_matrix_20260926/results/r21vgg2k_vgg16_bn_aa_s42/faces_cfdWM64/objects/results.csv,UI_shared
aa4,VGG2k / AA4,r21vgg2k_vgg16_bn_aa_s42,face_transfer,124,two_shared_ui,CFD WM64,Objects,0.35,0.38,50,within_sampled_range,UI,114,87.5,runs/yin_noise_matrix_20260926/results/r21vgg2k_vgg16_bn_aa_s42/faces_cfdWM64/objects/results.csv,UI_shared
aa4,VGG2k / AA4,r21vgg2k_vgg16_bn_aa_s42,face_transfer,124,two_shared_ui,CFD WM64,Objects,0.35,0.38,50,within_sampled_range,UI,115,87.5,runs/yin_noise_matrix_20260926/results/r21vgg2k_vgg16_bn_aa_s42/faces_cfdWM64/objects/results.csv,UI_shared
aa4,VGG2k / AA4,r21vgg2k_vgg16_bn_aa_s42,face_transfer,124,two_shared_ui,CFD WM64,Objects,0.35,0.38,50,within_sampled_range,UI,116,95.83333333333334,runs/yin_noise_matrix_20260926/results/r21vgg2k_vgg16_bn_aa_s42/faces_cfdWM64/objects/results.csv,UI_shared
aa4,VGG2k / AA4,r21vgg2k_vgg16_bn_aa_s42,face_transfer,124,two_shared_ui,CFD WM64,Objects,0.35,0.38,50,within_sampled_range,UI,117,95.83333333333334,runs/yin_noise_matrix_20260926/results/r21vgg2k_vgg16_bn_aa_s42/faces_cfdWM64/objects/results.csv,UI_shared
aa4,VGG2k / AA4,r21vgg2k_vgg16_bn_aa_s42,face_transfer,124,two_shared_ui,CFD WM64,Objects,0.35,0.38,50,within_sampled_range,UI,118,95.83333333333334,runs/yin_noise_matrix_20260926/results/r21vgg2k_vgg16_bn_aa_s42/faces_cfdWM64/objects/results.csv,UI_shared
aa4,VGG2k / AA4,r21vgg2k_vgg16_bn_aa_s42,face_transfer,124,two_shared_ui,CFD WM64,Objects,0.35,0.38,50,within_sampled_range,UI,119,100.0,runs/yin_noise_matrix_20260926/results/r21vgg2k_vgg16_bn_aa_s42/faces_cfdWM64/objects/results.csv,UI_shared
aa4,VGG2k / AA4,r21vgg2k_vgg16_bn_aa_s42,face_transfer,124,two_shared_ui,CFD WM64,Objects,0.35,0.38,50,within_sampled_range,UI,120,91.66666666666666,runs/yin_noise_matrix_20260926/results/r21vgg2k_vgg16_bn_aa_s42/faces_cfdWM64/objects/results.csv,UI_shared
aa4,VGG2k / AA4,r21vgg2k_vgg16_bn_aa_s42,face_transfer,124,two_shared_ui,CFD WM64,Objects,0.35,0.38,50,within_sampled_range,UI,121,100.0,runs/yin_noise_matrix_20260926/results/r21vgg2k_vgg16_bn_aa_s42/faces_cfdWM64/objects/results.csv,UI_shared
aa4,VGG2k / AA4,r21vgg2k_vgg16_bn_aa_s42,face_transfer,124,two_shared_ui,CFD WM64,Objects,0.35,0.38,50,within_sampled_range,UI,122,95.83333333333334,runs/yin_noise_matrix_20260926/results/r21vgg2k_vgg16_bn_aa_s42/faces_cfdWM64/objects/results.csv,UI_shared
aa4,VGG2k / AA4,r21vgg2k_vgg16_bn_aa_s42,face_transfer,124,two_shared_ui,CFD WM64,Objects,0.35,0.38,50,within_sampled_range,UI,123,91.66666666666666,runs/yin_noise_matrix_20260926/results/r21vgg2k_vgg16_bn_aa_s42/faces_cfdWM64/objects/results.csv,UI_shared
aa4,VGG2k / AA4,r21vgg2k_vgg16_bn_aa_s42,face_transfer,124,two_shared_ui,CFD WM64,Objects,0.35,0.38,50,within_sampled_range,UI,124,83.33333333333334,runs/yin_noise_matrix_20260926/results/r21vgg2k_vgg16_bn_aa_s42/faces_cfdWM64/objects/results.csv,UI_shared
aa4,VGG2k / AA4,r21vgg2k_vgg16_bn_aa_s42,face_transfer,124,two_shared_ui,CFD WM64,Objects,0.35,0.38,50,within_sampled_range,UI,125,100.0,runs/yin_noise_matrix_20260926/results/r21vgg2k_vgg16_bn_aa_s42/faces_cfdWM64/objects/results.csv,UI_shared
aa4,VGG2k / AA4,r21vgg2k_vgg16_bn_aa_s42,face_transfer,124,two_shared_ui,CFD WM64,Objects,0.35,0.38,50,within_sampled_range,UI,126,87.5,runs/yin_noise_matrix_20260926/results/r21vgg2k_vgg16_bn_aa_s42/faces_cfdWM64/objects/results.csv,UI_shared
aa4,VGG2k / AA4,r21vgg2k_vgg16_bn_aa_s42,face_transfer,124,two_shared_ui,CFD WM64,Objects,0.35,0.38,50,within_sampled_range,UI,127,83.33333333333334,runs/yin_noise_matrix_20260926/results/r21vgg2k_vgg16_bn_aa_s42/faces_cfdWM64/objects/results.csv,UI_shared
aa4,VGG2k / AA4,r21vgg2k_vgg16_bn_aa_s42,face_transfer,124,two_shared_ui,CFD WM64,Objects,0.35,0.38,50,within_sampled_range,UI,128,100.0,runs/yin_noise_matrix_20260926/results/r21vgg2k_vgg16_bn_aa_s42/faces_cfdWM64/objects/results.csv,UI_shared
aa4,VGG2k / AA4,r21vgg2k_vgg16_bn_aa_s42,face_transfer,124,two_shared_ui,CFD WM64,Objects,0.35,0.38,50,within_sampled_range,UI,129,91.66666666666666,runs/yin_noise_matrix_20260926/results/r21vgg2k_vgg16_bn_aa_s42/faces_cfdWM64/objects/results.csv,UI_shared
aa4,VGG2k / AA4,r21vgg2k_vgg16_bn_aa_s42,face_transfer,124,two_shared_ui,CFD WM64,Objects,0.35,0.38,50,within_sampled_range,UI,130,91.66666666666666,runs/yin_noise_matrix_20260926/results/r21vgg2k_vgg16_bn_aa_s42/faces_cfdWM64/objects/results.csv,UI_shared
aa4,VGG2k / AA4,r21vgg2k_vgg16_bn_aa_s42,face_transfer,124,two_shared_ui,CFD WM64,Objects,0.35,0.38,50,within_sampled_range,UI,131,100.0,runs/yin_noise_matrix_20260926/results/r21vgg2k_vgg16_bn_aa_s42/faces_cfdWM64/objects/results.csv,UI_shared
aa4,VGG2k / AA4,r21vgg2k_vgg16_bn_aa_s42,face_transfer,124,two_shared_ui,CFD WM64,Objects,0.35,0.38,50,within_sampled_range,UI,132,91.66666666666666,runs/yin_noise_matrix_20260926/results/r21vgg2k_vgg16_bn_aa_s42/faces_cfdWM64/objects/results.csv,UI_shared
aa4,VGG2k / AA4,r21vgg2k_vgg16_bn_aa_s42,face_transfer,124,two_shared_ui,CFD WM64,Objects,0.35,0.38,50,within_sampled_range,UI,133,91.66666666666666,runs/yin_noise_matrix_20260926/results/r21vgg2k_vgg16_bn_aa_s42/faces_cfdWM64/objects/results.csv,UI_shared
aa4,VGG2k / AA4,r21vgg2k_vgg16_bn_aa_s42,face_transfer,124,two_shared_ui,CFD WM64,Objects,0.35,0.38,50,within_sampled_range,UI,134,95.83333333333334,runs/yin_noise_matrix_20260926/results/r21vgg2k_vgg16_bn_aa_s42/faces_cfdWM64/objects/results.csv,UI_shared
aa4,VGG2k / AA4,r21vgg2k_vgg16_bn_aa_s42,face_transfer,124,two_shared_ui,CFD WM64,Objects,0.35,0.38,50,within_sampled_range,UI,135,87.5,runs/yin_noise_matrix_20260926/results/r21vgg2k_vgg16_bn_aa_s42/faces_cfdWM64/objects/results.csv,UI_shared
aa4,VGG2k / AA4,r21vgg2k_vgg16_bn_aa_s42,face_transfer,124,two_shared_ui,CFD WM64,Objects,0.35,0.38,50,within_sampled_range,UI,136,95.83333333333334,runs/yin_noise_matrix_20260926/results/r21vgg2k_vgg16_bn_aa_s42/faces_cfdWM64/objects/results.csv,UI_shared
aa4,VGG2k / AA4,r21vgg2k_vgg16_bn_aa_s42,face_transfer,124,two_shared_ui,CFD WM64,Objects,0.35,0.38,50,within_sampled_range,UI,137,91.66666666666666,runs/yin_noise_matrix_20260926/results/r21vgg2k_vgg16_bn_aa_s42/faces_cfdWM64/objects/results.csv,UI_shared
aa4,VGG2k / AA4,r21vgg2k_vgg16_bn_aa_s42,face_transfer,124,two_shared_ui,CFD WM64,Objects,0.35,0.38,50,within_sampled_range,UI,138,91.66666666666666,runs/yin_noise_matrix_20260926/results/r21vgg2k_vgg16_bn_aa_s42/faces_cfdWM64/objects/results.csv,UI_shared
aa4,VGG2k / AA4,r21vgg2k_vgg16_bn_aa_s42,face_transfer,124,two_shared_ui,CFD WM64,Objects,0.35,0.38,50,within_sampled_range,UI,139,79.16666666666666,runs/yin_noise_matrix_20260926/results/r21vgg2k_vgg16_bn_aa_s42/faces_cfdWM64/objects/results.csv,UI_shared
aa4,VGG2k / AA4,r21vgg2k_vgg16_bn_aa_s42,face_transfer,124,two_shared_ui,CFD WM64,Objects,0.35,0.38,50,within_sampled_range,UI,140,87.5,runs/yin_noise_matrix_20260926/results/r21vgg2k_vgg16_bn_aa_s42/faces_cfdWM64/objects/results.csv,UI_shared
aa4,VGG2k / AA4,r21vgg2k_vgg16_bn_aa_s42,face_transfer,124,two_shared_ui,CFD WM64,Objects,0.35,0.38,50,within_sampled_range,UI,141,91.66666666666666,runs/yin_noise_matrix_20260926/results/r21vgg2k_vgg16_bn_aa_s42/faces_cfdWM64/objects/results.csv,UI_shared
aa4,VGG2k / AA4,r21vgg2k_vgg16_bn_aa_s42,face_transfer,124,two_shared_ui,CFD WM64,Objects,0.35,0.38,50,within_sampled_range,UI,142,91.66666666666666,runs/yin_noise_matrix_20260926/results/r21vgg2k_vgg16_bn_aa_s42/faces_cfdWM64/objects/results.csv,UI_shared
aa4,VGG2k / AA4,r21vgg2k_vgg16_bn_aa_s42,face_transfer,124,two_shared_ui,CFD WM64,Objects,0.35,0.38,50,within_sampled_range,UI,143,100.0,runs/yin_noise_matrix_20260926/results/r21vgg2k_vgg16_bn_aa_s42/faces_cfdWM64/objects/results.csv,UI_shared
aa4,VGG2k / AA4,r21vgg2k_vgg16_bn_aa_s42,face_transfer,124,two_shared_ui,CFD WM64,Objects,0.35,0.38,50,within_sampled_range,UI,144,100.0,runs/yin_noise_matrix_20260926/results/r21vgg2k_vgg16_bn_aa_s42/faces_cfdWM64/objects/results.csv,UI_shared
aa4,VGG2k / AA4,r21vgg2k_vgg16_bn_aa_s42,face_transfer,124,two_shared_ui,CFD WM64,Objects,0.35,0.38,50,within_sampled_range,UI,145,95.83333333333334,runs/yin_noise_matrix_20260926/results/r21vgg2k_vgg16_bn_aa_s42/faces_cfdWM64/objects/results.csv,UI_shared
aa4,VGG2k / AA4,r21vgg2k_vgg16_bn_aa_s42,face_transfer,124,two_shared_ui,CFD WM64,Objects,0.35,0.38,50,within_sampled_range,UI,146,83.33333333333334,runs/yin_noise_matrix_20260926/results/r21vgg2k_vgg16_bn_aa_s42/faces_cfdWM64/objects/results.csv,UI_shared
aa4,VGG2k / AA4,r21vgg2k_vgg16_bn_aa_s42,face_transfer,124,two_shared_ui,CFD WM64,Objects,0.35,0.38,50,within_sampled_range,UI,147,91.66666666666666,runs/yin_noise_matrix_20260926/results/r21vgg2k_vgg16_bn_aa_s42/faces_cfdWM64/objects/results.csv,UI_shared
aa4,VGG2k / AA4,r21vgg2k_vgg16_bn_aa_s42,face_transfer,124,two_shared_ui,CFD WM64,Objects,0.35,0.38,50,within_sampled_range,UI,148,87.5,runs/yin_noise_matrix_20260926/results/r21vgg2k_vgg16_bn_aa_s42/faces_cfdWM64/objects/results.csv,UI_shared
aa4,VGG2k / AA4,r21vgg2k_vgg16_bn_aa_s42,face_transfer,124,two_shared_ui,CFD WM64,Objects,0.35,0.38,50,within_sampled_range,UI,149,83.33333333333334,runs/yin_noise_matrix_20260926/results/r21vgg2k_vgg16_bn_aa_s42/faces_cfdWM64/objects/results.csv,UI_shared
aa4,VGG2k / AA4,r21vgg2k_vgg16_bn_aa_s42,face_transfer,124,two_shared_ui,CFD WM64,Objects,0.35,0.38,50,within_sampled_range,UI,150,87.5,runs/yin_noise_matrix_20260926/results/r21vgg2k_vgg16_bn_aa_s42/faces_cfdWM64/objects/results.csv,UI_shared
aa4,VGG2k / AA4,r21vgg2k_vgg16_bn_aa_s42,face_transfer,124,two_shared_ui,CFD WM64,Objects,0.35,0.38,50,within_sampled_range,IU,101,91.66666666666666,runs/yin_noise_matrix_20260926/results/r21vgg2k_vgg16_bn_aa_s42/faces_cfdWM64/objects/results.csv,IU
aa4,VGG2k / AA4,r21vgg2k_vgg16_bn_aa_s42,face_transfer,124,two_shared_ui,CFD WM64,Objects,0.35,0.38,50,within_sampled_range,IU,102,87.5,runs/yin_noise_matrix_20260926/results/r21vgg2k_vgg16_bn_aa_s42/faces_cfdWM64/objects/results.csv,IU
aa4,VGG2k / AA4,r21vgg2k_vgg16_bn_aa_s42,face_transfer,124,two_shared_ui,CFD WM64,Objects,0.35,0.38,50,within_sampled_range,IU,103,95.83333333333334,runs/yin_noise_matrix_20260926/results/r21vgg2k_vgg16_bn_aa_s42/faces_cfdWM64/objects/results.csv,IU
aa4,VGG2k / AA4,r21vgg2k_vgg16_bn_aa_s42,face_transfer,124,two_shared_ui,CFD WM64,Objects,0.35,0.38,50,within_sampled_range,IU,104,91.66666666666666,runs/yin_noise_matrix_20260926/results/r21vgg2k_vgg16_bn_aa_s42/faces_cfdWM64/objects/results.csv,IU
aa4,VGG2k / AA4,r21vgg2k_vgg16_bn_aa_s42,face_transfer,124,two_shared_ui,CFD WM64,Objects,0.35,0.38,50,within_sampled_range,IU,105,75.0,runs/yin_noise_matrix_20260926/results/r21vgg2k_vgg16_bn_aa_s42/faces_cfdWM64/objects/results.csv,IU
aa4,VGG2k / AA4,r21vgg2k_vgg16_bn_aa_s42,face_transfer,124,two_shared_ui,CFD WM64,Objects,0.35,0.38,50,within_sampled_range,IU,106,91.66666666666666,runs/yin_noise_matrix_20260926/results/r21vgg2k_vgg16_bn_aa_s42/faces_cfdWM64/objects/results.csv,IU
aa4,VGG2k / AA4,r21vgg2k_vgg16_bn_aa_s42,face_transfer,124,two_shared_ui,CFD WM64,Objects,0.35,0.38,50,within_sampled_range,IU,107,91.66666666666666,runs/yin_noise_matrix_20260926/results/r21vgg2k_vgg16_bn_aa_s42/faces_cfdWM64/objects/results.csv,IU
aa4,VGG2k / AA4,r21vgg2k_vgg16_bn_aa_s42,face_transfer,124,two_shared_ui,CFD WM64,Objects,0.35,0.38,50,within_sampled_range,IU,108,95.83333333333334,runs/yin_noise_matrix_20260926/results/r21vgg2k_vgg16_bn_aa_s42/faces_cfdWM64/objects/results.csv,IU
aa4,VGG2k / AA4,r21vgg2k_vgg16_bn_aa_s42,face_transfer,124,two_shared_ui,CFD WM64,Objects,0.35,0.38,50,within_sampled_range,IU,109,91.66666666666666,runs/yin_noise_matrix_20260926/results/r21vgg2k_vgg16_bn_aa_s42/faces_cfdWM64/objects/results.csv,IU
aa4,VGG2k / AA4,r21vgg2k_vgg16_bn_aa_s42,face_transfer,124,two_shared_ui,CFD WM64,Objects,0.35,0.38,50,within_sampled_range,IU,110,95.83333333333334,runs/yin_noise_matrix_20260926/results/r21vgg2k_vgg16_bn_aa_s42/faces_cfdWM64/objects/results.csv,IU
aa4,VGG2k / AA4,r21vgg2k_vgg16_bn_aa_s42,face_transfer,124,two_shared_ui,CFD WM64,Objects,0.35,0.38,50,within_sampled_range,IU,111,95.83333333333334,runs/yin_noise_matrix_20260926/results/r21vgg2k_vgg16_bn_aa_s42/faces_cfdWM64/objects/results.csv,IU
aa4,VGG2k / AA4,r21vgg2k_vgg16_bn_aa_s42,face_transfer,124,two_shared_ui,CFD WM64,Objects,0.35,0.38,50,within_sampled_range,IU,112,95.83333333333334,runs/yin_noise_matrix_20260926/results/r21vgg2k_vgg16_bn_aa_s42/faces_cfdWM64/objects/results.csv,IU
aa4,VGG2k / AA4,r21vgg2k_vgg16_bn_aa_s42,face_transfer,124,two_shared_ui,CFD WM64,Objects,0.35,0.38,50,within_sampled_range,IU,113,83.33333333333334,runs/yin_noise_matrix_20260926/results/r21vgg2k_vgg16_bn_aa_s42/faces_cfdWM64/objects/results.csv,IU
aa4,VGG2k / AA4,r21vgg2k_vgg16_bn_aa_s42,face_transfer,124,two_shared_ui,CFD WM64,Objects,0.35,0.38,50,within_sampled_range,IU,114,91.66666666666666,runs/yin_noise_matrix_20260926/results/r21vgg2k_vgg16_bn_aa_s42/faces_cfdWM64/objects/results.csv,IU
aa4,VGG2k / AA4,r21vgg2k_vgg16_bn_aa_s42,face_transfer,124,two_shared_ui,CFD WM64,Objects,0.35,0.38,50,within_sampled_range,IU,115,95.83333333333334,runs/yin_noise_matrix_20260926/results/r21vgg2k_vgg16_bn_aa_s42/faces_cfdWM64/objects/results.csv,IU
aa4,VGG2k / AA4,r21vgg2k_vgg16_bn_aa_s42,face_transfer,124,two_shared_ui,CFD WM64,Objects,0.35,0.38,50,within_sampled_range,IU,116,91.66666666666666,runs/yin_noise_matrix_20260926/results/r21vgg2k_vgg16_bn_aa_s42/faces_cfdWM64/objects/results.csv,IU
aa4,VGG2k / AA4,r21vgg2k_vgg16_bn_aa_s42,face_transfer,124,two_shared_ui,CFD WM64,Objects,0.35,0.38,50,within_sampled_range,IU,117,100.0,runs/yin_noise_matrix_20260926/results/r21vgg2k_vgg16_bn_aa_s42/faces_cfdWM64/objects/results.csv,IU
aa4,VGG2k / AA4,r21vgg2k_vgg16_bn_aa_s42,face_transfer,124,two_shared_ui,CFD WM64,Objects,0.35,0.38,50,within_sampled_range,IU,118,95.83333333333334,runs/yin_noise_matrix_20260926/results/r21vgg2k_vgg16_bn_aa_s42/faces_cfdWM64/objects/results.csv,IU
aa4,VGG2k / AA4,r21vgg2k_vgg16_bn_aa_s42,face_transfer,124,two_shared_ui,CFD WM64,Objects,0.35,0.38,50,within_sampled_range,IU,119,95.83333333333334,runs/yin_noise_matrix_20260926/results/r21vgg2k_vgg16_bn_aa_s42/faces_cfdWM64/objects/results.csv,IU
aa4,VGG2k / AA4,r21vgg2k_vgg16_bn_aa_s42,face_transfer,124,two_shared_ui,CFD WM64,Objects,0.35,0.38,50,within_sampled_range,IU,120,79.16666666666666,runs/yin_noise_matrix_20260926/results/r21vgg2k_vgg16_bn_aa_s42/faces_cfdWM64/objects/results.csv,IU
aa4,VGG2k / AA4,r21vgg2k_vgg16_bn_aa_s42,face_transfer,124,two_shared_ui,CFD WM64,Objects,0.35,0.38,50,within_sampled_range,IU,121,91.66666666666666,runs/yin_noise_matrix_20260926/results/r21vgg2k_vgg16_bn_aa_s42/faces_cfdWM64/objects/results.csv,IU
aa4,VGG2k / AA4,r21vgg2k_vgg16_bn_aa_s42,face_transfer,124,two_shared_ui,CFD WM64,Objects,0.35,0.38,50,within_sampled_range,IU,122,91.66666666666666,runs/yin_noise_matrix_20260926/results/r21vgg2k_vgg16_bn_aa_s42/faces_cfdWM64/objects/results.csv,IU
aa4,VGG2k / AA4,r21vgg2k_vgg16_bn_aa_s42,face_transfer,124,two_shared_ui,CFD WM64,Objects,0.35,0.38,50,within_sampled_range,IU,123,91.66666666666666,runs/yin_noise_matrix_20260926/results/r21vgg2k_vgg16_bn_aa_s42/faces_cfdWM64/objects/results.csv,IU
aa4,VGG2k / AA4,r21vgg2k_vgg16_bn_aa_s42,face_transfer,124,two_shared_ui,CFD WM64,Objects,0.35,0.38,50,within_sampled_range,IU,124,83.33333333333334,runs/yin_noise_matrix_20260926/results/r21vgg2k_vgg16_bn_aa_s42/faces_cfdWM64/objects/results.csv,IU
aa4,VGG2k / AA4,r21vgg2k_vgg16_bn_aa_s42,face_transfer,124,two_shared_ui,CFD WM64,Objects,0.35,0.38,50,within_sampled_range,IU,125,87.5,runs/yin_noise_matrix_20260926/results/r21vgg2k_vgg16_bn_aa_s42/faces_cfdWM64/objects/results.csv,IU
aa4,VGG2k / AA4,r21vgg2k_vgg16_bn_aa_s42,face_transfer,124,two_shared_ui,CFD WM64,Objects,0.35,0.38,50,within_sampled_range,IU,126,100.0,runs/yin_noise_matrix_20260926/results/r21vgg2k_vgg16_bn_aa_s42/faces_cfdWM64/objects/results.csv,IU
aa4,VGG2k / AA4,r21vgg2k_vgg16_bn_aa_s42,face_transfer,124,two_shared_ui,CFD WM64,Objects,0.35,0.38,50,within_sampled_range,IU,127,83.33333333333334,runs/yin_noise_matrix_20260926/results/r21vgg2k_vgg16_bn_aa_s42/faces_cfdWM64/objects/results.csv,IU
aa4,VGG2k / AA4,r21vgg2k_vgg16_bn_aa_s42,face_transfer,124,two_shared_ui,CFD WM64,Objects,0.35,0.38,50,within_sampled_range,IU,128,91.66666666666666,runs/yin_noise_matrix_20260926/results/r21vgg2k_vgg16_bn_aa_s42/faces_cfdWM64/objects/results.csv,IU
aa4,VGG2k / AA4,r21vgg2k_vgg16_bn_aa_s42,face_transfer,124,two_shared_ui,CFD WM64,Objects,0.35,0.38,50,within_sampled_range,IU,129,95.83333333333334,runs/yin_noise_matrix_20260926/results/r21vgg2k_vgg16_bn_aa_s42/faces_cfdWM64/objects/results.csv,IU
aa4,VGG2k / AA4,r21vgg2k_vgg16_bn_aa_s42,face_transfer,124,two_shared_ui,CFD WM64,Objects,0.35,0.38,50,within_sampled_range,IU,130,91.66666666666666,runs/yin_noise_matrix_20260926/results/r21vgg2k_vgg16_bn_aa_s42/faces_cfdWM64/objects/results.csv,IU
aa4,VGG2k / AA4,r21vgg2k_vgg16_bn_aa_s42,face_transfer,124,two_shared_ui,CFD WM64,Objects,0.35,0.38,50,within_sampled_range,IU,131,95.83333333333334,runs/yin_noise_matrix_20260926/results/r21vgg2k_vgg16_bn_aa_s42/faces_cfdWM64/objects/results.csv,IU
aa4,VGG2k / AA4,r21vgg2k_vgg16_bn_aa_s42,face_transfer,124,two_shared_ui,CFD WM64,Objects,0.35,0.38,50,within_sampled_range,IU,132,95.83333333333334,runs/yin_noise_matrix_20260926/results/r21vgg2k_vgg16_bn_aa_s42/faces_cfdWM64/objects/results.csv,IU
aa4,VGG2k / AA4,r21vgg2k_vgg16_bn_aa_s42,face_transfer,124,two_shared_ui,CFD WM64,Objects,0.35,0.38,50,within_sampled_range,IU,133,87.5,runs/yin_noise_matrix_20260926/results/r21vgg2k_vgg16_bn_aa_s42/faces_cfdWM64/objects/results.csv,IU
aa4,VGG2k / AA4,r21vgg2k_vgg16_bn_aa_s42,face_transfer,124,two_shared_ui,CFD WM64,Objects,0.35,0.38,50,within_sampled_range,IU,134,91.66666666666666,runs/yin_noise_matrix_20260926/results/r21vgg2k_vgg16_bn_aa_s42/faces_cfdWM64/objects/results.csv,IU
aa4,VGG2k / AA4,r21vgg2k_vgg16_bn_aa_s42,face_transfer,124,two_shared_ui,CFD WM64,Objects,0.35,0.38,50,within_sampled_range,IU,135,83.33333333333334,runs/yin_noise_matrix_20260926/results/r21vgg2k_vgg16_bn_aa_s42/faces_cfdWM64/objects/results.csv,IU
aa4,VGG2k / AA4,r21vgg2k_vgg16_bn_aa_s42,face_transfer,124,two_shared_ui,CFD WM64,Objects,0.35,0.38,50,within_sampled_range,IU,136,87.5,runs/yin_noise_matrix_20260926/results/r21vgg2k_vgg16_bn_aa_s42/faces_cfdWM64/objects/results.csv,IU
aa4,VGG2k / AA4,r21vgg2k_vgg16_bn_aa_s42,face_transfer,124,two_shared_ui,CFD WM64,Objects,0.35,0.38,50,within_sampled_range,IU,137,83.33333333333334,runs/yin_noise_matrix_20260926/results/r21vgg2k_vgg16_bn_aa_s42/faces_cfdWM64/objects/results.csv,IU
aa4,VGG2k / AA4,r21vgg2k_vgg16_bn_aa_s42,face_transfer,124,two_shared_ui,CFD WM64,Objects,0.35,0.38,50,within_sampled_range,IU,138,87.5,runs/yin_noise_matrix_20260926/results/r21vgg2k_vgg16_bn_aa_s42/faces_cfdWM64/objects/results.csv,IU
aa4,VGG2k / AA4,r21vgg2k_vgg16_bn_aa_s42,face_transfer,124,two_shared_ui,CFD WM64,Objects,0.35,0.38,50,within_sampled_range,IU,139,91.66666666666666,runs/yin_noise_matrix_20260926/results/r21vgg2k_vgg16_bn_aa_s42/faces_cfdWM64/objects/results.csv,IU
aa4,VGG2k / AA4,r21vgg2k_vgg16_bn_aa_s42,face_transfer,124,two_shared_ui,CFD WM64,Objects,0.35,0.38,50,within_sampled_range,IU,140,87.5,runs/yin_noise_matrix_20260926/results/r21vgg2k_vgg16_bn_aa_s42/faces_cfdWM64/objects/results.csv,IU
aa4,VGG2k / AA4,r21vgg2k_vgg16_bn_aa_s42,face_transfer,124,two_shared_ui,CFD WM64,Objects,0.35,0.38,50,within_sampled_range,IU,141,83.33333333333334,runs/yin_noise_matrix_20260926/results/r21vgg2k_vgg16_bn_aa_s42/faces_cfdWM64/objects/results.csv,IU
aa4,VGG2k / AA4,r21vgg2k_vgg16_bn_aa_s42,face_transfer,124,two_shared_ui,CFD WM64,Objects,0.35,0.38,50,within_sampled_range,IU,142,95.83333333333334,runs/yin_noise_matrix_20260926/results/r21vgg2k_vgg16_bn_aa_s42/faces_cfdWM64/objects/results.csv,IU
aa4,VGG2k / AA4,r21vgg2k_vgg16_bn_aa_s42,face_transfer,124,two_shared_ui,CFD WM64,Objects,0.35,0.38,50,within_sampled_range,IU,143,79.16666666666666,runs/yin_noise_matrix_20260926/results/r21vgg2k_vgg16_bn_aa_s42/faces_cfdWM64/objects/results.csv,IU
aa4,VGG2k / AA4,r21vgg2k_vgg16_bn_aa_s42,face_transfer,124,two_shared_ui,CFD WM64,Objects,0.35,0.38,50,within_sampled_range,IU,144,91.66666666666666,runs/yin_noise_matrix_20260926/results/r21vgg2k_vgg16_bn_aa_s42/faces_cfdWM64/objects/results.csv,IU
aa4,VGG2k / AA4,r21vgg2k_vgg16_bn_aa_s42,face_transfer,124,two_shared_ui,CFD WM64,Objects,0.35,0.38,50,within_sampled_range,IU,145,91.66666666666666,runs/yin_noise_matrix_20260926/results/r21vgg2k_vgg16_bn_aa_s42/faces_cfdWM64/objects/results.csv,IU
aa4,VGG2k / AA4,r21vgg2k_vgg16_bn_aa_s42,face_transfer,124,two_shared_ui,CFD WM64,Objects,0.35,0.38,50,within_sampled_range,IU,146,91.66666666666666,runs/yin_noise_matrix_20260926/results/r21vgg2k_vgg16_bn_aa_s42/faces_cfdWM64/objects/results.csv,IU
aa4,VGG2k / AA4,r21vgg2k_vgg16_bn_aa_s42,face_transfer,124,two_shared_ui,CFD WM64,Objects,0.35,0.38,50,within_sampled_range,IU,147,91.66666666666666,runs/yin_noise_matrix_20260926/results/r21vgg2k_vgg16_bn_aa_s42/faces_cfdWM64/objects/results.csv,IU
aa4,VGG2k / AA4,r21vgg2k_vgg16_bn_aa_s42,face_transfer,124,two_shared_ui,CFD WM64,Objects,0.35,0.38,50,within_sampled_range,IU,148,83.33333333333334,runs/yin_noise_matrix_20260926/results/r21vgg2k_vgg16_bn_aa_s42/faces_cfdWM64/objects/results.csv,IU
aa4,VGG2k / AA4,r21vgg2k_vgg16_bn_aa_s42,face_transfer,124,two_shared_ui,CFD WM64,Objects,0.35,0.38,50,within_sampled_range,IU,149,87.5,runs/yin_noise_matrix_20260926/results/r21vgg2k_vgg16_bn_aa_s42/faces_cfdWM64/objects/results.csv,IU
aa4,VGG2k / AA4,r21vgg2k_vgg16_bn_aa_s42,face_transfer,124,two_shared_ui,CFD WM64,Objects,0.35,0.38,50,within_sampled_range,IU,150,87.5,runs/yin_noise_matrix_20260926/results/r21vgg2k_vgg16_bn_aa_s42/faces_cfdWM64/objects/results.csv,IU
aa4,VGG2k / AA4,r21vgg2k_vgg16_bn_aa_s42,face_transfer,124,single_uu,CFD WM64,Houses,0.35,,50,within_sampled_range,UU,101,79.16666666666666,runs/yin_single_noise_20260925/results/r21vgg2k_vgg16_bn_aa_s42/faces_cfdWM64/houses_yin64/results.csv,UU
aa4,VGG2k / AA4,r21vgg2k_vgg16_bn_aa_s42,face_transfer,124,single_uu,CFD WM64,Houses,0.35,,50,within_sampled_range,UU,102,70.83333333333334,runs/yin_single_noise_20260925/results/r21vgg2k_vgg16_bn_aa_s42/faces_cfdWM64/houses_yin64/results.csv,UU
aa4,VGG2k / AA4,r21vgg2k_vgg16_bn_aa_s42,face_transfer,124,single_uu,CFD WM64,Houses,0.35,,50,within_sampled_range,UU,103,66.66666666666666,runs/yin_single_noise_20260925/results/r21vgg2k_vgg16_bn_aa_s42/faces_cfdWM64/houses_yin64/results.csv,UU
aa4,VGG2k / AA4,r21vgg2k_vgg16_bn_aa_s42,face_transfer,124,single_uu,CFD WM64,Houses,0.35,,50,within_sampled_range,UU,104,62.5,runs/yin_single_noise_20260925/results/r21vgg2k_vgg16_bn_aa_s42/faces_cfdWM64/houses_yin64/results.csv,UU
aa4,VGG2k / AA4,r21vgg2k_vgg16_bn_aa_s42,face_transfer,124,single_uu,CFD WM64,Houses,0.35,,50,within_sampled_range,UU,105,70.83333333333334,runs/yin_single_noise_20260925/results/r21vgg2k_vgg16_bn_aa_s42/faces_cfdWM64/houses_yin64/results.csv,UU
aa4,VGG2k / AA4,r21vgg2k_vgg16_bn_aa_s42,face_transfer,124,single_uu,CFD WM64,Houses,0.35,,50,within_sampled_range,UU,106,75.0,runs/yin_single_noise_20260925/results/r21vgg2k_vgg16_bn_aa_s42/faces_cfdWM64/houses_yin64/results.csv,UU
aa4,VGG2k / AA4,r21vgg2k_vgg16_bn_aa_s42,face_transfer,124,single_uu,CFD WM64,Houses,0.35,,50,within_sampled_range,UU,107,70.83333333333334,runs/yin_single_noise_20260925/results/r21vgg2k_vgg16_bn_aa_s42/faces_cfdWM64/houses_yin64/results.csv,UU
aa4,VGG2k / AA4,r21vgg2k_vgg16_bn_aa_s42,face_transfer,124,single_uu,CFD WM64,Houses,0.35,,50,within_sampled_range,UU,108,58.333333333333336,runs/yin_single_noise_20260925/results/r21vgg2k_vgg16_bn_aa_s42/faces_cfdWM64/houses_yin64/results.csv,UU
aa4,VGG2k / AA4,r21vgg2k_vgg16_bn_aa_s42,face_transfer,124,single_uu,CFD WM64,Houses,0.35,,50,within_sampled_range,UU,109,70.83333333333334,runs/yin_single_noise_20260925/results/r21vgg2k_vgg16_bn_aa_s42/faces_cfdWM64/houses_yin64/results.csv,UU
aa4,VGG2k / AA4,r21vgg2k_vgg16_bn_aa_s42,face_transfer,124,single_uu,CFD WM64,Houses,0.35,,50,within_sampled_range,UU,110,66.66666666666666,runs/yin_single_noise_20260925/results/r21vgg2k_vgg16_bn_aa_s42/faces_cfdWM64/houses_yin64/results.csv,UU
aa4,VGG2k / AA4,r21vgg2k_vgg16_bn_aa_s42,face_transfer,124,single_uu,CFD WM64,Houses,0.35,,50,within_sampled_range,UU,111,70.83333333333334,runs/yin_single_noise_20260925/results/r21vgg2k_vgg16_bn_aa_s42/faces_cfdWM64/houses_yin64/results.csv,UU
aa4,VGG2k / AA4,r21vgg2k_vgg16_bn_aa_s42,face_transfer,124,single_uu,CFD WM64,Houses,0.35,,50,within_sampled_range,UU,112,62.5,runs/yin_single_noise_20260925/results/r21vgg2k_vgg16_bn_aa_s42/faces_cfdWM64/houses_yin64/results.csv,UU
aa4,VGG2k / AA4,r21vgg2k_vgg16_bn_aa_s42,face_transfer,124,single_uu,CFD WM64,Houses,0.35,,50,within_sampled_range,UU,113,75.0,runs/yin_single_noise_20260925/results/r21vgg2k_vgg16_bn_aa_s42/faces_cfdWM64/houses_yin64/results.csv,UU
aa4,VGG2k / AA4,r21vgg2k_vgg16_bn_aa_s42,face_transfer,124,single_uu,CFD WM64,Houses,0.35,,50,within_sampled_range,UU,114,66.66666666666666,runs/yin_single_noise_20260925/results/r21vgg2k_vgg16_bn_aa_s42/faces_cfdWM64/houses_yin64/results.csv,UU
aa4,VGG2k / AA4,r21vgg2k_vgg16_bn_aa_s42,face_transfer,124,single_uu,CFD WM64,Houses,0.35,,50,within_sampled_range,UU,115,66.66666666666666,runs/yin_single_noise_20260925/results/r21vgg2k_vgg16_bn_aa_s42/faces_cfdWM64/houses_yin64/results.csv,UU
aa4,VGG2k / AA4,r21vgg2k_vgg16_bn_aa_s42,face_transfer,124,single_uu,CFD WM64,Houses,0.35,,50,within_sampled_range,UU,116,79.16666666666666,runs/yin_single_noise_20260925/results/r21vgg2k_vgg16_bn_aa_s42/faces_cfdWM64/houses_yin64/results.csv,UU
aa4,VGG2k / AA4,r21vgg2k_vgg16_bn_aa_s42,face_transfer,124,single_uu,CFD WM64,Houses,0.35,,50,within_sampled_range,UU,117,75.0,runs/yin_single_noise_20260925/results/r21vgg2k_vgg16_bn_aa_s42/faces_cfdWM64/houses_yin64/results.csv,UU
aa4,VGG2k / AA4,r21vgg2k_vgg16_bn_aa_s42,face_transfer,124,single_uu,CFD WM64,Houses,0.35,,50,within_sampled_range,UU,118,83.33333333333334,runs/yin_single_noise_20260925/results/r21vgg2k_vgg16_bn_aa_s42/faces_cfdWM64/houses_yin64/results.csv,UU
aa4,VGG2k / AA4,r21vgg2k_vgg16_bn_aa_s42,face_transfer,124,single_uu,CFD WM64,Houses,0.35,,50,within_sampled_range,UU,119,62.5,runs/yin_single_noise_20260925/results/r21vgg2k_vgg16_bn_aa_s42/faces_cfdWM64/houses_yin64/results.csv,UU
aa4,VGG2k / AA4,r21vgg2k_vgg16_bn_aa_s42,face_transfer,124,single_uu,CFD WM64,Houses,0.35,,50,within_sampled_range,UU,120,75.0,runs/yin_single_noise_20260925/results/r21vgg2k_vgg16_bn_aa_s42/faces_cfdWM64/houses_yin64/results.csv,UU
aa4,VGG2k / AA4,r21vgg2k_vgg16_bn_aa_s42,face_transfer,124,single_uu,CFD WM64,Houses,0.35,,50,within_sampled_range,UU,121,70.83333333333334,runs/yin_single_noise_20260925/results/r21vgg2k_vgg16_bn_aa_s42/faces_cfdWM64/houses_yin64/results.csv,UU
aa4,VGG2k / AA4,r21vgg2k_vgg16_bn_aa_s42,face_transfer,124,single_uu,CFD WM64,Houses,0.35,,50,within_sampled_range,UU,122,66.66666666666666,runs/yin_single_noise_20260925/results/r21vgg2k_vgg16_bn_aa_s42/faces_cfdWM64/houses_yin64/results.csv,UU
aa4,VGG2k / AA4,r21vgg2k_vgg16_bn_aa_s42,face_transfer,124,single_uu,CFD WM64,Houses,0.35,,50,within_sampled_range,UU,123,91.66666666666666,runs/yin_single_noise_20260925/results/r21vgg2k_vgg16_bn_aa_s42/faces_cfdWM64/houses_yin64/results.csv,UU
aa4,VGG2k / AA4,r21vgg2k_vgg16_bn_aa_s42,face_transfer,124,single_uu,CFD WM64,Houses,0.35,,50,within_sampled_range,UU,124,75.0,runs/yin_single_noise_20260925/results/r21vgg2k_vgg16_bn_aa_s42/faces_cfdWM64/houses_yin64/results.csv,UU
aa4,VGG2k / AA4,r21vgg2k_vgg16_bn_aa_s42,face_transfer,124,single_uu,CFD WM64,Houses,0.35,,50,within_sampled_range,UU,125,70.83333333333334,runs/yin_single_noise_20260925/results/r21vgg2k_vgg16_bn_aa_s42/faces_cfdWM64/houses_yin64/results.csv,UU
aa4,VGG2k / AA4,r21vgg2k_vgg16_bn_aa_s42,face_transfer,124,single_uu,CFD WM64,Houses,0.35,,50,within_sampled_range,UU,126,62.5,runs/yin_single_noise_20260925/results/r21vgg2k_vgg16_bn_aa_s42/faces_cfdWM64/houses_yin64/results.csv,UU
aa4,VGG2k / AA4,r21vgg2k_vgg16_bn_aa_s42,face_transfer,124,single_uu,CFD WM64,Houses,0.35,,50,within_sampled_range,UU,127,75.0,runs/yin_single_noise_20260925/results/r21vgg2k_vgg16_bn_aa_s42/faces_cfdWM64/houses_yin64/results.csv,UU
aa4,VGG2k / AA4,r21vgg2k_vgg16_bn_aa_s42,face_transfer,124,single_uu,CFD WM64,Houses,0.35,,50,within_sampled_range,UU,128,62.5,runs/yin_single_noise_20260925/results/r21vgg2k_vgg16_bn_aa_s42/faces_cfdWM64/houses_yin64/results.csv,UU
aa4,VGG2k / AA4,r21vgg2k_vgg16_bn_aa_s42,face_transfer,124,single_uu,CFD WM64,Houses,0.35,,50,within_sampled_range,UU,129,58.333333333333336,runs/yin_single_noise_20260925/results/r21vgg2k_vgg16_bn_aa_s42/faces_cfdWM64/houses_yin64/results.csv,UU
aa4,VGG2k / AA4,r21vgg2k_vgg16_bn_aa_s42,face_transfer,124,single_uu,CFD WM64,Houses,0.35,,50,within_sampled_range,UU,130,75.0,runs/yin_single_noise_20260925/results/r21vgg2k_vgg16_bn_aa_s42/faces_cfdWM64/houses_yin64/results.csv,UU
aa4,VGG2k / AA4,r21vgg2k_vgg16_bn_aa_s42,face_transfer,124,single_uu,CFD WM64,Houses,0.35,,50,within_sampled_range,UU,131,66.66666666666666,runs/yin_single_noise_20260925/results/r21vgg2k_vgg16_bn_aa_s42/faces_cfdWM64/houses_yin64/results.csv,UU
aa4,VGG2k / AA4,r21vgg2k_vgg16_bn_aa_s42,face_transfer,124,single_uu,CFD WM64,Houses,0.35,,50,within_sampled_range,UU,132,79.16666666666666,runs/yin_single_noise_20260925/results/r21vgg2k_vgg16_bn_aa_s42/faces_cfdWM64/houses_yin64/results.csv,UU
aa4,VGG2k / AA4,r21vgg2k_vgg16_bn_aa_s42,face_transfer,124,single_uu,CFD WM64,Houses,0.35,,50,within_sampled_range,UU,133,62.5,runs/yin_single_noise_20260925/results/r21vgg2k_vgg16_bn_aa_s42/faces_cfdWM64/houses_yin64/results.csv,UU
aa4,VGG2k / AA4,r21vgg2k_vgg16_bn_aa_s42,face_transfer,124,single_uu,CFD WM64,Houses,0.35,,50,within_sampled_range,UU,134,75.0,runs/yin_single_noise_20260925/results/r21vgg2k_vgg16_bn_aa_s42/faces_cfdWM64/houses_yin64/results.csv,UU
aa4,VGG2k / AA4,r21vgg2k_vgg16_bn_aa_s42,face_transfer,124,single_uu,CFD WM64,Houses,0.35,,50,within_sampled_range,UU,135,62.5,runs/yin_single_noise_20260925/results/r21vgg2k_vgg16_bn_aa_s42/faces_cfdWM64/houses_yin64/results.csv,UU
aa4,VGG2k / AA4,r21vgg2k_vgg16_bn_aa_s42,face_transfer,124,single_uu,CFD WM64,Houses,0.35,,50,within_sampled_range,UU,136,83.33333333333334,runs/yin_single_noise_20260925/results/r21vgg2k_vgg16_bn_aa_s42/faces_cfdWM64/houses_yin64/results.csv,UU
aa4,VGG2k / AA4,r21vgg2k_vgg16_bn_aa_s42,face_transfer,124,single_uu,CFD WM64,Houses,0.35,,50,within_sampled_range,UU,137,70.83333333333334,runs/yin_single_noise_20260925/results/r21vgg2k_vgg16_bn_aa_s42/faces_cfdWM64/houses_yin64/results.csv,UU
aa4,VGG2k / AA4,r21vgg2k_vgg16_bn_aa_s42,face_transfer,124,single_uu,CFD WM64,Houses,0.35,,50,within_sampled_range,UU,138,75.0,runs/yin_single_noise_20260925/results/r21vgg2k_vgg16_bn_aa_s42/faces_cfdWM64/houses_yin64/results.csv,UU
aa4,VGG2k / AA4,r21vgg2k_vgg16_bn_aa_s42,face_transfer,124,single_uu,CFD WM64,Houses,0.35,,50,within_sampled_range,UU,139,50.0,runs/yin_single_noise_20260925/results/r21vgg2k_vgg16_bn_aa_s42/faces_cfdWM64/houses_yin64/results.csv,UU
aa4,VGG2k / AA4,r21vgg2k_vgg16_bn_aa_s42,face_transfer,124,single_uu,CFD WM64,Houses,0.35,,50,within_sampled_range,UU,140,75.0,runs/yin_single_noise_20260925/results/r21vgg2k_vgg16_bn_aa_s42/faces_cfdWM64/houses_yin64/results.csv,UU
aa4,VGG2k / AA4,r21vgg2k_vgg16_bn_aa_s42,face_transfer,124,single_uu,CFD WM64,Houses,0.35,,50,within_sampled_range,UU,141,70.83333333333334,runs/yin_single_noise_20260925/results/r21vgg2k_vgg16_bn_aa_s42/faces_cfdWM64/houses_yin64/results.csv,UU
aa4,VGG2k / AA4,r21vgg2k_vgg16_bn_aa_s42,face_transfer,124,single_uu,CFD WM64,Houses,0.35,,50,within_sampled_range,UU,142,83.33333333333334,runs/yin_single_noise_20260925/results/r21vgg2k_vgg16_bn_aa_s42/faces_cfdWM64/houses_yin64/results.csv,UU
aa4,VGG2k / AA4,r21vgg2k_vgg16_bn_aa_s42,face_transfer,124,single_uu,CFD WM64,Houses,0.35,,50,within_sampled_range,UU,143,66.66666666666666,runs/yin_single_noise_20260925/results/r21vgg2k_vgg16_bn_aa_s42/faces_cfdWM64/houses_yin64/results.csv,UU
aa4,VGG2k / AA4,r21vgg2k_vgg16_bn_aa_s42,face_transfer,124,single_uu,CFD WM64,Houses,0.35,,50,within_sampled_range,UU,144,70.83333333333334,runs/yin_single_noise_20260925/results/r21vgg2k_vgg16_bn_aa_s42/faces_cfdWM64/houses_yin64/results.csv,UU
aa4,VGG2k / AA4,r21vgg2k_vgg16_bn_aa_s42,face_transfer,124,single_uu,CFD WM64,Houses,0.35,,50,within_sampled_range,UU,145,66.66666666666666,runs/yin_single_noise_20260925/results/r21vgg2k_vgg16_bn_aa_s42/faces_cfdWM64/houses_yin64/results.csv,UU
aa4,VGG2k / AA4,r21vgg2k_vgg16_bn_aa_s42,face_transfer,124,single_uu,CFD WM64,Houses,0.35,,50,within_sampled_range,UU,146,62.5,runs/yin_single_noise_20260925/results/r21vgg2k_vgg16_bn_aa_s42/faces_cfdWM64/houses_yin64/results.csv,UU
aa4,VGG2k / AA4,r21vgg2k_vgg16_bn_aa_s42,face_transfer,124,single_uu,CFD WM64,Houses,0.35,,50,within_sampled_range,UU,147,83.33333333333334,runs/yin_single_noise_20260925/results/r21vgg2k_vgg16_bn_aa_s42/faces_cfdWM64/houses_yin64/results.csv,UU
aa4,VGG2k / AA4,r21vgg2k_vgg16_bn_aa_s42,face_transfer,124,single_uu,CFD WM64,Houses,0.35,,50,within_sampled_range,UU,148,75.0,runs/yin_single_noise_20260925/results/r21vgg2k_vgg16_bn_aa_s42/faces_cfdWM64/houses_yin64/results.csv,UU
aa4,VGG2k / AA4,r21vgg2k_vgg16_bn_aa_s42,face_transfer,124,single_uu,CFD WM64,Houses,0.35,,50,within_sampled_range,UU,149,70.83333333333334,runs/yin_single_noise_20260925/results/r21vgg2k_vgg16_bn_aa_s42/faces_cfdWM64/houses_yin64/results.csv,UU
aa4,VGG2k / AA4,r21vgg2k_vgg16_bn_aa_s42,face_transfer,124,single_uu,CFD WM64,Houses,0.35,,50,within_sampled_range,UU,150,58.333333333333336,runs/yin_single_noise_20260925/results/r21vgg2k_vgg16_bn_aa_s42/faces_cfdWM64/houses_yin64/results.csv,UU
aa4,VGG2k / AA4,r21vgg2k_vgg16_bn_aa_s42,face_transfer,124,single_uu,CFD WM64,Houses,0.35,,50,within_sampled_range,II,101,79.16666666666666,runs/yin_single_noise_20260925/results/r21vgg2k_vgg16_bn_aa_s42/faces_cfdWM64/houses_yin64/results.csv,II
aa4,VGG2k / AA4,r21vgg2k_vgg16_bn_aa_s42,face_transfer,124,single_uu,CFD WM64,Houses,0.35,,50,within_sampled_range,II,102,79.16666666666666,runs/yin_single_noise_20260925/results/r21vgg2k_vgg16_bn_aa_s42/faces_cfdWM64/houses_yin64/results.csv,II
aa4,VGG2k / AA4,r21vgg2k_vgg16_bn_aa_s42,face_transfer,124,single_uu,CFD WM64,Houses,0.35,,50,within_sampled_range,II,103,87.5,runs/yin_single_noise_20260925/results/r21vgg2k_vgg16_bn_aa_s42/faces_cfdWM64/houses_yin64/results.csv,II
aa4,VGG2k / AA4,r21vgg2k_vgg16_bn_aa_s42,face_transfer,124,single_uu,CFD WM64,Houses,0.35,,50,within_sampled_range,II,104,75.0,runs/yin_single_noise_20260925/results/r21vgg2k_vgg16_bn_aa_s42/faces_cfdWM64/houses_yin64/results.csv,II
aa4,VGG2k / AA4,r21vgg2k_vgg16_bn_aa_s42,face_transfer,124,single_uu,CFD WM64,Houses,0.35,,50,within_sampled_range,II,105,83.33333333333334,runs/yin_single_noise_20260925/results/r21vgg2k_vgg16_bn_aa_s42/faces_cfdWM64/houses_yin64/results.csv,II
aa4,VGG2k / AA4,r21vgg2k_vgg16_bn_aa_s42,face_transfer,124,single_uu,CFD WM64,Houses,0.35,,50,within_sampled_range,II,106,75.0,runs/yin_single_noise_20260925/results/r21vgg2k_vgg16_bn_aa_s42/faces_cfdWM64/houses_yin64/results.csv,II
aa4,VGG2k / AA4,r21vgg2k_vgg16_bn_aa_s42,face_transfer,124,single_uu,CFD WM64,Houses,0.35,,50,within_sampled_range,II,107,66.66666666666666,runs/yin_single_noise_20260925/results/r21vgg2k_vgg16_bn_aa_s42/faces_cfdWM64/houses_yin64/results.csv,II
aa4,VGG2k / AA4,r21vgg2k_vgg16_bn_aa_s42,face_transfer,124,single_uu,CFD WM64,Houses,0.35,,50,within_sampled_range,II,108,79.16666666666666,runs/yin_single_noise_20260925/results/r21vgg2k_vgg16_bn_aa_s42/faces_cfdWM64/houses_yin64/results.csv,II
aa4,VGG2k / AA4,r21vgg2k_vgg16_bn_aa_s42,face_transfer,124,single_uu,CFD WM64,Houses,0.35,,50,within_sampled_range,II,109,66.66666666666666,runs/yin_single_noise_20260925/results/r21vgg2k_vgg16_bn_aa_s42/faces_cfdWM64/houses_yin64/results.csv,II
aa4,VGG2k / AA4,r21vgg2k_vgg16_bn_aa_s42,face_transfer,124,single_uu,CFD WM64,Houses,0.35,,50,within_sampled_range,II,110,62.5,runs/yin_single_noise_20260925/results/r21vgg2k_vgg16_bn_aa_s42/faces_cfdWM64/houses_yin64/results.csv,II
aa4,VGG2k / AA4,r21vgg2k_vgg16_bn_aa_s42,face_transfer,124,single_uu,CFD WM64,Houses,0.35,,50,within_sampled_range,II,111,66.66666666666666,runs/yin_single_noise_20260925/results/r21vgg2k_vgg16_bn_aa_s42/faces_cfdWM64/houses_yin64/results.csv,II
aa4,VGG2k / AA4,r21vgg2k_vgg16_bn_aa_s42,face_transfer,124,single_uu,CFD WM64,Houses,0.35,,50,within_sampled_range,II,112,66.66666666666666,runs/yin_single_noise_20260925/results/r21vgg2k_vgg16_bn_aa_s42/faces_cfdWM64/houses_yin64/results.csv,II
aa4,VGG2k / AA4,r21vgg2k_vgg16_bn_aa_s42,face_transfer,124,single_uu,CFD WM64,Houses,0.35,,50,within_sampled_range,II,113,79.16666666666666,runs/yin_single_noise_20260925/results/r21vgg2k_vgg16_bn_aa_s42/faces_cfdWM64/houses_yin64/results.csv,II
aa4,VGG2k / AA4,r21vgg2k_vgg16_bn_aa_s42,face_transfer,124,single_uu,CFD WM64,Houses,0.35,,50,within_sampled_range,II,114,79.16666666666666,runs/yin_single_noise_20260925/results/r21vgg2k_vgg16_bn_aa_s42/faces_cfdWM64/houses_yin64/results.csv,II
aa4,VGG2k / AA4,r21vgg2k_vgg16_bn_aa_s42,face_transfer,124,single_uu,CFD WM64,Houses,0.35,,50,within_sampled_range,II,115,66.66666666666666,runs/yin_single_noise_20260925/results/r21vgg2k_vgg16_bn_aa_s42/faces_cfdWM64/houses_yin64/results.csv,II
aa4,VGG2k / AA4,r21vgg2k_vgg16_bn_aa_s42,face_transfer,124,single_uu,CFD WM64,Houses,0.35,,50,within_sampled_range,II,116,66.66666666666666,runs/yin_single_noise_20260925/results/r21vgg2k_vgg16_bn_aa_s42/faces_cfdWM64/houses_yin64/results.csv,II
aa4,VGG2k / AA4,r21vgg2k_vgg16_bn_aa_s42,face_transfer,124,single_uu,CFD WM64,Houses,0.35,,50,within_sampled_range,II,117,75.0,runs/yin_single_noise_20260925/results/r21vgg2k_vgg16_bn_aa_s42/faces_cfdWM64/houses_yin64/results.csv,II
aa4,VGG2k / AA4,r21vgg2k_vgg16_bn_aa_s42,face_transfer,124,single_uu,CFD WM64,Houses,0.35,,50,within_sampled_range,II,118,79.16666666666666,runs/yin_single_noise_20260925/results/r21vgg2k_vgg16_bn_aa_s42/faces_cfdWM64/houses_yin64/results.csv,II
aa4,VGG2k / AA4,r21vgg2k_vgg16_bn_aa_s42,face_transfer,124,single_uu,CFD WM64,Houses,0.35,,50,within_sampled_range,II,119,66.66666666666666,runs/yin_single_noise_20260925/results/r21vgg2k_vgg16_bn_aa_s42/faces_cfdWM64/houses_yin64/results.csv,II
aa4,VGG2k / AA4,r21vgg2k_vgg16_bn_aa_s42,face_transfer,124,single_uu,CFD WM64,Houses,0.35,,50,within_sampled_range,II,120,75.0,runs/yin_single_noise_20260925/results/r21vgg2k_vgg16_bn_aa_s42/faces_cfdWM64/houses_yin64/results.csv,II
aa4,VGG2k / AA4,r21vgg2k_vgg16_bn_aa_s42,face_transfer,124,single_uu,CFD WM64,Houses,0.35,,50,within_sampled_range,II,121,58.333333333333336,runs/yin_single_noise_20260925/results/r21vgg2k_vgg16_bn_aa_s42/faces_cfdWM64/houses_yin64/results.csv,II
aa4,VGG2k / AA4,r21vgg2k_vgg16_bn_aa_s42,face_transfer,124,single_uu,CFD WM64,Houses,0.35,,50,within_sampled_range,II,122,62.5,runs/yin_single_noise_20260925/results/r21vgg2k_vgg16_bn_aa_s42/faces_cfdWM64/houses_yin64/results.csv,II
aa4,VGG2k / AA4,r21vgg2k_vgg16_bn_aa_s42,face_transfer,124,single_uu,CFD WM64,Houses,0.35,,50,within_sampled_range,II,123,75.0,runs/yin_single_noise_20260925/results/r21vgg2k_vgg16_bn_aa_s42/faces_cfdWM64/houses_yin64/results.csv,II
aa4,VGG2k / AA4,r21vgg2k_vgg16_bn_aa_s42,face_transfer,124,single_uu,CFD WM64,Houses,0.35,,50,within_sampled_range,II,124,87.5,runs/yin_single_noise_20260925/results/r21vgg2k_vgg16_bn_aa_s42/faces_cfdWM64/houses_yin64/results.csv,II
aa4,VGG2k / AA4,r21vgg2k_vgg16_bn_aa_s42,face_transfer,124,single_uu,CFD WM64,Houses,0.35,,50,within_sampled_range,II,125,70.83333333333334,runs/yin_single_noise_20260925/results/r21vgg2k_vgg16_bn_aa_s42/faces_cfdWM64/houses_yin64/results.csv,II
aa4,VGG2k / AA4,r21vgg2k_vgg16_bn_aa_s42,face_transfer,124,single_uu,CFD WM64,Houses,0.35,,50,within_sampled_range,II,126,83.33333333333334,runs/yin_single_noise_20260925/results/r21vgg2k_vgg16_bn_aa_s42/faces_cfdWM64/houses_yin64/results.csv,II
aa4,VGG2k / AA4,r21vgg2k_vgg16_bn_aa_s42,face_transfer,124,single_uu,CFD WM64,Houses,0.35,,50,within_sampled_range,II,127,66.66666666666666,runs/yin_single_noise_20260925/results/r21vgg2k_vgg16_bn_aa_s42/faces_cfdWM64/houses_yin64/results.csv,II
aa4,VGG2k / AA4,r21vgg2k_vgg16_bn_aa_s42,face_transfer,124,single_uu,CFD WM64,Houses,0.35,,50,within_sampled_range,II,128,70.83333333333334,runs/yin_single_noise_20260925/results/r21vgg2k_vgg16_bn_aa_s42/faces_cfdWM64/houses_yin64/results.csv,II
aa4,VGG2k / AA4,r21vgg2k_vgg16_bn_aa_s42,face_transfer,124,single_uu,CFD WM64,Houses,0.35,,50,within_sampled_range,II,129,70.83333333333334,runs/yin_single_noise_20260925/results/r21vgg2k_vgg16_bn_aa_s42/faces_cfdWM64/houses_yin64/results.csv,II
aa4,VGG2k / AA4,r21vgg2k_vgg16_bn_aa_s42,face_transfer,124,single_uu,CFD WM64,Houses,0.35,,50,within_sampled_range,II,130,79.16666666666666,runs/yin_single_noise_20260925/results/r21vgg2k_vgg16_bn_aa_s42/faces_cfdWM64/houses_yin64/results.csv,II
aa4,VGG2k / AA4,r21vgg2k_vgg16_bn_aa_s42,face_transfer,124,single_uu,CFD WM64,Houses,0.35,,50,within_sampled_range,II,131,79.16666666666666,runs/yin_single_noise_20260925/results/r21vgg2k_vgg16_bn_aa_s42/faces_cfdWM64/houses_yin64/results.csv,II
aa4,VGG2k / AA4,r21vgg2k_vgg16_bn_aa_s42,face_transfer,124,single_uu,CFD WM64,Houses,0.35,,50,within_sampled_range,II,132,70.83333333333334,runs/yin_single_noise_20260925/results/r21vgg2k_vgg16_bn_aa_s42/faces_cfdWM64/houses_yin64/results.csv,II
aa4,VGG2k / AA4,r21vgg2k_vgg16_bn_aa_s42,face_transfer,124,single_uu,CFD WM64,Houses,0.35,,50,within_sampled_range,II,133,91.66666666666666,runs/yin_single_noise_20260925/results/r21vgg2k_vgg16_bn_aa_s42/faces_cfdWM64/houses_yin64/results.csv,II
aa4,VGG2k / AA4,r21vgg2k_vgg16_bn_aa_s42,face_transfer,124,single_uu,CFD WM64,Houses,0.35,,50,within_sampled_range,II,134,75.0,runs/yin_single_noise_20260925/results/r21vgg2k_vgg16_bn_aa_s42/faces_cfdWM64/houses_yin64/results.csv,II
aa4,VGG2k / AA4,r21vgg2k_vgg16_bn_aa_s42,face_transfer,124,single_uu,CFD WM64,Houses,0.35,,50,within_sampled_range,II,135,70.83333333333334,runs/yin_single_noise_20260925/results/r21vgg2k_vgg16_bn_aa_s42/faces_cfdWM64/houses_yin64/results.csv,II
aa4,VGG2k / AA4,r21vgg2k_vgg16_bn_aa_s42,face_transfer,124,single_uu,CFD WM64,Houses,0.35,,50,within_sampled_range,II,136,70.83333333333334,runs/yin_single_noise_20260925/results/r21vgg2k_vgg16_bn_aa_s42/faces_cfdWM64/houses_yin64/results.csv,II
aa4,VGG2k / AA4,r21vgg2k_vgg16_bn_aa_s42,face_transfer,124,single_uu,CFD WM64,Houses,0.35,,50,within_sampled_range,II,137,75.0,runs/yin_single_noise_20260925/results/r21vgg2k_vgg16_bn_aa_s42/faces_cfdWM64/houses_yin64/results.csv,II
aa4,VGG2k / AA4,r21vgg2k_vgg16_bn_aa_s42,face_transfer,124,single_uu,CFD WM64,Houses,0.35,,50,within_sampled_range,II,138,66.66666666666666,runs/yin_single_noise_20260925/results/r21vgg2k_vgg16_bn_aa_s42/faces_cfdWM64/houses_yin64/results.csv,II
aa4,VGG2k / AA4,r21vgg2k_vgg16_bn_aa_s42,face_transfer,124,single_uu,CFD WM64,Houses,0.35,,50,within_sampled_range,II,139,66.66666666666666,runs/yin_single_noise_20260925/results/r21vgg2k_vgg16_bn_aa_s42/faces_cfdWM64/houses_yin64/results.csv,II
aa4,VGG2k / AA4,r21vgg2k_vgg16_bn_aa_s42,face_transfer,124,single_uu,CFD WM64,Houses,0.35,,50,within_sampled_range,II,140,62.5,runs/yin_single_noise_20260925/results/r21vgg2k_vgg16_bn_aa_s42/faces_cfdWM64/houses_yin64/results.csv,II
aa4,VGG2k / AA4,r21vgg2k_vgg16_bn_aa_s42,face_transfer,124,single_uu,CFD WM64,Houses,0.35,,50,within_sampled_range,II,141,66.66666666666666,runs/yin_single_noise_20260925/results/r21vgg2k_vgg16_bn_aa_s42/faces_cfdWM64/houses_yin64/results.csv,II
aa4,VGG2k / AA4,r21vgg2k_vgg16_bn_aa_s42,face_transfer,124,single_uu,CFD WM64,Houses,0.35,,50,within_sampled_range,II,142,66.66666666666666,runs/yin_single_noise_20260925/results/r21vgg2k_vgg16_bn_aa_s42/faces_cfdWM64/houses_yin64/results.csv,II
aa4,VGG2k / AA4,r21vgg2k_vgg16_bn_aa_s42,face_transfer,124,single_uu,CFD WM64,Houses,0.35,,50,within_sampled_range,II,143,62.5,runs/yin_single_noise_20260925/results/r21vgg2k_vgg16_bn_aa_s42/faces_cfdWM64/houses_yin64/results.csv,II
aa4,VGG2k / AA4,r21vgg2k_vgg16_bn_aa_s42,face_transfer,124,single_uu,CFD WM64,Houses,0.35,,50,within_sampled_range,II,144,79.16666666666666,runs/yin_single_noise_20260925/results/r21vgg2k_vgg16_bn_aa_s42/faces_cfdWM64/houses_yin64/results.csv,II
aa4,VGG2k / AA4,r21vgg2k_vgg16_bn_aa_s42,face_transfer,124,single_uu,CFD WM64,Houses,0.35,,50,within_sampled_range,II,145,75.0,runs/yin_single_noise_20260925/results/r21vgg2k_vgg16_bn_aa_s42/faces_cfdWM64/houses_yin64/results.csv,II
aa4,VGG2k / AA4,r21vgg2k_vgg16_bn_aa_s42,face_transfer,124,single_uu,CFD WM64,Houses,0.35,,50,within_sampled_range,II,146,83.33333333333334,runs/yin_single_noise_20260925/results/r21vgg2k_vgg16_bn_aa_s42/faces_cfdWM64/houses_yin64/results.csv,II
aa4,VGG2k / AA4,r21vgg2k_vgg16_bn_aa_s42,face_transfer,124,single_uu,CFD WM64,Houses,0.35,,50,within_sampled_range,II,147,70.83333333333334,runs/yin_single_noise_20260925/results/r21vgg2k_vgg16_bn_aa_s42/faces_cfdWM64/houses_yin64/results.csv,II
aa4,VGG2k / AA4,r21vgg2k_vgg16_bn_aa_s42,face_transfer,124,single_uu,CFD WM64,Houses,0.35,,50,within_sampled_range,II,148,66.66666666666666,runs/yin_single_noise_20260925/results/r21vgg2k_vgg16_bn_aa_s42/faces_cfdWM64/houses_yin64/results.csv,II
aa4,VGG2k / AA4,r21vgg2k_vgg16_bn_aa_s42,face_transfer,124,single_uu,CFD WM64,Houses,0.35,,50,within_sampled_range,II,149,79.16666666666666,runs/yin_single_noise_20260925/results/r21vgg2k_vgg16_bn_aa_s42/faces_cfdWM64/houses_yin64/results.csv,II
aa4,VGG2k / AA4,r21vgg2k_vgg16_bn_aa_s42,face_transfer,124,single_uu,CFD WM64,Houses,0.35,,50,within_sampled_range,II,150,91.66666666666666,runs/yin_single_noise_20260925/results/r21vgg2k_vgg16_bn_aa_s42/faces_cfdWM64/houses_yin64/results.csv,II
aa4,VGG2k / AA4,r21vgg2k_vgg16_bn_aa_s42,face_transfer,124,single_uu,CFD WM64,Houses,0.35,,50,within_sampled_range,UI,101,66.66666666666666,runs/yin_single_noise_20260925/results/r21vgg2k_vgg16_bn_aa_s42/faces_cfdWM64/houses_yin64/results.csv,UI
aa4,VGG2k / AA4,r21vgg2k_vgg16_bn_aa_s42,face_transfer,124,single_uu,CFD WM64,Houses,0.35,,50,within_sampled_range,UI,102,54.166666666666664,runs/yin_single_noise_20260925/results/r21vgg2k_vgg16_bn_aa_s42/faces_cfdWM64/houses_yin64/results.csv,UI
aa4,VGG2k / AA4,r21vgg2k_vgg16_bn_aa_s42,face_transfer,124,single_uu,CFD WM64,Houses,0.35,,50,within_sampled_range,UI,103,54.166666666666664,runs/yin_single_noise_20260925/results/r21vgg2k_vgg16_bn_aa_s42/faces_cfdWM64/houses_yin64/results.csv,UI
aa4,VGG2k / AA4,r21vgg2k_vgg16_bn_aa_s42,face_transfer,124,single_uu,CFD WM64,Houses,0.35,,50,within_sampled_range,UI,104,58.333333333333336,runs/yin_single_noise_20260925/results/r21vgg2k_vgg16_bn_aa_s42/faces_cfdWM64/houses_yin64/results.csv,UI
aa4,VGG2k / AA4,r21vgg2k_vgg16_bn_aa_s42,face_transfer,124,single_uu,CFD WM64,Houses,0.35,,50,within_sampled_range,UI,105,66.66666666666666,runs/yin_single_noise_20260925/results/r21vgg2k_vgg16_bn_aa_s42/faces_cfdWM64/houses_yin64/results.csv,UI
aa4,VGG2k / AA4,r21vgg2k_vgg16_bn_aa_s42,face_transfer,124,single_uu,CFD WM64,Houses,0.35,,50,within_sampled_range,UI,106,70.83333333333334,runs/yin_single_noise_20260925/results/r21vgg2k_vgg16_bn_aa_s42/faces_cfdWM64/houses_yin64/results.csv,UI
aa4,VGG2k / AA4,r21vgg2k_vgg16_bn_aa_s42,face_transfer,124,single_uu,CFD WM64,Houses,0.35,,50,within_sampled_range,UI,107,79.16666666666666,runs/yin_single_noise_20260925/results/r21vgg2k_vgg16_bn_aa_s42/faces_cfdWM64/houses_yin64/results.csv,UI
aa4,VGG2k / AA4,r21vgg2k_vgg16_bn_aa_s42,face_transfer,124,single_uu,CFD WM64,Houses,0.35,,50,within_sampled_range,UI,108,62.5,runs/yin_single_noise_20260925/results/r21vgg2k_vgg16_bn_aa_s42/faces_cfdWM64/houses_yin64/results.csv,UI
aa4,VGG2k / AA4,r21vgg2k_vgg16_bn_aa_s42,face_transfer,124,single_uu,CFD WM64,Houses,0.35,,50,within_sampled_range,UI,109,70.83333333333334,runs/yin_single_noise_20260925/results/r21vgg2k_vgg16_bn_aa_s42/faces_cfdWM64/houses_yin64/results.csv,UI
aa4,VGG2k / AA4,r21vgg2k_vgg16_bn_aa_s42,face_transfer,124,single_uu,CFD WM64,Houses,0.35,,50,within_sampled_range,UI,110,54.166666666666664,runs/yin_single_noise_20260925/results/r21vgg2k_vgg16_bn_aa_s42/faces_cfdWM64/houses_yin64/results.csv,UI
aa4,VGG2k / AA4,r21vgg2k_vgg16_bn_aa_s42,face_transfer,124,single_uu,CFD WM64,Houses,0.35,,50,within_sampled_range,UI,111,66.66666666666666,runs/yin_single_noise_20260925/results/r21vgg2k_vgg16_bn_aa_s42/faces_cfdWM64/houses_yin64/results.csv,UI
aa4,VGG2k / AA4,r21vgg2k_vgg16_bn_aa_s42,face_transfer,124,single_uu,CFD WM64,Houses,0.35,,50,within_sampled_range,UI,112,75.0,runs/yin_single_noise_20260925/results/r21vgg2k_vgg16_bn_aa_s42/faces_cfdWM64/houses_yin64/results.csv,UI
aa4,VGG2k / AA4,r21vgg2k_vgg16_bn_aa_s42,face_transfer,124,single_uu,CFD WM64,Houses,0.35,,50,within_sampled_range,UI,113,62.5,runs/yin_single_noise_20260925/results/r21vgg2k_vgg16_bn_aa_s42/faces_cfdWM64/houses_yin64/results.csv,UI
aa4,VGG2k / AA4,r21vgg2k_vgg16_bn_aa_s42,face_transfer,124,single_uu,CFD WM64,Houses,0.35,,50,within_sampled_range,UI,114,75.0,runs/yin_single_noise_20260925/results/r21vgg2k_vgg16_bn_aa_s42/faces_cfdWM64/houses_yin64/results.csv,UI
aa4,VGG2k / AA4,r21vgg2k_vgg16_bn_aa_s42,face_transfer,124,single_uu,CFD WM64,Houses,0.35,,50,within_sampled_range,UI,115,66.66666666666666,runs/yin_single_noise_20260925/results/r21vgg2k_vgg16_bn_aa_s42/faces_cfdWM64/houses_yin64/results.csv,UI
aa4,VGG2k / AA4,r21vgg2k_vgg16_bn_aa_s42,face_transfer,124,single_uu,CFD WM64,Houses,0.35,,50,within_sampled_range,UI,116,58.333333333333336,runs/yin_single_noise_20260925/results/r21vgg2k_vgg16_bn_aa_s42/faces_cfdWM64/houses_yin64/results.csv,UI
aa4,VGG2k / AA4,r21vgg2k_vgg16_bn_aa_s42,face_transfer,124,single_uu,CFD WM64,Houses,0.35,,50,within_sampled_range,UI,117,62.5,runs/yin_single_noise_20260925/results/r21vgg2k_vgg16_bn_aa_s42/faces_cfdWM64/houses_yin64/results.csv,UI
aa4,VGG2k / AA4,r21vgg2k_vgg16_bn_aa_s42,face_transfer,124,single_uu,CFD WM64,Houses,0.35,,50,within_sampled_range,UI,118,79.16666666666666,runs/yin_single_noise_20260925/results/r21vgg2k_vgg16_bn_aa_s42/faces_cfdWM64/houses_yin64/results.csv,UI
aa4,VGG2k / AA4,r21vgg2k_vgg16_bn_aa_s42,face_transfer,124,single_uu,CFD WM64,Houses,0.35,,50,within_sampled_range,UI,119,75.0,runs/yin_single_noise_20260925/results/r21vgg2k_vgg16_bn_aa_s42/faces_cfdWM64/houses_yin64/results.csv,UI
aa4,VGG2k / AA4,r21vgg2k_vgg16_bn_aa_s42,face_transfer,124,single_uu,CFD WM64,Houses,0.35,,50,within_sampled_range,UI,120,83.33333333333334,runs/yin_single_noise_20260925/results/r21vgg2k_vgg16_bn_aa_s42/faces_cfdWM64/houses_yin64/results.csv,UI
aa4,VGG2k / AA4,r21vgg2k_vgg16_bn_aa_s42,face_transfer,124,single_uu,CFD WM64,Houses,0.35,,50,within_sampled_range,UI,121,66.66666666666666,runs/yin_single_noise_20260925/results/r21vgg2k_vgg16_bn_aa_s42/faces_cfdWM64/houses_yin64/results.csv,UI
aa4,VGG2k / AA4,r21vgg2k_vgg16_bn_aa_s42,face_transfer,124,single_uu,CFD WM64,Houses,0.35,,50,within_sampled_range,UI,122,50.0,runs/yin_single_noise_20260925/results/r21vgg2k_vgg16_bn_aa_s42/faces_cfdWM64/houses_yin64/results.csv,UI
aa4,VGG2k / AA4,r21vgg2k_vgg16_bn_aa_s42,face_transfer,124,single_uu,CFD WM64,Houses,0.35,,50,within_sampled_range,UI,123,50.0,runs/yin_single_noise_20260925/results/r21vgg2k_vgg16_bn_aa_s42/faces_cfdWM64/houses_yin64/results.csv,UI
aa4,VGG2k / AA4,r21vgg2k_vgg16_bn_aa_s42,face_transfer,124,single_uu,CFD WM64,Houses,0.35,,50,within_sampled_range,UI,124,70.83333333333334,runs/yin_single_noise_20260925/results/r21vgg2k_vgg16_bn_aa_s42/faces_cfdWM64/houses_yin64/results.csv,UI
aa4,VGG2k / AA4,r21vgg2k_vgg16_bn_aa_s42,face_transfer,124,single_uu,CFD WM64,Houses,0.35,,50,within_sampled_range,UI,125,66.66666666666666,runs/yin_single_noise_20260925/results/r21vgg2k_vgg16_bn_aa_s42/faces_cfdWM64/houses_yin64/results.csv,UI
aa4,VGG2k / AA4,r21vgg2k_vgg16_bn_aa_s42,face_transfer,124,single_uu,CFD WM64,Houses,0.35,,50,within_sampled_range,UI,126,62.5,runs/yin_single_noise_20260925/results/r21vgg2k_vgg16_bn_aa_s42/faces_cfdWM64/houses_yin64/results.csv,UI
aa4,VGG2k / AA4,r21vgg2k_vgg16_bn_aa_s42,face_transfer,124,single_uu,CFD WM64,Houses,0.35,,50,within_sampled_range,UI,127,87.5,runs/yin_single_noise_20260925/results/r21vgg2k_vgg16_bn_aa_s42/faces_cfdWM64/houses_yin64/results.csv,UI
aa4,VGG2k / AA4,r21vgg2k_vgg16_bn_aa_s42,face_transfer,124,single_uu,CFD WM64,Houses,0.35,,50,within_sampled_range,UI,128,79.16666666666666,runs/yin_single_noise_20260925/results/r21vgg2k_vgg16_bn_aa_s42/faces_cfdWM64/houses_yin64/results.csv,UI
aa4,VGG2k / AA4,r21vgg2k_vgg16_bn_aa_s42,face_transfer,124,single_uu,CFD WM64,Houses,0.35,,50,within_sampled_range,UI,129,58.333333333333336,runs/yin_single_noise_20260925/results/r21vgg2k_vgg16_bn_aa_s42/faces_cfdWM64/houses_yin64/results.csv,UI
aa4,VGG2k / AA4,r21vgg2k_vgg16_bn_aa_s42,face_transfer,124,single_uu,CFD WM64,Houses,0.35,,50,within_sampled_range,UI,130,70.83333333333334,runs/yin_single_noise_20260925/results/r21vgg2k_vgg16_bn_aa_s42/faces_cfdWM64/houses_yin64/results.csv,UI
aa4,VGG2k / AA4,r21vgg2k_vgg16_bn_aa_s42,face_transfer,124,single_uu,CFD WM64,Houses,0.35,,50,within_sampled_range,UI,131,58.333333333333336,runs/yin_single_noise_20260925/results/r21vgg2k_vgg16_bn_aa_s42/faces_cfdWM64/houses_yin64/results.csv,UI
aa4,VGG2k / AA4,r21vgg2k_vgg16_bn_aa_s42,face_transfer,124,single_uu,CFD WM64,Houses,0.35,,50,within_sampled_range,UI,132,75.0,runs/yin_single_noise_20260925/results/r21vgg2k_vgg16_bn_aa_s42/faces_cfdWM64/houses_yin64/results.csv,UI
aa4,VGG2k / AA4,r21vgg2k_vgg16_bn_aa_s42,face_transfer,124,single_uu,CFD WM64,Houses,0.35,,50,within_sampled_range,UI,133,70.83333333333334,runs/yin_single_noise_20260925/results/r21vgg2k_vgg16_bn_aa_s42/faces_cfdWM64/houses_yin64/results.csv,UI
aa4,VGG2k / AA4,r21vgg2k_vgg16_bn_aa_s42,face_transfer,124,single_uu,CFD WM64,Houses,0.35,,50,within_sampled_range,UI,134,75.0,runs/yin_single_noise_20260925/results/r21vgg2k_vgg16_bn_aa_s42/faces_cfdWM64/houses_yin64/results.csv,UI
aa4,VGG2k / AA4,r21vgg2k_vgg16_bn_aa_s42,face_transfer,124,single_uu,CFD WM64,Houses,0.35,,50,within_sampled_range,UI,135,70.83333333333334,runs/yin_single_noise_20260925/results/r21vgg2k_vgg16_bn_aa_s42/faces_cfdWM64/houses_yin64/results.csv,UI
aa4,VGG2k / AA4,r21vgg2k_vgg16_bn_aa_s42,face_transfer,124,single_uu,CFD WM64,Houses,0.35,,50,within_sampled_range,UI,136,79.16666666666666,runs/yin_single_noise_20260925/results/r21vgg2k_vgg16_bn_aa_s42/faces_cfdWM64/houses_yin64/results.csv,UI
aa4,VGG2k / AA4,r21vgg2k_vgg16_bn_aa_s42,face_transfer,124,single_uu,CFD WM64,Houses,0.35,,50,within_sampled_range,UI,137,87.5,runs/yin_single_noise_20260925/results/r21vgg2k_vgg16_bn_aa_s42/faces_cfdWM64/houses_yin64/results.csv,UI
aa4,VGG2k / AA4,r21vgg2k_vgg16_bn_aa_s42,face_transfer,124,single_uu,CFD WM64,Houses,0.35,,50,within_sampled_range,UI,138,75.0,runs/yin_single_noise_20260925/results/r21vgg2k_vgg16_bn_aa_s42/faces_cfdWM64/houses_yin64/results.csv,UI
aa4,VGG2k / AA4,r21vgg2k_vgg16_bn_aa_s42,face_transfer,124,single_uu,CFD WM64,Houses,0.35,,50,within_sampled_range,UI,139,79.16666666666666,runs/yin_single_noise_20260925/results/r21vgg2k_vgg16_bn_aa_s42/faces_cfdWM64/houses_yin64/results.csv,UI
aa4,VGG2k / AA4,r21vgg2k_vgg16_bn_aa_s42,face_transfer,124,single_uu,CFD WM64,Houses,0.35,,50,within_sampled_range,UI,140,66.66666666666666,runs/yin_single_noise_20260925/results/r21vgg2k_vgg16_bn_aa_s42/faces_cfdWM64/houses_yin64/results.csv,UI
aa4,VGG2k / AA4,r21vgg2k_vgg16_bn_aa_s42,face_transfer,124,single_uu,CFD WM64,Houses,0.35,,50,within_sampled_range,UI,141,75.0,runs/yin_single_noise_20260925/results/r21vgg2k_vgg16_bn_aa_s42/faces_cfdWM64/houses_yin64/results.csv,UI
aa4,VGG2k / AA4,r21vgg2k_vgg16_bn_aa_s42,face_transfer,124,single_uu,CFD WM64,Houses,0.35,,50,within_sampled_range,UI,142,62.5,runs/yin_single_noise_20260925/results/r21vgg2k_vgg16_bn_aa_s42/faces_cfdWM64/houses_yin64/results.csv,UI
aa4,VGG2k / AA4,r21vgg2k_vgg16_bn_aa_s42,face_transfer,124,single_uu,CFD WM64,Houses,0.35,,50,within_sampled_range,UI,143,54.166666666666664,runs/yin_single_noise_20260925/results/r21vgg2k_vgg16_bn_aa_s42/faces_cfdWM64/houses_yin64/results.csv,UI
aa4,VGG2k / AA4,r21vgg2k_vgg16_bn_aa_s42,face_transfer,124,single_uu,CFD WM64,Houses,0.35,,50,within_sampled_range,UI,144,70.83333333333334,runs/yin_single_noise_20260925/results/r21vgg2k_vgg16_bn_aa_s42/faces_cfdWM64/houses_yin64/results.csv,UI
aa4,VGG2k / AA4,r21vgg2k_vgg16_bn_aa_s42,face_transfer,124,single_uu,CFD WM64,Houses,0.35,,50,within_sampled_range,UI,145,62.5,runs/yin_single_noise_20260925/results/r21vgg2k_vgg16_bn_aa_s42/faces_cfdWM64/houses_yin64/results.csv,UI
aa4,VGG2k / AA4,r21vgg2k_vgg16_bn_aa_s42,face_transfer,124,single_uu,CFD WM64,Houses,0.35,,50,within_sampled_range,UI,146,66.66666666666666,runs/yin_single_noise_20260925/results/r21vgg2k_vgg16_bn_aa_s42/faces_cfdWM64/houses_yin64/results.csv,UI
aa4,VGG2k / AA4,r21vgg2k_vgg16_bn_aa_s42,face_transfer,124,single_uu,CFD WM64,Houses,0.35,,50,within_sampled_range,UI,147,70.83333333333334,runs/yin_single_noise_20260925/results/r21vgg2k_vgg16_bn_aa_s42/faces_cfdWM64/houses_yin64/results.csv,UI
aa4,VGG2k / AA4,r21vgg2k_vgg16_bn_aa_s42,face_transfer,124,single_uu,CFD WM64,Houses,0.35,,50,within_sampled_range,UI,148,62.5,runs/yin_single_noise_20260925/results/r21vgg2k_vgg16_bn_aa_s42/faces_cfdWM64/houses_yin64/results.csv,UI
aa4,VGG2k / AA4,r21vgg2k_vgg16_bn_aa_s42,face_transfer,124,single_uu,CFD WM64,Houses,0.35,,50,within_sampled_range,UI,149,70.83333333333334,runs/yin_single_noise_20260925/results/r21vgg2k_vgg16_bn_aa_s42/faces_cfdWM64/houses_yin64/results.csv,UI
aa4,VGG2k / AA4,r21vgg2k_vgg16_bn_aa_s42,face_transfer,124,single_uu,CFD WM64,Houses,0.35,,50,within_sampled_range,UI,150,70.83333333333334,runs/yin_single_noise_20260925/results/r21vgg2k_vgg16_bn_aa_s42/faces_cfdWM64/houses_yin64/results.csv,UI
aa4,VGG2k / AA4,r21vgg2k_vgg16_bn_aa_s42,face_transfer,124,single_uu,CFD WM64,Houses,0.35,,50,within_sampled_range,IU,101,62.5,runs/yin_single_noise_20260925/results/r21vgg2k_vgg16_bn_aa_s42/faces_cfdWM64/houses_yin64/results.csv,IU
aa4,VGG2k / AA4,r21vgg2k_vgg16_bn_aa_s42,face_transfer,124,single_uu,CFD WM64,Houses,0.35,,50,within_sampled_range,IU,102,70.83333333333334,runs/yin_single_noise_20260925/results/r21vgg2k_vgg16_bn_aa_s42/faces_cfdWM64/houses_yin64/results.csv,IU
aa4,VGG2k / AA4,r21vgg2k_vgg16_bn_aa_s42,face_transfer,124,single_uu,CFD WM64,Houses,0.35,,50,within_sampled_range,IU,103,83.33333333333334,runs/yin_single_noise_20260925/results/r21vgg2k_vgg16_bn_aa_s42/faces_cfdWM64/houses_yin64/results.csv,IU
aa4,VGG2k / AA4,r21vgg2k_vgg16_bn_aa_s42,face_transfer,124,single_uu,CFD WM64,Houses,0.35,,50,within_sampled_range,IU,104,58.333333333333336,runs/yin_single_noise_20260925/results/r21vgg2k_vgg16_bn_aa_s42/faces_cfdWM64/houses_yin64/results.csv,IU
aa4,VGG2k / AA4,r21vgg2k_vgg16_bn_aa_s42,face_transfer,124,single_uu,CFD WM64,Houses,0.35,,50,within_sampled_range,IU,105,75.0,runs/yin_single_noise_20260925/results/r21vgg2k_vgg16_bn_aa_s42/faces_cfdWM64/houses_yin64/results.csv,IU
aa4,VGG2k / AA4,r21vgg2k_vgg16_bn_aa_s42,face_transfer,124,single_uu,CFD WM64,Houses,0.35,,50,within_sampled_range,IU,106,62.5,runs/yin_single_noise_20260925/results/r21vgg2k_vgg16_bn_aa_s42/faces_cfdWM64/houses_yin64/results.csv,IU
aa4,VGG2k / AA4,r21vgg2k_vgg16_bn_aa_s42,face_transfer,124,single_uu,CFD WM64,Houses,0.35,,50,within_sampled_range,IU,107,75.0,runs/yin_single_noise_20260925/results/r21vgg2k_vgg16_bn_aa_s42/faces_cfdWM64/houses_yin64/results.csv,IU
aa4,VGG2k / AA4,r21vgg2k_vgg16_bn_aa_s42,face_transfer,124,single_uu,CFD WM64,Houses,0.35,,50,within_sampled_range,IU,108,54.166666666666664,runs/yin_single_noise_20260925/results/r21vgg2k_vgg16_bn_aa_s42/faces_cfdWM64/houses_yin64/results.csv,IU
aa4,VGG2k / AA4,r21vgg2k_vgg16_bn_aa_s42,face_transfer,124,single_uu,CFD WM64,Houses,0.35,,50,within_sampled_range,IU,109,54.166666666666664,runs/yin_single_noise_20260925/results/r21vgg2k_vgg16_bn_aa_s42/faces_cfdWM64/houses_yin64/results.csv,IU
aa4,VGG2k / AA4,r21vgg2k_vgg16_bn_aa_s42,face_transfer,124,single_uu,CFD WM64,Houses,0.35,,50,within_sampled_range,IU,110,54.166666666666664,runs/yin_single_noise_20260925/results/r21vgg2k_vgg16_bn_aa_s42/faces_cfdWM64/houses_yin64/results.csv,IU
aa4,VGG2k / AA4,r21vgg2k_vgg16_bn_aa_s42,face_transfer,124,single_uu,CFD WM64,Houses,0.35,,50,within_sampled_range,IU,111,54.166666666666664,runs/yin_single_noise_20260925/results/r21vgg2k_vgg16_bn_aa_s42/faces_cfdWM64/houses_yin64/results.csv,IU
aa4,VGG2k / AA4,r21vgg2k_vgg16_bn_aa_s42,face_transfer,124,single_uu,CFD WM64,Houses,0.35,,50,within_sampled_range,IU,112,62.5,runs/yin_single_noise_20260925/results/r21vgg2k_vgg16_bn_aa_s42/faces_cfdWM64/houses_yin64/results.csv,IU
aa4,VGG2k / AA4,r21vgg2k_vgg16_bn_aa_s42,face_transfer,124,single_uu,CFD WM64,Houses,0.35,,50,within_sampled_range,IU,113,66.66666666666666,runs/yin_single_noise_20260925/results/r21vgg2k_vgg16_bn_aa_s42/faces_cfdWM64/houses_yin64/results.csv,IU
aa4,VGG2k / AA4,r21vgg2k_vgg16_bn_aa_s42,face_transfer,124,single_uu,CFD WM64,Houses,0.35,,50,within_sampled_range,IU,114,70.83333333333334,runs/yin_single_noise_20260925/results/r21vgg2k_vgg16_bn_aa_s42/faces_cfdWM64/houses_yin64/results.csv,IU
aa4,VGG2k / AA4,r21vgg2k_vgg16_bn_aa_s42,face_transfer,124,single_uu,CFD WM64,Houses,0.35,,50,within_sampled_range,IU,115,54.166666666666664,runs/yin_single_noise_20260925/results/r21vgg2k_vgg16_bn_aa_s42/faces_cfdWM64/houses_yin64/results.csv,IU
aa4,VGG2k / AA4,r21vgg2k_vgg16_bn_aa_s42,face_transfer,124,single_uu,CFD WM64,Houses,0.35,,50,within_sampled_range,IU,116,54.166666666666664,runs/yin_single_noise_20260925/results/r21vgg2k_vgg16_bn_aa_s42/faces_cfdWM64/houses_yin64/results.csv,IU
aa4,VGG2k / AA4,r21vgg2k_vgg16_bn_aa_s42,face_transfer,124,single_uu,CFD WM64,Houses,0.35,,50,within_sampled_range,IU,117,62.5,runs/yin_single_noise_20260925/results/r21vgg2k_vgg16_bn_aa_s42/faces_cfdWM64/houses_yin64/results.csv,IU
aa4,VGG2k / AA4,r21vgg2k_vgg16_bn_aa_s42,face_transfer,124,single_uu,CFD WM64,Houses,0.35,,50,within_sampled_range,IU,118,79.16666666666666,runs/yin_single_noise_20260925/results/r21vgg2k_vgg16_bn_aa_s42/faces_cfdWM64/houses_yin64/results.csv,IU
aa4,VGG2k / AA4,r21vgg2k_vgg16_bn_aa_s42,face_transfer,124,single_uu,CFD WM64,Houses,0.35,,50,within_sampled_range,IU,119,70.83333333333334,runs/yin_single_noise_20260925/results/r21vgg2k_vgg16_bn_aa_s42/faces_cfdWM64/houses_yin64/results.csv,IU
aa4,VGG2k / AA4,r21vgg2k_vgg16_bn_aa_s42,face_transfer,124,single_uu,CFD WM64,Houses,0.35,,50,within_sampled_range,IU,120,66.66666666666666,runs/yin_single_noise_20260925/results/r21vgg2k_vgg16_bn_aa_s42/faces_cfdWM64/houses_yin64/results.csv,IU
aa4,VGG2k / AA4,r21vgg2k_vgg16_bn_aa_s42,face_transfer,124,single_uu,CFD WM64,Houses,0.35,,50,within_sampled_range,IU,121,62.5,runs/yin_single_noise_20260925/results/r21vgg2k_vgg16_bn_aa_s42/faces_cfdWM64/houses_yin64/results.csv,IU
aa4,VGG2k / AA4,r21vgg2k_vgg16_bn_aa_s42,face_transfer,124,single_uu,CFD WM64,Houses,0.35,,50,within_sampled_range,IU,122,66.66666666666666,runs/yin_single_noise_20260925/results/r21vgg2k_vgg16_bn_aa_s42/faces_cfdWM64/houses_yin64/results.csv,IU
aa4,VGG2k / AA4,r21vgg2k_vgg16_bn_aa_s42,face_transfer,124,single_uu,CFD WM64,Houses,0.35,,50,within_sampled_range,IU,123,66.66666666666666,runs/yin_single_noise_20260925/results/r21vgg2k_vgg16_bn_aa_s42/faces_cfdWM64/houses_yin64/results.csv,IU
aa4,VGG2k / AA4,r21vgg2k_vgg16_bn_aa_s42,face_transfer,124,single_uu,CFD WM64,Houses,0.35,,50,within_sampled_range,IU,124,70.83333333333334,runs/yin_single_noise_20260925/results/r21vgg2k_vgg16_bn_aa_s42/faces_cfdWM64/houses_yin64/results.csv,IU
aa4,VGG2k / AA4,r21vgg2k_vgg16_bn_aa_s42,face_transfer,124,single_uu,CFD WM64,Houses,0.35,,50,within_sampled_range,IU,125,45.83333333333333,runs/yin_single_noise_20260925/results/r21vgg2k_vgg16_bn_aa_s42/faces_cfdWM64/houses_yin64/results.csv,IU
aa4,VGG2k / AA4,r21vgg2k_vgg16_bn_aa_s42,face_transfer,124,single_uu,CFD WM64,Houses,0.35,,50,within_sampled_range,IU,126,58.333333333333336,runs/yin_single_noise_20260925/results/r21vgg2k_vgg16_bn_aa_s42/faces_cfdWM64/houses_yin64/results.csv,IU
aa4,VGG2k / AA4,r21vgg2k_vgg16_bn_aa_s42,face_transfer,124,single_uu,CFD WM64,Houses,0.35,,50,within_sampled_range,IU,127,62.5,runs/yin_single_noise_20260925/results/r21vgg2k_vgg16_bn_aa_s42/faces_cfdWM64/houses_yin64/results.csv,IU
aa4,VGG2k / AA4,r21vgg2k_vgg16_bn_aa_s42,face_transfer,124,single_uu,CFD WM64,Houses,0.35,,50,within_sampled_range,IU,128,75.0,runs/yin_single_noise_20260925/results/r21vgg2k_vgg16_bn_aa_s42/faces_cfdWM64/houses_yin64/results.csv,IU
aa4,VGG2k / AA4,r21vgg2k_vgg16_bn_aa_s42,face_transfer,124,single_uu,CFD WM64,Houses,0.35,,50,within_sampled_range,IU,129,70.83333333333334,runs/yin_single_noise_20260925/results/r21vgg2k_vgg16_bn_aa_s42/faces_cfdWM64/houses_yin64/results.csv,IU
aa4,VGG2k / AA4,r21vgg2k_vgg16_bn_aa_s42,face_transfer,124,single_uu,CFD WM64,Houses,0.35,,50,within_sampled_range,IU,130,66.66666666666666,runs/yin_single_noise_20260925/results/r21vgg2k_vgg16_bn_aa_s42/faces_cfdWM64/houses_yin64/results.csv,IU
aa4,VGG2k / AA4,r21vgg2k_vgg16_bn_aa_s42,face_transfer,124,single_uu,CFD WM64,Houses,0.35,,50,within_sampled_range,IU,131,62.5,runs/yin_single_noise_20260925/results/r21vgg2k_vgg16_bn_aa_s42/faces_cfdWM64/houses_yin64/results.csv,IU
aa4,VGG2k / AA4,r21vgg2k_vgg16_bn_aa_s42,face_transfer,124,single_uu,CFD WM64,Houses,0.35,,50,within_sampled_range,IU,132,70.83333333333334,runs/yin_single_noise_20260925/results/r21vgg2k_vgg16_bn_aa_s42/faces_cfdWM64/houses_yin64/results.csv,IU
aa4,VGG2k / AA4,r21vgg2k_vgg16_bn_aa_s42,face_transfer,124,single_uu,CFD WM64,Houses,0.35,,50,within_sampled_range,IU,133,79.16666666666666,runs/yin_single_noise_20260925/results/r21vgg2k_vgg16_bn_aa_s42/faces_cfdWM64/houses_yin64/results.csv,IU
aa4,VGG2k / AA4,r21vgg2k_vgg16_bn_aa_s42,face_transfer,124,single_uu,CFD WM64,Houses,0.35,,50,within_sampled_range,IU,134,75.0,runs/yin_single_noise_20260925/results/r21vgg2k_vgg16_bn_aa_s42/faces_cfdWM64/houses_yin64/results.csv,IU
aa4,VGG2k / AA4,r21vgg2k_vgg16_bn_aa_s42,face_transfer,124,single_uu,CFD WM64,Houses,0.35,,50,within_sampled_range,IU,135,62.5,runs/yin_single_noise_20260925/results/r21vgg2k_vgg16_bn_aa_s42/faces_cfdWM64/houses_yin64/results.csv,IU
aa4,VGG2k / AA4,r21vgg2k_vgg16_bn_aa_s42,face_transfer,124,single_uu,CFD WM64,Houses,0.35,,50,within_sampled_range,IU,136,70.83333333333334,runs/yin_single_noise_20260925/results/r21vgg2k_vgg16_bn_aa_s42/faces_cfdWM64/houses_yin64/results.csv,IU
aa4,VGG2k / AA4,r21vgg2k_vgg16_bn_aa_s42,face_transfer,124,single_uu,CFD WM64,Houses,0.35,,50,within_sampled_range,IU,137,62.5,runs/yin_single_noise_20260925/results/r21vgg2k_vgg16_bn_aa_s42/faces_cfdWM64/houses_yin64/results.csv,IU
aa4,VGG2k / AA4,r21vgg2k_vgg16_bn_aa_s42,face_transfer,124,single_uu,CFD WM64,Houses,0.35,,50,within_sampled_range,IU,138,58.333333333333336,runs/yin_single_noise_20260925/results/r21vgg2k_vgg16_bn_aa_s42/faces_cfdWM64/houses_yin64/results.csv,IU
aa4,VGG2k / AA4,r21vgg2k_vgg16_bn_aa_s42,face_transfer,124,single_uu,CFD WM64,Houses,0.35,,50,within_sampled_range,IU,139,66.66666666666666,runs/yin_single_noise_20260925/results/r21vgg2k_vgg16_bn_aa_s42/faces_cfdWM64/houses_yin64/results.csv,IU
aa4,VGG2k / AA4,r21vgg2k_vgg16_bn_aa_s42,face_transfer,124,single_uu,CFD WM64,Houses,0.35,,50,within_sampled_range,IU,140,58.333333333333336,runs/yin_single_noise_20260925/results/r21vgg2k_vgg16_bn_aa_s42/faces_cfdWM64/houses_yin64/results.csv,IU
aa4,VGG2k / AA4,r21vgg2k_vgg16_bn_aa_s42,face_transfer,124,single_uu,CFD WM64,Houses,0.35,,50,within_sampled_range,IU,141,33.33333333333333,runs/yin_single_noise_20260925/results/r21vgg2k_vgg16_bn_aa_s42/faces_cfdWM64/houses_yin64/results.csv,IU
aa4,VGG2k / AA4,r21vgg2k_vgg16_bn_aa_s42,face_transfer,124,single_uu,CFD WM64,Houses,0.35,,50,within_sampled_range,IU,142,62.5,runs/yin_single_noise_20260925/results/r21vgg2k_vgg16_bn_aa_s42/faces_cfdWM64/houses_yin64/results.csv,IU
aa4,VGG2k / AA4,r21vgg2k_vgg16_bn_aa_s42,face_transfer,124,single_uu,CFD WM64,Houses,0.35,,50,within_sampled_range,IU,143,79.16666666666666,runs/yin_single_noise_20260925/results/r21vgg2k_vgg16_bn_aa_s42/faces_cfdWM64/houses_yin64/results.csv,IU
aa4,VGG2k / AA4,r21vgg2k_vgg16_bn_aa_s42,face_transfer,124,single_uu,CFD WM64,Houses,0.35,,50,within_sampled_range,IU,144,62.5,runs/yin_single_noise_20260925/results/r21vgg2k_vgg16_bn_aa_s42/faces_cfdWM64/houses_yin64/results.csv,IU
aa4,VGG2k / AA4,r21vgg2k_vgg16_bn_aa_s42,face_transfer,124,single_uu,CFD WM64,Houses,0.35,,50,within_sampled_range,IU,145,70.83333333333334,runs/yin_single_noise_20260925/results/r21vgg2k_vgg16_bn_aa_s42/faces_cfdWM64/houses_yin64/results.csv,IU
aa4,VGG2k / AA4,r21vgg2k_vgg16_bn_aa_s42,face_transfer,124,single_uu,CFD WM64,Houses,0.35,,50,within_sampled_range,IU,146,66.66666666666666,runs/yin_single_noise_20260925/results/r21vgg2k_vgg16_bn_aa_s42/faces_cfdWM64/houses_yin64/results.csv,IU
aa4,VGG2k / AA4,r21vgg2k_vgg16_bn_aa_s42,face_transfer,124,single_uu,CFD WM64,Houses,0.35,,50,within_sampled_range,IU,147,66.66666666666666,runs/yin_single_noise_20260925/results/r21vgg2k_vgg16_bn_aa_s42/faces_cfdWM64/houses_yin64/results.csv,IU
aa4,VGG2k / AA4,r21vgg2k_vgg16_bn_aa_s42,face_transfer,124,single_uu,CFD WM64,Houses,0.35,,50,within_sampled_range,IU,148,54.166666666666664,runs/yin_single_noise_20260925/results/r21vgg2k_vgg16_bn_aa_s42/faces_cfdWM64/houses_yin64/results.csv,IU
aa4,VGG2k / AA4,r21vgg2k_vgg16_bn_aa_s42,face_transfer,124,single_uu,CFD WM64,Houses,0.35,,50,within_sampled_range,IU,149,70.83333333333334,runs/yin_single_noise_20260925/results/r21vgg2k_vgg16_bn_aa_s42/faces_cfdWM64/houses_yin64/results.csv,IU
aa4,VGG2k / AA4,r21vgg2k_vgg16_bn_aa_s42,face_transfer,124,single_uu,CFD WM64,Houses,0.35,,50,within_sampled_range,IU,150,58.333333333333336,runs/yin_single_noise_20260925/results/r21vgg2k_vgg16_bn_aa_s42/faces_cfdWM64/houses_yin64/results.csv,IU
aa4,VGG2k / AA4,r21vgg2k_vgg16_bn_aa_s42,face_transfer,124,two_cross,CFD WM64,Houses,0.35,0.38,50,within_sampled_range,UU,101,79.16666666666666,runs/yin_noise_matrix_20260926/results/r21vgg2k_vgg16_bn_aa_s42/faces_cfdWM64/houses_yin64/results.csv,UU
aa4,VGG2k / AA4,r21vgg2k_vgg16_bn_aa_s42,face_transfer,124,two_cross,CFD WM64,Houses,0.35,0.38,50,within_sampled_range,UU,102,70.83333333333334,runs/yin_noise_matrix_20260926/results/r21vgg2k_vgg16_bn_aa_s42/faces_cfdWM64/houses_yin64/results.csv,UU
aa4,VGG2k / AA4,r21vgg2k_vgg16_bn_aa_s42,face_transfer,124,two_cross,CFD WM64,Houses,0.35,0.38,50,within_sampled_range,UU,103,66.66666666666666,runs/yin_noise_matrix_20260926/results/r21vgg2k_vgg16_bn_aa_s42/faces_cfdWM64/houses_yin64/results.csv,UU
aa4,VGG2k / AA4,r21vgg2k_vgg16_bn_aa_s42,face_transfer,124,two_cross,CFD WM64,Houses,0.35,0.38,50,within_sampled_range,UU,104,62.5,runs/yin_noise_matrix_20260926/results/r21vgg2k_vgg16_bn_aa_s42/faces_cfdWM64/houses_yin64/results.csv,UU
aa4,VGG2k / AA4,r21vgg2k_vgg16_bn_aa_s42,face_transfer,124,two_cross,CFD WM64,Houses,0.35,0.38,50,within_sampled_range,UU,105,70.83333333333334,runs/yin_noise_matrix_20260926/results/r21vgg2k_vgg16_bn_aa_s42/faces_cfdWM64/houses_yin64/results.csv,UU
aa4,VGG2k / AA4,r21vgg2k_vgg16_bn_aa_s42,face_transfer,124,two_cross,CFD WM64,Houses,0.35,0.38,50,within_sampled_range,UU,106,75.0,runs/yin_noise_matrix_20260926/results/r21vgg2k_vgg16_bn_aa_s42/faces_cfdWM64/houses_yin64/results.csv,UU
aa4,VGG2k / AA4,r21vgg2k_vgg16_bn_aa_s42,face_transfer,124,two_cross,CFD WM64,Houses,0.35,0.38,50,within_sampled_range,UU,107,70.83333333333334,runs/yin_noise_matrix_20260926/results/r21vgg2k_vgg16_bn_aa_s42/faces_cfdWM64/houses_yin64/results.csv,UU
aa4,VGG2k / AA4,r21vgg2k_vgg16_bn_aa_s42,face_transfer,124,two_cross,CFD WM64,Houses,0.35,0.38,50,within_sampled_range,UU,108,58.333333333333336,runs/yin_noise_matrix_20260926/results/r21vgg2k_vgg16_bn_aa_s42/faces_cfdWM64/houses_yin64/results.csv,UU
aa4,VGG2k / AA4,r21vgg2k_vgg16_bn_aa_s42,face_transfer,124,two_cross,CFD WM64,Houses,0.35,0.38,50,within_sampled_range,UU,109,70.83333333333334,runs/yin_noise_matrix_20260926/results/r21vgg2k_vgg16_bn_aa_s42/faces_cfdWM64/houses_yin64/results.csv,UU
aa4,VGG2k / AA4,r21vgg2k_vgg16_bn_aa_s42,face_transfer,124,two_cross,CFD WM64,Houses,0.35,0.38,50,within_sampled_range,UU,110,66.66666666666666,runs/yin_noise_matrix_20260926/results/r21vgg2k_vgg16_bn_aa_s42/faces_cfdWM64/houses_yin64/results.csv,UU
aa4,VGG2k / AA4,r21vgg2k_vgg16_bn_aa_s42,face_transfer,124,two_cross,CFD WM64,Houses,0.35,0.38,50,within_sampled_range,UU,111,70.83333333333334,runs/yin_noise_matrix_20260926/results/r21vgg2k_vgg16_bn_aa_s42/faces_cfdWM64/houses_yin64/results.csv,UU
aa4,VGG2k / AA4,r21vgg2k_vgg16_bn_aa_s42,face_transfer,124,two_cross,CFD WM64,Houses,0.35,0.38,50,within_sampled_range,UU,112,62.5,runs/yin_noise_matrix_20260926/results/r21vgg2k_vgg16_bn_aa_s42/faces_cfdWM64/houses_yin64/results.csv,UU
aa4,VGG2k / AA4,r21vgg2k_vgg16_bn_aa_s42,face_transfer,124,two_cross,CFD WM64,Houses,0.35,0.38,50,within_sampled_range,UU,113,75.0,runs/yin_noise_matrix_20260926/results/r21vgg2k_vgg16_bn_aa_s42/faces_cfdWM64/houses_yin64/results.csv,UU
aa4,VGG2k / AA4,r21vgg2k_vgg16_bn_aa_s42,face_transfer,124,two_cross,CFD WM64,Houses,0.35,0.38,50,within_sampled_range,UU,114,66.66666666666666,runs/yin_noise_matrix_20260926/results/r21vgg2k_vgg16_bn_aa_s42/faces_cfdWM64/houses_yin64/results.csv,UU
aa4,VGG2k / AA4,r21vgg2k_vgg16_bn_aa_s42,face_transfer,124,two_cross,CFD WM64,Houses,0.35,0.38,50,within_sampled_range,UU,115,66.66666666666666,runs/yin_noise_matrix_20260926/results/r21vgg2k_vgg16_bn_aa_s42/faces_cfdWM64/houses_yin64/results.csv,UU
aa4,VGG2k / AA4,r21vgg2k_vgg16_bn_aa_s42,face_transfer,124,two_cross,CFD WM64,Houses,0.35,0.38,50,within_sampled_range,UU,116,79.16666666666666,runs/yin_noise_matrix_20260926/results/r21vgg2k_vgg16_bn_aa_s42/faces_cfdWM64/houses_yin64/results.csv,UU
aa4,VGG2k / AA4,r21vgg2k_vgg16_bn_aa_s42,face_transfer,124,two_cross,CFD WM64,Houses,0.35,0.38,50,within_sampled_range,UU,117,75.0,runs/yin_noise_matrix_20260926/results/r21vgg2k_vgg16_bn_aa_s42/faces_cfdWM64/houses_yin64/results.csv,UU
aa4,VGG2k / AA4,r21vgg2k_vgg16_bn_aa_s42,face_transfer,124,two_cross,CFD WM64,Houses,0.35,0.38,50,within_sampled_range,UU,118,83.33333333333334,runs/yin_noise_matrix_20260926/results/r21vgg2k_vgg16_bn_aa_s42/faces_cfdWM64/houses_yin64/results.csv,UU
aa4,VGG2k / AA4,r21vgg2k_vgg16_bn_aa_s42,face_transfer,124,two_cross,CFD WM64,Houses,0.35,0.38,50,within_sampled_range,UU,119,62.5,runs/yin_noise_matrix_20260926/results/r21vgg2k_vgg16_bn_aa_s42/faces_cfdWM64/houses_yin64/results.csv,UU
aa4,VGG2k / AA4,r21vgg2k_vgg16_bn_aa_s42,face_transfer,124,two_cross,CFD WM64,Houses,0.35,0.38,50,within_sampled_range,UU,120,75.0,runs/yin_noise_matrix_20260926/results/r21vgg2k_vgg16_bn_aa_s42/faces_cfdWM64/houses_yin64/results.csv,UU
aa4,VGG2k / AA4,r21vgg2k_vgg16_bn_aa_s42,face_transfer,124,two_cross,CFD WM64,Houses,0.35,0.38,50,within_sampled_range,UU,121,70.83333333333334,runs/yin_noise_matrix_20260926/results/r21vgg2k_vgg16_bn_aa_s42/faces_cfdWM64/houses_yin64/results.csv,UU
aa4,VGG2k / AA4,r21vgg2k_vgg16_bn_aa_s42,face_transfer,124,two_cross,CFD WM64,Houses,0.35,0.38,50,within_sampled_range,UU,122,66.66666666666666,runs/yin_noise_matrix_20260926/results/r21vgg2k_vgg16_bn_aa_s42/faces_cfdWM64/houses_yin64/results.csv,UU
aa4,VGG2k / AA4,r21vgg2k_vgg16_bn_aa_s42,face_transfer,124,two_cross,CFD WM64,Houses,0.35,0.38,50,within_sampled_range,UU,123,91.66666666666666,runs/yin_noise_matrix_20260926/results/r21vgg2k_vgg16_bn_aa_s42/faces_cfdWM64/houses_yin64/results.csv,UU
aa4,VGG2k / AA4,r21vgg2k_vgg16_bn_aa_s42,face_transfer,124,two_cross,CFD WM64,Houses,0.35,0.38,50,within_sampled_range,UU,124,75.0,runs/yin_noise_matrix_20260926/results/r21vgg2k_vgg16_bn_aa_s42/faces_cfdWM64/houses_yin64/results.csv,UU
aa4,VGG2k / AA4,r21vgg2k_vgg16_bn_aa_s42,face_transfer,124,two_cross,CFD WM64,Houses,0.35,0.38,50,within_sampled_range,UU,125,70.83333333333334,runs/yin_noise_matrix_20260926/results/r21vgg2k_vgg16_bn_aa_s42/faces_cfdWM64/houses_yin64/results.csv,UU
aa4,VGG2k / AA4,r21vgg2k_vgg16_bn_aa_s42,face_transfer,124,two_cross,CFD WM64,Houses,0.35,0.38,50,within_sampled_range,UU,126,62.5,runs/yin_noise_matrix_20260926/results/r21vgg2k_vgg16_bn_aa_s42/faces_cfdWM64/houses_yin64/results.csv,UU
aa4,VGG2k / AA4,r21vgg2k_vgg16_bn_aa_s42,face_transfer,124,two_cross,CFD WM64,Houses,0.35,0.38,50,within_sampled_range,UU,127,75.0,runs/yin_noise_matrix_20260926/results/r21vgg2k_vgg16_bn_aa_s42/faces_cfdWM64/houses_yin64/results.csv,UU
aa4,VGG2k / AA4,r21vgg2k_vgg16_bn_aa_s42,face_transfer,124,two_cross,CFD WM64,Houses,0.35,0.38,50,within_sampled_range,UU,128,62.5,runs/yin_noise_matrix_20260926/results/r21vgg2k_vgg16_bn_aa_s42/faces_cfdWM64/houses_yin64/results.csv,UU
aa4,VGG2k / AA4,r21vgg2k_vgg16_bn_aa_s42,face_transfer,124,two_cross,CFD WM64,Houses,0.35,0.38,50,within_sampled_range,UU,129,58.333333333333336,runs/yin_noise_matrix_20260926/results/r21vgg2k_vgg16_bn_aa_s42/faces_cfdWM64/houses_yin64/results.csv,UU
aa4,VGG2k / AA4,r21vgg2k_vgg16_bn_aa_s42,face_transfer,124,two_cross,CFD WM64,Houses,0.35,0.38,50,within_sampled_range,UU,130,75.0,runs/yin_noise_matrix_20260926/results/r21vgg2k_vgg16_bn_aa_s42/faces_cfdWM64/houses_yin64/results.csv,UU
aa4,VGG2k / AA4,r21vgg2k_vgg16_bn_aa_s42,face_transfer,124,two_cross,CFD WM64,Houses,0.35,0.38,50,within_sampled_range,UU,131,66.66666666666666,runs/yin_noise_matrix_20260926/results/r21vgg2k_vgg16_bn_aa_s42/faces_cfdWM64/houses_yin64/results.csv,UU
aa4,VGG2k / AA4,r21vgg2k_vgg16_bn_aa_s42,face_transfer,124,two_cross,CFD WM64,Houses,0.35,0.38,50,within_sampled_range,UU,132,79.16666666666666,runs/yin_noise_matrix_20260926/results/r21vgg2k_vgg16_bn_aa_s42/faces_cfdWM64/houses_yin64/results.csv,UU
aa4,VGG2k / AA4,r21vgg2k_vgg16_bn_aa_s42,face_transfer,124,two_cross,CFD WM64,Houses,0.35,0.38,50,within_sampled_range,UU,133,62.5,runs/yin_noise_matrix_20260926/results/r21vgg2k_vgg16_bn_aa_s42/faces_cfdWM64/houses_yin64/results.csv,UU
aa4,VGG2k / AA4,r21vgg2k_vgg16_bn_aa_s42,face_transfer,124,two_cross,CFD WM64,Houses,0.35,0.38,50,within_sampled_range,UU,134,75.0,runs/yin_noise_matrix_20260926/results/r21vgg2k_vgg16_bn_aa_s42/faces_cfdWM64/houses_yin64/results.csv,UU
aa4,VGG2k / AA4,r21vgg2k_vgg16_bn_aa_s42,face_transfer,124,two_cross,CFD WM64,Houses,0.35,0.38,50,within_sampled_range,UU,135,62.5,runs/yin_noise_matrix_20260926/results/r21vgg2k_vgg16_bn_aa_s42/faces_cfdWM64/houses_yin64/results.csv,UU
aa4,VGG2k / AA4,r21vgg2k_vgg16_bn_aa_s42,face_transfer,124,two_cross,CFD WM64,Houses,0.35,0.38,50,within_sampled_range,UU,136,83.33333333333334,runs/yin_noise_matrix_20260926/results/r21vgg2k_vgg16_bn_aa_s42/faces_cfdWM64/houses_yin64/results.csv,UU
aa4,VGG2k / AA4,r21vgg2k_vgg16_bn_aa_s42,face_transfer,124,two_cross,CFD WM64,Houses,0.35,0.38,50,within_sampled_range,UU,137,70.83333333333334,runs/yin_noise_matrix_20260926/results/r21vgg2k_vgg16_bn_aa_s42/faces_cfdWM64/houses_yin64/results.csv,UU
aa4,VGG2k / AA4,r21vgg2k_vgg16_bn_aa_s42,face_transfer,124,two_cross,CFD WM64,Houses,0.35,0.38,50,within_sampled_range,UU,138,75.0,runs/yin_noise_matrix_20260926/results/r21vgg2k_vgg16_bn_aa_s42/faces_cfdWM64/houses_yin64/results.csv,UU
aa4,VGG2k / AA4,r21vgg2k_vgg16_bn_aa_s42,face_transfer,124,two_cross,CFD WM64,Houses,0.35,0.38,50,within_sampled_range,UU,139,50.0,runs/yin_noise_matrix_20260926/results/r21vgg2k_vgg16_bn_aa_s42/faces_cfdWM64/houses_yin64/results.csv,UU
aa4,VGG2k / AA4,r21vgg2k_vgg16_bn_aa_s42,face_transfer,124,two_cross,CFD WM64,Houses,0.35,0.38,50,within_sampled_range,UU,140,75.0,runs/yin_noise_matrix_20260926/results/r21vgg2k_vgg16_bn_aa_s42/faces_cfdWM64/houses_yin64/results.csv,UU
aa4,VGG2k / AA4,r21vgg2k_vgg16_bn_aa_s42,face_transfer,124,two_cross,CFD WM64,Houses,0.35,0.38,50,within_sampled_range,UU,141,70.83333333333334,runs/yin_noise_matrix_20260926/results/r21vgg2k_vgg16_bn_aa_s42/faces_cfdWM64/houses_yin64/results.csv,UU
aa4,VGG2k / AA4,r21vgg2k_vgg16_bn_aa_s42,face_transfer,124,two_cross,CFD WM64,Houses,0.35,0.38,50,within_sampled_range,UU,142,83.33333333333334,runs/yin_noise_matrix_20260926/results/r21vgg2k_vgg16_bn_aa_s42/faces_cfdWM64/houses_yin64/results.csv,UU
aa4,VGG2k / AA4,r21vgg2k_vgg16_bn_aa_s42,face_transfer,124,two_cross,CFD WM64,Houses,0.35,0.38,50,within_sampled_range,UU,143,66.66666666666666,runs/yin_noise_matrix_20260926/results/r21vgg2k_vgg16_bn_aa_s42/faces_cfdWM64/houses_yin64/results.csv,UU
aa4,VGG2k / AA4,r21vgg2k_vgg16_bn_aa_s42,face_transfer,124,two_cross,CFD WM64,Houses,0.35,0.38,50,within_sampled_range,UU,144,70.83333333333334,runs/yin_noise_matrix_20260926/results/r21vgg2k_vgg16_bn_aa_s42/faces_cfdWM64/houses_yin64/results.csv,UU
aa4,VGG2k / AA4,r21vgg2k_vgg16_bn_aa_s42,face_transfer,124,two_cross,CFD WM64,Houses,0.35,0.38,50,within_sampled_range,UU,145,66.66666666666666,runs/yin_noise_matrix_20260926/results/r21vgg2k_vgg16_bn_aa_s42/faces_cfdWM64/houses_yin64/results.csv,UU
aa4,VGG2k / AA4,r21vgg2k_vgg16_bn_aa_s42,face_transfer,124,two_cross,CFD WM64,Houses,0.35,0.38,50,within_sampled_range,UU,146,62.5,runs/yin_noise_matrix_20260926/results/r21vgg2k_vgg16_bn_aa_s42/faces_cfdWM64/houses_yin64/results.csv,UU
aa4,VGG2k / AA4,r21vgg2k_vgg16_bn_aa_s42,face_transfer,124,two_cross,CFD WM64,Houses,0.35,0.38,50,within_sampled_range,UU,147,83.33333333333334,runs/yin_noise_matrix_20260926/results/r21vgg2k_vgg16_bn_aa_s42/faces_cfdWM64/houses_yin64/results.csv,UU
aa4,VGG2k / AA4,r21vgg2k_vgg16_bn_aa_s42,face_transfer,124,two_cross,CFD WM64,Houses,0.35,0.38,50,within_sampled_range,UU,148,75.0,runs/yin_noise_matrix_20260926/results/r21vgg2k_vgg16_bn_aa_s42/faces_cfdWM64/houses_yin64/results.csv,UU
aa4,VGG2k / AA4,r21vgg2k_vgg16_bn_aa_s42,face_transfer,124,two_cross,CFD WM64,Houses,0.35,0.38,50,within_sampled_range,UU,149,70.83333333333334,runs/yin_noise_matrix_20260926/results/r21vgg2k_vgg16_bn_aa_s42/faces_cfdWM64/houses_yin64/results.csv,UU
aa4,VGG2k / AA4,r21vgg2k_vgg16_bn_aa_s42,face_transfer,124,two_cross,CFD WM64,Houses,0.35,0.38,50,within_sampled_range,UU,150,58.333333333333336,runs/yin_noise_matrix_20260926/results/r21vgg2k_vgg16_bn_aa_s42/faces_cfdWM64/houses_yin64/results.csv,UU
aa4,VGG2k / AA4,r21vgg2k_vgg16_bn_aa_s42,face_transfer,124,two_cross,CFD WM64,Houses,0.35,0.38,50,within_sampled_range,II,101,75.0,runs/yin_noise_matrix_20260926/results/r21vgg2k_vgg16_bn_aa_s42/faces_cfdWM64/houses_yin64/results.csv,II
aa4,VGG2k / AA4,r21vgg2k_vgg16_bn_aa_s42,face_transfer,124,two_cross,CFD WM64,Houses,0.35,0.38,50,within_sampled_range,II,102,50.0,runs/yin_noise_matrix_20260926/results/r21vgg2k_vgg16_bn_aa_s42/faces_cfdWM64/houses_yin64/results.csv,II
aa4,VGG2k / AA4,r21vgg2k_vgg16_bn_aa_s42,face_transfer,124,two_cross,CFD WM64,Houses,0.35,0.38,50,within_sampled_range,II,103,62.5,runs/yin_noise_matrix_20260926/results/r21vgg2k_vgg16_bn_aa_s42/faces_cfdWM64/houses_yin64/results.csv,II
aa4,VGG2k / AA4,r21vgg2k_vgg16_bn_aa_s42,face_transfer,124,two_cross,CFD WM64,Houses,0.35,0.38,50,within_sampled_range,II,104,66.66666666666666,runs/yin_noise_matrix_20260926/results/r21vgg2k_vgg16_bn_aa_s42/faces_cfdWM64/houses_yin64/results.csv,II
aa4,VGG2k / AA4,r21vgg2k_vgg16_bn_aa_s42,face_transfer,124,two_cross,CFD WM64,Houses,0.35,0.38,50,within_sampled_range,II,105,62.5,runs/yin_noise_matrix_20260926/results/r21vgg2k_vgg16_bn_aa_s42/faces_cfdWM64/houses_yin64/results.csv,II
aa4,VGG2k / AA4,r21vgg2k_vgg16_bn_aa_s42,face_transfer,124,two_cross,CFD WM64,Houses,0.35,0.38,50,within_sampled_range,II,106,66.66666666666666,runs/yin_noise_matrix_20260926/results/r21vgg2k_vgg16_bn_aa_s42/faces_cfdWM64/houses_yin64/results.csv,II
aa4,VGG2k / AA4,r21vgg2k_vgg16_bn_aa_s42,face_transfer,124,two_cross,CFD WM64,Houses,0.35,0.38,50,within_sampled_range,II,107,50.0,runs/yin_noise_matrix_20260926/results/r21vgg2k_vgg16_bn_aa_s42/faces_cfdWM64/houses_yin64/results.csv,II
aa4,VGG2k / AA4,r21vgg2k_vgg16_bn_aa_s42,face_transfer,124,two_cross,CFD WM64,Houses,0.35,0.38,50,within_sampled_range,II,108,58.333333333333336,runs/yin_noise_matrix_20260926/results/r21vgg2k_vgg16_bn_aa_s42/faces_cfdWM64/houses_yin64/results.csv,II
aa4,VGG2k / AA4,r21vgg2k_vgg16_bn_aa_s42,face_transfer,124,two_cross,CFD WM64,Houses,0.35,0.38,50,within_sampled_range,II,109,50.0,runs/yin_noise_matrix_20260926/results/r21vgg2k_vgg16_bn_aa_s42/faces_cfdWM64/houses_yin64/results.csv,II
aa4,VGG2k / AA4,r21vgg2k_vgg16_bn_aa_s42,face_transfer,124,two_cross,CFD WM64,Houses,0.35,0.38,50,within_sampled_range,II,110,58.333333333333336,runs/yin_noise_matrix_20260926/results/r21vgg2k_vgg16_bn_aa_s42/faces_cfdWM64/houses_yin64/results.csv,II
aa4,VGG2k / AA4,r21vgg2k_vgg16_bn_aa_s42,face_transfer,124,two_cross,CFD WM64,Houses,0.35,0.38,50,within_sampled_range,II,111,62.5,runs/yin_noise_matrix_20260926/results/r21vgg2k_vgg16_bn_aa_s42/faces_cfdWM64/houses_yin64/results.csv,II
aa4,VGG2k / AA4,r21vgg2k_vgg16_bn_aa_s42,face_transfer,124,two_cross,CFD WM64,Houses,0.35,0.38,50,within_sampled_range,II,112,62.5,runs/yin_noise_matrix_20260926/results/r21vgg2k_vgg16_bn_aa_s42/faces_cfdWM64/houses_yin64/results.csv,II
aa4,VGG2k / AA4,r21vgg2k_vgg16_bn_aa_s42,face_transfer,124,two_cross,CFD WM64,Houses,0.35,0.38,50,within_sampled_range,II,113,70.83333333333334,runs/yin_noise_matrix_20260926/results/r21vgg2k_vgg16_bn_aa_s42/faces_cfdWM64/houses_yin64/results.csv,II
aa4,VGG2k / AA4,r21vgg2k_vgg16_bn_aa_s42,face_transfer,124,two_cross,CFD WM64,Houses,0.35,0.38,50,within_sampled_range,II,114,66.66666666666666,runs/yin_noise_matrix_20260926/results/r21vgg2k_vgg16_bn_aa_s42/faces_cfdWM64/houses_yin64/results.csv,II
aa4,VGG2k / AA4,r21vgg2k_vgg16_bn_aa_s42,face_transfer,124,two_cross,CFD WM64,Houses,0.35,0.38,50,within_sampled_range,II,115,50.0,runs/yin_noise_matrix_20260926/results/r21vgg2k_vgg16_bn_aa_s42/faces_cfdWM64/houses_yin64/results.csv,II
aa4,VGG2k / AA4,r21vgg2k_vgg16_bn_aa_s42,face_transfer,124,two_cross,CFD WM64,Houses,0.35,0.38,50,within_sampled_range,II,116,75.0,runs/yin_noise_matrix_20260926/results/r21vgg2k_vgg16_bn_aa_s42/faces_cfdWM64/houses_yin64/results.csv,II
aa4,VGG2k / AA4,r21vgg2k_vgg16_bn_aa_s42,face_transfer,124,two_cross,CFD WM64,Houses,0.35,0.38,50,within_sampled_range,II,117,66.66666666666666,runs/yin_noise_matrix_20260926/results/r21vgg2k_vgg16_bn_aa_s42/faces_cfdWM64/houses_yin64/results.csv,II
aa4,VGG2k / AA4,r21vgg2k_vgg16_bn_aa_s42,face_transfer,124,two_cross,CFD WM64,Houses,0.35,0.38,50,within_sampled_range,II,118,66.66666666666666,runs/yin_noise_matrix_20260926/results/r21vgg2k_vgg16_bn_aa_s42/faces_cfdWM64/houses_yin64/results.csv,II
aa4,VGG2k / AA4,r21vgg2k_vgg16_bn_aa_s42,face_transfer,124,two_cross,CFD WM64,Houses,0.35,0.38,50,within_sampled_range,II,119,50.0,runs/yin_noise_matrix_20260926/results/r21vgg2k_vgg16_bn_aa_s42/faces_cfdWM64/houses_yin64/results.csv,II
aa4,VGG2k / AA4,r21vgg2k_vgg16_bn_aa_s42,face_transfer,124,two_cross,CFD WM64,Houses,0.35,0.38,50,within_sampled_range,II,120,75.0,runs/yin_noise_matrix_20260926/results/r21vgg2k_vgg16_bn_aa_s42/faces_cfdWM64/houses_yin64/results.csv,II
aa4,VGG2k / AA4,r21vgg2k_vgg16_bn_aa_s42,face_transfer,124,two_cross,CFD WM64,Houses,0.35,0.38,50,within_sampled_range,II,121,50.0,runs/yin_noise_matrix_20260926/results/r21vgg2k_vgg16_bn_aa_s42/faces_cfdWM64/houses_yin64/results.csv,II
aa4,VGG2k / AA4,r21vgg2k_vgg16_bn_aa_s42,face_transfer,124,two_cross,CFD WM64,Houses,0.35,0.38,50,within_sampled_range,II,122,62.5,runs/yin_noise_matrix_20260926/results/r21vgg2k_vgg16_bn_aa_s42/faces_cfdWM64/houses_yin64/results.csv,II
aa4,VGG2k / AA4,r21vgg2k_vgg16_bn_aa_s42,face_transfer,124,two_cross,CFD WM64,Houses,0.35,0.38,50,within_sampled_range,II,123,79.16666666666666,runs/yin_noise_matrix_20260926/results/r21vgg2k_vgg16_bn_aa_s42/faces_cfdWM64/houses_yin64/results.csv,II
aa4,VGG2k / AA4,r21vgg2k_vgg16_bn_aa_s42,face_transfer,124,two_cross,CFD WM64,Houses,0.35,0.38,50,within_sampled_range,II,124,70.83333333333334,runs/yin_noise_matrix_20260926/results/r21vgg2k_vgg16_bn_aa_s42/faces_cfdWM64/houses_yin64/results.csv,II
aa4,VGG2k / AA4,r21vgg2k_vgg16_bn_aa_s42,face_transfer,124,two_cross,CFD WM64,Houses,0.35,0.38,50,within_sampled_range,II,125,70.83333333333334,runs/yin_noise_matrix_20260926/results/r21vgg2k_vgg16_bn_aa_s42/faces_cfdWM64/houses_yin64/results.csv,II
aa4,VGG2k / AA4,r21vgg2k_vgg16_bn_aa_s42,face_transfer,124,two_cross,CFD WM64,Houses,0.35,0.38,50,within_sampled_range,II,126,58.333333333333336,runs/yin_noise_matrix_20260926/results/r21vgg2k_vgg16_bn_aa_s42/faces_cfdWM64/houses_yin64/results.csv,II
aa4,VGG2k / AA4,r21vgg2k_vgg16_bn_aa_s42,face_transfer,124,two_cross,CFD WM64,Houses,0.35,0.38,50,within_sampled_range,II,127,58.333333333333336,runs/yin_noise_matrix_20260926/results/r21vgg2k_vgg16_bn_aa_s42/faces_cfdWM64/houses_yin64/results.csv,II
aa4,VGG2k / AA4,r21vgg2k_vgg16_bn_aa_s42,face_transfer,124,two_cross,CFD WM64,Houses,0.35,0.38,50,within_sampled_range,II,128,62.5,runs/yin_noise_matrix_20260926/results/r21vgg2k_vgg16_bn_aa_s42/faces_cfdWM64/houses_yin64/results.csv,II
aa4,VGG2k / AA4,r21vgg2k_vgg16_bn_aa_s42,face_transfer,124,two_cross,CFD WM64,Houses,0.35,0.38,50,within_sampled_range,II,129,75.0,runs/yin_noise_matrix_20260926/results/r21vgg2k_vgg16_bn_aa_s42/faces_cfdWM64/houses_yin64/results.csv,II
aa4,VGG2k / AA4,r21vgg2k_vgg16_bn_aa_s42,face_transfer,124,two_cross,CFD WM64,Houses,0.35,0.38,50,within_sampled_range,II,130,62.5,runs/yin_noise_matrix_20260926/results/r21vgg2k_vgg16_bn_aa_s42/faces_cfdWM64/houses_yin64/results.csv,II
aa4,VGG2k / AA4,r21vgg2k_vgg16_bn_aa_s42,face_transfer,124,two_cross,CFD WM64,Houses,0.35,0.38,50,within_sampled_range,II,131,75.0,runs/yin_noise_matrix_20260926/results/r21vgg2k_vgg16_bn_aa_s42/faces_cfdWM64/houses_yin64/results.csv,II
aa4,VGG2k / AA4,r21vgg2k_vgg16_bn_aa_s42,face_transfer,124,two_cross,CFD WM64,Houses,0.35,0.38,50,within_sampled_range,II,132,62.5,runs/yin_noise_matrix_20260926/results/r21vgg2k_vgg16_bn_aa_s42/faces_cfdWM64/houses_yin64/results.csv,II
aa4,VGG2k / AA4,r21vgg2k_vgg16_bn_aa_s42,face_transfer,124,two_cross,CFD WM64,Houses,0.35,0.38,50,within_sampled_range,II,133,75.0,runs/yin_noise_matrix_20260926/results/r21vgg2k_vgg16_bn_aa_s42/faces_cfdWM64/houses_yin64/results.csv,II
aa4,VGG2k / AA4,r21vgg2k_vgg16_bn_aa_s42,face_transfer,124,two_cross,CFD WM64,Houses,0.35,0.38,50,within_sampled_range,II,134,66.66666666666666,runs/yin_noise_matrix_20260926/results/r21vgg2k_vgg16_bn_aa_s42/faces_cfdWM64/houses_yin64/results.csv,II
aa4,VGG2k / AA4,r21vgg2k_vgg16_bn_aa_s42,face_transfer,124,two_cross,CFD WM64,Houses,0.35,0.38,50,within_sampled_range,II,135,54.166666666666664,runs/yin_noise_matrix_20260926/results/r21vgg2k_vgg16_bn_aa_s42/faces_cfdWM64/houses_yin64/results.csv,II
aa4,VGG2k / AA4,r21vgg2k_vgg16_bn_aa_s42,face_transfer,124,two_cross,CFD WM64,Houses,0.35,0.38,50,within_sampled_range,II,136,66.66666666666666,runs/yin_noise_matrix_20260926/results/r21vgg2k_vgg16_bn_aa_s42/faces_cfdWM64/houses_yin64/results.csv,II
aa4,VGG2k / AA4,r21vgg2k_vgg16_bn_aa_s42,face_transfer,124,two_cross,CFD WM64,Houses,0.35,0.38,50,within_sampled_range,II,137,70.83333333333334,runs/yin_noise_matrix_20260926/results/r21vgg2k_vgg16_bn_aa_s42/faces_cfdWM64/houses_yin64/results.csv,II
aa4,VGG2k / AA4,r21vgg2k_vgg16_bn_aa_s42,face_transfer,124,two_cross,CFD WM64,Houses,0.35,0.38,50,within_sampled_range,II,138,62.5,runs/yin_noise_matrix_20260926/results/r21vgg2k_vgg16_bn_aa_s42/faces_cfdWM64/houses_yin64/results.csv,II
aa4,VGG2k / AA4,r21vgg2k_vgg16_bn_aa_s42,face_transfer,124,two_cross,CFD WM64,Houses,0.35,0.38,50,within_sampled_range,II,139,45.83333333333333,runs/yin_noise_matrix_20260926/results/r21vgg2k_vgg16_bn_aa_s42/faces_cfdWM64/houses_yin64/results.csv,II
aa4,VGG2k / AA4,r21vgg2k_vgg16_bn_aa_s42,face_transfer,124,two_cross,CFD WM64,Houses,0.35,0.38,50,within_sampled_range,II,140,62.5,runs/yin_noise_matrix_20260926/results/r21vgg2k_vgg16_bn_aa_s42/faces_cfdWM64/houses_yin64/results.csv,II
aa4,VGG2k / AA4,r21vgg2k_vgg16_bn_aa_s42,face_transfer,124,two_cross,CFD WM64,Houses,0.35,0.38,50,within_sampled_range,II,141,62.5,runs/yin_noise_matrix_20260926/results/r21vgg2k_vgg16_bn_aa_s42/faces_cfdWM64/houses_yin64/results.csv,II
aa4,VGG2k / AA4,r21vgg2k_vgg16_bn_aa_s42,face_transfer,124,two_cross,CFD WM64,Houses,0.35,0.38,50,within_sampled_range,II,142,62.5,runs/yin_noise_matrix_20260926/results/r21vgg2k_vgg16_bn_aa_s42/faces_cfdWM64/houses_yin64/results.csv,II
aa4,VGG2k / AA4,r21vgg2k_vgg16_bn_aa_s42,face_transfer,124,two_cross,CFD WM64,Houses,0.35,0.38,50,within_sampled_range,II,143,70.83333333333334,runs/yin_noise_matrix_20260926/results/r21vgg2k_vgg16_bn_aa_s42/faces_cfdWM64/houses_yin64/results.csv,II
aa4,VGG2k / AA4,r21vgg2k_vgg16_bn_aa_s42,face_transfer,124,two_cross,CFD WM64,Houses,0.35,0.38,50,within_sampled_range,II,144,62.5,runs/yin_noise_matrix_20260926/results/r21vgg2k_vgg16_bn_aa_s42/faces_cfdWM64/houses_yin64/results.csv,II
aa4,VGG2k / AA4,r21vgg2k_vgg16_bn_aa_s42,face_transfer,124,two_cross,CFD WM64,Houses,0.35,0.38,50,within_sampled_range,II,145,70.83333333333334,runs/yin_noise_matrix_20260926/results/r21vgg2k_vgg16_bn_aa_s42/faces_cfdWM64/houses_yin64/results.csv,II
aa4,VGG2k / AA4,r21vgg2k_vgg16_bn_aa_s42,face_transfer,124,two_cross,CFD WM64,Houses,0.35,0.38,50,within_sampled_range,II,146,79.16666666666666,runs/yin_noise_matrix_20260926/results/r21vgg2k_vgg16_bn_aa_s42/faces_cfdWM64/houses_yin64/results.csv,II
aa4,VGG2k / AA4,r21vgg2k_vgg16_bn_aa_s42,face_transfer,124,two_cross,CFD WM64,Houses,0.35,0.38,50,within_sampled_range,II,147,79.16666666666666,runs/yin_noise_matrix_20260926/results/r21vgg2k_vgg16_bn_aa_s42/faces_cfdWM64/houses_yin64/results.csv,II
aa4,VGG2k / AA4,r21vgg2k_vgg16_bn_aa_s42,face_transfer,124,two_cross,CFD WM64,Houses,0.35,0.38,50,within_sampled_range,II,148,66.66666666666666,runs/yin_noise_matrix_20260926/results/r21vgg2k_vgg16_bn_aa_s42/faces_cfdWM64/houses_yin64/results.csv,II
aa4,VGG2k / AA4,r21vgg2k_vgg16_bn_aa_s42,face_transfer,124,two_cross,CFD WM64,Houses,0.35,0.38,50,within_sampled_range,II,149,58.333333333333336,runs/yin_noise_matrix_20260926/results/r21vgg2k_vgg16_bn_aa_s42/faces_cfdWM64/houses_yin64/results.csv,II
aa4,VGG2k / AA4,r21vgg2k_vgg16_bn_aa_s42,face_transfer,124,two_cross,CFD WM64,Houses,0.35,0.38,50,within_sampled_range,II,150,83.33333333333334,runs/yin_noise_matrix_20260926/results/r21vgg2k_vgg16_bn_aa_s42/faces_cfdWM64/houses_yin64/results.csv,II
aa4,VGG2k / AA4,r21vgg2k_vgg16_bn_aa_s42,face_transfer,124,two_cross,CFD WM64,Houses,0.35,0.38,50,within_sampled_range,UI,101,66.66666666666666,runs/yin_noise_matrix_20260926/results/r21vgg2k_vgg16_bn_aa_s42/faces_cfdWM64/houses_yin64/results.csv,UI_cross
aa4,VGG2k / AA4,r21vgg2k_vgg16_bn_aa_s42,face_transfer,124,two_cross,CFD WM64,Houses,0.35,0.38,50,within_sampled_range,UI,102,50.0,runs/yin_noise_matrix_20260926/results/r21vgg2k_vgg16_bn_aa_s42/faces_cfdWM64/houses_yin64/results.csv,UI_cross
aa4,VGG2k / AA4,r21vgg2k_vgg16_bn_aa_s42,face_transfer,124,two_cross,CFD WM64,Houses,0.35,0.38,50,within_sampled_range,UI,103,70.83333333333334,runs/yin_noise_matrix_20260926/results/r21vgg2k_vgg16_bn_aa_s42/faces_cfdWM64/houses_yin64/results.csv,UI_cross
aa4,VGG2k / AA4,r21vgg2k_vgg16_bn_aa_s42,face_transfer,124,two_cross,CFD WM64,Houses,0.35,0.38,50,within_sampled_range,UI,104,58.333333333333336,runs/yin_noise_matrix_20260926/results/r21vgg2k_vgg16_bn_aa_s42/faces_cfdWM64/houses_yin64/results.csv,UI_cross
aa4,VGG2k / AA4,r21vgg2k_vgg16_bn_aa_s42,face_transfer,124,two_cross,CFD WM64,Houses,0.35,0.38,50,within_sampled_range,UI,105,66.66666666666666,runs/yin_noise_matrix_20260926/results/r21vgg2k_vgg16_bn_aa_s42/faces_cfdWM64/houses_yin64/results.csv,UI_cross
aa4,VGG2k / AA4,r21vgg2k_vgg16_bn_aa_s42,face_transfer,124,two_cross,CFD WM64,Houses,0.35,0.38,50,within_sampled_range,UI,106,62.5,runs/yin_noise_matrix_20260926/results/r21vgg2k_vgg16_bn_aa_s42/faces_cfdWM64/houses_yin64/results.csv,UI_cross
aa4,VGG2k / AA4,r21vgg2k_vgg16_bn_aa_s42,face_transfer,124,two_cross,CFD WM64,Houses,0.35,0.38,50,within_sampled_range,UI,107,75.0,runs/yin_noise_matrix_20260926/results/r21vgg2k_vgg16_bn_aa_s42/faces_cfdWM64/houses_yin64/results.csv,UI_cross
aa4,VGG2k / AA4,r21vgg2k_vgg16_bn_aa_s42,face_transfer,124,two_cross,CFD WM64,Houses,0.35,0.38,50,within_sampled_range,UI,108,62.5,runs/yin_noise_matrix_20260926/results/r21vgg2k_vgg16_bn_aa_s42/faces_cfdWM64/houses_yin64/results.csv,UI_cross
aa4,VGG2k / AA4,r21vgg2k_vgg16_bn_aa_s42,face_transfer,124,two_cross,CFD WM64,Houses,0.35,0.38,50,within_sampled_range,UI,109,70.83333333333334,runs/yin_noise_matrix_20260926/results/r21vgg2k_vgg16_bn_aa_s42/faces_cfdWM64/houses_yin64/results.csv,UI_cross
aa4,VGG2k / AA4,r21vgg2k_vgg16_bn_aa_s42,face_transfer,124,two_cross,CFD WM64,Houses,0.35,0.38,50,within_sampled_range,UI,110,54.166666666666664,runs/yin_noise_matrix_20260926/results/r21vgg2k_vgg16_bn_aa_s42/faces_cfdWM64/houses_yin64/results.csv,UI_cross
aa4,VGG2k / AA4,r21vgg2k_vgg16_bn_aa_s42,face_transfer,124,two_cross,CFD WM64,Houses,0.35,0.38,50,within_sampled_range,UI,111,66.66666666666666,runs/yin_noise_matrix_20260926/results/r21vgg2k_vgg16_bn_aa_s42/faces_cfdWM64/houses_yin64/results.csv,UI_cross
aa4,VGG2k / AA4,r21vgg2k_vgg16_bn_aa_s42,face_transfer,124,two_cross,CFD WM64,Houses,0.35,0.38,50,within_sampled_range,UI,112,75.0,runs/yin_noise_matrix_20260926/results/r21vgg2k_vgg16_bn_aa_s42/faces_cfdWM64/houses_yin64/results.csv,UI_cross
aa4,VGG2k / AA4,r21vgg2k_vgg16_bn_aa_s42,face_transfer,124,two_cross,CFD WM64,Houses,0.35,0.38,50,within_sampled_range,UI,113,62.5,runs/yin_noise_matrix_20260926/results/r21vgg2k_vgg16_bn_aa_s42/faces_cfdWM64/houses_yin64/results.csv,UI_cross
aa4,VGG2k / AA4,r21vgg2k_vgg16_bn_aa_s42,face_transfer,124,two_cross,CFD WM64,Houses,0.35,0.38,50,within_sampled_range,UI,114,70.83333333333334,runs/yin_noise_matrix_20260926/results/r21vgg2k_vgg16_bn_aa_s42/faces_cfdWM64/houses_yin64/results.csv,UI_cross
aa4,VGG2k / AA4,r21vgg2k_vgg16_bn_aa_s42,face_transfer,124,two_cross,CFD WM64,Houses,0.35,0.38,50,within_sampled_range,UI,115,54.166666666666664,runs/yin_noise_matrix_20260926/results/r21vgg2k_vgg16_bn_aa_s42/faces_cfdWM64/houses_yin64/results.csv,UI_cross
aa4,VGG2k / AA4,r21vgg2k_vgg16_bn_aa_s42,face_transfer,124,two_cross,CFD WM64,Houses,0.35,0.38,50,within_sampled_range,UI,116,54.166666666666664,runs/yin_noise_matrix_20260926/results/r21vgg2k_vgg16_bn_aa_s42/faces_cfdWM64/houses_yin64/results.csv,UI_cross
aa4,VGG2k / AA4,r21vgg2k_vgg16_bn_aa_s42,face_transfer,124,two_cross,CFD WM64,Houses,0.35,0.38,50,within_sampled_range,UI,117,62.5,runs/yin_noise_matrix_20260926/results/r21vgg2k_vgg16_bn_aa_s42/faces_cfdWM64/houses_yin64/results.csv,UI_cross
aa4,VGG2k / AA4,r21vgg2k_vgg16_bn_aa_s42,face_transfer,124,two_cross,CFD WM64,Houses,0.35,0.38,50,within_sampled_range,UI,118,70.83333333333334,runs/yin_noise_matrix_20260926/results/r21vgg2k_vgg16_bn_aa_s42/faces_cfdWM64/houses_yin64/results.csv,UI_cross
aa4,VGG2k / AA4,r21vgg2k_vgg16_bn_aa_s42,face_transfer,124,two_cross,CFD WM64,Houses,0.35,0.38,50,within_sampled_range,UI,119,70.83333333333334,runs/yin_noise_matrix_20260926/results/r21vgg2k_vgg16_bn_aa_s42/faces_cfdWM64/houses_yin64/results.csv,UI_cross
aa4,VGG2k / AA4,r21vgg2k_vgg16_bn_aa_s42,face_transfer,124,two_cross,CFD WM64,Houses,0.35,0.38,50,within_sampled_range,UI,120,79.16666666666666,runs/yin_noise_matrix_20260926/results/r21vgg2k_vgg16_bn_aa_s42/faces_cfdWM64/houses_yin64/results.csv,UI_cross
aa4,VGG2k / AA4,r21vgg2k_vgg16_bn_aa_s42,face_transfer,124,two_cross,CFD WM64,Houses,0.35,0.38,50,within_sampled_range,UI,121,54.166666666666664,runs/yin_noise_matrix_20260926/results/r21vgg2k_vgg16_bn_aa_s42/faces_cfdWM64/houses_yin64/results.csv,UI_cross
aa4,VGG2k / AA4,r21vgg2k_vgg16_bn_aa_s42,face_transfer,124,two_cross,CFD WM64,Houses,0.35,0.38,50,within_sampled_range,UI,122,50.0,runs/yin_noise_matrix_20260926/results/r21vgg2k_vgg16_bn_aa_s42/faces_cfdWM64/houses_yin64/results.csv,UI_cross
aa4,VGG2k / AA4,r21vgg2k_vgg16_bn_aa_s42,face_transfer,124,two_cross,CFD WM64,Houses,0.35,0.38,50,within_sampled_range,UI,123,62.5,runs/yin_noise_matrix_20260926/results/r21vgg2k_vgg16_bn_aa_s42/faces_cfdWM64/houses_yin64/results.csv,UI_cross
aa4,VGG2k / AA4,r21vgg2k_vgg16_bn_aa_s42,face_transfer,124,two_cross,CFD WM64,Houses,0.35,0.38,50,within_sampled_range,UI,124,79.16666666666666,runs/yin_noise_matrix_20260926/results/r21vgg2k_vgg16_bn_aa_s42/faces_cfdWM64/houses_yin64/results.csv,UI_cross
aa4,VGG2k / AA4,r21vgg2k_vgg16_bn_aa_s42,face_transfer,124,two_cross,CFD WM64,Houses,0.35,0.38,50,within_sampled_range,UI,125,54.166666666666664,runs/yin_noise_matrix_20260926/results/r21vgg2k_vgg16_bn_aa_s42/faces_cfdWM64/houses_yin64/results.csv,UI_cross
aa4,VGG2k / AA4,r21vgg2k_vgg16_bn_aa_s42,face_transfer,124,two_cross,CFD WM64,Houses,0.35,0.38,50,within_sampled_range,UI,126,54.166666666666664,runs/yin_noise_matrix_20260926/results/r21vgg2k_vgg16_bn_aa_s42/faces_cfdWM64/houses_yin64/results.csv,UI_cross
aa4,VGG2k / AA4,r21vgg2k_vgg16_bn_aa_s42,face_transfer,124,two_cross,CFD WM64,Houses,0.35,0.38,50,within_sampled_range,UI,127,87.5,runs/yin_noise_matrix_20260926/results/r21vgg2k_vgg16_bn_aa_s42/faces_cfdWM64/houses_yin64/results.csv,UI_cross
aa4,VGG2k / AA4,r21vgg2k_vgg16_bn_aa_s42,face_transfer,124,two_cross,CFD WM64,Houses,0.35,0.38,50,within_sampled_range,UI,128,83.33333333333334,runs/yin_noise_matrix_20260926/results/r21vgg2k_vgg16_bn_aa_s42/faces_cfdWM64/houses_yin64/results.csv,UI_cross
aa4,VGG2k / AA4,r21vgg2k_vgg16_bn_aa_s42,face_transfer,124,two_cross,CFD WM64,Houses,0.35,0.38,50,within_sampled_range,UI,129,66.66666666666666,runs/yin_noise_matrix_20260926/results/r21vgg2k_vgg16_bn_aa_s42/faces_cfdWM64/houses_yin64/results.csv,UI_cross
aa4,VGG2k / AA4,r21vgg2k_vgg16_bn_aa_s42,face_transfer,124,two_cross,CFD WM64,Houses,0.35,0.38,50,within_sampled_range,UI,130,66.66666666666666,runs/yin_noise_matrix_20260926/results/r21vgg2k_vgg16_bn_aa_s42/faces_cfdWM64/houses_yin64/results.csv,UI_cross
aa4,VGG2k / AA4,r21vgg2k_vgg16_bn_aa_s42,face_transfer,124,two_cross,CFD WM64,Houses,0.35,0.38,50,within_sampled_range,UI,131,70.83333333333334,runs/yin_noise_matrix_20260926/results/r21vgg2k_vgg16_bn_aa_s42/faces_cfdWM64/houses_yin64/results.csv,UI_cross
aa4,VGG2k / AA4,r21vgg2k_vgg16_bn_aa_s42,face_transfer,124,two_cross,CFD WM64,Houses,0.35,0.38,50,within_sampled_range,UI,132,66.66666666666666,runs/yin_noise_matrix_20260926/results/r21vgg2k_vgg16_bn_aa_s42/faces_cfdWM64/houses_yin64/results.csv,UI_cross
aa4,VGG2k / AA4,r21vgg2k_vgg16_bn_aa_s42,face_transfer,124,two_cross,CFD WM64,Houses,0.35,0.38,50,within_sampled_range,UI,133,66.66666666666666,runs/yin_noise_matrix_20260926/results/r21vgg2k_vgg16_bn_aa_s42/faces_cfdWM64/houses_yin64/results.csv,UI_cross
aa4,VGG2k / AA4,r21vgg2k_vgg16_bn_aa_s42,face_transfer,124,two_cross,CFD WM64,Houses,0.35,0.38,50,within_sampled_range,UI,134,70.83333333333334,runs/yin_noise_matrix_20260926/results/r21vgg2k_vgg16_bn_aa_s42/faces_cfdWM64/houses_yin64/results.csv,UI_cross
aa4,VGG2k / AA4,r21vgg2k_vgg16_bn_aa_s42,face_transfer,124,two_cross,CFD WM64,Houses,0.35,0.38,50,within_sampled_range,UI,135,50.0,runs/yin_noise_matrix_20260926/results/r21vgg2k_vgg16_bn_aa_s42/faces_cfdWM64/houses_yin64/results.csv,UI_cross
aa4,VGG2k / AA4,r21vgg2k_vgg16_bn_aa_s42,face_transfer,124,two_cross,CFD WM64,Houses,0.35,0.38,50,within_sampled_range,UI,136,54.166666666666664,runs/yin_noise_matrix_20260926/results/r21vgg2k_vgg16_bn_aa_s42/faces_cfdWM64/houses_yin64/results.csv,UI_cross
aa4,VGG2k / AA4,r21vgg2k_vgg16_bn_aa_s42,face_transfer,124,two_cross,CFD WM64,Houses,0.35,0.38,50,within_sampled_range,UI,137,83.33333333333334,runs/yin_noise_matrix_20260926/results/r21vgg2k_vgg16_bn_aa_s42/faces_cfdWM64/houses_yin64/results.csv,UI_cross
aa4,VGG2k / AA4,r21vgg2k_vgg16_bn_aa_s42,face_transfer,124,two_cross,CFD WM64,Houses,0.35,0.38,50,within_sampled_range,UI,138,66.66666666666666,runs/yin_noise_matrix_20260926/results/r21vgg2k_vgg16_bn_aa_s42/faces_cfdWM64/houses_yin64/results.csv,UI_cross
aa4,VGG2k / AA4,r21vgg2k_vgg16_bn_aa_s42,face_transfer,124,two_cross,CFD WM64,Houses,0.35,0.38,50,within_sampled_range,UI,139,62.5,runs/yin_noise_matrix_20260926/results/r21vgg2k_vgg16_bn_aa_s42/faces_cfdWM64/houses_yin64/results.csv,UI_cross
aa4,VGG2k / AA4,r21vgg2k_vgg16_bn_aa_s42,face_transfer,124,two_cross,CFD WM64,Houses,0.35,0.38,50,within_sampled_range,UI,140,54.166666666666664,runs/yin_noise_matrix_20260926/results/r21vgg2k_vgg16_bn_aa_s42/faces_cfdWM64/houses_yin64/results.csv,UI_cross
aa4,VGG2k / AA4,r21vgg2k_vgg16_bn_aa_s42,face_transfer,124,two_cross,CFD WM64,Houses,0.35,0.38,50,within_sampled_range,UI,141,70.83333333333334,runs/yin_noise_matrix_20260926/results/r21vgg2k_vgg16_bn_aa_s42/faces_cfdWM64/houses_yin64/results.csv,UI_cross
aa4,VGG2k / AA4,r21vgg2k_vgg16_bn_aa_s42,face_transfer,124,two_cross,CFD WM64,Houses,0.35,0.38,50,within_sampled_range,UI,142,62.5,runs/yin_noise_matrix_20260926/results/r21vgg2k_vgg16_bn_aa_s42/faces_cfdWM64/houses_yin64/results.csv,UI_cross
aa4,VGG2k / AA4,r21vgg2k_vgg16_bn_aa_s42,face_transfer,124,two_cross,CFD WM64,Houses,0.35,0.38,50,within_sampled_range,UI,143,54.166666666666664,runs/yin_noise_matrix_20260926/results/r21vgg2k_vgg16_bn_aa_s42/faces_cfdWM64/houses_yin64/results.csv,UI_cross
aa4,VGG2k / AA4,r21vgg2k_vgg16_bn_aa_s42,face_transfer,124,two_cross,CFD WM64,Houses,0.35,0.38,50,within_sampled_range,UI,144,75.0,runs/yin_noise_matrix_20260926/results/r21vgg2k_vgg16_bn_aa_s42/faces_cfdWM64/houses_yin64/results.csv,UI_cross
aa4,VGG2k / AA4,r21vgg2k_vgg16_bn_aa_s42,face_transfer,124,two_cross,CFD WM64,Houses,0.35,0.38,50,within_sampled_range,UI,145,70.83333333333334,runs/yin_noise_matrix_20260926/results/r21vgg2k_vgg16_bn_aa_s42/faces_cfdWM64/houses_yin64/results.csv,UI_cross
aa4,VGG2k / AA4,r21vgg2k_vgg16_bn_aa_s42,face_transfer,124,two_cross,CFD WM64,Houses,0.35,0.38,50,within_sampled_range,UI,146,75.0,runs/yin_noise_matrix_20260926/results/r21vgg2k_vgg16_bn_aa_s42/faces_cfdWM64/houses_yin64/results.csv,UI_cross
aa4,VGG2k / AA4,r21vgg2k_vgg16_bn_aa_s42,face_transfer,124,two_cross,CFD WM64,Houses,0.35,0.38,50,within_sampled_range,UI,147,79.16666666666666,runs/yin_noise_matrix_20260926/results/r21vgg2k_vgg16_bn_aa_s42/faces_cfdWM64/houses_yin64/results.csv,UI_cross
aa4,VGG2k / AA4,r21vgg2k_vgg16_bn_aa_s42,face_transfer,124,two_cross,CFD WM64,Houses,0.35,0.38,50,within_sampled_range,UI,148,54.166666666666664,runs/yin_noise_matrix_20260926/results/r21vgg2k_vgg16_bn_aa_s42/faces_cfdWM64/houses_yin64/results.csv,UI_cross
aa4,VGG2k / AA4,r21vgg2k_vgg16_bn_aa_s42,face_transfer,124,two_cross,CFD WM64,Houses,0.35,0.38,50,within_sampled_range,UI,149,66.66666666666666,runs/yin_noise_matrix_20260926/results/r21vgg2k_vgg16_bn_aa_s42/faces_cfdWM64/houses_yin64/results.csv,UI_cross
aa4,VGG2k / AA4,r21vgg2k_vgg16_bn_aa_s42,face_transfer,124,two_cross,CFD WM64,Houses,0.35,0.38,50,within_sampled_range,UI,150,66.66666666666666,runs/yin_noise_matrix_20260926/results/r21vgg2k_vgg16_bn_aa_s42/faces_cfdWM64/houses_yin64/results.csv,UI_cross
aa4,VGG2k / AA4,r21vgg2k_vgg16_bn_aa_s42,face_transfer,124,two_cross,CFD WM64,Houses,0.35,0.38,50,within_sampled_range,IU,101,50.0,runs/yin_noise_matrix_20260926/results/r21vgg2k_vgg16_bn_aa_s42/faces_cfdWM64/houses_yin64/results.csv,IU
aa4,VGG2k / AA4,r21vgg2k_vgg16_bn_aa_s42,face_transfer,124,two_cross,CFD WM64,Houses,0.35,0.38,50,within_sampled_range,IU,102,58.333333333333336,runs/yin_noise_matrix_20260926/results/r21vgg2k_vgg16_bn_aa_s42/faces_cfdWM64/houses_yin64/results.csv,IU
aa4,VGG2k / AA4,r21vgg2k_vgg16_bn_aa_s42,face_transfer,124,two_cross,CFD WM64,Houses,0.35,0.38,50,within_sampled_range,IU,103,70.83333333333334,runs/yin_noise_matrix_20260926/results/r21vgg2k_vgg16_bn_aa_s42/faces_cfdWM64/houses_yin64/results.csv,IU
aa4,VGG2k / AA4,r21vgg2k_vgg16_bn_aa_s42,face_transfer,124,two_cross,CFD WM64,Houses,0.35,0.38,50,within_sampled_range,IU,104,58.333333333333336,runs/yin_noise_matrix_20260926/results/r21vgg2k_vgg16_bn_aa_s42/faces_cfdWM64/houses_yin64/results.csv,IU
aa4,VGG2k / AA4,r21vgg2k_vgg16_bn_aa_s42,face_transfer,124,two_cross,CFD WM64,Houses,0.35,0.38,50,within_sampled_range,IU,105,83.33333333333334,runs/yin_noise_matrix_20260926/results/r21vgg2k_vgg16_bn_aa_s42/faces_cfdWM64/houses_yin64/results.csv,IU
aa4,VGG2k / AA4,r21vgg2k_vgg16_bn_aa_s42,face_transfer,124,two_cross,CFD WM64,Houses,0.35,0.38,50,within_sampled_range,IU,106,50.0,runs/yin_noise_matrix_20260926/results/r21vgg2k_vgg16_bn_aa_s42/faces_cfdWM64/houses_yin64/results.csv,IU
aa4,VGG2k / AA4,r21vgg2k_vgg16_bn_aa_s42,face_transfer,124,two_cross,CFD WM64,Houses,0.35,0.38,50,within_sampled_range,IU,107,70.83333333333334,runs/yin_noise_matrix_20260926/results/r21vgg2k_vgg16_bn_aa_s42/faces_cfdWM64/houses_yin64/results.csv,IU
aa4,VGG2k / AA4,r21vgg2k_vgg16_bn_aa_s42,face_transfer,124,two_cross,CFD WM64,Houses,0.35,0.38,50,within_sampled_range,IU,108,37.5,runs/yin_noise_matrix_20260926/results/r21vgg2k_vgg16_bn_aa_s42/faces_cfdWM64/houses_yin64/results.csv,IU
aa4,VGG2k / AA4,r21vgg2k_vgg16_bn_aa_s42,face_transfer,124,two_cross,CFD WM64,Houses,0.35,0.38,50,within_sampled_range,IU,109,45.83333333333333,runs/yin_noise_matrix_20260926/results/r21vgg2k_vgg16_bn_aa_s42/faces_cfdWM64/houses_yin64/results.csv,IU
aa4,VGG2k / AA4,r21vgg2k_vgg16_bn_aa_s42,face_transfer,124,two_cross,CFD WM64,Houses,0.35,0.38,50,within_sampled_range,IU,110,50.0,runs/yin_noise_matrix_20260926/results/r21vgg2k_vgg16_bn_aa_s42/faces_cfdWM64/houses_yin64/results.csv,IU
aa4,VGG2k / AA4,r21vgg2k_vgg16_bn_aa_s42,face_transfer,124,two_cross,CFD WM64,Houses,0.35,0.38,50,within_sampled_range,IU,111,54.166666666666664,runs/yin_noise_matrix_20260926/results/r21vgg2k_vgg16_bn_aa_s42/faces_cfdWM64/houses_yin64/results.csv,IU
aa4,VGG2k / AA4,r21vgg2k_vgg16_bn_aa_s42,face_transfer,124,two_cross,CFD WM64,Houses,0.35,0.38,50,within_sampled_range,IU,112,50.0,runs/yin_noise_matrix_20260926/results/r21vgg2k_vgg16_bn_aa_s42/faces_cfdWM64/houses_yin64/results.csv,IU
aa4,VGG2k / AA4,r21vgg2k_vgg16_bn_aa_s42,face_transfer,124,two_cross,CFD WM64,Houses,0.35,0.38,50,within_sampled_range,IU,113,66.66666666666666,runs/yin_noise_matrix_20260926/results/r21vgg2k_vgg16_bn_aa_s42/faces_cfdWM64/houses_yin64/results.csv,IU
aa4,VGG2k / AA4,r21vgg2k_vgg16_bn_aa_s42,face_transfer,124,two_cross,CFD WM64,Houses,0.35,0.38,50,within_sampled_range,IU,114,66.66666666666666,runs/yin_noise_matrix_20260926/results/r21vgg2k_vgg16_bn_aa_s42/faces_cfdWM64/houses_yin64/results.csv,IU
aa4,VGG2k / AA4,r21vgg2k_vgg16_bn_aa_s42,face_transfer,124,two_cross,CFD WM64,Houses,0.35,0.38,50,within_sampled_range,IU,115,54.166666666666664,runs/yin_noise_matrix_20260926/results/r21vgg2k_vgg16_bn_aa_s42/faces_cfdWM64/houses_yin64/results.csv,IU
aa4,VGG2k / AA4,r21vgg2k_vgg16_bn_aa_s42,face_transfer,124,two_cross,CFD WM64,Houses,0.35,0.38,50,within_sampled_range,IU,116,58.333333333333336,runs/yin_noise_matrix_20260926/results/r21vgg2k_vgg16_bn_aa_s42/faces_cfdWM64/houses_yin64/results.csv,IU
aa4,VGG2k / AA4,r21vgg2k_vgg16_bn_aa_s42,face_transfer,124,two_cross,CFD WM64,Houses,0.35,0.38,50,within_sampled_range,IU,117,58.333333333333336,runs/yin_noise_matrix_20260926/results/r21vgg2k_vgg16_bn_aa_s42/faces_cfdWM64/houses_yin64/results.csv,IU
aa4,VGG2k / AA4,r21vgg2k_vgg16_bn_aa_s42,face_transfer,124,two_cross,CFD WM64,Houses,0.35,0.38,50,within_sampled_range,IU,118,70.83333333333334,runs/yin_noise_matrix_20260926/results/r21vgg2k_vgg16_bn_aa_s42/faces_cfdWM64/houses_yin64/results.csv,IU
aa4,VGG2k / AA4,r21vgg2k_vgg16_bn_aa_s42,face_transfer,124,two_cross,CFD WM64,Houses,0.35,0.38,50,within_sampled_range,IU,119,62.5,runs/yin_noise_matrix_20260926/results/r21vgg2k_vgg16_bn_aa_s42/faces_cfdWM64/houses_yin64/results.csv,IU
aa4,VGG2k / AA4,r21vgg2k_vgg16_bn_aa_s42,face_transfer,124,two_cross,CFD WM64,Houses,0.35,0.38,50,within_sampled_range,IU,120,66.66666666666666,runs/yin_noise_matrix_20260926/results/r21vgg2k_vgg16_bn_aa_s42/faces_cfdWM64/houses_yin64/results.csv,IU
aa4,VGG2k / AA4,r21vgg2k_vgg16_bn_aa_s42,face_transfer,124,two_cross,CFD WM64,Houses,0.35,0.38,50,within_sampled_range,IU,121,58.333333333333336,runs/yin_noise_matrix_20260926/results/r21vgg2k_vgg16_bn_aa_s42/faces_cfdWM64/houses_yin64/results.csv,IU
aa4,VGG2k / AA4,r21vgg2k_vgg16_bn_aa_s42,face_transfer,124,two_cross,CFD WM64,Houses,0.35,0.38,50,within_sampled_range,IU,122,58.333333333333336,runs/yin_noise_matrix_20260926/results/r21vgg2k_vgg16_bn_aa_s42/faces_cfdWM64/houses_yin64/results.csv,IU
aa4,VGG2k / AA4,r21vgg2k_vgg16_bn_aa_s42,face_transfer,124,two_cross,CFD WM64,Houses,0.35,0.38,50,within_sampled_range,IU,123,54.166666666666664,runs/yin_noise_matrix_20260926/results/r21vgg2k_vgg16_bn_aa_s42/faces_cfdWM64/houses_yin64/results.csv,IU
aa4,VGG2k / AA4,r21vgg2k_vgg16_bn_aa_s42,face_transfer,124,two_cross,CFD WM64,Houses,0.35,0.38,50,within_sampled_range,IU,124,62.5,runs/yin_noise_matrix_20260926/results/r21vgg2k_vgg16_bn_aa_s42/faces_cfdWM64/houses_yin64/results.csv,IU
aa4,VGG2k / AA4,r21vgg2k_vgg16_bn_aa_s42,face_transfer,124,two_cross,CFD WM64,Houses,0.35,0.38,50,within_sampled_range,IU,125,50.0,runs/yin_noise_matrix_20260926/results/r21vgg2k_vgg16_bn_aa_s42/faces_cfdWM64/houses_yin64/results.csv,IU
aa4,VGG2k / AA4,r21vgg2k_vgg16_bn_aa_s42,face_transfer,124,two_cross,CFD WM64,Houses,0.35,0.38,50,within_sampled_range,IU,126,58.333333333333336,runs/yin_noise_matrix_20260926/results/r21vgg2k_vgg16_bn_aa_s42/faces_cfdWM64/houses_yin64/results.csv,IU
aa4,VGG2k / AA4,r21vgg2k_vgg16_bn_aa_s42,face_transfer,124,two_cross,CFD WM64,Houses,0.35,0.38,50,within_sampled_range,IU,127,58.333333333333336,runs/yin_noise_matrix_20260926/results/r21vgg2k_vgg16_bn_aa_s42/faces_cfdWM64/houses_yin64/results.csv,IU
aa4,VGG2k / AA4,r21vgg2k_vgg16_bn_aa_s42,face_transfer,124,two_cross,CFD WM64,Houses,0.35,0.38,50,within_sampled_range,IU,128,79.16666666666666,runs/yin_noise_matrix_20260926/results/r21vgg2k_vgg16_bn_aa_s42/faces_cfdWM64/houses_yin64/results.csv,IU
aa4,VGG2k / AA4,r21vgg2k_vgg16_bn_aa_s42,face_transfer,124,two_cross,CFD WM64,Houses,0.35,0.38,50,within_sampled_range,IU,129,66.66666666666666,runs/yin_noise_matrix_20260926/results/r21vgg2k_vgg16_bn_aa_s42/faces_cfdWM64/houses_yin64/results.csv,IU
aa4,VGG2k / AA4,r21vgg2k_vgg16_bn_aa_s42,face_transfer,124,two_cross,CFD WM64,Houses,0.35,0.38,50,within_sampled_range,IU,130,54.166666666666664,runs/yin_noise_matrix_20260926/results/r21vgg2k_vgg16_bn_aa_s42/faces_cfdWM64/houses_yin64/results.csv,IU
aa4,VGG2k / AA4,r21vgg2k_vgg16_bn_aa_s42,face_transfer,124,two_cross,CFD WM64,Houses,0.35,0.38,50,within_sampled_range,IU,131,58.333333333333336,runs/yin_noise_matrix_20260926/results/r21vgg2k_vgg16_bn_aa_s42/faces_cfdWM64/houses_yin64/results.csv,IU
aa4,VGG2k / AA4,r21vgg2k_vgg16_bn_aa_s42,face_transfer,124,two_cross,CFD WM64,Houses,0.35,0.38,50,within_sampled_range,IU,132,66.66666666666666,runs/yin_noise_matrix_20260926/results/r21vgg2k_vgg16_bn_aa_s42/faces_cfdWM64/houses_yin64/results.csv,IU
aa4,VGG2k / AA4,r21vgg2k_vgg16_bn_aa_s42,face_transfer,124,two_cross,CFD WM64,Houses,0.35,0.38,50,within_sampled_range,IU,133,75.0,runs/yin_noise_matrix_20260926/results/r21vgg2k_vgg16_bn_aa_s42/faces_cfdWM64/houses_yin64/results.csv,IU
aa4,VGG2k / AA4,r21vgg2k_vgg16_bn_aa_s42,face_transfer,124,two_cross,CFD WM64,Houses,0.35,0.38,50,within_sampled_range,IU,134,58.333333333333336,runs/yin_noise_matrix_20260926/results/r21vgg2k_vgg16_bn_aa_s42/faces_cfdWM64/houses_yin64/results.csv,IU
aa4,VGG2k / AA4,r21vgg2k_vgg16_bn_aa_s42,face_transfer,124,two_cross,CFD WM64,Houses,0.35,0.38,50,within_sampled_range,IU,135,50.0,runs/yin_noise_matrix_20260926/results/r21vgg2k_vgg16_bn_aa_s42/faces_cfdWM64/houses_yin64/results.csv,IU
aa4,VGG2k / AA4,r21vgg2k_vgg16_bn_aa_s42,face_transfer,124,two_cross,CFD WM64,Houses,0.35,0.38,50,within_sampled_range,IU,136,62.5,runs/yin_noise_matrix_20260926/results/r21vgg2k_vgg16_bn_aa_s42/faces_cfdWM64/houses_yin64/results.csv,IU
aa4,VGG2k / AA4,r21vgg2k_vgg16_bn_aa_s42,face_transfer,124,two_cross,CFD WM64,Houses,0.35,0.38,50,within_sampled_range,IU,137,62.5,runs/yin_noise_matrix_20260926/results/r21vgg2k_vgg16_bn_aa_s42/faces_cfdWM64/houses_yin64/results.csv,IU
aa4,VGG2k / AA4,r21vgg2k_vgg16_bn_aa_s42,face_transfer,124,two_cross,CFD WM64,Houses,0.35,0.38,50,within_sampled_range,IU,138,62.5,runs/yin_noise_matrix_20260926/results/r21vgg2k_vgg16_bn_aa_s42/faces_cfdWM64/houses_yin64/results.csv,IU
aa4,VGG2k / AA4,r21vgg2k_vgg16_bn_aa_s42,face_transfer,124,two_cross,CFD WM64,Houses,0.35,0.38,50,within_sampled_range,IU,139,54.166666666666664,runs/yin_noise_matrix_20260926/results/r21vgg2k_vgg16_bn_aa_s42/faces_cfdWM64/houses_yin64/results.csv,IU
aa4,VGG2k / AA4,r21vgg2k_vgg16_bn_aa_s42,face_transfer,124,two_cross,CFD WM64,Houses,0.35,0.38,50,within_sampled_range,IU,140,54.166666666666664,runs/yin_noise_matrix_20260926/results/r21vgg2k_vgg16_bn_aa_s42/faces_cfdWM64/houses_yin64/results.csv,IU
aa4,VGG2k / AA4,r21vgg2k_vgg16_bn_aa_s42,face_transfer,124,two_cross,CFD WM64,Houses,0.35,0.38,50,within_sampled_range,IU,141,45.83333333333333,runs/yin_noise_matrix_20260926/results/r21vgg2k_vgg16_bn_aa_s42/faces_cfdWM64/houses_yin64/results.csv,IU
aa4,VGG2k / AA4,r21vgg2k_vgg16_bn_aa_s42,face_transfer,124,two_cross,CFD WM64,Houses,0.35,0.38,50,within_sampled_range,IU,142,54.166666666666664,runs/yin_noise_matrix_20260926/results/r21vgg2k_vgg16_bn_aa_s42/faces_cfdWM64/houses_yin64/results.csv,IU
aa4,VGG2k / AA4,r21vgg2k_vgg16_bn_aa_s42,face_transfer,124,two_cross,CFD WM64,Houses,0.35,0.38,50,within_sampled_range,IU,143,58.333333333333336,runs/yin_noise_matrix_20260926/results/r21vgg2k_vgg16_bn_aa_s42/faces_cfdWM64/houses_yin64/results.csv,IU
aa4,VGG2k / AA4,r21vgg2k_vgg16_bn_aa_s42,face_transfer,124,two_cross,CFD WM64,Houses,0.35,0.38,50,within_sampled_range,IU,144,54.166666666666664,runs/yin_noise_matrix_20260926/results/r21vgg2k_vgg16_bn_aa_s42/faces_cfdWM64/houses_yin64/results.csv,IU
aa4,VGG2k / AA4,r21vgg2k_vgg16_bn_aa_s42,face_transfer,124,two_cross,CFD WM64,Houses,0.35,0.38,50,within_sampled_range,IU,145,54.166666666666664,runs/yin_noise_matrix_20260926/results/r21vgg2k_vgg16_bn_aa_s42/faces_cfdWM64/houses_yin64/results.csv,IU
aa4,VGG2k / AA4,r21vgg2k_vgg16_bn_aa_s42,face_transfer,124,two_cross,CFD WM64,Houses,0.35,0.38,50,within_sampled_range,IU,146,62.5,runs/yin_noise_matrix_20260926/results/r21vgg2k_vgg16_bn_aa_s42/faces_cfdWM64/houses_yin64/results.csv,IU
aa4,VGG2k / AA4,r21vgg2k_vgg16_bn_aa_s42,face_transfer,124,two_cross,CFD WM64,Houses,0.35,0.38,50,within_sampled_range,IU,147,54.166666666666664,runs/yin_noise_matrix_20260926/results/r21vgg2k_vgg16_bn_aa_s42/faces_cfdWM64/houses_yin64/results.csv,IU
aa4,VGG2k / AA4,r21vgg2k_vgg16_bn_aa_s42,face_transfer,124,two_cross,CFD WM64,Houses,0.35,0.38,50,within_sampled_range,IU,148,62.5,runs/yin_noise_matrix_20260926/results/r21vgg2k_vgg16_bn_aa_s42/faces_cfdWM64/houses_yin64/results.csv,IU
aa4,VGG2k / AA4,r21vgg2k_vgg16_bn_aa_s42,face_transfer,124,two_cross,CFD WM64,Houses,0.35,0.38,50,within_sampled_range,IU,149,54.166666666666664,runs/yin_noise_matrix_20260926/results/r21vgg2k_vgg16_bn_aa_s42/faces_cfdWM64/houses_yin64/results.csv,IU
aa4,VGG2k / AA4,r21vgg2k_vgg16_bn_aa_s42,face_transfer,124,two_cross,CFD WM64,Houses,0.35,0.38,50,within_sampled_range,IU,150,62.5,runs/yin_noise_matrix_20260926/results/r21vgg2k_vgg16_bn_aa_s42/faces_cfdWM64/houses_yin64/results.csv,IU
aa4,VGG2k / AA4,r21vgg2k_vgg16_bn_aa_s42,face_transfer,124,two_shared_ui,CFD WM64,Houses,0.35,0.38,50,within_sampled_range,UU,101,79.16666666666666,runs/yin_noise_matrix_20260926/results/r21vgg2k_vgg16_bn_aa_s42/faces_cfdWM64/houses_yin64/results.csv,UU
aa4,VGG2k / AA4,r21vgg2k_vgg16_bn_aa_s42,face_transfer,124,two_shared_ui,CFD WM64,Houses,0.35,0.38,50,within_sampled_range,UU,102,70.83333333333334,runs/yin_noise_matrix_20260926/results/r21vgg2k_vgg16_bn_aa_s42/faces_cfdWM64/houses_yin64/results.csv,UU
aa4,VGG2k / AA4,r21vgg2k_vgg16_bn_aa_s42,face_transfer,124,two_shared_ui,CFD WM64,Houses,0.35,0.38,50,within_sampled_range,UU,103,66.66666666666666,runs/yin_noise_matrix_20260926/results/r21vgg2k_vgg16_bn_aa_s42/faces_cfdWM64/houses_yin64/results.csv,UU
aa4,VGG2k / AA4,r21vgg2k_vgg16_bn_aa_s42,face_transfer,124,two_shared_ui,CFD WM64,Houses,0.35,0.38,50,within_sampled_range,UU,104,62.5,runs/yin_noise_matrix_20260926/results/r21vgg2k_vgg16_bn_aa_s42/faces_cfdWM64/houses_yin64/results.csv,UU
aa4,VGG2k / AA4,r21vgg2k_vgg16_bn_aa_s42,face_transfer,124,two_shared_ui,CFD WM64,Houses,0.35,0.38,50,within_sampled_range,UU,105,70.83333333333334,runs/yin_noise_matrix_20260926/results/r21vgg2k_vgg16_bn_aa_s42/faces_cfdWM64/houses_yin64/results.csv,UU
aa4,VGG2k / AA4,r21vgg2k_vgg16_bn_aa_s42,face_transfer,124,two_shared_ui,CFD WM64,Houses,0.35,0.38,50,within_sampled_range,UU,106,75.0,runs/yin_noise_matrix_20260926/results/r21vgg2k_vgg16_bn_aa_s42/faces_cfdWM64/houses_yin64/results.csv,UU
aa4,VGG2k / AA4,r21vgg2k_vgg16_bn_aa_s42,face_transfer,124,two_shared_ui,CFD WM64,Houses,0.35,0.38,50,within_sampled_range,UU,107,70.83333333333334,runs/yin_noise_matrix_20260926/results/r21vgg2k_vgg16_bn_aa_s42/faces_cfdWM64/houses_yin64/results.csv,UU
aa4,VGG2k / AA4,r21vgg2k_vgg16_bn_aa_s42,face_transfer,124,two_shared_ui,CFD WM64,Houses,0.35,0.38,50,within_sampled_range,UU,108,58.333333333333336,runs/yin_noise_matrix_20260926/results/r21vgg2k_vgg16_bn_aa_s42/faces_cfdWM64/houses_yin64/results.csv,UU
aa4,VGG2k / AA4,r21vgg2k_vgg16_bn_aa_s42,face_transfer,124,two_shared_ui,CFD WM64,Houses,0.35,0.38,50,within_sampled_range,UU,109,70.83333333333334,runs/yin_noise_matrix_20260926/results/r21vgg2k_vgg16_bn_aa_s42/faces_cfdWM64/houses_yin64/results.csv,UU
aa4,VGG2k / AA4,r21vgg2k_vgg16_bn_aa_s42,face_transfer,124,two_shared_ui,CFD WM64,Houses,0.35,0.38,50,within_sampled_range,UU,110,66.66666666666666,runs/yin_noise_matrix_20260926/results/r21vgg2k_vgg16_bn_aa_s42/faces_cfdWM64/houses_yin64/results.csv,UU
aa4,VGG2k / AA4,r21vgg2k_vgg16_bn_aa_s42,face_transfer,124,two_shared_ui,CFD WM64,Houses,0.35,0.38,50,within_sampled_range,UU,111,70.83333333333334,runs/yin_noise_matrix_20260926/results/r21vgg2k_vgg16_bn_aa_s42/faces_cfdWM64/houses_yin64/results.csv,UU
aa4,VGG2k / AA4,r21vgg2k_vgg16_bn_aa_s42,face_transfer,124,two_shared_ui,CFD WM64,Houses,0.35,0.38,50,within_sampled_range,UU,112,62.5,runs/yin_noise_matrix_20260926/results/r21vgg2k_vgg16_bn_aa_s42/faces_cfdWM64/houses_yin64/results.csv,UU
aa4,VGG2k / AA4,r21vgg2k_vgg16_bn_aa_s42,face_transfer,124,two_shared_ui,CFD WM64,Houses,0.35,0.38,50,within_sampled_range,UU,113,75.0,runs/yin_noise_matrix_20260926/results/r21vgg2k_vgg16_bn_aa_s42/faces_cfdWM64/houses_yin64/results.csv,UU
aa4,VGG2k / AA4,r21vgg2k_vgg16_bn_aa_s42,face_transfer,124,two_shared_ui,CFD WM64,Houses,0.35,0.38,50,within_sampled_range,UU,114,66.66666666666666,runs/yin_noise_matrix_20260926/results/r21vgg2k_vgg16_bn_aa_s42/faces_cfdWM64/houses_yin64/results.csv,UU
aa4,VGG2k / AA4,r21vgg2k_vgg16_bn_aa_s42,face_transfer,124,two_shared_ui,CFD WM64,Houses,0.35,0.38,50,within_sampled_range,UU,115,66.66666666666666,runs/yin_noise_matrix_20260926/results/r21vgg2k_vgg16_bn_aa_s42/faces_cfdWM64/houses_yin64/results.csv,UU
aa4,VGG2k / AA4,r21vgg2k_vgg16_bn_aa_s42,face_transfer,124,two_shared_ui,CFD WM64,Houses,0.35,0.38,50,within_sampled_range,UU,116,79.16666666666666,runs/yin_noise_matrix_20260926/results/r21vgg2k_vgg16_bn_aa_s42/faces_cfdWM64/houses_yin64/results.csv,UU
aa4,VGG2k / AA4,r21vgg2k_vgg16_bn_aa_s42,face_transfer,124,two_shared_ui,CFD WM64,Houses,0.35,0.38,50,within_sampled_range,UU,117,75.0,runs/yin_noise_matrix_20260926/results/r21vgg2k_vgg16_bn_aa_s42/faces_cfdWM64/houses_yin64/results.csv,UU
aa4,VGG2k / AA4,r21vgg2k_vgg16_bn_aa_s42,face_transfer,124,two_shared_ui,CFD WM64,Houses,0.35,0.38,50,within_sampled_range,UU,118,83.33333333333334,runs/yin_noise_matrix_20260926/results/r21vgg2k_vgg16_bn_aa_s42/faces_cfdWM64/houses_yin64/results.csv,UU
aa4,VGG2k / AA4,r21vgg2k_vgg16_bn_aa_s42,face_transfer,124,two_shared_ui,CFD WM64,Houses,0.35,0.38,50,within_sampled_range,UU,119,62.5,runs/yin_noise_matrix_20260926/results/r21vgg2k_vgg16_bn_aa_s42/faces_cfdWM64/houses_yin64/results.csv,UU
aa4,VGG2k / AA4,r21vgg2k_vgg16_bn_aa_s42,face_transfer,124,two_shared_ui,CFD WM64,Houses,0.35,0.38,50,within_sampled_range,UU,120,75.0,runs/yin_noise_matrix_20260926/results/r21vgg2k_vgg16_bn_aa_s42/faces_cfdWM64/houses_yin64/results.csv,UU
aa4,VGG2k / AA4,r21vgg2k_vgg16_bn_aa_s42,face_transfer,124,two_shared_ui,CFD WM64,Houses,0.35,0.38,50,within_sampled_range,UU,121,70.83333333333334,runs/yin_noise_matrix_20260926/results/r21vgg2k_vgg16_bn_aa_s42/faces_cfdWM64/houses_yin64/results.csv,UU
aa4,VGG2k / AA4,r21vgg2k_vgg16_bn_aa_s42,face_transfer,124,two_shared_ui,CFD WM64,Houses,0.35,0.38,50,within_sampled_range,UU,122,66.66666666666666,runs/yin_noise_matrix_20260926/results/r21vgg2k_vgg16_bn_aa_s42/faces_cfdWM64/houses_yin64/results.csv,UU
aa4,VGG2k / AA4,r21vgg2k_vgg16_bn_aa_s42,face_transfer,124,two_shared_ui,CFD WM64,Houses,0.35,0.38,50,within_sampled_range,UU,123,91.66666666666666,runs/yin_noise_matrix_20260926/results/r21vgg2k_vgg16_bn_aa_s42/faces_cfdWM64/houses_yin64/results.csv,UU
aa4,VGG2k / AA4,r21vgg2k_vgg16_bn_aa_s42,face_transfer,124,two_shared_ui,CFD WM64,Houses,0.35,0.38,50,within_sampled_range,UU,124,75.0,runs/yin_noise_matrix_20260926/results/r21vgg2k_vgg16_bn_aa_s42/faces_cfdWM64/houses_yin64/results.csv,UU
aa4,VGG2k / AA4,r21vgg2k_vgg16_bn_aa_s42,face_transfer,124,two_shared_ui,CFD WM64,Houses,0.35,0.38,50,within_sampled_range,UU,125,70.83333333333334,runs/yin_noise_matrix_20260926/results/r21vgg2k_vgg16_bn_aa_s42/faces_cfdWM64/houses_yin64/results.csv,UU
aa4,VGG2k / AA4,r21vgg2k_vgg16_bn_aa_s42,face_transfer,124,two_shared_ui,CFD WM64,Houses,0.35,0.38,50,within_sampled_range,UU,126,62.5,runs/yin_noise_matrix_20260926/results/r21vgg2k_vgg16_bn_aa_s42/faces_cfdWM64/houses_yin64/results.csv,UU
aa4,VGG2k / AA4,r21vgg2k_vgg16_bn_aa_s42,face_transfer,124,two_shared_ui,CFD WM64,Houses,0.35,0.38,50,within_sampled_range,UU,127,75.0,runs/yin_noise_matrix_20260926/results/r21vgg2k_vgg16_bn_aa_s42/faces_cfdWM64/houses_yin64/results.csv,UU
aa4,VGG2k / AA4,r21vgg2k_vgg16_bn_aa_s42,face_transfer,124,two_shared_ui,CFD WM64,Houses,0.35,0.38,50,within_sampled_range,UU,128,62.5,runs/yin_noise_matrix_20260926/results/r21vgg2k_vgg16_bn_aa_s42/faces_cfdWM64/houses_yin64/results.csv,UU
aa4,VGG2k / AA4,r21vgg2k_vgg16_bn_aa_s42,face_transfer,124,two_shared_ui,CFD WM64,Houses,0.35,0.38,50,within_sampled_range,UU,129,58.333333333333336,runs/yin_noise_matrix_20260926/results/r21vgg2k_vgg16_bn_aa_s42/faces_cfdWM64/houses_yin64/results.csv,UU
aa4,VGG2k / AA4,r21vgg2k_vgg16_bn_aa_s42,face_transfer,124,two_shared_ui,CFD WM64,Houses,0.35,0.38,50,within_sampled_range,UU,130,75.0,runs/yin_noise_matrix_20260926/results/r21vgg2k_vgg16_bn_aa_s42/faces_cfdWM64/houses_yin64/results.csv,UU
aa4,VGG2k / AA4,r21vgg2k_vgg16_bn_aa_s42,face_transfer,124,two_shared_ui,CFD WM64,Houses,0.35,0.38,50,within_sampled_range,UU,131,66.66666666666666,runs/yin_noise_matrix_20260926/results/r21vgg2k_vgg16_bn_aa_s42/faces_cfdWM64/houses_yin64/results.csv,UU
aa4,VGG2k / AA4,r21vgg2k_vgg16_bn_aa_s42,face_transfer,124,two_shared_ui,CFD WM64,Houses,0.35,0.38,50,within_sampled_range,UU,132,79.16666666666666,runs/yin_noise_matrix_20260926/results/r21vgg2k_vgg16_bn_aa_s42/faces_cfdWM64/houses_yin64/results.csv,UU
aa4,VGG2k / AA4,r21vgg2k_vgg16_bn_aa_s42,face_transfer,124,two_shared_ui,CFD WM64,Houses,0.35,0.38,50,within_sampled_range,UU,133,62.5,runs/yin_noise_matrix_20260926/results/r21vgg2k_vgg16_bn_aa_s42/faces_cfdWM64/houses_yin64/results.csv,UU
aa4,VGG2k / AA4,r21vgg2k_vgg16_bn_aa_s42,face_transfer,124,two_shared_ui,CFD WM64,Houses,0.35,0.38,50,within_sampled_range,UU,134,75.0,runs/yin_noise_matrix_20260926/results/r21vgg2k_vgg16_bn_aa_s42/faces_cfdWM64/houses_yin64/results.csv,UU
aa4,VGG2k / AA4,r21vgg2k_vgg16_bn_aa_s42,face_transfer,124,two_shared_ui,CFD WM64,Houses,0.35,0.38,50,within_sampled_range,UU,135,62.5,runs/yin_noise_matrix_20260926/results/r21vgg2k_vgg16_bn_aa_s42/faces_cfdWM64/houses_yin64/results.csv,UU
aa4,VGG2k / AA4,r21vgg2k_vgg16_bn_aa_s42,face_transfer,124,two_shared_ui,CFD WM64,Houses,0.35,0.38,50,within_sampled_range,UU,136,83.33333333333334,runs/yin_noise_matrix_20260926/results/r21vgg2k_vgg16_bn_aa_s42/faces_cfdWM64/houses_yin64/results.csv,UU
aa4,VGG2k / AA4,r21vgg2k_vgg16_bn_aa_s42,face_transfer,124,two_shared_ui,CFD WM64,Houses,0.35,0.38,50,within_sampled_range,UU,137,70.83333333333334,runs/yin_noise_matrix_20260926/results/r21vgg2k_vgg16_bn_aa_s42/faces_cfdWM64/houses_yin64/results.csv,UU
aa4,VGG2k / AA4,r21vgg2k_vgg16_bn_aa_s42,face_transfer,124,two_shared_ui,CFD WM64,Houses,0.35,0.38,50,within_sampled_range,UU,138,75.0,runs/yin_noise_matrix_20260926/results/r21vgg2k_vgg16_bn_aa_s42/faces_cfdWM64/houses_yin64/results.csv,UU
aa4,VGG2k / AA4,r21vgg2k_vgg16_bn_aa_s42,face_transfer,124,two_shared_ui,CFD WM64,Houses,0.35,0.38,50,within_sampled_range,UU,139,50.0,runs/yin_noise_matrix_20260926/results/r21vgg2k_vgg16_bn_aa_s42/faces_cfdWM64/houses_yin64/results.csv,UU
aa4,VGG2k / AA4,r21vgg2k_vgg16_bn_aa_s42,face_transfer,124,two_shared_ui,CFD WM64,Houses,0.35,0.38,50,within_sampled_range,UU,140,75.0,runs/yin_noise_matrix_20260926/results/r21vgg2k_vgg16_bn_aa_s42/faces_cfdWM64/houses_yin64/results.csv,UU
aa4,VGG2k / AA4,r21vgg2k_vgg16_bn_aa_s42,face_transfer,124,two_shared_ui,CFD WM64,Houses,0.35,0.38,50,within_sampled_range,UU,141,70.83333333333334,runs/yin_noise_matrix_20260926/results/r21vgg2k_vgg16_bn_aa_s42/faces_cfdWM64/houses_yin64/results.csv,UU
aa4,VGG2k / AA4,r21vgg2k_vgg16_bn_aa_s42,face_transfer,124,two_shared_ui,CFD WM64,Houses,0.35,0.38,50,within_sampled_range,UU,142,83.33333333333334,runs/yin_noise_matrix_20260926/results/r21vgg2k_vgg16_bn_aa_s42/faces_cfdWM64/houses_yin64/results.csv,UU
aa4,VGG2k / AA4,r21vgg2k_vgg16_bn_aa_s42,face_transfer,124,two_shared_ui,CFD WM64,Houses,0.35,0.38,50,within_sampled_range,UU,143,66.66666666666666,runs/yin_noise_matrix_20260926/results/r21vgg2k_vgg16_bn_aa_s42/faces_cfdWM64/houses_yin64/results.csv,UU
aa4,VGG2k / AA4,r21vgg2k_vgg16_bn_aa_s42,face_transfer,124,two_shared_ui,CFD WM64,Houses,0.35,0.38,50,within_sampled_range,UU,144,70.83333333333334,runs/yin_noise_matrix_20260926/results/r21vgg2k_vgg16_bn_aa_s42/faces_cfdWM64/houses_yin64/results.csv,UU
aa4,VGG2k / AA4,r21vgg2k_vgg16_bn_aa_s42,face_transfer,124,two_shared_ui,CFD WM64,Houses,0.35,0.38,50,within_sampled_range,UU,145,66.66666666666666,runs/yin_noise_matrix_20260926/results/r21vgg2k_vgg16_bn_aa_s42/faces_cfdWM64/houses_yin64/results.csv,UU
aa4,VGG2k / AA4,r21vgg2k_vgg16_bn_aa_s42,face_transfer,124,two_shared_ui,CFD WM64,Houses,0.35,0.38,50,within_sampled_range,UU,146,62.5,runs/yin_noise_matrix_20260926/results/r21vgg2k_vgg16_bn_aa_s42/faces_cfdWM64/houses_yin64/results.csv,UU
aa4,VGG2k / AA4,r21vgg2k_vgg16_bn_aa_s42,face_transfer,124,two_shared_ui,CFD WM64,Houses,0.35,0.38,50,within_sampled_range,UU,147,83.33333333333334,runs/yin_noise_matrix_20260926/results/r21vgg2k_vgg16_bn_aa_s42/faces_cfdWM64/houses_yin64/results.csv,UU
aa4,VGG2k / AA4,r21vgg2k_vgg16_bn_aa_s42,face_transfer,124,two_shared_ui,CFD WM64,Houses,0.35,0.38,50,within_sampled_range,UU,148,75.0,runs/yin_noise_matrix_20260926/results/r21vgg2k_vgg16_bn_aa_s42/faces_cfdWM64/houses_yin64/results.csv,UU
aa4,VGG2k / AA4,r21vgg2k_vgg16_bn_aa_s42,face_transfer,124,two_shared_ui,CFD WM64,Houses,0.35,0.38,50,within_sampled_range,UU,149,70.83333333333334,runs/yin_noise_matrix_20260926/results/r21vgg2k_vgg16_bn_aa_s42/faces_cfdWM64/houses_yin64/results.csv,UU
aa4,VGG2k / AA4,r21vgg2k_vgg16_bn_aa_s42,face_transfer,124,two_shared_ui,CFD WM64,Houses,0.35,0.38,50,within_sampled_range,UU,150,58.333333333333336,runs/yin_noise_matrix_20260926/results/r21vgg2k_vgg16_bn_aa_s42/faces_cfdWM64/houses_yin64/results.csv,UU
aa4,VGG2k / AA4,r21vgg2k_vgg16_bn_aa_s42,face_transfer,124,two_shared_ui,CFD WM64,Houses,0.35,0.38,50,within_sampled_range,II,101,75.0,runs/yin_noise_matrix_20260926/results/r21vgg2k_vgg16_bn_aa_s42/faces_cfdWM64/houses_yin64/results.csv,II
aa4,VGG2k / AA4,r21vgg2k_vgg16_bn_aa_s42,face_transfer,124,two_shared_ui,CFD WM64,Houses,0.35,0.38,50,within_sampled_range,II,102,50.0,runs/yin_noise_matrix_20260926/results/r21vgg2k_vgg16_bn_aa_s42/faces_cfdWM64/houses_yin64/results.csv,II
aa4,VGG2k / AA4,r21vgg2k_vgg16_bn_aa_s42,face_transfer,124,two_shared_ui,CFD WM64,Houses,0.35,0.38,50,within_sampled_range,II,103,62.5,runs/yin_noise_matrix_20260926/results/r21vgg2k_vgg16_bn_aa_s42/faces_cfdWM64/houses_yin64/results.csv,II
aa4,VGG2k / AA4,r21vgg2k_vgg16_bn_aa_s42,face_transfer,124,two_shared_ui,CFD WM64,Houses,0.35,0.38,50,within_sampled_range,II,104,66.66666666666666,runs/yin_noise_matrix_20260926/results/r21vgg2k_vgg16_bn_aa_s42/faces_cfdWM64/houses_yin64/results.csv,II
aa4,VGG2k / AA4,r21vgg2k_vgg16_bn_aa_s42,face_transfer,124,two_shared_ui,CFD WM64,Houses,0.35,0.38,50,within_sampled_range,II,105,62.5,runs/yin_noise_matrix_20260926/results/r21vgg2k_vgg16_bn_aa_s42/faces_cfdWM64/houses_yin64/results.csv,II
aa4,VGG2k / AA4,r21vgg2k_vgg16_bn_aa_s42,face_transfer,124,two_shared_ui,CFD WM64,Houses,0.35,0.38,50,within_sampled_range,II,106,66.66666666666666,runs/yin_noise_matrix_20260926/results/r21vgg2k_vgg16_bn_aa_s42/faces_cfdWM64/houses_yin64/results.csv,II
aa4,VGG2k / AA4,r21vgg2k_vgg16_bn_aa_s42,face_transfer,124,two_shared_ui,CFD WM64,Houses,0.35,0.38,50,within_sampled_range,II,107,50.0,runs/yin_noise_matrix_20260926/results/r21vgg2k_vgg16_bn_aa_s42/faces_cfdWM64/houses_yin64/results.csv,II
aa4,VGG2k / AA4,r21vgg2k_vgg16_bn_aa_s42,face_transfer,124,two_shared_ui,CFD WM64,Houses,0.35,0.38,50,within_sampled_range,II,108,58.333333333333336,runs/yin_noise_matrix_20260926/results/r21vgg2k_vgg16_bn_aa_s42/faces_cfdWM64/houses_yin64/results.csv,II
aa4,VGG2k / AA4,r21vgg2k_vgg16_bn_aa_s42,face_transfer,124,two_shared_ui,CFD WM64,Houses,0.35,0.38,50,within_sampled_range,II,109,50.0,runs/yin_noise_matrix_20260926/results/r21vgg2k_vgg16_bn_aa_s42/faces_cfdWM64/houses_yin64/results.csv,II
aa4,VGG2k / AA4,r21vgg2k_vgg16_bn_aa_s42,face_transfer,124,two_shared_ui,CFD WM64,Houses,0.35,0.38,50,within_sampled_range,II,110,58.333333333333336,runs/yin_noise_matrix_20260926/results/r21vgg2k_vgg16_bn_aa_s42/faces_cfdWM64/houses_yin64/results.csv,II
aa4,VGG2k / AA4,r21vgg2k_vgg16_bn_aa_s42,face_transfer,124,two_shared_ui,CFD WM64,Houses,0.35,0.38,50,within_sampled_range,II,111,62.5,runs/yin_noise_matrix_20260926/results/r21vgg2k_vgg16_bn_aa_s42/faces_cfdWM64/houses_yin64/results.csv,II
aa4,VGG2k / AA4,r21vgg2k_vgg16_bn_aa_s42,face_transfer,124,two_shared_ui,CFD WM64,Houses,0.35,0.38,50,within_sampled_range,II,112,62.5,runs/yin_noise_matrix_20260926/results/r21vgg2k_vgg16_bn_aa_s42/faces_cfdWM64/houses_yin64/results.csv,II
aa4,VGG2k / AA4,r21vgg2k_vgg16_bn_aa_s42,face_transfer,124,two_shared_ui,CFD WM64,Houses,0.35,0.38,50,within_sampled_range,II,113,70.83333333333334,runs/yin_noise_matrix_20260926/results/r21vgg2k_vgg16_bn_aa_s42/faces_cfdWM64/houses_yin64/results.csv,II
aa4,VGG2k / AA4,r21vgg2k_vgg16_bn_aa_s42,face_transfer,124,two_shared_ui,CFD WM64,Houses,0.35,0.38,50,within_sampled_range,II,114,66.66666666666666,runs/yin_noise_matrix_20260926/results/r21vgg2k_vgg16_bn_aa_s42/faces_cfdWM64/houses_yin64/results.csv,II
aa4,VGG2k / AA4,r21vgg2k_vgg16_bn_aa_s42,face_transfer,124,two_shared_ui,CFD WM64,Houses,0.35,0.38,50,within_sampled_range,II,115,50.0,runs/yin_noise_matrix_20260926/results/r21vgg2k_vgg16_bn_aa_s42/faces_cfdWM64/houses_yin64/results.csv,II
aa4,VGG2k / AA4,r21vgg2k_vgg16_bn_aa_s42,face_transfer,124,two_shared_ui,CFD WM64,Houses,0.35,0.38,50,within_sampled_range,II,116,75.0,runs/yin_noise_matrix_20260926/results/r21vgg2k_vgg16_bn_aa_s42/faces_cfdWM64/houses_yin64/results.csv,II
aa4,VGG2k / AA4,r21vgg2k_vgg16_bn_aa_s42,face_transfer,124,two_shared_ui,CFD WM64,Houses,0.35,0.38,50,within_sampled_range,II,117,66.66666666666666,runs/yin_noise_matrix_20260926/results/r21vgg2k_vgg16_bn_aa_s42/faces_cfdWM64/houses_yin64/results.csv,II
aa4,VGG2k / AA4,r21vgg2k_vgg16_bn_aa_s42,face_transfer,124,two_shared_ui,CFD WM64,Houses,0.35,0.38,50,within_sampled_range,II,118,66.66666666666666,runs/yin_noise_matrix_20260926/results/r21vgg2k_vgg16_bn_aa_s42/faces_cfdWM64/houses_yin64/results.csv,II
aa4,VGG2k / AA4,r21vgg2k_vgg16_bn_aa_s42,face_transfer,124,two_shared_ui,CFD WM64,Houses,0.35,0.38,50,within_sampled_range,II,119,50.0,runs/yin_noise_matrix_20260926/results/r21vgg2k_vgg16_bn_aa_s42/faces_cfdWM64/houses_yin64/results.csv,II
aa4,VGG2k / AA4,r21vgg2k_vgg16_bn_aa_s42,face_transfer,124,two_shared_ui,CFD WM64,Houses,0.35,0.38,50,within_sampled_range,II,120,75.0,runs/yin_noise_matrix_20260926/results/r21vgg2k_vgg16_bn_aa_s42/faces_cfdWM64/houses_yin64/results.csv,II
aa4,VGG2k / AA4,r21vgg2k_vgg16_bn_aa_s42,face_transfer,124,two_shared_ui,CFD WM64,Houses,0.35,0.38,50,within_sampled_range,II,121,50.0,runs/yin_noise_matrix_20260926/results/r21vgg2k_vgg16_bn_aa_s42/faces_cfdWM64/houses_yin64/results.csv,II
aa4,VGG2k / AA4,r21vgg2k_vgg16_bn_aa_s42,face_transfer,124,two_shared_ui,CFD WM64,Houses,0.35,0.38,50,within_sampled_range,II,122,62.5,runs/yin_noise_matrix_20260926/results/r21vgg2k_vgg16_bn_aa_s42/faces_cfdWM64/houses_yin64/results.csv,II
aa4,VGG2k / AA4,r21vgg2k_vgg16_bn_aa_s42,face_transfer,124,two_shared_ui,CFD WM64,Houses,0.35,0.38,50,within_sampled_range,II,123,79.16666666666666,runs/yin_noise_matrix_20260926/results/r21vgg2k_vgg16_bn_aa_s42/faces_cfdWM64/houses_yin64/results.csv,II
aa4,VGG2k / AA4,r21vgg2k_vgg16_bn_aa_s42,face_transfer,124,two_shared_ui,CFD WM64,Houses,0.35,0.38,50,within_sampled_range,II,124,70.83333333333334,runs/yin_noise_matrix_20260926/results/r21vgg2k_vgg16_bn_aa_s42/faces_cfdWM64/houses_yin64/results.csv,II
aa4,VGG2k / AA4,r21vgg2k_vgg16_bn_aa_s42,face_transfer,124,two_shared_ui,CFD WM64,Houses,0.35,0.38,50,within_sampled_range,II,125,70.83333333333334,runs/yin_noise_matrix_20260926/results/r21vgg2k_vgg16_bn_aa_s42/faces_cfdWM64/houses_yin64/results.csv,II
aa4,VGG2k / AA4,r21vgg2k_vgg16_bn_aa_s42,face_transfer,124,two_shared_ui,CFD WM64,Houses,0.35,0.38,50,within_sampled_range,II,126,58.333333333333336,runs/yin_noise_matrix_20260926/results/r21vgg2k_vgg16_bn_aa_s42/faces_cfdWM64/houses_yin64/results.csv,II
aa4,VGG2k / AA4,r21vgg2k_vgg16_bn_aa_s42,face_transfer,124,two_shared_ui,CFD WM64,Houses,0.35,0.38,50,within_sampled_range,II,127,58.333333333333336,runs/yin_noise_matrix_20260926/results/r21vgg2k_vgg16_bn_aa_s42/faces_cfdWM64/houses_yin64/results.csv,II
aa4,VGG2k / AA4,r21vgg2k_vgg16_bn_aa_s42,face_transfer,124,two_shared_ui,CFD WM64,Houses,0.35,0.38,50,within_sampled_range,II,128,62.5,runs/yin_noise_matrix_20260926/results/r21vgg2k_vgg16_bn_aa_s42/faces_cfdWM64/houses_yin64/results.csv,II
aa4,VGG2k / AA4,r21vgg2k_vgg16_bn_aa_s42,face_transfer,124,two_shared_ui,CFD WM64,Houses,0.35,0.38,50,within_sampled_range,II,129,75.0,runs/yin_noise_matrix_20260926/results/r21vgg2k_vgg16_bn_aa_s42/faces_cfdWM64/houses_yin64/results.csv,II
aa4,VGG2k / AA4,r21vgg2k_vgg16_bn_aa_s42,face_transfer,124,two_shared_ui,CFD WM64,Houses,0.35,0.38,50,within_sampled_range,II,130,62.5,runs/yin_noise_matrix_20260926/results/r21vgg2k_vgg16_bn_aa_s42/faces_cfdWM64/houses_yin64/results.csv,II
aa4,VGG2k / AA4,r21vgg2k_vgg16_bn_aa_s42,face_transfer,124,two_shared_ui,CFD WM64,Houses,0.35,0.38,50,within_sampled_range,II,131,75.0,runs/yin_noise_matrix_20260926/results/r21vgg2k_vgg16_bn_aa_s42/faces_cfdWM64/houses_yin64/results.csv,II
aa4,VGG2k / AA4,r21vgg2k_vgg16_bn_aa_s42,face_transfer,124,two_shared_ui,CFD WM64,Houses,0.35,0.38,50,within_sampled_range,II,132,62.5,runs/yin_noise_matrix_20260926/results/r21vgg2k_vgg16_bn_aa_s42/faces_cfdWM64/houses_yin64/results.csv,II
aa4,VGG2k / AA4,r21vgg2k_vgg16_bn_aa_s42,face_transfer,124,two_shared_ui,CFD WM64,Houses,0.35,0.38,50,within_sampled_range,II,133,75.0,runs/yin_noise_matrix_20260926/results/r21vgg2k_vgg16_bn_aa_s42/faces_cfdWM64/houses_yin64/results.csv,II
aa4,VGG2k / AA4,r21vgg2k_vgg16_bn_aa_s42,face_transfer,124,two_shared_ui,CFD WM64,Houses,0.35,0.38,50,within_sampled_range,II,134,66.66666666666666,runs/yin_noise_matrix_20260926/results/r21vgg2k_vgg16_bn_aa_s42/faces_cfdWM64/houses_yin64/results.csv,II
aa4,VGG2k / AA4,r21vgg2k_vgg16_bn_aa_s42,face_transfer,124,two_shared_ui,CFD WM64,Houses,0.35,0.38,50,within_sampled_range,II,135,54.166666666666664,runs/yin_noise_matrix_20260926/results/r21vgg2k_vgg16_bn_aa_s42/faces_cfdWM64/houses_yin64/results.csv,II
aa4,VGG2k / AA4,r21vgg2k_vgg16_bn_aa_s42,face_transfer,124,two_shared_ui,CFD WM64,Houses,0.35,0.38,50,within_sampled_range,II,136,66.66666666666666,runs/yin_noise_matrix_20260926/results/r21vgg2k_vgg16_bn_aa_s42/faces_cfdWM64/houses_yin64/results.csv,II
aa4,VGG2k / AA4,r21vgg2k_vgg16_bn_aa_s42,face_transfer,124,two_shared_ui,CFD WM64,Houses,0.35,0.38,50,within_sampled_range,II,137,70.83333333333334,runs/yin_noise_matrix_20260926/results/r21vgg2k_vgg16_bn_aa_s42/faces_cfdWM64/houses_yin64/results.csv,II
aa4,VGG2k / AA4,r21vgg2k_vgg16_bn_aa_s42,face_transfer,124,two_shared_ui,CFD WM64,Houses,0.35,0.38,50,within_sampled_range,II,138,62.5,runs/yin_noise_matrix_20260926/results/r21vgg2k_vgg16_bn_aa_s42/faces_cfdWM64/houses_yin64/results.csv,II
aa4,VGG2k / AA4,r21vgg2k_vgg16_bn_aa_s42,face_transfer,124,two_shared_ui,CFD WM64,Houses,0.35,0.38,50,within_sampled_range,II,139,45.83333333333333,runs/yin_noise_matrix_20260926/results/r21vgg2k_vgg16_bn_aa_s42/faces_cfdWM64/houses_yin64/results.csv,II
aa4,VGG2k / AA4,r21vgg2k_vgg16_bn_aa_s42,face_transfer,124,two_shared_ui,CFD WM64,Houses,0.35,0.38,50,within_sampled_range,II,140,62.5,runs/yin_noise_matrix_20260926/results/r21vgg2k_vgg16_bn_aa_s42/faces_cfdWM64/houses_yin64/results.csv,II
aa4,VGG2k / AA4,r21vgg2k_vgg16_bn_aa_s42,face_transfer,124,two_shared_ui,CFD WM64,Houses,0.35,0.38,50,within_sampled_range,II,141,62.5,runs/yin_noise_matrix_20260926/results/r21vgg2k_vgg16_bn_aa_s42/faces_cfdWM64/houses_yin64/results.csv,II
aa4,VGG2k / AA4,r21vgg2k_vgg16_bn_aa_s42,face_transfer,124,two_shared_ui,CFD WM64,Houses,0.35,0.38,50,within_sampled_range,II,142,62.5,runs/yin_noise_matrix_20260926/results/r21vgg2k_vgg16_bn_aa_s42/faces_cfdWM64/houses_yin64/results.csv,II
aa4,VGG2k / AA4,r21vgg2k_vgg16_bn_aa_s42,face_transfer,124,two_shared_ui,CFD WM64,Houses,0.35,0.38,50,within_sampled_range,II,143,70.83333333333334,runs/yin_noise_matrix_20260926/results/r21vgg2k_vgg16_bn_aa_s42/faces_cfdWM64/houses_yin64/results.csv,II
aa4,VGG2k / AA4,r21vgg2k_vgg16_bn_aa_s42,face_transfer,124,two_shared_ui,CFD WM64,Houses,0.35,0.38,50,within_sampled_range,II,144,62.5,runs/yin_noise_matrix_20260926/results/r21vgg2k_vgg16_bn_aa_s42/faces_cfdWM64/houses_yin64/results.csv,II
aa4,VGG2k / AA4,r21vgg2k_vgg16_bn_aa_s42,face_transfer,124,two_shared_ui,CFD WM64,Houses,0.35,0.38,50,within_sampled_range,II,145,70.83333333333334,runs/yin_noise_matrix_20260926/results/r21vgg2k_vgg16_bn_aa_s42/faces_cfdWM64/houses_yin64/results.csv,II
aa4,VGG2k / AA4,r21vgg2k_vgg16_bn_aa_s42,face_transfer,124,two_shared_ui,CFD WM64,Houses,0.35,0.38,50,within_sampled_range,II,146,79.16666666666666,runs/yin_noise_matrix_20260926/results/r21vgg2k_vgg16_bn_aa_s42/faces_cfdWM64/houses_yin64/results.csv,II
aa4,VGG2k / AA4,r21vgg2k_vgg16_bn_aa_s42,face_transfer,124,two_shared_ui,CFD WM64,Houses,0.35,0.38,50,within_sampled_range,II,147,79.16666666666666,runs/yin_noise_matrix_20260926/results/r21vgg2k_vgg16_bn_aa_s42/faces_cfdWM64/houses_yin64/results.csv,II
aa4,VGG2k / AA4,r21vgg2k_vgg16_bn_aa_s42,face_transfer,124,two_shared_ui,CFD WM64,Houses,0.35,0.38,50,within_sampled_range,II,148,66.66666666666666,runs/yin_noise_matrix_20260926/results/r21vgg2k_vgg16_bn_aa_s42/faces_cfdWM64/houses_yin64/results.csv,II
aa4,VGG2k / AA4,r21vgg2k_vgg16_bn_aa_s42,face_transfer,124,two_shared_ui,CFD WM64,Houses,0.35,0.38,50,within_sampled_range,II,149,58.333333333333336,runs/yin_noise_matrix_20260926/results/r21vgg2k_vgg16_bn_aa_s42/faces_cfdWM64/houses_yin64/results.csv,II
aa4,VGG2k / AA4,r21vgg2k_vgg16_bn_aa_s42,face_transfer,124,two_shared_ui,CFD WM64,Houses,0.35,0.38,50,within_sampled_range,II,150,83.33333333333334,runs/yin_noise_matrix_20260926/results/r21vgg2k_vgg16_bn_aa_s42/faces_cfdWM64/houses_yin64/results.csv,II
aa4,VGG2k / AA4,r21vgg2k_vgg16_bn_aa_s42,face_transfer,124,two_shared_ui,CFD WM64,Houses,0.35,0.38,50,within_sampled_range,UI,101,66.66666666666666,runs/yin_noise_matrix_20260926/results/r21vgg2k_vgg16_bn_aa_s42/faces_cfdWM64/houses_yin64/results.csv,UI_shared
aa4,VGG2k / AA4,r21vgg2k_vgg16_bn_aa_s42,face_transfer,124,two_shared_ui,CFD WM64,Houses,0.35,0.38,50,within_sampled_range,UI,102,54.166666666666664,runs/yin_noise_matrix_20260926/results/r21vgg2k_vgg16_bn_aa_s42/faces_cfdWM64/houses_yin64/results.csv,UI_shared
aa4,VGG2k / AA4,r21vgg2k_vgg16_bn_aa_s42,face_transfer,124,two_shared_ui,CFD WM64,Houses,0.35,0.38,50,within_sampled_range,UI,103,54.166666666666664,runs/yin_noise_matrix_20260926/results/r21vgg2k_vgg16_bn_aa_s42/faces_cfdWM64/houses_yin64/results.csv,UI_shared
aa4,VGG2k / AA4,r21vgg2k_vgg16_bn_aa_s42,face_transfer,124,two_shared_ui,CFD WM64,Houses,0.35,0.38,50,within_sampled_range,UI,104,58.333333333333336,runs/yin_noise_matrix_20260926/results/r21vgg2k_vgg16_bn_aa_s42/faces_cfdWM64/houses_yin64/results.csv,UI_shared
aa4,VGG2k / AA4,r21vgg2k_vgg16_bn_aa_s42,face_transfer,124,two_shared_ui,CFD WM64,Houses,0.35,0.38,50,within_sampled_range,UI,105,66.66666666666666,runs/yin_noise_matrix_20260926/results/r21vgg2k_vgg16_bn_aa_s42/faces_cfdWM64/houses_yin64/results.csv,UI_shared
aa4,VGG2k / AA4,r21vgg2k_vgg16_bn_aa_s42,face_transfer,124,two_shared_ui,CFD WM64,Houses,0.35,0.38,50,within_sampled_range,UI,106,70.83333333333334,runs/yin_noise_matrix_20260926/results/r21vgg2k_vgg16_bn_aa_s42/faces_cfdWM64/houses_yin64/results.csv,UI_shared
aa4,VGG2k / AA4,r21vgg2k_vgg16_bn_aa_s42,face_transfer,124,two_shared_ui,CFD WM64,Houses,0.35,0.38,50,within_sampled_range,UI,107,79.16666666666666,runs/yin_noise_matrix_20260926/results/r21vgg2k_vgg16_bn_aa_s42/faces_cfdWM64/houses_yin64/results.csv,UI_shared
aa4,VGG2k / AA4,r21vgg2k_vgg16_bn_aa_s42,face_transfer,124,two_shared_ui,CFD WM64,Houses,0.35,0.38,50,within_sampled_range,UI,108,62.5,runs/yin_noise_matrix_20260926/results/r21vgg2k_vgg16_bn_aa_s42/faces_cfdWM64/houses_yin64/results.csv,UI_shared
aa4,VGG2k / AA4,r21vgg2k_vgg16_bn_aa_s42,face_transfer,124,two_shared_ui,CFD WM64,Houses,0.35,0.38,50,within_sampled_range,UI,109,70.83333333333334,runs/yin_noise_matrix_20260926/results/r21vgg2k_vgg16_bn_aa_s42/faces_cfdWM64/houses_yin64/results.csv,UI_shared
aa4,VGG2k / AA4,r21vgg2k_vgg16_bn_aa_s42,face_transfer,124,two_shared_ui,CFD WM64,Houses,0.35,0.38,50,within_sampled_range,UI,110,54.166666666666664,runs/yin_noise_matrix_20260926/results/r21vgg2k_vgg16_bn_aa_s42/faces_cfdWM64/houses_yin64/results.csv,UI_shared
aa4,VGG2k / AA4,r21vgg2k_vgg16_bn_aa_s42,face_transfer,124,two_shared_ui,CFD WM64,Houses,0.35,0.38,50,within_sampled_range,UI,111,66.66666666666666,runs/yin_noise_matrix_20260926/results/r21vgg2k_vgg16_bn_aa_s42/faces_cfdWM64/houses_yin64/results.csv,UI_shared
aa4,VGG2k / AA4,r21vgg2k_vgg16_bn_aa_s42,face_transfer,124,two_shared_ui,CFD WM64,Houses,0.35,0.38,50,within_sampled_range,UI,112,75.0,runs/yin_noise_matrix_20260926/results/r21vgg2k_vgg16_bn_aa_s42/faces_cfdWM64/houses_yin64/results.csv,UI_shared
aa4,VGG2k / AA4,r21vgg2k_vgg16_bn_aa_s42,face_transfer,124,two_shared_ui,CFD WM64,Houses,0.35,0.38,50,within_sampled_range,UI,113,62.5,runs/yin_noise_matrix_20260926/results/r21vgg2k_vgg16_bn_aa_s42/faces_cfdWM64/houses_yin64/results.csv,UI_shared
aa4,VGG2k / AA4,r21vgg2k_vgg16_bn_aa_s42,face_transfer,124,two_shared_ui,CFD WM64,Houses,0.35,0.38,50,within_sampled_range,UI,114,75.0,runs/yin_noise_matrix_20260926/results/r21vgg2k_vgg16_bn_aa_s42/faces_cfdWM64/houses_yin64/results.csv,UI_shared
aa4,VGG2k / AA4,r21vgg2k_vgg16_bn_aa_s42,face_transfer,124,two_shared_ui,CFD WM64,Houses,0.35,0.38,50,within_sampled_range,UI,115,66.66666666666666,runs/yin_noise_matrix_20260926/results/r21vgg2k_vgg16_bn_aa_s42/faces_cfdWM64/houses_yin64/results.csv,UI_shared
aa4,VGG2k / AA4,r21vgg2k_vgg16_bn_aa_s42,face_transfer,124,two_shared_ui,CFD WM64,Houses,0.35,0.38,50,within_sampled_range,UI,116,58.333333333333336,runs/yin_noise_matrix_20260926/results/r21vgg2k_vgg16_bn_aa_s42/faces_cfdWM64/houses_yin64/results.csv,UI_shared
aa4,VGG2k / AA4,r21vgg2k_vgg16_bn_aa_s42,face_transfer,124,two_shared_ui,CFD WM64,Houses,0.35,0.38,50,within_sampled_range,UI,117,62.5,runs/yin_noise_matrix_20260926/results/r21vgg2k_vgg16_bn_aa_s42/faces_cfdWM64/houses_yin64/results.csv,UI_shared
aa4,VGG2k / AA4,r21vgg2k_vgg16_bn_aa_s42,face_transfer,124,two_shared_ui,CFD WM64,Houses,0.35,0.38,50,within_sampled_range,UI,118,79.16666666666666,runs/yin_noise_matrix_20260926/results/r21vgg2k_vgg16_bn_aa_s42/faces_cfdWM64/houses_yin64/results.csv,UI_shared
aa4,VGG2k / AA4,r21vgg2k_vgg16_bn_aa_s42,face_transfer,124,two_shared_ui,CFD WM64,Houses,0.35,0.38,50,within_sampled_range,UI,119,75.0,runs/yin_noise_matrix_20260926/results/r21vgg2k_vgg16_bn_aa_s42/faces_cfdWM64/houses_yin64/results.csv,UI_shared
aa4,VGG2k / AA4,r21vgg2k_vgg16_bn_aa_s42,face_transfer,124,two_shared_ui,CFD WM64,Houses,0.35,0.38,50,within_sampled_range,UI,120,83.33333333333334,runs/yin_noise_matrix_20260926/results/r21vgg2k_vgg16_bn_aa_s42/faces_cfdWM64/houses_yin64/results.csv,UI_shared
aa4,VGG2k / AA4,r21vgg2k_vgg16_bn_aa_s42,face_transfer,124,two_shared_ui,CFD WM64,Houses,0.35,0.38,50,within_sampled_range,UI,121,66.66666666666666,runs/yin_noise_matrix_20260926/results/r21vgg2k_vgg16_bn_aa_s42/faces_cfdWM64/houses_yin64/results.csv,UI_shared
aa4,VGG2k / AA4,r21vgg2k_vgg16_bn_aa_s42,face_transfer,124,two_shared_ui,CFD WM64,Houses,0.35,0.38,50,within_sampled_range,UI,122,50.0,runs/yin_noise_matrix_20260926/results/r21vgg2k_vgg16_bn_aa_s42/faces_cfdWM64/houses_yin64/results.csv,UI_shared
aa4,VGG2k / AA4,r21vgg2k_vgg16_bn_aa_s42,face_transfer,124,two_shared_ui,CFD WM64,Houses,0.35,0.38,50,within_sampled_range,UI,123,50.0,runs/yin_noise_matrix_20260926/results/r21vgg2k_vgg16_bn_aa_s42/faces_cfdWM64/houses_yin64/results.csv,UI_shared
aa4,VGG2k / AA4,r21vgg2k_vgg16_bn_aa_s42,face_transfer,124,two_shared_ui,CFD WM64,Houses,0.35,0.38,50,within_sampled_range,UI,124,70.83333333333334,runs/yin_noise_matrix_20260926/results/r21vgg2k_vgg16_bn_aa_s42/faces_cfdWM64/houses_yin64/results.csv,UI_shared
aa4,VGG2k / AA4,r21vgg2k_vgg16_bn_aa_s42,face_transfer,124,two_shared_ui,CFD WM64,Houses,0.35,0.38,50,within_sampled_range,UI,125,66.66666666666666,runs/yin_noise_matrix_20260926/results/r21vgg2k_vgg16_bn_aa_s42/faces_cfdWM64/houses_yin64/results.csv,UI_shared
aa4,VGG2k / AA4,r21vgg2k_vgg16_bn_aa_s42,face_transfer,124,two_shared_ui,CFD WM64,Houses,0.35,0.38,50,within_sampled_range,UI,126,62.5,runs/yin_noise_matrix_20260926/results/r21vgg2k_vgg16_bn_aa_s42/faces_cfdWM64/houses_yin64/results.csv,UI_shared
aa4,VGG2k / AA4,r21vgg2k_vgg16_bn_aa_s42,face_transfer,124,two_shared_ui,CFD WM64,Houses,0.35,0.38,50,within_sampled_range,UI,127,87.5,runs/yin_noise_matrix_20260926/results/r21vgg2k_vgg16_bn_aa_s42/faces_cfdWM64/houses_yin64/results.csv,UI_shared
aa4,VGG2k / AA4,r21vgg2k_vgg16_bn_aa_s42,face_transfer,124,two_shared_ui,CFD WM64,Houses,0.35,0.38,50,within_sampled_range,UI,128,79.16666666666666,runs/yin_noise_matrix_20260926/results/r21vgg2k_vgg16_bn_aa_s42/faces_cfdWM64/houses_yin64/results.csv,UI_shared
aa4,VGG2k / AA4,r21vgg2k_vgg16_bn_aa_s42,face_transfer,124,two_shared_ui,CFD WM64,Houses,0.35,0.38,50,within_sampled_range,UI,129,58.333333333333336,runs/yin_noise_matrix_20260926/results/r21vgg2k_vgg16_bn_aa_s42/faces_cfdWM64/houses_yin64/results.csv,UI_shared
aa4,VGG2k / AA4,r21vgg2k_vgg16_bn_aa_s42,face_transfer,124,two_shared_ui,CFD WM64,Houses,0.35,0.38,50,within_sampled_range,UI,130,70.83333333333334,runs/yin_noise_matrix_20260926/results/r21vgg2k_vgg16_bn_aa_s42/faces_cfdWM64/houses_yin64/results.csv,UI_shared
aa4,VGG2k / AA4,r21vgg2k_vgg16_bn_aa_s42,face_transfer,124,two_shared_ui,CFD WM64,Houses,0.35,0.38,50,within_sampled_range,UI,131,58.333333333333336,runs/yin_noise_matrix_20260926/results/r21vgg2k_vgg16_bn_aa_s42/faces_cfdWM64/houses_yin64/results.csv,UI_shared
aa4,VGG2k / AA4,r21vgg2k_vgg16_bn_aa_s42,face_transfer,124,two_shared_ui,CFD WM64,Houses,0.35,0.38,50,within_sampled_range,UI,132,75.0,runs/yin_noise_matrix_20260926/results/r21vgg2k_vgg16_bn_aa_s42/faces_cfdWM64/houses_yin64/results.csv,UI_shared
aa4,VGG2k / AA4,r21vgg2k_vgg16_bn_aa_s42,face_transfer,124,two_shared_ui,CFD WM64,Houses,0.35,0.38,50,within_sampled_range,UI,133,70.83333333333334,runs/yin_noise_matrix_20260926/results/r21vgg2k_vgg16_bn_aa_s42/faces_cfdWM64/houses_yin64/results.csv,UI_shared
aa4,VGG2k / AA4,r21vgg2k_vgg16_bn_aa_s42,face_transfer,124,two_shared_ui,CFD WM64,Houses,0.35,0.38,50,within_sampled_range,UI,134,75.0,runs/yin_noise_matrix_20260926/results/r21vgg2k_vgg16_bn_aa_s42/faces_cfdWM64/houses_yin64/results.csv,UI_shared
aa4,VGG2k / AA4,r21vgg2k_vgg16_bn_aa_s42,face_transfer,124,two_shared_ui,CFD WM64,Houses,0.35,0.38,50,within_sampled_range,UI,135,70.83333333333334,runs/yin_noise_matrix_20260926/results/r21vgg2k_vgg16_bn_aa_s42/faces_cfdWM64/houses_yin64/results.csv,UI_shared
aa4,VGG2k / AA4,r21vgg2k_vgg16_bn_aa_s42,face_transfer,124,two_shared_ui,CFD WM64,Houses,0.35,0.38,50,within_sampled_range,UI,136,79.16666666666666,runs/yin_noise_matrix_20260926/results/r21vgg2k_vgg16_bn_aa_s42/faces_cfdWM64/houses_yin64/results.csv,UI_shared
aa4,VGG2k / AA4,r21vgg2k_vgg16_bn_aa_s42,face_transfer,124,two_shared_ui,CFD WM64,Houses,0.35,0.38,50,within_sampled_range,UI,137,87.5,runs/yin_noise_matrix_20260926/results/r21vgg2k_vgg16_bn_aa_s42/faces_cfdWM64/houses_yin64/results.csv,UI_shared
aa4,VGG2k / AA4,r21vgg2k_vgg16_bn_aa_s42,face_transfer,124,two_shared_ui,CFD WM64,Houses,0.35,0.38,50,within_sampled_range,UI,138,75.0,runs/yin_noise_matrix_20260926/results/r21vgg2k_vgg16_bn_aa_s42/faces_cfdWM64/houses_yin64/results.csv,UI_shared
aa4,VGG2k / AA4,r21vgg2k_vgg16_bn_aa_s42,face_transfer,124,two_shared_ui,CFD WM64,Houses,0.35,0.38,50,within_sampled_range,UI,139,79.16666666666666,runs/yin_noise_matrix_20260926/results/r21vgg2k_vgg16_bn_aa_s42/faces_cfdWM64/houses_yin64/results.csv,UI_shared
aa4,VGG2k / AA4,r21vgg2k_vgg16_bn_aa_s42,face_transfer,124,two_shared_ui,CFD WM64,Houses,0.35,0.38,50,within_sampled_range,UI,140,66.66666666666666,runs/yin_noise_matrix_20260926/results/r21vgg2k_vgg16_bn_aa_s42/faces_cfdWM64/houses_yin64/results.csv,UI_shared
aa4,VGG2k / AA4,r21vgg2k_vgg16_bn_aa_s42,face_transfer,124,two_shared_ui,CFD WM64,Houses,0.35,0.38,50,within_sampled_range,UI,141,75.0,runs/yin_noise_matrix_20260926/results/r21vgg2k_vgg16_bn_aa_s42/faces_cfdWM64/houses_yin64/results.csv,UI_shared
aa4,VGG2k / AA4,r21vgg2k_vgg16_bn_aa_s42,face_transfer,124,two_shared_ui,CFD WM64,Houses,0.35,0.38,50,within_sampled_range,UI,142,62.5,runs/yin_noise_matrix_20260926/results/r21vgg2k_vgg16_bn_aa_s42/faces_cfdWM64/houses_yin64/results.csv,UI_shared
aa4,VGG2k / AA4,r21vgg2k_vgg16_bn_aa_s42,face_transfer,124,two_shared_ui,CFD WM64,Houses,0.35,0.38,50,within_sampled_range,UI,143,54.166666666666664,runs/yin_noise_matrix_20260926/results/r21vgg2k_vgg16_bn_aa_s42/faces_cfdWM64/houses_yin64/results.csv,UI_shared
aa4,VGG2k / AA4,r21vgg2k_vgg16_bn_aa_s42,face_transfer,124,two_shared_ui,CFD WM64,Houses,0.35,0.38,50,within_sampled_range,UI,144,70.83333333333334,runs/yin_noise_matrix_20260926/results/r21vgg2k_vgg16_bn_aa_s42/faces_cfdWM64/houses_yin64/results.csv,UI_shared
aa4,VGG2k / AA4,r21vgg2k_vgg16_bn_aa_s42,face_transfer,124,two_shared_ui,CFD WM64,Houses,0.35,0.38,50,within_sampled_range,UI,145,62.5,runs/yin_noise_matrix_20260926/results/r21vgg2k_vgg16_bn_aa_s42/faces_cfdWM64/houses_yin64/results.csv,UI_shared
aa4,VGG2k / AA4,r21vgg2k_vgg16_bn_aa_s42,face_transfer,124,two_shared_ui,CFD WM64,Houses,0.35,0.38,50,within_sampled_range,UI,146,66.66666666666666,runs/yin_noise_matrix_20260926/results/r21vgg2k_vgg16_bn_aa_s42/faces_cfdWM64/houses_yin64/results.csv,UI_shared
aa4,VGG2k / AA4,r21vgg2k_vgg16_bn_aa_s42,face_transfer,124,two_shared_ui,CFD WM64,Houses,0.35,0.38,50,within_sampled_range,UI,147,70.83333333333334,runs/yin_noise_matrix_20260926/results/r21vgg2k_vgg16_bn_aa_s42/faces_cfdWM64/houses_yin64/results.csv,UI_shared
aa4,VGG2k / AA4,r21vgg2k_vgg16_bn_aa_s42,face_transfer,124,two_shared_ui,CFD WM64,Houses,0.35,0.38,50,within_sampled_range,UI,148,62.5,runs/yin_noise_matrix_20260926/results/r21vgg2k_vgg16_bn_aa_s42/faces_cfdWM64/houses_yin64/results.csv,UI_shared
aa4,VGG2k / AA4,r21vgg2k_vgg16_bn_aa_s42,face_transfer,124,two_shared_ui,CFD WM64,Houses,0.35,0.38,50,within_sampled_range,UI,149,70.83333333333334,runs/yin_noise_matrix_20260926/results/r21vgg2k_vgg16_bn_aa_s42/faces_cfdWM64/houses_yin64/results.csv,UI_shared
aa4,VGG2k / AA4,r21vgg2k_vgg16_bn_aa_s42,face_transfer,124,two_shared_ui,CFD WM64,Houses,0.35,0.38,50,within_sampled_range,UI,150,70.83333333333334,runs/yin_noise_matrix_20260926/results/r21vgg2k_vgg16_bn_aa_s42/faces_cfdWM64/houses_yin64/results.csv,UI_shared
aa4,VGG2k / AA4,r21vgg2k_vgg16_bn_aa_s42,face_transfer,124,two_shared_ui,CFD WM64,Houses,0.35,0.38,50,within_sampled_range,IU,101,50.0,runs/yin_noise_matrix_20260926/results/r21vgg2k_vgg16_bn_aa_s42/faces_cfdWM64/houses_yin64/results.csv,IU
aa4,VGG2k / AA4,r21vgg2k_vgg16_bn_aa_s42,face_transfer,124,two_shared_ui,CFD WM64,Houses,0.35,0.38,50,within_sampled_range,IU,102,58.333333333333336,runs/yin_noise_matrix_20260926/results/r21vgg2k_vgg16_bn_aa_s42/faces_cfdWM64/houses_yin64/results.csv,IU
aa4,VGG2k / AA4,r21vgg2k_vgg16_bn_aa_s42,face_transfer,124,two_shared_ui,CFD WM64,Houses,0.35,0.38,50,within_sampled_range,IU,103,70.83333333333334,runs/yin_noise_matrix_20260926/results/r21vgg2k_vgg16_bn_aa_s42/faces_cfdWM64/houses_yin64/results.csv,IU
aa4,VGG2k / AA4,r21vgg2k_vgg16_bn_aa_s42,face_transfer,124,two_shared_ui,CFD WM64,Houses,0.35,0.38,50,within_sampled_range,IU,104,58.333333333333336,runs/yin_noise_matrix_20260926/results/r21vgg2k_vgg16_bn_aa_s42/faces_cfdWM64/houses_yin64/results.csv,IU
aa4,VGG2k / AA4,r21vgg2k_vgg16_bn_aa_s42,face_transfer,124,two_shared_ui,CFD WM64,Houses,0.35,0.38,50,within_sampled_range,IU,105,83.33333333333334,runs/yin_noise_matrix_20260926/results/r21vgg2k_vgg16_bn_aa_s42/faces_cfdWM64/houses_yin64/results.csv,IU
aa4,VGG2k / AA4,r21vgg2k_vgg16_bn_aa_s42,face_transfer,124,two_shared_ui,CFD WM64,Houses,0.35,0.38,50,within_sampled_range,IU,106,50.0,runs/yin_noise_matrix_20260926/results/r21vgg2k_vgg16_bn_aa_s42/faces_cfdWM64/houses_yin64/results.csv,IU
aa4,VGG2k / AA4,r21vgg2k_vgg16_bn_aa_s42,face_transfer,124,two_shared_ui,CFD WM64,Houses,0.35,0.38,50,within_sampled_range,IU,107,70.83333333333334,runs/yin_noise_matrix_20260926/results/r21vgg2k_vgg16_bn_aa_s42/faces_cfdWM64/houses_yin64/results.csv,IU
aa4,VGG2k / AA4,r21vgg2k_vgg16_bn_aa_s42,face_transfer,124,two_shared_ui,CFD WM64,Houses,0.35,0.38,50,within_sampled_range,IU,108,37.5,runs/yin_noise_matrix_20260926/results/r21vgg2k_vgg16_bn_aa_s42/faces_cfdWM64/houses_yin64/results.csv,IU
aa4,VGG2k / AA4,r21vgg2k_vgg16_bn_aa_s42,face_transfer,124,two_shared_ui,CFD WM64,Houses,0.35,0.38,50,within_sampled_range,IU,109,45.83333333333333,runs/yin_noise_matrix_20260926/results/r21vgg2k_vgg16_bn_aa_s42/faces_cfdWM64/houses_yin64/results.csv,IU
aa4,VGG2k / AA4,r21vgg2k_vgg16_bn_aa_s42,face_transfer,124,two_shared_ui,CFD WM64,Houses,0.35,0.38,50,within_sampled_range,IU,110,50.0,runs/yin_noise_matrix_20260926/results/r21vgg2k_vgg16_bn_aa_s42/faces_cfdWM64/houses_yin64/results.csv,IU
aa4,VGG2k / AA4,r21vgg2k_vgg16_bn_aa_s42,face_transfer,124,two_shared_ui,CFD WM64,Houses,0.35,0.38,50,within_sampled_range,IU,111,54.166666666666664,runs/yin_noise_matrix_20260926/results/r21vgg2k_vgg16_bn_aa_s42/faces_cfdWM64/houses_yin64/results.csv,IU
aa4,VGG2k / AA4,r21vgg2k_vgg16_bn_aa_s42,face_transfer,124,two_shared_ui,CFD WM64,Houses,0.35,0.38,50,within_sampled_range,IU,112,50.0,runs/yin_noise_matrix_20260926/results/r21vgg2k_vgg16_bn_aa_s42/faces_cfdWM64/houses_yin64/results.csv,IU
aa4,VGG2k / AA4,r21vgg2k_vgg16_bn_aa_s42,face_transfer,124,two_shared_ui,CFD WM64,Houses,0.35,0.38,50,within_sampled_range,IU,113,66.66666666666666,runs/yin_noise_matrix_20260926/results/r21vgg2k_vgg16_bn_aa_s42/faces_cfdWM64/houses_yin64/results.csv,IU
aa4,VGG2k / AA4,r21vgg2k_vgg16_bn_aa_s42,face_transfer,124,two_shared_ui,CFD WM64,Houses,0.35,0.38,50,within_sampled_range,IU,114,66.66666666666666,runs/yin_noise_matrix_20260926/results/r21vgg2k_vgg16_bn_aa_s42/faces_cfdWM64/houses_yin64/results.csv,IU
aa4,VGG2k / AA4,r21vgg2k_vgg16_bn_aa_s42,face_transfer,124,two_shared_ui,CFD WM64,Houses,0.35,0.38,50,within_sampled_range,IU,115,54.166666666666664,runs/yin_noise_matrix_20260926/results/r21vgg2k_vgg16_bn_aa_s42/faces_cfdWM64/houses_yin64/results.csv,IU
aa4,VGG2k / AA4,r21vgg2k_vgg16_bn_aa_s42,face_transfer,124,two_shared_ui,CFD WM64,Houses,0.35,0.38,50,within_sampled_range,IU,116,58.333333333333336,runs/yin_noise_matrix_20260926/results/r21vgg2k_vgg16_bn_aa_s42/faces_cfdWM64/houses_yin64/results.csv,IU
aa4,VGG2k / AA4,r21vgg2k_vgg16_bn_aa_s42,face_transfer,124,two_shared_ui,CFD WM64,Houses,0.35,0.38,50,within_sampled_range,IU,117,58.333333333333336,runs/yin_noise_matrix_20260926/results/r21vgg2k_vgg16_bn_aa_s42/faces_cfdWM64/houses_yin64/results.csv,IU
aa4,VGG2k / AA4,r21vgg2k_vgg16_bn_aa_s42,face_transfer,124,two_shared_ui,CFD WM64,Houses,0.35,0.38,50,within_sampled_range,IU,118,70.83333333333334,runs/yin_noise_matrix_20260926/results/r21vgg2k_vgg16_bn_aa_s42/faces_cfdWM64/houses_yin64/results.csv,IU
aa4,VGG2k / AA4,r21vgg2k_vgg16_bn_aa_s42,face_transfer,124,two_shared_ui,CFD WM64,Houses,0.35,0.38,50,within_sampled_range,IU,119,62.5,runs/yin_noise_matrix_20260926/results/r21vgg2k_vgg16_bn_aa_s42/faces_cfdWM64/houses_yin64/results.csv,IU
aa4,VGG2k / AA4,r21vgg2k_vgg16_bn_aa_s42,face_transfer,124,two_shared_ui,CFD WM64,Houses,0.35,0.38,50,within_sampled_range,IU,120,66.66666666666666,runs/yin_noise_matrix_20260926/results/r21vgg2k_vgg16_bn_aa_s42/faces_cfdWM64/houses_yin64/results.csv,IU
aa4,VGG2k / AA4,r21vgg2k_vgg16_bn_aa_s42,face_transfer,124,two_shared_ui,CFD WM64,Houses,0.35,0.38,50,within_sampled_range,IU,121,58.333333333333336,runs/yin_noise_matrix_20260926/results/r21vgg2k_vgg16_bn_aa_s42/faces_cfdWM64/houses_yin64/results.csv,IU
aa4,VGG2k / AA4,r21vgg2k_vgg16_bn_aa_s42,face_transfer,124,two_shared_ui,CFD WM64,Houses,0.35,0.38,50,within_sampled_range,IU,122,58.333333333333336,runs/yin_noise_matrix_20260926/results/r21vgg2k_vgg16_bn_aa_s42/faces_cfdWM64/houses_yin64/results.csv,IU
aa4,VGG2k / AA4,r21vgg2k_vgg16_bn_aa_s42,face_transfer,124,two_shared_ui,CFD WM64,Houses,0.35,0.38,50,within_sampled_range,IU,123,54.166666666666664,runs/yin_noise_matrix_20260926/results/r21vgg2k_vgg16_bn_aa_s42/faces_cfdWM64/houses_yin64/results.csv,IU
aa4,VGG2k / AA4,r21vgg2k_vgg16_bn_aa_s42,face_transfer,124,two_shared_ui,CFD WM64,Houses,0.35,0.38,50,within_sampled_range,IU,124,62.5,runs/yin_noise_matrix_20260926/results/r21vgg2k_vgg16_bn_aa_s42/faces_cfdWM64/houses_yin64/results.csv,IU
aa4,VGG2k / AA4,r21vgg2k_vgg16_bn_aa_s42,face_transfer,124,two_shared_ui,CFD WM64,Houses,0.35,0.38,50,within_sampled_range,IU,125,50.0,runs/yin_noise_matrix_20260926/results/r21vgg2k_vgg16_bn_aa_s42/faces_cfdWM64/houses_yin64/results.csv,IU
aa4,VGG2k / AA4,r21vgg2k_vgg16_bn_aa_s42,face_transfer,124,two_shared_ui,CFD WM64,Houses,0.35,0.38,50,within_sampled_range,IU,126,58.333333333333336,runs/yin_noise_matrix_20260926/results/r21vgg2k_vgg16_bn_aa_s42/faces_cfdWM64/houses_yin64/results.csv,IU
aa4,VGG2k / AA4,r21vgg2k_vgg16_bn_aa_s42,face_transfer,124,two_shared_ui,CFD WM64,Houses,0.35,0.38,50,within_sampled_range,IU,127,58.333333333333336,runs/yin_noise_matrix_20260926/results/r21vgg2k_vgg16_bn_aa_s42/faces_cfdWM64/houses_yin64/results.csv,IU
aa4,VGG2k / AA4,r21vgg2k_vgg16_bn_aa_s42,face_transfer,124,two_shared_ui,CFD WM64,Houses,0.35,0.38,50,within_sampled_range,IU,128,79.16666666666666,runs/yin_noise_matrix_20260926/results/r21vgg2k_vgg16_bn_aa_s42/faces_cfdWM64/houses_yin64/results.csv,IU
aa4,VGG2k / AA4,r21vgg2k_vgg16_bn_aa_s42,face_transfer,124,two_shared_ui,CFD WM64,Houses,0.35,0.38,50,within_sampled_range,IU,129,66.66666666666666,runs/yin_noise_matrix_20260926/results/r21vgg2k_vgg16_bn_aa_s42/faces_cfdWM64/houses_yin64/results.csv,IU
aa4,VGG2k / AA4,r21vgg2k_vgg16_bn_aa_s42,face_transfer,124,two_shared_ui,CFD WM64,Houses,0.35,0.38,50,within_sampled_range,IU,130,54.166666666666664,runs/yin_noise_matrix_20260926/results/r21vgg2k_vgg16_bn_aa_s42/faces_cfdWM64/houses_yin64/results.csv,IU
aa4,VGG2k / AA4,r21vgg2k_vgg16_bn_aa_s42,face_transfer,124,two_shared_ui,CFD WM64,Houses,0.35,0.38,50,within_sampled_range,IU,131,58.333333333333336,runs/yin_noise_matrix_20260926/results/r21vgg2k_vgg16_bn_aa_s42/faces_cfdWM64/houses_yin64/results.csv,IU
aa4,VGG2k / AA4,r21vgg2k_vgg16_bn_aa_s42,face_transfer,124,two_shared_ui,CFD WM64,Houses,0.35,0.38,50,within_sampled_range,IU,132,66.66666666666666,runs/yin_noise_matrix_20260926/results/r21vgg2k_vgg16_bn_aa_s42/faces_cfdWM64/houses_yin64/results.csv,IU
aa4,VGG2k / AA4,r21vgg2k_vgg16_bn_aa_s42,face_transfer,124,two_shared_ui,CFD WM64,Houses,0.35,0.38,50,within_sampled_range,IU,133,75.0,runs/yin_noise_matrix_20260926/results/r21vgg2k_vgg16_bn_aa_s42/faces_cfdWM64/houses_yin64/results.csv,IU
aa4,VGG2k / AA4,r21vgg2k_vgg16_bn_aa_s42,face_transfer,124,two_shared_ui,CFD WM64,Houses,0.35,0.38,50,within_sampled_range,IU,134,58.333333333333336,runs/yin_noise_matrix_20260926/results/r21vgg2k_vgg16_bn_aa_s42/faces_cfdWM64/houses_yin64/results.csv,IU
aa4,VGG2k / AA4,r21vgg2k_vgg16_bn_aa_s42,face_transfer,124,two_shared_ui,CFD WM64,Houses,0.35,0.38,50,within_sampled_range,IU,135,50.0,runs/yin_noise_matrix_20260926/results/r21vgg2k_vgg16_bn_aa_s42/faces_cfdWM64/houses_yin64/results.csv,IU
aa4,VGG2k / AA4,r21vgg2k_vgg16_bn_aa_s42,face_transfer,124,two_shared_ui,CFD WM64,Houses,0.35,0.38,50,within_sampled_range,IU,136,62.5,runs/yin_noise_matrix_20260926/results/r21vgg2k_vgg16_bn_aa_s42/faces_cfdWM64/houses_yin64/results.csv,IU
aa4,VGG2k / AA4,r21vgg2k_vgg16_bn_aa_s42,face_transfer,124,two_shared_ui,CFD WM64,Houses,0.35,0.38,50,within_sampled_range,IU,137,62.5,runs/yin_noise_matrix_20260926/results/r21vgg2k_vgg16_bn_aa_s42/faces_cfdWM64/houses_yin64/results.csv,IU
aa4,VGG2k / AA4,r21vgg2k_vgg16_bn_aa_s42,face_transfer,124,two_shared_ui,CFD WM64,Houses,0.35,0.38,50,within_sampled_range,IU,138,62.5,runs/yin_noise_matrix_20260926/results/r21vgg2k_vgg16_bn_aa_s42/faces_cfdWM64/houses_yin64/results.csv,IU
aa4,VGG2k / AA4,r21vgg2k_vgg16_bn_aa_s42,face_transfer,124,two_shared_ui,CFD WM64,Houses,0.35,0.38,50,within_sampled_range,IU,139,54.166666666666664,runs/yin_noise_matrix_20260926/results/r21vgg2k_vgg16_bn_aa_s42/faces_cfdWM64/houses_yin64/results.csv,IU
aa4,VGG2k / AA4,r21vgg2k_vgg16_bn_aa_s42,face_transfer,124,two_shared_ui,CFD WM64,Houses,0.35,0.38,50,within_sampled_range,IU,140,54.166666666666664,runs/yin_noise_matrix_20260926/results/r21vgg2k_vgg16_bn_aa_s42/faces_cfdWM64/houses_yin64/results.csv,IU
aa4,VGG2k / AA4,r21vgg2k_vgg16_bn_aa_s42,face_transfer,124,two_shared_ui,CFD WM64,Houses,0.35,0.38,50,within_sampled_range,IU,141,45.83333333333333,runs/yin_noise_matrix_20260926/results/r21vgg2k_vgg16_bn_aa_s42/faces_cfdWM64/houses_yin64/results.csv,IU
aa4,VGG2k / AA4,r21vgg2k_vgg16_bn_aa_s42,face_transfer,124,two_shared_ui,CFD WM64,Houses,0.35,0.38,50,within_sampled_range,IU,142,54.166666666666664,runs/yin_noise_matrix_20260926/results/r21vgg2k_vgg16_bn_aa_s42/faces_cfdWM64/houses_yin64/results.csv,IU
aa4,VGG2k / AA4,r21vgg2k_vgg16_bn_aa_s42,face_transfer,124,two_shared_ui,CFD WM64,Houses,0.35,0.38,50,within_sampled_range,IU,143,58.333333333333336,runs/yin_noise_matrix_20260926/results/r21vgg2k_vgg16_bn_aa_s42/faces_cfdWM64/houses_yin64/results.csv,IU
aa4,VGG2k / AA4,r21vgg2k_vgg16_bn_aa_s42,face_transfer,124,two_shared_ui,CFD WM64,Houses,0.35,0.38,50,within_sampled_range,IU,144,54.166666666666664,runs/yin_noise_matrix_20260926/results/r21vgg2k_vgg16_bn_aa_s42/faces_cfdWM64/houses_yin64/results.csv,IU
aa4,VGG2k / AA4,r21vgg2k_vgg16_bn_aa_s42,face_transfer,124,two_shared_ui,CFD WM64,Houses,0.35,0.38,50,within_sampled_range,IU,145,54.166666666666664,runs/yin_noise_matrix_20260926/results/r21vgg2k_vgg16_bn_aa_s42/faces_cfdWM64/houses_yin64/results.csv,IU
aa4,VGG2k / AA4,r21vgg2k_vgg16_bn_aa_s42,face_transfer,124,two_shared_ui,CFD WM64,Houses,0.35,0.38,50,within_sampled_range,IU,146,62.5,runs/yin_noise_matrix_20260926/results/r21vgg2k_vgg16_bn_aa_s42/faces_cfdWM64/houses_yin64/results.csv,IU
aa4,VGG2k / AA4,r21vgg2k_vgg16_bn_aa_s42,face_transfer,124,two_shared_ui,CFD WM64,Houses,0.35,0.38,50,within_sampled_range,IU,147,54.166666666666664,runs/yin_noise_matrix_20260926/results/r21vgg2k_vgg16_bn_aa_s42/faces_cfdWM64/houses_yin64/results.csv,IU
aa4,VGG2k / AA4,r21vgg2k_vgg16_bn_aa_s42,face_transfer,124,two_shared_ui,CFD WM64,Houses,0.35,0.38,50,within_sampled_range,IU,148,62.5,runs/yin_noise_matrix_20260926/results/r21vgg2k_vgg16_bn_aa_s42/faces_cfdWM64/houses_yin64/results.csv,IU
aa4,VGG2k / AA4,r21vgg2k_vgg16_bn_aa_s42,face_transfer,124,two_shared_ui,CFD WM64,Houses,0.35,0.38,50,within_sampled_range,IU,149,54.166666666666664,runs/yin_noise_matrix_20260926/results/r21vgg2k_vgg16_bn_aa_s42/faces_cfdWM64/houses_yin64/results.csv,IU
aa4,VGG2k / AA4,r21vgg2k_vgg16_bn_aa_s42,face_transfer,124,two_shared_ui,CFD WM64,Houses,0.35,0.38,50,within_sampled_range,IU,150,62.5,runs/yin_noise_matrix_20260926/results/r21vgg2k_vgg16_bn_aa_s42/faces_cfdWM64/houses_yin64/results.csv,IU
aa4,VGG2k / AA4,r21vgg2k_vgg16_bn_aa_s42,category_calibration,124,single_uu,Objects,Objects,0.4,,50,within_sampled_range,UU,101,66.66666666666666,runs/yin_category_uu_20260926/results/r21vgg2k_vgg16_bn_aa_s42/objects/results.csv,UU
aa4,VGG2k / AA4,r21vgg2k_vgg16_bn_aa_s42,category_calibration,124,single_uu,Objects,Objects,0.4,,50,within_sampled_range,UU,102,75.0,runs/yin_category_uu_20260926/results/r21vgg2k_vgg16_bn_aa_s42/objects/results.csv,UU
aa4,VGG2k / AA4,r21vgg2k_vgg16_bn_aa_s42,category_calibration,124,single_uu,Objects,Objects,0.4,,50,within_sampled_range,UU,103,79.16666666666666,runs/yin_category_uu_20260926/results/r21vgg2k_vgg16_bn_aa_s42/objects/results.csv,UU
aa4,VGG2k / AA4,r21vgg2k_vgg16_bn_aa_s42,category_calibration,124,single_uu,Objects,Objects,0.4,,50,within_sampled_range,UU,104,91.66666666666666,runs/yin_category_uu_20260926/results/r21vgg2k_vgg16_bn_aa_s42/objects/results.csv,UU
aa4,VGG2k / AA4,r21vgg2k_vgg16_bn_aa_s42,category_calibration,124,single_uu,Objects,Objects,0.4,,50,within_sampled_range,UU,105,70.83333333333334,runs/yin_category_uu_20260926/results/r21vgg2k_vgg16_bn_aa_s42/objects/results.csv,UU
aa4,VGG2k / AA4,r21vgg2k_vgg16_bn_aa_s42,category_calibration,124,single_uu,Objects,Objects,0.4,,50,within_sampled_range,UU,106,91.66666666666666,runs/yin_category_uu_20260926/results/r21vgg2k_vgg16_bn_aa_s42/objects/results.csv,UU
aa4,VGG2k / AA4,r21vgg2k_vgg16_bn_aa_s42,category_calibration,124,single_uu,Objects,Objects,0.4,,50,within_sampled_range,UU,107,91.66666666666666,runs/yin_category_uu_20260926/results/r21vgg2k_vgg16_bn_aa_s42/objects/results.csv,UU
aa4,VGG2k / AA4,r21vgg2k_vgg16_bn_aa_s42,category_calibration,124,single_uu,Objects,Objects,0.4,,50,within_sampled_range,UU,108,95.83333333333334,runs/yin_category_uu_20260926/results/r21vgg2k_vgg16_bn_aa_s42/objects/results.csv,UU
aa4,VGG2k / AA4,r21vgg2k_vgg16_bn_aa_s42,category_calibration,124,single_uu,Objects,Objects,0.4,,50,within_sampled_range,UU,109,79.16666666666666,runs/yin_category_uu_20260926/results/r21vgg2k_vgg16_bn_aa_s42/objects/results.csv,UU
aa4,VGG2k / AA4,r21vgg2k_vgg16_bn_aa_s42,category_calibration,124,single_uu,Objects,Objects,0.4,,50,within_sampled_range,UU,110,87.5,runs/yin_category_uu_20260926/results/r21vgg2k_vgg16_bn_aa_s42/objects/results.csv,UU
aa4,VGG2k / AA4,r21vgg2k_vgg16_bn_aa_s42,category_calibration,124,single_uu,Objects,Objects,0.4,,50,within_sampled_range,UU,111,95.83333333333334,runs/yin_category_uu_20260926/results/r21vgg2k_vgg16_bn_aa_s42/objects/results.csv,UU
aa4,VGG2k / AA4,r21vgg2k_vgg16_bn_aa_s42,category_calibration,124,single_uu,Objects,Objects,0.4,,50,within_sampled_range,UU,112,83.33333333333334,runs/yin_category_uu_20260926/results/r21vgg2k_vgg16_bn_aa_s42/objects/results.csv,UU
aa4,VGG2k / AA4,r21vgg2k_vgg16_bn_aa_s42,category_calibration,124,single_uu,Objects,Objects,0.4,,50,within_sampled_range,UU,113,87.5,runs/yin_category_uu_20260926/results/r21vgg2k_vgg16_bn_aa_s42/objects/results.csv,UU
aa4,VGG2k / AA4,r21vgg2k_vgg16_bn_aa_s42,category_calibration,124,single_uu,Objects,Objects,0.4,,50,within_sampled_range,UU,114,79.16666666666666,runs/yin_category_uu_20260926/results/r21vgg2k_vgg16_bn_aa_s42/objects/results.csv,UU
aa4,VGG2k / AA4,r21vgg2k_vgg16_bn_aa_s42,category_calibration,124,single_uu,Objects,Objects,0.4,,50,within_sampled_range,UU,115,79.16666666666666,runs/yin_category_uu_20260926/results/r21vgg2k_vgg16_bn_aa_s42/objects/results.csv,UU
aa4,VGG2k / AA4,r21vgg2k_vgg16_bn_aa_s42,category_calibration,124,single_uu,Objects,Objects,0.4,,50,within_sampled_range,UU,116,83.33333333333334,runs/yin_category_uu_20260926/results/r21vgg2k_vgg16_bn_aa_s42/objects/results.csv,UU
aa4,VGG2k / AA4,r21vgg2k_vgg16_bn_aa_s42,category_calibration,124,single_uu,Objects,Objects,0.4,,50,within_sampled_range,UU,117,91.66666666666666,runs/yin_category_uu_20260926/results/r21vgg2k_vgg16_bn_aa_s42/objects/results.csv,UU
aa4,VGG2k / AA4,r21vgg2k_vgg16_bn_aa_s42,category_calibration,124,single_uu,Objects,Objects,0.4,,50,within_sampled_range,UU,118,87.5,runs/yin_category_uu_20260926/results/r21vgg2k_vgg16_bn_aa_s42/objects/results.csv,UU
aa4,VGG2k / AA4,r21vgg2k_vgg16_bn_aa_s42,category_calibration,124,single_uu,Objects,Objects,0.4,,50,within_sampled_range,UU,119,87.5,runs/yin_category_uu_20260926/results/r21vgg2k_vgg16_bn_aa_s42/objects/results.csv,UU
aa4,VGG2k / AA4,r21vgg2k_vgg16_bn_aa_s42,category_calibration,124,single_uu,Objects,Objects,0.4,,50,within_sampled_range,UU,120,75.0,runs/yin_category_uu_20260926/results/r21vgg2k_vgg16_bn_aa_s42/objects/results.csv,UU
aa4,VGG2k / AA4,r21vgg2k_vgg16_bn_aa_s42,category_calibration,124,single_uu,Objects,Objects,0.4,,50,within_sampled_range,UU,121,79.16666666666666,runs/yin_category_uu_20260926/results/r21vgg2k_vgg16_bn_aa_s42/objects/results.csv,UU
aa4,VGG2k / AA4,r21vgg2k_vgg16_bn_aa_s42,category_calibration,124,single_uu,Objects,Objects,0.4,,50,within_sampled_range,UU,122,87.5,runs/yin_category_uu_20260926/results/r21vgg2k_vgg16_bn_aa_s42/objects/results.csv,UU
aa4,VGG2k / AA4,r21vgg2k_vgg16_bn_aa_s42,category_calibration,124,single_uu,Objects,Objects,0.4,,50,within_sampled_range,UU,123,79.16666666666666,runs/yin_category_uu_20260926/results/r21vgg2k_vgg16_bn_aa_s42/objects/results.csv,UU
aa4,VGG2k / AA4,r21vgg2k_vgg16_bn_aa_s42,category_calibration,124,single_uu,Objects,Objects,0.4,,50,within_sampled_range,UU,124,91.66666666666666,runs/yin_category_uu_20260926/results/r21vgg2k_vgg16_bn_aa_s42/objects/results.csv,UU
aa4,VGG2k / AA4,r21vgg2k_vgg16_bn_aa_s42,category_calibration,124,single_uu,Objects,Objects,0.4,,50,within_sampled_range,UU,125,83.33333333333334,runs/yin_category_uu_20260926/results/r21vgg2k_vgg16_bn_aa_s42/objects/results.csv,UU
aa4,VGG2k / AA4,r21vgg2k_vgg16_bn_aa_s42,category_calibration,124,single_uu,Objects,Objects,0.4,,50,within_sampled_range,UU,126,95.83333333333334,runs/yin_category_uu_20260926/results/r21vgg2k_vgg16_bn_aa_s42/objects/results.csv,UU
aa4,VGG2k / AA4,r21vgg2k_vgg16_bn_aa_s42,category_calibration,124,single_uu,Objects,Objects,0.4,,50,within_sampled_range,UU,127,87.5,runs/yin_category_uu_20260926/results/r21vgg2k_vgg16_bn_aa_s42/objects/results.csv,UU
aa4,VGG2k / AA4,r21vgg2k_vgg16_bn_aa_s42,category_calibration,124,single_uu,Objects,Objects,0.4,,50,within_sampled_range,UU,128,100.0,runs/yin_category_uu_20260926/results/r21vgg2k_vgg16_bn_aa_s42/objects/results.csv,UU
aa4,VGG2k / AA4,r21vgg2k_vgg16_bn_aa_s42,category_calibration,124,single_uu,Objects,Objects,0.4,,50,within_sampled_range,UU,129,87.5,runs/yin_category_uu_20260926/results/r21vgg2k_vgg16_bn_aa_s42/objects/results.csv,UU
aa4,VGG2k / AA4,r21vgg2k_vgg16_bn_aa_s42,category_calibration,124,single_uu,Objects,Objects,0.4,,50,within_sampled_range,UU,130,91.66666666666666,runs/yin_category_uu_20260926/results/r21vgg2k_vgg16_bn_aa_s42/objects/results.csv,UU
aa4,VGG2k / AA4,r21vgg2k_vgg16_bn_aa_s42,category_calibration,124,single_uu,Objects,Objects,0.4,,50,within_sampled_range,UU,131,87.5,runs/yin_category_uu_20260926/results/r21vgg2k_vgg16_bn_aa_s42/objects/results.csv,UU
aa4,VGG2k / AA4,r21vgg2k_vgg16_bn_aa_s42,category_calibration,124,single_uu,Objects,Objects,0.4,,50,within_sampled_range,UU,132,91.66666666666666,runs/yin_category_uu_20260926/results/r21vgg2k_vgg16_bn_aa_s42/objects/results.csv,UU
aa4,VGG2k / AA4,r21vgg2k_vgg16_bn_aa_s42,category_calibration,124,single_uu,Objects,Objects,0.4,,50,within_sampled_range,UU,133,79.16666666666666,runs/yin_category_uu_20260926/results/r21vgg2k_vgg16_bn_aa_s42/objects/results.csv,UU
aa4,VGG2k / AA4,r21vgg2k_vgg16_bn_aa_s42,category_calibration,124,single_uu,Objects,Objects,0.4,,50,within_sampled_range,UU,134,91.66666666666666,runs/yin_category_uu_20260926/results/r21vgg2k_vgg16_bn_aa_s42/objects/results.csv,UU
aa4,VGG2k / AA4,r21vgg2k_vgg16_bn_aa_s42,category_calibration,124,single_uu,Objects,Objects,0.4,,50,within_sampled_range,UU,135,87.5,runs/yin_category_uu_20260926/results/r21vgg2k_vgg16_bn_aa_s42/objects/results.csv,UU
aa4,VGG2k / AA4,r21vgg2k_vgg16_bn_aa_s42,category_calibration,124,single_uu,Objects,Objects,0.4,,50,within_sampled_range,UU,136,79.16666666666666,runs/yin_category_uu_20260926/results/r21vgg2k_vgg16_bn_aa_s42/objects/results.csv,UU
aa4,VGG2k / AA4,r21vgg2k_vgg16_bn_aa_s42,category_calibration,124,single_uu,Objects,Objects,0.4,,50,within_sampled_range,UU,137,83.33333333333334,runs/yin_category_uu_20260926/results/r21vgg2k_vgg16_bn_aa_s42/objects/results.csv,UU
aa4,VGG2k / AA4,r21vgg2k_vgg16_bn_aa_s42,category_calibration,124,single_uu,Objects,Objects,0.4,,50,within_sampled_range,UU,138,75.0,runs/yin_category_uu_20260926/results/r21vgg2k_vgg16_bn_aa_s42/objects/results.csv,UU
aa4,VGG2k / AA4,r21vgg2k_vgg16_bn_aa_s42,category_calibration,124,single_uu,Objects,Objects,0.4,,50,within_sampled_range,UU,139,87.5,runs/yin_category_uu_20260926/results/r21vgg2k_vgg16_bn_aa_s42/objects/results.csv,UU
aa4,VGG2k / AA4,r21vgg2k_vgg16_bn_aa_s42,category_calibration,124,single_uu,Objects,Objects,0.4,,50,within_sampled_range,UU,140,95.83333333333334,runs/yin_category_uu_20260926/results/r21vgg2k_vgg16_bn_aa_s42/objects/results.csv,UU
aa4,VGG2k / AA4,r21vgg2k_vgg16_bn_aa_s42,category_calibration,124,single_uu,Objects,Objects,0.4,,50,within_sampled_range,UU,141,79.16666666666666,runs/yin_category_uu_20260926/results/r21vgg2k_vgg16_bn_aa_s42/objects/results.csv,UU
aa4,VGG2k / AA4,r21vgg2k_vgg16_bn_aa_s42,category_calibration,124,single_uu,Objects,Objects,0.4,,50,within_sampled_range,UU,142,83.33333333333334,runs/yin_category_uu_20260926/results/r21vgg2k_vgg16_bn_aa_s42/objects/results.csv,UU
aa4,VGG2k / AA4,r21vgg2k_vgg16_bn_aa_s42,category_calibration,124,single_uu,Objects,Objects,0.4,,50,within_sampled_range,UU,143,91.66666666666666,runs/yin_category_uu_20260926/results/r21vgg2k_vgg16_bn_aa_s42/objects/results.csv,UU
aa4,VGG2k / AA4,r21vgg2k_vgg16_bn_aa_s42,category_calibration,124,single_uu,Objects,Objects,0.4,,50,within_sampled_range,UU,144,83.33333333333334,runs/yin_category_uu_20260926/results/r21vgg2k_vgg16_bn_aa_s42/objects/results.csv,UU
aa4,VGG2k / AA4,r21vgg2k_vgg16_bn_aa_s42,category_calibration,124,single_uu,Objects,Objects,0.4,,50,within_sampled_range,UU,145,79.16666666666666,runs/yin_category_uu_20260926/results/r21vgg2k_vgg16_bn_aa_s42/objects/results.csv,UU
aa4,VGG2k / AA4,r21vgg2k_vgg16_bn_aa_s42,category_calibration,124,single_uu,Objects,Objects,0.4,,50,within_sampled_range,UU,146,83.33333333333334,runs/yin_category_uu_20260926/results/r21vgg2k_vgg16_bn_aa_s42/objects/results.csv,UU
aa4,VGG2k / AA4,r21vgg2k_vgg16_bn_aa_s42,category_calibration,124,single_uu,Objects,Objects,0.4,,50,within_sampled_range,UU,147,91.66666666666666,runs/yin_category_uu_20260926/results/r21vgg2k_vgg16_bn_aa_s42/objects/results.csv,UU
aa4,VGG2k / AA4,r21vgg2k_vgg16_bn_aa_s42,category_calibration,124,single_uu,Objects,Objects,0.4,,50,within_sampled_range,UU,148,87.5,runs/yin_category_uu_20260926/results/r21vgg2k_vgg16_bn_aa_s42/objects/results.csv,UU
aa4,VGG2k / AA4,r21vgg2k_vgg16_bn_aa_s42,category_calibration,124,single_uu,Objects,Objects,0.4,,50,within_sampled_range,UU,149,95.83333333333334,runs/yin_category_uu_20260926/results/r21vgg2k_vgg16_bn_aa_s42/objects/results.csv,UU
aa4,VGG2k / AA4,r21vgg2k_vgg16_bn_aa_s42,category_calibration,124,single_uu,Objects,Objects,0.4,,50,within_sampled_range,UU,150,91.66666666666666,runs/yin_category_uu_20260926/results/r21vgg2k_vgg16_bn_aa_s42/objects/results.csv,UU
aa4,VGG2k / AA4,r21vgg2k_vgg16_bn_aa_s42,category_calibration,124,single_uu,Objects,Objects,0.4,,50,within_sampled_range,II,101,91.66666666666666,runs/yin_category_uu_20260926/results/r21vgg2k_vgg16_bn_aa_s42/objects/results.csv,II
aa4,VGG2k / AA4,r21vgg2k_vgg16_bn_aa_s42,category_calibration,124,single_uu,Objects,Objects,0.4,,50,within_sampled_range,II,102,91.66666666666666,runs/yin_category_uu_20260926/results/r21vgg2k_vgg16_bn_aa_s42/objects/results.csv,II
aa4,VGG2k / AA4,r21vgg2k_vgg16_bn_aa_s42,category_calibration,124,single_uu,Objects,Objects,0.4,,50,within_sampled_range,II,103,91.66666666666666,runs/yin_category_uu_20260926/results/r21vgg2k_vgg16_bn_aa_s42/objects/results.csv,II
aa4,VGG2k / AA4,r21vgg2k_vgg16_bn_aa_s42,category_calibration,124,single_uu,Objects,Objects,0.4,,50,within_sampled_range,II,104,87.5,runs/yin_category_uu_20260926/results/r21vgg2k_vgg16_bn_aa_s42/objects/results.csv,II
aa4,VGG2k / AA4,r21vgg2k_vgg16_bn_aa_s42,category_calibration,124,single_uu,Objects,Objects,0.4,,50,within_sampled_range,II,105,83.33333333333334,runs/yin_category_uu_20260926/results/r21vgg2k_vgg16_bn_aa_s42/objects/results.csv,II
aa4,VGG2k / AA4,r21vgg2k_vgg16_bn_aa_s42,category_calibration,124,single_uu,Objects,Objects,0.4,,50,within_sampled_range,II,106,91.66666666666666,runs/yin_category_uu_20260926/results/r21vgg2k_vgg16_bn_aa_s42/objects/results.csv,II
aa4,VGG2k / AA4,r21vgg2k_vgg16_bn_aa_s42,category_calibration,124,single_uu,Objects,Objects,0.4,,50,within_sampled_range,II,107,87.5,runs/yin_category_uu_20260926/results/r21vgg2k_vgg16_bn_aa_s42/objects/results.csv,II
aa4,VGG2k / AA4,r21vgg2k_vgg16_bn_aa_s42,category_calibration,124,single_uu,Objects,Objects,0.4,,50,within_sampled_range,II,108,87.5,runs/yin_category_uu_20260926/results/r21vgg2k_vgg16_bn_aa_s42/objects/results.csv,II
aa4,VGG2k / AA4,r21vgg2k_vgg16_bn_aa_s42,category_calibration,124,single_uu,Objects,Objects,0.4,,50,within_sampled_range,II,109,79.16666666666666,runs/yin_category_uu_20260926/results/r21vgg2k_vgg16_bn_aa_s42/objects/results.csv,II
aa4,VGG2k / AA4,r21vgg2k_vgg16_bn_aa_s42,category_calibration,124,single_uu,Objects,Objects,0.4,,50,within_sampled_range,II,110,75.0,runs/yin_category_uu_20260926/results/r21vgg2k_vgg16_bn_aa_s42/objects/results.csv,II
aa4,VGG2k / AA4,r21vgg2k_vgg16_bn_aa_s42,category_calibration,124,single_uu,Objects,Objects,0.4,,50,within_sampled_range,II,111,79.16666666666666,runs/yin_category_uu_20260926/results/r21vgg2k_vgg16_bn_aa_s42/objects/results.csv,II
aa4,VGG2k / AA4,r21vgg2k_vgg16_bn_aa_s42,category_calibration,124,single_uu,Objects,Objects,0.4,,50,within_sampled_range,II,112,83.33333333333334,runs/yin_category_uu_20260926/results/r21vgg2k_vgg16_bn_aa_s42/objects/results.csv,II
aa4,VGG2k / AA4,r21vgg2k_vgg16_bn_aa_s42,category_calibration,124,single_uu,Objects,Objects,0.4,,50,within_sampled_range,II,113,75.0,runs/yin_category_uu_20260926/results/r21vgg2k_vgg16_bn_aa_s42/objects/results.csv,II
aa4,VGG2k / AA4,r21vgg2k_vgg16_bn_aa_s42,category_calibration,124,single_uu,Objects,Objects,0.4,,50,within_sampled_range,II,114,91.66666666666666,runs/yin_category_uu_20260926/results/r21vgg2k_vgg16_bn_aa_s42/objects/results.csv,II
aa4,VGG2k / AA4,r21vgg2k_vgg16_bn_aa_s42,category_calibration,124,single_uu,Objects,Objects,0.4,,50,within_sampled_range,II,115,83.33333333333334,runs/yin_category_uu_20260926/results/r21vgg2k_vgg16_bn_aa_s42/objects/results.csv,II
aa4,VGG2k / AA4,r21vgg2k_vgg16_bn_aa_s42,category_calibration,124,single_uu,Objects,Objects,0.4,,50,within_sampled_range,II,116,95.83333333333334,runs/yin_category_uu_20260926/results/r21vgg2k_vgg16_bn_aa_s42/objects/results.csv,II
aa4,VGG2k / AA4,r21vgg2k_vgg16_bn_aa_s42,category_calibration,124,single_uu,Objects,Objects,0.4,,50,within_sampled_range,II,117,91.66666666666666,runs/yin_category_uu_20260926/results/r21vgg2k_vgg16_bn_aa_s42/objects/results.csv,II
aa4,VGG2k / AA4,r21vgg2k_vgg16_bn_aa_s42,category_calibration,124,single_uu,Objects,Objects,0.4,,50,within_sampled_range,II,118,91.66666666666666,runs/yin_category_uu_20260926/results/r21vgg2k_vgg16_bn_aa_s42/objects/results.csv,II
aa4,VGG2k / AA4,r21vgg2k_vgg16_bn_aa_s42,category_calibration,124,single_uu,Objects,Objects,0.4,,50,within_sampled_range,II,119,87.5,runs/yin_category_uu_20260926/results/r21vgg2k_vgg16_bn_aa_s42/objects/results.csv,II
aa4,VGG2k / AA4,r21vgg2k_vgg16_bn_aa_s42,category_calibration,124,single_uu,Objects,Objects,0.4,,50,within_sampled_range,II,120,83.33333333333334,runs/yin_category_uu_20260926/results/r21vgg2k_vgg16_bn_aa_s42/objects/results.csv,II
aa4,VGG2k / AA4,r21vgg2k_vgg16_bn_aa_s42,category_calibration,124,single_uu,Objects,Objects,0.4,,50,within_sampled_range,II,121,83.33333333333334,runs/yin_category_uu_20260926/results/r21vgg2k_vgg16_bn_aa_s42/objects/results.csv,II
aa4,VGG2k / AA4,r21vgg2k_vgg16_bn_aa_s42,category_calibration,124,single_uu,Objects,Objects,0.4,,50,within_sampled_range,II,122,87.5,runs/yin_category_uu_20260926/results/r21vgg2k_vgg16_bn_aa_s42/objects/results.csv,II
aa4,VGG2k / AA4,r21vgg2k_vgg16_bn_aa_s42,category_calibration,124,single_uu,Objects,Objects,0.4,,50,within_sampled_range,II,123,95.83333333333334,runs/yin_category_uu_20260926/results/r21vgg2k_vgg16_bn_aa_s42/objects/results.csv,II
aa4,VGG2k / AA4,r21vgg2k_vgg16_bn_aa_s42,category_calibration,124,single_uu,Objects,Objects,0.4,,50,within_sampled_range,II,124,83.33333333333334,runs/yin_category_uu_20260926/results/r21vgg2k_vgg16_bn_aa_s42/objects/results.csv,II
aa4,VGG2k / AA4,r21vgg2k_vgg16_bn_aa_s42,category_calibration,124,single_uu,Objects,Objects,0.4,,50,within_sampled_range,II,125,95.83333333333334,runs/yin_category_uu_20260926/results/r21vgg2k_vgg16_bn_aa_s42/objects/results.csv,II
aa4,VGG2k / AA4,r21vgg2k_vgg16_bn_aa_s42,category_calibration,124,single_uu,Objects,Objects,0.4,,50,within_sampled_range,II,126,91.66666666666666,runs/yin_category_uu_20260926/results/r21vgg2k_vgg16_bn_aa_s42/objects/results.csv,II
aa4,VGG2k / AA4,r21vgg2k_vgg16_bn_aa_s42,category_calibration,124,single_uu,Objects,Objects,0.4,,50,within_sampled_range,II,127,87.5,runs/yin_category_uu_20260926/results/r21vgg2k_vgg16_bn_aa_s42/objects/results.csv,II
aa4,VGG2k / AA4,r21vgg2k_vgg16_bn_aa_s42,category_calibration,124,single_uu,Objects,Objects,0.4,,50,within_sampled_range,II,128,83.33333333333334,runs/yin_category_uu_20260926/results/r21vgg2k_vgg16_bn_aa_s42/objects/results.csv,II
aa4,VGG2k / AA4,r21vgg2k_vgg16_bn_aa_s42,category_calibration,124,single_uu,Objects,Objects,0.4,,50,within_sampled_range,II,129,83.33333333333334,runs/yin_category_uu_20260926/results/r21vgg2k_vgg16_bn_aa_s42/objects/results.csv,II
aa4,VGG2k / AA4,r21vgg2k_vgg16_bn_aa_s42,category_calibration,124,single_uu,Objects,Objects,0.4,,50,within_sampled_range,II,130,91.66666666666666,runs/yin_category_uu_20260926/results/r21vgg2k_vgg16_bn_aa_s42/objects/results.csv,II
aa4,VGG2k / AA4,r21vgg2k_vgg16_bn_aa_s42,category_calibration,124,single_uu,Objects,Objects,0.4,,50,within_sampled_range,II,131,87.5,runs/yin_category_uu_20260926/results/r21vgg2k_vgg16_bn_aa_s42/objects/results.csv,II
aa4,VGG2k / AA4,r21vgg2k_vgg16_bn_aa_s42,category_calibration,124,single_uu,Objects,Objects,0.4,,50,within_sampled_range,II,132,87.5,runs/yin_category_uu_20260926/results/r21vgg2k_vgg16_bn_aa_s42/objects/results.csv,II
aa4,VGG2k / AA4,r21vgg2k_vgg16_bn_aa_s42,category_calibration,124,single_uu,Objects,Objects,0.4,,50,within_sampled_range,II,133,70.83333333333334,runs/yin_category_uu_20260926/results/r21vgg2k_vgg16_bn_aa_s42/objects/results.csv,II
aa4,VGG2k / AA4,r21vgg2k_vgg16_bn_aa_s42,category_calibration,124,single_uu,Objects,Objects,0.4,,50,within_sampled_range,II,134,87.5,runs/yin_category_uu_20260926/results/r21vgg2k_vgg16_bn_aa_s42/objects/results.csv,II
aa4,VGG2k / AA4,r21vgg2k_vgg16_bn_aa_s42,category_calibration,124,single_uu,Objects,Objects,0.4,,50,within_sampled_range,II,135,87.5,runs/yin_category_uu_20260926/results/r21vgg2k_vgg16_bn_aa_s42/objects/results.csv,II
aa4,VGG2k / AA4,r21vgg2k_vgg16_bn_aa_s42,category_calibration,124,single_uu,Objects,Objects,0.4,,50,within_sampled_range,II,136,95.83333333333334,runs/yin_category_uu_20260926/results/r21vgg2k_vgg16_bn_aa_s42/objects/results.csv,II
aa4,VGG2k / AA4,r21vgg2k_vgg16_bn_aa_s42,category_calibration,124,single_uu,Objects,Objects,0.4,,50,within_sampled_range,II,137,83.33333333333334,runs/yin_category_uu_20260926/results/r21vgg2k_vgg16_bn_aa_s42/objects/results.csv,II
aa4,VGG2k / AA4,r21vgg2k_vgg16_bn_aa_s42,category_calibration,124,single_uu,Objects,Objects,0.4,,50,within_sampled_range,II,138,83.33333333333334,runs/yin_category_uu_20260926/results/r21vgg2k_vgg16_bn_aa_s42/objects/results.csv,II
aa4,VGG2k / AA4,r21vgg2k_vgg16_bn_aa_s42,category_calibration,124,single_uu,Objects,Objects,0.4,,50,within_sampled_range,II,139,75.0,runs/yin_category_uu_20260926/results/r21vgg2k_vgg16_bn_aa_s42/objects/results.csv,II
aa4,VGG2k / AA4,r21vgg2k_vgg16_bn_aa_s42,category_calibration,124,single_uu,Objects,Objects,0.4,,50,within_sampled_range,II,140,91.66666666666666,runs/yin_category_uu_20260926/results/r21vgg2k_vgg16_bn_aa_s42/objects/results.csv,II
aa4,VGG2k / AA4,r21vgg2k_vgg16_bn_aa_s42,category_calibration,124,single_uu,Objects,Objects,0.4,,50,within_sampled_range,II,141,91.66666666666666,runs/yin_category_uu_20260926/results/r21vgg2k_vgg16_bn_aa_s42/objects/results.csv,II
aa4,VGG2k / AA4,r21vgg2k_vgg16_bn_aa_s42,category_calibration,124,single_uu,Objects,Objects,0.4,,50,within_sampled_range,II,142,87.5,runs/yin_category_uu_20260926/results/r21vgg2k_vgg16_bn_aa_s42/objects/results.csv,II
aa4,VGG2k / AA4,r21vgg2k_vgg16_bn_aa_s42,category_calibration,124,single_uu,Objects,Objects,0.4,,50,within_sampled_range,II,143,75.0,runs/yin_category_uu_20260926/results/r21vgg2k_vgg16_bn_aa_s42/objects/results.csv,II
aa4,VGG2k / AA4,r21vgg2k_vgg16_bn_aa_s42,category_calibration,124,single_uu,Objects,Objects,0.4,,50,within_sampled_range,II,144,91.66666666666666,runs/yin_category_uu_20260926/results/r21vgg2k_vgg16_bn_aa_s42/objects/results.csv,II
aa4,VGG2k / AA4,r21vgg2k_vgg16_bn_aa_s42,category_calibration,124,single_uu,Objects,Objects,0.4,,50,within_sampled_range,II,145,83.33333333333334,runs/yin_category_uu_20260926/results/r21vgg2k_vgg16_bn_aa_s42/objects/results.csv,II
aa4,VGG2k / AA4,r21vgg2k_vgg16_bn_aa_s42,category_calibration,124,single_uu,Objects,Objects,0.4,,50,within_sampled_range,II,146,79.16666666666666,runs/yin_category_uu_20260926/results/r21vgg2k_vgg16_bn_aa_s42/objects/results.csv,II
aa4,VGG2k / AA4,r21vgg2k_vgg16_bn_aa_s42,category_calibration,124,single_uu,Objects,Objects,0.4,,50,within_sampled_range,II,147,83.33333333333334,runs/yin_category_uu_20260926/results/r21vgg2k_vgg16_bn_aa_s42/objects/results.csv,II
aa4,VGG2k / AA4,r21vgg2k_vgg16_bn_aa_s42,category_calibration,124,single_uu,Objects,Objects,0.4,,50,within_sampled_range,II,148,79.16666666666666,runs/yin_category_uu_20260926/results/r21vgg2k_vgg16_bn_aa_s42/objects/results.csv,II
aa4,VGG2k / AA4,r21vgg2k_vgg16_bn_aa_s42,category_calibration,124,single_uu,Objects,Objects,0.4,,50,within_sampled_range,II,149,83.33333333333334,runs/yin_category_uu_20260926/results/r21vgg2k_vgg16_bn_aa_s42/objects/results.csv,II
aa4,VGG2k / AA4,r21vgg2k_vgg16_bn_aa_s42,category_calibration,124,single_uu,Objects,Objects,0.4,,50,within_sampled_range,II,150,87.5,runs/yin_category_uu_20260926/results/r21vgg2k_vgg16_bn_aa_s42/objects/results.csv,II
aa4,VGG2k / AA4,r21vgg2k_vgg16_bn_aa_s42,category_calibration,124,single_uu,Objects,Objects,0.4,,50,within_sampled_range,UI,101,87.5,runs/yin_category_uu_20260926/results/r21vgg2k_vgg16_bn_aa_s42/objects/results.csv,UI
aa4,VGG2k / AA4,r21vgg2k_vgg16_bn_aa_s42,category_calibration,124,single_uu,Objects,Objects,0.4,,50,within_sampled_range,UI,102,83.33333333333334,runs/yin_category_uu_20260926/results/r21vgg2k_vgg16_bn_aa_s42/objects/results.csv,UI
aa4,VGG2k / AA4,r21vgg2k_vgg16_bn_aa_s42,category_calibration,124,single_uu,Objects,Objects,0.4,,50,within_sampled_range,UI,103,87.5,runs/yin_category_uu_20260926/results/r21vgg2k_vgg16_bn_aa_s42/objects/results.csv,UI
aa4,VGG2k / AA4,r21vgg2k_vgg16_bn_aa_s42,category_calibration,124,single_uu,Objects,Objects,0.4,,50,within_sampled_range,UI,104,91.66666666666666,runs/yin_category_uu_20260926/results/r21vgg2k_vgg16_bn_aa_s42/objects/results.csv,UI
aa4,VGG2k / AA4,r21vgg2k_vgg16_bn_aa_s42,category_calibration,124,single_uu,Objects,Objects,0.4,,50,within_sampled_range,UI,105,83.33333333333334,runs/yin_category_uu_20260926/results/r21vgg2k_vgg16_bn_aa_s42/objects/results.csv,UI
aa4,VGG2k / AA4,r21vgg2k_vgg16_bn_aa_s42,category_calibration,124,single_uu,Objects,Objects,0.4,,50,within_sampled_range,UI,106,87.5,runs/yin_category_uu_20260926/results/r21vgg2k_vgg16_bn_aa_s42/objects/results.csv,UI
aa4,VGG2k / AA4,r21vgg2k_vgg16_bn_aa_s42,category_calibration,124,single_uu,Objects,Objects,0.4,,50,within_sampled_range,UI,107,87.5,runs/yin_category_uu_20260926/results/r21vgg2k_vgg16_bn_aa_s42/objects/results.csv,UI
aa4,VGG2k / AA4,r21vgg2k_vgg16_bn_aa_s42,category_calibration,124,single_uu,Objects,Objects,0.4,,50,within_sampled_range,UI,108,95.83333333333334,runs/yin_category_uu_20260926/results/r21vgg2k_vgg16_bn_aa_s42/objects/results.csv,UI
aa4,VGG2k / AA4,r21vgg2k_vgg16_bn_aa_s42,category_calibration,124,single_uu,Objects,Objects,0.4,,50,within_sampled_range,UI,109,66.66666666666666,runs/yin_category_uu_20260926/results/r21vgg2k_vgg16_bn_aa_s42/objects/results.csv,UI
aa4,VGG2k / AA4,r21vgg2k_vgg16_bn_aa_s42,category_calibration,124,single_uu,Objects,Objects,0.4,,50,within_sampled_range,UI,110,95.83333333333334,runs/yin_category_uu_20260926/results/r21vgg2k_vgg16_bn_aa_s42/objects/results.csv,UI
aa4,VGG2k / AA4,r21vgg2k_vgg16_bn_aa_s42,category_calibration,124,single_uu,Objects,Objects,0.4,,50,within_sampled_range,UI,111,91.66666666666666,runs/yin_category_uu_20260926/results/r21vgg2k_vgg16_bn_aa_s42/objects/results.csv,UI
aa4,VGG2k / AA4,r21vgg2k_vgg16_bn_aa_s42,category_calibration,124,single_uu,Objects,Objects,0.4,,50,within_sampled_range,UI,112,62.5,runs/yin_category_uu_20260926/results/r21vgg2k_vgg16_bn_aa_s42/objects/results.csv,UI
aa4,VGG2k / AA4,r21vgg2k_vgg16_bn_aa_s42,category_calibration,124,single_uu,Objects,Objects,0.4,,50,within_sampled_range,UI,113,75.0,runs/yin_category_uu_20260926/results/r21vgg2k_vgg16_bn_aa_s42/objects/results.csv,UI
aa4,VGG2k / AA4,r21vgg2k_vgg16_bn_aa_s42,category_calibration,124,single_uu,Objects,Objects,0.4,,50,within_sampled_range,UI,114,70.83333333333334,runs/yin_category_uu_20260926/results/r21vgg2k_vgg16_bn_aa_s42/objects/results.csv,UI
aa4,VGG2k / AA4,r21vgg2k_vgg16_bn_aa_s42,category_calibration,124,single_uu,Objects,Objects,0.4,,50,within_sampled_range,UI,115,87.5,runs/yin_category_uu_20260926/results/r21vgg2k_vgg16_bn_aa_s42/objects/results.csv,UI
aa4,VGG2k / AA4,r21vgg2k_vgg16_bn_aa_s42,category_calibration,124,single_uu,Objects,Objects,0.4,,50,within_sampled_range,UI,116,95.83333333333334,runs/yin_category_uu_20260926/results/r21vgg2k_vgg16_bn_aa_s42/objects/results.csv,UI
aa4,VGG2k / AA4,r21vgg2k_vgg16_bn_aa_s42,category_calibration,124,single_uu,Objects,Objects,0.4,,50,within_sampled_range,UI,117,87.5,runs/yin_category_uu_20260926/results/r21vgg2k_vgg16_bn_aa_s42/objects/results.csv,UI
aa4,VGG2k / AA4,r21vgg2k_vgg16_bn_aa_s42,category_calibration,124,single_uu,Objects,Objects,0.4,,50,within_sampled_range,UI,118,83.33333333333334,runs/yin_category_uu_20260926/results/r21vgg2k_vgg16_bn_aa_s42/objects/results.csv,UI
aa4,VGG2k / AA4,r21vgg2k_vgg16_bn_aa_s42,category_calibration,124,single_uu,Objects,Objects,0.4,,50,within_sampled_range,UI,119,95.83333333333334,runs/yin_category_uu_20260926/results/r21vgg2k_vgg16_bn_aa_s42/objects/results.csv,UI
aa4,VGG2k / AA4,r21vgg2k_vgg16_bn_aa_s42,category_calibration,124,single_uu,Objects,Objects,0.4,,50,within_sampled_range,UI,120,91.66666666666666,runs/yin_category_uu_20260926/results/r21vgg2k_vgg16_bn_aa_s42/objects/results.csv,UI
aa4,VGG2k / AA4,r21vgg2k_vgg16_bn_aa_s42,category_calibration,124,single_uu,Objects,Objects,0.4,,50,within_sampled_range,UI,121,87.5,runs/yin_category_uu_20260926/results/r21vgg2k_vgg16_bn_aa_s42/objects/results.csv,UI
aa4,VGG2k / AA4,r21vgg2k_vgg16_bn_aa_s42,category_calibration,124,single_uu,Objects,Objects,0.4,,50,within_sampled_range,UI,122,83.33333333333334,runs/yin_category_uu_20260926/results/r21vgg2k_vgg16_bn_aa_s42/objects/results.csv,UI
aa4,VGG2k / AA4,r21vgg2k_vgg16_bn_aa_s42,category_calibration,124,single_uu,Objects,Objects,0.4,,50,within_sampled_range,UI,123,75.0,runs/yin_category_uu_20260926/results/r21vgg2k_vgg16_bn_aa_s42/objects/results.csv,UI
aa4,VGG2k / AA4,r21vgg2k_vgg16_bn_aa_s42,category_calibration,124,single_uu,Objects,Objects,0.4,,50,within_sampled_range,UI,124,75.0,runs/yin_category_uu_20260926/results/r21vgg2k_vgg16_bn_aa_s42/objects/results.csv,UI
aa4,VGG2k / AA4,r21vgg2k_vgg16_bn_aa_s42,category_calibration,124,single_uu,Objects,Objects,0.4,,50,within_sampled_range,UI,125,87.5,runs/yin_category_uu_20260926/results/r21vgg2k_vgg16_bn_aa_s42/objects/results.csv,UI
aa4,VGG2k / AA4,r21vgg2k_vgg16_bn_aa_s42,category_calibration,124,single_uu,Objects,Objects,0.4,,50,within_sampled_range,UI,126,87.5,runs/yin_category_uu_20260926/results/r21vgg2k_vgg16_bn_aa_s42/objects/results.csv,UI
aa4,VGG2k / AA4,r21vgg2k_vgg16_bn_aa_s42,category_calibration,124,single_uu,Objects,Objects,0.4,,50,within_sampled_range,UI,127,79.16666666666666,runs/yin_category_uu_20260926/results/r21vgg2k_vgg16_bn_aa_s42/objects/results.csv,UI
aa4,VGG2k / AA4,r21vgg2k_vgg16_bn_aa_s42,category_calibration,124,single_uu,Objects,Objects,0.4,,50,within_sampled_range,UI,128,83.33333333333334,runs/yin_category_uu_20260926/results/r21vgg2k_vgg16_bn_aa_s42/objects/results.csv,UI
aa4,VGG2k / AA4,r21vgg2k_vgg16_bn_aa_s42,category_calibration,124,single_uu,Objects,Objects,0.4,,50,within_sampled_range,UI,129,87.5,runs/yin_category_uu_20260926/results/r21vgg2k_vgg16_bn_aa_s42/objects/results.csv,UI
aa4,VGG2k / AA4,r21vgg2k_vgg16_bn_aa_s42,category_calibration,124,single_uu,Objects,Objects,0.4,,50,within_sampled_range,UI,130,87.5,runs/yin_category_uu_20260926/results/r21vgg2k_vgg16_bn_aa_s42/objects/results.csv,UI
aa4,VGG2k / AA4,r21vgg2k_vgg16_bn_aa_s42,category_calibration,124,single_uu,Objects,Objects,0.4,,50,within_sampled_range,UI,131,87.5,runs/yin_category_uu_20260926/results/r21vgg2k_vgg16_bn_aa_s42/objects/results.csv,UI
aa4,VGG2k / AA4,r21vgg2k_vgg16_bn_aa_s42,category_calibration,124,single_uu,Objects,Objects,0.4,,50,within_sampled_range,UI,132,83.33333333333334,runs/yin_category_uu_20260926/results/r21vgg2k_vgg16_bn_aa_s42/objects/results.csv,UI
aa4,VGG2k / AA4,r21vgg2k_vgg16_bn_aa_s42,category_calibration,124,single_uu,Objects,Objects,0.4,,50,within_sampled_range,UI,133,83.33333333333334,runs/yin_category_uu_20260926/results/r21vgg2k_vgg16_bn_aa_s42/objects/results.csv,UI
aa4,VGG2k / AA4,r21vgg2k_vgg16_bn_aa_s42,category_calibration,124,single_uu,Objects,Objects,0.4,,50,within_sampled_range,UI,134,83.33333333333334,runs/yin_category_uu_20260926/results/r21vgg2k_vgg16_bn_aa_s42/objects/results.csv,UI
aa4,VGG2k / AA4,r21vgg2k_vgg16_bn_aa_s42,category_calibration,124,single_uu,Objects,Objects,0.4,,50,within_sampled_range,UI,135,79.16666666666666,runs/yin_category_uu_20260926/results/r21vgg2k_vgg16_bn_aa_s42/objects/results.csv,UI
aa4,VGG2k / AA4,r21vgg2k_vgg16_bn_aa_s42,category_calibration,124,single_uu,Objects,Objects,0.4,,50,within_sampled_range,UI,136,79.16666666666666,runs/yin_category_uu_20260926/results/r21vgg2k_vgg16_bn_aa_s42/objects/results.csv,UI
aa4,VGG2k / AA4,r21vgg2k_vgg16_bn_aa_s42,category_calibration,124,single_uu,Objects,Objects,0.4,,50,within_sampled_range,UI,137,79.16666666666666,runs/yin_category_uu_20260926/results/r21vgg2k_vgg16_bn_aa_s42/objects/results.csv,UI
aa4,VGG2k / AA4,r21vgg2k_vgg16_bn_aa_s42,category_calibration,124,single_uu,Objects,Objects,0.4,,50,within_sampled_range,UI,138,87.5,runs/yin_category_uu_20260926/results/r21vgg2k_vgg16_bn_aa_s42/objects/results.csv,UI
aa4,VGG2k / AA4,r21vgg2k_vgg16_bn_aa_s42,category_calibration,124,single_uu,Objects,Objects,0.4,,50,within_sampled_range,UI,139,83.33333333333334,runs/yin_category_uu_20260926/results/r21vgg2k_vgg16_bn_aa_s42/objects/results.csv,UI
aa4,VGG2k / AA4,r21vgg2k_vgg16_bn_aa_s42,category_calibration,124,single_uu,Objects,Objects,0.4,,50,within_sampled_range,UI,140,70.83333333333334,runs/yin_category_uu_20260926/results/r21vgg2k_vgg16_bn_aa_s42/objects/results.csv,UI
aa4,VGG2k / AA4,r21vgg2k_vgg16_bn_aa_s42,category_calibration,124,single_uu,Objects,Objects,0.4,,50,within_sampled_range,UI,141,83.33333333333334,runs/yin_category_uu_20260926/results/r21vgg2k_vgg16_bn_aa_s42/objects/results.csv,UI
aa4,VGG2k / AA4,r21vgg2k_vgg16_bn_aa_s42,category_calibration,124,single_uu,Objects,Objects,0.4,,50,within_sampled_range,UI,142,83.33333333333334,runs/yin_category_uu_20260926/results/r21vgg2k_vgg16_bn_aa_s42/objects/results.csv,UI
aa4,VGG2k / AA4,r21vgg2k_vgg16_bn_aa_s42,category_calibration,124,single_uu,Objects,Objects,0.4,,50,within_sampled_range,UI,143,75.0,runs/yin_category_uu_20260926/results/r21vgg2k_vgg16_bn_aa_s42/objects/results.csv,UI
aa4,VGG2k / AA4,r21vgg2k_vgg16_bn_aa_s42,category_calibration,124,single_uu,Objects,Objects,0.4,,50,within_sampled_range,UI,144,87.5,runs/yin_category_uu_20260926/results/r21vgg2k_vgg16_bn_aa_s42/objects/results.csv,UI
aa4,VGG2k / AA4,r21vgg2k_vgg16_bn_aa_s42,category_calibration,124,single_uu,Objects,Objects,0.4,,50,within_sampled_range,UI,145,79.16666666666666,runs/yin_category_uu_20260926/results/r21vgg2k_vgg16_bn_aa_s42/objects/results.csv,UI
aa4,VGG2k / AA4,r21vgg2k_vgg16_bn_aa_s42,category_calibration,124,single_uu,Objects,Objects,0.4,,50,within_sampled_range,UI,146,87.5,runs/yin_category_uu_20260926/results/r21vgg2k_vgg16_bn_aa_s42/objects/results.csv,UI
aa4,VGG2k / AA4,r21vgg2k_vgg16_bn_aa_s42,category_calibration,124,single_uu,Objects,Objects,0.4,,50,within_sampled_range,UI,147,83.33333333333334,runs/yin_category_uu_20260926/results/r21vgg2k_vgg16_bn_aa_s42/objects/results.csv,UI
aa4,VGG2k / AA4,r21vgg2k_vgg16_bn_aa_s42,category_calibration,124,single_uu,Objects,Objects,0.4,,50,within_sampled_range,UI,148,79.16666666666666,runs/yin_category_uu_20260926/results/r21vgg2k_vgg16_bn_aa_s42/objects/results.csv,UI
aa4,VGG2k / AA4,r21vgg2k_vgg16_bn_aa_s42,category_calibration,124,single_uu,Objects,Objects,0.4,,50,within_sampled_range,UI,149,75.0,runs/yin_category_uu_20260926/results/r21vgg2k_vgg16_bn_aa_s42/objects/results.csv,UI
aa4,VGG2k / AA4,r21vgg2k_vgg16_bn_aa_s42,category_calibration,124,single_uu,Objects,Objects,0.4,,50,within_sampled_range,UI,150,70.83333333333334,runs/yin_category_uu_20260926/results/r21vgg2k_vgg16_bn_aa_s42/objects/results.csv,UI
aa4,VGG2k / AA4,r21vgg2k_vgg16_bn_aa_s42,category_calibration,124,single_uu,Objects,Objects,0.4,,50,within_sampled_range,IU,101,95.83333333333334,runs/yin_category_uu_20260926/results/r21vgg2k_vgg16_bn_aa_s42/objects/results.csv,IU
aa4,VGG2k / AA4,r21vgg2k_vgg16_bn_aa_s42,category_calibration,124,single_uu,Objects,Objects,0.4,,50,within_sampled_range,IU,102,75.0,runs/yin_category_uu_20260926/results/r21vgg2k_vgg16_bn_aa_s42/objects/results.csv,IU
aa4,VGG2k / AA4,r21vgg2k_vgg16_bn_aa_s42,category_calibration,124,single_uu,Objects,Objects,0.4,,50,within_sampled_range,IU,103,83.33333333333334,runs/yin_category_uu_20260926/results/r21vgg2k_vgg16_bn_aa_s42/objects/results.csv,IU
aa4,VGG2k / AA4,r21vgg2k_vgg16_bn_aa_s42,category_calibration,124,single_uu,Objects,Objects,0.4,,50,within_sampled_range,IU,104,83.33333333333334,runs/yin_category_uu_20260926/results/r21vgg2k_vgg16_bn_aa_s42/objects/results.csv,IU
aa4,VGG2k / AA4,r21vgg2k_vgg16_bn_aa_s42,category_calibration,124,single_uu,Objects,Objects,0.4,,50,within_sampled_range,IU,105,79.16666666666666,runs/yin_category_uu_20260926/results/r21vgg2k_vgg16_bn_aa_s42/objects/results.csv,IU
aa4,VGG2k / AA4,r21vgg2k_vgg16_bn_aa_s42,category_calibration,124,single_uu,Objects,Objects,0.4,,50,within_sampled_range,IU,106,87.5,runs/yin_category_uu_20260926/results/r21vgg2k_vgg16_bn_aa_s42/objects/results.csv,IU
aa4,VGG2k / AA4,r21vgg2k_vgg16_bn_aa_s42,category_calibration,124,single_uu,Objects,Objects,0.4,,50,within_sampled_range,IU,107,87.5,runs/yin_category_uu_20260926/results/r21vgg2k_vgg16_bn_aa_s42/objects/results.csv,IU
aa4,VGG2k / AA4,r21vgg2k_vgg16_bn_aa_s42,category_calibration,124,single_uu,Objects,Objects,0.4,,50,within_sampled_range,IU,108,87.5,runs/yin_category_uu_20260926/results/r21vgg2k_vgg16_bn_aa_s42/objects/results.csv,IU
aa4,VGG2k / AA4,r21vgg2k_vgg16_bn_aa_s42,category_calibration,124,single_uu,Objects,Objects,0.4,,50,within_sampled_range,IU,109,95.83333333333334,runs/yin_category_uu_20260926/results/r21vgg2k_vgg16_bn_aa_s42/objects/results.csv,IU
aa4,VGG2k / AA4,r21vgg2k_vgg16_bn_aa_s42,category_calibration,124,single_uu,Objects,Objects,0.4,,50,within_sampled_range,IU,110,83.33333333333334,runs/yin_category_uu_20260926/results/r21vgg2k_vgg16_bn_aa_s42/objects/results.csv,IU
aa4,VGG2k / AA4,r21vgg2k_vgg16_bn_aa_s42,category_calibration,124,single_uu,Objects,Objects,0.4,,50,within_sampled_range,IU,111,83.33333333333334,runs/yin_category_uu_20260926/results/r21vgg2k_vgg16_bn_aa_s42/objects/results.csv,IU
aa4,VGG2k / AA4,r21vgg2k_vgg16_bn_aa_s42,category_calibration,124,single_uu,Objects,Objects,0.4,,50,within_sampled_range,IU,112,87.5,runs/yin_category_uu_20260926/results/r21vgg2k_vgg16_bn_aa_s42/objects/results.csv,IU
aa4,VGG2k / AA4,r21vgg2k_vgg16_bn_aa_s42,category_calibration,124,single_uu,Objects,Objects,0.4,,50,within_sampled_range,IU,113,79.16666666666666,runs/yin_category_uu_20260926/results/r21vgg2k_vgg16_bn_aa_s42/objects/results.csv,IU
aa4,VGG2k / AA4,r21vgg2k_vgg16_bn_aa_s42,category_calibration,124,single_uu,Objects,Objects,0.4,,50,within_sampled_range,IU,114,91.66666666666666,runs/yin_category_uu_20260926/results/r21vgg2k_vgg16_bn_aa_s42/objects/results.csv,IU
aa4,VGG2k / AA4,r21vgg2k_vgg16_bn_aa_s42,category_calibration,124,single_uu,Objects,Objects,0.4,,50,within_sampled_range,IU,115,87.5,runs/yin_category_uu_20260926/results/r21vgg2k_vgg16_bn_aa_s42/objects/results.csv,IU
aa4,VGG2k / AA4,r21vgg2k_vgg16_bn_aa_s42,category_calibration,124,single_uu,Objects,Objects,0.4,,50,within_sampled_range,IU,116,79.16666666666666,runs/yin_category_uu_20260926/results/r21vgg2k_vgg16_bn_aa_s42/objects/results.csv,IU
aa4,VGG2k / AA4,r21vgg2k_vgg16_bn_aa_s42,category_calibration,124,single_uu,Objects,Objects,0.4,,50,within_sampled_range,IU,117,83.33333333333334,runs/yin_category_uu_20260926/results/r21vgg2k_vgg16_bn_aa_s42/objects/results.csv,IU
aa4,VGG2k / AA4,r21vgg2k_vgg16_bn_aa_s42,category_calibration,124,single_uu,Objects,Objects,0.4,,50,within_sampled_range,IU,118,95.83333333333334,runs/yin_category_uu_20260926/results/r21vgg2k_vgg16_bn_aa_s42/objects/results.csv,IU
aa4,VGG2k / AA4,r21vgg2k_vgg16_bn_aa_s42,category_calibration,124,single_uu,Objects,Objects,0.4,,50,within_sampled_range,IU,119,95.83333333333334,runs/yin_category_uu_20260926/results/r21vgg2k_vgg16_bn_aa_s42/objects/results.csv,IU
aa4,VGG2k / AA4,r21vgg2k_vgg16_bn_aa_s42,category_calibration,124,single_uu,Objects,Objects,0.4,,50,within_sampled_range,IU,120,87.5,runs/yin_category_uu_20260926/results/r21vgg2k_vgg16_bn_aa_s42/objects/results.csv,IU
aa4,VGG2k / AA4,r21vgg2k_vgg16_bn_aa_s42,category_calibration,124,single_uu,Objects,Objects,0.4,,50,within_sampled_range,IU,121,83.33333333333334,runs/yin_category_uu_20260926/results/r21vgg2k_vgg16_bn_aa_s42/objects/results.csv,IU
aa4,VGG2k / AA4,r21vgg2k_vgg16_bn_aa_s42,category_calibration,124,single_uu,Objects,Objects,0.4,,50,within_sampled_range,IU,122,75.0,runs/yin_category_uu_20260926/results/r21vgg2k_vgg16_bn_aa_s42/objects/results.csv,IU
aa4,VGG2k / AA4,r21vgg2k_vgg16_bn_aa_s42,category_calibration,124,single_uu,Objects,Objects,0.4,,50,within_sampled_range,IU,123,91.66666666666666,runs/yin_category_uu_20260926/results/r21vgg2k_vgg16_bn_aa_s42/objects/results.csv,IU
aa4,VGG2k / AA4,r21vgg2k_vgg16_bn_aa_s42,category_calibration,124,single_uu,Objects,Objects,0.4,,50,within_sampled_range,IU,124,70.83333333333334,runs/yin_category_uu_20260926/results/r21vgg2k_vgg16_bn_aa_s42/objects/results.csv,IU
aa4,VGG2k / AA4,r21vgg2k_vgg16_bn_aa_s42,category_calibration,124,single_uu,Objects,Objects,0.4,,50,within_sampled_range,IU,125,79.16666666666666,runs/yin_category_uu_20260926/results/r21vgg2k_vgg16_bn_aa_s42/objects/results.csv,IU
aa4,VGG2k / AA4,r21vgg2k_vgg16_bn_aa_s42,category_calibration,124,single_uu,Objects,Objects,0.4,,50,within_sampled_range,IU,126,95.83333333333334,runs/yin_category_uu_20260926/results/r21vgg2k_vgg16_bn_aa_s42/objects/results.csv,IU
aa4,VGG2k / AA4,r21vgg2k_vgg16_bn_aa_s42,category_calibration,124,single_uu,Objects,Objects,0.4,,50,within_sampled_range,IU,127,95.83333333333334,runs/yin_category_uu_20260926/results/r21vgg2k_vgg16_bn_aa_s42/objects/results.csv,IU
aa4,VGG2k / AA4,r21vgg2k_vgg16_bn_aa_s42,category_calibration,124,single_uu,Objects,Objects,0.4,,50,within_sampled_range,IU,128,83.33333333333334,runs/yin_category_uu_20260926/results/r21vgg2k_vgg16_bn_aa_s42/objects/results.csv,IU
aa4,VGG2k / AA4,r21vgg2k_vgg16_bn_aa_s42,category_calibration,124,single_uu,Objects,Objects,0.4,,50,within_sampled_range,IU,129,95.83333333333334,runs/yin_category_uu_20260926/results/r21vgg2k_vgg16_bn_aa_s42/objects/results.csv,IU
aa4,VGG2k / AA4,r21vgg2k_vgg16_bn_aa_s42,category_calibration,124,single_uu,Objects,Objects,0.4,,50,within_sampled_range,IU,130,75.0,runs/yin_category_uu_20260926/results/r21vgg2k_vgg16_bn_aa_s42/objects/results.csv,IU
aa4,VGG2k / AA4,r21vgg2k_vgg16_bn_aa_s42,category_calibration,124,single_uu,Objects,Objects,0.4,,50,within_sampled_range,IU,131,87.5,runs/yin_category_uu_20260926/results/r21vgg2k_vgg16_bn_aa_s42/objects/results.csv,IU
aa4,VGG2k / AA4,r21vgg2k_vgg16_bn_aa_s42,category_calibration,124,single_uu,Objects,Objects,0.4,,50,within_sampled_range,IU,132,91.66666666666666,runs/yin_category_uu_20260926/results/r21vgg2k_vgg16_bn_aa_s42/objects/results.csv,IU
aa4,VGG2k / AA4,r21vgg2k_vgg16_bn_aa_s42,category_calibration,124,single_uu,Objects,Objects,0.4,,50,within_sampled_range,IU,133,83.33333333333334,runs/yin_category_uu_20260926/results/r21vgg2k_vgg16_bn_aa_s42/objects/results.csv,IU
aa4,VGG2k / AA4,r21vgg2k_vgg16_bn_aa_s42,category_calibration,124,single_uu,Objects,Objects,0.4,,50,within_sampled_range,IU,134,91.66666666666666,runs/yin_category_uu_20260926/results/r21vgg2k_vgg16_bn_aa_s42/objects/results.csv,IU
aa4,VGG2k / AA4,r21vgg2k_vgg16_bn_aa_s42,category_calibration,124,single_uu,Objects,Objects,0.4,,50,within_sampled_range,IU,135,87.5,runs/yin_category_uu_20260926/results/r21vgg2k_vgg16_bn_aa_s42/objects/results.csv,IU
aa4,VGG2k / AA4,r21vgg2k_vgg16_bn_aa_s42,category_calibration,124,single_uu,Objects,Objects,0.4,,50,within_sampled_range,IU,136,79.16666666666666,runs/yin_category_uu_20260926/results/r21vgg2k_vgg16_bn_aa_s42/objects/results.csv,IU
aa4,VGG2k / AA4,r21vgg2k_vgg16_bn_aa_s42,category_calibration,124,single_uu,Objects,Objects,0.4,,50,within_sampled_range,IU,137,75.0,runs/yin_category_uu_20260926/results/r21vgg2k_vgg16_bn_aa_s42/objects/results.csv,IU
aa4,VGG2k / AA4,r21vgg2k_vgg16_bn_aa_s42,category_calibration,124,single_uu,Objects,Objects,0.4,,50,within_sampled_range,IU,138,75.0,runs/yin_category_uu_20260926/results/r21vgg2k_vgg16_bn_aa_s42/objects/results.csv,IU
aa4,VGG2k / AA4,r21vgg2k_vgg16_bn_aa_s42,category_calibration,124,single_uu,Objects,Objects,0.4,,50,within_sampled_range,IU,139,95.83333333333334,runs/yin_category_uu_20260926/results/r21vgg2k_vgg16_bn_aa_s42/objects/results.csv,IU
aa4,VGG2k / AA4,r21vgg2k_vgg16_bn_aa_s42,category_calibration,124,single_uu,Objects,Objects,0.4,,50,within_sampled_range,IU,140,75.0,runs/yin_category_uu_20260926/results/r21vgg2k_vgg16_bn_aa_s42/objects/results.csv,IU
aa4,VGG2k / AA4,r21vgg2k_vgg16_bn_aa_s42,category_calibration,124,single_uu,Objects,Objects,0.4,,50,within_sampled_range,IU,141,66.66666666666666,runs/yin_category_uu_20260926/results/r21vgg2k_vgg16_bn_aa_s42/objects/results.csv,IU
aa4,VGG2k / AA4,r21vgg2k_vgg16_bn_aa_s42,category_calibration,124,single_uu,Objects,Objects,0.4,,50,within_sampled_range,IU,142,83.33333333333334,runs/yin_category_uu_20260926/results/r21vgg2k_vgg16_bn_aa_s42/objects/results.csv,IU
aa4,VGG2k / AA4,r21vgg2k_vgg16_bn_aa_s42,category_calibration,124,single_uu,Objects,Objects,0.4,,50,within_sampled_range,IU,143,87.5,runs/yin_category_uu_20260926/results/r21vgg2k_vgg16_bn_aa_s42/objects/results.csv,IU
aa4,VGG2k / AA4,r21vgg2k_vgg16_bn_aa_s42,category_calibration,124,single_uu,Objects,Objects,0.4,,50,within_sampled_range,IU,144,95.83333333333334,runs/yin_category_uu_20260926/results/r21vgg2k_vgg16_bn_aa_s42/objects/results.csv,IU
aa4,VGG2k / AA4,r21vgg2k_vgg16_bn_aa_s42,category_calibration,124,single_uu,Objects,Objects,0.4,,50,within_sampled_range,IU,145,95.83333333333334,runs/yin_category_uu_20260926/results/r21vgg2k_vgg16_bn_aa_s42/objects/results.csv,IU
aa4,VGG2k / AA4,r21vgg2k_vgg16_bn_aa_s42,category_calibration,124,single_uu,Objects,Objects,0.4,,50,within_sampled_range,IU,146,91.66666666666666,runs/yin_category_uu_20260926/results/r21vgg2k_vgg16_bn_aa_s42/objects/results.csv,IU
aa4,VGG2k / AA4,r21vgg2k_vgg16_bn_aa_s42,category_calibration,124,single_uu,Objects,Objects,0.4,,50,within_sampled_range,IU,147,100.0,runs/yin_category_uu_20260926/results/r21vgg2k_vgg16_bn_aa_s42/objects/results.csv,IU
aa4,VGG2k / AA4,r21vgg2k_vgg16_bn_aa_s42,category_calibration,124,single_uu,Objects,Objects,0.4,,50,within_sampled_range,IU,148,87.5,runs/yin_category_uu_20260926/results/r21vgg2k_vgg16_bn_aa_s42/objects/results.csv,IU
aa4,VGG2k / AA4,r21vgg2k_vgg16_bn_aa_s42,category_calibration,124,single_uu,Objects,Objects,0.4,,50,within_sampled_range,IU,149,70.83333333333334,runs/yin_category_uu_20260926/results/r21vgg2k_vgg16_bn_aa_s42/objects/results.csv,IU
aa4,VGG2k / AA4,r21vgg2k_vgg16_bn_aa_s42,category_calibration,124,single_uu,Objects,Objects,0.4,,50,within_sampled_range,IU,150,79.16666666666666,runs/yin_category_uu_20260926/results/r21vgg2k_vgg16_bn_aa_s42/objects/results.csv,IU
aa4,VGG2k / AA4,r21vgg2k_vgg16_bn_aa_s42,category_calibration,124,single_uu,Houses,Houses,0.16,,50,within_sampled_range,UU,101,91.66666666666666,runs/yin_category_uu_20260926/results/r21vgg2k_vgg16_bn_aa_s42/houses_yin64/results.csv,UU
aa4,VGG2k / AA4,r21vgg2k_vgg16_bn_aa_s42,category_calibration,124,single_uu,Houses,Houses,0.16,,50,within_sampled_range,UU,102,95.83333333333334,runs/yin_category_uu_20260926/results/r21vgg2k_vgg16_bn_aa_s42/houses_yin64/results.csv,UU
aa4,VGG2k / AA4,r21vgg2k_vgg16_bn_aa_s42,category_calibration,124,single_uu,Houses,Houses,0.16,,50,within_sampled_range,UU,103,95.83333333333334,runs/yin_category_uu_20260926/results/r21vgg2k_vgg16_bn_aa_s42/houses_yin64/results.csv,UU
aa4,VGG2k / AA4,r21vgg2k_vgg16_bn_aa_s42,category_calibration,124,single_uu,Houses,Houses,0.16,,50,within_sampled_range,UU,104,87.5,runs/yin_category_uu_20260926/results/r21vgg2k_vgg16_bn_aa_s42/houses_yin64/results.csv,UU
aa4,VGG2k / AA4,r21vgg2k_vgg16_bn_aa_s42,category_calibration,124,single_uu,Houses,Houses,0.16,,50,within_sampled_range,UU,105,100.0,runs/yin_category_uu_20260926/results/r21vgg2k_vgg16_bn_aa_s42/houses_yin64/results.csv,UU
aa4,VGG2k / AA4,r21vgg2k_vgg16_bn_aa_s42,category_calibration,124,single_uu,Houses,Houses,0.16,,50,within_sampled_range,UU,106,91.66666666666666,runs/yin_category_uu_20260926/results/r21vgg2k_vgg16_bn_aa_s42/houses_yin64/results.csv,UU
aa4,VGG2k / AA4,r21vgg2k_vgg16_bn_aa_s42,category_calibration,124,single_uu,Houses,Houses,0.16,,50,within_sampled_range,UU,107,91.66666666666666,runs/yin_category_uu_20260926/results/r21vgg2k_vgg16_bn_aa_s42/houses_yin64/results.csv,UU
aa4,VGG2k / AA4,r21vgg2k_vgg16_bn_aa_s42,category_calibration,124,single_uu,Houses,Houses,0.16,,50,within_sampled_range,UU,108,100.0,runs/yin_category_uu_20260926/results/r21vgg2k_vgg16_bn_aa_s42/houses_yin64/results.csv,UU
aa4,VGG2k / AA4,r21vgg2k_vgg16_bn_aa_s42,category_calibration,124,single_uu,Houses,Houses,0.16,,50,within_sampled_range,UU,109,87.5,runs/yin_category_uu_20260926/results/r21vgg2k_vgg16_bn_aa_s42/houses_yin64/results.csv,UU
aa4,VGG2k / AA4,r21vgg2k_vgg16_bn_aa_s42,category_calibration,124,single_uu,Houses,Houses,0.16,,50,within_sampled_range,UU,110,87.5,runs/yin_category_uu_20260926/results/r21vgg2k_vgg16_bn_aa_s42/houses_yin64/results.csv,UU
aa4,VGG2k / AA4,r21vgg2k_vgg16_bn_aa_s42,category_calibration,124,single_uu,Houses,Houses,0.16,,50,within_sampled_range,UU,111,87.5,runs/yin_category_uu_20260926/results/r21vgg2k_vgg16_bn_aa_s42/houses_yin64/results.csv,UU
aa4,VGG2k / AA4,r21vgg2k_vgg16_bn_aa_s42,category_calibration,124,single_uu,Houses,Houses,0.16,,50,within_sampled_range,UU,112,95.83333333333334,runs/yin_category_uu_20260926/results/r21vgg2k_vgg16_bn_aa_s42/houses_yin64/results.csv,UU
aa4,VGG2k / AA4,r21vgg2k_vgg16_bn_aa_s42,category_calibration,124,single_uu,Houses,Houses,0.16,,50,within_sampled_range,UU,113,91.66666666666666,runs/yin_category_uu_20260926/results/r21vgg2k_vgg16_bn_aa_s42/houses_yin64/results.csv,UU
aa4,VGG2k / AA4,r21vgg2k_vgg16_bn_aa_s42,category_calibration,124,single_uu,Houses,Houses,0.16,,50,within_sampled_range,UU,114,87.5,runs/yin_category_uu_20260926/results/r21vgg2k_vgg16_bn_aa_s42/houses_yin64/results.csv,UU
aa4,VGG2k / AA4,r21vgg2k_vgg16_bn_aa_s42,category_calibration,124,single_uu,Houses,Houses,0.16,,50,within_sampled_range,UU,115,87.5,runs/yin_category_uu_20260926/results/r21vgg2k_vgg16_bn_aa_s42/houses_yin64/results.csv,UU
aa4,VGG2k / AA4,r21vgg2k_vgg16_bn_aa_s42,category_calibration,124,single_uu,Houses,Houses,0.16,,50,within_sampled_range,UU,116,91.66666666666666,runs/yin_category_uu_20260926/results/r21vgg2k_vgg16_bn_aa_s42/houses_yin64/results.csv,UU
aa4,VGG2k / AA4,r21vgg2k_vgg16_bn_aa_s42,category_calibration,124,single_uu,Houses,Houses,0.16,,50,within_sampled_range,UU,117,87.5,runs/yin_category_uu_20260926/results/r21vgg2k_vgg16_bn_aa_s42/houses_yin64/results.csv,UU
aa4,VGG2k / AA4,r21vgg2k_vgg16_bn_aa_s42,category_calibration,124,single_uu,Houses,Houses,0.16,,50,within_sampled_range,UU,118,87.5,runs/yin_category_uu_20260926/results/r21vgg2k_vgg16_bn_aa_s42/houses_yin64/results.csv,UU
aa4,VGG2k / AA4,r21vgg2k_vgg16_bn_aa_s42,category_calibration,124,single_uu,Houses,Houses,0.16,,50,within_sampled_range,UU,119,91.66666666666666,runs/yin_category_uu_20260926/results/r21vgg2k_vgg16_bn_aa_s42/houses_yin64/results.csv,UU
aa4,VGG2k / AA4,r21vgg2k_vgg16_bn_aa_s42,category_calibration,124,single_uu,Houses,Houses,0.16,,50,within_sampled_range,UU,120,87.5,runs/yin_category_uu_20260926/results/r21vgg2k_vgg16_bn_aa_s42/houses_yin64/results.csv,UU
aa4,VGG2k / AA4,r21vgg2k_vgg16_bn_aa_s42,category_calibration,124,single_uu,Houses,Houses,0.16,,50,within_sampled_range,UU,121,91.66666666666666,runs/yin_category_uu_20260926/results/r21vgg2k_vgg16_bn_aa_s42/houses_yin64/results.csv,UU
aa4,VGG2k / AA4,r21vgg2k_vgg16_bn_aa_s42,category_calibration,124,single_uu,Houses,Houses,0.16,,50,within_sampled_range,UU,122,83.33333333333334,runs/yin_category_uu_20260926/results/r21vgg2k_vgg16_bn_aa_s42/houses_yin64/results.csv,UU
aa4,VGG2k / AA4,r21vgg2k_vgg16_bn_aa_s42,category_calibration,124,single_uu,Houses,Houses,0.16,,50,within_sampled_range,UU,123,95.83333333333334,runs/yin_category_uu_20260926/results/r21vgg2k_vgg16_bn_aa_s42/houses_yin64/results.csv,UU
aa4,VGG2k / AA4,r21vgg2k_vgg16_bn_aa_s42,category_calibration,124,single_uu,Houses,Houses,0.16,,50,within_sampled_range,UU,124,100.0,runs/yin_category_uu_20260926/results/r21vgg2k_vgg16_bn_aa_s42/houses_yin64/results.csv,UU
aa4,VGG2k / AA4,r21vgg2k_vgg16_bn_aa_s42,category_calibration,124,single_uu,Houses,Houses,0.16,,50,within_sampled_range,UU,125,83.33333333333334,runs/yin_category_uu_20260926/results/r21vgg2k_vgg16_bn_aa_s42/houses_yin64/results.csv,UU
aa4,VGG2k / AA4,r21vgg2k_vgg16_bn_aa_s42,category_calibration,124,single_uu,Houses,Houses,0.16,,50,within_sampled_range,UU,126,100.0,runs/yin_category_uu_20260926/results/r21vgg2k_vgg16_bn_aa_s42/houses_yin64/results.csv,UU
aa4,VGG2k / AA4,r21vgg2k_vgg16_bn_aa_s42,category_calibration,124,single_uu,Houses,Houses,0.16,,50,within_sampled_range,UU,127,91.66666666666666,runs/yin_category_uu_20260926/results/r21vgg2k_vgg16_bn_aa_s42/houses_yin64/results.csv,UU
aa4,VGG2k / AA4,r21vgg2k_vgg16_bn_aa_s42,category_calibration,124,single_uu,Houses,Houses,0.16,,50,within_sampled_range,UU,128,83.33333333333334,runs/yin_category_uu_20260926/results/r21vgg2k_vgg16_bn_aa_s42/houses_yin64/results.csv,UU
aa4,VGG2k / AA4,r21vgg2k_vgg16_bn_aa_s42,category_calibration,124,single_uu,Houses,Houses,0.16,,50,within_sampled_range,UU,129,87.5,runs/yin_category_uu_20260926/results/r21vgg2k_vgg16_bn_aa_s42/houses_yin64/results.csv,UU
aa4,VGG2k / AA4,r21vgg2k_vgg16_bn_aa_s42,category_calibration,124,single_uu,Houses,Houses,0.16,,50,within_sampled_range,UU,130,95.83333333333334,runs/yin_category_uu_20260926/results/r21vgg2k_vgg16_bn_aa_s42/houses_yin64/results.csv,UU
aa4,VGG2k / AA4,r21vgg2k_vgg16_bn_aa_s42,category_calibration,124,single_uu,Houses,Houses,0.16,,50,within_sampled_range,UU,131,100.0,runs/yin_category_uu_20260926/results/r21vgg2k_vgg16_bn_aa_s42/houses_yin64/results.csv,UU
aa4,VGG2k / AA4,r21vgg2k_vgg16_bn_aa_s42,category_calibration,124,single_uu,Houses,Houses,0.16,,50,within_sampled_range,UU,132,91.66666666666666,runs/yin_category_uu_20260926/results/r21vgg2k_vgg16_bn_aa_s42/houses_yin64/results.csv,UU
aa4,VGG2k / AA4,r21vgg2k_vgg16_bn_aa_s42,category_calibration,124,single_uu,Houses,Houses,0.16,,50,within_sampled_range,UU,133,87.5,runs/yin_category_uu_20260926/results/r21vgg2k_vgg16_bn_aa_s42/houses_yin64/results.csv,UU
aa4,VGG2k / AA4,r21vgg2k_vgg16_bn_aa_s42,category_calibration,124,single_uu,Houses,Houses,0.16,,50,within_sampled_range,UU,134,87.5,runs/yin_category_uu_20260926/results/r21vgg2k_vgg16_bn_aa_s42/houses_yin64/results.csv,UU
aa4,VGG2k / AA4,r21vgg2k_vgg16_bn_aa_s42,category_calibration,124,single_uu,Houses,Houses,0.16,,50,within_sampled_range,UU,135,91.66666666666666,runs/yin_category_uu_20260926/results/r21vgg2k_vgg16_bn_aa_s42/houses_yin64/results.csv,UU
aa4,VGG2k / AA4,r21vgg2k_vgg16_bn_aa_s42,category_calibration,124,single_uu,Houses,Houses,0.16,,50,within_sampled_range,UU,136,95.83333333333334,runs/yin_category_uu_20260926/results/r21vgg2k_vgg16_bn_aa_s42/houses_yin64/results.csv,UU
aa4,VGG2k / AA4,r21vgg2k_vgg16_bn_aa_s42,category_calibration,124,single_uu,Houses,Houses,0.16,,50,within_sampled_range,UU,137,100.0,runs/yin_category_uu_20260926/results/r21vgg2k_vgg16_bn_aa_s42/houses_yin64/results.csv,UU
aa4,VGG2k / AA4,r21vgg2k_vgg16_bn_aa_s42,category_calibration,124,single_uu,Houses,Houses,0.16,,50,within_sampled_range,UU,138,91.66666666666666,runs/yin_category_uu_20260926/results/r21vgg2k_vgg16_bn_aa_s42/houses_yin64/results.csv,UU
aa4,VGG2k / AA4,r21vgg2k_vgg16_bn_aa_s42,category_calibration,124,single_uu,Houses,Houses,0.16,,50,within_sampled_range,UU,139,83.33333333333334,runs/yin_category_uu_20260926/results/r21vgg2k_vgg16_bn_aa_s42/houses_yin64/results.csv,UU
aa4,VGG2k / AA4,r21vgg2k_vgg16_bn_aa_s42,category_calibration,124,single_uu,Houses,Houses,0.16,,50,within_sampled_range,UU,140,83.33333333333334,runs/yin_category_uu_20260926/results/r21vgg2k_vgg16_bn_aa_s42/houses_yin64/results.csv,UU
aa4,VGG2k / AA4,r21vgg2k_vgg16_bn_aa_s42,category_calibration,124,single_uu,Houses,Houses,0.16,,50,within_sampled_range,UU,141,91.66666666666666,runs/yin_category_uu_20260926/results/r21vgg2k_vgg16_bn_aa_s42/houses_yin64/results.csv,UU
aa4,VGG2k / AA4,r21vgg2k_vgg16_bn_aa_s42,category_calibration,124,single_uu,Houses,Houses,0.16,,50,within_sampled_range,UU,142,91.66666666666666,runs/yin_category_uu_20260926/results/r21vgg2k_vgg16_bn_aa_s42/houses_yin64/results.csv,UU
aa4,VGG2k / AA4,r21vgg2k_vgg16_bn_aa_s42,category_calibration,124,single_uu,Houses,Houses,0.16,,50,within_sampled_range,UU,143,83.33333333333334,runs/yin_category_uu_20260926/results/r21vgg2k_vgg16_bn_aa_s42/houses_yin64/results.csv,UU
aa4,VGG2k / AA4,r21vgg2k_vgg16_bn_aa_s42,category_calibration,124,single_uu,Houses,Houses,0.16,,50,within_sampled_range,UU,144,91.66666666666666,runs/yin_category_uu_20260926/results/r21vgg2k_vgg16_bn_aa_s42/houses_yin64/results.csv,UU
aa4,VGG2k / AA4,r21vgg2k_vgg16_bn_aa_s42,category_calibration,124,single_uu,Houses,Houses,0.16,,50,within_sampled_range,UU,145,79.16666666666666,runs/yin_category_uu_20260926/results/r21vgg2k_vgg16_bn_aa_s42/houses_yin64/results.csv,UU
aa4,VGG2k / AA4,r21vgg2k_vgg16_bn_aa_s42,category_calibration,124,single_uu,Houses,Houses,0.16,,50,within_sampled_range,UU,146,79.16666666666666,runs/yin_category_uu_20260926/results/r21vgg2k_vgg16_bn_aa_s42/houses_yin64/results.csv,UU
aa4,VGG2k / AA4,r21vgg2k_vgg16_bn_aa_s42,category_calibration,124,single_uu,Houses,Houses,0.16,,50,within_sampled_range,UU,147,95.83333333333334,runs/yin_category_uu_20260926/results/r21vgg2k_vgg16_bn_aa_s42/houses_yin64/results.csv,UU
aa4,VGG2k / AA4,r21vgg2k_vgg16_bn_aa_s42,category_calibration,124,single_uu,Houses,Houses,0.16,,50,within_sampled_range,UU,148,95.83333333333334,runs/yin_category_uu_20260926/results/r21vgg2k_vgg16_bn_aa_s42/houses_yin64/results.csv,UU
aa4,VGG2k / AA4,r21vgg2k_vgg16_bn_aa_s42,category_calibration,124,single_uu,Houses,Houses,0.16,,50,within_sampled_range,UU,149,83.33333333333334,runs/yin_category_uu_20260926/results/r21vgg2k_vgg16_bn_aa_s42/houses_yin64/results.csv,UU
aa4,VGG2k / AA4,r21vgg2k_vgg16_bn_aa_s42,category_calibration,124,single_uu,Houses,Houses,0.16,,50,within_sampled_range,UU,150,87.5,runs/yin_category_uu_20260926/results/r21vgg2k_vgg16_bn_aa_s42/houses_yin64/results.csv,UU
aa4,VGG2k / AA4,r21vgg2k_vgg16_bn_aa_s42,category_calibration,124,single_uu,Houses,Houses,0.16,,50,within_sampled_range,II,101,91.66666666666666,runs/yin_category_uu_20260926/results/r21vgg2k_vgg16_bn_aa_s42/houses_yin64/results.csv,II
aa4,VGG2k / AA4,r21vgg2k_vgg16_bn_aa_s42,category_calibration,124,single_uu,Houses,Houses,0.16,,50,within_sampled_range,II,102,91.66666666666666,runs/yin_category_uu_20260926/results/r21vgg2k_vgg16_bn_aa_s42/houses_yin64/results.csv,II
aa4,VGG2k / AA4,r21vgg2k_vgg16_bn_aa_s42,category_calibration,124,single_uu,Houses,Houses,0.16,,50,within_sampled_range,II,103,100.0,runs/yin_category_uu_20260926/results/r21vgg2k_vgg16_bn_aa_s42/houses_yin64/results.csv,II
aa4,VGG2k / AA4,r21vgg2k_vgg16_bn_aa_s42,category_calibration,124,single_uu,Houses,Houses,0.16,,50,within_sampled_range,II,104,87.5,runs/yin_category_uu_20260926/results/r21vgg2k_vgg16_bn_aa_s42/houses_yin64/results.csv,II
aa4,VGG2k / AA4,r21vgg2k_vgg16_bn_aa_s42,category_calibration,124,single_uu,Houses,Houses,0.16,,50,within_sampled_range,II,105,95.83333333333334,runs/yin_category_uu_20260926/results/r21vgg2k_vgg16_bn_aa_s42/houses_yin64/results.csv,II
aa4,VGG2k / AA4,r21vgg2k_vgg16_bn_aa_s42,category_calibration,124,single_uu,Houses,Houses,0.16,,50,within_sampled_range,II,106,95.83333333333334,runs/yin_category_uu_20260926/results/r21vgg2k_vgg16_bn_aa_s42/houses_yin64/results.csv,II
aa4,VGG2k / AA4,r21vgg2k_vgg16_bn_aa_s42,category_calibration,124,single_uu,Houses,Houses,0.16,,50,within_sampled_range,II,107,95.83333333333334,runs/yin_category_uu_20260926/results/r21vgg2k_vgg16_bn_aa_s42/houses_yin64/results.csv,II
aa4,VGG2k / AA4,r21vgg2k_vgg16_bn_aa_s42,category_calibration,124,single_uu,Houses,Houses,0.16,,50,within_sampled_range,II,108,95.83333333333334,runs/yin_category_uu_20260926/results/r21vgg2k_vgg16_bn_aa_s42/houses_yin64/results.csv,II
aa4,VGG2k / AA4,r21vgg2k_vgg16_bn_aa_s42,category_calibration,124,single_uu,Houses,Houses,0.16,,50,within_sampled_range,II,109,83.33333333333334,runs/yin_category_uu_20260926/results/r21vgg2k_vgg16_bn_aa_s42/houses_yin64/results.csv,II
aa4,VGG2k / AA4,r21vgg2k_vgg16_bn_aa_s42,category_calibration,124,single_uu,Houses,Houses,0.16,,50,within_sampled_range,II,110,91.66666666666666,runs/yin_category_uu_20260926/results/r21vgg2k_vgg16_bn_aa_s42/houses_yin64/results.csv,II
aa4,VGG2k / AA4,r21vgg2k_vgg16_bn_aa_s42,category_calibration,124,single_uu,Houses,Houses,0.16,,50,within_sampled_range,II,111,87.5,runs/yin_category_uu_20260926/results/r21vgg2k_vgg16_bn_aa_s42/houses_yin64/results.csv,II
aa4,VGG2k / AA4,r21vgg2k_vgg16_bn_aa_s42,category_calibration,124,single_uu,Houses,Houses,0.16,,50,within_sampled_range,II,112,87.5,runs/yin_category_uu_20260926/results/r21vgg2k_vgg16_bn_aa_s42/houses_yin64/results.csv,II
aa4,VGG2k / AA4,r21vgg2k_vgg16_bn_aa_s42,category_calibration,124,single_uu,Houses,Houses,0.16,,50,within_sampled_range,II,113,95.83333333333334,runs/yin_category_uu_20260926/results/r21vgg2k_vgg16_bn_aa_s42/houses_yin64/results.csv,II
aa4,VGG2k / AA4,r21vgg2k_vgg16_bn_aa_s42,category_calibration,124,single_uu,Houses,Houses,0.16,,50,within_sampled_range,II,114,91.66666666666666,runs/yin_category_uu_20260926/results/r21vgg2k_vgg16_bn_aa_s42/houses_yin64/results.csv,II
aa4,VGG2k / AA4,r21vgg2k_vgg16_bn_aa_s42,category_calibration,124,single_uu,Houses,Houses,0.16,,50,within_sampled_range,II,115,95.83333333333334,runs/yin_category_uu_20260926/results/r21vgg2k_vgg16_bn_aa_s42/houses_yin64/results.csv,II
aa4,VGG2k / AA4,r21vgg2k_vgg16_bn_aa_s42,category_calibration,124,single_uu,Houses,Houses,0.16,,50,within_sampled_range,II,116,95.83333333333334,runs/yin_category_uu_20260926/results/r21vgg2k_vgg16_bn_aa_s42/houses_yin64/results.csv,II
aa4,VGG2k / AA4,r21vgg2k_vgg16_bn_aa_s42,category_calibration,124,single_uu,Houses,Houses,0.16,,50,within_sampled_range,II,117,100.0,runs/yin_category_uu_20260926/results/r21vgg2k_vgg16_bn_aa_s42/houses_yin64/results.csv,II
aa4,VGG2k / AA4,r21vgg2k_vgg16_bn_aa_s42,category_calibration,124,single_uu,Houses,Houses,0.16,,50,within_sampled_range,II,118,95.83333333333334,runs/yin_category_uu_20260926/results/r21vgg2k_vgg16_bn_aa_s42/houses_yin64/results.csv,II
aa4,VGG2k / AA4,r21vgg2k_vgg16_bn_aa_s42,category_calibration,124,single_uu,Houses,Houses,0.16,,50,within_sampled_range,II,119,95.83333333333334,runs/yin_category_uu_20260926/results/r21vgg2k_vgg16_bn_aa_s42/houses_yin64/results.csv,II
aa4,VGG2k / AA4,r21vgg2k_vgg16_bn_aa_s42,category_calibration,124,single_uu,Houses,Houses,0.16,,50,within_sampled_range,II,120,91.66666666666666,runs/yin_category_uu_20260926/results/r21vgg2k_vgg16_bn_aa_s42/houses_yin64/results.csv,II
aa4,VGG2k / AA4,r21vgg2k_vgg16_bn_aa_s42,category_calibration,124,single_uu,Houses,Houses,0.16,,50,within_sampled_range,II,121,83.33333333333334,runs/yin_category_uu_20260926/results/r21vgg2k_vgg16_bn_aa_s42/houses_yin64/results.csv,II
aa4,VGG2k / AA4,r21vgg2k_vgg16_bn_aa_s42,category_calibration,124,single_uu,Houses,Houses,0.16,,50,within_sampled_range,II,122,87.5,runs/yin_category_uu_20260926/results/r21vgg2k_vgg16_bn_aa_s42/houses_yin64/results.csv,II
aa4,VGG2k / AA4,r21vgg2k_vgg16_bn_aa_s42,category_calibration,124,single_uu,Houses,Houses,0.16,,50,within_sampled_range,II,123,91.66666666666666,runs/yin_category_uu_20260926/results/r21vgg2k_vgg16_bn_aa_s42/houses_yin64/results.csv,II
aa4,VGG2k / AA4,r21vgg2k_vgg16_bn_aa_s42,category_calibration,124,single_uu,Houses,Houses,0.16,,50,within_sampled_range,II,124,100.0,runs/yin_category_uu_20260926/results/r21vgg2k_vgg16_bn_aa_s42/houses_yin64/results.csv,II
aa4,VGG2k / AA4,r21vgg2k_vgg16_bn_aa_s42,category_calibration,124,single_uu,Houses,Houses,0.16,,50,within_sampled_range,II,125,95.83333333333334,runs/yin_category_uu_20260926/results/r21vgg2k_vgg16_bn_aa_s42/houses_yin64/results.csv,II
aa4,VGG2k / AA4,r21vgg2k_vgg16_bn_aa_s42,category_calibration,124,single_uu,Houses,Houses,0.16,,50,within_sampled_range,II,126,91.66666666666666,runs/yin_category_uu_20260926/results/r21vgg2k_vgg16_bn_aa_s42/houses_yin64/results.csv,II
aa4,VGG2k / AA4,r21vgg2k_vgg16_bn_aa_s42,category_calibration,124,single_uu,Houses,Houses,0.16,,50,within_sampled_range,II,127,95.83333333333334,runs/yin_category_uu_20260926/results/r21vgg2k_vgg16_bn_aa_s42/houses_yin64/results.csv,II
aa4,VGG2k / AA4,r21vgg2k_vgg16_bn_aa_s42,category_calibration,124,single_uu,Houses,Houses,0.16,,50,within_sampled_range,II,128,87.5,runs/yin_category_uu_20260926/results/r21vgg2k_vgg16_bn_aa_s42/houses_yin64/results.csv,II
aa4,VGG2k / AA4,r21vgg2k_vgg16_bn_aa_s42,category_calibration,124,single_uu,Houses,Houses,0.16,,50,within_sampled_range,II,129,95.83333333333334,runs/yin_category_uu_20260926/results/r21vgg2k_vgg16_bn_aa_s42/houses_yin64/results.csv,II
aa4,VGG2k / AA4,r21vgg2k_vgg16_bn_aa_s42,category_calibration,124,single_uu,Houses,Houses,0.16,,50,within_sampled_range,II,130,95.83333333333334,runs/yin_category_uu_20260926/results/r21vgg2k_vgg16_bn_aa_s42/houses_yin64/results.csv,II
aa4,VGG2k / AA4,r21vgg2k_vgg16_bn_aa_s42,category_calibration,124,single_uu,Houses,Houses,0.16,,50,within_sampled_range,II,131,87.5,runs/yin_category_uu_20260926/results/r21vgg2k_vgg16_bn_aa_s42/houses_yin64/results.csv,II
aa4,VGG2k / AA4,r21vgg2k_vgg16_bn_aa_s42,category_calibration,124,single_uu,Houses,Houses,0.16,,50,within_sampled_range,II,132,100.0,runs/yin_category_uu_20260926/results/r21vgg2k_vgg16_bn_aa_s42/houses_yin64/results.csv,II
aa4,VGG2k / AA4,r21vgg2k_vgg16_bn_aa_s42,category_calibration,124,single_uu,Houses,Houses,0.16,,50,within_sampled_range,II,133,95.83333333333334,runs/yin_category_uu_20260926/results/r21vgg2k_vgg16_bn_aa_s42/houses_yin64/results.csv,II
aa4,VGG2k / AA4,r21vgg2k_vgg16_bn_aa_s42,category_calibration,124,single_uu,Houses,Houses,0.16,,50,within_sampled_range,II,134,70.83333333333334,runs/yin_category_uu_20260926/results/r21vgg2k_vgg16_bn_aa_s42/houses_yin64/results.csv,II
aa4,VGG2k / AA4,r21vgg2k_vgg16_bn_aa_s42,category_calibration,124,single_uu,Houses,Houses,0.16,,50,within_sampled_range,II,135,87.5,runs/yin_category_uu_20260926/results/r21vgg2k_vgg16_bn_aa_s42/houses_yin64/results.csv,II
aa4,VGG2k / AA4,r21vgg2k_vgg16_bn_aa_s42,category_calibration,124,single_uu,Houses,Houses,0.16,,50,within_sampled_range,II,136,95.83333333333334,runs/yin_category_uu_20260926/results/r21vgg2k_vgg16_bn_aa_s42/houses_yin64/results.csv,II
aa4,VGG2k / AA4,r21vgg2k_vgg16_bn_aa_s42,category_calibration,124,single_uu,Houses,Houses,0.16,,50,within_sampled_range,II,137,100.0,runs/yin_category_uu_20260926/results/r21vgg2k_vgg16_bn_aa_s42/houses_yin64/results.csv,II
aa4,VGG2k / AA4,r21vgg2k_vgg16_bn_aa_s42,category_calibration,124,single_uu,Houses,Houses,0.16,,50,within_sampled_range,II,138,91.66666666666666,runs/yin_category_uu_20260926/results/r21vgg2k_vgg16_bn_aa_s42/houses_yin64/results.csv,II
aa4,VGG2k / AA4,r21vgg2k_vgg16_bn_aa_s42,category_calibration,124,single_uu,Houses,Houses,0.16,,50,within_sampled_range,II,139,87.5,runs/yin_category_uu_20260926/results/r21vgg2k_vgg16_bn_aa_s42/houses_yin64/results.csv,II
aa4,VGG2k / AA4,r21vgg2k_vgg16_bn_aa_s42,category_calibration,124,single_uu,Houses,Houses,0.16,,50,within_sampled_range,II,140,95.83333333333334,runs/yin_category_uu_20260926/results/r21vgg2k_vgg16_bn_aa_s42/houses_yin64/results.csv,II
aa4,VGG2k / AA4,r21vgg2k_vgg16_bn_aa_s42,category_calibration,124,single_uu,Houses,Houses,0.16,,50,within_sampled_range,II,141,95.83333333333334,runs/yin_category_uu_20260926/results/r21vgg2k_vgg16_bn_aa_s42/houses_yin64/results.csv,II
aa4,VGG2k / AA4,r21vgg2k_vgg16_bn_aa_s42,category_calibration,124,single_uu,Houses,Houses,0.16,,50,within_sampled_range,II,142,100.0,runs/yin_category_uu_20260926/results/r21vgg2k_vgg16_bn_aa_s42/houses_yin64/results.csv,II
aa4,VGG2k / AA4,r21vgg2k_vgg16_bn_aa_s42,category_calibration,124,single_uu,Houses,Houses,0.16,,50,within_sampled_range,II,143,95.83333333333334,runs/yin_category_uu_20260926/results/r21vgg2k_vgg16_bn_aa_s42/houses_yin64/results.csv,II
aa4,VGG2k / AA4,r21vgg2k_vgg16_bn_aa_s42,category_calibration,124,single_uu,Houses,Houses,0.16,,50,within_sampled_range,II,144,100.0,runs/yin_category_uu_20260926/results/r21vgg2k_vgg16_bn_aa_s42/houses_yin64/results.csv,II
aa4,VGG2k / AA4,r21vgg2k_vgg16_bn_aa_s42,category_calibration,124,single_uu,Houses,Houses,0.16,,50,within_sampled_range,II,145,83.33333333333334,runs/yin_category_uu_20260926/results/r21vgg2k_vgg16_bn_aa_s42/houses_yin64/results.csv,II
aa4,VGG2k / AA4,r21vgg2k_vgg16_bn_aa_s42,category_calibration,124,single_uu,Houses,Houses,0.16,,50,within_sampled_range,II,146,95.83333333333334,runs/yin_category_uu_20260926/results/r21vgg2k_vgg16_bn_aa_s42/houses_yin64/results.csv,II
aa4,VGG2k / AA4,r21vgg2k_vgg16_bn_aa_s42,category_calibration,124,single_uu,Houses,Houses,0.16,,50,within_sampled_range,II,147,83.33333333333334,runs/yin_category_uu_20260926/results/r21vgg2k_vgg16_bn_aa_s42/houses_yin64/results.csv,II
aa4,VGG2k / AA4,r21vgg2k_vgg16_bn_aa_s42,category_calibration,124,single_uu,Houses,Houses,0.16,,50,within_sampled_range,II,148,87.5,runs/yin_category_uu_20260926/results/r21vgg2k_vgg16_bn_aa_s42/houses_yin64/results.csv,II
aa4,VGG2k / AA4,r21vgg2k_vgg16_bn_aa_s42,category_calibration,124,single_uu,Houses,Houses,0.16,,50,within_sampled_range,II,149,95.83333333333334,runs/yin_category_uu_20260926/results/r21vgg2k_vgg16_bn_aa_s42/houses_yin64/results.csv,II
aa4,VGG2k / AA4,r21vgg2k_vgg16_bn_aa_s42,category_calibration,124,single_uu,Houses,Houses,0.16,,50,within_sampled_range,II,150,91.66666666666666,runs/yin_category_uu_20260926/results/r21vgg2k_vgg16_bn_aa_s42/houses_yin64/results.csv,II
aa4,VGG2k / AA4,r21vgg2k_vgg16_bn_aa_s42,category_calibration,124,single_uu,Houses,Houses,0.16,,50,within_sampled_range,UI,101,91.66666666666666,runs/yin_category_uu_20260926/results/r21vgg2k_vgg16_bn_aa_s42/houses_yin64/results.csv,UI
aa4,VGG2k / AA4,r21vgg2k_vgg16_bn_aa_s42,category_calibration,124,single_uu,Houses,Houses,0.16,,50,within_sampled_range,UI,102,83.33333333333334,runs/yin_category_uu_20260926/results/r21vgg2k_vgg16_bn_aa_s42/houses_yin64/results.csv,UI
aa4,VGG2k / AA4,r21vgg2k_vgg16_bn_aa_s42,category_calibration,124,single_uu,Houses,Houses,0.16,,50,within_sampled_range,UI,103,91.66666666666666,runs/yin_category_uu_20260926/results/r21vgg2k_vgg16_bn_aa_s42/houses_yin64/results.csv,UI
aa4,VGG2k / AA4,r21vgg2k_vgg16_bn_aa_s42,category_calibration,124,single_uu,Houses,Houses,0.16,,50,within_sampled_range,UI,104,91.66666666666666,runs/yin_category_uu_20260926/results/r21vgg2k_vgg16_bn_aa_s42/houses_yin64/results.csv,UI
aa4,VGG2k / AA4,r21vgg2k_vgg16_bn_aa_s42,category_calibration,124,single_uu,Houses,Houses,0.16,,50,within_sampled_range,UI,105,87.5,runs/yin_category_uu_20260926/results/r21vgg2k_vgg16_bn_aa_s42/houses_yin64/results.csv,UI
aa4,VGG2k / AA4,r21vgg2k_vgg16_bn_aa_s42,category_calibration,124,single_uu,Houses,Houses,0.16,,50,within_sampled_range,UI,106,83.33333333333334,runs/yin_category_uu_20260926/results/r21vgg2k_vgg16_bn_aa_s42/houses_yin64/results.csv,UI
aa4,VGG2k / AA4,r21vgg2k_vgg16_bn_aa_s42,category_calibration,124,single_uu,Houses,Houses,0.16,,50,within_sampled_range,UI,107,95.83333333333334,runs/yin_category_uu_20260926/results/r21vgg2k_vgg16_bn_aa_s42/houses_yin64/results.csv,UI
aa4,VGG2k / AA4,r21vgg2k_vgg16_bn_aa_s42,category_calibration,124,single_uu,Houses,Houses,0.16,,50,within_sampled_range,UI,108,95.83333333333334,runs/yin_category_uu_20260926/results/r21vgg2k_vgg16_bn_aa_s42/houses_yin64/results.csv,UI
aa4,VGG2k / AA4,r21vgg2k_vgg16_bn_aa_s42,category_calibration,124,single_uu,Houses,Houses,0.16,,50,within_sampled_range,UI,109,87.5,runs/yin_category_uu_20260926/results/r21vgg2k_vgg16_bn_aa_s42/houses_yin64/results.csv,UI
aa4,VGG2k / AA4,r21vgg2k_vgg16_bn_aa_s42,category_calibration,124,single_uu,Houses,Houses,0.16,,50,within_sampled_range,UI,110,75.0,runs/yin_category_uu_20260926/results/r21vgg2k_vgg16_bn_aa_s42/houses_yin64/results.csv,UI
aa4,VGG2k / AA4,r21vgg2k_vgg16_bn_aa_s42,category_calibration,124,single_uu,Houses,Houses,0.16,,50,within_sampled_range,UI,111,83.33333333333334,runs/yin_category_uu_20260926/results/r21vgg2k_vgg16_bn_aa_s42/houses_yin64/results.csv,UI
aa4,VGG2k / AA4,r21vgg2k_vgg16_bn_aa_s42,category_calibration,124,single_uu,Houses,Houses,0.16,,50,within_sampled_range,UI,112,95.83333333333334,runs/yin_category_uu_20260926/results/r21vgg2k_vgg16_bn_aa_s42/houses_yin64/results.csv,UI
aa4,VGG2k / AA4,r21vgg2k_vgg16_bn_aa_s42,category_calibration,124,single_uu,Houses,Houses,0.16,,50,within_sampled_range,UI,113,83.33333333333334,runs/yin_category_uu_20260926/results/r21vgg2k_vgg16_bn_aa_s42/houses_yin64/results.csv,UI
aa4,VGG2k / AA4,r21vgg2k_vgg16_bn_aa_s42,category_calibration,124,single_uu,Houses,Houses,0.16,,50,within_sampled_range,UI,114,75.0,runs/yin_category_uu_20260926/results/r21vgg2k_vgg16_bn_aa_s42/houses_yin64/results.csv,UI
aa4,VGG2k / AA4,r21vgg2k_vgg16_bn_aa_s42,category_calibration,124,single_uu,Houses,Houses,0.16,,50,within_sampled_range,UI,115,87.5,runs/yin_category_uu_20260926/results/r21vgg2k_vgg16_bn_aa_s42/houses_yin64/results.csv,UI
aa4,VGG2k / AA4,r21vgg2k_vgg16_bn_aa_s42,category_calibration,124,single_uu,Houses,Houses,0.16,,50,within_sampled_range,UI,116,91.66666666666666,runs/yin_category_uu_20260926/results/r21vgg2k_vgg16_bn_aa_s42/houses_yin64/results.csv,UI
aa4,VGG2k / AA4,r21vgg2k_vgg16_bn_aa_s42,category_calibration,124,single_uu,Houses,Houses,0.16,,50,within_sampled_range,UI,117,79.16666666666666,runs/yin_category_uu_20260926/results/r21vgg2k_vgg16_bn_aa_s42/houses_yin64/results.csv,UI
aa4,VGG2k / AA4,r21vgg2k_vgg16_bn_aa_s42,category_calibration,124,single_uu,Houses,Houses,0.16,,50,within_sampled_range,UI,118,87.5,runs/yin_category_uu_20260926/results/r21vgg2k_vgg16_bn_aa_s42/houses_yin64/results.csv,UI
aa4,VGG2k / AA4,r21vgg2k_vgg16_bn_aa_s42,category_calibration,124,single_uu,Houses,Houses,0.16,,50,within_sampled_range,UI,119,87.5,runs/yin_category_uu_20260926/results/r21vgg2k_vgg16_bn_aa_s42/houses_yin64/results.csv,UI
aa4,VGG2k / AA4,r21vgg2k_vgg16_bn_aa_s42,category_calibration,124,single_uu,Houses,Houses,0.16,,50,within_sampled_range,UI,120,83.33333333333334,runs/yin_category_uu_20260926/results/r21vgg2k_vgg16_bn_aa_s42/houses_yin64/results.csv,UI
aa4,VGG2k / AA4,r21vgg2k_vgg16_bn_aa_s42,category_calibration,124,single_uu,Houses,Houses,0.16,,50,within_sampled_range,UI,121,79.16666666666666,runs/yin_category_uu_20260926/results/r21vgg2k_vgg16_bn_aa_s42/houses_yin64/results.csv,UI
aa4,VGG2k / AA4,r21vgg2k_vgg16_bn_aa_s42,category_calibration,124,single_uu,Houses,Houses,0.16,,50,within_sampled_range,UI,122,79.16666666666666,runs/yin_category_uu_20260926/results/r21vgg2k_vgg16_bn_aa_s42/houses_yin64/results.csv,UI
aa4,VGG2k / AA4,r21vgg2k_vgg16_bn_aa_s42,category_calibration,124,single_uu,Houses,Houses,0.16,,50,within_sampled_range,UI,123,95.83333333333334,runs/yin_category_uu_20260926/results/r21vgg2k_vgg16_bn_aa_s42/houses_yin64/results.csv,UI
aa4,VGG2k / AA4,r21vgg2k_vgg16_bn_aa_s42,category_calibration,124,single_uu,Houses,Houses,0.16,,50,within_sampled_range,UI,124,87.5,runs/yin_category_uu_20260926/results/r21vgg2k_vgg16_bn_aa_s42/houses_yin64/results.csv,UI
aa4,VGG2k / AA4,r21vgg2k_vgg16_bn_aa_s42,category_calibration,124,single_uu,Houses,Houses,0.16,,50,within_sampled_range,UI,125,87.5,runs/yin_category_uu_20260926/results/r21vgg2k_vgg16_bn_aa_s42/houses_yin64/results.csv,UI
aa4,VGG2k / AA4,r21vgg2k_vgg16_bn_aa_s42,category_calibration,124,single_uu,Houses,Houses,0.16,,50,within_sampled_range,UI,126,87.5,runs/yin_category_uu_20260926/results/r21vgg2k_vgg16_bn_aa_s42/houses_yin64/results.csv,UI
aa4,VGG2k / AA4,r21vgg2k_vgg16_bn_aa_s42,category_calibration,124,single_uu,Houses,Houses,0.16,,50,within_sampled_range,UI,127,95.83333333333334,runs/yin_category_uu_20260926/results/r21vgg2k_vgg16_bn_aa_s42/houses_yin64/results.csv,UI
aa4,VGG2k / AA4,r21vgg2k_vgg16_bn_aa_s42,category_calibration,124,single_uu,Houses,Houses,0.16,,50,within_sampled_range,UI,128,79.16666666666666,runs/yin_category_uu_20260926/results/r21vgg2k_vgg16_bn_aa_s42/houses_yin64/results.csv,UI
aa4,VGG2k / AA4,r21vgg2k_vgg16_bn_aa_s42,category_calibration,124,single_uu,Houses,Houses,0.16,,50,within_sampled_range,UI,129,83.33333333333334,runs/yin_category_uu_20260926/results/r21vgg2k_vgg16_bn_aa_s42/houses_yin64/results.csv,UI
aa4,VGG2k / AA4,r21vgg2k_vgg16_bn_aa_s42,category_calibration,124,single_uu,Houses,Houses,0.16,,50,within_sampled_range,UI,130,91.66666666666666,runs/yin_category_uu_20260926/results/r21vgg2k_vgg16_bn_aa_s42/houses_yin64/results.csv,UI
aa4,VGG2k / AA4,r21vgg2k_vgg16_bn_aa_s42,category_calibration,124,single_uu,Houses,Houses,0.16,,50,within_sampled_range,UI,131,79.16666666666666,runs/yin_category_uu_20260926/results/r21vgg2k_vgg16_bn_aa_s42/houses_yin64/results.csv,UI
aa4,VGG2k / AA4,r21vgg2k_vgg16_bn_aa_s42,category_calibration,124,single_uu,Houses,Houses,0.16,,50,within_sampled_range,UI,132,91.66666666666666,runs/yin_category_uu_20260926/results/r21vgg2k_vgg16_bn_aa_s42/houses_yin64/results.csv,UI
aa4,VGG2k / AA4,r21vgg2k_vgg16_bn_aa_s42,category_calibration,124,single_uu,Houses,Houses,0.16,,50,within_sampled_range,UI,133,87.5,runs/yin_category_uu_20260926/results/r21vgg2k_vgg16_bn_aa_s42/houses_yin64/results.csv,UI
aa4,VGG2k / AA4,r21vgg2k_vgg16_bn_aa_s42,category_calibration,124,single_uu,Houses,Houses,0.16,,50,within_sampled_range,UI,134,83.33333333333334,runs/yin_category_uu_20260926/results/r21vgg2k_vgg16_bn_aa_s42/houses_yin64/results.csv,UI
aa4,VGG2k / AA4,r21vgg2k_vgg16_bn_aa_s42,category_calibration,124,single_uu,Houses,Houses,0.16,,50,within_sampled_range,UI,135,83.33333333333334,runs/yin_category_uu_20260926/results/r21vgg2k_vgg16_bn_aa_s42/houses_yin64/results.csv,UI
aa4,VGG2k / AA4,r21vgg2k_vgg16_bn_aa_s42,category_calibration,124,single_uu,Houses,Houses,0.16,,50,within_sampled_range,UI,136,83.33333333333334,runs/yin_category_uu_20260926/results/r21vgg2k_vgg16_bn_aa_s42/houses_yin64/results.csv,UI
aa4,VGG2k / AA4,r21vgg2k_vgg16_bn_aa_s42,category_calibration,124,single_uu,Houses,Houses,0.16,,50,within_sampled_range,UI,137,95.83333333333334,runs/yin_category_uu_20260926/results/r21vgg2k_vgg16_bn_aa_s42/houses_yin64/results.csv,UI
aa4,VGG2k / AA4,r21vgg2k_vgg16_bn_aa_s42,category_calibration,124,single_uu,Houses,Houses,0.16,,50,within_sampled_range,UI,138,83.33333333333334,runs/yin_category_uu_20260926/results/r21vgg2k_vgg16_bn_aa_s42/houses_yin64/results.csv,UI
aa4,VGG2k / AA4,r21vgg2k_vgg16_bn_aa_s42,category_calibration,124,single_uu,Houses,Houses,0.16,,50,within_sampled_range,UI,139,83.33333333333334,runs/yin_category_uu_20260926/results/r21vgg2k_vgg16_bn_aa_s42/houses_yin64/results.csv,UI
aa4,VGG2k / AA4,r21vgg2k_vgg16_bn_aa_s42,category_calibration,124,single_uu,Houses,Houses,0.16,,50,within_sampled_range,UI,140,87.5,runs/yin_category_uu_20260926/results/r21vgg2k_vgg16_bn_aa_s42/houses_yin64/results.csv,UI
aa4,VGG2k / AA4,r21vgg2k_vgg16_bn_aa_s42,category_calibration,124,single_uu,Houses,Houses,0.16,,50,within_sampled_range,UI,141,91.66666666666666,runs/yin_category_uu_20260926/results/r21vgg2k_vgg16_bn_aa_s42/houses_yin64/results.csv,UI
aa4,VGG2k / AA4,r21vgg2k_vgg16_bn_aa_s42,category_calibration,124,single_uu,Houses,Houses,0.16,,50,within_sampled_range,UI,142,100.0,runs/yin_category_uu_20260926/results/r21vgg2k_vgg16_bn_aa_s42/houses_yin64/results.csv,UI
aa4,VGG2k / AA4,r21vgg2k_vgg16_bn_aa_s42,category_calibration,124,single_uu,Houses,Houses,0.16,,50,within_sampled_range,UI,143,91.66666666666666,runs/yin_category_uu_20260926/results/r21vgg2k_vgg16_bn_aa_s42/houses_yin64/results.csv,UI
aa4,VGG2k / AA4,r21vgg2k_vgg16_bn_aa_s42,category_calibration,124,single_uu,Houses,Houses,0.16,,50,within_sampled_range,UI,144,91.66666666666666,runs/yin_category_uu_20260926/results/r21vgg2k_vgg16_bn_aa_s42/houses_yin64/results.csv,UI
aa4,VGG2k / AA4,r21vgg2k_vgg16_bn_aa_s42,category_calibration,124,single_uu,Houses,Houses,0.16,,50,within_sampled_range,UI,145,79.16666666666666,runs/yin_category_uu_20260926/results/r21vgg2k_vgg16_bn_aa_s42/houses_yin64/results.csv,UI
aa4,VGG2k / AA4,r21vgg2k_vgg16_bn_aa_s42,category_calibration,124,single_uu,Houses,Houses,0.16,,50,within_sampled_range,UI,146,79.16666666666666,runs/yin_category_uu_20260926/results/r21vgg2k_vgg16_bn_aa_s42/houses_yin64/results.csv,UI
aa4,VGG2k / AA4,r21vgg2k_vgg16_bn_aa_s42,category_calibration,124,single_uu,Houses,Houses,0.16,,50,within_sampled_range,UI,147,83.33333333333334,runs/yin_category_uu_20260926/results/r21vgg2k_vgg16_bn_aa_s42/houses_yin64/results.csv,UI
aa4,VGG2k / AA4,r21vgg2k_vgg16_bn_aa_s42,category_calibration,124,single_uu,Houses,Houses,0.16,,50,within_sampled_range,UI,148,79.16666666666666,runs/yin_category_uu_20260926/results/r21vgg2k_vgg16_bn_aa_s42/houses_yin64/results.csv,UI
aa4,VGG2k / AA4,r21vgg2k_vgg16_bn_aa_s42,category_calibration,124,single_uu,Houses,Houses,0.16,,50,within_sampled_range,UI,149,83.33333333333334,runs/yin_category_uu_20260926/results/r21vgg2k_vgg16_bn_aa_s42/houses_yin64/results.csv,UI
aa4,VGG2k / AA4,r21vgg2k_vgg16_bn_aa_s42,category_calibration,124,single_uu,Houses,Houses,0.16,,50,within_sampled_range,UI,150,79.16666666666666,runs/yin_category_uu_20260926/results/r21vgg2k_vgg16_bn_aa_s42/houses_yin64/results.csv,UI
aa4,VGG2k / AA4,r21vgg2k_vgg16_bn_aa_s42,category_calibration,124,single_uu,Houses,Houses,0.16,,50,within_sampled_range,IU,101,87.5,runs/yin_category_uu_20260926/results/r21vgg2k_vgg16_bn_aa_s42/houses_yin64/results.csv,IU
aa4,VGG2k / AA4,r21vgg2k_vgg16_bn_aa_s42,category_calibration,124,single_uu,Houses,Houses,0.16,,50,within_sampled_range,IU,102,87.5,runs/yin_category_uu_20260926/results/r21vgg2k_vgg16_bn_aa_s42/houses_yin64/results.csv,IU
aa4,VGG2k / AA4,r21vgg2k_vgg16_bn_aa_s42,category_calibration,124,single_uu,Houses,Houses,0.16,,50,within_sampled_range,IU,103,83.33333333333334,runs/yin_category_uu_20260926/results/r21vgg2k_vgg16_bn_aa_s42/houses_yin64/results.csv,IU
aa4,VGG2k / AA4,r21vgg2k_vgg16_bn_aa_s42,category_calibration,124,single_uu,Houses,Houses,0.16,,50,within_sampled_range,IU,104,83.33333333333334,runs/yin_category_uu_20260926/results/r21vgg2k_vgg16_bn_aa_s42/houses_yin64/results.csv,IU
aa4,VGG2k / AA4,r21vgg2k_vgg16_bn_aa_s42,category_calibration,124,single_uu,Houses,Houses,0.16,,50,within_sampled_range,IU,105,87.5,runs/yin_category_uu_20260926/results/r21vgg2k_vgg16_bn_aa_s42/houses_yin64/results.csv,IU
aa4,VGG2k / AA4,r21vgg2k_vgg16_bn_aa_s42,category_calibration,124,single_uu,Houses,Houses,0.16,,50,within_sampled_range,IU,106,79.16666666666666,runs/yin_category_uu_20260926/results/r21vgg2k_vgg16_bn_aa_s42/houses_yin64/results.csv,IU
aa4,VGG2k / AA4,r21vgg2k_vgg16_bn_aa_s42,category_calibration,124,single_uu,Houses,Houses,0.16,,50,within_sampled_range,IU,107,87.5,runs/yin_category_uu_20260926/results/r21vgg2k_vgg16_bn_aa_s42/houses_yin64/results.csv,IU
aa4,VGG2k / AA4,r21vgg2k_vgg16_bn_aa_s42,category_calibration,124,single_uu,Houses,Houses,0.16,,50,within_sampled_range,IU,108,83.33333333333334,runs/yin_category_uu_20260926/results/r21vgg2k_vgg16_bn_aa_s42/houses_yin64/results.csv,IU
aa4,VGG2k / AA4,r21vgg2k_vgg16_bn_aa_s42,category_calibration,124,single_uu,Houses,Houses,0.16,,50,within_sampled_range,IU,109,66.66666666666666,runs/yin_category_uu_20260926/results/r21vgg2k_vgg16_bn_aa_s42/houses_yin64/results.csv,IU
aa4,VGG2k / AA4,r21vgg2k_vgg16_bn_aa_s42,category_calibration,124,single_uu,Houses,Houses,0.16,,50,within_sampled_range,IU,110,75.0,runs/yin_category_uu_20260926/results/r21vgg2k_vgg16_bn_aa_s42/houses_yin64/results.csv,IU
aa4,VGG2k / AA4,r21vgg2k_vgg16_bn_aa_s42,category_calibration,124,single_uu,Houses,Houses,0.16,,50,within_sampled_range,IU,111,83.33333333333334,runs/yin_category_uu_20260926/results/r21vgg2k_vgg16_bn_aa_s42/houses_yin64/results.csv,IU
aa4,VGG2k / AA4,r21vgg2k_vgg16_bn_aa_s42,category_calibration,124,single_uu,Houses,Houses,0.16,,50,within_sampled_range,IU,112,83.33333333333334,runs/yin_category_uu_20260926/results/r21vgg2k_vgg16_bn_aa_s42/houses_yin64/results.csv,IU
aa4,VGG2k / AA4,r21vgg2k_vgg16_bn_aa_s42,category_calibration,124,single_uu,Houses,Houses,0.16,,50,within_sampled_range,IU,113,83.33333333333334,runs/yin_category_uu_20260926/results/r21vgg2k_vgg16_bn_aa_s42/houses_yin64/results.csv,IU
aa4,VGG2k / AA4,r21vgg2k_vgg16_bn_aa_s42,category_calibration,124,single_uu,Houses,Houses,0.16,,50,within_sampled_range,IU,114,83.33333333333334,runs/yin_category_uu_20260926/results/r21vgg2k_vgg16_bn_aa_s42/houses_yin64/results.csv,IU
aa4,VGG2k / AA4,r21vgg2k_vgg16_bn_aa_s42,category_calibration,124,single_uu,Houses,Houses,0.16,,50,within_sampled_range,IU,115,79.16666666666666,runs/yin_category_uu_20260926/results/r21vgg2k_vgg16_bn_aa_s42/houses_yin64/results.csv,IU
aa4,VGG2k / AA4,r21vgg2k_vgg16_bn_aa_s42,category_calibration,124,single_uu,Houses,Houses,0.16,,50,within_sampled_range,IU,116,79.16666666666666,runs/yin_category_uu_20260926/results/r21vgg2k_vgg16_bn_aa_s42/houses_yin64/results.csv,IU
aa4,VGG2k / AA4,r21vgg2k_vgg16_bn_aa_s42,category_calibration,124,single_uu,Houses,Houses,0.16,,50,within_sampled_range,IU,117,70.83333333333334,runs/yin_category_uu_20260926/results/r21vgg2k_vgg16_bn_aa_s42/houses_yin64/results.csv,IU
aa4,VGG2k / AA4,r21vgg2k_vgg16_bn_aa_s42,category_calibration,124,single_uu,Houses,Houses,0.16,,50,within_sampled_range,IU,118,83.33333333333334,runs/yin_category_uu_20260926/results/r21vgg2k_vgg16_bn_aa_s42/houses_yin64/results.csv,IU
aa4,VGG2k / AA4,r21vgg2k_vgg16_bn_aa_s42,category_calibration,124,single_uu,Houses,Houses,0.16,,50,within_sampled_range,IU,119,83.33333333333334,runs/yin_category_uu_20260926/results/r21vgg2k_vgg16_bn_aa_s42/houses_yin64/results.csv,IU
aa4,VGG2k / AA4,r21vgg2k_vgg16_bn_aa_s42,category_calibration,124,single_uu,Houses,Houses,0.16,,50,within_sampled_range,IU,120,75.0,runs/yin_category_uu_20260926/results/r21vgg2k_vgg16_bn_aa_s42/houses_yin64/results.csv,IU
aa4,VGG2k / AA4,r21vgg2k_vgg16_bn_aa_s42,category_calibration,124,single_uu,Houses,Houses,0.16,,50,within_sampled_range,IU,121,70.83333333333334,runs/yin_category_uu_20260926/results/r21vgg2k_vgg16_bn_aa_s42/houses_yin64/results.csv,IU
aa4,VGG2k / AA4,r21vgg2k_vgg16_bn_aa_s42,category_calibration,124,single_uu,Houses,Houses,0.16,,50,within_sampled_range,IU,122,75.0,runs/yin_category_uu_20260926/results/r21vgg2k_vgg16_bn_aa_s42/houses_yin64/results.csv,IU
aa4,VGG2k / AA4,r21vgg2k_vgg16_bn_aa_s42,category_calibration,124,single_uu,Houses,Houses,0.16,,50,within_sampled_range,IU,123,79.16666666666666,runs/yin_category_uu_20260926/results/r21vgg2k_vgg16_bn_aa_s42/houses_yin64/results.csv,IU
aa4,VGG2k / AA4,r21vgg2k_vgg16_bn_aa_s42,category_calibration,124,single_uu,Houses,Houses,0.16,,50,within_sampled_range,IU,124,83.33333333333334,runs/yin_category_uu_20260926/results/r21vgg2k_vgg16_bn_aa_s42/houses_yin64/results.csv,IU
aa4,VGG2k / AA4,r21vgg2k_vgg16_bn_aa_s42,category_calibration,124,single_uu,Houses,Houses,0.16,,50,within_sampled_range,IU,125,75.0,runs/yin_category_uu_20260926/results/r21vgg2k_vgg16_bn_aa_s42/houses_yin64/results.csv,IU
aa4,VGG2k / AA4,r21vgg2k_vgg16_bn_aa_s42,category_calibration,124,single_uu,Houses,Houses,0.16,,50,within_sampled_range,IU,126,83.33333333333334,runs/yin_category_uu_20260926/results/r21vgg2k_vgg16_bn_aa_s42/houses_yin64/results.csv,IU
aa4,VGG2k / AA4,r21vgg2k_vgg16_bn_aa_s42,category_calibration,124,single_uu,Houses,Houses,0.16,,50,within_sampled_range,IU,127,87.5,runs/yin_category_uu_20260926/results/r21vgg2k_vgg16_bn_aa_s42/houses_yin64/results.csv,IU
aa4,VGG2k / AA4,r21vgg2k_vgg16_bn_aa_s42,category_calibration,124,single_uu,Houses,Houses,0.16,,50,within_sampled_range,IU,128,87.5,runs/yin_category_uu_20260926/results/r21vgg2k_vgg16_bn_aa_s42/houses_yin64/results.csv,IU
aa4,VGG2k / AA4,r21vgg2k_vgg16_bn_aa_s42,category_calibration,124,single_uu,Houses,Houses,0.16,,50,within_sampled_range,IU,129,87.5,runs/yin_category_uu_20260926/results/r21vgg2k_vgg16_bn_aa_s42/houses_yin64/results.csv,IU
aa4,VGG2k / AA4,r21vgg2k_vgg16_bn_aa_s42,category_calibration,124,single_uu,Houses,Houses,0.16,,50,within_sampled_range,IU,130,87.5,runs/yin_category_uu_20260926/results/r21vgg2k_vgg16_bn_aa_s42/houses_yin64/results.csv,IU
aa4,VGG2k / AA4,r21vgg2k_vgg16_bn_aa_s42,category_calibration,124,single_uu,Houses,Houses,0.16,,50,within_sampled_range,IU,131,79.16666666666666,runs/yin_category_uu_20260926/results/r21vgg2k_vgg16_bn_aa_s42/houses_yin64/results.csv,IU
aa4,VGG2k / AA4,r21vgg2k_vgg16_bn_aa_s42,category_calibration,124,single_uu,Houses,Houses,0.16,,50,within_sampled_range,IU,132,91.66666666666666,runs/yin_category_uu_20260926/results/r21vgg2k_vgg16_bn_aa_s42/houses_yin64/results.csv,IU
aa4,VGG2k / AA4,r21vgg2k_vgg16_bn_aa_s42,category_calibration,124,single_uu,Houses,Houses,0.16,,50,within_sampled_range,IU,133,79.16666666666666,runs/yin_category_uu_20260926/results/r21vgg2k_vgg16_bn_aa_s42/houses_yin64/results.csv,IU
aa4,VGG2k / AA4,r21vgg2k_vgg16_bn_aa_s42,category_calibration,124,single_uu,Houses,Houses,0.16,,50,within_sampled_range,IU,134,70.83333333333334,runs/yin_category_uu_20260926/results/r21vgg2k_vgg16_bn_aa_s42/houses_yin64/results.csv,IU
aa4,VGG2k / AA4,r21vgg2k_vgg16_bn_aa_s42,category_calibration,124,single_uu,Houses,Houses,0.16,,50,within_sampled_range,IU,135,62.5,runs/yin_category_uu_20260926/results/r21vgg2k_vgg16_bn_aa_s42/houses_yin64/results.csv,IU
aa4,VGG2k / AA4,r21vgg2k_vgg16_bn_aa_s42,category_calibration,124,single_uu,Houses,Houses,0.16,,50,within_sampled_range,IU,136,79.16666666666666,runs/yin_category_uu_20260926/results/r21vgg2k_vgg16_bn_aa_s42/houses_yin64/results.csv,IU
aa4,VGG2k / AA4,r21vgg2k_vgg16_bn_aa_s42,category_calibration,124,single_uu,Houses,Houses,0.16,,50,within_sampled_range,IU,137,87.5,runs/yin_category_uu_20260926/results/r21vgg2k_vgg16_bn_aa_s42/houses_yin64/results.csv,IU
aa4,VGG2k / AA4,r21vgg2k_vgg16_bn_aa_s42,category_calibration,124,single_uu,Houses,Houses,0.16,,50,within_sampled_range,IU,138,79.16666666666666,runs/yin_category_uu_20260926/results/r21vgg2k_vgg16_bn_aa_s42/houses_yin64/results.csv,IU
aa4,VGG2k / AA4,r21vgg2k_vgg16_bn_aa_s42,category_calibration,124,single_uu,Houses,Houses,0.16,,50,within_sampled_range,IU,139,79.16666666666666,runs/yin_category_uu_20260926/results/r21vgg2k_vgg16_bn_aa_s42/houses_yin64/results.csv,IU
aa4,VGG2k / AA4,r21vgg2k_vgg16_bn_aa_s42,category_calibration,124,single_uu,Houses,Houses,0.16,,50,within_sampled_range,IU,140,83.33333333333334,runs/yin_category_uu_20260926/results/r21vgg2k_vgg16_bn_aa_s42/houses_yin64/results.csv,IU
aa4,VGG2k / AA4,r21vgg2k_vgg16_bn_aa_s42,category_calibration,124,single_uu,Houses,Houses,0.16,,50,within_sampled_range,IU,141,87.5,runs/yin_category_uu_20260926/results/r21vgg2k_vgg16_bn_aa_s42/houses_yin64/results.csv,IU
aa4,VGG2k / AA4,r21vgg2k_vgg16_bn_aa_s42,category_calibration,124,single_uu,Houses,Houses,0.16,,50,within_sampled_range,IU,142,91.66666666666666,runs/yin_category_uu_20260926/results/r21vgg2k_vgg16_bn_aa_s42/houses_yin64/results.csv,IU
aa4,VGG2k / AA4,r21vgg2k_vgg16_bn_aa_s42,category_calibration,124,single_uu,Houses,Houses,0.16,,50,within_sampled_range,IU,143,75.0,runs/yin_category_uu_20260926/results/r21vgg2k_vgg16_bn_aa_s42/houses_yin64/results.csv,IU
aa4,VGG2k / AA4,r21vgg2k_vgg16_bn_aa_s42,category_calibration,124,single_uu,Houses,Houses,0.16,,50,within_sampled_range,IU,144,79.16666666666666,runs/yin_category_uu_20260926/results/r21vgg2k_vgg16_bn_aa_s42/houses_yin64/results.csv,IU
aa4,VGG2k / AA4,r21vgg2k_vgg16_bn_aa_s42,category_calibration,124,single_uu,Houses,Houses,0.16,,50,within_sampled_range,IU,145,79.16666666666666,runs/yin_category_uu_20260926/results/r21vgg2k_vgg16_bn_aa_s42/houses_yin64/results.csv,IU
aa4,VGG2k / AA4,r21vgg2k_vgg16_bn_aa_s42,category_calibration,124,single_uu,Houses,Houses,0.16,,50,within_sampled_range,IU,146,75.0,runs/yin_category_uu_20260926/results/r21vgg2k_vgg16_bn_aa_s42/houses_yin64/results.csv,IU
aa4,VGG2k / AA4,r21vgg2k_vgg16_bn_aa_s42,category_calibration,124,single_uu,Houses,Houses,0.16,,50,within_sampled_range,IU,147,75.0,runs/yin_category_uu_20260926/results/r21vgg2k_vgg16_bn_aa_s42/houses_yin64/results.csv,IU
aa4,VGG2k / AA4,r21vgg2k_vgg16_bn_aa_s42,category_calibration,124,single_uu,Houses,Houses,0.16,,50,within_sampled_range,IU,148,83.33333333333334,runs/yin_category_uu_20260926/results/r21vgg2k_vgg16_bn_aa_s42/houses_yin64/results.csv,IU
aa4,VGG2k / AA4,r21vgg2k_vgg16_bn_aa_s42,category_calibration,124,single_uu,Houses,Houses,0.16,,50,within_sampled_range,IU,149,79.16666666666666,runs/yin_category_uu_20260926/results/r21vgg2k_vgg16_bn_aa_s42/houses_yin64/results.csv,IU
aa4,VGG2k / AA4,r21vgg2k_vgg16_bn_aa_s42,category_calibration,124,single_uu,Houses,Houses,0.16,,50,within_sampled_range,IU,150,70.83333333333334,runs/yin_category_uu_20260926/results/r21vgg2k_vgg16_bn_aa_s42/houses_yin64/results.csv,IU
aa4,VGG2k / AA4,r21vgg2k_vgg16_bn_aa_s42,snapshot,105,two_cross,RFW WM64,Faces,0.37,0.4,50,within_sampled_range,UU,101,100.0,runs/yin_orientation_20260925/results/latest/r21vgg2k_vgg16_bn_aa_s42/faces_rfwWM64/results.csv,UU
aa4,VGG2k / AA4,r21vgg2k_vgg16_bn_aa_s42,snapshot,105,two_cross,RFW WM64,Faces,0.37,0.4,50,within_sampled_range,UU,102,95.83333333333334,runs/yin_orientation_20260925/results/latest/r21vgg2k_vgg16_bn_aa_s42/faces_rfwWM64/results.csv,UU
aa4,VGG2k / AA4,r21vgg2k_vgg16_bn_aa_s42,snapshot,105,two_cross,RFW WM64,Faces,0.37,0.4,50,within_sampled_range,UU,103,100.0,runs/yin_orientation_20260925/results/latest/r21vgg2k_vgg16_bn_aa_s42/faces_rfwWM64/results.csv,UU
aa4,VGG2k / AA4,r21vgg2k_vgg16_bn_aa_s42,snapshot,105,two_cross,RFW WM64,Faces,0.37,0.4,50,within_sampled_range,UU,104,95.83333333333334,runs/yin_orientation_20260925/results/latest/r21vgg2k_vgg16_bn_aa_s42/faces_rfwWM64/results.csv,UU
aa4,VGG2k / AA4,r21vgg2k_vgg16_bn_aa_s42,snapshot,105,two_cross,RFW WM64,Faces,0.37,0.4,50,within_sampled_range,UU,105,87.5,runs/yin_orientation_20260925/results/latest/r21vgg2k_vgg16_bn_aa_s42/faces_rfwWM64/results.csv,UU
aa4,VGG2k / AA4,r21vgg2k_vgg16_bn_aa_s42,snapshot,105,two_cross,RFW WM64,Faces,0.37,0.4,50,within_sampled_range,UU,106,95.83333333333334,runs/yin_orientation_20260925/results/latest/r21vgg2k_vgg16_bn_aa_s42/faces_rfwWM64/results.csv,UU
aa4,VGG2k / AA4,r21vgg2k_vgg16_bn_aa_s42,snapshot,105,two_cross,RFW WM64,Faces,0.37,0.4,50,within_sampled_range,UU,107,95.83333333333334,runs/yin_orientation_20260925/results/latest/r21vgg2k_vgg16_bn_aa_s42/faces_rfwWM64/results.csv,UU
aa4,VGG2k / AA4,r21vgg2k_vgg16_bn_aa_s42,snapshot,105,two_cross,RFW WM64,Faces,0.37,0.4,50,within_sampled_range,UU,108,91.66666666666666,runs/yin_orientation_20260925/results/latest/r21vgg2k_vgg16_bn_aa_s42/faces_rfwWM64/results.csv,UU
aa4,VGG2k / AA4,r21vgg2k_vgg16_bn_aa_s42,snapshot,105,two_cross,RFW WM64,Faces,0.37,0.4,50,within_sampled_range,UU,109,100.0,runs/yin_orientation_20260925/results/latest/r21vgg2k_vgg16_bn_aa_s42/faces_rfwWM64/results.csv,UU
aa4,VGG2k / AA4,r21vgg2k_vgg16_bn_aa_s42,snapshot,105,two_cross,RFW WM64,Faces,0.37,0.4,50,within_sampled_range,UU,110,95.83333333333334,runs/yin_orientation_20260925/results/latest/r21vgg2k_vgg16_bn_aa_s42/faces_rfwWM64/results.csv,UU
aa4,VGG2k / AA4,r21vgg2k_vgg16_bn_aa_s42,snapshot,105,two_cross,RFW WM64,Faces,0.37,0.4,50,within_sampled_range,UU,111,95.83333333333334,runs/yin_orientation_20260925/results/latest/r21vgg2k_vgg16_bn_aa_s42/faces_rfwWM64/results.csv,UU
aa4,VGG2k / AA4,r21vgg2k_vgg16_bn_aa_s42,snapshot,105,two_cross,RFW WM64,Faces,0.37,0.4,50,within_sampled_range,UU,112,95.83333333333334,runs/yin_orientation_20260925/results/latest/r21vgg2k_vgg16_bn_aa_s42/faces_rfwWM64/results.csv,UU
aa4,VGG2k / AA4,r21vgg2k_vgg16_bn_aa_s42,snapshot,105,two_cross,RFW WM64,Faces,0.37,0.4,50,within_sampled_range,UU,113,100.0,runs/yin_orientation_20260925/results/latest/r21vgg2k_vgg16_bn_aa_s42/faces_rfwWM64/results.csv,UU
aa4,VGG2k / AA4,r21vgg2k_vgg16_bn_aa_s42,snapshot,105,two_cross,RFW WM64,Faces,0.37,0.4,50,within_sampled_range,UU,114,100.0,runs/yin_orientation_20260925/results/latest/r21vgg2k_vgg16_bn_aa_s42/faces_rfwWM64/results.csv,UU
aa4,VGG2k / AA4,r21vgg2k_vgg16_bn_aa_s42,snapshot,105,two_cross,RFW WM64,Faces,0.37,0.4,50,within_sampled_range,UU,115,83.33333333333334,runs/yin_orientation_20260925/results/latest/r21vgg2k_vgg16_bn_aa_s42/faces_rfwWM64/results.csv,UU
aa4,VGG2k / AA4,r21vgg2k_vgg16_bn_aa_s42,snapshot,105,two_cross,RFW WM64,Faces,0.37,0.4,50,within_sampled_range,UU,116,100.0,runs/yin_orientation_20260925/results/latest/r21vgg2k_vgg16_bn_aa_s42/faces_rfwWM64/results.csv,UU
aa4,VGG2k / AA4,r21vgg2k_vgg16_bn_aa_s42,snapshot,105,two_cross,RFW WM64,Faces,0.37,0.4,50,within_sampled_range,UU,117,100.0,runs/yin_orientation_20260925/results/latest/r21vgg2k_vgg16_bn_aa_s42/faces_rfwWM64/results.csv,UU
aa4,VGG2k / AA4,r21vgg2k_vgg16_bn_aa_s42,snapshot,105,two_cross,RFW WM64,Faces,0.37,0.4,50,within_sampled_range,UU,118,91.66666666666666,runs/yin_orientation_20260925/results/latest/r21vgg2k_vgg16_bn_aa_s42/faces_rfwWM64/results.csv,UU
aa4,VGG2k / AA4,r21vgg2k_vgg16_bn_aa_s42,snapshot,105,two_cross,RFW WM64,Faces,0.37,0.4,50,within_sampled_range,UU,119,95.83333333333334,runs/yin_orientation_20260925/results/latest/r21vgg2k_vgg16_bn_aa_s42/faces_rfwWM64/results.csv,UU
aa4,VGG2k / AA4,r21vgg2k_vgg16_bn_aa_s42,snapshot,105,two_cross,RFW WM64,Faces,0.37,0.4,50,within_sampled_range,UU,120,91.66666666666666,runs/yin_orientation_20260925/results/latest/r21vgg2k_vgg16_bn_aa_s42/faces_rfwWM64/results.csv,UU
aa4,VGG2k / AA4,r21vgg2k_vgg16_bn_aa_s42,snapshot,105,two_cross,RFW WM64,Faces,0.37,0.4,50,within_sampled_range,UU,121,95.83333333333334,runs/yin_orientation_20260925/results/latest/r21vgg2k_vgg16_bn_aa_s42/faces_rfwWM64/results.csv,UU
aa4,VGG2k / AA4,r21vgg2k_vgg16_bn_aa_s42,snapshot,105,two_cross,RFW WM64,Faces,0.37,0.4,50,within_sampled_range,UU,122,95.83333333333334,runs/yin_orientation_20260925/results/latest/r21vgg2k_vgg16_bn_aa_s42/faces_rfwWM64/results.csv,UU
aa4,VGG2k / AA4,r21vgg2k_vgg16_bn_aa_s42,snapshot,105,two_cross,RFW WM64,Faces,0.37,0.4,50,within_sampled_range,UU,123,95.83333333333334,runs/yin_orientation_20260925/results/latest/r21vgg2k_vgg16_bn_aa_s42/faces_rfwWM64/results.csv,UU
aa4,VGG2k / AA4,r21vgg2k_vgg16_bn_aa_s42,snapshot,105,two_cross,RFW WM64,Faces,0.37,0.4,50,within_sampled_range,UU,124,91.66666666666666,runs/yin_orientation_20260925/results/latest/r21vgg2k_vgg16_bn_aa_s42/faces_rfwWM64/results.csv,UU
aa4,VGG2k / AA4,r21vgg2k_vgg16_bn_aa_s42,snapshot,105,two_cross,RFW WM64,Faces,0.37,0.4,50,within_sampled_range,UU,125,95.83333333333334,runs/yin_orientation_20260925/results/latest/r21vgg2k_vgg16_bn_aa_s42/faces_rfwWM64/results.csv,UU
aa4,VGG2k / AA4,r21vgg2k_vgg16_bn_aa_s42,snapshot,105,two_cross,RFW WM64,Faces,0.37,0.4,50,within_sampled_range,UU,126,95.83333333333334,runs/yin_orientation_20260925/results/latest/r21vgg2k_vgg16_bn_aa_s42/faces_rfwWM64/results.csv,UU
aa4,VGG2k / AA4,r21vgg2k_vgg16_bn_aa_s42,snapshot,105,two_cross,RFW WM64,Faces,0.37,0.4,50,within_sampled_range,UU,127,95.83333333333334,runs/yin_orientation_20260925/results/latest/r21vgg2k_vgg16_bn_aa_s42/faces_rfwWM64/results.csv,UU
aa4,VGG2k / AA4,r21vgg2k_vgg16_bn_aa_s42,snapshot,105,two_cross,RFW WM64,Faces,0.37,0.4,50,within_sampled_range,UU,128,95.83333333333334,runs/yin_orientation_20260925/results/latest/r21vgg2k_vgg16_bn_aa_s42/faces_rfwWM64/results.csv,UU
aa4,VGG2k / AA4,r21vgg2k_vgg16_bn_aa_s42,snapshot,105,two_cross,RFW WM64,Faces,0.37,0.4,50,within_sampled_range,UU,129,100.0,runs/yin_orientation_20260925/results/latest/r21vgg2k_vgg16_bn_aa_s42/faces_rfwWM64/results.csv,UU
aa4,VGG2k / AA4,r21vgg2k_vgg16_bn_aa_s42,snapshot,105,two_cross,RFW WM64,Faces,0.37,0.4,50,within_sampled_range,UU,130,100.0,runs/yin_orientation_20260925/results/latest/r21vgg2k_vgg16_bn_aa_s42/faces_rfwWM64/results.csv,UU
aa4,VGG2k / AA4,r21vgg2k_vgg16_bn_aa_s42,snapshot,105,two_cross,RFW WM64,Faces,0.37,0.4,50,within_sampled_range,UU,131,100.0,runs/yin_orientation_20260925/results/latest/r21vgg2k_vgg16_bn_aa_s42/faces_rfwWM64/results.csv,UU
aa4,VGG2k / AA4,r21vgg2k_vgg16_bn_aa_s42,snapshot,105,two_cross,RFW WM64,Faces,0.37,0.4,50,within_sampled_range,UU,132,91.66666666666666,runs/yin_orientation_20260925/results/latest/r21vgg2k_vgg16_bn_aa_s42/faces_rfwWM64/results.csv,UU
aa4,VGG2k / AA4,r21vgg2k_vgg16_bn_aa_s42,snapshot,105,two_cross,RFW WM64,Faces,0.37,0.4,50,within_sampled_range,UU,133,91.66666666666666,runs/yin_orientation_20260925/results/latest/r21vgg2k_vgg16_bn_aa_s42/faces_rfwWM64/results.csv,UU
aa4,VGG2k / AA4,r21vgg2k_vgg16_bn_aa_s42,snapshot,105,two_cross,RFW WM64,Faces,0.37,0.4,50,within_sampled_range,UU,134,100.0,runs/yin_orientation_20260925/results/latest/r21vgg2k_vgg16_bn_aa_s42/faces_rfwWM64/results.csv,UU
aa4,VGG2k / AA4,r21vgg2k_vgg16_bn_aa_s42,snapshot,105,two_cross,RFW WM64,Faces,0.37,0.4,50,within_sampled_range,UU,135,95.83333333333334,runs/yin_orientation_20260925/results/latest/r21vgg2k_vgg16_bn_aa_s42/faces_rfwWM64/results.csv,UU
aa4,VGG2k / AA4,r21vgg2k_vgg16_bn_aa_s42,snapshot,105,two_cross,RFW WM64,Faces,0.37,0.4,50,within_sampled_range,UU,136,91.66666666666666,runs/yin_orientation_20260925/results/latest/r21vgg2k_vgg16_bn_aa_s42/faces_rfwWM64/results.csv,UU
aa4,VGG2k / AA4,r21vgg2k_vgg16_bn_aa_s42,snapshot,105,two_cross,RFW WM64,Faces,0.37,0.4,50,within_sampled_range,UU,137,95.83333333333334,runs/yin_orientation_20260925/results/latest/r21vgg2k_vgg16_bn_aa_s42/faces_rfwWM64/results.csv,UU
aa4,VGG2k / AA4,r21vgg2k_vgg16_bn_aa_s42,snapshot,105,two_cross,RFW WM64,Faces,0.37,0.4,50,within_sampled_range,UU,138,95.83333333333334,runs/yin_orientation_20260925/results/latest/r21vgg2k_vgg16_bn_aa_s42/faces_rfwWM64/results.csv,UU
aa4,VGG2k / AA4,r21vgg2k_vgg16_bn_aa_s42,snapshot,105,two_cross,RFW WM64,Faces,0.37,0.4,50,within_sampled_range,UU,139,100.0,runs/yin_orientation_20260925/results/latest/r21vgg2k_vgg16_bn_aa_s42/faces_rfwWM64/results.csv,UU
aa4,VGG2k / AA4,r21vgg2k_vgg16_bn_aa_s42,snapshot,105,two_cross,RFW WM64,Faces,0.37,0.4,50,within_sampled_range,UU,140,100.0,runs/yin_orientation_20260925/results/latest/r21vgg2k_vgg16_bn_aa_s42/faces_rfwWM64/results.csv,UU
aa4,VGG2k / AA4,r21vgg2k_vgg16_bn_aa_s42,snapshot,105,two_cross,RFW WM64,Faces,0.37,0.4,50,within_sampled_range,UU,141,100.0,runs/yin_orientation_20260925/results/latest/r21vgg2k_vgg16_bn_aa_s42/faces_rfwWM64/results.csv,UU
aa4,VGG2k / AA4,r21vgg2k_vgg16_bn_aa_s42,snapshot,105,two_cross,RFW WM64,Faces,0.37,0.4,50,within_sampled_range,UU,142,95.83333333333334,runs/yin_orientation_20260925/results/latest/r21vgg2k_vgg16_bn_aa_s42/faces_rfwWM64/results.csv,UU
aa4,VGG2k / AA4,r21vgg2k_vgg16_bn_aa_s42,snapshot,105,two_cross,RFW WM64,Faces,0.37,0.4,50,within_sampled_range,UU,143,100.0,runs/yin_orientation_20260925/results/latest/r21vgg2k_vgg16_bn_aa_s42/faces_rfwWM64/results.csv,UU
aa4,VGG2k / AA4,r21vgg2k_vgg16_bn_aa_s42,snapshot,105,two_cross,RFW WM64,Faces,0.37,0.4,50,within_sampled_range,UU,144,100.0,runs/yin_orientation_20260925/results/latest/r21vgg2k_vgg16_bn_aa_s42/faces_rfwWM64/results.csv,UU
aa4,VGG2k / AA4,r21vgg2k_vgg16_bn_aa_s42,snapshot,105,two_cross,RFW WM64,Faces,0.37,0.4,50,within_sampled_range,UU,145,95.83333333333334,runs/yin_orientation_20260925/results/latest/r21vgg2k_vgg16_bn_aa_s42/faces_rfwWM64/results.csv,UU
aa4,VGG2k / AA4,r21vgg2k_vgg16_bn_aa_s42,snapshot,105,two_cross,RFW WM64,Faces,0.37,0.4,50,within_sampled_range,UU,146,91.66666666666666,runs/yin_orientation_20260925/results/latest/r21vgg2k_vgg16_bn_aa_s42/faces_rfwWM64/results.csv,UU
aa4,VGG2k / AA4,r21vgg2k_vgg16_bn_aa_s42,snapshot,105,two_cross,RFW WM64,Faces,0.37,0.4,50,within_sampled_range,UU,147,91.66666666666666,runs/yin_orientation_20260925/results/latest/r21vgg2k_vgg16_bn_aa_s42/faces_rfwWM64/results.csv,UU
aa4,VGG2k / AA4,r21vgg2k_vgg16_bn_aa_s42,snapshot,105,two_cross,RFW WM64,Faces,0.37,0.4,50,within_sampled_range,UU,148,95.83333333333334,runs/yin_orientation_20260925/results/latest/r21vgg2k_vgg16_bn_aa_s42/faces_rfwWM64/results.csv,UU
aa4,VGG2k / AA4,r21vgg2k_vgg16_bn_aa_s42,snapshot,105,two_cross,RFW WM64,Faces,0.37,0.4,50,within_sampled_range,UU,149,95.83333333333334,runs/yin_orientation_20260925/results/latest/r21vgg2k_vgg16_bn_aa_s42/faces_rfwWM64/results.csv,UU
aa4,VGG2k / AA4,r21vgg2k_vgg16_bn_aa_s42,snapshot,105,two_cross,RFW WM64,Faces,0.37,0.4,50,within_sampled_range,UU,150,95.83333333333334,runs/yin_orientation_20260925/results/latest/r21vgg2k_vgg16_bn_aa_s42/faces_rfwWM64/results.csv,UU
aa4,VGG2k / AA4,r21vgg2k_vgg16_bn_aa_s42,snapshot,105,two_cross,RFW WM64,Faces,0.37,0.4,50,within_sampled_range,II,101,87.5,runs/yin_orientation_20260925/results/latest/r21vgg2k_vgg16_bn_aa_s42/faces_rfwWM64/results.csv,II
aa4,VGG2k / AA4,r21vgg2k_vgg16_bn_aa_s42,snapshot,105,two_cross,RFW WM64,Faces,0.37,0.4,50,within_sampled_range,II,102,66.66666666666666,runs/yin_orientation_20260925/results/latest/r21vgg2k_vgg16_bn_aa_s42/faces_rfwWM64/results.csv,II
aa4,VGG2k / AA4,r21vgg2k_vgg16_bn_aa_s42,snapshot,105,two_cross,RFW WM64,Faces,0.37,0.4,50,within_sampled_range,II,103,87.5,runs/yin_orientation_20260925/results/latest/r21vgg2k_vgg16_bn_aa_s42/faces_rfwWM64/results.csv,II
aa4,VGG2k / AA4,r21vgg2k_vgg16_bn_aa_s42,snapshot,105,two_cross,RFW WM64,Faces,0.37,0.4,50,within_sampled_range,II,104,79.16666666666666,runs/yin_orientation_20260925/results/latest/r21vgg2k_vgg16_bn_aa_s42/faces_rfwWM64/results.csv,II
aa4,VGG2k / AA4,r21vgg2k_vgg16_bn_aa_s42,snapshot,105,two_cross,RFW WM64,Faces,0.37,0.4,50,within_sampled_range,II,105,87.5,runs/yin_orientation_20260925/results/latest/r21vgg2k_vgg16_bn_aa_s42/faces_rfwWM64/results.csv,II
aa4,VGG2k / AA4,r21vgg2k_vgg16_bn_aa_s42,snapshot,105,two_cross,RFW WM64,Faces,0.37,0.4,50,within_sampled_range,II,106,79.16666666666666,runs/yin_orientation_20260925/results/latest/r21vgg2k_vgg16_bn_aa_s42/faces_rfwWM64/results.csv,II
aa4,VGG2k / AA4,r21vgg2k_vgg16_bn_aa_s42,snapshot,105,two_cross,RFW WM64,Faces,0.37,0.4,50,within_sampled_range,II,107,87.5,runs/yin_orientation_20260925/results/latest/r21vgg2k_vgg16_bn_aa_s42/faces_rfwWM64/results.csv,II
aa4,VGG2k / AA4,r21vgg2k_vgg16_bn_aa_s42,snapshot,105,two_cross,RFW WM64,Faces,0.37,0.4,50,within_sampled_range,II,108,83.33333333333334,runs/yin_orientation_20260925/results/latest/r21vgg2k_vgg16_bn_aa_s42/faces_rfwWM64/results.csv,II
aa4,VGG2k / AA4,r21vgg2k_vgg16_bn_aa_s42,snapshot,105,two_cross,RFW WM64,Faces,0.37,0.4,50,within_sampled_range,II,109,70.83333333333334,runs/yin_orientation_20260925/results/latest/r21vgg2k_vgg16_bn_aa_s42/faces_rfwWM64/results.csv,II
aa4,VGG2k / AA4,r21vgg2k_vgg16_bn_aa_s42,snapshot,105,two_cross,RFW WM64,Faces,0.37,0.4,50,within_sampled_range,II,110,83.33333333333334,runs/yin_orientation_20260925/results/latest/r21vgg2k_vgg16_bn_aa_s42/faces_rfwWM64/results.csv,II
aa4,VGG2k / AA4,r21vgg2k_vgg16_bn_aa_s42,snapshot,105,two_cross,RFW WM64,Faces,0.37,0.4,50,within_sampled_range,II,111,83.33333333333334,runs/yin_orientation_20260925/results/latest/r21vgg2k_vgg16_bn_aa_s42/faces_rfwWM64/results.csv,II
aa4,VGG2k / AA4,r21vgg2k_vgg16_bn_aa_s42,snapshot,105,two_cross,RFW WM64,Faces,0.37,0.4,50,within_sampled_range,II,112,87.5,runs/yin_orientation_20260925/results/latest/r21vgg2k_vgg16_bn_aa_s42/faces_rfwWM64/results.csv,II
aa4,VGG2k / AA4,r21vgg2k_vgg16_bn_aa_s42,snapshot,105,two_cross,RFW WM64,Faces,0.37,0.4,50,within_sampled_range,II,113,66.66666666666666,runs/yin_orientation_20260925/results/latest/r21vgg2k_vgg16_bn_aa_s42/faces_rfwWM64/results.csv,II
aa4,VGG2k / AA4,r21vgg2k_vgg16_bn_aa_s42,snapshot,105,two_cross,RFW WM64,Faces,0.37,0.4,50,within_sampled_range,II,114,75.0,runs/yin_orientation_20260925/results/latest/r21vgg2k_vgg16_bn_aa_s42/faces_rfwWM64/results.csv,II
aa4,VGG2k / AA4,r21vgg2k_vgg16_bn_aa_s42,snapshot,105,two_cross,RFW WM64,Faces,0.37,0.4,50,within_sampled_range,II,115,70.83333333333334,runs/yin_orientation_20260925/results/latest/r21vgg2k_vgg16_bn_aa_s42/faces_rfwWM64/results.csv,II
aa4,VGG2k / AA4,r21vgg2k_vgg16_bn_aa_s42,snapshot,105,two_cross,RFW WM64,Faces,0.37,0.4,50,within_sampled_range,II,116,83.33333333333334,runs/yin_orientation_20260925/results/latest/r21vgg2k_vgg16_bn_aa_s42/faces_rfwWM64/results.csv,II
aa4,VGG2k / AA4,r21vgg2k_vgg16_bn_aa_s42,snapshot,105,two_cross,RFW WM64,Faces,0.37,0.4,50,within_sampled_range,II,117,87.5,runs/yin_orientation_20260925/results/latest/r21vgg2k_vgg16_bn_aa_s42/faces_rfwWM64/results.csv,II
aa4,VGG2k / AA4,r21vgg2k_vgg16_bn_aa_s42,snapshot,105,two_cross,RFW WM64,Faces,0.37,0.4,50,within_sampled_range,II,118,91.66666666666666,runs/yin_orientation_20260925/results/latest/r21vgg2k_vgg16_bn_aa_s42/faces_rfwWM64/results.csv,II
aa4,VGG2k / AA4,r21vgg2k_vgg16_bn_aa_s42,snapshot,105,two_cross,RFW WM64,Faces,0.37,0.4,50,within_sampled_range,II,119,87.5,runs/yin_orientation_20260925/results/latest/r21vgg2k_vgg16_bn_aa_s42/faces_rfwWM64/results.csv,II
aa4,VGG2k / AA4,r21vgg2k_vgg16_bn_aa_s42,snapshot,105,two_cross,RFW WM64,Faces,0.37,0.4,50,within_sampled_range,II,120,75.0,runs/yin_orientation_20260925/results/latest/r21vgg2k_vgg16_bn_aa_s42/faces_rfwWM64/results.csv,II
aa4,VGG2k / AA4,r21vgg2k_vgg16_bn_aa_s42,snapshot,105,two_cross,RFW WM64,Faces,0.37,0.4,50,within_sampled_range,II,121,70.83333333333334,runs/yin_orientation_20260925/results/latest/r21vgg2k_vgg16_bn_aa_s42/faces_rfwWM64/results.csv,II
aa4,VGG2k / AA4,r21vgg2k_vgg16_bn_aa_s42,snapshot,105,two_cross,RFW WM64,Faces,0.37,0.4,50,within_sampled_range,II,122,87.5,runs/yin_orientation_20260925/results/latest/r21vgg2k_vgg16_bn_aa_s42/faces_rfwWM64/results.csv,II
aa4,VGG2k / AA4,r21vgg2k_vgg16_bn_aa_s42,snapshot,105,two_cross,RFW WM64,Faces,0.37,0.4,50,within_sampled_range,II,123,79.16666666666666,runs/yin_orientation_20260925/results/latest/r21vgg2k_vgg16_bn_aa_s42/faces_rfwWM64/results.csv,II
aa4,VGG2k / AA4,r21vgg2k_vgg16_bn_aa_s42,snapshot,105,two_cross,RFW WM64,Faces,0.37,0.4,50,within_sampled_range,II,124,70.83333333333334,runs/yin_orientation_20260925/results/latest/r21vgg2k_vgg16_bn_aa_s42/faces_rfwWM64/results.csv,II
aa4,VGG2k / AA4,r21vgg2k_vgg16_bn_aa_s42,snapshot,105,two_cross,RFW WM64,Faces,0.37,0.4,50,within_sampled_range,II,125,87.5,runs/yin_orientation_20260925/results/latest/r21vgg2k_vgg16_bn_aa_s42/faces_rfwWM64/results.csv,II
aa4,VGG2k / AA4,r21vgg2k_vgg16_bn_aa_s42,snapshot,105,two_cross,RFW WM64,Faces,0.37,0.4,50,within_sampled_range,II,126,70.83333333333334,runs/yin_orientation_20260925/results/latest/r21vgg2k_vgg16_bn_aa_s42/faces_rfwWM64/results.csv,II
aa4,VGG2k / AA4,r21vgg2k_vgg16_bn_aa_s42,snapshot,105,two_cross,RFW WM64,Faces,0.37,0.4,50,within_sampled_range,II,127,79.16666666666666,runs/yin_orientation_20260925/results/latest/r21vgg2k_vgg16_bn_aa_s42/faces_rfwWM64/results.csv,II
aa4,VGG2k / AA4,r21vgg2k_vgg16_bn_aa_s42,snapshot,105,two_cross,RFW WM64,Faces,0.37,0.4,50,within_sampled_range,II,128,83.33333333333334,runs/yin_orientation_20260925/results/latest/r21vgg2k_vgg16_bn_aa_s42/faces_rfwWM64/results.csv,II
aa4,VGG2k / AA4,r21vgg2k_vgg16_bn_aa_s42,snapshot,105,two_cross,RFW WM64,Faces,0.37,0.4,50,within_sampled_range,II,129,83.33333333333334,runs/yin_orientation_20260925/results/latest/r21vgg2k_vgg16_bn_aa_s42/faces_rfwWM64/results.csv,II
aa4,VGG2k / AA4,r21vgg2k_vgg16_bn_aa_s42,snapshot,105,two_cross,RFW WM64,Faces,0.37,0.4,50,within_sampled_range,II,130,91.66666666666666,runs/yin_orientation_20260925/results/latest/r21vgg2k_vgg16_bn_aa_s42/faces_rfwWM64/results.csv,II
aa4,VGG2k / AA4,r21vgg2k_vgg16_bn_aa_s42,snapshot,105,two_cross,RFW WM64,Faces,0.37,0.4,50,within_sampled_range,II,131,70.83333333333334,runs/yin_orientation_20260925/results/latest/r21vgg2k_vgg16_bn_aa_s42/faces_rfwWM64/results.csv,II
aa4,VGG2k / AA4,r21vgg2k_vgg16_bn_aa_s42,snapshot,105,two_cross,RFW WM64,Faces,0.37,0.4,50,within_sampled_range,II,132,83.33333333333334,runs/yin_orientation_20260925/results/latest/r21vgg2k_vgg16_bn_aa_s42/faces_rfwWM64/results.csv,II
aa4,VGG2k / AA4,r21vgg2k_vgg16_bn_aa_s42,snapshot,105,two_cross,RFW WM64,Faces,0.37,0.4,50,within_sampled_range,II,133,75.0,runs/yin_orientation_20260925/results/latest/r21vgg2k_vgg16_bn_aa_s42/faces_rfwWM64/results.csv,II
aa4,VGG2k / AA4,r21vgg2k_vgg16_bn_aa_s42,snapshot,105,two_cross,RFW WM64,Faces,0.37,0.4,50,within_sampled_range,II,134,87.5,runs/yin_orientation_20260925/results/latest/r21vgg2k_vgg16_bn_aa_s42/faces_rfwWM64/results.csv,II
aa4,VGG2k / AA4,r21vgg2k_vgg16_bn_aa_s42,snapshot,105,two_cross,RFW WM64,Faces,0.37,0.4,50,within_sampled_range,II,135,62.5,runs/yin_orientation_20260925/results/latest/r21vgg2k_vgg16_bn_aa_s42/faces_rfwWM64/results.csv,II
aa4,VGG2k / AA4,r21vgg2k_vgg16_bn_aa_s42,snapshot,105,two_cross,RFW WM64,Faces,0.37,0.4,50,within_sampled_range,II,136,87.5,runs/yin_orientation_20260925/results/latest/r21vgg2k_vgg16_bn_aa_s42/faces_rfwWM64/results.csv,II
aa4,VGG2k / AA4,r21vgg2k_vgg16_bn_aa_s42,snapshot,105,two_cross,RFW WM64,Faces,0.37,0.4,50,within_sampled_range,II,137,62.5,runs/yin_orientation_20260925/results/latest/r21vgg2k_vgg16_bn_aa_s42/faces_rfwWM64/results.csv,II
aa4,VGG2k / AA4,r21vgg2k_vgg16_bn_aa_s42,snapshot,105,two_cross,RFW WM64,Faces,0.37,0.4,50,within_sampled_range,II,138,75.0,runs/yin_orientation_20260925/results/latest/r21vgg2k_vgg16_bn_aa_s42/faces_rfwWM64/results.csv,II
aa4,VGG2k / AA4,r21vgg2k_vgg16_bn_aa_s42,snapshot,105,two_cross,RFW WM64,Faces,0.37,0.4,50,within_sampled_range,II,139,87.5,runs/yin_orientation_20260925/results/latest/r21vgg2k_vgg16_bn_aa_s42/faces_rfwWM64/results.csv,II
aa4,VGG2k / AA4,r21vgg2k_vgg16_bn_aa_s42,snapshot,105,two_cross,RFW WM64,Faces,0.37,0.4,50,within_sampled_range,II,140,66.66666666666666,runs/yin_orientation_20260925/results/latest/r21vgg2k_vgg16_bn_aa_s42/faces_rfwWM64/results.csv,II
aa4,VGG2k / AA4,r21vgg2k_vgg16_bn_aa_s42,snapshot,105,two_cross,RFW WM64,Faces,0.37,0.4,50,within_sampled_range,II,141,70.83333333333334,runs/yin_orientation_20260925/results/latest/r21vgg2k_vgg16_bn_aa_s42/faces_rfwWM64/results.csv,II
aa4,VGG2k / AA4,r21vgg2k_vgg16_bn_aa_s42,snapshot,105,two_cross,RFW WM64,Faces,0.37,0.4,50,within_sampled_range,II,142,83.33333333333334,runs/yin_orientation_20260925/results/latest/r21vgg2k_vgg16_bn_aa_s42/faces_rfwWM64/results.csv,II
aa4,VGG2k / AA4,r21vgg2k_vgg16_bn_aa_s42,snapshot,105,two_cross,RFW WM64,Faces,0.37,0.4,50,within_sampled_range,II,143,79.16666666666666,runs/yin_orientation_20260925/results/latest/r21vgg2k_vgg16_bn_aa_s42/faces_rfwWM64/results.csv,II
aa4,VGG2k / AA4,r21vgg2k_vgg16_bn_aa_s42,snapshot,105,two_cross,RFW WM64,Faces,0.37,0.4,50,within_sampled_range,II,144,62.5,runs/yin_orientation_20260925/results/latest/r21vgg2k_vgg16_bn_aa_s42/faces_rfwWM64/results.csv,II
aa4,VGG2k / AA4,r21vgg2k_vgg16_bn_aa_s42,snapshot,105,two_cross,RFW WM64,Faces,0.37,0.4,50,within_sampled_range,II,145,79.16666666666666,runs/yin_orientation_20260925/results/latest/r21vgg2k_vgg16_bn_aa_s42/faces_rfwWM64/results.csv,II
aa4,VGG2k / AA4,r21vgg2k_vgg16_bn_aa_s42,snapshot,105,two_cross,RFW WM64,Faces,0.37,0.4,50,within_sampled_range,II,146,70.83333333333334,runs/yin_orientation_20260925/results/latest/r21vgg2k_vgg16_bn_aa_s42/faces_rfwWM64/results.csv,II
aa4,VGG2k / AA4,r21vgg2k_vgg16_bn_aa_s42,snapshot,105,two_cross,RFW WM64,Faces,0.37,0.4,50,within_sampled_range,II,147,79.16666666666666,runs/yin_orientation_20260925/results/latest/r21vgg2k_vgg16_bn_aa_s42/faces_rfwWM64/results.csv,II
aa4,VGG2k / AA4,r21vgg2k_vgg16_bn_aa_s42,snapshot,105,two_cross,RFW WM64,Faces,0.37,0.4,50,within_sampled_range,II,148,83.33333333333334,runs/yin_orientation_20260925/results/latest/r21vgg2k_vgg16_bn_aa_s42/faces_rfwWM64/results.csv,II
aa4,VGG2k / AA4,r21vgg2k_vgg16_bn_aa_s42,snapshot,105,two_cross,RFW WM64,Faces,0.37,0.4,50,within_sampled_range,II,149,75.0,runs/yin_orientation_20260925/results/latest/r21vgg2k_vgg16_bn_aa_s42/faces_rfwWM64/results.csv,II
aa4,VGG2k / AA4,r21vgg2k_vgg16_bn_aa_s42,snapshot,105,two_cross,RFW WM64,Faces,0.37,0.4,50,within_sampled_range,II,150,83.33333333333334,runs/yin_orientation_20260925/results/latest/r21vgg2k_vgg16_bn_aa_s42/faces_rfwWM64/results.csv,II
aa4,VGG2k / AA4,r21vgg2k_vgg16_bn_aa_s42,snapshot,105,two_cross,RFW WM64,Faces,0.37,0.4,50,within_sampled_range,UI,101,91.66666666666666,runs/yin_orientation_20260925/results/latest/r21vgg2k_vgg16_bn_aa_s42/faces_rfwWM64/results.csv,UI
aa4,VGG2k / AA4,r21vgg2k_vgg16_bn_aa_s42,snapshot,105,two_cross,RFW WM64,Faces,0.37,0.4,50,within_sampled_range,UI,102,75.0,runs/yin_orientation_20260925/results/latest/r21vgg2k_vgg16_bn_aa_s42/faces_rfwWM64/results.csv,UI
aa4,VGG2k / AA4,r21vgg2k_vgg16_bn_aa_s42,snapshot,105,two_cross,RFW WM64,Faces,0.37,0.4,50,within_sampled_range,UI,103,83.33333333333334,runs/yin_orientation_20260925/results/latest/r21vgg2k_vgg16_bn_aa_s42/faces_rfwWM64/results.csv,UI
aa4,VGG2k / AA4,r21vgg2k_vgg16_bn_aa_s42,snapshot,105,two_cross,RFW WM64,Faces,0.37,0.4,50,within_sampled_range,UI,104,95.83333333333334,runs/yin_orientation_20260925/results/latest/r21vgg2k_vgg16_bn_aa_s42/faces_rfwWM64/results.csv,UI
aa4,VGG2k / AA4,r21vgg2k_vgg16_bn_aa_s42,snapshot,105,two_cross,RFW WM64,Faces,0.37,0.4,50,within_sampled_range,UI,105,70.83333333333334,runs/yin_orientation_20260925/results/latest/r21vgg2k_vgg16_bn_aa_s42/faces_rfwWM64/results.csv,UI
aa4,VGG2k / AA4,r21vgg2k_vgg16_bn_aa_s42,snapshot,105,two_cross,RFW WM64,Faces,0.37,0.4,50,within_sampled_range,UI,106,95.83333333333334,runs/yin_orientation_20260925/results/latest/r21vgg2k_vgg16_bn_aa_s42/faces_rfwWM64/results.csv,UI
aa4,VGG2k / AA4,r21vgg2k_vgg16_bn_aa_s42,snapshot,105,two_cross,RFW WM64,Faces,0.37,0.4,50,within_sampled_range,UI,107,91.66666666666666,runs/yin_orientation_20260925/results/latest/r21vgg2k_vgg16_bn_aa_s42/faces_rfwWM64/results.csv,UI
aa4,VGG2k / AA4,r21vgg2k_vgg16_bn_aa_s42,snapshot,105,two_cross,RFW WM64,Faces,0.37,0.4,50,within_sampled_range,UI,108,83.33333333333334,runs/yin_orientation_20260925/results/latest/r21vgg2k_vgg16_bn_aa_s42/faces_rfwWM64/results.csv,UI
aa4,VGG2k / AA4,r21vgg2k_vgg16_bn_aa_s42,snapshot,105,two_cross,RFW WM64,Faces,0.37,0.4,50,within_sampled_range,UI,109,91.66666666666666,runs/yin_orientation_20260925/results/latest/r21vgg2k_vgg16_bn_aa_s42/faces_rfwWM64/results.csv,UI
aa4,VGG2k / AA4,r21vgg2k_vgg16_bn_aa_s42,snapshot,105,two_cross,RFW WM64,Faces,0.37,0.4,50,within_sampled_range,UI,110,83.33333333333334,runs/yin_orientation_20260925/results/latest/r21vgg2k_vgg16_bn_aa_s42/faces_rfwWM64/results.csv,UI
aa4,VGG2k / AA4,r21vgg2k_vgg16_bn_aa_s42,snapshot,105,two_cross,RFW WM64,Faces,0.37,0.4,50,within_sampled_range,UI,111,79.16666666666666,runs/yin_orientation_20260925/results/latest/r21vgg2k_vgg16_bn_aa_s42/faces_rfwWM64/results.csv,UI
aa4,VGG2k / AA4,r21vgg2k_vgg16_bn_aa_s42,snapshot,105,two_cross,RFW WM64,Faces,0.37,0.4,50,within_sampled_range,UI,112,79.16666666666666,runs/yin_orientation_20260925/results/latest/r21vgg2k_vgg16_bn_aa_s42/faces_rfwWM64/results.csv,UI
aa4,VGG2k / AA4,r21vgg2k_vgg16_bn_aa_s42,snapshot,105,two_cross,RFW WM64,Faces,0.37,0.4,50,within_sampled_range,UI,113,75.0,runs/yin_orientation_20260925/results/latest/r21vgg2k_vgg16_bn_aa_s42/faces_rfwWM64/results.csv,UI
aa4,VGG2k / AA4,r21vgg2k_vgg16_bn_aa_s42,snapshot,105,two_cross,RFW WM64,Faces,0.37,0.4,50,within_sampled_range,UI,114,91.66666666666666,runs/yin_orientation_20260925/results/latest/r21vgg2k_vgg16_bn_aa_s42/faces_rfwWM64/results.csv,UI
aa4,VGG2k / AA4,r21vgg2k_vgg16_bn_aa_s42,snapshot,105,two_cross,RFW WM64,Faces,0.37,0.4,50,within_sampled_range,UI,115,75.0,runs/yin_orientation_20260925/results/latest/r21vgg2k_vgg16_bn_aa_s42/faces_rfwWM64/results.csv,UI
aa4,VGG2k / AA4,r21vgg2k_vgg16_bn_aa_s42,snapshot,105,two_cross,RFW WM64,Faces,0.37,0.4,50,within_sampled_range,UI,116,91.66666666666666,runs/yin_orientation_20260925/results/latest/r21vgg2k_vgg16_bn_aa_s42/faces_rfwWM64/results.csv,UI
aa4,VGG2k / AA4,r21vgg2k_vgg16_bn_aa_s42,snapshot,105,two_cross,RFW WM64,Faces,0.37,0.4,50,within_sampled_range,UI,117,95.83333333333334,runs/yin_orientation_20260925/results/latest/r21vgg2k_vgg16_bn_aa_s42/faces_rfwWM64/results.csv,UI
aa4,VGG2k / AA4,r21vgg2k_vgg16_bn_aa_s42,snapshot,105,two_cross,RFW WM64,Faces,0.37,0.4,50,within_sampled_range,UI,118,87.5,runs/yin_orientation_20260925/results/latest/r21vgg2k_vgg16_bn_aa_s42/faces_rfwWM64/results.csv,UI
aa4,VGG2k / AA4,r21vgg2k_vgg16_bn_aa_s42,snapshot,105,two_cross,RFW WM64,Faces,0.37,0.4,50,within_sampled_range,UI,119,91.66666666666666,runs/yin_orientation_20260925/results/latest/r21vgg2k_vgg16_bn_aa_s42/faces_rfwWM64/results.csv,UI
aa4,VGG2k / AA4,r21vgg2k_vgg16_bn_aa_s42,snapshot,105,two_cross,RFW WM64,Faces,0.37,0.4,50,within_sampled_range,UI,120,87.5,runs/yin_orientation_20260925/results/latest/r21vgg2k_vgg16_bn_aa_s42/faces_rfwWM64/results.csv,UI
aa4,VGG2k / AA4,r21vgg2k_vgg16_bn_aa_s42,snapshot,105,two_cross,RFW WM64,Faces,0.37,0.4,50,within_sampled_range,UI,121,75.0,runs/yin_orientation_20260925/results/latest/r21vgg2k_vgg16_bn_aa_s42/faces_rfwWM64/results.csv,UI
aa4,VGG2k / AA4,r21vgg2k_vgg16_bn_aa_s42,snapshot,105,two_cross,RFW WM64,Faces,0.37,0.4,50,within_sampled_range,UI,122,91.66666666666666,runs/yin_orientation_20260925/results/latest/r21vgg2k_vgg16_bn_aa_s42/faces_rfwWM64/results.csv,UI
aa4,VGG2k / AA4,r21vgg2k_vgg16_bn_aa_s42,snapshot,105,two_cross,RFW WM64,Faces,0.37,0.4,50,within_sampled_range,UI,123,79.16666666666666,runs/yin_orientation_20260925/results/latest/r21vgg2k_vgg16_bn_aa_s42/faces_rfwWM64/results.csv,UI
aa4,VGG2k / AA4,r21vgg2k_vgg16_bn_aa_s42,snapshot,105,two_cross,RFW WM64,Faces,0.37,0.4,50,within_sampled_range,UI,124,83.33333333333334,runs/yin_orientation_20260925/results/latest/r21vgg2k_vgg16_bn_aa_s42/faces_rfwWM64/results.csv,UI
aa4,VGG2k / AA4,r21vgg2k_vgg16_bn_aa_s42,snapshot,105,two_cross,RFW WM64,Faces,0.37,0.4,50,within_sampled_range,UI,125,83.33333333333334,runs/yin_orientation_20260925/results/latest/r21vgg2k_vgg16_bn_aa_s42/faces_rfwWM64/results.csv,UI
aa4,VGG2k / AA4,r21vgg2k_vgg16_bn_aa_s42,snapshot,105,two_cross,RFW WM64,Faces,0.37,0.4,50,within_sampled_range,UI,126,95.83333333333334,runs/yin_orientation_20260925/results/latest/r21vgg2k_vgg16_bn_aa_s42/faces_rfwWM64/results.csv,UI
aa4,VGG2k / AA4,r21vgg2k_vgg16_bn_aa_s42,snapshot,105,two_cross,RFW WM64,Faces,0.37,0.4,50,within_sampled_range,UI,127,83.33333333333334,runs/yin_orientation_20260925/results/latest/r21vgg2k_vgg16_bn_aa_s42/faces_rfwWM64/results.csv,UI
aa4,VGG2k / AA4,r21vgg2k_vgg16_bn_aa_s42,snapshot,105,two_cross,RFW WM64,Faces,0.37,0.4,50,within_sampled_range,UI,128,95.83333333333334,runs/yin_orientation_20260925/results/latest/r21vgg2k_vgg16_bn_aa_s42/faces_rfwWM64/results.csv,UI
aa4,VGG2k / AA4,r21vgg2k_vgg16_bn_aa_s42,snapshot,105,two_cross,RFW WM64,Faces,0.37,0.4,50,within_sampled_range,UI,129,79.16666666666666,runs/yin_orientation_20260925/results/latest/r21vgg2k_vgg16_bn_aa_s42/faces_rfwWM64/results.csv,UI
aa4,VGG2k / AA4,r21vgg2k_vgg16_bn_aa_s42,snapshot,105,two_cross,RFW WM64,Faces,0.37,0.4,50,within_sampled_range,UI,130,79.16666666666666,runs/yin_orientation_20260925/results/latest/r21vgg2k_vgg16_bn_aa_s42/faces_rfwWM64/results.csv,UI
aa4,VGG2k / AA4,r21vgg2k_vgg16_bn_aa_s42,snapshot,105,two_cross,RFW WM64,Faces,0.37,0.4,50,within_sampled_range,UI,131,95.83333333333334,runs/yin_orientation_20260925/results/latest/r21vgg2k_vgg16_bn_aa_s42/faces_rfwWM64/results.csv,UI
aa4,VGG2k / AA4,r21vgg2k_vgg16_bn_aa_s42,snapshot,105,two_cross,RFW WM64,Faces,0.37,0.4,50,within_sampled_range,UI,132,87.5,runs/yin_orientation_20260925/results/latest/r21vgg2k_vgg16_bn_aa_s42/faces_rfwWM64/results.csv,UI
aa4,VGG2k / AA4,r21vgg2k_vgg16_bn_aa_s42,snapshot,105,two_cross,RFW WM64,Faces,0.37,0.4,50,within_sampled_range,UI,133,79.16666666666666,runs/yin_orientation_20260925/results/latest/r21vgg2k_vgg16_bn_aa_s42/faces_rfwWM64/results.csv,UI
aa4,VGG2k / AA4,r21vgg2k_vgg16_bn_aa_s42,snapshot,105,two_cross,RFW WM64,Faces,0.37,0.4,50,within_sampled_range,UI,134,87.5,runs/yin_orientation_20260925/results/latest/r21vgg2k_vgg16_bn_aa_s42/faces_rfwWM64/results.csv,UI
aa4,VGG2k / AA4,r21vgg2k_vgg16_bn_aa_s42,snapshot,105,two_cross,RFW WM64,Faces,0.37,0.4,50,within_sampled_range,UI,135,95.83333333333334,runs/yin_orientation_20260925/results/latest/r21vgg2k_vgg16_bn_aa_s42/faces_rfwWM64/results.csv,UI
aa4,VGG2k / AA4,r21vgg2k_vgg16_bn_aa_s42,snapshot,105,two_cross,RFW WM64,Faces,0.37,0.4,50,within_sampled_range,UI,136,87.5,runs/yin_orientation_20260925/results/latest/r21vgg2k_vgg16_bn_aa_s42/faces_rfwWM64/results.csv,UI
aa4,VGG2k / AA4,r21vgg2k_vgg16_bn_aa_s42,snapshot,105,two_cross,RFW WM64,Faces,0.37,0.4,50,within_sampled_range,UI,137,87.5,runs/yin_orientation_20260925/results/latest/r21vgg2k_vgg16_bn_aa_s42/faces_rfwWM64/results.csv,UI
aa4,VGG2k / AA4,r21vgg2k_vgg16_bn_aa_s42,snapshot,105,two_cross,RFW WM64,Faces,0.37,0.4,50,within_sampled_range,UI,138,91.66666666666666,runs/yin_orientation_20260925/results/latest/r21vgg2k_vgg16_bn_aa_s42/faces_rfwWM64/results.csv,UI
aa4,VGG2k / AA4,r21vgg2k_vgg16_bn_aa_s42,snapshot,105,two_cross,RFW WM64,Faces,0.37,0.4,50,within_sampled_range,UI,139,79.16666666666666,runs/yin_orientation_20260925/results/latest/r21vgg2k_vgg16_bn_aa_s42/faces_rfwWM64/results.csv,UI
aa4,VGG2k / AA4,r21vgg2k_vgg16_bn_aa_s42,snapshot,105,two_cross,RFW WM64,Faces,0.37,0.4,50,within_sampled_range,UI,140,100.0,runs/yin_orientation_20260925/results/latest/r21vgg2k_vgg16_bn_aa_s42/faces_rfwWM64/results.csv,UI
aa4,VGG2k / AA4,r21vgg2k_vgg16_bn_aa_s42,snapshot,105,two_cross,RFW WM64,Faces,0.37,0.4,50,within_sampled_range,UI,141,79.16666666666666,runs/yin_orientation_20260925/results/latest/r21vgg2k_vgg16_bn_aa_s42/faces_rfwWM64/results.csv,UI
aa4,VGG2k / AA4,r21vgg2k_vgg16_bn_aa_s42,snapshot,105,two_cross,RFW WM64,Faces,0.37,0.4,50,within_sampled_range,UI,142,87.5,runs/yin_orientation_20260925/results/latest/r21vgg2k_vgg16_bn_aa_s42/faces_rfwWM64/results.csv,UI
aa4,VGG2k / AA4,r21vgg2k_vgg16_bn_aa_s42,snapshot,105,two_cross,RFW WM64,Faces,0.37,0.4,50,within_sampled_range,UI,143,91.66666666666666,runs/yin_orientation_20260925/results/latest/r21vgg2k_vgg16_bn_aa_s42/faces_rfwWM64/results.csv,UI
aa4,VGG2k / AA4,r21vgg2k_vgg16_bn_aa_s42,snapshot,105,two_cross,RFW WM64,Faces,0.37,0.4,50,within_sampled_range,UI,144,95.83333333333334,runs/yin_orientation_20260925/results/latest/r21vgg2k_vgg16_bn_aa_s42/faces_rfwWM64/results.csv,UI
aa4,VGG2k / AA4,r21vgg2k_vgg16_bn_aa_s42,snapshot,105,two_cross,RFW WM64,Faces,0.37,0.4,50,within_sampled_range,UI,145,87.5,runs/yin_orientation_20260925/results/latest/r21vgg2k_vgg16_bn_aa_s42/faces_rfwWM64/results.csv,UI
aa4,VGG2k / AA4,r21vgg2k_vgg16_bn_aa_s42,snapshot,105,two_cross,RFW WM64,Faces,0.37,0.4,50,within_sampled_range,UI,146,83.33333333333334,runs/yin_orientation_20260925/results/latest/r21vgg2k_vgg16_bn_aa_s42/faces_rfwWM64/results.csv,UI
aa4,VGG2k / AA4,r21vgg2k_vgg16_bn_aa_s42,snapshot,105,two_cross,RFW WM64,Faces,0.37,0.4,50,within_sampled_range,UI,147,95.83333333333334,runs/yin_orientation_20260925/results/latest/r21vgg2k_vgg16_bn_aa_s42/faces_rfwWM64/results.csv,UI
aa4,VGG2k / AA4,r21vgg2k_vgg16_bn_aa_s42,snapshot,105,two_cross,RFW WM64,Faces,0.37,0.4,50,within_sampled_range,UI,148,87.5,runs/yin_orientation_20260925/results/latest/r21vgg2k_vgg16_bn_aa_s42/faces_rfwWM64/results.csv,UI
aa4,VGG2k / AA4,r21vgg2k_vgg16_bn_aa_s42,snapshot,105,two_cross,RFW WM64,Faces,0.37,0.4,50,within_sampled_range,UI,149,83.33333333333334,runs/yin_orientation_20260925/results/latest/r21vgg2k_vgg16_bn_aa_s42/faces_rfwWM64/results.csv,UI
aa4,VGG2k / AA4,r21vgg2k_vgg16_bn_aa_s42,snapshot,105,two_cross,RFW WM64,Faces,0.37,0.4,50,within_sampled_range,UI,150,83.33333333333334,runs/yin_orientation_20260925/results/latest/r21vgg2k_vgg16_bn_aa_s42/faces_rfwWM64/results.csv,UI
aa4,VGG2k / AA4,r21vgg2k_vgg16_bn_aa_s42,snapshot,105,two_cross,RFW WM64,Faces,0.37,0.4,50,within_sampled_range,IU,101,83.33333333333334,runs/yin_orientation_20260925/results/latest/r21vgg2k_vgg16_bn_aa_s42/faces_rfwWM64/results.csv,IU
aa4,VGG2k / AA4,r21vgg2k_vgg16_bn_aa_s42,snapshot,105,two_cross,RFW WM64,Faces,0.37,0.4,50,within_sampled_range,IU,102,70.83333333333334,runs/yin_orientation_20260925/results/latest/r21vgg2k_vgg16_bn_aa_s42/faces_rfwWM64/results.csv,IU
aa4,VGG2k / AA4,r21vgg2k_vgg16_bn_aa_s42,snapshot,105,two_cross,RFW WM64,Faces,0.37,0.4,50,within_sampled_range,IU,103,79.16666666666666,runs/yin_orientation_20260925/results/latest/r21vgg2k_vgg16_bn_aa_s42/faces_rfwWM64/results.csv,IU
aa4,VGG2k / AA4,r21vgg2k_vgg16_bn_aa_s42,snapshot,105,two_cross,RFW WM64,Faces,0.37,0.4,50,within_sampled_range,IU,104,87.5,runs/yin_orientation_20260925/results/latest/r21vgg2k_vgg16_bn_aa_s42/faces_rfwWM64/results.csv,IU
aa4,VGG2k / AA4,r21vgg2k_vgg16_bn_aa_s42,snapshot,105,two_cross,RFW WM64,Faces,0.37,0.4,50,within_sampled_range,IU,105,79.16666666666666,runs/yin_orientation_20260925/results/latest/r21vgg2k_vgg16_bn_aa_s42/faces_rfwWM64/results.csv,IU
aa4,VGG2k / AA4,r21vgg2k_vgg16_bn_aa_s42,snapshot,105,two_cross,RFW WM64,Faces,0.37,0.4,50,within_sampled_range,IU,106,87.5,runs/yin_orientation_20260925/results/latest/r21vgg2k_vgg16_bn_aa_s42/faces_rfwWM64/results.csv,IU
aa4,VGG2k / AA4,r21vgg2k_vgg16_bn_aa_s42,snapshot,105,two_cross,RFW WM64,Faces,0.37,0.4,50,within_sampled_range,IU,107,83.33333333333334,runs/yin_orientation_20260925/results/latest/r21vgg2k_vgg16_bn_aa_s42/faces_rfwWM64/results.csv,IU
aa4,VGG2k / AA4,r21vgg2k_vgg16_bn_aa_s42,snapshot,105,two_cross,RFW WM64,Faces,0.37,0.4,50,within_sampled_range,IU,108,87.5,runs/yin_orientation_20260925/results/latest/r21vgg2k_vgg16_bn_aa_s42/faces_rfwWM64/results.csv,IU
aa4,VGG2k / AA4,r21vgg2k_vgg16_bn_aa_s42,snapshot,105,two_cross,RFW WM64,Faces,0.37,0.4,50,within_sampled_range,IU,109,87.5,runs/yin_orientation_20260925/results/latest/r21vgg2k_vgg16_bn_aa_s42/faces_rfwWM64/results.csv,IU
aa4,VGG2k / AA4,r21vgg2k_vgg16_bn_aa_s42,snapshot,105,two_cross,RFW WM64,Faces,0.37,0.4,50,within_sampled_range,IU,110,79.16666666666666,runs/yin_orientation_20260925/results/latest/r21vgg2k_vgg16_bn_aa_s42/faces_rfwWM64/results.csv,IU
aa4,VGG2k / AA4,r21vgg2k_vgg16_bn_aa_s42,snapshot,105,two_cross,RFW WM64,Faces,0.37,0.4,50,within_sampled_range,IU,111,91.66666666666666,runs/yin_orientation_20260925/results/latest/r21vgg2k_vgg16_bn_aa_s42/faces_rfwWM64/results.csv,IU
aa4,VGG2k / AA4,r21vgg2k_vgg16_bn_aa_s42,snapshot,105,two_cross,RFW WM64,Faces,0.37,0.4,50,within_sampled_range,IU,112,91.66666666666666,runs/yin_orientation_20260925/results/latest/r21vgg2k_vgg16_bn_aa_s42/faces_rfwWM64/results.csv,IU
aa4,VGG2k / AA4,r21vgg2k_vgg16_bn_aa_s42,snapshot,105,two_cross,RFW WM64,Faces,0.37,0.4,50,within_sampled_range,IU,113,79.16666666666666,runs/yin_orientation_20260925/results/latest/r21vgg2k_vgg16_bn_aa_s42/faces_rfwWM64/results.csv,IU
aa4,VGG2k / AA4,r21vgg2k_vgg16_bn_aa_s42,snapshot,105,two_cross,RFW WM64,Faces,0.37,0.4,50,within_sampled_range,IU,114,83.33333333333334,runs/yin_orientation_20260925/results/latest/r21vgg2k_vgg16_bn_aa_s42/faces_rfwWM64/results.csv,IU
aa4,VGG2k / AA4,r21vgg2k_vgg16_bn_aa_s42,snapshot,105,two_cross,RFW WM64,Faces,0.37,0.4,50,within_sampled_range,IU,115,83.33333333333334,runs/yin_orientation_20260925/results/latest/r21vgg2k_vgg16_bn_aa_s42/faces_rfwWM64/results.csv,IU
aa4,VGG2k / AA4,r21vgg2k_vgg16_bn_aa_s42,snapshot,105,two_cross,RFW WM64,Faces,0.37,0.4,50,within_sampled_range,IU,116,83.33333333333334,runs/yin_orientation_20260925/results/latest/r21vgg2k_vgg16_bn_aa_s42/faces_rfwWM64/results.csv,IU
aa4,VGG2k / AA4,r21vgg2k_vgg16_bn_aa_s42,snapshot,105,two_cross,RFW WM64,Faces,0.37,0.4,50,within_sampled_range,IU,117,83.33333333333334,runs/yin_orientation_20260925/results/latest/r21vgg2k_vgg16_bn_aa_s42/faces_rfwWM64/results.csv,IU
aa4,VGG2k / AA4,r21vgg2k_vgg16_bn_aa_s42,snapshot,105,two_cross,RFW WM64,Faces,0.37,0.4,50,within_sampled_range,IU,118,75.0,runs/yin_orientation_20260925/results/latest/r21vgg2k_vgg16_bn_aa_s42/faces_rfwWM64/results.csv,IU
aa4,VGG2k / AA4,r21vgg2k_vgg16_bn_aa_s42,snapshot,105,two_cross,RFW WM64,Faces,0.37,0.4,50,within_sampled_range,IU,119,83.33333333333334,runs/yin_orientation_20260925/results/latest/r21vgg2k_vgg16_bn_aa_s42/faces_rfwWM64/results.csv,IU
aa4,VGG2k / AA4,r21vgg2k_vgg16_bn_aa_s42,snapshot,105,two_cross,RFW WM64,Faces,0.37,0.4,50,within_sampled_range,IU,120,83.33333333333334,runs/yin_orientation_20260925/results/latest/r21vgg2k_vgg16_bn_aa_s42/faces_rfwWM64/results.csv,IU
aa4,VGG2k / AA4,r21vgg2k_vgg16_bn_aa_s42,snapshot,105,two_cross,RFW WM64,Faces,0.37,0.4,50,within_sampled_range,IU,121,79.16666666666666,runs/yin_orientation_20260925/results/latest/r21vgg2k_vgg16_bn_aa_s42/faces_rfwWM64/results.csv,IU
aa4,VGG2k / AA4,r21vgg2k_vgg16_bn_aa_s42,snapshot,105,two_cross,RFW WM64,Faces,0.37,0.4,50,within_sampled_range,IU,122,83.33333333333334,runs/yin_orientation_20260925/results/latest/r21vgg2k_vgg16_bn_aa_s42/faces_rfwWM64/results.csv,IU
aa4,VGG2k / AA4,r21vgg2k_vgg16_bn_aa_s42,snapshot,105,two_cross,RFW WM64,Faces,0.37,0.4,50,within_sampled_range,IU,123,79.16666666666666,runs/yin_orientation_20260925/results/latest/r21vgg2k_vgg16_bn_aa_s42/faces_rfwWM64/results.csv,IU
aa4,VGG2k / AA4,r21vgg2k_vgg16_bn_aa_s42,snapshot,105,two_cross,RFW WM64,Faces,0.37,0.4,50,within_sampled_range,IU,124,83.33333333333334,runs/yin_orientation_20260925/results/latest/r21vgg2k_vgg16_bn_aa_s42/faces_rfwWM64/results.csv,IU
aa4,VGG2k / AA4,r21vgg2k_vgg16_bn_aa_s42,snapshot,105,two_cross,RFW WM64,Faces,0.37,0.4,50,within_sampled_range,IU,125,75.0,runs/yin_orientation_20260925/results/latest/r21vgg2k_vgg16_bn_aa_s42/faces_rfwWM64/results.csv,IU
aa4,VGG2k / AA4,r21vgg2k_vgg16_bn_aa_s42,snapshot,105,two_cross,RFW WM64,Faces,0.37,0.4,50,within_sampled_range,IU,126,75.0,runs/yin_orientation_20260925/results/latest/r21vgg2k_vgg16_bn_aa_s42/faces_rfwWM64/results.csv,IU
aa4,VGG2k / AA4,r21vgg2k_vgg16_bn_aa_s42,snapshot,105,two_cross,RFW WM64,Faces,0.37,0.4,50,within_sampled_range,IU,127,87.5,runs/yin_orientation_20260925/results/latest/r21vgg2k_vgg16_bn_aa_s42/faces_rfwWM64/results.csv,IU
aa4,VGG2k / AA4,r21vgg2k_vgg16_bn_aa_s42,snapshot,105,two_cross,RFW WM64,Faces,0.37,0.4,50,within_sampled_range,IU,128,75.0,runs/yin_orientation_20260925/results/latest/r21vgg2k_vgg16_bn_aa_s42/faces_rfwWM64/results.csv,IU
aa4,VGG2k / AA4,r21vgg2k_vgg16_bn_aa_s42,snapshot,105,two_cross,RFW WM64,Faces,0.37,0.4,50,within_sampled_range,IU,129,75.0,runs/yin_orientation_20260925/results/latest/r21vgg2k_vgg16_bn_aa_s42/faces_rfwWM64/results.csv,IU
aa4,VGG2k / AA4,r21vgg2k_vgg16_bn_aa_s42,snapshot,105,two_cross,RFW WM64,Faces,0.37,0.4,50,within_sampled_range,IU,130,87.5,runs/yin_orientation_20260925/results/latest/r21vgg2k_vgg16_bn_aa_s42/faces_rfwWM64/results.csv,IU
aa4,VGG2k / AA4,r21vgg2k_vgg16_bn_aa_s42,snapshot,105,two_cross,RFW WM64,Faces,0.37,0.4,50,within_sampled_range,IU,131,66.66666666666666,runs/yin_orientation_20260925/results/latest/r21vgg2k_vgg16_bn_aa_s42/faces_rfwWM64/results.csv,IU
aa4,VGG2k / AA4,r21vgg2k_vgg16_bn_aa_s42,snapshot,105,two_cross,RFW WM64,Faces,0.37,0.4,50,within_sampled_range,IU,132,79.16666666666666,runs/yin_orientation_20260925/results/latest/r21vgg2k_vgg16_bn_aa_s42/faces_rfwWM64/results.csv,IU
aa4,VGG2k / AA4,r21vgg2k_vgg16_bn_aa_s42,snapshot,105,two_cross,RFW WM64,Faces,0.37,0.4,50,within_sampled_range,IU,133,79.16666666666666,runs/yin_orientation_20260925/results/latest/r21vgg2k_vgg16_bn_aa_s42/faces_rfwWM64/results.csv,IU
aa4,VGG2k / AA4,r21vgg2k_vgg16_bn_aa_s42,snapshot,105,two_cross,RFW WM64,Faces,0.37,0.4,50,within_sampled_range,IU,134,79.16666666666666,runs/yin_orientation_20260925/results/latest/r21vgg2k_vgg16_bn_aa_s42/faces_rfwWM64/results.csv,IU
aa4,VGG2k / AA4,r21vgg2k_vgg16_bn_aa_s42,snapshot,105,two_cross,RFW WM64,Faces,0.37,0.4,50,within_sampled_range,IU,135,70.83333333333334,runs/yin_orientation_20260925/results/latest/r21vgg2k_vgg16_bn_aa_s42/faces_rfwWM64/results.csv,IU
aa4,VGG2k / AA4,r21vgg2k_vgg16_bn_aa_s42,snapshot,105,two_cross,RFW WM64,Faces,0.37,0.4,50,within_sampled_range,IU,136,83.33333333333334,runs/yin_orientation_20260925/results/latest/r21vgg2k_vgg16_bn_aa_s42/faces_rfwWM64/results.csv,IU
aa4,VGG2k / AA4,r21vgg2k_vgg16_bn_aa_s42,snapshot,105,two_cross,RFW WM64,Faces,0.37,0.4,50,within_sampled_range,IU,137,87.5,runs/yin_orientation_20260925/results/latest/r21vgg2k_vgg16_bn_aa_s42/faces_rfwWM64/results.csv,IU
aa4,VGG2k / AA4,r21vgg2k_vgg16_bn_aa_s42,snapshot,105,two_cross,RFW WM64,Faces,0.37,0.4,50,within_sampled_range,IU,138,95.83333333333334,runs/yin_orientation_20260925/results/latest/r21vgg2k_vgg16_bn_aa_s42/faces_rfwWM64/results.csv,IU
aa4,VGG2k / AA4,r21vgg2k_vgg16_bn_aa_s42,snapshot,105,two_cross,RFW WM64,Faces,0.37,0.4,50,within_sampled_range,IU,139,70.83333333333334,runs/yin_orientation_20260925/results/latest/r21vgg2k_vgg16_bn_aa_s42/faces_rfwWM64/results.csv,IU
aa4,VGG2k / AA4,r21vgg2k_vgg16_bn_aa_s42,snapshot,105,two_cross,RFW WM64,Faces,0.37,0.4,50,within_sampled_range,IU,140,91.66666666666666,runs/yin_orientation_20260925/results/latest/r21vgg2k_vgg16_bn_aa_s42/faces_rfwWM64/results.csv,IU
aa4,VGG2k / AA4,r21vgg2k_vgg16_bn_aa_s42,snapshot,105,two_cross,RFW WM64,Faces,0.37,0.4,50,within_sampled_range,IU,141,70.83333333333334,runs/yin_orientation_20260925/results/latest/r21vgg2k_vgg16_bn_aa_s42/faces_rfwWM64/results.csv,IU
aa4,VGG2k / AA4,r21vgg2k_vgg16_bn_aa_s42,snapshot,105,two_cross,RFW WM64,Faces,0.37,0.4,50,within_sampled_range,IU,142,79.16666666666666,runs/yin_orientation_20260925/results/latest/r21vgg2k_vgg16_bn_aa_s42/faces_rfwWM64/results.csv,IU
aa4,VGG2k / AA4,r21vgg2k_vgg16_bn_aa_s42,snapshot,105,two_cross,RFW WM64,Faces,0.37,0.4,50,within_sampled_range,IU,143,83.33333333333334,runs/yin_orientation_20260925/results/latest/r21vgg2k_vgg16_bn_aa_s42/faces_rfwWM64/results.csv,IU
aa4,VGG2k / AA4,r21vgg2k_vgg16_bn_aa_s42,snapshot,105,two_cross,RFW WM64,Faces,0.37,0.4,50,within_sampled_range,IU,144,79.16666666666666,runs/yin_orientation_20260925/results/latest/r21vgg2k_vgg16_bn_aa_s42/faces_rfwWM64/results.csv,IU
aa4,VGG2k / AA4,r21vgg2k_vgg16_bn_aa_s42,snapshot,105,two_cross,RFW WM64,Faces,0.37,0.4,50,within_sampled_range,IU,145,70.83333333333334,runs/yin_orientation_20260925/results/latest/r21vgg2k_vgg16_bn_aa_s42/faces_rfwWM64/results.csv,IU
aa4,VGG2k / AA4,r21vgg2k_vgg16_bn_aa_s42,snapshot,105,two_cross,RFW WM64,Faces,0.37,0.4,50,within_sampled_range,IU,146,83.33333333333334,runs/yin_orientation_20260925/results/latest/r21vgg2k_vgg16_bn_aa_s42/faces_rfwWM64/results.csv,IU
aa4,VGG2k / AA4,r21vgg2k_vgg16_bn_aa_s42,snapshot,105,two_cross,RFW WM64,Faces,0.37,0.4,50,within_sampled_range,IU,147,70.83333333333334,runs/yin_orientation_20260925/results/latest/r21vgg2k_vgg16_bn_aa_s42/faces_rfwWM64/results.csv,IU
aa4,VGG2k / AA4,r21vgg2k_vgg16_bn_aa_s42,snapshot,105,two_cross,RFW WM64,Faces,0.37,0.4,50,within_sampled_range,IU,148,91.66666666666666,runs/yin_orientation_20260925/results/latest/r21vgg2k_vgg16_bn_aa_s42/faces_rfwWM64/results.csv,IU
aa4,VGG2k / AA4,r21vgg2k_vgg16_bn_aa_s42,snapshot,105,two_cross,RFW WM64,Faces,0.37,0.4,50,within_sampled_range,IU,149,83.33333333333334,runs/yin_orientation_20260925/results/latest/r21vgg2k_vgg16_bn_aa_s42/faces_rfwWM64/results.csv,IU
aa4,VGG2k / AA4,r21vgg2k_vgg16_bn_aa_s42,snapshot,105,two_cross,RFW WM64,Faces,0.37,0.4,50,within_sampled_range,IU,150,75.0,runs/yin_orientation_20260925/results/latest/r21vgg2k_vgg16_bn_aa_s42/faces_rfwWM64/results.csv,IU
aa4,VGG2k / AA4,r21vgg2k_vgg16_bn_aa_s42,snapshot,105,two_cross,CFD WM64,Faces,0.34,0.38,50,within_sampled_range,UU,101,95.83333333333334,runs/yin_orientation_20260925/results/latest/r21vgg2k_vgg16_bn_aa_s42/faces_cfdWM64/results.csv,UU
aa4,VGG2k / AA4,r21vgg2k_vgg16_bn_aa_s42,snapshot,105,two_cross,CFD WM64,Faces,0.34,0.38,50,within_sampled_range,UU,102,95.83333333333334,runs/yin_orientation_20260925/results/latest/r21vgg2k_vgg16_bn_aa_s42/faces_cfdWM64/results.csv,UU
aa4,VGG2k / AA4,r21vgg2k_vgg16_bn_aa_s42,snapshot,105,two_cross,CFD WM64,Faces,0.34,0.38,50,within_sampled_range,UU,103,100.0,runs/yin_orientation_20260925/results/latest/r21vgg2k_vgg16_bn_aa_s42/faces_cfdWM64/results.csv,UU
aa4,VGG2k / AA4,r21vgg2k_vgg16_bn_aa_s42,snapshot,105,two_cross,CFD WM64,Faces,0.34,0.38,50,within_sampled_range,UU,104,95.83333333333334,runs/yin_orientation_20260925/results/latest/r21vgg2k_vgg16_bn_aa_s42/faces_cfdWM64/results.csv,UU
aa4,VGG2k / AA4,r21vgg2k_vgg16_bn_aa_s42,snapshot,105,two_cross,CFD WM64,Faces,0.34,0.38,50,within_sampled_range,UU,105,95.83333333333334,runs/yin_orientation_20260925/results/latest/r21vgg2k_vgg16_bn_aa_s42/faces_cfdWM64/results.csv,UU
aa4,VGG2k / AA4,r21vgg2k_vgg16_bn_aa_s42,snapshot,105,two_cross,CFD WM64,Faces,0.34,0.38,50,within_sampled_range,UU,106,95.83333333333334,runs/yin_orientation_20260925/results/latest/r21vgg2k_vgg16_bn_aa_s42/faces_cfdWM64/results.csv,UU
aa4,VGG2k / AA4,r21vgg2k_vgg16_bn_aa_s42,snapshot,105,two_cross,CFD WM64,Faces,0.34,0.38,50,within_sampled_range,UU,107,100.0,runs/yin_orientation_20260925/results/latest/r21vgg2k_vgg16_bn_aa_s42/faces_cfdWM64/results.csv,UU
aa4,VGG2k / AA4,r21vgg2k_vgg16_bn_aa_s42,snapshot,105,two_cross,CFD WM64,Faces,0.34,0.38,50,within_sampled_range,UU,108,100.0,runs/yin_orientation_20260925/results/latest/r21vgg2k_vgg16_bn_aa_s42/faces_cfdWM64/results.csv,UU
aa4,VGG2k / AA4,r21vgg2k_vgg16_bn_aa_s42,snapshot,105,two_cross,CFD WM64,Faces,0.34,0.38,50,within_sampled_range,UU,109,100.0,runs/yin_orientation_20260925/results/latest/r21vgg2k_vgg16_bn_aa_s42/faces_cfdWM64/results.csv,UU
aa4,VGG2k / AA4,r21vgg2k_vgg16_bn_aa_s42,snapshot,105,two_cross,CFD WM64,Faces,0.34,0.38,50,within_sampled_range,UU,110,95.83333333333334,runs/yin_orientation_20260925/results/latest/r21vgg2k_vgg16_bn_aa_s42/faces_cfdWM64/results.csv,UU
aa4,VGG2k / AA4,r21vgg2k_vgg16_bn_aa_s42,snapshot,105,two_cross,CFD WM64,Faces,0.34,0.38,50,within_sampled_range,UU,111,95.83333333333334,runs/yin_orientation_20260925/results/latest/r21vgg2k_vgg16_bn_aa_s42/faces_cfdWM64/results.csv,UU
aa4,VGG2k / AA4,r21vgg2k_vgg16_bn_aa_s42,snapshot,105,two_cross,CFD WM64,Faces,0.34,0.38,50,within_sampled_range,UU,112,100.0,runs/yin_orientation_20260925/results/latest/r21vgg2k_vgg16_bn_aa_s42/faces_cfdWM64/results.csv,UU
aa4,VGG2k / AA4,r21vgg2k_vgg16_bn_aa_s42,snapshot,105,two_cross,CFD WM64,Faces,0.34,0.38,50,within_sampled_range,UU,113,100.0,runs/yin_orientation_20260925/results/latest/r21vgg2k_vgg16_bn_aa_s42/faces_cfdWM64/results.csv,UU
aa4,VGG2k / AA4,r21vgg2k_vgg16_bn_aa_s42,snapshot,105,two_cross,CFD WM64,Faces,0.34,0.38,50,within_sampled_range,UU,114,100.0,runs/yin_orientation_20260925/results/latest/r21vgg2k_vgg16_bn_aa_s42/faces_cfdWM64/results.csv,UU
aa4,VGG2k / AA4,r21vgg2k_vgg16_bn_aa_s42,snapshot,105,two_cross,CFD WM64,Faces,0.34,0.38,50,within_sampled_range,UU,115,100.0,runs/yin_orientation_20260925/results/latest/r21vgg2k_vgg16_bn_aa_s42/faces_cfdWM64/results.csv,UU
aa4,VGG2k / AA4,r21vgg2k_vgg16_bn_aa_s42,snapshot,105,two_cross,CFD WM64,Faces,0.34,0.38,50,within_sampled_range,UU,116,87.5,runs/yin_orientation_20260925/results/latest/r21vgg2k_vgg16_bn_aa_s42/faces_cfdWM64/results.csv,UU
aa4,VGG2k / AA4,r21vgg2k_vgg16_bn_aa_s42,snapshot,105,two_cross,CFD WM64,Faces,0.34,0.38,50,within_sampled_range,UU,117,87.5,runs/yin_orientation_20260925/results/latest/r21vgg2k_vgg16_bn_aa_s42/faces_cfdWM64/results.csv,UU
aa4,VGG2k / AA4,r21vgg2k_vgg16_bn_aa_s42,snapshot,105,two_cross,CFD WM64,Faces,0.34,0.38,50,within_sampled_range,UU,118,87.5,runs/yin_orientation_20260925/results/latest/r21vgg2k_vgg16_bn_aa_s42/faces_cfdWM64/results.csv,UU
aa4,VGG2k / AA4,r21vgg2k_vgg16_bn_aa_s42,snapshot,105,two_cross,CFD WM64,Faces,0.34,0.38,50,within_sampled_range,UU,119,95.83333333333334,runs/yin_orientation_20260925/results/latest/r21vgg2k_vgg16_bn_aa_s42/faces_cfdWM64/results.csv,UU
aa4,VGG2k / AA4,r21vgg2k_vgg16_bn_aa_s42,snapshot,105,two_cross,CFD WM64,Faces,0.34,0.38,50,within_sampled_range,UU,120,87.5,runs/yin_orientation_20260925/results/latest/r21vgg2k_vgg16_bn_aa_s42/faces_cfdWM64/results.csv,UU
aa4,VGG2k / AA4,r21vgg2k_vgg16_bn_aa_s42,snapshot,105,two_cross,CFD WM64,Faces,0.34,0.38,50,within_sampled_range,UU,121,100.0,runs/yin_orientation_20260925/results/latest/r21vgg2k_vgg16_bn_aa_s42/faces_cfdWM64/results.csv,UU
aa4,VGG2k / AA4,r21vgg2k_vgg16_bn_aa_s42,snapshot,105,two_cross,CFD WM64,Faces,0.34,0.38,50,within_sampled_range,UU,122,95.83333333333334,runs/yin_orientation_20260925/results/latest/r21vgg2k_vgg16_bn_aa_s42/faces_cfdWM64/results.csv,UU
aa4,VGG2k / AA4,r21vgg2k_vgg16_bn_aa_s42,snapshot,105,two_cross,CFD WM64,Faces,0.34,0.38,50,within_sampled_range,UU,123,91.66666666666666,runs/yin_orientation_20260925/results/latest/r21vgg2k_vgg16_bn_aa_s42/faces_cfdWM64/results.csv,UU
aa4,VGG2k / AA4,r21vgg2k_vgg16_bn_aa_s42,snapshot,105,two_cross,CFD WM64,Faces,0.34,0.38,50,within_sampled_range,UU,124,100.0,runs/yin_orientation_20260925/results/latest/r21vgg2k_vgg16_bn_aa_s42/faces_cfdWM64/results.csv,UU
aa4,VGG2k / AA4,r21vgg2k_vgg16_bn_aa_s42,snapshot,105,two_cross,CFD WM64,Faces,0.34,0.38,50,within_sampled_range,UU,125,100.0,runs/yin_orientation_20260925/results/latest/r21vgg2k_vgg16_bn_aa_s42/faces_cfdWM64/results.csv,UU
aa4,VGG2k / AA4,r21vgg2k_vgg16_bn_aa_s42,snapshot,105,two_cross,CFD WM64,Faces,0.34,0.38,50,within_sampled_range,UU,126,100.0,runs/yin_orientation_20260925/results/latest/r21vgg2k_vgg16_bn_aa_s42/faces_cfdWM64/results.csv,UU
aa4,VGG2k / AA4,r21vgg2k_vgg16_bn_aa_s42,snapshot,105,two_cross,CFD WM64,Faces,0.34,0.38,50,within_sampled_range,UU,127,100.0,runs/yin_orientation_20260925/results/latest/r21vgg2k_vgg16_bn_aa_s42/faces_cfdWM64/results.csv,UU
aa4,VGG2k / AA4,r21vgg2k_vgg16_bn_aa_s42,snapshot,105,two_cross,CFD WM64,Faces,0.34,0.38,50,within_sampled_range,UU,128,95.83333333333334,runs/yin_orientation_20260925/results/latest/r21vgg2k_vgg16_bn_aa_s42/faces_cfdWM64/results.csv,UU
aa4,VGG2k / AA4,r21vgg2k_vgg16_bn_aa_s42,snapshot,105,two_cross,CFD WM64,Faces,0.34,0.38,50,within_sampled_range,UU,129,100.0,runs/yin_orientation_20260925/results/latest/r21vgg2k_vgg16_bn_aa_s42/faces_cfdWM64/results.csv,UU
aa4,VGG2k / AA4,r21vgg2k_vgg16_bn_aa_s42,snapshot,105,two_cross,CFD WM64,Faces,0.34,0.38,50,within_sampled_range,UU,130,100.0,runs/yin_orientation_20260925/results/latest/r21vgg2k_vgg16_bn_aa_s42/faces_cfdWM64/results.csv,UU
aa4,VGG2k / AA4,r21vgg2k_vgg16_bn_aa_s42,snapshot,105,two_cross,CFD WM64,Faces,0.34,0.38,50,within_sampled_range,UU,131,100.0,runs/yin_orientation_20260925/results/latest/r21vgg2k_vgg16_bn_aa_s42/faces_cfdWM64/results.csv,UU
aa4,VGG2k / AA4,r21vgg2k_vgg16_bn_aa_s42,snapshot,105,two_cross,CFD WM64,Faces,0.34,0.38,50,within_sampled_range,UU,132,100.0,runs/yin_orientation_20260925/results/latest/r21vgg2k_vgg16_bn_aa_s42/faces_cfdWM64/results.csv,UU
aa4,VGG2k / AA4,r21vgg2k_vgg16_bn_aa_s42,snapshot,105,two_cross,CFD WM64,Faces,0.34,0.38,50,within_sampled_range,UU,133,91.66666666666666,runs/yin_orientation_20260925/results/latest/r21vgg2k_vgg16_bn_aa_s42/faces_cfdWM64/results.csv,UU
aa4,VGG2k / AA4,r21vgg2k_vgg16_bn_aa_s42,snapshot,105,two_cross,CFD WM64,Faces,0.34,0.38,50,within_sampled_range,UU,134,100.0,runs/yin_orientation_20260925/results/latest/r21vgg2k_vgg16_bn_aa_s42/faces_cfdWM64/results.csv,UU
aa4,VGG2k / AA4,r21vgg2k_vgg16_bn_aa_s42,snapshot,105,two_cross,CFD WM64,Faces,0.34,0.38,50,within_sampled_range,UU,135,95.83333333333334,runs/yin_orientation_20260925/results/latest/r21vgg2k_vgg16_bn_aa_s42/faces_cfdWM64/results.csv,UU
aa4,VGG2k / AA4,r21vgg2k_vgg16_bn_aa_s42,snapshot,105,two_cross,CFD WM64,Faces,0.34,0.38,50,within_sampled_range,UU,136,95.83333333333334,runs/yin_orientation_20260925/results/latest/r21vgg2k_vgg16_bn_aa_s42/faces_cfdWM64/results.csv,UU
aa4,VGG2k / AA4,r21vgg2k_vgg16_bn_aa_s42,snapshot,105,two_cross,CFD WM64,Faces,0.34,0.38,50,within_sampled_range,UU,137,91.66666666666666,runs/yin_orientation_20260925/results/latest/r21vgg2k_vgg16_bn_aa_s42/faces_cfdWM64/results.csv,UU
aa4,VGG2k / AA4,r21vgg2k_vgg16_bn_aa_s42,snapshot,105,two_cross,CFD WM64,Faces,0.34,0.38,50,within_sampled_range,UU,138,100.0,runs/yin_orientation_20260925/results/latest/r21vgg2k_vgg16_bn_aa_s42/faces_cfdWM64/results.csv,UU
aa4,VGG2k / AA4,r21vgg2k_vgg16_bn_aa_s42,snapshot,105,two_cross,CFD WM64,Faces,0.34,0.38,50,within_sampled_range,UU,139,100.0,runs/yin_orientation_20260925/results/latest/r21vgg2k_vgg16_bn_aa_s42/faces_cfdWM64/results.csv,UU
aa4,VGG2k / AA4,r21vgg2k_vgg16_bn_aa_s42,snapshot,105,two_cross,CFD WM64,Faces,0.34,0.38,50,within_sampled_range,UU,140,91.66666666666666,runs/yin_orientation_20260925/results/latest/r21vgg2k_vgg16_bn_aa_s42/faces_cfdWM64/results.csv,UU
aa4,VGG2k / AA4,r21vgg2k_vgg16_bn_aa_s42,snapshot,105,two_cross,CFD WM64,Faces,0.34,0.38,50,within_sampled_range,UU,141,95.83333333333334,runs/yin_orientation_20260925/results/latest/r21vgg2k_vgg16_bn_aa_s42/faces_cfdWM64/results.csv,UU
aa4,VGG2k / AA4,r21vgg2k_vgg16_bn_aa_s42,snapshot,105,two_cross,CFD WM64,Faces,0.34,0.38,50,within_sampled_range,UU,142,95.83333333333334,runs/yin_orientation_20260925/results/latest/r21vgg2k_vgg16_bn_aa_s42/faces_cfdWM64/results.csv,UU
aa4,VGG2k / AA4,r21vgg2k_vgg16_bn_aa_s42,snapshot,105,two_cross,CFD WM64,Faces,0.34,0.38,50,within_sampled_range,UU,143,91.66666666666666,runs/yin_orientation_20260925/results/latest/r21vgg2k_vgg16_bn_aa_s42/faces_cfdWM64/results.csv,UU
aa4,VGG2k / AA4,r21vgg2k_vgg16_bn_aa_s42,snapshot,105,two_cross,CFD WM64,Faces,0.34,0.38,50,within_sampled_range,UU,144,100.0,runs/yin_orientation_20260925/results/latest/r21vgg2k_vgg16_bn_aa_s42/faces_cfdWM64/results.csv,UU
aa4,VGG2k / AA4,r21vgg2k_vgg16_bn_aa_s42,snapshot,105,two_cross,CFD WM64,Faces,0.34,0.38,50,within_sampled_range,UU,145,100.0,runs/yin_orientation_20260925/results/latest/r21vgg2k_vgg16_bn_aa_s42/faces_cfdWM64/results.csv,UU
aa4,VGG2k / AA4,r21vgg2k_vgg16_bn_aa_s42,snapshot,105,two_cross,CFD WM64,Faces,0.34,0.38,50,within_sampled_range,UU,146,100.0,runs/yin_orientation_20260925/results/latest/r21vgg2k_vgg16_bn_aa_s42/faces_cfdWM64/results.csv,UU
aa4,VGG2k / AA4,r21vgg2k_vgg16_bn_aa_s42,snapshot,105,two_cross,CFD WM64,Faces,0.34,0.38,50,within_sampled_range,UU,147,100.0,runs/yin_orientation_20260925/results/latest/r21vgg2k_vgg16_bn_aa_s42/faces_cfdWM64/results.csv,UU
aa4,VGG2k / AA4,r21vgg2k_vgg16_bn_aa_s42,snapshot,105,two_cross,CFD WM64,Faces,0.34,0.38,50,within_sampled_range,UU,148,91.66666666666666,runs/yin_orientation_20260925/results/latest/r21vgg2k_vgg16_bn_aa_s42/faces_cfdWM64/results.csv,UU
aa4,VGG2k / AA4,r21vgg2k_vgg16_bn_aa_s42,snapshot,105,two_cross,CFD WM64,Faces,0.34,0.38,50,within_sampled_range,UU,149,91.66666666666666,runs/yin_orientation_20260925/results/latest/r21vgg2k_vgg16_bn_aa_s42/faces_cfdWM64/results.csv,UU
aa4,VGG2k / AA4,r21vgg2k_vgg16_bn_aa_s42,snapshot,105,two_cross,CFD WM64,Faces,0.34,0.38,50,within_sampled_range,UU,150,100.0,runs/yin_orientation_20260925/results/latest/r21vgg2k_vgg16_bn_aa_s42/faces_cfdWM64/results.csv,UU
aa4,VGG2k / AA4,r21vgg2k_vgg16_bn_aa_s42,snapshot,105,two_cross,CFD WM64,Faces,0.34,0.38,50,within_sampled_range,II,101,87.5,runs/yin_orientation_20260925/results/latest/r21vgg2k_vgg16_bn_aa_s42/faces_cfdWM64/results.csv,II
aa4,VGG2k / AA4,r21vgg2k_vgg16_bn_aa_s42,snapshot,105,two_cross,CFD WM64,Faces,0.34,0.38,50,within_sampled_range,II,102,66.66666666666666,runs/yin_orientation_20260925/results/latest/r21vgg2k_vgg16_bn_aa_s42/faces_cfdWM64/results.csv,II
aa4,VGG2k / AA4,r21vgg2k_vgg16_bn_aa_s42,snapshot,105,two_cross,CFD WM64,Faces,0.34,0.38,50,within_sampled_range,II,103,91.66666666666666,runs/yin_orientation_20260925/results/latest/r21vgg2k_vgg16_bn_aa_s42/faces_cfdWM64/results.csv,II
aa4,VGG2k / AA4,r21vgg2k_vgg16_bn_aa_s42,snapshot,105,two_cross,CFD WM64,Faces,0.34,0.38,50,within_sampled_range,II,104,83.33333333333334,runs/yin_orientation_20260925/results/latest/r21vgg2k_vgg16_bn_aa_s42/faces_cfdWM64/results.csv,II
aa4,VGG2k / AA4,r21vgg2k_vgg16_bn_aa_s42,snapshot,105,two_cross,CFD WM64,Faces,0.34,0.38,50,within_sampled_range,II,105,83.33333333333334,runs/yin_orientation_20260925/results/latest/r21vgg2k_vgg16_bn_aa_s42/faces_cfdWM64/results.csv,II
aa4,VGG2k / AA4,r21vgg2k_vgg16_bn_aa_s42,snapshot,105,two_cross,CFD WM64,Faces,0.34,0.38,50,within_sampled_range,II,106,87.5,runs/yin_orientation_20260925/results/latest/r21vgg2k_vgg16_bn_aa_s42/faces_cfdWM64/results.csv,II
aa4,VGG2k / AA4,r21vgg2k_vgg16_bn_aa_s42,snapshot,105,two_cross,CFD WM64,Faces,0.34,0.38,50,within_sampled_range,II,107,83.33333333333334,runs/yin_orientation_20260925/results/latest/r21vgg2k_vgg16_bn_aa_s42/faces_cfdWM64/results.csv,II
aa4,VGG2k / AA4,r21vgg2k_vgg16_bn_aa_s42,snapshot,105,two_cross,CFD WM64,Faces,0.34,0.38,50,within_sampled_range,II,108,91.66666666666666,runs/yin_orientation_20260925/results/latest/r21vgg2k_vgg16_bn_aa_s42/faces_cfdWM64/results.csv,II
aa4,VGG2k / AA4,r21vgg2k_vgg16_bn_aa_s42,snapshot,105,two_cross,CFD WM64,Faces,0.34,0.38,50,within_sampled_range,II,109,83.33333333333334,runs/yin_orientation_20260925/results/latest/r21vgg2k_vgg16_bn_aa_s42/faces_cfdWM64/results.csv,II
aa4,VGG2k / AA4,r21vgg2k_vgg16_bn_aa_s42,snapshot,105,two_cross,CFD WM64,Faces,0.34,0.38,50,within_sampled_range,II,110,87.5,runs/yin_orientation_20260925/results/latest/r21vgg2k_vgg16_bn_aa_s42/faces_cfdWM64/results.csv,II
aa4,VGG2k / AA4,r21vgg2k_vgg16_bn_aa_s42,snapshot,105,two_cross,CFD WM64,Faces,0.34,0.38,50,within_sampled_range,II,111,70.83333333333334,runs/yin_orientation_20260925/results/latest/r21vgg2k_vgg16_bn_aa_s42/faces_cfdWM64/results.csv,II
aa4,VGG2k / AA4,r21vgg2k_vgg16_bn_aa_s42,snapshot,105,two_cross,CFD WM64,Faces,0.34,0.38,50,within_sampled_range,II,112,87.5,runs/yin_orientation_20260925/results/latest/r21vgg2k_vgg16_bn_aa_s42/faces_cfdWM64/results.csv,II
aa4,VGG2k / AA4,r21vgg2k_vgg16_bn_aa_s42,snapshot,105,two_cross,CFD WM64,Faces,0.34,0.38,50,within_sampled_range,II,113,70.83333333333334,runs/yin_orientation_20260925/results/latest/r21vgg2k_vgg16_bn_aa_s42/faces_cfdWM64/results.csv,II
aa4,VGG2k / AA4,r21vgg2k_vgg16_bn_aa_s42,snapshot,105,two_cross,CFD WM64,Faces,0.34,0.38,50,within_sampled_range,II,114,79.16666666666666,runs/yin_orientation_20260925/results/latest/r21vgg2k_vgg16_bn_aa_s42/faces_cfdWM64/results.csv,II
aa4,VGG2k / AA4,r21vgg2k_vgg16_bn_aa_s42,snapshot,105,two_cross,CFD WM64,Faces,0.34,0.38,50,within_sampled_range,II,115,87.5,runs/yin_orientation_20260925/results/latest/r21vgg2k_vgg16_bn_aa_s42/faces_cfdWM64/results.csv,II
aa4,VGG2k / AA4,r21vgg2k_vgg16_bn_aa_s42,snapshot,105,two_cross,CFD WM64,Faces,0.34,0.38,50,within_sampled_range,II,116,79.16666666666666,runs/yin_orientation_20260925/results/latest/r21vgg2k_vgg16_bn_aa_s42/faces_cfdWM64/results.csv,II
aa4,VGG2k / AA4,r21vgg2k_vgg16_bn_aa_s42,snapshot,105,two_cross,CFD WM64,Faces,0.34,0.38,50,within_sampled_range,II,117,91.66666666666666,runs/yin_orientation_20260925/results/latest/r21vgg2k_vgg16_bn_aa_s42/faces_cfdWM64/results.csv,II
aa4,VGG2k / AA4,r21vgg2k_vgg16_bn_aa_s42,snapshot,105,two_cross,CFD WM64,Faces,0.34,0.38,50,within_sampled_range,II,118,83.33333333333334,runs/yin_orientation_20260925/results/latest/r21vgg2k_vgg16_bn_aa_s42/faces_cfdWM64/results.csv,II
aa4,VGG2k / AA4,r21vgg2k_vgg16_bn_aa_s42,snapshot,105,two_cross,CFD WM64,Faces,0.34,0.38,50,within_sampled_range,II,119,87.5,runs/yin_orientation_20260925/results/latest/r21vgg2k_vgg16_bn_aa_s42/faces_cfdWM64/results.csv,II
aa4,VGG2k / AA4,r21vgg2k_vgg16_bn_aa_s42,snapshot,105,two_cross,CFD WM64,Faces,0.34,0.38,50,within_sampled_range,II,120,66.66666666666666,runs/yin_orientation_20260925/results/latest/r21vgg2k_vgg16_bn_aa_s42/faces_cfdWM64/results.csv,II
aa4,VGG2k / AA4,r21vgg2k_vgg16_bn_aa_s42,snapshot,105,two_cross,CFD WM64,Faces,0.34,0.38,50,within_sampled_range,II,121,87.5,runs/yin_orientation_20260925/results/latest/r21vgg2k_vgg16_bn_aa_s42/faces_cfdWM64/results.csv,II
aa4,VGG2k / AA4,r21vgg2k_vgg16_bn_aa_s42,snapshot,105,two_cross,CFD WM64,Faces,0.34,0.38,50,within_sampled_range,II,122,79.16666666666666,runs/yin_orientation_20260925/results/latest/r21vgg2k_vgg16_bn_aa_s42/faces_cfdWM64/results.csv,II
aa4,VGG2k / AA4,r21vgg2k_vgg16_bn_aa_s42,snapshot,105,two_cross,CFD WM64,Faces,0.34,0.38,50,within_sampled_range,II,123,75.0,runs/yin_orientation_20260925/results/latest/r21vgg2k_vgg16_bn_aa_s42/faces_cfdWM64/results.csv,II
aa4,VGG2k / AA4,r21vgg2k_vgg16_bn_aa_s42,snapshot,105,two_cross,CFD WM64,Faces,0.34,0.38,50,within_sampled_range,II,124,83.33333333333334,runs/yin_orientation_20260925/results/latest/r21vgg2k_vgg16_bn_aa_s42/faces_cfdWM64/results.csv,II
aa4,VGG2k / AA4,r21vgg2k_vgg16_bn_aa_s42,snapshot,105,two_cross,CFD WM64,Faces,0.34,0.38,50,within_sampled_range,II,125,79.16666666666666,runs/yin_orientation_20260925/results/latest/r21vgg2k_vgg16_bn_aa_s42/faces_cfdWM64/results.csv,II
aa4,VGG2k / AA4,r21vgg2k_vgg16_bn_aa_s42,snapshot,105,two_cross,CFD WM64,Faces,0.34,0.38,50,within_sampled_range,II,126,95.83333333333334,runs/yin_orientation_20260925/results/latest/r21vgg2k_vgg16_bn_aa_s42/faces_cfdWM64/results.csv,II
aa4,VGG2k / AA4,r21vgg2k_vgg16_bn_aa_s42,snapshot,105,two_cross,CFD WM64,Faces,0.34,0.38,50,within_sampled_range,II,127,66.66666666666666,runs/yin_orientation_20260925/results/latest/r21vgg2k_vgg16_bn_aa_s42/faces_cfdWM64/results.csv,II
aa4,VGG2k / AA4,r21vgg2k_vgg16_bn_aa_s42,snapshot,105,two_cross,CFD WM64,Faces,0.34,0.38,50,within_sampled_range,II,128,79.16666666666666,runs/yin_orientation_20260925/results/latest/r21vgg2k_vgg16_bn_aa_s42/faces_cfdWM64/results.csv,II
aa4,VGG2k / AA4,r21vgg2k_vgg16_bn_aa_s42,snapshot,105,two_cross,CFD WM64,Faces,0.34,0.38,50,within_sampled_range,II,129,83.33333333333334,runs/yin_orientation_20260925/results/latest/r21vgg2k_vgg16_bn_aa_s42/faces_cfdWM64/results.csv,II
aa4,VGG2k / AA4,r21vgg2k_vgg16_bn_aa_s42,snapshot,105,two_cross,CFD WM64,Faces,0.34,0.38,50,within_sampled_range,II,130,87.5,runs/yin_orientation_20260925/results/latest/r21vgg2k_vgg16_bn_aa_s42/faces_cfdWM64/results.csv,II
aa4,VGG2k / AA4,r21vgg2k_vgg16_bn_aa_s42,snapshot,105,two_cross,CFD WM64,Faces,0.34,0.38,50,within_sampled_range,II,131,83.33333333333334,runs/yin_orientation_20260925/results/latest/r21vgg2k_vgg16_bn_aa_s42/faces_cfdWM64/results.csv,II
aa4,VGG2k / AA4,r21vgg2k_vgg16_bn_aa_s42,snapshot,105,two_cross,CFD WM64,Faces,0.34,0.38,50,within_sampled_range,II,132,87.5,runs/yin_orientation_20260925/results/latest/r21vgg2k_vgg16_bn_aa_s42/faces_cfdWM64/results.csv,II
aa4,VGG2k / AA4,r21vgg2k_vgg16_bn_aa_s42,snapshot,105,two_cross,CFD WM64,Faces,0.34,0.38,50,within_sampled_range,II,133,70.83333333333334,runs/yin_orientation_20260925/results/latest/r21vgg2k_vgg16_bn_aa_s42/faces_cfdWM64/results.csv,II
aa4,VGG2k / AA4,r21vgg2k_vgg16_bn_aa_s42,snapshot,105,two_cross,CFD WM64,Faces,0.34,0.38,50,within_sampled_range,II,134,66.66666666666666,runs/yin_orientation_20260925/results/latest/r21vgg2k_vgg16_bn_aa_s42/faces_cfdWM64/results.csv,II
aa4,VGG2k / AA4,r21vgg2k_vgg16_bn_aa_s42,snapshot,105,two_cross,CFD WM64,Faces,0.34,0.38,50,within_sampled_range,II,135,83.33333333333334,runs/yin_orientation_20260925/results/latest/r21vgg2k_vgg16_bn_aa_s42/faces_cfdWM64/results.csv,II
aa4,VGG2k / AA4,r21vgg2k_vgg16_bn_aa_s42,snapshot,105,two_cross,CFD WM64,Faces,0.34,0.38,50,within_sampled_range,II,136,75.0,runs/yin_orientation_20260925/results/latest/r21vgg2k_vgg16_bn_aa_s42/faces_cfdWM64/results.csv,II
aa4,VGG2k / AA4,r21vgg2k_vgg16_bn_aa_s42,snapshot,105,two_cross,CFD WM64,Faces,0.34,0.38,50,within_sampled_range,II,137,75.0,runs/yin_orientation_20260925/results/latest/r21vgg2k_vgg16_bn_aa_s42/faces_cfdWM64/results.csv,II
aa4,VGG2k / AA4,r21vgg2k_vgg16_bn_aa_s42,snapshot,105,two_cross,CFD WM64,Faces,0.34,0.38,50,within_sampled_range,II,138,75.0,runs/yin_orientation_20260925/results/latest/r21vgg2k_vgg16_bn_aa_s42/faces_cfdWM64/results.csv,II
aa4,VGG2k / AA4,r21vgg2k_vgg16_bn_aa_s42,snapshot,105,two_cross,CFD WM64,Faces,0.34,0.38,50,within_sampled_range,II,139,83.33333333333334,runs/yin_orientation_20260925/results/latest/r21vgg2k_vgg16_bn_aa_s42/faces_cfdWM64/results.csv,II
aa4,VGG2k / AA4,r21vgg2k_vgg16_bn_aa_s42,snapshot,105,two_cross,CFD WM64,Faces,0.34,0.38,50,within_sampled_range,II,140,83.33333333333334,runs/yin_orientation_20260925/results/latest/r21vgg2k_vgg16_bn_aa_s42/faces_cfdWM64/results.csv,II
aa4,VGG2k / AA4,r21vgg2k_vgg16_bn_aa_s42,snapshot,105,two_cross,CFD WM64,Faces,0.34,0.38,50,within_sampled_range,II,141,79.16666666666666,runs/yin_orientation_20260925/results/latest/r21vgg2k_vgg16_bn_aa_s42/faces_cfdWM64/results.csv,II
aa4,VGG2k / AA4,r21vgg2k_vgg16_bn_aa_s42,snapshot,105,two_cross,CFD WM64,Faces,0.34,0.38,50,within_sampled_range,II,142,83.33333333333334,runs/yin_orientation_20260925/results/latest/r21vgg2k_vgg16_bn_aa_s42/faces_cfdWM64/results.csv,II
aa4,VGG2k / AA4,r21vgg2k_vgg16_bn_aa_s42,snapshot,105,two_cross,CFD WM64,Faces,0.34,0.38,50,within_sampled_range,II,143,79.16666666666666,runs/yin_orientation_20260925/results/latest/r21vgg2k_vgg16_bn_aa_s42/faces_cfdWM64/results.csv,II
aa4,VGG2k / AA4,r21vgg2k_vgg16_bn_aa_s42,snapshot,105,two_cross,CFD WM64,Faces,0.34,0.38,50,within_sampled_range,II,144,79.16666666666666,runs/yin_orientation_20260925/results/latest/r21vgg2k_vgg16_bn_aa_s42/faces_cfdWM64/results.csv,II
aa4,VGG2k / AA4,r21vgg2k_vgg16_bn_aa_s42,snapshot,105,two_cross,CFD WM64,Faces,0.34,0.38,50,within_sampled_range,II,145,83.33333333333334,runs/yin_orientation_20260925/results/latest/r21vgg2k_vgg16_bn_aa_s42/faces_cfdWM64/results.csv,II
aa4,VGG2k / AA4,r21vgg2k_vgg16_bn_aa_s42,snapshot,105,two_cross,CFD WM64,Faces,0.34,0.38,50,within_sampled_range,II,146,66.66666666666666,runs/yin_orientation_20260925/results/latest/r21vgg2k_vgg16_bn_aa_s42/faces_cfdWM64/results.csv,II
aa4,VGG2k / AA4,r21vgg2k_vgg16_bn_aa_s42,snapshot,105,two_cross,CFD WM64,Faces,0.34,0.38,50,within_sampled_range,II,147,70.83333333333334,runs/yin_orientation_20260925/results/latest/r21vgg2k_vgg16_bn_aa_s42/faces_cfdWM64/results.csv,II
aa4,VGG2k / AA4,r21vgg2k_vgg16_bn_aa_s42,snapshot,105,two_cross,CFD WM64,Faces,0.34,0.38,50,within_sampled_range,II,148,75.0,runs/yin_orientation_20260925/results/latest/r21vgg2k_vgg16_bn_aa_s42/faces_cfdWM64/results.csv,II
aa4,VGG2k / AA4,r21vgg2k_vgg16_bn_aa_s42,snapshot,105,two_cross,CFD WM64,Faces,0.34,0.38,50,within_sampled_range,II,149,79.16666666666666,runs/yin_orientation_20260925/results/latest/r21vgg2k_vgg16_bn_aa_s42/faces_cfdWM64/results.csv,II
aa4,VGG2k / AA4,r21vgg2k_vgg16_bn_aa_s42,snapshot,105,two_cross,CFD WM64,Faces,0.34,0.38,50,within_sampled_range,II,150,87.5,runs/yin_orientation_20260925/results/latest/r21vgg2k_vgg16_bn_aa_s42/faces_cfdWM64/results.csv,II
aa4,VGG2k / AA4,r21vgg2k_vgg16_bn_aa_s42,snapshot,105,two_cross,CFD WM64,Faces,0.34,0.38,50,within_sampled_range,UI,101,91.66666666666666,runs/yin_orientation_20260925/results/latest/r21vgg2k_vgg16_bn_aa_s42/faces_cfdWM64/results.csv,UI
aa4,VGG2k / AA4,r21vgg2k_vgg16_bn_aa_s42,snapshot,105,two_cross,CFD WM64,Faces,0.34,0.38,50,within_sampled_range,UI,102,79.16666666666666,runs/yin_orientation_20260925/results/latest/r21vgg2k_vgg16_bn_aa_s42/faces_cfdWM64/results.csv,UI
aa4,VGG2k / AA4,r21vgg2k_vgg16_bn_aa_s42,snapshot,105,two_cross,CFD WM64,Faces,0.34,0.38,50,within_sampled_range,UI,103,87.5,runs/yin_orientation_20260925/results/latest/r21vgg2k_vgg16_bn_aa_s42/faces_cfdWM64/results.csv,UI
aa4,VGG2k / AA4,r21vgg2k_vgg16_bn_aa_s42,snapshot,105,two_cross,CFD WM64,Faces,0.34,0.38,50,within_sampled_range,UI,104,87.5,runs/yin_orientation_20260925/results/latest/r21vgg2k_vgg16_bn_aa_s42/faces_cfdWM64/results.csv,UI
aa4,VGG2k / AA4,r21vgg2k_vgg16_bn_aa_s42,snapshot,105,two_cross,CFD WM64,Faces,0.34,0.38,50,within_sampled_range,UI,105,87.5,runs/yin_orientation_20260925/results/latest/r21vgg2k_vgg16_bn_aa_s42/faces_cfdWM64/results.csv,UI
aa4,VGG2k / AA4,r21vgg2k_vgg16_bn_aa_s42,snapshot,105,two_cross,CFD WM64,Faces,0.34,0.38,50,within_sampled_range,UI,106,87.5,runs/yin_orientation_20260925/results/latest/r21vgg2k_vgg16_bn_aa_s42/faces_cfdWM64/results.csv,UI
aa4,VGG2k / AA4,r21vgg2k_vgg16_bn_aa_s42,snapshot,105,two_cross,CFD WM64,Faces,0.34,0.38,50,within_sampled_range,UI,107,83.33333333333334,runs/yin_orientation_20260925/results/latest/r21vgg2k_vgg16_bn_aa_s42/faces_cfdWM64/results.csv,UI
aa4,VGG2k / AA4,r21vgg2k_vgg16_bn_aa_s42,snapshot,105,two_cross,CFD WM64,Faces,0.34,0.38,50,within_sampled_range,UI,108,87.5,runs/yin_orientation_20260925/results/latest/r21vgg2k_vgg16_bn_aa_s42/faces_cfdWM64/results.csv,UI
aa4,VGG2k / AA4,r21vgg2k_vgg16_bn_aa_s42,snapshot,105,two_cross,CFD WM64,Faces,0.34,0.38,50,within_sampled_range,UI,109,91.66666666666666,runs/yin_orientation_20260925/results/latest/r21vgg2k_vgg16_bn_aa_s42/faces_cfdWM64/results.csv,UI
aa4,VGG2k / AA4,r21vgg2k_vgg16_bn_aa_s42,snapshot,105,two_cross,CFD WM64,Faces,0.34,0.38,50,within_sampled_range,UI,110,95.83333333333334,runs/yin_orientation_20260925/results/latest/r21vgg2k_vgg16_bn_aa_s42/faces_cfdWM64/results.csv,UI
aa4,VGG2k / AA4,r21vgg2k_vgg16_bn_aa_s42,snapshot,105,two_cross,CFD WM64,Faces,0.34,0.38,50,within_sampled_range,UI,111,91.66666666666666,runs/yin_orientation_20260925/results/latest/r21vgg2k_vgg16_bn_aa_s42/faces_cfdWM64/results.csv,UI
aa4,VGG2k / AA4,r21vgg2k_vgg16_bn_aa_s42,snapshot,105,two_cross,CFD WM64,Faces,0.34,0.38,50,within_sampled_range,UI,112,87.5,runs/yin_orientation_20260925/results/latest/r21vgg2k_vgg16_bn_aa_s42/faces_cfdWM64/results.csv,UI
aa4,VGG2k / AA4,r21vgg2k_vgg16_bn_aa_s42,snapshot,105,two_cross,CFD WM64,Faces,0.34,0.38,50,within_sampled_range,UI,113,87.5,runs/yin_orientation_20260925/results/latest/r21vgg2k_vgg16_bn_aa_s42/faces_cfdWM64/results.csv,UI
aa4,VGG2k / AA4,r21vgg2k_vgg16_bn_aa_s42,snapshot,105,two_cross,CFD WM64,Faces,0.34,0.38,50,within_sampled_range,UI,114,83.33333333333334,runs/yin_orientation_20260925/results/latest/r21vgg2k_vgg16_bn_aa_s42/faces_cfdWM64/results.csv,UI
aa4,VGG2k / AA4,r21vgg2k_vgg16_bn_aa_s42,snapshot,105,two_cross,CFD WM64,Faces,0.34,0.38,50,within_sampled_range,UI,115,87.5,runs/yin_orientation_20260925/results/latest/r21vgg2k_vgg16_bn_aa_s42/faces_cfdWM64/results.csv,UI
aa4,VGG2k / AA4,r21vgg2k_vgg16_bn_aa_s42,snapshot,105,two_cross,CFD WM64,Faces,0.34,0.38,50,within_sampled_range,UI,116,87.5,runs/yin_orientation_20260925/results/latest/r21vgg2k_vgg16_bn_aa_s42/faces_cfdWM64/results.csv,UI
aa4,VGG2k / AA4,r21vgg2k_vgg16_bn_aa_s42,snapshot,105,two_cross,CFD WM64,Faces,0.34,0.38,50,within_sampled_range,UI,117,91.66666666666666,runs/yin_orientation_20260925/results/latest/r21vgg2k_vgg16_bn_aa_s42/faces_cfdWM64/results.csv,UI
aa4,VGG2k / AA4,r21vgg2k_vgg16_bn_aa_s42,snapshot,105,two_cross,CFD WM64,Faces,0.34,0.38,50,within_sampled_range,UI,118,91.66666666666666,runs/yin_orientation_20260925/results/latest/r21vgg2k_vgg16_bn_aa_s42/faces_cfdWM64/results.csv,UI
aa4,VGG2k / AA4,r21vgg2k_vgg16_bn_aa_s42,snapshot,105,two_cross,CFD WM64,Faces,0.34,0.38,50,within_sampled_range,UI,119,95.83333333333334,runs/yin_orientation_20260925/results/latest/r21vgg2k_vgg16_bn_aa_s42/faces_cfdWM64/results.csv,UI
aa4,VGG2k / AA4,r21vgg2k_vgg16_bn_aa_s42,snapshot,105,two_cross,CFD WM64,Faces,0.34,0.38,50,within_sampled_range,UI,120,91.66666666666666,runs/yin_orientation_20260925/results/latest/r21vgg2k_vgg16_bn_aa_s42/faces_cfdWM64/results.csv,UI
aa4,VGG2k / AA4,r21vgg2k_vgg16_bn_aa_s42,snapshot,105,two_cross,CFD WM64,Faces,0.34,0.38,50,within_sampled_range,UI,121,91.66666666666666,runs/yin_orientation_20260925/results/latest/r21vgg2k_vgg16_bn_aa_s42/faces_cfdWM64/results.csv,UI
aa4,VGG2k / AA4,r21vgg2k_vgg16_bn_aa_s42,snapshot,105,two_cross,CFD WM64,Faces,0.34,0.38,50,within_sampled_range,UI,122,79.16666666666666,runs/yin_orientation_20260925/results/latest/r21vgg2k_vgg16_bn_aa_s42/faces_cfdWM64/results.csv,UI
aa4,VGG2k / AA4,r21vgg2k_vgg16_bn_aa_s42,snapshot,105,two_cross,CFD WM64,Faces,0.34,0.38,50,within_sampled_range,UI,123,87.5,runs/yin_orientation_20260925/results/latest/r21vgg2k_vgg16_bn_aa_s42/faces_cfdWM64/results.csv,UI
aa4,VGG2k / AA4,r21vgg2k_vgg16_bn_aa_s42,snapshot,105,two_cross,CFD WM64,Faces,0.34,0.38,50,within_sampled_range,UI,124,95.83333333333334,runs/yin_orientation_20260925/results/latest/r21vgg2k_vgg16_bn_aa_s42/faces_cfdWM64/results.csv,UI
aa4,VGG2k / AA4,r21vgg2k_vgg16_bn_aa_s42,snapshot,105,two_cross,CFD WM64,Faces,0.34,0.38,50,within_sampled_range,UI,125,87.5,runs/yin_orientation_20260925/results/latest/r21vgg2k_vgg16_bn_aa_s42/faces_cfdWM64/results.csv,UI
aa4,VGG2k / AA4,r21vgg2k_vgg16_bn_aa_s42,snapshot,105,two_cross,CFD WM64,Faces,0.34,0.38,50,within_sampled_range,UI,126,87.5,runs/yin_orientation_20260925/results/latest/r21vgg2k_vgg16_bn_aa_s42/faces_cfdWM64/results.csv,UI
aa4,VGG2k / AA4,r21vgg2k_vgg16_bn_aa_s42,snapshot,105,two_cross,CFD WM64,Faces,0.34,0.38,50,within_sampled_range,UI,127,91.66666666666666,runs/yin_orientation_20260925/results/latest/r21vgg2k_vgg16_bn_aa_s42/faces_cfdWM64/results.csv,UI
aa4,VGG2k / AA4,r21vgg2k_vgg16_bn_aa_s42,snapshot,105,two_cross,CFD WM64,Faces,0.34,0.38,50,within_sampled_range,UI,128,87.5,runs/yin_orientation_20260925/results/latest/r21vgg2k_vgg16_bn_aa_s42/faces_cfdWM64/results.csv,UI
aa4,VGG2k / AA4,r21vgg2k_vgg16_bn_aa_s42,snapshot,105,two_cross,CFD WM64,Faces,0.34,0.38,50,within_sampled_range,UI,129,95.83333333333334,runs/yin_orientation_20260925/results/latest/r21vgg2k_vgg16_bn_aa_s42/faces_cfdWM64/results.csv,UI
aa4,VGG2k / AA4,r21vgg2k_vgg16_bn_aa_s42,snapshot,105,two_cross,CFD WM64,Faces,0.34,0.38,50,within_sampled_range,UI,130,95.83333333333334,runs/yin_orientation_20260925/results/latest/r21vgg2k_vgg16_bn_aa_s42/faces_cfdWM64/results.csv,UI
aa4,VGG2k / AA4,r21vgg2k_vgg16_bn_aa_s42,snapshot,105,two_cross,CFD WM64,Faces,0.34,0.38,50,within_sampled_range,UI,131,83.33333333333334,runs/yin_orientation_20260925/results/latest/r21vgg2k_vgg16_bn_aa_s42/faces_cfdWM64/results.csv,UI
aa4,VGG2k / AA4,r21vgg2k_vgg16_bn_aa_s42,snapshot,105,two_cross,CFD WM64,Faces,0.34,0.38,50,within_sampled_range,UI,132,87.5,runs/yin_orientation_20260925/results/latest/r21vgg2k_vgg16_bn_aa_s42/faces_cfdWM64/results.csv,UI
aa4,VGG2k / AA4,r21vgg2k_vgg16_bn_aa_s42,snapshot,105,two_cross,CFD WM64,Faces,0.34,0.38,50,within_sampled_range,UI,133,83.33333333333334,runs/yin_orientation_20260925/results/latest/r21vgg2k_vgg16_bn_aa_s42/faces_cfdWM64/results.csv,UI
aa4,VGG2k / AA4,r21vgg2k_vgg16_bn_aa_s42,snapshot,105,two_cross,CFD WM64,Faces,0.34,0.38,50,within_sampled_range,UI,134,87.5,runs/yin_orientation_20260925/results/latest/r21vgg2k_vgg16_bn_aa_s42/faces_cfdWM64/results.csv,UI
aa4,VGG2k / AA4,r21vgg2k_vgg16_bn_aa_s42,snapshot,105,two_cross,CFD WM64,Faces,0.34,0.38,50,within_sampled_range,UI,135,83.33333333333334,runs/yin_orientation_20260925/results/latest/r21vgg2k_vgg16_bn_aa_s42/faces_cfdWM64/results.csv,UI
aa4,VGG2k / AA4,r21vgg2k_vgg16_bn_aa_s42,snapshot,105,two_cross,CFD WM64,Faces,0.34,0.38,50,within_sampled_range,UI,136,79.16666666666666,runs/yin_orientation_20260925/results/latest/r21vgg2k_vgg16_bn_aa_s42/faces_cfdWM64/results.csv,UI
aa4,VGG2k / AA4,r21vgg2k_vgg16_bn_aa_s42,snapshot,105,two_cross,CFD WM64,Faces,0.34,0.38,50,within_sampled_range,UI,137,91.66666666666666,runs/yin_orientation_20260925/results/latest/r21vgg2k_vgg16_bn_aa_s42/faces_cfdWM64/results.csv,UI
aa4,VGG2k / AA4,r21vgg2k_vgg16_bn_aa_s42,snapshot,105,two_cross,CFD WM64,Faces,0.34,0.38,50,within_sampled_range,UI,138,87.5,runs/yin_orientation_20260925/results/latest/r21vgg2k_vgg16_bn_aa_s42/faces_cfdWM64/results.csv,UI
aa4,VGG2k / AA4,r21vgg2k_vgg16_bn_aa_s42,snapshot,105,two_cross,CFD WM64,Faces,0.34,0.38,50,within_sampled_range,UI,139,95.83333333333334,runs/yin_orientation_20260925/results/latest/r21vgg2k_vgg16_bn_aa_s42/faces_cfdWM64/results.csv,UI
aa4,VGG2k / AA4,r21vgg2k_vgg16_bn_aa_s42,snapshot,105,two_cross,CFD WM64,Faces,0.34,0.38,50,within_sampled_range,UI,140,83.33333333333334,runs/yin_orientation_20260925/results/latest/r21vgg2k_vgg16_bn_aa_s42/faces_cfdWM64/results.csv,UI
aa4,VGG2k / AA4,r21vgg2k_vgg16_bn_aa_s42,snapshot,105,two_cross,CFD WM64,Faces,0.34,0.38,50,within_sampled_range,UI,141,87.5,runs/yin_orientation_20260925/results/latest/r21vgg2k_vgg16_bn_aa_s42/faces_cfdWM64/results.csv,UI
aa4,VGG2k / AA4,r21vgg2k_vgg16_bn_aa_s42,snapshot,105,two_cross,CFD WM64,Faces,0.34,0.38,50,within_sampled_range,UI,142,79.16666666666666,runs/yin_orientation_20260925/results/latest/r21vgg2k_vgg16_bn_aa_s42/faces_cfdWM64/results.csv,UI
aa4,VGG2k / AA4,r21vgg2k_vgg16_bn_aa_s42,snapshot,105,two_cross,CFD WM64,Faces,0.34,0.38,50,within_sampled_range,UI,143,91.66666666666666,runs/yin_orientation_20260925/results/latest/r21vgg2k_vgg16_bn_aa_s42/faces_cfdWM64/results.csv,UI
aa4,VGG2k / AA4,r21vgg2k_vgg16_bn_aa_s42,snapshot,105,two_cross,CFD WM64,Faces,0.34,0.38,50,within_sampled_range,UI,144,87.5,runs/yin_orientation_20260925/results/latest/r21vgg2k_vgg16_bn_aa_s42/faces_cfdWM64/results.csv,UI
aa4,VGG2k / AA4,r21vgg2k_vgg16_bn_aa_s42,snapshot,105,two_cross,CFD WM64,Faces,0.34,0.38,50,within_sampled_range,UI,145,83.33333333333334,runs/yin_orientation_20260925/results/latest/r21vgg2k_vgg16_bn_aa_s42/faces_cfdWM64/results.csv,UI
aa4,VGG2k / AA4,r21vgg2k_vgg16_bn_aa_s42,snapshot,105,two_cross,CFD WM64,Faces,0.34,0.38,50,within_sampled_range,UI,146,100.0,runs/yin_orientation_20260925/results/latest/r21vgg2k_vgg16_bn_aa_s42/faces_cfdWM64/results.csv,UI
aa4,VGG2k / AA4,r21vgg2k_vgg16_bn_aa_s42,snapshot,105,two_cross,CFD WM64,Faces,0.34,0.38,50,within_sampled_range,UI,147,87.5,runs/yin_orientation_20260925/results/latest/r21vgg2k_vgg16_bn_aa_s42/faces_cfdWM64/results.csv,UI
aa4,VGG2k / AA4,r21vgg2k_vgg16_bn_aa_s42,snapshot,105,two_cross,CFD WM64,Faces,0.34,0.38,50,within_sampled_range,UI,148,87.5,runs/yin_orientation_20260925/results/latest/r21vgg2k_vgg16_bn_aa_s42/faces_cfdWM64/results.csv,UI
aa4,VGG2k / AA4,r21vgg2k_vgg16_bn_aa_s42,snapshot,105,two_cross,CFD WM64,Faces,0.34,0.38,50,within_sampled_range,UI,149,75.0,runs/yin_orientation_20260925/results/latest/r21vgg2k_vgg16_bn_aa_s42/faces_cfdWM64/results.csv,UI
aa4,VGG2k / AA4,r21vgg2k_vgg16_bn_aa_s42,snapshot,105,two_cross,CFD WM64,Faces,0.34,0.38,50,within_sampled_range,UI,150,79.16666666666666,runs/yin_orientation_20260925/results/latest/r21vgg2k_vgg16_bn_aa_s42/faces_cfdWM64/results.csv,UI
aa4,VGG2k / AA4,r21vgg2k_vgg16_bn_aa_s42,snapshot,105,two_cross,CFD WM64,Faces,0.34,0.38,50,within_sampled_range,IU,101,91.66666666666666,runs/yin_orientation_20260925/results/latest/r21vgg2k_vgg16_bn_aa_s42/faces_cfdWM64/results.csv,IU
aa4,VGG2k / AA4,r21vgg2k_vgg16_bn_aa_s42,snapshot,105,two_cross,CFD WM64,Faces,0.34,0.38,50,within_sampled_range,IU,102,79.16666666666666,runs/yin_orientation_20260925/results/latest/r21vgg2k_vgg16_bn_aa_s42/faces_cfdWM64/results.csv,IU
aa4,VGG2k / AA4,r21vgg2k_vgg16_bn_aa_s42,snapshot,105,two_cross,CFD WM64,Faces,0.34,0.38,50,within_sampled_range,IU,103,95.83333333333334,runs/yin_orientation_20260925/results/latest/r21vgg2k_vgg16_bn_aa_s42/faces_cfdWM64/results.csv,IU
aa4,VGG2k / AA4,r21vgg2k_vgg16_bn_aa_s42,snapshot,105,two_cross,CFD WM64,Faces,0.34,0.38,50,within_sampled_range,IU,104,75.0,runs/yin_orientation_20260925/results/latest/r21vgg2k_vgg16_bn_aa_s42/faces_cfdWM64/results.csv,IU
aa4,VGG2k / AA4,r21vgg2k_vgg16_bn_aa_s42,snapshot,105,two_cross,CFD WM64,Faces,0.34,0.38,50,within_sampled_range,IU,105,79.16666666666666,runs/yin_orientation_20260925/results/latest/r21vgg2k_vgg16_bn_aa_s42/faces_cfdWM64/results.csv,IU
aa4,VGG2k / AA4,r21vgg2k_vgg16_bn_aa_s42,snapshot,105,two_cross,CFD WM64,Faces,0.34,0.38,50,within_sampled_range,IU,106,95.83333333333334,runs/yin_orientation_20260925/results/latest/r21vgg2k_vgg16_bn_aa_s42/faces_cfdWM64/results.csv,IU
aa4,VGG2k / AA4,r21vgg2k_vgg16_bn_aa_s42,snapshot,105,two_cross,CFD WM64,Faces,0.34,0.38,50,within_sampled_range,IU,107,79.16666666666666,runs/yin_orientation_20260925/results/latest/r21vgg2k_vgg16_bn_aa_s42/faces_cfdWM64/results.csv,IU
aa4,VGG2k / AA4,r21vgg2k_vgg16_bn_aa_s42,snapshot,105,two_cross,CFD WM64,Faces,0.34,0.38,50,within_sampled_range,IU,108,95.83333333333334,runs/yin_orientation_20260925/results/latest/r21vgg2k_vgg16_bn_aa_s42/faces_cfdWM64/results.csv,IU
aa4,VGG2k / AA4,r21vgg2k_vgg16_bn_aa_s42,snapshot,105,two_cross,CFD WM64,Faces,0.34,0.38,50,within_sampled_range,IU,109,75.0,runs/yin_orientation_20260925/results/latest/r21vgg2k_vgg16_bn_aa_s42/faces_cfdWM64/results.csv,IU
aa4,VGG2k / AA4,r21vgg2k_vgg16_bn_aa_s42,snapshot,105,two_cross,CFD WM64,Faces,0.34,0.38,50,within_sampled_range,IU,110,83.33333333333334,runs/yin_orientation_20260925/results/latest/r21vgg2k_vgg16_bn_aa_s42/faces_cfdWM64/results.csv,IU
aa4,VGG2k / AA4,r21vgg2k_vgg16_bn_aa_s42,snapshot,105,two_cross,CFD WM64,Faces,0.34,0.38,50,within_sampled_range,IU,111,87.5,runs/yin_orientation_20260925/results/latest/r21vgg2k_vgg16_bn_aa_s42/faces_cfdWM64/results.csv,IU
aa4,VGG2k / AA4,r21vgg2k_vgg16_bn_aa_s42,snapshot,105,two_cross,CFD WM64,Faces,0.34,0.38,50,within_sampled_range,IU,112,91.66666666666666,runs/yin_orientation_20260925/results/latest/r21vgg2k_vgg16_bn_aa_s42/faces_cfdWM64/results.csv,IU
aa4,VGG2k / AA4,r21vgg2k_vgg16_bn_aa_s42,snapshot,105,two_cross,CFD WM64,Faces,0.34,0.38,50,within_sampled_range,IU,113,79.16666666666666,runs/yin_orientation_20260925/results/latest/r21vgg2k_vgg16_bn_aa_s42/faces_cfdWM64/results.csv,IU
aa4,VGG2k / AA4,r21vgg2k_vgg16_bn_aa_s42,snapshot,105,two_cross,CFD WM64,Faces,0.34,0.38,50,within_sampled_range,IU,114,75.0,runs/yin_orientation_20260925/results/latest/r21vgg2k_vgg16_bn_aa_s42/faces_cfdWM64/results.csv,IU
aa4,VGG2k / AA4,r21vgg2k_vgg16_bn_aa_s42,snapshot,105,two_cross,CFD WM64,Faces,0.34,0.38,50,within_sampled_range,IU,115,75.0,runs/yin_orientation_20260925/results/latest/r21vgg2k_vgg16_bn_aa_s42/faces_cfdWM64/results.csv,IU
aa4,VGG2k / AA4,r21vgg2k_vgg16_bn_aa_s42,snapshot,105,two_cross,CFD WM64,Faces,0.34,0.38,50,within_sampled_range,IU,116,83.33333333333334,runs/yin_orientation_20260925/results/latest/r21vgg2k_vgg16_bn_aa_s42/faces_cfdWM64/results.csv,IU
aa4,VGG2k / AA4,r21vgg2k_vgg16_bn_aa_s42,snapshot,105,two_cross,CFD WM64,Faces,0.34,0.38,50,within_sampled_range,IU,117,83.33333333333334,runs/yin_orientation_20260925/results/latest/r21vgg2k_vgg16_bn_aa_s42/faces_cfdWM64/results.csv,IU
aa4,VGG2k / AA4,r21vgg2k_vgg16_bn_aa_s42,snapshot,105,two_cross,CFD WM64,Faces,0.34,0.38,50,within_sampled_range,IU,118,91.66666666666666,runs/yin_orientation_20260925/results/latest/r21vgg2k_vgg16_bn_aa_s42/faces_cfdWM64/results.csv,IU
aa4,VGG2k / AA4,r21vgg2k_vgg16_bn_aa_s42,snapshot,105,two_cross,CFD WM64,Faces,0.34,0.38,50,within_sampled_range,IU,119,91.66666666666666,runs/yin_orientation_20260925/results/latest/r21vgg2k_vgg16_bn_aa_s42/faces_cfdWM64/results.csv,IU
aa4,VGG2k / AA4,r21vgg2k_vgg16_bn_aa_s42,snapshot,105,two_cross,CFD WM64,Faces,0.34,0.38,50,within_sampled_range,IU,120,91.66666666666666,runs/yin_orientation_20260925/results/latest/r21vgg2k_vgg16_bn_aa_s42/faces_cfdWM64/results.csv,IU
aa4,VGG2k / AA4,r21vgg2k_vgg16_bn_aa_s42,snapshot,105,two_cross,CFD WM64,Faces,0.34,0.38,50,within_sampled_range,IU,121,91.66666666666666,runs/yin_orientation_20260925/results/latest/r21vgg2k_vgg16_bn_aa_s42/faces_cfdWM64/results.csv,IU
aa4,VGG2k / AA4,r21vgg2k_vgg16_bn_aa_s42,snapshot,105,two_cross,CFD WM64,Faces,0.34,0.38,50,within_sampled_range,IU,122,87.5,runs/yin_orientation_20260925/results/latest/r21vgg2k_vgg16_bn_aa_s42/faces_cfdWM64/results.csv,IU
aa4,VGG2k / AA4,r21vgg2k_vgg16_bn_aa_s42,snapshot,105,two_cross,CFD WM64,Faces,0.34,0.38,50,within_sampled_range,IU,123,87.5,runs/yin_orientation_20260925/results/latest/r21vgg2k_vgg16_bn_aa_s42/faces_cfdWM64/results.csv,IU
aa4,VGG2k / AA4,r21vgg2k_vgg16_bn_aa_s42,snapshot,105,two_cross,CFD WM64,Faces,0.34,0.38,50,within_sampled_range,IU,124,91.66666666666666,runs/yin_orientation_20260925/results/latest/r21vgg2k_vgg16_bn_aa_s42/faces_cfdWM64/results.csv,IU
aa4,VGG2k / AA4,r21vgg2k_vgg16_bn_aa_s42,snapshot,105,two_cross,CFD WM64,Faces,0.34,0.38,50,within_sampled_range,IU,125,91.66666666666666,runs/yin_orientation_20260925/results/latest/r21vgg2k_vgg16_bn_aa_s42/faces_cfdWM64/results.csv,IU
aa4,VGG2k / AA4,r21vgg2k_vgg16_bn_aa_s42,snapshot,105,two_cross,CFD WM64,Faces,0.34,0.38,50,within_sampled_range,IU,126,87.5,runs/yin_orientation_20260925/results/latest/r21vgg2k_vgg16_bn_aa_s42/faces_cfdWM64/results.csv,IU
aa4,VGG2k / AA4,r21vgg2k_vgg16_bn_aa_s42,snapshot,105,two_cross,CFD WM64,Faces,0.34,0.38,50,within_sampled_range,IU,127,95.83333333333334,runs/yin_orientation_20260925/results/latest/r21vgg2k_vgg16_bn_aa_s42/faces_cfdWM64/results.csv,IU
aa4,VGG2k / AA4,r21vgg2k_vgg16_bn_aa_s42,snapshot,105,two_cross,CFD WM64,Faces,0.34,0.38,50,within_sampled_range,IU,128,87.5,runs/yin_orientation_20260925/results/latest/r21vgg2k_vgg16_bn_aa_s42/faces_cfdWM64/results.csv,IU
aa4,VGG2k / AA4,r21vgg2k_vgg16_bn_aa_s42,snapshot,105,two_cross,CFD WM64,Faces,0.34,0.38,50,within_sampled_range,IU,129,87.5,runs/yin_orientation_20260925/results/latest/r21vgg2k_vgg16_bn_aa_s42/faces_cfdWM64/results.csv,IU
aa4,VGG2k / AA4,r21vgg2k_vgg16_bn_aa_s42,snapshot,105,two_cross,CFD WM64,Faces,0.34,0.38,50,within_sampled_range,IU,130,100.0,runs/yin_orientation_20260925/results/latest/r21vgg2k_vgg16_bn_aa_s42/faces_cfdWM64/results.csv,IU
aa4,VGG2k / AA4,r21vgg2k_vgg16_bn_aa_s42,snapshot,105,two_cross,CFD WM64,Faces,0.34,0.38,50,within_sampled_range,IU,131,75.0,runs/yin_orientation_20260925/results/latest/r21vgg2k_vgg16_bn_aa_s42/faces_cfdWM64/results.csv,IU
aa4,VGG2k / AA4,r21vgg2k_vgg16_bn_aa_s42,snapshot,105,two_cross,CFD WM64,Faces,0.34,0.38,50,within_sampled_range,IU,132,79.16666666666666,runs/yin_orientation_20260925/results/latest/r21vgg2k_vgg16_bn_aa_s42/faces_cfdWM64/results.csv,IU
aa4,VGG2k / AA4,r21vgg2k_vgg16_bn_aa_s42,snapshot,105,two_cross,CFD WM64,Faces,0.34,0.38,50,within_sampled_range,IU,133,87.5,runs/yin_orientation_20260925/results/latest/r21vgg2k_vgg16_bn_aa_s42/faces_cfdWM64/results.csv,IU
aa4,VGG2k / AA4,r21vgg2k_vgg16_bn_aa_s42,snapshot,105,two_cross,CFD WM64,Faces,0.34,0.38,50,within_sampled_range,IU,134,95.83333333333334,runs/yin_orientation_20260925/results/latest/r21vgg2k_vgg16_bn_aa_s42/faces_cfdWM64/results.csv,IU
aa4,VGG2k / AA4,r21vgg2k_vgg16_bn_aa_s42,snapshot,105,two_cross,CFD WM64,Faces,0.34,0.38,50,within_sampled_range,IU,135,87.5,runs/yin_orientation_20260925/results/latest/r21vgg2k_vgg16_bn_aa_s42/faces_cfdWM64/results.csv,IU
aa4,VGG2k / AA4,r21vgg2k_vgg16_bn_aa_s42,snapshot,105,two_cross,CFD WM64,Faces,0.34,0.38,50,within_sampled_range,IU,136,87.5,runs/yin_orientation_20260925/results/latest/r21vgg2k_vgg16_bn_aa_s42/faces_cfdWM64/results.csv,IU
aa4,VGG2k / AA4,r21vgg2k_vgg16_bn_aa_s42,snapshot,105,two_cross,CFD WM64,Faces,0.34,0.38,50,within_sampled_range,IU,137,83.33333333333334,runs/yin_orientation_20260925/results/latest/r21vgg2k_vgg16_bn_aa_s42/faces_cfdWM64/results.csv,IU
aa4,VGG2k / AA4,r21vgg2k_vgg16_bn_aa_s42,snapshot,105,two_cross,CFD WM64,Faces,0.34,0.38,50,within_sampled_range,IU,138,91.66666666666666,runs/yin_orientation_20260925/results/latest/r21vgg2k_vgg16_bn_aa_s42/faces_cfdWM64/results.csv,IU
aa4,VGG2k / AA4,r21vgg2k_vgg16_bn_aa_s42,snapshot,105,two_cross,CFD WM64,Faces,0.34,0.38,50,within_sampled_range,IU,139,95.83333333333334,runs/yin_orientation_20260925/results/latest/r21vgg2k_vgg16_bn_aa_s42/faces_cfdWM64/results.csv,IU
aa4,VGG2k / AA4,r21vgg2k_vgg16_bn_aa_s42,snapshot,105,two_cross,CFD WM64,Faces,0.34,0.38,50,within_sampled_range,IU,140,79.16666666666666,runs/yin_orientation_20260925/results/latest/r21vgg2k_vgg16_bn_aa_s42/faces_cfdWM64/results.csv,IU
aa4,VGG2k / AA4,r21vgg2k_vgg16_bn_aa_s42,snapshot,105,two_cross,CFD WM64,Faces,0.34,0.38,50,within_sampled_range,IU,141,87.5,runs/yin_orientation_20260925/results/latest/r21vgg2k_vgg16_bn_aa_s42/faces_cfdWM64/results.csv,IU
aa4,VGG2k / AA4,r21vgg2k_vgg16_bn_aa_s42,snapshot,105,two_cross,CFD WM64,Faces,0.34,0.38,50,within_sampled_range,IU,142,79.16666666666666,runs/yin_orientation_20260925/results/latest/r21vgg2k_vgg16_bn_aa_s42/faces_cfdWM64/results.csv,IU
aa4,VGG2k / AA4,r21vgg2k_vgg16_bn_aa_s42,snapshot,105,two_cross,CFD WM64,Faces,0.34,0.38,50,within_sampled_range,IU,143,83.33333333333334,runs/yin_orientation_20260925/results/latest/r21vgg2k_vgg16_bn_aa_s42/faces_cfdWM64/results.csv,IU
aa4,VGG2k / AA4,r21vgg2k_vgg16_bn_aa_s42,snapshot,105,two_cross,CFD WM64,Faces,0.34,0.38,50,within_sampled_range,IU,144,91.66666666666666,runs/yin_orientation_20260925/results/latest/r21vgg2k_vgg16_bn_aa_s42/faces_cfdWM64/results.csv,IU
aa4,VGG2k / AA4,r21vgg2k_vgg16_bn_aa_s42,snapshot,105,two_cross,CFD WM64,Faces,0.34,0.38,50,within_sampled_range,IU,145,83.33333333333334,runs/yin_orientation_20260925/results/latest/r21vgg2k_vgg16_bn_aa_s42/faces_cfdWM64/results.csv,IU
aa4,VGG2k / AA4,r21vgg2k_vgg16_bn_aa_s42,snapshot,105,two_cross,CFD WM64,Faces,0.34,0.38,50,within_sampled_range,IU,146,83.33333333333334,runs/yin_orientation_20260925/results/latest/r21vgg2k_vgg16_bn_aa_s42/faces_cfdWM64/results.csv,IU
aa4,VGG2k / AA4,r21vgg2k_vgg16_bn_aa_s42,snapshot,105,two_cross,CFD WM64,Faces,0.34,0.38,50,within_sampled_range,IU,147,79.16666666666666,runs/yin_orientation_20260925/results/latest/r21vgg2k_vgg16_bn_aa_s42/faces_cfdWM64/results.csv,IU
aa4,VGG2k / AA4,r21vgg2k_vgg16_bn_aa_s42,snapshot,105,two_cross,CFD WM64,Faces,0.34,0.38,50,within_sampled_range,IU,148,79.16666666666666,runs/yin_orientation_20260925/results/latest/r21vgg2k_vgg16_bn_aa_s42/faces_cfdWM64/results.csv,IU
aa4,VGG2k / AA4,r21vgg2k_vgg16_bn_aa_s42,snapshot,105,two_cross,CFD WM64,Faces,0.34,0.38,50,within_sampled_range,IU,149,75.0,runs/yin_orientation_20260925/results/latest/r21vgg2k_vgg16_bn_aa_s42/faces_cfdWM64/results.csv,IU
aa4,VGG2k / AA4,r21vgg2k_vgg16_bn_aa_s42,snapshot,105,two_cross,CFD WM64,Faces,0.34,0.38,50,within_sampled_range,IU,150,91.66666666666666,runs/yin_orientation_20260925/results/latest/r21vgg2k_vgg16_bn_aa_s42/faces_cfdWM64/results.csv,IU
bin5,VGG2k / bin5,r21vgg2k_vgg16_bn_aa5_s42,face_transfer,124,single_uu,RFW WM64,Faces,0.37,,50,within_sampled_range,UU,101,95.83333333333334,runs/yin_latest_vgg_20260927/single_noise/r21vgg2k_vgg16_bn_aa5_s42/faces_rfwWM64/faces_rfwWM64/results.csv,UU
bin5,VGG2k / bin5,r21vgg2k_vgg16_bn_aa5_s42,face_transfer,124,single_uu,RFW WM64,Faces,0.37,,50,within_sampled_range,UU,102,100.0,runs/yin_latest_vgg_20260927/single_noise/r21vgg2k_vgg16_bn_aa5_s42/faces_rfwWM64/faces_rfwWM64/results.csv,UU
bin5,VGG2k / bin5,r21vgg2k_vgg16_bn_aa5_s42,face_transfer,124,single_uu,RFW WM64,Faces,0.37,,50,within_sampled_range,UU,103,95.83333333333334,runs/yin_latest_vgg_20260927/single_noise/r21vgg2k_vgg16_bn_aa5_s42/faces_rfwWM64/faces_rfwWM64/results.csv,UU
bin5,VGG2k / bin5,r21vgg2k_vgg16_bn_aa5_s42,face_transfer,124,single_uu,RFW WM64,Faces,0.37,,50,within_sampled_range,UU,104,95.83333333333334,runs/yin_latest_vgg_20260927/single_noise/r21vgg2k_vgg16_bn_aa5_s42/faces_rfwWM64/faces_rfwWM64/results.csv,UU
bin5,VGG2k / bin5,r21vgg2k_vgg16_bn_aa5_s42,face_transfer,124,single_uu,RFW WM64,Faces,0.37,,50,within_sampled_range,UU,105,91.66666666666666,runs/yin_latest_vgg_20260927/single_noise/r21vgg2k_vgg16_bn_aa5_s42/faces_rfwWM64/faces_rfwWM64/results.csv,UU
bin5,VGG2k / bin5,r21vgg2k_vgg16_bn_aa5_s42,face_transfer,124,single_uu,RFW WM64,Faces,0.37,,50,within_sampled_range,UU,106,100.0,runs/yin_latest_vgg_20260927/single_noise/r21vgg2k_vgg16_bn_aa5_s42/faces_rfwWM64/faces_rfwWM64/results.csv,UU
bin5,VGG2k / bin5,r21vgg2k_vgg16_bn_aa5_s42,face_transfer,124,single_uu,RFW WM64,Faces,0.37,,50,within_sampled_range,UU,107,100.0,runs/yin_latest_vgg_20260927/single_noise/r21vgg2k_vgg16_bn_aa5_s42/faces_rfwWM64/faces_rfwWM64/results.csv,UU
bin5,VGG2k / bin5,r21vgg2k_vgg16_bn_aa5_s42,face_transfer,124,single_uu,RFW WM64,Faces,0.37,,50,within_sampled_range,UU,108,100.0,runs/yin_latest_vgg_20260927/single_noise/r21vgg2k_vgg16_bn_aa5_s42/faces_rfwWM64/faces_rfwWM64/results.csv,UU
bin5,VGG2k / bin5,r21vgg2k_vgg16_bn_aa5_s42,face_transfer,124,single_uu,RFW WM64,Faces,0.37,,50,within_sampled_range,UU,109,100.0,runs/yin_latest_vgg_20260927/single_noise/r21vgg2k_vgg16_bn_aa5_s42/faces_rfwWM64/faces_rfwWM64/results.csv,UU
bin5,VGG2k / bin5,r21vgg2k_vgg16_bn_aa5_s42,face_transfer,124,single_uu,RFW WM64,Faces,0.37,,50,within_sampled_range,UU,110,87.5,runs/yin_latest_vgg_20260927/single_noise/r21vgg2k_vgg16_bn_aa5_s42/faces_rfwWM64/faces_rfwWM64/results.csv,UU
bin5,VGG2k / bin5,r21vgg2k_vgg16_bn_aa5_s42,face_transfer,124,single_uu,RFW WM64,Faces,0.37,,50,within_sampled_range,UU,111,91.66666666666666,runs/yin_latest_vgg_20260927/single_noise/r21vgg2k_vgg16_bn_aa5_s42/faces_rfwWM64/faces_rfwWM64/results.csv,UU
bin5,VGG2k / bin5,r21vgg2k_vgg16_bn_aa5_s42,face_transfer,124,single_uu,RFW WM64,Faces,0.37,,50,within_sampled_range,UU,112,100.0,runs/yin_latest_vgg_20260927/single_noise/r21vgg2k_vgg16_bn_aa5_s42/faces_rfwWM64/faces_rfwWM64/results.csv,UU
bin5,VGG2k / bin5,r21vgg2k_vgg16_bn_aa5_s42,face_transfer,124,single_uu,RFW WM64,Faces,0.37,,50,within_sampled_range,UU,113,91.66666666666666,runs/yin_latest_vgg_20260927/single_noise/r21vgg2k_vgg16_bn_aa5_s42/faces_rfwWM64/faces_rfwWM64/results.csv,UU
bin5,VGG2k / bin5,r21vgg2k_vgg16_bn_aa5_s42,face_transfer,124,single_uu,RFW WM64,Faces,0.37,,50,within_sampled_range,UU,114,95.83333333333334,runs/yin_latest_vgg_20260927/single_noise/r21vgg2k_vgg16_bn_aa5_s42/faces_rfwWM64/faces_rfwWM64/results.csv,UU
bin5,VGG2k / bin5,r21vgg2k_vgg16_bn_aa5_s42,face_transfer,124,single_uu,RFW WM64,Faces,0.37,,50,within_sampled_range,UU,115,91.66666666666666,runs/yin_latest_vgg_20260927/single_noise/r21vgg2k_vgg16_bn_aa5_s42/faces_rfwWM64/faces_rfwWM64/results.csv,UU
bin5,VGG2k / bin5,r21vgg2k_vgg16_bn_aa5_s42,face_transfer,124,single_uu,RFW WM64,Faces,0.37,,50,within_sampled_range,UU,116,87.5,runs/yin_latest_vgg_20260927/single_noise/r21vgg2k_vgg16_bn_aa5_s42/faces_rfwWM64/faces_rfwWM64/results.csv,UU
bin5,VGG2k / bin5,r21vgg2k_vgg16_bn_aa5_s42,face_transfer,124,single_uu,RFW WM64,Faces,0.37,,50,within_sampled_range,UU,117,100.0,runs/yin_latest_vgg_20260927/single_noise/r21vgg2k_vgg16_bn_aa5_s42/faces_rfwWM64/faces_rfwWM64/results.csv,UU
bin5,VGG2k / bin5,r21vgg2k_vgg16_bn_aa5_s42,face_transfer,124,single_uu,RFW WM64,Faces,0.37,,50,within_sampled_range,UU,118,100.0,runs/yin_latest_vgg_20260927/single_noise/r21vgg2k_vgg16_bn_aa5_s42/faces_rfwWM64/faces_rfwWM64/results.csv,UU
bin5,VGG2k / bin5,r21vgg2k_vgg16_bn_aa5_s42,face_transfer,124,single_uu,RFW WM64,Faces,0.37,,50,within_sampled_range,UU,119,100.0,runs/yin_latest_vgg_20260927/single_noise/r21vgg2k_vgg16_bn_aa5_s42/faces_rfwWM64/faces_rfwWM64/results.csv,UU
bin5,VGG2k / bin5,r21vgg2k_vgg16_bn_aa5_s42,face_transfer,124,single_uu,RFW WM64,Faces,0.37,,50,within_sampled_range,UU,120,100.0,runs/yin_latest_vgg_20260927/single_noise/r21vgg2k_vgg16_bn_aa5_s42/faces_rfwWM64/faces_rfwWM64/results.csv,UU
bin5,VGG2k / bin5,r21vgg2k_vgg16_bn_aa5_s42,face_transfer,124,single_uu,RFW WM64,Faces,0.37,,50,within_sampled_range,UU,121,100.0,runs/yin_latest_vgg_20260927/single_noise/r21vgg2k_vgg16_bn_aa5_s42/faces_rfwWM64/faces_rfwWM64/results.csv,UU
bin5,VGG2k / bin5,r21vgg2k_vgg16_bn_aa5_s42,face_transfer,124,single_uu,RFW WM64,Faces,0.37,,50,within_sampled_range,UU,122,95.83333333333334,runs/yin_latest_vgg_20260927/single_noise/r21vgg2k_vgg16_bn_aa5_s42/faces_rfwWM64/faces_rfwWM64/results.csv,UU
bin5,VGG2k / bin5,r21vgg2k_vgg16_bn_aa5_s42,face_transfer,124,single_uu,RFW WM64,Faces,0.37,,50,within_sampled_range,UU,123,95.83333333333334,runs/yin_latest_vgg_20260927/single_noise/r21vgg2k_vgg16_bn_aa5_s42/faces_rfwWM64/faces_rfwWM64/results.csv,UU
bin5,VGG2k / bin5,r21vgg2k_vgg16_bn_aa5_s42,face_transfer,124,single_uu,RFW WM64,Faces,0.37,,50,within_sampled_range,UU,124,95.83333333333334,runs/yin_latest_vgg_20260927/single_noise/r21vgg2k_vgg16_bn_aa5_s42/faces_rfwWM64/faces_rfwWM64/results.csv,UU
bin5,VGG2k / bin5,r21vgg2k_vgg16_bn_aa5_s42,face_transfer,124,single_uu,RFW WM64,Faces,0.37,,50,within_sampled_range,UU,125,95.83333333333334,runs/yin_latest_vgg_20260927/single_noise/r21vgg2k_vgg16_bn_aa5_s42/faces_rfwWM64/faces_rfwWM64/results.csv,UU
bin5,VGG2k / bin5,r21vgg2k_vgg16_bn_aa5_s42,face_transfer,124,single_uu,RFW WM64,Faces,0.37,,50,within_sampled_range,UU,126,95.83333333333334,runs/yin_latest_vgg_20260927/single_noise/r21vgg2k_vgg16_bn_aa5_s42/faces_rfwWM64/faces_rfwWM64/results.csv,UU
bin5,VGG2k / bin5,r21vgg2k_vgg16_bn_aa5_s42,face_transfer,124,single_uu,RFW WM64,Faces,0.37,,50,within_sampled_range,UU,127,100.0,runs/yin_latest_vgg_20260927/single_noise/r21vgg2k_vgg16_bn_aa5_s42/faces_rfwWM64/faces_rfwWM64/results.csv,UU
bin5,VGG2k / bin5,r21vgg2k_vgg16_bn_aa5_s42,face_transfer,124,single_uu,RFW WM64,Faces,0.37,,50,within_sampled_range,UU,128,95.83333333333334,runs/yin_latest_vgg_20260927/single_noise/r21vgg2k_vgg16_bn_aa5_s42/faces_rfwWM64/faces_rfwWM64/results.csv,UU
bin5,VGG2k / bin5,r21vgg2k_vgg16_bn_aa5_s42,face_transfer,124,single_uu,RFW WM64,Faces,0.37,,50,within_sampled_range,UU,129,91.66666666666666,runs/yin_latest_vgg_20260927/single_noise/r21vgg2k_vgg16_bn_aa5_s42/faces_rfwWM64/faces_rfwWM64/results.csv,UU
bin5,VGG2k / bin5,r21vgg2k_vgg16_bn_aa5_s42,face_transfer,124,single_uu,RFW WM64,Faces,0.37,,50,within_sampled_range,UU,130,100.0,runs/yin_latest_vgg_20260927/single_noise/r21vgg2k_vgg16_bn_aa5_s42/faces_rfwWM64/faces_rfwWM64/results.csv,UU
bin5,VGG2k / bin5,r21vgg2k_vgg16_bn_aa5_s42,face_transfer,124,single_uu,RFW WM64,Faces,0.37,,50,within_sampled_range,UU,131,100.0,runs/yin_latest_vgg_20260927/single_noise/r21vgg2k_vgg16_bn_aa5_s42/faces_rfwWM64/faces_rfwWM64/results.csv,UU
bin5,VGG2k / bin5,r21vgg2k_vgg16_bn_aa5_s42,face_transfer,124,single_uu,RFW WM64,Faces,0.37,,50,within_sampled_range,UU,132,100.0,runs/yin_latest_vgg_20260927/single_noise/r21vgg2k_vgg16_bn_aa5_s42/faces_rfwWM64/faces_rfwWM64/results.csv,UU
bin5,VGG2k / bin5,r21vgg2k_vgg16_bn_aa5_s42,face_transfer,124,single_uu,RFW WM64,Faces,0.37,,50,within_sampled_range,UU,133,95.83333333333334,runs/yin_latest_vgg_20260927/single_noise/r21vgg2k_vgg16_bn_aa5_s42/faces_rfwWM64/faces_rfwWM64/results.csv,UU
bin5,VGG2k / bin5,r21vgg2k_vgg16_bn_aa5_s42,face_transfer,124,single_uu,RFW WM64,Faces,0.37,,50,within_sampled_range,UU,134,95.83333333333334,runs/yin_latest_vgg_20260927/single_noise/r21vgg2k_vgg16_bn_aa5_s42/faces_rfwWM64/faces_rfwWM64/results.csv,UU
bin5,VGG2k / bin5,r21vgg2k_vgg16_bn_aa5_s42,face_transfer,124,single_uu,RFW WM64,Faces,0.37,,50,within_sampled_range,UU,135,100.0,runs/yin_latest_vgg_20260927/single_noise/r21vgg2k_vgg16_bn_aa5_s42/faces_rfwWM64/faces_rfwWM64/results.csv,UU
bin5,VGG2k / bin5,r21vgg2k_vgg16_bn_aa5_s42,face_transfer,124,single_uu,RFW WM64,Faces,0.37,,50,within_sampled_range,UU,136,95.83333333333334,runs/yin_latest_vgg_20260927/single_noise/r21vgg2k_vgg16_bn_aa5_s42/faces_rfwWM64/faces_rfwWM64/results.csv,UU
bin5,VGG2k / bin5,r21vgg2k_vgg16_bn_aa5_s42,face_transfer,124,single_uu,RFW WM64,Faces,0.37,,50,within_sampled_range,UU,137,95.83333333333334,runs/yin_latest_vgg_20260927/single_noise/r21vgg2k_vgg16_bn_aa5_s42/faces_rfwWM64/faces_rfwWM64/results.csv,UU
bin5,VGG2k / bin5,r21vgg2k_vgg16_bn_aa5_s42,face_transfer,124,single_uu,RFW WM64,Faces,0.37,,50,within_sampled_range,UU,138,95.83333333333334,runs/yin_latest_vgg_20260927/single_noise/r21vgg2k_vgg16_bn_aa5_s42/faces_rfwWM64/faces_rfwWM64/results.csv,UU
bin5,VGG2k / bin5,r21vgg2k_vgg16_bn_aa5_s42,face_transfer,124,single_uu,RFW WM64,Faces,0.37,,50,within_sampled_range,UU,139,100.0,runs/yin_latest_vgg_20260927/single_noise/r21vgg2k_vgg16_bn_aa5_s42/faces_rfwWM64/faces_rfwWM64/results.csv,UU
bin5,VGG2k / bin5,r21vgg2k_vgg16_bn_aa5_s42,face_transfer,124,single_uu,RFW WM64,Faces,0.37,,50,within_sampled_range,UU,140,100.0,runs/yin_latest_vgg_20260927/single_noise/r21vgg2k_vgg16_bn_aa5_s42/faces_rfwWM64/faces_rfwWM64/results.csv,UU
bin5,VGG2k / bin5,r21vgg2k_vgg16_bn_aa5_s42,face_transfer,124,single_uu,RFW WM64,Faces,0.37,,50,within_sampled_range,UU,141,95.83333333333334,runs/yin_latest_vgg_20260927/single_noise/r21vgg2k_vgg16_bn_aa5_s42/faces_rfwWM64/faces_rfwWM64/results.csv,UU
bin5,VGG2k / bin5,r21vgg2k_vgg16_bn_aa5_s42,face_transfer,124,single_uu,RFW WM64,Faces,0.37,,50,within_sampled_range,UU,142,100.0,runs/yin_latest_vgg_20260927/single_noise/r21vgg2k_vgg16_bn_aa5_s42/faces_rfwWM64/faces_rfwWM64/results.csv,UU
bin5,VGG2k / bin5,r21vgg2k_vgg16_bn_aa5_s42,face_transfer,124,single_uu,RFW WM64,Faces,0.37,,50,within_sampled_range,UU,143,95.83333333333334,runs/yin_latest_vgg_20260927/single_noise/r21vgg2k_vgg16_bn_aa5_s42/faces_rfwWM64/faces_rfwWM64/results.csv,UU
bin5,VGG2k / bin5,r21vgg2k_vgg16_bn_aa5_s42,face_transfer,124,single_uu,RFW WM64,Faces,0.37,,50,within_sampled_range,UU,144,95.83333333333334,runs/yin_latest_vgg_20260927/single_noise/r21vgg2k_vgg16_bn_aa5_s42/faces_rfwWM64/faces_rfwWM64/results.csv,UU
bin5,VGG2k / bin5,r21vgg2k_vgg16_bn_aa5_s42,face_transfer,124,single_uu,RFW WM64,Faces,0.37,,50,within_sampled_range,UU,145,91.66666666666666,runs/yin_latest_vgg_20260927/single_noise/r21vgg2k_vgg16_bn_aa5_s42/faces_rfwWM64/faces_rfwWM64/results.csv,UU
bin5,VGG2k / bin5,r21vgg2k_vgg16_bn_aa5_s42,face_transfer,124,single_uu,RFW WM64,Faces,0.37,,50,within_sampled_range,UU,146,100.0,runs/yin_latest_vgg_20260927/single_noise/r21vgg2k_vgg16_bn_aa5_s42/faces_rfwWM64/faces_rfwWM64/results.csv,UU
bin5,VGG2k / bin5,r21vgg2k_vgg16_bn_aa5_s42,face_transfer,124,single_uu,RFW WM64,Faces,0.37,,50,within_sampled_range,UU,147,95.83333333333334,runs/yin_latest_vgg_20260927/single_noise/r21vgg2k_vgg16_bn_aa5_s42/faces_rfwWM64/faces_rfwWM64/results.csv,UU
bin5,VGG2k / bin5,r21vgg2k_vgg16_bn_aa5_s42,face_transfer,124,single_uu,RFW WM64,Faces,0.37,,50,within_sampled_range,UU,148,95.83333333333334,runs/yin_latest_vgg_20260927/single_noise/r21vgg2k_vgg16_bn_aa5_s42/faces_rfwWM64/faces_rfwWM64/results.csv,UU
bin5,VGG2k / bin5,r21vgg2k_vgg16_bn_aa5_s42,face_transfer,124,single_uu,RFW WM64,Faces,0.37,,50,within_sampled_range,UU,149,95.83333333333334,runs/yin_latest_vgg_20260927/single_noise/r21vgg2k_vgg16_bn_aa5_s42/faces_rfwWM64/faces_rfwWM64/results.csv,UU
bin5,VGG2k / bin5,r21vgg2k_vgg16_bn_aa5_s42,face_transfer,124,single_uu,RFW WM64,Faces,0.37,,50,within_sampled_range,UU,150,100.0,runs/yin_latest_vgg_20260927/single_noise/r21vgg2k_vgg16_bn_aa5_s42/faces_rfwWM64/faces_rfwWM64/results.csv,UU
bin5,VGG2k / bin5,r21vgg2k_vgg16_bn_aa5_s42,face_transfer,124,single_uu,RFW WM64,Faces,0.37,,50,within_sampled_range,II,101,91.66666666666666,runs/yin_latest_vgg_20260927/single_noise/r21vgg2k_vgg16_bn_aa5_s42/faces_rfwWM64/faces_rfwWM64/results.csv,II
bin5,VGG2k / bin5,r21vgg2k_vgg16_bn_aa5_s42,face_transfer,124,single_uu,RFW WM64,Faces,0.37,,50,within_sampled_range,II,102,87.5,runs/yin_latest_vgg_20260927/single_noise/r21vgg2k_vgg16_bn_aa5_s42/faces_rfwWM64/faces_rfwWM64/results.csv,II
bin5,VGG2k / bin5,r21vgg2k_vgg16_bn_aa5_s42,face_transfer,124,single_uu,RFW WM64,Faces,0.37,,50,within_sampled_range,II,103,95.83333333333334,runs/yin_latest_vgg_20260927/single_noise/r21vgg2k_vgg16_bn_aa5_s42/faces_rfwWM64/faces_rfwWM64/results.csv,II
bin5,VGG2k / bin5,r21vgg2k_vgg16_bn_aa5_s42,face_transfer,124,single_uu,RFW WM64,Faces,0.37,,50,within_sampled_range,II,104,91.66666666666666,runs/yin_latest_vgg_20260927/single_noise/r21vgg2k_vgg16_bn_aa5_s42/faces_rfwWM64/faces_rfwWM64/results.csv,II
bin5,VGG2k / bin5,r21vgg2k_vgg16_bn_aa5_s42,face_transfer,124,single_uu,RFW WM64,Faces,0.37,,50,within_sampled_range,II,105,91.66666666666666,runs/yin_latest_vgg_20260927/single_noise/r21vgg2k_vgg16_bn_aa5_s42/faces_rfwWM64/faces_rfwWM64/results.csv,II
bin5,VGG2k / bin5,r21vgg2k_vgg16_bn_aa5_s42,face_transfer,124,single_uu,RFW WM64,Faces,0.37,,50,within_sampled_range,II,106,83.33333333333334,runs/yin_latest_vgg_20260927/single_noise/r21vgg2k_vgg16_bn_aa5_s42/faces_rfwWM64/faces_rfwWM64/results.csv,II
bin5,VGG2k / bin5,r21vgg2k_vgg16_bn_aa5_s42,face_transfer,124,single_uu,RFW WM64,Faces,0.37,,50,within_sampled_range,II,107,91.66666666666666,runs/yin_latest_vgg_20260927/single_noise/r21vgg2k_vgg16_bn_aa5_s42/faces_rfwWM64/faces_rfwWM64/results.csv,II
bin5,VGG2k / bin5,r21vgg2k_vgg16_bn_aa5_s42,face_transfer,124,single_uu,RFW WM64,Faces,0.37,,50,within_sampled_range,II,108,95.83333333333334,runs/yin_latest_vgg_20260927/single_noise/r21vgg2k_vgg16_bn_aa5_s42/faces_rfwWM64/faces_rfwWM64/results.csv,II
bin5,VGG2k / bin5,r21vgg2k_vgg16_bn_aa5_s42,face_transfer,124,single_uu,RFW WM64,Faces,0.37,,50,within_sampled_range,II,109,91.66666666666666,runs/yin_latest_vgg_20260927/single_noise/r21vgg2k_vgg16_bn_aa5_s42/faces_rfwWM64/faces_rfwWM64/results.csv,II
bin5,VGG2k / bin5,r21vgg2k_vgg16_bn_aa5_s42,face_transfer,124,single_uu,RFW WM64,Faces,0.37,,50,within_sampled_range,II,110,100.0,runs/yin_latest_vgg_20260927/single_noise/r21vgg2k_vgg16_bn_aa5_s42/faces_rfwWM64/faces_rfwWM64/results.csv,II
bin5,VGG2k / bin5,r21vgg2k_vgg16_bn_aa5_s42,face_transfer,124,single_uu,RFW WM64,Faces,0.37,,50,within_sampled_range,II,111,91.66666666666666,runs/yin_latest_vgg_20260927/single_noise/r21vgg2k_vgg16_bn_aa5_s42/faces_rfwWM64/faces_rfwWM64/results.csv,II
bin5,VGG2k / bin5,r21vgg2k_vgg16_bn_aa5_s42,face_transfer,124,single_uu,RFW WM64,Faces,0.37,,50,within_sampled_range,II,112,79.16666666666666,runs/yin_latest_vgg_20260927/single_noise/r21vgg2k_vgg16_bn_aa5_s42/faces_rfwWM64/faces_rfwWM64/results.csv,II
bin5,VGG2k / bin5,r21vgg2k_vgg16_bn_aa5_s42,face_transfer,124,single_uu,RFW WM64,Faces,0.37,,50,within_sampled_range,II,113,95.83333333333334,runs/yin_latest_vgg_20260927/single_noise/r21vgg2k_vgg16_bn_aa5_s42/faces_rfwWM64/faces_rfwWM64/results.csv,II
bin5,VGG2k / bin5,r21vgg2k_vgg16_bn_aa5_s42,face_transfer,124,single_uu,RFW WM64,Faces,0.37,,50,within_sampled_range,II,114,87.5,runs/yin_latest_vgg_20260927/single_noise/r21vgg2k_vgg16_bn_aa5_s42/faces_rfwWM64/faces_rfwWM64/results.csv,II
bin5,VGG2k / bin5,r21vgg2k_vgg16_bn_aa5_s42,face_transfer,124,single_uu,RFW WM64,Faces,0.37,,50,within_sampled_range,II,115,91.66666666666666,runs/yin_latest_vgg_20260927/single_noise/r21vgg2k_vgg16_bn_aa5_s42/faces_rfwWM64/faces_rfwWM64/results.csv,II
bin5,VGG2k / bin5,r21vgg2k_vgg16_bn_aa5_s42,face_transfer,124,single_uu,RFW WM64,Faces,0.37,,50,within_sampled_range,II,116,95.83333333333334,runs/yin_latest_vgg_20260927/single_noise/r21vgg2k_vgg16_bn_aa5_s42/faces_rfwWM64/faces_rfwWM64/results.csv,II
bin5,VGG2k / bin5,r21vgg2k_vgg16_bn_aa5_s42,face_transfer,124,single_uu,RFW WM64,Faces,0.37,,50,within_sampled_range,II,117,91.66666666666666,runs/yin_latest_vgg_20260927/single_noise/r21vgg2k_vgg16_bn_aa5_s42/faces_rfwWM64/faces_rfwWM64/results.csv,II
bin5,VGG2k / bin5,r21vgg2k_vgg16_bn_aa5_s42,face_transfer,124,single_uu,RFW WM64,Faces,0.37,,50,within_sampled_range,II,118,95.83333333333334,runs/yin_latest_vgg_20260927/single_noise/r21vgg2k_vgg16_bn_aa5_s42/faces_rfwWM64/faces_rfwWM64/results.csv,II
bin5,VGG2k / bin5,r21vgg2k_vgg16_bn_aa5_s42,face_transfer,124,single_uu,RFW WM64,Faces,0.37,,50,within_sampled_range,II,119,100.0,runs/yin_latest_vgg_20260927/single_noise/r21vgg2k_vgg16_bn_aa5_s42/faces_rfwWM64/faces_rfwWM64/results.csv,II
bin5,VGG2k / bin5,r21vgg2k_vgg16_bn_aa5_s42,face_transfer,124,single_uu,RFW WM64,Faces,0.37,,50,within_sampled_range,II,120,95.83333333333334,runs/yin_latest_vgg_20260927/single_noise/r21vgg2k_vgg16_bn_aa5_s42/faces_rfwWM64/faces_rfwWM64/results.csv,II
bin5,VGG2k / bin5,r21vgg2k_vgg16_bn_aa5_s42,face_transfer,124,single_uu,RFW WM64,Faces,0.37,,50,within_sampled_range,II,121,100.0,runs/yin_latest_vgg_20260927/single_noise/r21vgg2k_vgg16_bn_aa5_s42/faces_rfwWM64/faces_rfwWM64/results.csv,II
bin5,VGG2k / bin5,r21vgg2k_vgg16_bn_aa5_s42,face_transfer,124,single_uu,RFW WM64,Faces,0.37,,50,within_sampled_range,II,122,91.66666666666666,runs/yin_latest_vgg_20260927/single_noise/r21vgg2k_vgg16_bn_aa5_s42/faces_rfwWM64/faces_rfwWM64/results.csv,II
bin5,VGG2k / bin5,r21vgg2k_vgg16_bn_aa5_s42,face_transfer,124,single_uu,RFW WM64,Faces,0.37,,50,within_sampled_range,II,123,95.83333333333334,runs/yin_latest_vgg_20260927/single_noise/r21vgg2k_vgg16_bn_aa5_s42/faces_rfwWM64/faces_rfwWM64/results.csv,II
bin5,VGG2k / bin5,r21vgg2k_vgg16_bn_aa5_s42,face_transfer,124,single_uu,RFW WM64,Faces,0.37,,50,within_sampled_range,II,124,83.33333333333334,runs/yin_latest_vgg_20260927/single_noise/r21vgg2k_vgg16_bn_aa5_s42/faces_rfwWM64/faces_rfwWM64/results.csv,II
bin5,VGG2k / bin5,r21vgg2k_vgg16_bn_aa5_s42,face_transfer,124,single_uu,RFW WM64,Faces,0.37,,50,within_sampled_range,II,125,83.33333333333334,runs/yin_latest_vgg_20260927/single_noise/r21vgg2k_vgg16_bn_aa5_s42/faces_rfwWM64/faces_rfwWM64/results.csv,II
bin5,VGG2k / bin5,r21vgg2k_vgg16_bn_aa5_s42,face_transfer,124,single_uu,RFW WM64,Faces,0.37,,50,within_sampled_range,II,126,95.83333333333334,runs/yin_latest_vgg_20260927/single_noise/r21vgg2k_vgg16_bn_aa5_s42/faces_rfwWM64/faces_rfwWM64/results.csv,II
bin5,VGG2k / bin5,r21vgg2k_vgg16_bn_aa5_s42,face_transfer,124,single_uu,RFW WM64,Faces,0.37,,50,within_sampled_range,II,127,87.5,runs/yin_latest_vgg_20260927/single_noise/r21vgg2k_vgg16_bn_aa5_s42/faces_rfwWM64/faces_rfwWM64/results.csv,II
bin5,VGG2k / bin5,r21vgg2k_vgg16_bn_aa5_s42,face_transfer,124,single_uu,RFW WM64,Faces,0.37,,50,within_sampled_range,II,128,91.66666666666666,runs/yin_latest_vgg_20260927/single_noise/r21vgg2k_vgg16_bn_aa5_s42/faces_rfwWM64/faces_rfwWM64/results.csv,II
bin5,VGG2k / bin5,r21vgg2k_vgg16_bn_aa5_s42,face_transfer,124,single_uu,RFW WM64,Faces,0.37,,50,within_sampled_range,II,129,91.66666666666666,runs/yin_latest_vgg_20260927/single_noise/r21vgg2k_vgg16_bn_aa5_s42/faces_rfwWM64/faces_rfwWM64/results.csv,II
bin5,VGG2k / bin5,r21vgg2k_vgg16_bn_aa5_s42,face_transfer,124,single_uu,RFW WM64,Faces,0.37,,50,within_sampled_range,II,130,91.66666666666666,runs/yin_latest_vgg_20260927/single_noise/r21vgg2k_vgg16_bn_aa5_s42/faces_rfwWM64/faces_rfwWM64/results.csv,II
bin5,VGG2k / bin5,r21vgg2k_vgg16_bn_aa5_s42,face_transfer,124,single_uu,RFW WM64,Faces,0.37,,50,within_sampled_range,II,131,87.5,runs/yin_latest_vgg_20260927/single_noise/r21vgg2k_vgg16_bn_aa5_s42/faces_rfwWM64/faces_rfwWM64/results.csv,II
bin5,VGG2k / bin5,r21vgg2k_vgg16_bn_aa5_s42,face_transfer,124,single_uu,RFW WM64,Faces,0.37,,50,within_sampled_range,II,132,91.66666666666666,runs/yin_latest_vgg_20260927/single_noise/r21vgg2k_vgg16_bn_aa5_s42/faces_rfwWM64/faces_rfwWM64/results.csv,II
bin5,VGG2k / bin5,r21vgg2k_vgg16_bn_aa5_s42,face_transfer,124,single_uu,RFW WM64,Faces,0.37,,50,within_sampled_range,II,133,87.5,runs/yin_latest_vgg_20260927/single_noise/r21vgg2k_vgg16_bn_aa5_s42/faces_rfwWM64/faces_rfwWM64/results.csv,II
bin5,VGG2k / bin5,r21vgg2k_vgg16_bn_aa5_s42,face_transfer,124,single_uu,RFW WM64,Faces,0.37,,50,within_sampled_range,II,134,91.66666666666666,runs/yin_latest_vgg_20260927/single_noise/r21vgg2k_vgg16_bn_aa5_s42/faces_rfwWM64/faces_rfwWM64/results.csv,II
bin5,VGG2k / bin5,r21vgg2k_vgg16_bn_aa5_s42,face_transfer,124,single_uu,RFW WM64,Faces,0.37,,50,within_sampled_range,II,135,95.83333333333334,runs/yin_latest_vgg_20260927/single_noise/r21vgg2k_vgg16_bn_aa5_s42/faces_rfwWM64/faces_rfwWM64/results.csv,II
bin5,VGG2k / bin5,r21vgg2k_vgg16_bn_aa5_s42,face_transfer,124,single_uu,RFW WM64,Faces,0.37,,50,within_sampled_range,II,136,95.83333333333334,runs/yin_latest_vgg_20260927/single_noise/r21vgg2k_vgg16_bn_aa5_s42/faces_rfwWM64/faces_rfwWM64/results.csv,II
bin5,VGG2k / bin5,r21vgg2k_vgg16_bn_aa5_s42,face_transfer,124,single_uu,RFW WM64,Faces,0.37,,50,within_sampled_range,II,137,95.83333333333334,runs/yin_latest_vgg_20260927/single_noise/r21vgg2k_vgg16_bn_aa5_s42/faces_rfwWM64/faces_rfwWM64/results.csv,II
bin5,VGG2k / bin5,r21vgg2k_vgg16_bn_aa5_s42,face_transfer,124,single_uu,RFW WM64,Faces,0.37,,50,within_sampled_range,II,138,83.33333333333334,runs/yin_latest_vgg_20260927/single_noise/r21vgg2k_vgg16_bn_aa5_s42/faces_rfwWM64/faces_rfwWM64/results.csv,II
bin5,VGG2k / bin5,r21vgg2k_vgg16_bn_aa5_s42,face_transfer,124,single_uu,RFW WM64,Faces,0.37,,50,within_sampled_range,II,139,83.33333333333334,runs/yin_latest_vgg_20260927/single_noise/r21vgg2k_vgg16_bn_aa5_s42/faces_rfwWM64/faces_rfwWM64/results.csv,II
bin5,VGG2k / bin5,r21vgg2k_vgg16_bn_aa5_s42,face_transfer,124,single_uu,RFW WM64,Faces,0.37,,50,within_sampled_range,II,140,79.16666666666666,runs/yin_latest_vgg_20260927/single_noise/r21vgg2k_vgg16_bn_aa5_s42/faces_rfwWM64/faces_rfwWM64/results.csv,II
bin5,VGG2k / bin5,r21vgg2k_vgg16_bn_aa5_s42,face_transfer,124,single_uu,RFW WM64,Faces,0.37,,50,within_sampled_range,II,141,95.83333333333334,runs/yin_latest_vgg_20260927/single_noise/r21vgg2k_vgg16_bn_aa5_s42/faces_rfwWM64/faces_rfwWM64/results.csv,II
bin5,VGG2k / bin5,r21vgg2k_vgg16_bn_aa5_s42,face_transfer,124,single_uu,RFW WM64,Faces,0.37,,50,within_sampled_range,II,142,87.5,runs/yin_latest_vgg_20260927/single_noise/r21vgg2k_vgg16_bn_aa5_s42/faces_rfwWM64/faces_rfwWM64/results.csv,II
bin5,VGG2k / bin5,r21vgg2k_vgg16_bn_aa5_s42,face_transfer,124,single_uu,RFW WM64,Faces,0.37,,50,within_sampled_range,II,143,87.5,runs/yin_latest_vgg_20260927/single_noise/r21vgg2k_vgg16_bn_aa5_s42/faces_rfwWM64/faces_rfwWM64/results.csv,II
bin5,VGG2k / bin5,r21vgg2k_vgg16_bn_aa5_s42,face_transfer,124,single_uu,RFW WM64,Faces,0.37,,50,within_sampled_range,II,144,91.66666666666666,runs/yin_latest_vgg_20260927/single_noise/r21vgg2k_vgg16_bn_aa5_s42/faces_rfwWM64/faces_rfwWM64/results.csv,II
bin5,VGG2k / bin5,r21vgg2k_vgg16_bn_aa5_s42,face_transfer,124,single_uu,RFW WM64,Faces,0.37,,50,within_sampled_range,II,145,100.0,runs/yin_latest_vgg_20260927/single_noise/r21vgg2k_vgg16_bn_aa5_s42/faces_rfwWM64/faces_rfwWM64/results.csv,II
bin5,VGG2k / bin5,r21vgg2k_vgg16_bn_aa5_s42,face_transfer,124,single_uu,RFW WM64,Faces,0.37,,50,within_sampled_range,II,146,83.33333333333334,runs/yin_latest_vgg_20260927/single_noise/r21vgg2k_vgg16_bn_aa5_s42/faces_rfwWM64/faces_rfwWM64/results.csv,II
bin5,VGG2k / bin5,r21vgg2k_vgg16_bn_aa5_s42,face_transfer,124,single_uu,RFW WM64,Faces,0.37,,50,within_sampled_range,II,147,91.66666666666666,runs/yin_latest_vgg_20260927/single_noise/r21vgg2k_vgg16_bn_aa5_s42/faces_rfwWM64/faces_rfwWM64/results.csv,II
bin5,VGG2k / bin5,r21vgg2k_vgg16_bn_aa5_s42,face_transfer,124,single_uu,RFW WM64,Faces,0.37,,50,within_sampled_range,II,148,95.83333333333334,runs/yin_latest_vgg_20260927/single_noise/r21vgg2k_vgg16_bn_aa5_s42/faces_rfwWM64/faces_rfwWM64/results.csv,II
bin5,VGG2k / bin5,r21vgg2k_vgg16_bn_aa5_s42,face_transfer,124,single_uu,RFW WM64,Faces,0.37,,50,within_sampled_range,II,149,91.66666666666666,runs/yin_latest_vgg_20260927/single_noise/r21vgg2k_vgg16_bn_aa5_s42/faces_rfwWM64/faces_rfwWM64/results.csv,II
bin5,VGG2k / bin5,r21vgg2k_vgg16_bn_aa5_s42,face_transfer,124,single_uu,RFW WM64,Faces,0.37,,50,within_sampled_range,II,150,91.66666666666666,runs/yin_latest_vgg_20260927/single_noise/r21vgg2k_vgg16_bn_aa5_s42/faces_rfwWM64/faces_rfwWM64/results.csv,II
bin5,VGG2k / bin5,r21vgg2k_vgg16_bn_aa5_s42,face_transfer,124,single_uu,RFW WM64,Faces,0.37,,50,within_sampled_range,UI,101,95.83333333333334,runs/yin_latest_vgg_20260927/single_noise/r21vgg2k_vgg16_bn_aa5_s42/faces_rfwWM64/faces_rfwWM64/results.csv,UI
bin5,VGG2k / bin5,r21vgg2k_vgg16_bn_aa5_s42,face_transfer,124,single_uu,RFW WM64,Faces,0.37,,50,within_sampled_range,UI,102,100.0,runs/yin_latest_vgg_20260927/single_noise/r21vgg2k_vgg16_bn_aa5_s42/faces_rfwWM64/faces_rfwWM64/results.csv,UI
bin5,VGG2k / bin5,r21vgg2k_vgg16_bn_aa5_s42,face_transfer,124,single_uu,RFW WM64,Faces,0.37,,50,within_sampled_range,UI,103,79.16666666666666,runs/yin_latest_vgg_20260927/single_noise/r21vgg2k_vgg16_bn_aa5_s42/faces_rfwWM64/faces_rfwWM64/results.csv,UI
bin5,VGG2k / bin5,r21vgg2k_vgg16_bn_aa5_s42,face_transfer,124,single_uu,RFW WM64,Faces,0.37,,50,within_sampled_range,UI,104,91.66666666666666,runs/yin_latest_vgg_20260927/single_noise/r21vgg2k_vgg16_bn_aa5_s42/faces_rfwWM64/faces_rfwWM64/results.csv,UI
bin5,VGG2k / bin5,r21vgg2k_vgg16_bn_aa5_s42,face_transfer,124,single_uu,RFW WM64,Faces,0.37,,50,within_sampled_range,UI,105,95.83333333333334,runs/yin_latest_vgg_20260927/single_noise/r21vgg2k_vgg16_bn_aa5_s42/faces_rfwWM64/faces_rfwWM64/results.csv,UI
bin5,VGG2k / bin5,r21vgg2k_vgg16_bn_aa5_s42,face_transfer,124,single_uu,RFW WM64,Faces,0.37,,50,within_sampled_range,UI,106,95.83333333333334,runs/yin_latest_vgg_20260927/single_noise/r21vgg2k_vgg16_bn_aa5_s42/faces_rfwWM64/faces_rfwWM64/results.csv,UI
bin5,VGG2k / bin5,r21vgg2k_vgg16_bn_aa5_s42,face_transfer,124,single_uu,RFW WM64,Faces,0.37,,50,within_sampled_range,UI,107,95.83333333333334,runs/yin_latest_vgg_20260927/single_noise/r21vgg2k_vgg16_bn_aa5_s42/faces_rfwWM64/faces_rfwWM64/results.csv,UI
bin5,VGG2k / bin5,r21vgg2k_vgg16_bn_aa5_s42,face_transfer,124,single_uu,RFW WM64,Faces,0.37,,50,within_sampled_range,UI,108,100.0,runs/yin_latest_vgg_20260927/single_noise/r21vgg2k_vgg16_bn_aa5_s42/faces_rfwWM64/faces_rfwWM64/results.csv,UI
bin5,VGG2k / bin5,r21vgg2k_vgg16_bn_aa5_s42,face_transfer,124,single_uu,RFW WM64,Faces,0.37,,50,within_sampled_range,UI,109,91.66666666666666,runs/yin_latest_vgg_20260927/single_noise/r21vgg2k_vgg16_bn_aa5_s42/faces_rfwWM64/faces_rfwWM64/results.csv,UI
bin5,VGG2k / bin5,r21vgg2k_vgg16_bn_aa5_s42,face_transfer,124,single_uu,RFW WM64,Faces,0.37,,50,within_sampled_range,UI,110,91.66666666666666,runs/yin_latest_vgg_20260927/single_noise/r21vgg2k_vgg16_bn_aa5_s42/faces_rfwWM64/faces_rfwWM64/results.csv,UI
bin5,VGG2k / bin5,r21vgg2k_vgg16_bn_aa5_s42,face_transfer,124,single_uu,RFW WM64,Faces,0.37,,50,within_sampled_range,UI,111,79.16666666666666,runs/yin_latest_vgg_20260927/single_noise/r21vgg2k_vgg16_bn_aa5_s42/faces_rfwWM64/faces_rfwWM64/results.csv,UI
bin5,VGG2k / bin5,r21vgg2k_vgg16_bn_aa5_s42,face_transfer,124,single_uu,RFW WM64,Faces,0.37,,50,within_sampled_range,UI,112,79.16666666666666,runs/yin_latest_vgg_20260927/single_noise/r21vgg2k_vgg16_bn_aa5_s42/faces_rfwWM64/faces_rfwWM64/results.csv,UI
bin5,VGG2k / bin5,r21vgg2k_vgg16_bn_aa5_s42,face_transfer,124,single_uu,RFW WM64,Faces,0.37,,50,within_sampled_range,UI,113,83.33333333333334,runs/yin_latest_vgg_20260927/single_noise/r21vgg2k_vgg16_bn_aa5_s42/faces_rfwWM64/faces_rfwWM64/results.csv,UI
bin5,VGG2k / bin5,r21vgg2k_vgg16_bn_aa5_s42,face_transfer,124,single_uu,RFW WM64,Faces,0.37,,50,within_sampled_range,UI,114,79.16666666666666,runs/yin_latest_vgg_20260927/single_noise/r21vgg2k_vgg16_bn_aa5_s42/faces_rfwWM64/faces_rfwWM64/results.csv,UI
bin5,VGG2k / bin5,r21vgg2k_vgg16_bn_aa5_s42,face_transfer,124,single_uu,RFW WM64,Faces,0.37,,50,within_sampled_range,UI,115,91.66666666666666,runs/yin_latest_vgg_20260927/single_noise/r21vgg2k_vgg16_bn_aa5_s42/faces_rfwWM64/faces_rfwWM64/results.csv,UI
bin5,VGG2k / bin5,r21vgg2k_vgg16_bn_aa5_s42,face_transfer,124,single_uu,RFW WM64,Faces,0.37,,50,within_sampled_range,UI,116,87.5,runs/yin_latest_vgg_20260927/single_noise/r21vgg2k_vgg16_bn_aa5_s42/faces_rfwWM64/faces_rfwWM64/results.csv,UI
bin5,VGG2k / bin5,r21vgg2k_vgg16_bn_aa5_s42,face_transfer,124,single_uu,RFW WM64,Faces,0.37,,50,within_sampled_range,UI,117,87.5,runs/yin_latest_vgg_20260927/single_noise/r21vgg2k_vgg16_bn_aa5_s42/faces_rfwWM64/faces_rfwWM64/results.csv,UI
bin5,VGG2k / bin5,r21vgg2k_vgg16_bn_aa5_s42,face_transfer,124,single_uu,RFW WM64,Faces,0.37,,50,within_sampled_range,UI,118,95.83333333333334,runs/yin_latest_vgg_20260927/single_noise/r21vgg2k_vgg16_bn_aa5_s42/faces_rfwWM64/faces_rfwWM64/results.csv,UI
bin5,VGG2k / bin5,r21vgg2k_vgg16_bn_aa5_s42,face_transfer,124,single_uu,RFW WM64,Faces,0.37,,50,within_sampled_range,UI,119,95.83333333333334,runs/yin_latest_vgg_20260927/single_noise/r21vgg2k_vgg16_bn_aa5_s42/faces_rfwWM64/faces_rfwWM64/results.csv,UI
bin5,VGG2k / bin5,r21vgg2k_vgg16_bn_aa5_s42,face_transfer,124,single_uu,RFW WM64,Faces,0.37,,50,within_sampled_range,UI,120,95.83333333333334,runs/yin_latest_vgg_20260927/single_noise/r21vgg2k_vgg16_bn_aa5_s42/faces_rfwWM64/faces_rfwWM64/results.csv,UI
bin5,VGG2k / bin5,r21vgg2k_vgg16_bn_aa5_s42,face_transfer,124,single_uu,RFW WM64,Faces,0.37,,50,within_sampled_range,UI,121,95.83333333333334,runs/yin_latest_vgg_20260927/single_noise/r21vgg2k_vgg16_bn_aa5_s42/faces_rfwWM64/faces_rfwWM64/results.csv,UI
bin5,VGG2k / bin5,r21vgg2k_vgg16_bn_aa5_s42,face_transfer,124,single_uu,RFW WM64,Faces,0.37,,50,within_sampled_range,UI,122,91.66666666666666,runs/yin_latest_vgg_20260927/single_noise/r21vgg2k_vgg16_bn_aa5_s42/faces_rfwWM64/faces_rfwWM64/results.csv,UI
bin5,VGG2k / bin5,r21vgg2k_vgg16_bn_aa5_s42,face_transfer,124,single_uu,RFW WM64,Faces,0.37,,50,within_sampled_range,UI,123,87.5,runs/yin_latest_vgg_20260927/single_noise/r21vgg2k_vgg16_bn_aa5_s42/faces_rfwWM64/faces_rfwWM64/results.csv,UI
bin5,VGG2k / bin5,r21vgg2k_vgg16_bn_aa5_s42,face_transfer,124,single_uu,RFW WM64,Faces,0.37,,50,within_sampled_range,UI,124,91.66666666666666,runs/yin_latest_vgg_20260927/single_noise/r21vgg2k_vgg16_bn_aa5_s42/faces_rfwWM64/faces_rfwWM64/results.csv,UI
bin5,VGG2k / bin5,r21vgg2k_vgg16_bn_aa5_s42,face_transfer,124,single_uu,RFW WM64,Faces,0.37,,50,within_sampled_range,UI,125,75.0,runs/yin_latest_vgg_20260927/single_noise/r21vgg2k_vgg16_bn_aa5_s42/faces_rfwWM64/faces_rfwWM64/results.csv,UI
bin5,VGG2k / bin5,r21vgg2k_vgg16_bn_aa5_s42,face_transfer,124,single_uu,RFW WM64,Faces,0.37,,50,within_sampled_range,UI,126,95.83333333333334,runs/yin_latest_vgg_20260927/single_noise/r21vgg2k_vgg16_bn_aa5_s42/faces_rfwWM64/faces_rfwWM64/results.csv,UI
bin5,VGG2k / bin5,r21vgg2k_vgg16_bn_aa5_s42,face_transfer,124,single_uu,RFW WM64,Faces,0.37,,50,within_sampled_range,UI,127,79.16666666666666,runs/yin_latest_vgg_20260927/single_noise/r21vgg2k_vgg16_bn_aa5_s42/faces_rfwWM64/faces_rfwWM64/results.csv,UI
bin5,VGG2k / bin5,r21vgg2k_vgg16_bn_aa5_s42,face_transfer,124,single_uu,RFW WM64,Faces,0.37,,50,within_sampled_range,UI,128,100.0,runs/yin_latest_vgg_20260927/single_noise/r21vgg2k_vgg16_bn_aa5_s42/faces_rfwWM64/faces_rfwWM64/results.csv,UI
bin5,VGG2k / bin5,r21vgg2k_vgg16_bn_aa5_s42,face_transfer,124,single_uu,RFW WM64,Faces,0.37,,50,within_sampled_range,UI,129,91.66666666666666,runs/yin_latest_vgg_20260927/single_noise/r21vgg2k_vgg16_bn_aa5_s42/faces_rfwWM64/faces_rfwWM64/results.csv,UI
bin5,VGG2k / bin5,r21vgg2k_vgg16_bn_aa5_s42,face_transfer,124,single_uu,RFW WM64,Faces,0.37,,50,within_sampled_range,UI,130,100.0,runs/yin_latest_vgg_20260927/single_noise/r21vgg2k_vgg16_bn_aa5_s42/faces_rfwWM64/faces_rfwWM64/results.csv,UI
bin5,VGG2k / bin5,r21vgg2k_vgg16_bn_aa5_s42,face_transfer,124,single_uu,RFW WM64,Faces,0.37,,50,within_sampled_range,UI,131,87.5,runs/yin_latest_vgg_20260927/single_noise/r21vgg2k_vgg16_bn_aa5_s42/faces_rfwWM64/faces_rfwWM64/results.csv,UI
bin5,VGG2k / bin5,r21vgg2k_vgg16_bn_aa5_s42,face_transfer,124,single_uu,RFW WM64,Faces,0.37,,50,within_sampled_range,UI,132,87.5,runs/yin_latest_vgg_20260927/single_noise/r21vgg2k_vgg16_bn_aa5_s42/faces_rfwWM64/faces_rfwWM64/results.csv,UI
bin5,VGG2k / bin5,r21vgg2k_vgg16_bn_aa5_s42,face_transfer,124,single_uu,RFW WM64,Faces,0.37,,50,within_sampled_range,UI,133,87.5,runs/yin_latest_vgg_20260927/single_noise/r21vgg2k_vgg16_bn_aa5_s42/faces_rfwWM64/faces_rfwWM64/results.csv,UI
bin5,VGG2k / bin5,r21vgg2k_vgg16_bn_aa5_s42,face_transfer,124,single_uu,RFW WM64,Faces,0.37,,50,within_sampled_range,UI,134,91.66666666666666,runs/yin_latest_vgg_20260927/single_noise/r21vgg2k_vgg16_bn_aa5_s42/faces_rfwWM64/faces_rfwWM64/results.csv,UI
bin5,VGG2k / bin5,r21vgg2k_vgg16_bn_aa5_s42,face_transfer,124,single_uu,RFW WM64,Faces,0.37,,50,within_sampled_range,UI,135,91.66666666666666,runs/yin_latest_vgg_20260927/single_noise/r21vgg2k_vgg16_bn_aa5_s42/faces_rfwWM64/faces_rfwWM64/results.csv,UI
bin5,VGG2k / bin5,r21vgg2k_vgg16_bn_aa5_s42,face_transfer,124,single_uu,RFW WM64,Faces,0.37,,50,within_sampled_range,UI,136,87.5,runs/yin_latest_vgg_20260927/single_noise/r21vgg2k_vgg16_bn_aa5_s42/faces_rfwWM64/faces_rfwWM64/results.csv,UI
bin5,VGG2k / bin5,r21vgg2k_vgg16_bn_aa5_s42,face_transfer,124,single_uu,RFW WM64,Faces,0.37,,50,within_sampled_range,UI,137,95.83333333333334,runs/yin_latest_vgg_20260927/single_noise/r21vgg2k_vgg16_bn_aa5_s42/faces_rfwWM64/faces_rfwWM64/results.csv,UI
bin5,VGG2k / bin5,r21vgg2k_vgg16_bn_aa5_s42,face_transfer,124,single_uu,RFW WM64,Faces,0.37,,50,within_sampled_range,UI,138,95.83333333333334,runs/yin_latest_vgg_20260927/single_noise/r21vgg2k_vgg16_bn_aa5_s42/faces_rfwWM64/faces_rfwWM64/results.csv,UI
bin5,VGG2k / bin5,r21vgg2k_vgg16_bn_aa5_s42,face_transfer,124,single_uu,RFW WM64,Faces,0.37,,50,within_sampled_range,UI,139,87.5,runs/yin_latest_vgg_20260927/single_noise/r21vgg2k_vgg16_bn_aa5_s42/faces_rfwWM64/faces_rfwWM64/results.csv,UI
bin5,VGG2k / bin5,r21vgg2k_vgg16_bn_aa5_s42,face_transfer,124,single_uu,RFW WM64,Faces,0.37,,50,within_sampled_range,UI,140,79.16666666666666,runs/yin_latest_vgg_20260927/single_noise/r21vgg2k_vgg16_bn_aa5_s42/faces_rfwWM64/faces_rfwWM64/results.csv,UI
bin5,VGG2k / bin5,r21vgg2k_vgg16_bn_aa5_s42,face_transfer,124,single_uu,RFW WM64,Faces,0.37,,50,within_sampled_range,UI,141,95.83333333333334,runs/yin_latest_vgg_20260927/single_noise/r21vgg2k_vgg16_bn_aa5_s42/faces_rfwWM64/faces_rfwWM64/results.csv,UI
bin5,VGG2k / bin5,r21vgg2k_vgg16_bn_aa5_s42,face_transfer,124,single_uu,RFW WM64,Faces,0.37,,50,within_sampled_range,UI,142,95.83333333333334,runs/yin_latest_vgg_20260927/single_noise/r21vgg2k_vgg16_bn_aa5_s42/faces_rfwWM64/faces_rfwWM64/results.csv,UI
bin5,VGG2k / bin5,r21vgg2k_vgg16_bn_aa5_s42,face_transfer,124,single_uu,RFW WM64,Faces,0.37,,50,within_sampled_range,UI,143,91.66666666666666,runs/yin_latest_vgg_20260927/single_noise/r21vgg2k_vgg16_bn_aa5_s42/faces_rfwWM64/faces_rfwWM64/results.csv,UI
bin5,VGG2k / bin5,r21vgg2k_vgg16_bn_aa5_s42,face_transfer,124,single_uu,RFW WM64,Faces,0.37,,50,within_sampled_range,UI,144,79.16666666666666,runs/yin_latest_vgg_20260927/single_noise/r21vgg2k_vgg16_bn_aa5_s42/faces_rfwWM64/faces_rfwWM64/results.csv,UI
bin5,VGG2k / bin5,r21vgg2k_vgg16_bn_aa5_s42,face_transfer,124,single_uu,RFW WM64,Faces,0.37,,50,within_sampled_range,UI,145,87.5,runs/yin_latest_vgg_20260927/single_noise/r21vgg2k_vgg16_bn_aa5_s42/faces_rfwWM64/faces_rfwWM64/results.csv,UI
bin5,VGG2k / bin5,r21vgg2k_vgg16_bn_aa5_s42,face_transfer,124,single_uu,RFW WM64,Faces,0.37,,50,within_sampled_range,UI,146,100.0,runs/yin_latest_vgg_20260927/single_noise/r21vgg2k_vgg16_bn_aa5_s42/faces_rfwWM64/faces_rfwWM64/results.csv,UI
bin5,VGG2k / bin5,r21vgg2k_vgg16_bn_aa5_s42,face_transfer,124,single_uu,RFW WM64,Faces,0.37,,50,within_sampled_range,UI,147,100.0,runs/yin_latest_vgg_20260927/single_noise/r21vgg2k_vgg16_bn_aa5_s42/faces_rfwWM64/faces_rfwWM64/results.csv,UI
bin5,VGG2k / bin5,r21vgg2k_vgg16_bn_aa5_s42,face_transfer,124,single_uu,RFW WM64,Faces,0.37,,50,within_sampled_range,UI,148,95.83333333333334,runs/yin_latest_vgg_20260927/single_noise/r21vgg2k_vgg16_bn_aa5_s42/faces_rfwWM64/faces_rfwWM64/results.csv,UI
bin5,VGG2k / bin5,r21vgg2k_vgg16_bn_aa5_s42,face_transfer,124,single_uu,RFW WM64,Faces,0.37,,50,within_sampled_range,UI,149,95.83333333333334,runs/yin_latest_vgg_20260927/single_noise/r21vgg2k_vgg16_bn_aa5_s42/faces_rfwWM64/faces_rfwWM64/results.csv,UI
bin5,VGG2k / bin5,r21vgg2k_vgg16_bn_aa5_s42,face_transfer,124,single_uu,RFW WM64,Faces,0.37,,50,within_sampled_range,UI,150,95.83333333333334,runs/yin_latest_vgg_20260927/single_noise/r21vgg2k_vgg16_bn_aa5_s42/faces_rfwWM64/faces_rfwWM64/results.csv,UI
bin5,VGG2k / bin5,r21vgg2k_vgg16_bn_aa5_s42,face_transfer,124,single_uu,RFW WM64,Faces,0.37,,50,within_sampled_range,IU,101,91.66666666666666,runs/yin_latest_vgg_20260927/single_noise/r21vgg2k_vgg16_bn_aa5_s42/faces_rfwWM64/faces_rfwWM64/results.csv,IU
bin5,VGG2k / bin5,r21vgg2k_vgg16_bn_aa5_s42,face_transfer,124,single_uu,RFW WM64,Faces,0.37,,50,within_sampled_range,IU,102,87.5,runs/yin_latest_vgg_20260927/single_noise/r21vgg2k_vgg16_bn_aa5_s42/faces_rfwWM64/faces_rfwWM64/results.csv,IU
bin5,VGG2k / bin5,r21vgg2k_vgg16_bn_aa5_s42,face_transfer,124,single_uu,RFW WM64,Faces,0.37,,50,within_sampled_range,IU,103,95.83333333333334,runs/yin_latest_vgg_20260927/single_noise/r21vgg2k_vgg16_bn_aa5_s42/faces_rfwWM64/faces_rfwWM64/results.csv,IU
bin5,VGG2k / bin5,r21vgg2k_vgg16_bn_aa5_s42,face_transfer,124,single_uu,RFW WM64,Faces,0.37,,50,within_sampled_range,IU,104,95.83333333333334,runs/yin_latest_vgg_20260927/single_noise/r21vgg2k_vgg16_bn_aa5_s42/faces_rfwWM64/faces_rfwWM64/results.csv,IU
bin5,VGG2k / bin5,r21vgg2k_vgg16_bn_aa5_s42,face_transfer,124,single_uu,RFW WM64,Faces,0.37,,50,within_sampled_range,IU,105,75.0,runs/yin_latest_vgg_20260927/single_noise/r21vgg2k_vgg16_bn_aa5_s42/faces_rfwWM64/faces_rfwWM64/results.csv,IU
bin5,VGG2k / bin5,r21vgg2k_vgg16_bn_aa5_s42,face_transfer,124,single_uu,RFW WM64,Faces,0.37,,50,within_sampled_range,IU,106,87.5,runs/yin_latest_vgg_20260927/single_noise/r21vgg2k_vgg16_bn_aa5_s42/faces_rfwWM64/faces_rfwWM64/results.csv,IU
bin5,VGG2k / bin5,r21vgg2k_vgg16_bn_aa5_s42,face_transfer,124,single_uu,RFW WM64,Faces,0.37,,50,within_sampled_range,IU,107,87.5,runs/yin_latest_vgg_20260927/single_noise/r21vgg2k_vgg16_bn_aa5_s42/faces_rfwWM64/faces_rfwWM64/results.csv,IU
bin5,VGG2k / bin5,r21vgg2k_vgg16_bn_aa5_s42,face_transfer,124,single_uu,RFW WM64,Faces,0.37,,50,within_sampled_range,IU,108,95.83333333333334,runs/yin_latest_vgg_20260927/single_noise/r21vgg2k_vgg16_bn_aa5_s42/faces_rfwWM64/faces_rfwWM64/results.csv,IU
bin5,VGG2k / bin5,r21vgg2k_vgg16_bn_aa5_s42,face_transfer,124,single_uu,RFW WM64,Faces,0.37,,50,within_sampled_range,IU,109,83.33333333333334,runs/yin_latest_vgg_20260927/single_noise/r21vgg2k_vgg16_bn_aa5_s42/faces_rfwWM64/faces_rfwWM64/results.csv,IU
bin5,VGG2k / bin5,r21vgg2k_vgg16_bn_aa5_s42,face_transfer,124,single_uu,RFW WM64,Faces,0.37,,50,within_sampled_range,IU,110,100.0,runs/yin_latest_vgg_20260927/single_noise/r21vgg2k_vgg16_bn_aa5_s42/faces_rfwWM64/faces_rfwWM64/results.csv,IU
bin5,VGG2k / bin5,r21vgg2k_vgg16_bn_aa5_s42,face_transfer,124,single_uu,RFW WM64,Faces,0.37,,50,within_sampled_range,IU,111,79.16666666666666,runs/yin_latest_vgg_20260927/single_noise/r21vgg2k_vgg16_bn_aa5_s42/faces_rfwWM64/faces_rfwWM64/results.csv,IU
bin5,VGG2k / bin5,r21vgg2k_vgg16_bn_aa5_s42,face_transfer,124,single_uu,RFW WM64,Faces,0.37,,50,within_sampled_range,IU,112,83.33333333333334,runs/yin_latest_vgg_20260927/single_noise/r21vgg2k_vgg16_bn_aa5_s42/faces_rfwWM64/faces_rfwWM64/results.csv,IU
bin5,VGG2k / bin5,r21vgg2k_vgg16_bn_aa5_s42,face_transfer,124,single_uu,RFW WM64,Faces,0.37,,50,within_sampled_range,IU,113,83.33333333333334,runs/yin_latest_vgg_20260927/single_noise/r21vgg2k_vgg16_bn_aa5_s42/faces_rfwWM64/faces_rfwWM64/results.csv,IU
bin5,VGG2k / bin5,r21vgg2k_vgg16_bn_aa5_s42,face_transfer,124,single_uu,RFW WM64,Faces,0.37,,50,within_sampled_range,IU,114,87.5,runs/yin_latest_vgg_20260927/single_noise/r21vgg2k_vgg16_bn_aa5_s42/faces_rfwWM64/faces_rfwWM64/results.csv,IU
bin5,VGG2k / bin5,r21vgg2k_vgg16_bn_aa5_s42,face_transfer,124,single_uu,RFW WM64,Faces,0.37,,50,within_sampled_range,IU,115,79.16666666666666,runs/yin_latest_vgg_20260927/single_noise/r21vgg2k_vgg16_bn_aa5_s42/faces_rfwWM64/faces_rfwWM64/results.csv,IU
bin5,VGG2k / bin5,r21vgg2k_vgg16_bn_aa5_s42,face_transfer,124,single_uu,RFW WM64,Faces,0.37,,50,within_sampled_range,IU,116,91.66666666666666,runs/yin_latest_vgg_20260927/single_noise/r21vgg2k_vgg16_bn_aa5_s42/faces_rfwWM64/faces_rfwWM64/results.csv,IU
bin5,VGG2k / bin5,r21vgg2k_vgg16_bn_aa5_s42,face_transfer,124,single_uu,RFW WM64,Faces,0.37,,50,within_sampled_range,IU,117,87.5,runs/yin_latest_vgg_20260927/single_noise/r21vgg2k_vgg16_bn_aa5_s42/faces_rfwWM64/faces_rfwWM64/results.csv,IU
bin5,VGG2k / bin5,r21vgg2k_vgg16_bn_aa5_s42,face_transfer,124,single_uu,RFW WM64,Faces,0.37,,50,within_sampled_range,IU,118,91.66666666666666,runs/yin_latest_vgg_20260927/single_noise/r21vgg2k_vgg16_bn_aa5_s42/faces_rfwWM64/faces_rfwWM64/results.csv,IU
bin5,VGG2k / bin5,r21vgg2k_vgg16_bn_aa5_s42,face_transfer,124,single_uu,RFW WM64,Faces,0.37,,50,within_sampled_range,IU,119,87.5,runs/yin_latest_vgg_20260927/single_noise/r21vgg2k_vgg16_bn_aa5_s42/faces_rfwWM64/faces_rfwWM64/results.csv,IU
bin5,VGG2k / bin5,r21vgg2k_vgg16_bn_aa5_s42,face_transfer,124,single_uu,RFW WM64,Faces,0.37,,50,within_sampled_range,IU,120,95.83333333333334,runs/yin_latest_vgg_20260927/single_noise/r21vgg2k_vgg16_bn_aa5_s42/faces_rfwWM64/faces_rfwWM64/results.csv,IU
bin5,VGG2k / bin5,r21vgg2k_vgg16_bn_aa5_s42,face_transfer,124,single_uu,RFW WM64,Faces,0.37,,50,within_sampled_range,IU,121,87.5,runs/yin_latest_vgg_20260927/single_noise/r21vgg2k_vgg16_bn_aa5_s42/faces_rfwWM64/faces_rfwWM64/results.csv,IU
bin5,VGG2k / bin5,r21vgg2k_vgg16_bn_aa5_s42,face_transfer,124,single_uu,RFW WM64,Faces,0.37,,50,within_sampled_range,IU,122,100.0,runs/yin_latest_vgg_20260927/single_noise/r21vgg2k_vgg16_bn_aa5_s42/faces_rfwWM64/faces_rfwWM64/results.csv,IU
bin5,VGG2k / bin5,r21vgg2k_vgg16_bn_aa5_s42,face_transfer,124,single_uu,RFW WM64,Faces,0.37,,50,within_sampled_range,IU,123,95.83333333333334,runs/yin_latest_vgg_20260927/single_noise/r21vgg2k_vgg16_bn_aa5_s42/faces_rfwWM64/faces_rfwWM64/results.csv,IU
bin5,VGG2k / bin5,r21vgg2k_vgg16_bn_aa5_s42,face_transfer,124,single_uu,RFW WM64,Faces,0.37,,50,within_sampled_range,IU,124,91.66666666666666,runs/yin_latest_vgg_20260927/single_noise/r21vgg2k_vgg16_bn_aa5_s42/faces_rfwWM64/faces_rfwWM64/results.csv,IU
bin5,VGG2k / bin5,r21vgg2k_vgg16_bn_aa5_s42,face_transfer,124,single_uu,RFW WM64,Faces,0.37,,50,within_sampled_range,IU,125,83.33333333333334,runs/yin_latest_vgg_20260927/single_noise/r21vgg2k_vgg16_bn_aa5_s42/faces_rfwWM64/faces_rfwWM64/results.csv,IU
bin5,VGG2k / bin5,r21vgg2k_vgg16_bn_aa5_s42,face_transfer,124,single_uu,RFW WM64,Faces,0.37,,50,within_sampled_range,IU,126,100.0,runs/yin_latest_vgg_20260927/single_noise/r21vgg2k_vgg16_bn_aa5_s42/faces_rfwWM64/faces_rfwWM64/results.csv,IU
bin5,VGG2k / bin5,r21vgg2k_vgg16_bn_aa5_s42,face_transfer,124,single_uu,RFW WM64,Faces,0.37,,50,within_sampled_range,IU,127,83.33333333333334,runs/yin_latest_vgg_20260927/single_noise/r21vgg2k_vgg16_bn_aa5_s42/faces_rfwWM64/faces_rfwWM64/results.csv,IU
bin5,VGG2k / bin5,r21vgg2k_vgg16_bn_aa5_s42,face_transfer,124,single_uu,RFW WM64,Faces,0.37,,50,within_sampled_range,IU,128,100.0,runs/yin_latest_vgg_20260927/single_noise/r21vgg2k_vgg16_bn_aa5_s42/faces_rfwWM64/faces_rfwWM64/results.csv,IU
bin5,VGG2k / bin5,r21vgg2k_vgg16_bn_aa5_s42,face_transfer,124,single_uu,RFW WM64,Faces,0.37,,50,within_sampled_range,IU,129,87.5,runs/yin_latest_vgg_20260927/single_noise/r21vgg2k_vgg16_bn_aa5_s42/faces_rfwWM64/faces_rfwWM64/results.csv,IU
bin5,VGG2k / bin5,r21vgg2k_vgg16_bn_aa5_s42,face_transfer,124,single_uu,RFW WM64,Faces,0.37,,50,within_sampled_range,IU,130,95.83333333333334,runs/yin_latest_vgg_20260927/single_noise/r21vgg2k_vgg16_bn_aa5_s42/faces_rfwWM64/faces_rfwWM64/results.csv,IU
bin5,VGG2k / bin5,r21vgg2k_vgg16_bn_aa5_s42,face_transfer,124,single_uu,RFW WM64,Faces,0.37,,50,within_sampled_range,IU,131,83.33333333333334,runs/yin_latest_vgg_20260927/single_noise/r21vgg2k_vgg16_bn_aa5_s42/faces_rfwWM64/faces_rfwWM64/results.csv,IU
bin5,VGG2k / bin5,r21vgg2k_vgg16_bn_aa5_s42,face_transfer,124,single_uu,RFW WM64,Faces,0.37,,50,within_sampled_range,IU,132,83.33333333333334,runs/yin_latest_vgg_20260927/single_noise/r21vgg2k_vgg16_bn_aa5_s42/faces_rfwWM64/faces_rfwWM64/results.csv,IU
bin5,VGG2k / bin5,r21vgg2k_vgg16_bn_aa5_s42,face_transfer,124,single_uu,RFW WM64,Faces,0.37,,50,within_sampled_range,IU,133,91.66666666666666,runs/yin_latest_vgg_20260927/single_noise/r21vgg2k_vgg16_bn_aa5_s42/faces_rfwWM64/faces_rfwWM64/results.csv,IU
bin5,VGG2k / bin5,r21vgg2k_vgg16_bn_aa5_s42,face_transfer,124,single_uu,RFW WM64,Faces,0.37,,50,within_sampled_range,IU,134,91.66666666666666,runs/yin_latest_vgg_20260927/single_noise/r21vgg2k_vgg16_bn_aa5_s42/faces_rfwWM64/faces_rfwWM64/results.csv,IU
bin5,VGG2k / bin5,r21vgg2k_vgg16_bn_aa5_s42,face_transfer,124,single_uu,RFW WM64,Faces,0.37,,50,within_sampled_range,IU,135,79.16666666666666,runs/yin_latest_vgg_20260927/single_noise/r21vgg2k_vgg16_bn_aa5_s42/faces_rfwWM64/faces_rfwWM64/results.csv,IU
bin5,VGG2k / bin5,r21vgg2k_vgg16_bn_aa5_s42,face_transfer,124,single_uu,RFW WM64,Faces,0.37,,50,within_sampled_range,IU,136,87.5,runs/yin_latest_vgg_20260927/single_noise/r21vgg2k_vgg16_bn_aa5_s42/faces_rfwWM64/faces_rfwWM64/results.csv,IU
bin5,VGG2k / bin5,r21vgg2k_vgg16_bn_aa5_s42,face_transfer,124,single_uu,RFW WM64,Faces,0.37,,50,within_sampled_range,IU,137,83.33333333333334,runs/yin_latest_vgg_20260927/single_noise/r21vgg2k_vgg16_bn_aa5_s42/faces_rfwWM64/faces_rfwWM64/results.csv,IU
bin5,VGG2k / bin5,r21vgg2k_vgg16_bn_aa5_s42,face_transfer,124,single_uu,RFW WM64,Faces,0.37,,50,within_sampled_range,IU,138,83.33333333333334,runs/yin_latest_vgg_20260927/single_noise/r21vgg2k_vgg16_bn_aa5_s42/faces_rfwWM64/faces_rfwWM64/results.csv,IU
bin5,VGG2k / bin5,r21vgg2k_vgg16_bn_aa5_s42,face_transfer,124,single_uu,RFW WM64,Faces,0.37,,50,within_sampled_range,IU,139,83.33333333333334,runs/yin_latest_vgg_20260927/single_noise/r21vgg2k_vgg16_bn_aa5_s42/faces_rfwWM64/faces_rfwWM64/results.csv,IU
bin5,VGG2k / bin5,r21vgg2k_vgg16_bn_aa5_s42,face_transfer,124,single_uu,RFW WM64,Faces,0.37,,50,within_sampled_range,IU,140,79.16666666666666,runs/yin_latest_vgg_20260927/single_noise/r21vgg2k_vgg16_bn_aa5_s42/faces_rfwWM64/faces_rfwWM64/results.csv,IU
bin5,VGG2k / bin5,r21vgg2k_vgg16_bn_aa5_s42,face_transfer,124,single_uu,RFW WM64,Faces,0.37,,50,within_sampled_range,IU,141,83.33333333333334,runs/yin_latest_vgg_20260927/single_noise/r21vgg2k_vgg16_bn_aa5_s42/faces_rfwWM64/faces_rfwWM64/results.csv,IU
bin5,VGG2k / bin5,r21vgg2k_vgg16_bn_aa5_s42,face_transfer,124,single_uu,RFW WM64,Faces,0.37,,50,within_sampled_range,IU,142,79.16666666666666,runs/yin_latest_vgg_20260927/single_noise/r21vgg2k_vgg16_bn_aa5_s42/faces_rfwWM64/faces_rfwWM64/results.csv,IU
bin5,VGG2k / bin5,r21vgg2k_vgg16_bn_aa5_s42,face_transfer,124,single_uu,RFW WM64,Faces,0.37,,50,within_sampled_range,IU,143,91.66666666666666,runs/yin_latest_vgg_20260927/single_noise/r21vgg2k_vgg16_bn_aa5_s42/faces_rfwWM64/faces_rfwWM64/results.csv,IU
bin5,VGG2k / bin5,r21vgg2k_vgg16_bn_aa5_s42,face_transfer,124,single_uu,RFW WM64,Faces,0.37,,50,within_sampled_range,IU,144,95.83333333333334,runs/yin_latest_vgg_20260927/single_noise/r21vgg2k_vgg16_bn_aa5_s42/faces_rfwWM64/faces_rfwWM64/results.csv,IU
bin5,VGG2k / bin5,r21vgg2k_vgg16_bn_aa5_s42,face_transfer,124,single_uu,RFW WM64,Faces,0.37,,50,within_sampled_range,IU,145,87.5,runs/yin_latest_vgg_20260927/single_noise/r21vgg2k_vgg16_bn_aa5_s42/faces_rfwWM64/faces_rfwWM64/results.csv,IU
bin5,VGG2k / bin5,r21vgg2k_vgg16_bn_aa5_s42,face_transfer,124,single_uu,RFW WM64,Faces,0.37,,50,within_sampled_range,IU,146,91.66666666666666,runs/yin_latest_vgg_20260927/single_noise/r21vgg2k_vgg16_bn_aa5_s42/faces_rfwWM64/faces_rfwWM64/results.csv,IU
bin5,VGG2k / bin5,r21vgg2k_vgg16_bn_aa5_s42,face_transfer,124,single_uu,RFW WM64,Faces,0.37,,50,within_sampled_range,IU,147,83.33333333333334,runs/yin_latest_vgg_20260927/single_noise/r21vgg2k_vgg16_bn_aa5_s42/faces_rfwWM64/faces_rfwWM64/results.csv,IU
bin5,VGG2k / bin5,r21vgg2k_vgg16_bn_aa5_s42,face_transfer,124,single_uu,RFW WM64,Faces,0.37,,50,within_sampled_range,IU,148,83.33333333333334,runs/yin_latest_vgg_20260927/single_noise/r21vgg2k_vgg16_bn_aa5_s42/faces_rfwWM64/faces_rfwWM64/results.csv,IU
bin5,VGG2k / bin5,r21vgg2k_vgg16_bn_aa5_s42,face_transfer,124,single_uu,RFW WM64,Faces,0.37,,50,within_sampled_range,IU,149,87.5,runs/yin_latest_vgg_20260927/single_noise/r21vgg2k_vgg16_bn_aa5_s42/faces_rfwWM64/faces_rfwWM64/results.csv,IU
bin5,VGG2k / bin5,r21vgg2k_vgg16_bn_aa5_s42,face_transfer,124,single_uu,RFW WM64,Faces,0.37,,50,within_sampled_range,IU,150,87.5,runs/yin_latest_vgg_20260927/single_noise/r21vgg2k_vgg16_bn_aa5_s42/faces_rfwWM64/faces_rfwWM64/results.csv,IU
bin5,VGG2k / bin5,r21vgg2k_vgg16_bn_aa5_s42,face_transfer,124,two_cross,RFW WM64,Faces,0.37,0.39,50,within_sampled_range,UU,101,95.83333333333334,runs/yin_latest_vgg_20260927/transfer/results/r21vgg2k_vgg16_bn_aa5_s42/faces_rfwWM64/faces_rfwWM64/results.csv,UU
bin5,VGG2k / bin5,r21vgg2k_vgg16_bn_aa5_s42,face_transfer,124,two_cross,RFW WM64,Faces,0.37,0.39,50,within_sampled_range,UU,102,100.0,runs/yin_latest_vgg_20260927/transfer/results/r21vgg2k_vgg16_bn_aa5_s42/faces_rfwWM64/faces_rfwWM64/results.csv,UU
bin5,VGG2k / bin5,r21vgg2k_vgg16_bn_aa5_s42,face_transfer,124,two_cross,RFW WM64,Faces,0.37,0.39,50,within_sampled_range,UU,103,95.83333333333334,runs/yin_latest_vgg_20260927/transfer/results/r21vgg2k_vgg16_bn_aa5_s42/faces_rfwWM64/faces_rfwWM64/results.csv,UU
bin5,VGG2k / bin5,r21vgg2k_vgg16_bn_aa5_s42,face_transfer,124,two_cross,RFW WM64,Faces,0.37,0.39,50,within_sampled_range,UU,104,95.83333333333334,runs/yin_latest_vgg_20260927/transfer/results/r21vgg2k_vgg16_bn_aa5_s42/faces_rfwWM64/faces_rfwWM64/results.csv,UU
bin5,VGG2k / bin5,r21vgg2k_vgg16_bn_aa5_s42,face_transfer,124,two_cross,RFW WM64,Faces,0.37,0.39,50,within_sampled_range,UU,105,91.66666666666666,runs/yin_latest_vgg_20260927/transfer/results/r21vgg2k_vgg16_bn_aa5_s42/faces_rfwWM64/faces_rfwWM64/results.csv,UU
bin5,VGG2k / bin5,r21vgg2k_vgg16_bn_aa5_s42,face_transfer,124,two_cross,RFW WM64,Faces,0.37,0.39,50,within_sampled_range,UU,106,100.0,runs/yin_latest_vgg_20260927/transfer/results/r21vgg2k_vgg16_bn_aa5_s42/faces_rfwWM64/faces_rfwWM64/results.csv,UU
bin5,VGG2k / bin5,r21vgg2k_vgg16_bn_aa5_s42,face_transfer,124,two_cross,RFW WM64,Faces,0.37,0.39,50,within_sampled_range,UU,107,100.0,runs/yin_latest_vgg_20260927/transfer/results/r21vgg2k_vgg16_bn_aa5_s42/faces_rfwWM64/faces_rfwWM64/results.csv,UU
bin5,VGG2k / bin5,r21vgg2k_vgg16_bn_aa5_s42,face_transfer,124,two_cross,RFW WM64,Faces,0.37,0.39,50,within_sampled_range,UU,108,100.0,runs/yin_latest_vgg_20260927/transfer/results/r21vgg2k_vgg16_bn_aa5_s42/faces_rfwWM64/faces_rfwWM64/results.csv,UU
bin5,VGG2k / bin5,r21vgg2k_vgg16_bn_aa5_s42,face_transfer,124,two_cross,RFW WM64,Faces,0.37,0.39,50,within_sampled_range,UU,109,100.0,runs/yin_latest_vgg_20260927/transfer/results/r21vgg2k_vgg16_bn_aa5_s42/faces_rfwWM64/faces_rfwWM64/results.csv,UU
bin5,VGG2k / bin5,r21vgg2k_vgg16_bn_aa5_s42,face_transfer,124,two_cross,RFW WM64,Faces,0.37,0.39,50,within_sampled_range,UU,110,87.5,runs/yin_latest_vgg_20260927/transfer/results/r21vgg2k_vgg16_bn_aa5_s42/faces_rfwWM64/faces_rfwWM64/results.csv,UU
bin5,VGG2k / bin5,r21vgg2k_vgg16_bn_aa5_s42,face_transfer,124,two_cross,RFW WM64,Faces,0.37,0.39,50,within_sampled_range,UU,111,91.66666666666666,runs/yin_latest_vgg_20260927/transfer/results/r21vgg2k_vgg16_bn_aa5_s42/faces_rfwWM64/faces_rfwWM64/results.csv,UU
bin5,VGG2k / bin5,r21vgg2k_vgg16_bn_aa5_s42,face_transfer,124,two_cross,RFW WM64,Faces,0.37,0.39,50,within_sampled_range,UU,112,100.0,runs/yin_latest_vgg_20260927/transfer/results/r21vgg2k_vgg16_bn_aa5_s42/faces_rfwWM64/faces_rfwWM64/results.csv,UU
bin5,VGG2k / bin5,r21vgg2k_vgg16_bn_aa5_s42,face_transfer,124,two_cross,RFW WM64,Faces,0.37,0.39,50,within_sampled_range,UU,113,91.66666666666666,runs/yin_latest_vgg_20260927/transfer/results/r21vgg2k_vgg16_bn_aa5_s42/faces_rfwWM64/faces_rfwWM64/results.csv,UU
bin5,VGG2k / bin5,r21vgg2k_vgg16_bn_aa5_s42,face_transfer,124,two_cross,RFW WM64,Faces,0.37,0.39,50,within_sampled_range,UU,114,95.83333333333334,runs/yin_latest_vgg_20260927/transfer/results/r21vgg2k_vgg16_bn_aa5_s42/faces_rfwWM64/faces_rfwWM64/results.csv,UU
bin5,VGG2k / bin5,r21vgg2k_vgg16_bn_aa5_s42,face_transfer,124,two_cross,RFW WM64,Faces,0.37,0.39,50,within_sampled_range,UU,115,91.66666666666666,runs/yin_latest_vgg_20260927/transfer/results/r21vgg2k_vgg16_bn_aa5_s42/faces_rfwWM64/faces_rfwWM64/results.csv,UU
bin5,VGG2k / bin5,r21vgg2k_vgg16_bn_aa5_s42,face_transfer,124,two_cross,RFW WM64,Faces,0.37,0.39,50,within_sampled_range,UU,116,87.5,runs/yin_latest_vgg_20260927/transfer/results/r21vgg2k_vgg16_bn_aa5_s42/faces_rfwWM64/faces_rfwWM64/results.csv,UU
bin5,VGG2k / bin5,r21vgg2k_vgg16_bn_aa5_s42,face_transfer,124,two_cross,RFW WM64,Faces,0.37,0.39,50,within_sampled_range,UU,117,100.0,runs/yin_latest_vgg_20260927/transfer/results/r21vgg2k_vgg16_bn_aa5_s42/faces_rfwWM64/faces_rfwWM64/results.csv,UU
bin5,VGG2k / bin5,r21vgg2k_vgg16_bn_aa5_s42,face_transfer,124,two_cross,RFW WM64,Faces,0.37,0.39,50,within_sampled_range,UU,118,100.0,runs/yin_latest_vgg_20260927/transfer/results/r21vgg2k_vgg16_bn_aa5_s42/faces_rfwWM64/faces_rfwWM64/results.csv,UU
bin5,VGG2k / bin5,r21vgg2k_vgg16_bn_aa5_s42,face_transfer,124,two_cross,RFW WM64,Faces,0.37,0.39,50,within_sampled_range,UU,119,100.0,runs/yin_latest_vgg_20260927/transfer/results/r21vgg2k_vgg16_bn_aa5_s42/faces_rfwWM64/faces_rfwWM64/results.csv,UU
bin5,VGG2k / bin5,r21vgg2k_vgg16_bn_aa5_s42,face_transfer,124,two_cross,RFW WM64,Faces,0.37,0.39,50,within_sampled_range,UU,120,100.0,runs/yin_latest_vgg_20260927/transfer/results/r21vgg2k_vgg16_bn_aa5_s42/faces_rfwWM64/faces_rfwWM64/results.csv,UU
bin5,VGG2k / bin5,r21vgg2k_vgg16_bn_aa5_s42,face_transfer,124,two_cross,RFW WM64,Faces,0.37,0.39,50,within_sampled_range,UU,121,100.0,runs/yin_latest_vgg_20260927/transfer/results/r21vgg2k_vgg16_bn_aa5_s42/faces_rfwWM64/faces_rfwWM64/results.csv,UU
bin5,VGG2k / bin5,r21vgg2k_vgg16_bn_aa5_s42,face_transfer,124,two_cross,RFW WM64,Faces,0.37,0.39,50,within_sampled_range,UU,122,95.83333333333334,runs/yin_latest_vgg_20260927/transfer/results/r21vgg2k_vgg16_bn_aa5_s42/faces_rfwWM64/faces_rfwWM64/results.csv,UU
bin5,VGG2k / bin5,r21vgg2k_vgg16_bn_aa5_s42,face_transfer,124,two_cross,RFW WM64,Faces,0.37,0.39,50,within_sampled_range,UU,123,95.83333333333334,runs/yin_latest_vgg_20260927/transfer/results/r21vgg2k_vgg16_bn_aa5_s42/faces_rfwWM64/faces_rfwWM64/results.csv,UU
bin5,VGG2k / bin5,r21vgg2k_vgg16_bn_aa5_s42,face_transfer,124,two_cross,RFW WM64,Faces,0.37,0.39,50,within_sampled_range,UU,124,95.83333333333334,runs/yin_latest_vgg_20260927/transfer/results/r21vgg2k_vgg16_bn_aa5_s42/faces_rfwWM64/faces_rfwWM64/results.csv,UU
bin5,VGG2k / bin5,r21vgg2k_vgg16_bn_aa5_s42,face_transfer,124,two_cross,RFW WM64,Faces,0.37,0.39,50,within_sampled_range,UU,125,95.83333333333334,runs/yin_latest_vgg_20260927/transfer/results/r21vgg2k_vgg16_bn_aa5_s42/faces_rfwWM64/faces_rfwWM64/results.csv,UU
bin5,VGG2k / bin5,r21vgg2k_vgg16_bn_aa5_s42,face_transfer,124,two_cross,RFW WM64,Faces,0.37,0.39,50,within_sampled_range,UU,126,95.83333333333334,runs/yin_latest_vgg_20260927/transfer/results/r21vgg2k_vgg16_bn_aa5_s42/faces_rfwWM64/faces_rfwWM64/results.csv,UU
bin5,VGG2k / bin5,r21vgg2k_vgg16_bn_aa5_s42,face_transfer,124,two_cross,RFW WM64,Faces,0.37,0.39,50,within_sampled_range,UU,127,100.0,runs/yin_latest_vgg_20260927/transfer/results/r21vgg2k_vgg16_bn_aa5_s42/faces_rfwWM64/faces_rfwWM64/results.csv,UU
bin5,VGG2k / bin5,r21vgg2k_vgg16_bn_aa5_s42,face_transfer,124,two_cross,RFW WM64,Faces,0.37,0.39,50,within_sampled_range,UU,128,95.83333333333334,runs/yin_latest_vgg_20260927/transfer/results/r21vgg2k_vgg16_bn_aa5_s42/faces_rfwWM64/faces_rfwWM64/results.csv,UU
bin5,VGG2k / bin5,r21vgg2k_vgg16_bn_aa5_s42,face_transfer,124,two_cross,RFW WM64,Faces,0.37,0.39,50,within_sampled_range,UU,129,91.66666666666666,runs/yin_latest_vgg_20260927/transfer/results/r21vgg2k_vgg16_bn_aa5_s42/faces_rfwWM64/faces_rfwWM64/results.csv,UU
bin5,VGG2k / bin5,r21vgg2k_vgg16_bn_aa5_s42,face_transfer,124,two_cross,RFW WM64,Faces,0.37,0.39,50,within_sampled_range,UU,130,100.0,runs/yin_latest_vgg_20260927/transfer/results/r21vgg2k_vgg16_bn_aa5_s42/faces_rfwWM64/faces_rfwWM64/results.csv,UU
bin5,VGG2k / bin5,r21vgg2k_vgg16_bn_aa5_s42,face_transfer,124,two_cross,RFW WM64,Faces,0.37,0.39,50,within_sampled_range,UU,131,100.0,runs/yin_latest_vgg_20260927/transfer/results/r21vgg2k_vgg16_bn_aa5_s42/faces_rfwWM64/faces_rfwWM64/results.csv,UU
bin5,VGG2k / bin5,r21vgg2k_vgg16_bn_aa5_s42,face_transfer,124,two_cross,RFW WM64,Faces,0.37,0.39,50,within_sampled_range,UU,132,100.0,runs/yin_latest_vgg_20260927/transfer/results/r21vgg2k_vgg16_bn_aa5_s42/faces_rfwWM64/faces_rfwWM64/results.csv,UU
bin5,VGG2k / bin5,r21vgg2k_vgg16_bn_aa5_s42,face_transfer,124,two_cross,RFW WM64,Faces,0.37,0.39,50,within_sampled_range,UU,133,95.83333333333334,runs/yin_latest_vgg_20260927/transfer/results/r21vgg2k_vgg16_bn_aa5_s42/faces_rfwWM64/faces_rfwWM64/results.csv,UU
bin5,VGG2k / bin5,r21vgg2k_vgg16_bn_aa5_s42,face_transfer,124,two_cross,RFW WM64,Faces,0.37,0.39,50,within_sampled_range,UU,134,95.83333333333334,runs/yin_latest_vgg_20260927/transfer/results/r21vgg2k_vgg16_bn_aa5_s42/faces_rfwWM64/faces_rfwWM64/results.csv,UU
bin5,VGG2k / bin5,r21vgg2k_vgg16_bn_aa5_s42,face_transfer,124,two_cross,RFW WM64,Faces,0.37,0.39,50,within_sampled_range,UU,135,100.0,runs/yin_latest_vgg_20260927/transfer/results/r21vgg2k_vgg16_bn_aa5_s42/faces_rfwWM64/faces_rfwWM64/results.csv,UU
bin5,VGG2k / bin5,r21vgg2k_vgg16_bn_aa5_s42,face_transfer,124,two_cross,RFW WM64,Faces,0.37,0.39,50,within_sampled_range,UU,136,95.83333333333334,runs/yin_latest_vgg_20260927/transfer/results/r21vgg2k_vgg16_bn_aa5_s42/faces_rfwWM64/faces_rfwWM64/results.csv,UU
bin5,VGG2k / bin5,r21vgg2k_vgg16_bn_aa5_s42,face_transfer,124,two_cross,RFW WM64,Faces,0.37,0.39,50,within_sampled_range,UU,137,95.83333333333334,runs/yin_latest_vgg_20260927/transfer/results/r21vgg2k_vgg16_bn_aa5_s42/faces_rfwWM64/faces_rfwWM64/results.csv,UU
bin5,VGG2k / bin5,r21vgg2k_vgg16_bn_aa5_s42,face_transfer,124,two_cross,RFW WM64,Faces,0.37,0.39,50,within_sampled_range,UU,138,95.83333333333334,runs/yin_latest_vgg_20260927/transfer/results/r21vgg2k_vgg16_bn_aa5_s42/faces_rfwWM64/faces_rfwWM64/results.csv,UU
bin5,VGG2k / bin5,r21vgg2k_vgg16_bn_aa5_s42,face_transfer,124,two_cross,RFW WM64,Faces,0.37,0.39,50,within_sampled_range,UU,139,100.0,runs/yin_latest_vgg_20260927/transfer/results/r21vgg2k_vgg16_bn_aa5_s42/faces_rfwWM64/faces_rfwWM64/results.csv,UU
bin5,VGG2k / bin5,r21vgg2k_vgg16_bn_aa5_s42,face_transfer,124,two_cross,RFW WM64,Faces,0.37,0.39,50,within_sampled_range,UU,140,100.0,runs/yin_latest_vgg_20260927/transfer/results/r21vgg2k_vgg16_bn_aa5_s42/faces_rfwWM64/faces_rfwWM64/results.csv,UU
bin5,VGG2k / bin5,r21vgg2k_vgg16_bn_aa5_s42,face_transfer,124,two_cross,RFW WM64,Faces,0.37,0.39,50,within_sampled_range,UU,141,95.83333333333334,runs/yin_latest_vgg_20260927/transfer/results/r21vgg2k_vgg16_bn_aa5_s42/faces_rfwWM64/faces_rfwWM64/results.csv,UU
bin5,VGG2k / bin5,r21vgg2k_vgg16_bn_aa5_s42,face_transfer,124,two_cross,RFW WM64,Faces,0.37,0.39,50,within_sampled_range,UU,142,100.0,runs/yin_latest_vgg_20260927/transfer/results/r21vgg2k_vgg16_bn_aa5_s42/faces_rfwWM64/faces_rfwWM64/results.csv,UU
bin5,VGG2k / bin5,r21vgg2k_vgg16_bn_aa5_s42,face_transfer,124,two_cross,RFW WM64,Faces,0.37,0.39,50,within_sampled_range,UU,143,95.83333333333334,runs/yin_latest_vgg_20260927/transfer/results/r21vgg2k_vgg16_bn_aa5_s42/faces_rfwWM64/faces_rfwWM64/results.csv,UU
bin5,VGG2k / bin5,r21vgg2k_vgg16_bn_aa5_s42,face_transfer,124,two_cross,RFW WM64,Faces,0.37,0.39,50,within_sampled_range,UU,144,95.83333333333334,runs/yin_latest_vgg_20260927/transfer/results/r21vgg2k_vgg16_bn_aa5_s42/faces_rfwWM64/faces_rfwWM64/results.csv,UU
bin5,VGG2k / bin5,r21vgg2k_vgg16_bn_aa5_s42,face_transfer,124,two_cross,RFW WM64,Faces,0.37,0.39,50,within_sampled_range,UU,145,91.66666666666666,runs/yin_latest_vgg_20260927/transfer/results/r21vgg2k_vgg16_bn_aa5_s42/faces_rfwWM64/faces_rfwWM64/results.csv,UU
bin5,VGG2k / bin5,r21vgg2k_vgg16_bn_aa5_s42,face_transfer,124,two_cross,RFW WM64,Faces,0.37,0.39,50,within_sampled_range,UU,146,100.0,runs/yin_latest_vgg_20260927/transfer/results/r21vgg2k_vgg16_bn_aa5_s42/faces_rfwWM64/faces_rfwWM64/results.csv,UU
bin5,VGG2k / bin5,r21vgg2k_vgg16_bn_aa5_s42,face_transfer,124,two_cross,RFW WM64,Faces,0.37,0.39,50,within_sampled_range,UU,147,95.83333333333334,runs/yin_latest_vgg_20260927/transfer/results/r21vgg2k_vgg16_bn_aa5_s42/faces_rfwWM64/faces_rfwWM64/results.csv,UU
bin5,VGG2k / bin5,r21vgg2k_vgg16_bn_aa5_s42,face_transfer,124,two_cross,RFW WM64,Faces,0.37,0.39,50,within_sampled_range,UU,148,95.83333333333334,runs/yin_latest_vgg_20260927/transfer/results/r21vgg2k_vgg16_bn_aa5_s42/faces_rfwWM64/faces_rfwWM64/results.csv,UU
bin5,VGG2k / bin5,r21vgg2k_vgg16_bn_aa5_s42,face_transfer,124,two_cross,RFW WM64,Faces,0.37,0.39,50,within_sampled_range,UU,149,95.83333333333334,runs/yin_latest_vgg_20260927/transfer/results/r21vgg2k_vgg16_bn_aa5_s42/faces_rfwWM64/faces_rfwWM64/results.csv,UU
bin5,VGG2k / bin5,r21vgg2k_vgg16_bn_aa5_s42,face_transfer,124,two_cross,RFW WM64,Faces,0.37,0.39,50,within_sampled_range,UU,150,100.0,runs/yin_latest_vgg_20260927/transfer/results/r21vgg2k_vgg16_bn_aa5_s42/faces_rfwWM64/faces_rfwWM64/results.csv,UU
bin5,VGG2k / bin5,r21vgg2k_vgg16_bn_aa5_s42,face_transfer,124,two_cross,RFW WM64,Faces,0.37,0.39,50,within_sampled_range,II,101,91.66666666666666,runs/yin_latest_vgg_20260927/transfer/results/r21vgg2k_vgg16_bn_aa5_s42/faces_rfwWM64/faces_rfwWM64/results.csv,II
bin5,VGG2k / bin5,r21vgg2k_vgg16_bn_aa5_s42,face_transfer,124,two_cross,RFW WM64,Faces,0.37,0.39,50,within_sampled_range,II,102,83.33333333333334,runs/yin_latest_vgg_20260927/transfer/results/r21vgg2k_vgg16_bn_aa5_s42/faces_rfwWM64/faces_rfwWM64/results.csv,II
bin5,VGG2k / bin5,r21vgg2k_vgg16_bn_aa5_s42,face_transfer,124,two_cross,RFW WM64,Faces,0.37,0.39,50,within_sampled_range,II,103,87.5,runs/yin_latest_vgg_20260927/transfer/results/r21vgg2k_vgg16_bn_aa5_s42/faces_rfwWM64/faces_rfwWM64/results.csv,II
bin5,VGG2k / bin5,r21vgg2k_vgg16_bn_aa5_s42,face_transfer,124,two_cross,RFW WM64,Faces,0.37,0.39,50,within_sampled_range,II,104,79.16666666666666,runs/yin_latest_vgg_20260927/transfer/results/r21vgg2k_vgg16_bn_aa5_s42/faces_rfwWM64/faces_rfwWM64/results.csv,II
bin5,VGG2k / bin5,r21vgg2k_vgg16_bn_aa5_s42,face_transfer,124,two_cross,RFW WM64,Faces,0.37,0.39,50,within_sampled_range,II,105,79.16666666666666,runs/yin_latest_vgg_20260927/transfer/results/r21vgg2k_vgg16_bn_aa5_s42/faces_rfwWM64/faces_rfwWM64/results.csv,II
bin5,VGG2k / bin5,r21vgg2k_vgg16_bn_aa5_s42,face_transfer,124,two_cross,RFW WM64,Faces,0.37,0.39,50,within_sampled_range,II,106,83.33333333333334,runs/yin_latest_vgg_20260927/transfer/results/r21vgg2k_vgg16_bn_aa5_s42/faces_rfwWM64/faces_rfwWM64/results.csv,II
bin5,VGG2k / bin5,r21vgg2k_vgg16_bn_aa5_s42,face_transfer,124,two_cross,RFW WM64,Faces,0.37,0.39,50,within_sampled_range,II,107,83.33333333333334,runs/yin_latest_vgg_20260927/transfer/results/r21vgg2k_vgg16_bn_aa5_s42/faces_rfwWM64/faces_rfwWM64/results.csv,II
bin5,VGG2k / bin5,r21vgg2k_vgg16_bn_aa5_s42,face_transfer,124,two_cross,RFW WM64,Faces,0.37,0.39,50,within_sampled_range,II,108,87.5,runs/yin_latest_vgg_20260927/transfer/results/r21vgg2k_vgg16_bn_aa5_s42/faces_rfwWM64/faces_rfwWM64/results.csv,II
bin5,VGG2k / bin5,r21vgg2k_vgg16_bn_aa5_s42,face_transfer,124,two_cross,RFW WM64,Faces,0.37,0.39,50,within_sampled_range,II,109,75.0,runs/yin_latest_vgg_20260927/transfer/results/r21vgg2k_vgg16_bn_aa5_s42/faces_rfwWM64/faces_rfwWM64/results.csv,II
bin5,VGG2k / bin5,r21vgg2k_vgg16_bn_aa5_s42,face_transfer,124,two_cross,RFW WM64,Faces,0.37,0.39,50,within_sampled_range,II,110,91.66666666666666,runs/yin_latest_vgg_20260927/transfer/results/r21vgg2k_vgg16_bn_aa5_s42/faces_rfwWM64/faces_rfwWM64/results.csv,II
bin5,VGG2k / bin5,r21vgg2k_vgg16_bn_aa5_s42,face_transfer,124,two_cross,RFW WM64,Faces,0.37,0.39,50,within_sampled_range,II,111,87.5,runs/yin_latest_vgg_20260927/transfer/results/r21vgg2k_vgg16_bn_aa5_s42/faces_rfwWM64/faces_rfwWM64/results.csv,II
bin5,VGG2k / bin5,r21vgg2k_vgg16_bn_aa5_s42,face_transfer,124,two_cross,RFW WM64,Faces,0.37,0.39,50,within_sampled_range,II,112,83.33333333333334,runs/yin_latest_vgg_20260927/transfer/results/r21vgg2k_vgg16_bn_aa5_s42/faces_rfwWM64/faces_rfwWM64/results.csv,II
bin5,VGG2k / bin5,r21vgg2k_vgg16_bn_aa5_s42,face_transfer,124,two_cross,RFW WM64,Faces,0.37,0.39,50,within_sampled_range,II,113,91.66666666666666,runs/yin_latest_vgg_20260927/transfer/results/r21vgg2k_vgg16_bn_aa5_s42/faces_rfwWM64/faces_rfwWM64/results.csv,II
bin5,VGG2k / bin5,r21vgg2k_vgg16_bn_aa5_s42,face_transfer,124,two_cross,RFW WM64,Faces,0.37,0.39,50,within_sampled_range,II,114,75.0,runs/yin_latest_vgg_20260927/transfer/results/r21vgg2k_vgg16_bn_aa5_s42/faces_rfwWM64/faces_rfwWM64/results.csv,II
bin5,VGG2k / bin5,r21vgg2k_vgg16_bn_aa5_s42,face_transfer,124,two_cross,RFW WM64,Faces,0.37,0.39,50,within_sampled_range,II,115,91.66666666666666,runs/yin_latest_vgg_20260927/transfer/results/r21vgg2k_vgg16_bn_aa5_s42/faces_rfwWM64/faces_rfwWM64/results.csv,II
bin5,VGG2k / bin5,r21vgg2k_vgg16_bn_aa5_s42,face_transfer,124,two_cross,RFW WM64,Faces,0.37,0.39,50,within_sampled_range,II,116,79.16666666666666,runs/yin_latest_vgg_20260927/transfer/results/r21vgg2k_vgg16_bn_aa5_s42/faces_rfwWM64/faces_rfwWM64/results.csv,II
bin5,VGG2k / bin5,r21vgg2k_vgg16_bn_aa5_s42,face_transfer,124,two_cross,RFW WM64,Faces,0.37,0.39,50,within_sampled_range,II,117,87.5,runs/yin_latest_vgg_20260927/transfer/results/r21vgg2k_vgg16_bn_aa5_s42/faces_rfwWM64/faces_rfwWM64/results.csv,II
bin5,VGG2k / bin5,r21vgg2k_vgg16_bn_aa5_s42,face_transfer,124,two_cross,RFW WM64,Faces,0.37,0.39,50,within_sampled_range,II,118,95.83333333333334,runs/yin_latest_vgg_20260927/transfer/results/r21vgg2k_vgg16_bn_aa5_s42/faces_rfwWM64/faces_rfwWM64/results.csv,II
bin5,VGG2k / bin5,r21vgg2k_vgg16_bn_aa5_s42,face_transfer,124,two_cross,RFW WM64,Faces,0.37,0.39,50,within_sampled_range,II,119,91.66666666666666,runs/yin_latest_vgg_20260927/transfer/results/r21vgg2k_vgg16_bn_aa5_s42/faces_rfwWM64/faces_rfwWM64/results.csv,II
bin5,VGG2k / bin5,r21vgg2k_vgg16_bn_aa5_s42,face_transfer,124,two_cross,RFW WM64,Faces,0.37,0.39,50,within_sampled_range,II,120,87.5,runs/yin_latest_vgg_20260927/transfer/results/r21vgg2k_vgg16_bn_aa5_s42/faces_rfwWM64/faces_rfwWM64/results.csv,II
bin5,VGG2k / bin5,r21vgg2k_vgg16_bn_aa5_s42,face_transfer,124,two_cross,RFW WM64,Faces,0.37,0.39,50,within_sampled_range,II,121,79.16666666666666,runs/yin_latest_vgg_20260927/transfer/results/r21vgg2k_vgg16_bn_aa5_s42/faces_rfwWM64/faces_rfwWM64/results.csv,II
bin5,VGG2k / bin5,r21vgg2k_vgg16_bn_aa5_s42,face_transfer,124,two_cross,RFW WM64,Faces,0.37,0.39,50,within_sampled_range,II,122,75.0,runs/yin_latest_vgg_20260927/transfer/results/r21vgg2k_vgg16_bn_aa5_s42/faces_rfwWM64/faces_rfwWM64/results.csv,II
bin5,VGG2k / bin5,r21vgg2k_vgg16_bn_aa5_s42,face_transfer,124,two_cross,RFW WM64,Faces,0.37,0.39,50,within_sampled_range,II,123,87.5,runs/yin_latest_vgg_20260927/transfer/results/r21vgg2k_vgg16_bn_aa5_s42/faces_rfwWM64/faces_rfwWM64/results.csv,II
bin5,VGG2k / bin5,r21vgg2k_vgg16_bn_aa5_s42,face_transfer,124,two_cross,RFW WM64,Faces,0.37,0.39,50,within_sampled_range,II,124,83.33333333333334,runs/yin_latest_vgg_20260927/transfer/results/r21vgg2k_vgg16_bn_aa5_s42/faces_rfwWM64/faces_rfwWM64/results.csv,II
bin5,VGG2k / bin5,r21vgg2k_vgg16_bn_aa5_s42,face_transfer,124,two_cross,RFW WM64,Faces,0.37,0.39,50,within_sampled_range,II,125,79.16666666666666,runs/yin_latest_vgg_20260927/transfer/results/r21vgg2k_vgg16_bn_aa5_s42/faces_rfwWM64/faces_rfwWM64/results.csv,II
bin5,VGG2k / bin5,r21vgg2k_vgg16_bn_aa5_s42,face_transfer,124,two_cross,RFW WM64,Faces,0.37,0.39,50,within_sampled_range,II,126,95.83333333333334,runs/yin_latest_vgg_20260927/transfer/results/r21vgg2k_vgg16_bn_aa5_s42/faces_rfwWM64/faces_rfwWM64/results.csv,II
bin5,VGG2k / bin5,r21vgg2k_vgg16_bn_aa5_s42,face_transfer,124,two_cross,RFW WM64,Faces,0.37,0.39,50,within_sampled_range,II,127,79.16666666666666,runs/yin_latest_vgg_20260927/transfer/results/r21vgg2k_vgg16_bn_aa5_s42/faces_rfwWM64/faces_rfwWM64/results.csv,II
bin5,VGG2k / bin5,r21vgg2k_vgg16_bn_aa5_s42,face_transfer,124,two_cross,RFW WM64,Faces,0.37,0.39,50,within_sampled_range,II,128,83.33333333333334,runs/yin_latest_vgg_20260927/transfer/results/r21vgg2k_vgg16_bn_aa5_s42/faces_rfwWM64/faces_rfwWM64/results.csv,II
bin5,VGG2k / bin5,r21vgg2k_vgg16_bn_aa5_s42,face_transfer,124,two_cross,RFW WM64,Faces,0.37,0.39,50,within_sampled_range,II,129,70.83333333333334,runs/yin_latest_vgg_20260927/transfer/results/r21vgg2k_vgg16_bn_aa5_s42/faces_rfwWM64/faces_rfwWM64/results.csv,II
bin5,VGG2k / bin5,r21vgg2k_vgg16_bn_aa5_s42,face_transfer,124,two_cross,RFW WM64,Faces,0.37,0.39,50,within_sampled_range,II,130,87.5,runs/yin_latest_vgg_20260927/transfer/results/r21vgg2k_vgg16_bn_aa5_s42/faces_rfwWM64/faces_rfwWM64/results.csv,II
bin5,VGG2k / bin5,r21vgg2k_vgg16_bn_aa5_s42,face_transfer,124,two_cross,RFW WM64,Faces,0.37,0.39,50,within_sampled_range,II,131,75.0,runs/yin_latest_vgg_20260927/transfer/results/r21vgg2k_vgg16_bn_aa5_s42/faces_rfwWM64/faces_rfwWM64/results.csv,II
bin5,VGG2k / bin5,r21vgg2k_vgg16_bn_aa5_s42,face_transfer,124,two_cross,RFW WM64,Faces,0.37,0.39,50,within_sampled_range,II,132,83.33333333333334,runs/yin_latest_vgg_20260927/transfer/results/r21vgg2k_vgg16_bn_aa5_s42/faces_rfwWM64/faces_rfwWM64/results.csv,II
bin5,VGG2k / bin5,r21vgg2k_vgg16_bn_aa5_s42,face_transfer,124,two_cross,RFW WM64,Faces,0.37,0.39,50,within_sampled_range,II,133,83.33333333333334,runs/yin_latest_vgg_20260927/transfer/results/r21vgg2k_vgg16_bn_aa5_s42/faces_rfwWM64/faces_rfwWM64/results.csv,II
bin5,VGG2k / bin5,r21vgg2k_vgg16_bn_aa5_s42,face_transfer,124,two_cross,RFW WM64,Faces,0.37,0.39,50,within_sampled_range,II,134,87.5,runs/yin_latest_vgg_20260927/transfer/results/r21vgg2k_vgg16_bn_aa5_s42/faces_rfwWM64/faces_rfwWM64/results.csv,II
bin5,VGG2k / bin5,r21vgg2k_vgg16_bn_aa5_s42,face_transfer,124,two_cross,RFW WM64,Faces,0.37,0.39,50,within_sampled_range,II,135,75.0,runs/yin_latest_vgg_20260927/transfer/results/r21vgg2k_vgg16_bn_aa5_s42/faces_rfwWM64/faces_rfwWM64/results.csv,II
bin5,VGG2k / bin5,r21vgg2k_vgg16_bn_aa5_s42,face_transfer,124,two_cross,RFW WM64,Faces,0.37,0.39,50,within_sampled_range,II,136,75.0,runs/yin_latest_vgg_20260927/transfer/results/r21vgg2k_vgg16_bn_aa5_s42/faces_rfwWM64/faces_rfwWM64/results.csv,II
bin5,VGG2k / bin5,r21vgg2k_vgg16_bn_aa5_s42,face_transfer,124,two_cross,RFW WM64,Faces,0.37,0.39,50,within_sampled_range,II,137,91.66666666666666,runs/yin_latest_vgg_20260927/transfer/results/r21vgg2k_vgg16_bn_aa5_s42/faces_rfwWM64/faces_rfwWM64/results.csv,II
bin5,VGG2k / bin5,r21vgg2k_vgg16_bn_aa5_s42,face_transfer,124,two_cross,RFW WM64,Faces,0.37,0.39,50,within_sampled_range,II,138,75.0,runs/yin_latest_vgg_20260927/transfer/results/r21vgg2k_vgg16_bn_aa5_s42/faces_rfwWM64/faces_rfwWM64/results.csv,II
bin5,VGG2k / bin5,r21vgg2k_vgg16_bn_aa5_s42,face_transfer,124,two_cross,RFW WM64,Faces,0.37,0.39,50,within_sampled_range,II,139,75.0,runs/yin_latest_vgg_20260927/transfer/results/r21vgg2k_vgg16_bn_aa5_s42/faces_rfwWM64/faces_rfwWM64/results.csv,II
bin5,VGG2k / bin5,r21vgg2k_vgg16_bn_aa5_s42,face_transfer,124,two_cross,RFW WM64,Faces,0.37,0.39,50,within_sampled_range,II,140,66.66666666666666,runs/yin_latest_vgg_20260927/transfer/results/r21vgg2k_vgg16_bn_aa5_s42/faces_rfwWM64/faces_rfwWM64/results.csv,II
bin5,VGG2k / bin5,r21vgg2k_vgg16_bn_aa5_s42,face_transfer,124,two_cross,RFW WM64,Faces,0.37,0.39,50,within_sampled_range,II,141,83.33333333333334,runs/yin_latest_vgg_20260927/transfer/results/r21vgg2k_vgg16_bn_aa5_s42/faces_rfwWM64/faces_rfwWM64/results.csv,II
bin5,VGG2k / bin5,r21vgg2k_vgg16_bn_aa5_s42,face_transfer,124,two_cross,RFW WM64,Faces,0.37,0.39,50,within_sampled_range,II,142,66.66666666666666,runs/yin_latest_vgg_20260927/transfer/results/r21vgg2k_vgg16_bn_aa5_s42/faces_rfwWM64/faces_rfwWM64/results.csv,II
bin5,VGG2k / bin5,r21vgg2k_vgg16_bn_aa5_s42,face_transfer,124,two_cross,RFW WM64,Faces,0.37,0.39,50,within_sampled_range,II,143,79.16666666666666,runs/yin_latest_vgg_20260927/transfer/results/r21vgg2k_vgg16_bn_aa5_s42/faces_rfwWM64/faces_rfwWM64/results.csv,II
bin5,VGG2k / bin5,r21vgg2k_vgg16_bn_aa5_s42,face_transfer,124,two_cross,RFW WM64,Faces,0.37,0.39,50,within_sampled_range,II,144,75.0,runs/yin_latest_vgg_20260927/transfer/results/r21vgg2k_vgg16_bn_aa5_s42/faces_rfwWM64/faces_rfwWM64/results.csv,II
bin5,VGG2k / bin5,r21vgg2k_vgg16_bn_aa5_s42,face_transfer,124,two_cross,RFW WM64,Faces,0.37,0.39,50,within_sampled_range,II,145,70.83333333333334,runs/yin_latest_vgg_20260927/transfer/results/r21vgg2k_vgg16_bn_aa5_s42/faces_rfwWM64/faces_rfwWM64/results.csv,II
bin5,VGG2k / bin5,r21vgg2k_vgg16_bn_aa5_s42,face_transfer,124,two_cross,RFW WM64,Faces,0.37,0.39,50,within_sampled_range,II,146,83.33333333333334,runs/yin_latest_vgg_20260927/transfer/results/r21vgg2k_vgg16_bn_aa5_s42/faces_rfwWM64/faces_rfwWM64/results.csv,II
bin5,VGG2k / bin5,r21vgg2k_vgg16_bn_aa5_s42,face_transfer,124,two_cross,RFW WM64,Faces,0.37,0.39,50,within_sampled_range,II,147,91.66666666666666,runs/yin_latest_vgg_20260927/transfer/results/r21vgg2k_vgg16_bn_aa5_s42/faces_rfwWM64/faces_rfwWM64/results.csv,II
bin5,VGG2k / bin5,r21vgg2k_vgg16_bn_aa5_s42,face_transfer,124,two_cross,RFW WM64,Faces,0.37,0.39,50,within_sampled_range,II,148,95.83333333333334,runs/yin_latest_vgg_20260927/transfer/results/r21vgg2k_vgg16_bn_aa5_s42/faces_rfwWM64/faces_rfwWM64/results.csv,II
bin5,VGG2k / bin5,r21vgg2k_vgg16_bn_aa5_s42,face_transfer,124,two_cross,RFW WM64,Faces,0.37,0.39,50,within_sampled_range,II,149,83.33333333333334,runs/yin_latest_vgg_20260927/transfer/results/r21vgg2k_vgg16_bn_aa5_s42/faces_rfwWM64/faces_rfwWM64/results.csv,II
bin5,VGG2k / bin5,r21vgg2k_vgg16_bn_aa5_s42,face_transfer,124,two_cross,RFW WM64,Faces,0.37,0.39,50,within_sampled_range,II,150,87.5,runs/yin_latest_vgg_20260927/transfer/results/r21vgg2k_vgg16_bn_aa5_s42/faces_rfwWM64/faces_rfwWM64/results.csv,II
bin5,VGG2k / bin5,r21vgg2k_vgg16_bn_aa5_s42,face_transfer,124,two_cross,RFW WM64,Faces,0.37,0.39,50,within_sampled_range,UI,101,95.83333333333334,runs/yin_latest_vgg_20260927/transfer/results/r21vgg2k_vgg16_bn_aa5_s42/faces_rfwWM64/faces_rfwWM64/results.csv,UI_cross
bin5,VGG2k / bin5,r21vgg2k_vgg16_bn_aa5_s42,face_transfer,124,two_cross,RFW WM64,Faces,0.37,0.39,50,within_sampled_range,UI,102,95.83333333333334,runs/yin_latest_vgg_20260927/transfer/results/r21vgg2k_vgg16_bn_aa5_s42/faces_rfwWM64/faces_rfwWM64/results.csv,UI_cross
bin5,VGG2k / bin5,r21vgg2k_vgg16_bn_aa5_s42,face_transfer,124,two_cross,RFW WM64,Faces,0.37,0.39,50,within_sampled_range,UI,103,79.16666666666666,runs/yin_latest_vgg_20260927/transfer/results/r21vgg2k_vgg16_bn_aa5_s42/faces_rfwWM64/faces_rfwWM64/results.csv,UI_cross
bin5,VGG2k / bin5,r21vgg2k_vgg16_bn_aa5_s42,face_transfer,124,two_cross,RFW WM64,Faces,0.37,0.39,50,within_sampled_range,UI,104,91.66666666666666,runs/yin_latest_vgg_20260927/transfer/results/r21vgg2k_vgg16_bn_aa5_s42/faces_rfwWM64/faces_rfwWM64/results.csv,UI_cross
bin5,VGG2k / bin5,r21vgg2k_vgg16_bn_aa5_s42,face_transfer,124,two_cross,RFW WM64,Faces,0.37,0.39,50,within_sampled_range,UI,105,87.5,runs/yin_latest_vgg_20260927/transfer/results/r21vgg2k_vgg16_bn_aa5_s42/faces_rfwWM64/faces_rfwWM64/results.csv,UI_cross
bin5,VGG2k / bin5,r21vgg2k_vgg16_bn_aa5_s42,face_transfer,124,two_cross,RFW WM64,Faces,0.37,0.39,50,within_sampled_range,UI,106,95.83333333333334,runs/yin_latest_vgg_20260927/transfer/results/r21vgg2k_vgg16_bn_aa5_s42/faces_rfwWM64/faces_rfwWM64/results.csv,UI_cross
bin5,VGG2k / bin5,r21vgg2k_vgg16_bn_aa5_s42,face_transfer,124,two_cross,RFW WM64,Faces,0.37,0.39,50,within_sampled_range,UI,107,95.83333333333334,runs/yin_latest_vgg_20260927/transfer/results/r21vgg2k_vgg16_bn_aa5_s42/faces_rfwWM64/faces_rfwWM64/results.csv,UI_cross
bin5,VGG2k / bin5,r21vgg2k_vgg16_bn_aa5_s42,face_transfer,124,two_cross,RFW WM64,Faces,0.37,0.39,50,within_sampled_range,UI,108,91.66666666666666,runs/yin_latest_vgg_20260927/transfer/results/r21vgg2k_vgg16_bn_aa5_s42/faces_rfwWM64/faces_rfwWM64/results.csv,UI_cross
bin5,VGG2k / bin5,r21vgg2k_vgg16_bn_aa5_s42,face_transfer,124,two_cross,RFW WM64,Faces,0.37,0.39,50,within_sampled_range,UI,109,87.5,runs/yin_latest_vgg_20260927/transfer/results/r21vgg2k_vgg16_bn_aa5_s42/faces_rfwWM64/faces_rfwWM64/results.csv,UI_cross
bin5,VGG2k / bin5,r21vgg2k_vgg16_bn_aa5_s42,face_transfer,124,two_cross,RFW WM64,Faces,0.37,0.39,50,within_sampled_range,UI,110,87.5,runs/yin_latest_vgg_20260927/transfer/results/r21vgg2k_vgg16_bn_aa5_s42/faces_rfwWM64/faces_rfwWM64/results.csv,UI_cross
bin5,VGG2k / bin5,r21vgg2k_vgg16_bn_aa5_s42,face_transfer,124,two_cross,RFW WM64,Faces,0.37,0.39,50,within_sampled_range,UI,111,66.66666666666666,runs/yin_latest_vgg_20260927/transfer/results/r21vgg2k_vgg16_bn_aa5_s42/faces_rfwWM64/faces_rfwWM64/results.csv,UI_cross
bin5,VGG2k / bin5,r21vgg2k_vgg16_bn_aa5_s42,face_transfer,124,two_cross,RFW WM64,Faces,0.37,0.39,50,within_sampled_range,UI,112,75.0,runs/yin_latest_vgg_20260927/transfer/results/r21vgg2k_vgg16_bn_aa5_s42/faces_rfwWM64/faces_rfwWM64/results.csv,UI_cross
bin5,VGG2k / bin5,r21vgg2k_vgg16_bn_aa5_s42,face_transfer,124,two_cross,RFW WM64,Faces,0.37,0.39,50,within_sampled_range,UI,113,75.0,runs/yin_latest_vgg_20260927/transfer/results/r21vgg2k_vgg16_bn_aa5_s42/faces_rfwWM64/faces_rfwWM64/results.csv,UI_cross
bin5,VGG2k / bin5,r21vgg2k_vgg16_bn_aa5_s42,face_transfer,124,two_cross,RFW WM64,Faces,0.37,0.39,50,within_sampled_range,UI,114,83.33333333333334,runs/yin_latest_vgg_20260927/transfer/results/r21vgg2k_vgg16_bn_aa5_s42/faces_rfwWM64/faces_rfwWM64/results.csv,UI_cross
bin5,VGG2k / bin5,r21vgg2k_vgg16_bn_aa5_s42,face_transfer,124,two_cross,RFW WM64,Faces,0.37,0.39,50,within_sampled_range,UI,115,95.83333333333334,runs/yin_latest_vgg_20260927/transfer/results/r21vgg2k_vgg16_bn_aa5_s42/faces_rfwWM64/faces_rfwWM64/results.csv,UI_cross
bin5,VGG2k / bin5,r21vgg2k_vgg16_bn_aa5_s42,face_transfer,124,two_cross,RFW WM64,Faces,0.37,0.39,50,within_sampled_range,UI,116,87.5,runs/yin_latest_vgg_20260927/transfer/results/r21vgg2k_vgg16_bn_aa5_s42/faces_rfwWM64/faces_rfwWM64/results.csv,UI_cross
bin5,VGG2k / bin5,r21vgg2k_vgg16_bn_aa5_s42,face_transfer,124,two_cross,RFW WM64,Faces,0.37,0.39,50,within_sampled_range,UI,117,75.0,runs/yin_latest_vgg_20260927/transfer/results/r21vgg2k_vgg16_bn_aa5_s42/faces_rfwWM64/faces_rfwWM64/results.csv,UI_cross
bin5,VGG2k / bin5,r21vgg2k_vgg16_bn_aa5_s42,face_transfer,124,two_cross,RFW WM64,Faces,0.37,0.39,50,within_sampled_range,UI,118,95.83333333333334,runs/yin_latest_vgg_20260927/transfer/results/r21vgg2k_vgg16_bn_aa5_s42/faces_rfwWM64/faces_rfwWM64/results.csv,UI_cross
bin5,VGG2k / bin5,r21vgg2k_vgg16_bn_aa5_s42,face_transfer,124,two_cross,RFW WM64,Faces,0.37,0.39,50,within_sampled_range,UI,119,91.66666666666666,runs/yin_latest_vgg_20260927/transfer/results/r21vgg2k_vgg16_bn_aa5_s42/faces_rfwWM64/faces_rfwWM64/results.csv,UI_cross
bin5,VGG2k / bin5,r21vgg2k_vgg16_bn_aa5_s42,face_transfer,124,two_cross,RFW WM64,Faces,0.37,0.39,50,within_sampled_range,UI,120,91.66666666666666,runs/yin_latest_vgg_20260927/transfer/results/r21vgg2k_vgg16_bn_aa5_s42/faces_rfwWM64/faces_rfwWM64/results.csv,UI_cross
bin5,VGG2k / bin5,r21vgg2k_vgg16_bn_aa5_s42,face_transfer,124,two_cross,RFW WM64,Faces,0.37,0.39,50,within_sampled_range,UI,121,83.33333333333334,runs/yin_latest_vgg_20260927/transfer/results/r21vgg2k_vgg16_bn_aa5_s42/faces_rfwWM64/faces_rfwWM64/results.csv,UI_cross
bin5,VGG2k / bin5,r21vgg2k_vgg16_bn_aa5_s42,face_transfer,124,two_cross,RFW WM64,Faces,0.37,0.39,50,within_sampled_range,UI,122,91.66666666666666,runs/yin_latest_vgg_20260927/transfer/results/r21vgg2k_vgg16_bn_aa5_s42/faces_rfwWM64/faces_rfwWM64/results.csv,UI_cross
bin5,VGG2k / bin5,r21vgg2k_vgg16_bn_aa5_s42,face_transfer,124,two_cross,RFW WM64,Faces,0.37,0.39,50,within_sampled_range,UI,123,87.5,runs/yin_latest_vgg_20260927/transfer/results/r21vgg2k_vgg16_bn_aa5_s42/faces_rfwWM64/faces_rfwWM64/results.csv,UI_cross
bin5,VGG2k / bin5,r21vgg2k_vgg16_bn_aa5_s42,face_transfer,124,two_cross,RFW WM64,Faces,0.37,0.39,50,within_sampled_range,UI,124,87.5,runs/yin_latest_vgg_20260927/transfer/results/r21vgg2k_vgg16_bn_aa5_s42/faces_rfwWM64/faces_rfwWM64/results.csv,UI_cross
bin5,VGG2k / bin5,r21vgg2k_vgg16_bn_aa5_s42,face_transfer,124,two_cross,RFW WM64,Faces,0.37,0.39,50,within_sampled_range,UI,125,87.5,runs/yin_latest_vgg_20260927/transfer/results/r21vgg2k_vgg16_bn_aa5_s42/faces_rfwWM64/faces_rfwWM64/results.csv,UI_cross
bin5,VGG2k / bin5,r21vgg2k_vgg16_bn_aa5_s42,face_transfer,124,two_cross,RFW WM64,Faces,0.37,0.39,50,within_sampled_range,UI,126,87.5,runs/yin_latest_vgg_20260927/transfer/results/r21vgg2k_vgg16_bn_aa5_s42/faces_rfwWM64/faces_rfwWM64/results.csv,UI_cross
bin5,VGG2k / bin5,r21vgg2k_vgg16_bn_aa5_s42,face_transfer,124,two_cross,RFW WM64,Faces,0.37,0.39,50,within_sampled_range,UI,127,79.16666666666666,runs/yin_latest_vgg_20260927/transfer/results/r21vgg2k_vgg16_bn_aa5_s42/faces_rfwWM64/faces_rfwWM64/results.csv,UI_cross
bin5,VGG2k / bin5,r21vgg2k_vgg16_bn_aa5_s42,face_transfer,124,two_cross,RFW WM64,Faces,0.37,0.39,50,within_sampled_range,UI,128,87.5,runs/yin_latest_vgg_20260927/transfer/results/r21vgg2k_vgg16_bn_aa5_s42/faces_rfwWM64/faces_rfwWM64/results.csv,UI_cross
bin5,VGG2k / bin5,r21vgg2k_vgg16_bn_aa5_s42,face_transfer,124,two_cross,RFW WM64,Faces,0.37,0.39,50,within_sampled_range,UI,129,87.5,runs/yin_latest_vgg_20260927/transfer/results/r21vgg2k_vgg16_bn_aa5_s42/faces_rfwWM64/faces_rfwWM64/results.csv,UI_cross
bin5,VGG2k / bin5,r21vgg2k_vgg16_bn_aa5_s42,face_transfer,124,two_cross,RFW WM64,Faces,0.37,0.39,50,within_sampled_range,UI,130,91.66666666666666,runs/yin_latest_vgg_20260927/transfer/results/r21vgg2k_vgg16_bn_aa5_s42/faces_rfwWM64/faces_rfwWM64/results.csv,UI_cross
bin5,VGG2k / bin5,r21vgg2k_vgg16_bn_aa5_s42,face_transfer,124,two_cross,RFW WM64,Faces,0.37,0.39,50,within_sampled_range,UI,131,95.83333333333334,runs/yin_latest_vgg_20260927/transfer/results/r21vgg2k_vgg16_bn_aa5_s42/faces_rfwWM64/faces_rfwWM64/results.csv,UI_cross
bin5,VGG2k / bin5,r21vgg2k_vgg16_bn_aa5_s42,face_transfer,124,two_cross,RFW WM64,Faces,0.37,0.39,50,within_sampled_range,UI,132,83.33333333333334,runs/yin_latest_vgg_20260927/transfer/results/r21vgg2k_vgg16_bn_aa5_s42/faces_rfwWM64/faces_rfwWM64/results.csv,UI_cross
bin5,VGG2k / bin5,r21vgg2k_vgg16_bn_aa5_s42,face_transfer,124,two_cross,RFW WM64,Faces,0.37,0.39,50,within_sampled_range,UI,133,87.5,runs/yin_latest_vgg_20260927/transfer/results/r21vgg2k_vgg16_bn_aa5_s42/faces_rfwWM64/faces_rfwWM64/results.csv,UI_cross
bin5,VGG2k / bin5,r21vgg2k_vgg16_bn_aa5_s42,face_transfer,124,two_cross,RFW WM64,Faces,0.37,0.39,50,within_sampled_range,UI,134,91.66666666666666,runs/yin_latest_vgg_20260927/transfer/results/r21vgg2k_vgg16_bn_aa5_s42/faces_rfwWM64/faces_rfwWM64/results.csv,UI_cross
bin5,VGG2k / bin5,r21vgg2k_vgg16_bn_aa5_s42,face_transfer,124,two_cross,RFW WM64,Faces,0.37,0.39,50,within_sampled_range,UI,135,91.66666666666666,runs/yin_latest_vgg_20260927/transfer/results/r21vgg2k_vgg16_bn_aa5_s42/faces_rfwWM64/faces_rfwWM64/results.csv,UI_cross
bin5,VGG2k / bin5,r21vgg2k_vgg16_bn_aa5_s42,face_transfer,124,two_cross,RFW WM64,Faces,0.37,0.39,50,within_sampled_range,UI,136,79.16666666666666,runs/yin_latest_vgg_20260927/transfer/results/r21vgg2k_vgg16_bn_aa5_s42/faces_rfwWM64/faces_rfwWM64/results.csv,UI_cross
bin5,VGG2k / bin5,r21vgg2k_vgg16_bn_aa5_s42,face_transfer,124,two_cross,RFW WM64,Faces,0.37,0.39,50,within_sampled_range,UI,137,83.33333333333334,runs/yin_latest_vgg_20260927/transfer/results/r21vgg2k_vgg16_bn_aa5_s42/faces_rfwWM64/faces_rfwWM64/results.csv,UI_cross
bin5,VGG2k / bin5,r21vgg2k_vgg16_bn_aa5_s42,face_transfer,124,two_cross,RFW WM64,Faces,0.37,0.39,50,within_sampled_range,UI,138,87.5,runs/yin_latest_vgg_20260927/transfer/results/r21vgg2k_vgg16_bn_aa5_s42/faces_rfwWM64/faces_rfwWM64/results.csv,UI_cross
bin5,VGG2k / bin5,r21vgg2k_vgg16_bn_aa5_s42,face_transfer,124,two_cross,RFW WM64,Faces,0.37,0.39,50,within_sampled_range,UI,139,83.33333333333334,runs/yin_latest_vgg_20260927/transfer/results/r21vgg2k_vgg16_bn_aa5_s42/faces_rfwWM64/faces_rfwWM64/results.csv,UI_cross
bin5,VGG2k / bin5,r21vgg2k_vgg16_bn_aa5_s42,face_transfer,124,two_cross,RFW WM64,Faces,0.37,0.39,50,within_sampled_range,UI,140,70.83333333333334,runs/yin_latest_vgg_20260927/transfer/results/r21vgg2k_vgg16_bn_aa5_s42/faces_rfwWM64/faces_rfwWM64/results.csv,UI_cross
bin5,VGG2k / bin5,r21vgg2k_vgg16_bn_aa5_s42,face_transfer,124,two_cross,RFW WM64,Faces,0.37,0.39,50,within_sampled_range,UI,141,91.66666666666666,runs/yin_latest_vgg_20260927/transfer/results/r21vgg2k_vgg16_bn_aa5_s42/faces_rfwWM64/faces_rfwWM64/results.csv,UI_cross
bin5,VGG2k / bin5,r21vgg2k_vgg16_bn_aa5_s42,face_transfer,124,two_cross,RFW WM64,Faces,0.37,0.39,50,within_sampled_range,UI,142,95.83333333333334,runs/yin_latest_vgg_20260927/transfer/results/r21vgg2k_vgg16_bn_aa5_s42/faces_rfwWM64/faces_rfwWM64/results.csv,UI_cross
bin5,VGG2k / bin5,r21vgg2k_vgg16_bn_aa5_s42,face_transfer,124,two_cross,RFW WM64,Faces,0.37,0.39,50,within_sampled_range,UI,143,91.66666666666666,runs/yin_latest_vgg_20260927/transfer/results/r21vgg2k_vgg16_bn_aa5_s42/faces_rfwWM64/faces_rfwWM64/results.csv,UI_cross
bin5,VGG2k / bin5,r21vgg2k_vgg16_bn_aa5_s42,face_transfer,124,two_cross,RFW WM64,Faces,0.37,0.39,50,within_sampled_range,UI,144,83.33333333333334,runs/yin_latest_vgg_20260927/transfer/results/r21vgg2k_vgg16_bn_aa5_s42/faces_rfwWM64/faces_rfwWM64/results.csv,UI_cross
bin5,VGG2k / bin5,r21vgg2k_vgg16_bn_aa5_s42,face_transfer,124,two_cross,RFW WM64,Faces,0.37,0.39,50,within_sampled_range,UI,145,87.5,runs/yin_latest_vgg_20260927/transfer/results/r21vgg2k_vgg16_bn_aa5_s42/faces_rfwWM64/faces_rfwWM64/results.csv,UI_cross
bin5,VGG2k / bin5,r21vgg2k_vgg16_bn_aa5_s42,face_transfer,124,two_cross,RFW WM64,Faces,0.37,0.39,50,within_sampled_range,UI,146,91.66666666666666,runs/yin_latest_vgg_20260927/transfer/results/r21vgg2k_vgg16_bn_aa5_s42/faces_rfwWM64/faces_rfwWM64/results.csv,UI_cross
bin5,VGG2k / bin5,r21vgg2k_vgg16_bn_aa5_s42,face_transfer,124,two_cross,RFW WM64,Faces,0.37,0.39,50,within_sampled_range,UI,147,100.0,runs/yin_latest_vgg_20260927/transfer/results/r21vgg2k_vgg16_bn_aa5_s42/faces_rfwWM64/faces_rfwWM64/results.csv,UI_cross
bin5,VGG2k / bin5,r21vgg2k_vgg16_bn_aa5_s42,face_transfer,124,two_cross,RFW WM64,Faces,0.37,0.39,50,within_sampled_range,UI,148,91.66666666666666,runs/yin_latest_vgg_20260927/transfer/results/r21vgg2k_vgg16_bn_aa5_s42/faces_rfwWM64/faces_rfwWM64/results.csv,UI_cross
bin5,VGG2k / bin5,r21vgg2k_vgg16_bn_aa5_s42,face_transfer,124,two_cross,RFW WM64,Faces,0.37,0.39,50,within_sampled_range,UI,149,91.66666666666666,runs/yin_latest_vgg_20260927/transfer/results/r21vgg2k_vgg16_bn_aa5_s42/faces_rfwWM64/faces_rfwWM64/results.csv,UI_cross
bin5,VGG2k / bin5,r21vgg2k_vgg16_bn_aa5_s42,face_transfer,124,two_cross,RFW WM64,Faces,0.37,0.39,50,within_sampled_range,UI,150,79.16666666666666,runs/yin_latest_vgg_20260927/transfer/results/r21vgg2k_vgg16_bn_aa5_s42/faces_rfwWM64/faces_rfwWM64/results.csv,UI_cross
bin5,VGG2k / bin5,r21vgg2k_vgg16_bn_aa5_s42,face_transfer,124,two_cross,RFW WM64,Faces,0.37,0.39,50,within_sampled_range,IU,101,91.66666666666666,runs/yin_latest_vgg_20260927/transfer/results/r21vgg2k_vgg16_bn_aa5_s42/faces_rfwWM64/faces_rfwWM64/results.csv,IU
bin5,VGG2k / bin5,r21vgg2k_vgg16_bn_aa5_s42,face_transfer,124,two_cross,RFW WM64,Faces,0.37,0.39,50,within_sampled_range,IU,102,83.33333333333334,runs/yin_latest_vgg_20260927/transfer/results/r21vgg2k_vgg16_bn_aa5_s42/faces_rfwWM64/faces_rfwWM64/results.csv,IU
bin5,VGG2k / bin5,r21vgg2k_vgg16_bn_aa5_s42,face_transfer,124,two_cross,RFW WM64,Faces,0.37,0.39,50,within_sampled_range,IU,103,91.66666666666666,runs/yin_latest_vgg_20260927/transfer/results/r21vgg2k_vgg16_bn_aa5_s42/faces_rfwWM64/faces_rfwWM64/results.csv,IU
bin5,VGG2k / bin5,r21vgg2k_vgg16_bn_aa5_s42,face_transfer,124,two_cross,RFW WM64,Faces,0.37,0.39,50,within_sampled_range,IU,104,91.66666666666666,runs/yin_latest_vgg_20260927/transfer/results/r21vgg2k_vgg16_bn_aa5_s42/faces_rfwWM64/faces_rfwWM64/results.csv,IU
bin5,VGG2k / bin5,r21vgg2k_vgg16_bn_aa5_s42,face_transfer,124,two_cross,RFW WM64,Faces,0.37,0.39,50,within_sampled_range,IU,105,70.83333333333334,runs/yin_latest_vgg_20260927/transfer/results/r21vgg2k_vgg16_bn_aa5_s42/faces_rfwWM64/faces_rfwWM64/results.csv,IU
bin5,VGG2k / bin5,r21vgg2k_vgg16_bn_aa5_s42,face_transfer,124,two_cross,RFW WM64,Faces,0.37,0.39,50,within_sampled_range,IU,106,66.66666666666666,runs/yin_latest_vgg_20260927/transfer/results/r21vgg2k_vgg16_bn_aa5_s42/faces_rfwWM64/faces_rfwWM64/results.csv,IU
bin5,VGG2k / bin5,r21vgg2k_vgg16_bn_aa5_s42,face_transfer,124,two_cross,RFW WM64,Faces,0.37,0.39,50,within_sampled_range,IU,107,79.16666666666666,runs/yin_latest_vgg_20260927/transfer/results/r21vgg2k_vgg16_bn_aa5_s42/faces_rfwWM64/faces_rfwWM64/results.csv,IU
bin5,VGG2k / bin5,r21vgg2k_vgg16_bn_aa5_s42,face_transfer,124,two_cross,RFW WM64,Faces,0.37,0.39,50,within_sampled_range,IU,108,79.16666666666666,runs/yin_latest_vgg_20260927/transfer/results/r21vgg2k_vgg16_bn_aa5_s42/faces_rfwWM64/faces_rfwWM64/results.csv,IU
bin5,VGG2k / bin5,r21vgg2k_vgg16_bn_aa5_s42,face_transfer,124,two_cross,RFW WM64,Faces,0.37,0.39,50,within_sampled_range,IU,109,79.16666666666666,runs/yin_latest_vgg_20260927/transfer/results/r21vgg2k_vgg16_bn_aa5_s42/faces_rfwWM64/faces_rfwWM64/results.csv,IU
bin5,VGG2k / bin5,r21vgg2k_vgg16_bn_aa5_s42,face_transfer,124,two_cross,RFW WM64,Faces,0.37,0.39,50,within_sampled_range,IU,110,100.0,runs/yin_latest_vgg_20260927/transfer/results/r21vgg2k_vgg16_bn_aa5_s42/faces_rfwWM64/faces_rfwWM64/results.csv,IU
bin5,VGG2k / bin5,r21vgg2k_vgg16_bn_aa5_s42,face_transfer,124,two_cross,RFW WM64,Faces,0.37,0.39,50,within_sampled_range,IU,111,58.333333333333336,runs/yin_latest_vgg_20260927/transfer/results/r21vgg2k_vgg16_bn_aa5_s42/faces_rfwWM64/faces_rfwWM64/results.csv,IU
bin5,VGG2k / bin5,r21vgg2k_vgg16_bn_aa5_s42,face_transfer,124,two_cross,RFW WM64,Faces,0.37,0.39,50,within_sampled_range,IU,112,83.33333333333334,runs/yin_latest_vgg_20260927/transfer/results/r21vgg2k_vgg16_bn_aa5_s42/faces_rfwWM64/faces_rfwWM64/results.csv,IU
bin5,VGG2k / bin5,r21vgg2k_vgg16_bn_aa5_s42,face_transfer,124,two_cross,RFW WM64,Faces,0.37,0.39,50,within_sampled_range,IU,113,79.16666666666666,runs/yin_latest_vgg_20260927/transfer/results/r21vgg2k_vgg16_bn_aa5_s42/faces_rfwWM64/faces_rfwWM64/results.csv,IU
bin5,VGG2k / bin5,r21vgg2k_vgg16_bn_aa5_s42,face_transfer,124,two_cross,RFW WM64,Faces,0.37,0.39,50,within_sampled_range,IU,114,83.33333333333334,runs/yin_latest_vgg_20260927/transfer/results/r21vgg2k_vgg16_bn_aa5_s42/faces_rfwWM64/faces_rfwWM64/results.csv,IU
bin5,VGG2k / bin5,r21vgg2k_vgg16_bn_aa5_s42,face_transfer,124,two_cross,RFW WM64,Faces,0.37,0.39,50,within_sampled_range,IU,115,79.16666666666666,runs/yin_latest_vgg_20260927/transfer/results/r21vgg2k_vgg16_bn_aa5_s42/faces_rfwWM64/faces_rfwWM64/results.csv,IU
bin5,VGG2k / bin5,r21vgg2k_vgg16_bn_aa5_s42,face_transfer,124,two_cross,RFW WM64,Faces,0.37,0.39,50,within_sampled_range,IU,116,91.66666666666666,runs/yin_latest_vgg_20260927/transfer/results/r21vgg2k_vgg16_bn_aa5_s42/faces_rfwWM64/faces_rfwWM64/results.csv,IU
bin5,VGG2k / bin5,r21vgg2k_vgg16_bn_aa5_s42,face_transfer,124,two_cross,RFW WM64,Faces,0.37,0.39,50,within_sampled_range,IU,117,83.33333333333334,runs/yin_latest_vgg_20260927/transfer/results/r21vgg2k_vgg16_bn_aa5_s42/faces_rfwWM64/faces_rfwWM64/results.csv,IU
bin5,VGG2k / bin5,r21vgg2k_vgg16_bn_aa5_s42,face_transfer,124,two_cross,RFW WM64,Faces,0.37,0.39,50,within_sampled_range,IU,118,91.66666666666666,runs/yin_latest_vgg_20260927/transfer/results/r21vgg2k_vgg16_bn_aa5_s42/faces_rfwWM64/faces_rfwWM64/results.csv,IU
bin5,VGG2k / bin5,r21vgg2k_vgg16_bn_aa5_s42,face_transfer,124,two_cross,RFW WM64,Faces,0.37,0.39,50,within_sampled_range,IU,119,83.33333333333334,runs/yin_latest_vgg_20260927/transfer/results/r21vgg2k_vgg16_bn_aa5_s42/faces_rfwWM64/faces_rfwWM64/results.csv,IU
bin5,VGG2k / bin5,r21vgg2k_vgg16_bn_aa5_s42,face_transfer,124,two_cross,RFW WM64,Faces,0.37,0.39,50,within_sampled_range,IU,120,87.5,runs/yin_latest_vgg_20260927/transfer/results/r21vgg2k_vgg16_bn_aa5_s42/faces_rfwWM64/faces_rfwWM64/results.csv,IU
bin5,VGG2k / bin5,r21vgg2k_vgg16_bn_aa5_s42,face_transfer,124,two_cross,RFW WM64,Faces,0.37,0.39,50,within_sampled_range,IU,121,83.33333333333334,runs/yin_latest_vgg_20260927/transfer/results/r21vgg2k_vgg16_bn_aa5_s42/faces_rfwWM64/faces_rfwWM64/results.csv,IU
bin5,VGG2k / bin5,r21vgg2k_vgg16_bn_aa5_s42,face_transfer,124,two_cross,RFW WM64,Faces,0.37,0.39,50,within_sampled_range,IU,122,91.66666666666666,runs/yin_latest_vgg_20260927/transfer/results/r21vgg2k_vgg16_bn_aa5_s42/faces_rfwWM64/faces_rfwWM64/results.csv,IU
bin5,VGG2k / bin5,r21vgg2k_vgg16_bn_aa5_s42,face_transfer,124,two_cross,RFW WM64,Faces,0.37,0.39,50,within_sampled_range,IU,123,83.33333333333334,runs/yin_latest_vgg_20260927/transfer/results/r21vgg2k_vgg16_bn_aa5_s42/faces_rfwWM64/faces_rfwWM64/results.csv,IU
bin5,VGG2k / bin5,r21vgg2k_vgg16_bn_aa5_s42,face_transfer,124,two_cross,RFW WM64,Faces,0.37,0.39,50,within_sampled_range,IU,124,75.0,runs/yin_latest_vgg_20260927/transfer/results/r21vgg2k_vgg16_bn_aa5_s42/faces_rfwWM64/faces_rfwWM64/results.csv,IU
bin5,VGG2k / bin5,r21vgg2k_vgg16_bn_aa5_s42,face_transfer,124,two_cross,RFW WM64,Faces,0.37,0.39,50,within_sampled_range,IU,125,79.16666666666666,runs/yin_latest_vgg_20260927/transfer/results/r21vgg2k_vgg16_bn_aa5_s42/faces_rfwWM64/faces_rfwWM64/results.csv,IU
bin5,VGG2k / bin5,r21vgg2k_vgg16_bn_aa5_s42,face_transfer,124,two_cross,RFW WM64,Faces,0.37,0.39,50,within_sampled_range,IU,126,95.83333333333334,runs/yin_latest_vgg_20260927/transfer/results/r21vgg2k_vgg16_bn_aa5_s42/faces_rfwWM64/faces_rfwWM64/results.csv,IU
bin5,VGG2k / bin5,r21vgg2k_vgg16_bn_aa5_s42,face_transfer,124,two_cross,RFW WM64,Faces,0.37,0.39,50,within_sampled_range,IU,127,83.33333333333334,runs/yin_latest_vgg_20260927/transfer/results/r21vgg2k_vgg16_bn_aa5_s42/faces_rfwWM64/faces_rfwWM64/results.csv,IU
bin5,VGG2k / bin5,r21vgg2k_vgg16_bn_aa5_s42,face_transfer,124,two_cross,RFW WM64,Faces,0.37,0.39,50,within_sampled_range,IU,128,87.5,runs/yin_latest_vgg_20260927/transfer/results/r21vgg2k_vgg16_bn_aa5_s42/faces_rfwWM64/faces_rfwWM64/results.csv,IU
bin5,VGG2k / bin5,r21vgg2k_vgg16_bn_aa5_s42,face_transfer,124,two_cross,RFW WM64,Faces,0.37,0.39,50,within_sampled_range,IU,129,75.0,runs/yin_latest_vgg_20260927/transfer/results/r21vgg2k_vgg16_bn_aa5_s42/faces_rfwWM64/faces_rfwWM64/results.csv,IU
bin5,VGG2k / bin5,r21vgg2k_vgg16_bn_aa5_s42,face_transfer,124,two_cross,RFW WM64,Faces,0.37,0.39,50,within_sampled_range,IU,130,91.66666666666666,runs/yin_latest_vgg_20260927/transfer/results/r21vgg2k_vgg16_bn_aa5_s42/faces_rfwWM64/faces_rfwWM64/results.csv,IU
bin5,VGG2k / bin5,r21vgg2k_vgg16_bn_aa5_s42,face_transfer,124,two_cross,RFW WM64,Faces,0.37,0.39,50,within_sampled_range,IU,131,83.33333333333334,runs/yin_latest_vgg_20260927/transfer/results/r21vgg2k_vgg16_bn_aa5_s42/faces_rfwWM64/faces_rfwWM64/results.csv,IU
bin5,VGG2k / bin5,r21vgg2k_vgg16_bn_aa5_s42,face_transfer,124,two_cross,RFW WM64,Faces,0.37,0.39,50,within_sampled_range,IU,132,83.33333333333334,runs/yin_latest_vgg_20260927/transfer/results/r21vgg2k_vgg16_bn_aa5_s42/faces_rfwWM64/faces_rfwWM64/results.csv,IU
bin5,VGG2k / bin5,r21vgg2k_vgg16_bn_aa5_s42,face_transfer,124,two_cross,RFW WM64,Faces,0.37,0.39,50,within_sampled_range,IU,133,87.5,runs/yin_latest_vgg_20260927/transfer/results/r21vgg2k_vgg16_bn_aa5_s42/faces_rfwWM64/faces_rfwWM64/results.csv,IU
bin5,VGG2k / bin5,r21vgg2k_vgg16_bn_aa5_s42,face_transfer,124,two_cross,RFW WM64,Faces,0.37,0.39,50,within_sampled_range,IU,134,87.5,runs/yin_latest_vgg_20260927/transfer/results/r21vgg2k_vgg16_bn_aa5_s42/faces_rfwWM64/faces_rfwWM64/results.csv,IU
bin5,VGG2k / bin5,r21vgg2k_vgg16_bn_aa5_s42,face_transfer,124,two_cross,RFW WM64,Faces,0.37,0.39,50,within_sampled_range,IU,135,79.16666666666666,runs/yin_latest_vgg_20260927/transfer/results/r21vgg2k_vgg16_bn_aa5_s42/faces_rfwWM64/faces_rfwWM64/results.csv,IU
bin5,VGG2k / bin5,r21vgg2k_vgg16_bn_aa5_s42,face_transfer,124,two_cross,RFW WM64,Faces,0.37,0.39,50,within_sampled_range,IU,136,79.16666666666666,runs/yin_latest_vgg_20260927/transfer/results/r21vgg2k_vgg16_bn_aa5_s42/faces_rfwWM64/faces_rfwWM64/results.csv,IU
bin5,VGG2k / bin5,r21vgg2k_vgg16_bn_aa5_s42,face_transfer,124,two_cross,RFW WM64,Faces,0.37,0.39,50,within_sampled_range,IU,137,75.0,runs/yin_latest_vgg_20260927/transfer/results/r21vgg2k_vgg16_bn_aa5_s42/faces_rfwWM64/faces_rfwWM64/results.csv,IU
bin5,VGG2k / bin5,r21vgg2k_vgg16_bn_aa5_s42,face_transfer,124,two_cross,RFW WM64,Faces,0.37,0.39,50,within_sampled_range,IU,138,87.5,runs/yin_latest_vgg_20260927/transfer/results/r21vgg2k_vgg16_bn_aa5_s42/faces_rfwWM64/faces_rfwWM64/results.csv,IU
bin5,VGG2k / bin5,r21vgg2k_vgg16_bn_aa5_s42,face_transfer,124,two_cross,RFW WM64,Faces,0.37,0.39,50,within_sampled_range,IU,139,79.16666666666666,runs/yin_latest_vgg_20260927/transfer/results/r21vgg2k_vgg16_bn_aa5_s42/faces_rfwWM64/faces_rfwWM64/results.csv,IU
bin5,VGG2k / bin5,r21vgg2k_vgg16_bn_aa5_s42,face_transfer,124,two_cross,RFW WM64,Faces,0.37,0.39,50,within_sampled_range,IU,140,75.0,runs/yin_latest_vgg_20260927/transfer/results/r21vgg2k_vgg16_bn_aa5_s42/faces_rfwWM64/faces_rfwWM64/results.csv,IU
bin5,VGG2k / bin5,r21vgg2k_vgg16_bn_aa5_s42,face_transfer,124,two_cross,RFW WM64,Faces,0.37,0.39,50,within_sampled_range,IU,141,83.33333333333334,runs/yin_latest_vgg_20260927/transfer/results/r21vgg2k_vgg16_bn_aa5_s42/faces_rfwWM64/faces_rfwWM64/results.csv,IU
bin5,VGG2k / bin5,r21vgg2k_vgg16_bn_aa5_s42,face_transfer,124,two_cross,RFW WM64,Faces,0.37,0.39,50,within_sampled_range,IU,142,79.16666666666666,runs/yin_latest_vgg_20260927/transfer/results/r21vgg2k_vgg16_bn_aa5_s42/faces_rfwWM64/faces_rfwWM64/results.csv,IU
bin5,VGG2k / bin5,r21vgg2k_vgg16_bn_aa5_s42,face_transfer,124,two_cross,RFW WM64,Faces,0.37,0.39,50,within_sampled_range,IU,143,87.5,runs/yin_latest_vgg_20260927/transfer/results/r21vgg2k_vgg16_bn_aa5_s42/faces_rfwWM64/faces_rfwWM64/results.csv,IU
bin5,VGG2k / bin5,r21vgg2k_vgg16_bn_aa5_s42,face_transfer,124,two_cross,RFW WM64,Faces,0.37,0.39,50,within_sampled_range,IU,144,95.83333333333334,runs/yin_latest_vgg_20260927/transfer/results/r21vgg2k_vgg16_bn_aa5_s42/faces_rfwWM64/faces_rfwWM64/results.csv,IU
bin5,VGG2k / bin5,r21vgg2k_vgg16_bn_aa5_s42,face_transfer,124,two_cross,RFW WM64,Faces,0.37,0.39,50,within_sampled_range,IU,145,79.16666666666666,runs/yin_latest_vgg_20260927/transfer/results/r21vgg2k_vgg16_bn_aa5_s42/faces_rfwWM64/faces_rfwWM64/results.csv,IU
bin5,VGG2k / bin5,r21vgg2k_vgg16_bn_aa5_s42,face_transfer,124,two_cross,RFW WM64,Faces,0.37,0.39,50,within_sampled_range,IU,146,91.66666666666666,runs/yin_latest_vgg_20260927/transfer/results/r21vgg2k_vgg16_bn_aa5_s42/faces_rfwWM64/faces_rfwWM64/results.csv,IU
bin5,VGG2k / bin5,r21vgg2k_vgg16_bn_aa5_s42,face_transfer,124,two_cross,RFW WM64,Faces,0.37,0.39,50,within_sampled_range,IU,147,83.33333333333334,runs/yin_latest_vgg_20260927/transfer/results/r21vgg2k_vgg16_bn_aa5_s42/faces_rfwWM64/faces_rfwWM64/results.csv,IU
bin5,VGG2k / bin5,r21vgg2k_vgg16_bn_aa5_s42,face_transfer,124,two_cross,RFW WM64,Faces,0.37,0.39,50,within_sampled_range,IU,148,83.33333333333334,runs/yin_latest_vgg_20260927/transfer/results/r21vgg2k_vgg16_bn_aa5_s42/faces_rfwWM64/faces_rfwWM64/results.csv,IU
bin5,VGG2k / bin5,r21vgg2k_vgg16_bn_aa5_s42,face_transfer,124,two_cross,RFW WM64,Faces,0.37,0.39,50,within_sampled_range,IU,149,75.0,runs/yin_latest_vgg_20260927/transfer/results/r21vgg2k_vgg16_bn_aa5_s42/faces_rfwWM64/faces_rfwWM64/results.csv,IU
bin5,VGG2k / bin5,r21vgg2k_vgg16_bn_aa5_s42,face_transfer,124,two_cross,RFW WM64,Faces,0.37,0.39,50,within_sampled_range,IU,150,83.33333333333334,runs/yin_latest_vgg_20260927/transfer/results/r21vgg2k_vgg16_bn_aa5_s42/faces_rfwWM64/faces_rfwWM64/results.csv,IU
bin5,VGG2k / bin5,r21vgg2k_vgg16_bn_aa5_s42,face_transfer,124,two_shared_ui,RFW WM64,Faces,0.37,0.39,50,within_sampled_range,UU,101,95.83333333333334,runs/yin_latest_vgg_20260927/transfer/results/r21vgg2k_vgg16_bn_aa5_s42/faces_rfwWM64/faces_rfwWM64/results.csv,UU
bin5,VGG2k / bin5,r21vgg2k_vgg16_bn_aa5_s42,face_transfer,124,two_shared_ui,RFW WM64,Faces,0.37,0.39,50,within_sampled_range,UU,102,100.0,runs/yin_latest_vgg_20260927/transfer/results/r21vgg2k_vgg16_bn_aa5_s42/faces_rfwWM64/faces_rfwWM64/results.csv,UU
bin5,VGG2k / bin5,r21vgg2k_vgg16_bn_aa5_s42,face_transfer,124,two_shared_ui,RFW WM64,Faces,0.37,0.39,50,within_sampled_range,UU,103,95.83333333333334,runs/yin_latest_vgg_20260927/transfer/results/r21vgg2k_vgg16_bn_aa5_s42/faces_rfwWM64/faces_rfwWM64/results.csv,UU
bin5,VGG2k / bin5,r21vgg2k_vgg16_bn_aa5_s42,face_transfer,124,two_shared_ui,RFW WM64,Faces,0.37,0.39,50,within_sampled_range,UU,104,95.83333333333334,runs/yin_latest_vgg_20260927/transfer/results/r21vgg2k_vgg16_bn_aa5_s42/faces_rfwWM64/faces_rfwWM64/results.csv,UU
bin5,VGG2k / bin5,r21vgg2k_vgg16_bn_aa5_s42,face_transfer,124,two_shared_ui,RFW WM64,Faces,0.37,0.39,50,within_sampled_range,UU,105,91.66666666666666,runs/yin_latest_vgg_20260927/transfer/results/r21vgg2k_vgg16_bn_aa5_s42/faces_rfwWM64/faces_rfwWM64/results.csv,UU
bin5,VGG2k / bin5,r21vgg2k_vgg16_bn_aa5_s42,face_transfer,124,two_shared_ui,RFW WM64,Faces,0.37,0.39,50,within_sampled_range,UU,106,100.0,runs/yin_latest_vgg_20260927/transfer/results/r21vgg2k_vgg16_bn_aa5_s42/faces_rfwWM64/faces_rfwWM64/results.csv,UU
bin5,VGG2k / bin5,r21vgg2k_vgg16_bn_aa5_s42,face_transfer,124,two_shared_ui,RFW WM64,Faces,0.37,0.39,50,within_sampled_range,UU,107,100.0,runs/yin_latest_vgg_20260927/transfer/results/r21vgg2k_vgg16_bn_aa5_s42/faces_rfwWM64/faces_rfwWM64/results.csv,UU
bin5,VGG2k / bin5,r21vgg2k_vgg16_bn_aa5_s42,face_transfer,124,two_shared_ui,RFW WM64,Faces,0.37,0.39,50,within_sampled_range,UU,108,100.0,runs/yin_latest_vgg_20260927/transfer/results/r21vgg2k_vgg16_bn_aa5_s42/faces_rfwWM64/faces_rfwWM64/results.csv,UU
bin5,VGG2k / bin5,r21vgg2k_vgg16_bn_aa5_s42,face_transfer,124,two_shared_ui,RFW WM64,Faces,0.37,0.39,50,within_sampled_range,UU,109,100.0,runs/yin_latest_vgg_20260927/transfer/results/r21vgg2k_vgg16_bn_aa5_s42/faces_rfwWM64/faces_rfwWM64/results.csv,UU
bin5,VGG2k / bin5,r21vgg2k_vgg16_bn_aa5_s42,face_transfer,124,two_shared_ui,RFW WM64,Faces,0.37,0.39,50,within_sampled_range,UU,110,87.5,runs/yin_latest_vgg_20260927/transfer/results/r21vgg2k_vgg16_bn_aa5_s42/faces_rfwWM64/faces_rfwWM64/results.csv,UU
bin5,VGG2k / bin5,r21vgg2k_vgg16_bn_aa5_s42,face_transfer,124,two_shared_ui,RFW WM64,Faces,0.37,0.39,50,within_sampled_range,UU,111,91.66666666666666,runs/yin_latest_vgg_20260927/transfer/results/r21vgg2k_vgg16_bn_aa5_s42/faces_rfwWM64/faces_rfwWM64/results.csv,UU
bin5,VGG2k / bin5,r21vgg2k_vgg16_bn_aa5_s42,face_transfer,124,two_shared_ui,RFW WM64,Faces,0.37,0.39,50,within_sampled_range,UU,112,100.0,runs/yin_latest_vgg_20260927/transfer/results/r21vgg2k_vgg16_bn_aa5_s42/faces_rfwWM64/faces_rfwWM64/results.csv,UU
bin5,VGG2k / bin5,r21vgg2k_vgg16_bn_aa5_s42,face_transfer,124,two_shared_ui,RFW WM64,Faces,0.37,0.39,50,within_sampled_range,UU,113,91.66666666666666,runs/yin_latest_vgg_20260927/transfer/results/r21vgg2k_vgg16_bn_aa5_s42/faces_rfwWM64/faces_rfwWM64/results.csv,UU
bin5,VGG2k / bin5,r21vgg2k_vgg16_bn_aa5_s42,face_transfer,124,two_shared_ui,RFW WM64,Faces,0.37,0.39,50,within_sampled_range,UU,114,95.83333333333334,runs/yin_latest_vgg_20260927/transfer/results/r21vgg2k_vgg16_bn_aa5_s42/faces_rfwWM64/faces_rfwWM64/results.csv,UU
bin5,VGG2k / bin5,r21vgg2k_vgg16_bn_aa5_s42,face_transfer,124,two_shared_ui,RFW WM64,Faces,0.37,0.39,50,within_sampled_range,UU,115,91.66666666666666,runs/yin_latest_vgg_20260927/transfer/results/r21vgg2k_vgg16_bn_aa5_s42/faces_rfwWM64/faces_rfwWM64/results.csv,UU
bin5,VGG2k / bin5,r21vgg2k_vgg16_bn_aa5_s42,face_transfer,124,two_shared_ui,RFW WM64,Faces,0.37,0.39,50,within_sampled_range,UU,116,87.5,runs/yin_latest_vgg_20260927/transfer/results/r21vgg2k_vgg16_bn_aa5_s42/faces_rfwWM64/faces_rfwWM64/results.csv,UU
bin5,VGG2k / bin5,r21vgg2k_vgg16_bn_aa5_s42,face_transfer,124,two_shared_ui,RFW WM64,Faces,0.37,0.39,50,within_sampled_range,UU,117,100.0,runs/yin_latest_vgg_20260927/transfer/results/r21vgg2k_vgg16_bn_aa5_s42/faces_rfwWM64/faces_rfwWM64/results.csv,UU
bin5,VGG2k / bin5,r21vgg2k_vgg16_bn_aa5_s42,face_transfer,124,two_shared_ui,RFW WM64,Faces,0.37,0.39,50,within_sampled_range,UU,118,100.0,runs/yin_latest_vgg_20260927/transfer/results/r21vgg2k_vgg16_bn_aa5_s42/faces_rfwWM64/faces_rfwWM64/results.csv,UU
bin5,VGG2k / bin5,r21vgg2k_vgg16_bn_aa5_s42,face_transfer,124,two_shared_ui,RFW WM64,Faces,0.37,0.39,50,within_sampled_range,UU,119,100.0,runs/yin_latest_vgg_20260927/transfer/results/r21vgg2k_vgg16_bn_aa5_s42/faces_rfwWM64/faces_rfwWM64/results.csv,UU
bin5,VGG2k / bin5,r21vgg2k_vgg16_bn_aa5_s42,face_transfer,124,two_shared_ui,RFW WM64,Faces,0.37,0.39,50,within_sampled_range,UU,120,100.0,runs/yin_latest_vgg_20260927/transfer/results/r21vgg2k_vgg16_bn_aa5_s42/faces_rfwWM64/faces_rfwWM64/results.csv,UU
bin5,VGG2k / bin5,r21vgg2k_vgg16_bn_aa5_s42,face_transfer,124,two_shared_ui,RFW WM64,Faces,0.37,0.39,50,within_sampled_range,UU,121,100.0,runs/yin_latest_vgg_20260927/transfer/results/r21vgg2k_vgg16_bn_aa5_s42/faces_rfwWM64/faces_rfwWM64/results.csv,UU
bin5,VGG2k / bin5,r21vgg2k_vgg16_bn_aa5_s42,face_transfer,124,two_shared_ui,RFW WM64,Faces,0.37,0.39,50,within_sampled_range,UU,122,95.83333333333334,runs/yin_latest_vgg_20260927/transfer/results/r21vgg2k_vgg16_bn_aa5_s42/faces_rfwWM64/faces_rfwWM64/results.csv,UU
bin5,VGG2k / bin5,r21vgg2k_vgg16_bn_aa5_s42,face_transfer,124,two_shared_ui,RFW WM64,Faces,0.37,0.39,50,within_sampled_range,UU,123,95.83333333333334,runs/yin_latest_vgg_20260927/transfer/results/r21vgg2k_vgg16_bn_aa5_s42/faces_rfwWM64/faces_rfwWM64/results.csv,UU
bin5,VGG2k / bin5,r21vgg2k_vgg16_bn_aa5_s42,face_transfer,124,two_shared_ui,RFW WM64,Faces,0.37,0.39,50,within_sampled_range,UU,124,95.83333333333334,runs/yin_latest_vgg_20260927/transfer/results/r21vgg2k_vgg16_bn_aa5_s42/faces_rfwWM64/faces_rfwWM64/results.csv,UU
bin5,VGG2k / bin5,r21vgg2k_vgg16_bn_aa5_s42,face_transfer,124,two_shared_ui,RFW WM64,Faces,0.37,0.39,50,within_sampled_range,UU,125,95.83333333333334,runs/yin_latest_vgg_20260927/transfer/results/r21vgg2k_vgg16_bn_aa5_s42/faces_rfwWM64/faces_rfwWM64/results.csv,UU
bin5,VGG2k / bin5,r21vgg2k_vgg16_bn_aa5_s42,face_transfer,124,two_shared_ui,RFW WM64,Faces,0.37,0.39,50,within_sampled_range,UU,126,95.83333333333334,runs/yin_latest_vgg_20260927/transfer/results/r21vgg2k_vgg16_bn_aa5_s42/faces_rfwWM64/faces_rfwWM64/results.csv,UU
bin5,VGG2k / bin5,r21vgg2k_vgg16_bn_aa5_s42,face_transfer,124,two_shared_ui,RFW WM64,Faces,0.37,0.39,50,within_sampled_range,UU,127,100.0,runs/yin_latest_vgg_20260927/transfer/results/r21vgg2k_vgg16_bn_aa5_s42/faces_rfwWM64/faces_rfwWM64/results.csv,UU
bin5,VGG2k / bin5,r21vgg2k_vgg16_bn_aa5_s42,face_transfer,124,two_shared_ui,RFW WM64,Faces,0.37,0.39,50,within_sampled_range,UU,128,95.83333333333334,runs/yin_latest_vgg_20260927/transfer/results/r21vgg2k_vgg16_bn_aa5_s42/faces_rfwWM64/faces_rfwWM64/results.csv,UU
bin5,VGG2k / bin5,r21vgg2k_vgg16_bn_aa5_s42,face_transfer,124,two_shared_ui,RFW WM64,Faces,0.37,0.39,50,within_sampled_range,UU,129,91.66666666666666,runs/yin_latest_vgg_20260927/transfer/results/r21vgg2k_vgg16_bn_aa5_s42/faces_rfwWM64/faces_rfwWM64/results.csv,UU
bin5,VGG2k / bin5,r21vgg2k_vgg16_bn_aa5_s42,face_transfer,124,two_shared_ui,RFW WM64,Faces,0.37,0.39,50,within_sampled_range,UU,130,100.0,runs/yin_latest_vgg_20260927/transfer/results/r21vgg2k_vgg16_bn_aa5_s42/faces_rfwWM64/faces_rfwWM64/results.csv,UU
bin5,VGG2k / bin5,r21vgg2k_vgg16_bn_aa5_s42,face_transfer,124,two_shared_ui,RFW WM64,Faces,0.37,0.39,50,within_sampled_range,UU,131,100.0,runs/yin_latest_vgg_20260927/transfer/results/r21vgg2k_vgg16_bn_aa5_s42/faces_rfwWM64/faces_rfwWM64/results.csv,UU
bin5,VGG2k / bin5,r21vgg2k_vgg16_bn_aa5_s42,face_transfer,124,two_shared_ui,RFW WM64,Faces,0.37,0.39,50,within_sampled_range,UU,132,100.0,runs/yin_latest_vgg_20260927/transfer/results/r21vgg2k_vgg16_bn_aa5_s42/faces_rfwWM64/faces_rfwWM64/results.csv,UU
bin5,VGG2k / bin5,r21vgg2k_vgg16_bn_aa5_s42,face_transfer,124,two_shared_ui,RFW WM64,Faces,0.37,0.39,50,within_sampled_range,UU,133,95.83333333333334,runs/yin_latest_vgg_20260927/transfer/results/r21vgg2k_vgg16_bn_aa5_s42/faces_rfwWM64/faces_rfwWM64/results.csv,UU
bin5,VGG2k / bin5,r21vgg2k_vgg16_bn_aa5_s42,face_transfer,124,two_shared_ui,RFW WM64,Faces,0.37,0.39,50,within_sampled_range,UU,134,95.83333333333334,runs/yin_latest_vgg_20260927/transfer/results/r21vgg2k_vgg16_bn_aa5_s42/faces_rfwWM64/faces_rfwWM64/results.csv,UU
bin5,VGG2k / bin5,r21vgg2k_vgg16_bn_aa5_s42,face_transfer,124,two_shared_ui,RFW WM64,Faces,0.37,0.39,50,within_sampled_range,UU,135,100.0,runs/yin_latest_vgg_20260927/transfer/results/r21vgg2k_vgg16_bn_aa5_s42/faces_rfwWM64/faces_rfwWM64/results.csv,UU
bin5,VGG2k / bin5,r21vgg2k_vgg16_bn_aa5_s42,face_transfer,124,two_shared_ui,RFW WM64,Faces,0.37,0.39,50,within_sampled_range,UU,136,95.83333333333334,runs/yin_latest_vgg_20260927/transfer/results/r21vgg2k_vgg16_bn_aa5_s42/faces_rfwWM64/faces_rfwWM64/results.csv,UU
bin5,VGG2k / bin5,r21vgg2k_vgg16_bn_aa5_s42,face_transfer,124,two_shared_ui,RFW WM64,Faces,0.37,0.39,50,within_sampled_range,UU,137,95.83333333333334,runs/yin_latest_vgg_20260927/transfer/results/r21vgg2k_vgg16_bn_aa5_s42/faces_rfwWM64/faces_rfwWM64/results.csv,UU
bin5,VGG2k / bin5,r21vgg2k_vgg16_bn_aa5_s42,face_transfer,124,two_shared_ui,RFW WM64,Faces,0.37,0.39,50,within_sampled_range,UU,138,95.83333333333334,runs/yin_latest_vgg_20260927/transfer/results/r21vgg2k_vgg16_bn_aa5_s42/faces_rfwWM64/faces_rfwWM64/results.csv,UU
bin5,VGG2k / bin5,r21vgg2k_vgg16_bn_aa5_s42,face_transfer,124,two_shared_ui,RFW WM64,Faces,0.37,0.39,50,within_sampled_range,UU,139,100.0,runs/yin_latest_vgg_20260927/transfer/results/r21vgg2k_vgg16_bn_aa5_s42/faces_rfwWM64/faces_rfwWM64/results.csv,UU
bin5,VGG2k / bin5,r21vgg2k_vgg16_bn_aa5_s42,face_transfer,124,two_shared_ui,RFW WM64,Faces,0.37,0.39,50,within_sampled_range,UU,140,100.0,runs/yin_latest_vgg_20260927/transfer/results/r21vgg2k_vgg16_bn_aa5_s42/faces_rfwWM64/faces_rfwWM64/results.csv,UU
bin5,VGG2k / bin5,r21vgg2k_vgg16_bn_aa5_s42,face_transfer,124,two_shared_ui,RFW WM64,Faces,0.37,0.39,50,within_sampled_range,UU,141,95.83333333333334,runs/yin_latest_vgg_20260927/transfer/results/r21vgg2k_vgg16_bn_aa5_s42/faces_rfwWM64/faces_rfwWM64/results.csv,UU
bin5,VGG2k / bin5,r21vgg2k_vgg16_bn_aa5_s42,face_transfer,124,two_shared_ui,RFW WM64,Faces,0.37,0.39,50,within_sampled_range,UU,142,100.0,runs/yin_latest_vgg_20260927/transfer/results/r21vgg2k_vgg16_bn_aa5_s42/faces_rfwWM64/faces_rfwWM64/results.csv,UU
bin5,VGG2k / bin5,r21vgg2k_vgg16_bn_aa5_s42,face_transfer,124,two_shared_ui,RFW WM64,Faces,0.37,0.39,50,within_sampled_range,UU,143,95.83333333333334,runs/yin_latest_vgg_20260927/transfer/results/r21vgg2k_vgg16_bn_aa5_s42/faces_rfwWM64/faces_rfwWM64/results.csv,UU
bin5,VGG2k / bin5,r21vgg2k_vgg16_bn_aa5_s42,face_transfer,124,two_shared_ui,RFW WM64,Faces,0.37,0.39,50,within_sampled_range,UU,144,95.83333333333334,runs/yin_latest_vgg_20260927/transfer/results/r21vgg2k_vgg16_bn_aa5_s42/faces_rfwWM64/faces_rfwWM64/results.csv,UU
bin5,VGG2k / bin5,r21vgg2k_vgg16_bn_aa5_s42,face_transfer,124,two_shared_ui,RFW WM64,Faces,0.37,0.39,50,within_sampled_range,UU,145,91.66666666666666,runs/yin_latest_vgg_20260927/transfer/results/r21vgg2k_vgg16_bn_aa5_s42/faces_rfwWM64/faces_rfwWM64/results.csv,UU
bin5,VGG2k / bin5,r21vgg2k_vgg16_bn_aa5_s42,face_transfer,124,two_shared_ui,RFW WM64,Faces,0.37,0.39,50,within_sampled_range,UU,146,100.0,runs/yin_latest_vgg_20260927/transfer/results/r21vgg2k_vgg16_bn_aa5_s42/faces_rfwWM64/faces_rfwWM64/results.csv,UU
bin5,VGG2k / bin5,r21vgg2k_vgg16_bn_aa5_s42,face_transfer,124,two_shared_ui,RFW WM64,Faces,0.37,0.39,50,within_sampled_range,UU,147,95.83333333333334,runs/yin_latest_vgg_20260927/transfer/results/r21vgg2k_vgg16_bn_aa5_s42/faces_rfwWM64/faces_rfwWM64/results.csv,UU
bin5,VGG2k / bin5,r21vgg2k_vgg16_bn_aa5_s42,face_transfer,124,two_shared_ui,RFW WM64,Faces,0.37,0.39,50,within_sampled_range,UU,148,95.83333333333334,runs/yin_latest_vgg_20260927/transfer/results/r21vgg2k_vgg16_bn_aa5_s42/faces_rfwWM64/faces_rfwWM64/results.csv,UU
bin5,VGG2k / bin5,r21vgg2k_vgg16_bn_aa5_s42,face_transfer,124,two_shared_ui,RFW WM64,Faces,0.37,0.39,50,within_sampled_range,UU,149,95.83333333333334,runs/yin_latest_vgg_20260927/transfer/results/r21vgg2k_vgg16_bn_aa5_s42/faces_rfwWM64/faces_rfwWM64/results.csv,UU
bin5,VGG2k / bin5,r21vgg2k_vgg16_bn_aa5_s42,face_transfer,124,two_shared_ui,RFW WM64,Faces,0.37,0.39,50,within_sampled_range,UU,150,100.0,runs/yin_latest_vgg_20260927/transfer/results/r21vgg2k_vgg16_bn_aa5_s42/faces_rfwWM64/faces_rfwWM64/results.csv,UU
bin5,VGG2k / bin5,r21vgg2k_vgg16_bn_aa5_s42,face_transfer,124,two_shared_ui,RFW WM64,Faces,0.37,0.39,50,within_sampled_range,II,101,91.66666666666666,runs/yin_latest_vgg_20260927/transfer/results/r21vgg2k_vgg16_bn_aa5_s42/faces_rfwWM64/faces_rfwWM64/results.csv,II
bin5,VGG2k / bin5,r21vgg2k_vgg16_bn_aa5_s42,face_transfer,124,two_shared_ui,RFW WM64,Faces,0.37,0.39,50,within_sampled_range,II,102,83.33333333333334,runs/yin_latest_vgg_20260927/transfer/results/r21vgg2k_vgg16_bn_aa5_s42/faces_rfwWM64/faces_rfwWM64/results.csv,II
bin5,VGG2k / bin5,r21vgg2k_vgg16_bn_aa5_s42,face_transfer,124,two_shared_ui,RFW WM64,Faces,0.37,0.39,50,within_sampled_range,II,103,87.5,runs/yin_latest_vgg_20260927/transfer/results/r21vgg2k_vgg16_bn_aa5_s42/faces_rfwWM64/faces_rfwWM64/results.csv,II
bin5,VGG2k / bin5,r21vgg2k_vgg16_bn_aa5_s42,face_transfer,124,two_shared_ui,RFW WM64,Faces,0.37,0.39,50,within_sampled_range,II,104,79.16666666666666,runs/yin_latest_vgg_20260927/transfer/results/r21vgg2k_vgg16_bn_aa5_s42/faces_rfwWM64/faces_rfwWM64/results.csv,II
bin5,VGG2k / bin5,r21vgg2k_vgg16_bn_aa5_s42,face_transfer,124,two_shared_ui,RFW WM64,Faces,0.37,0.39,50,within_sampled_range,II,105,79.16666666666666,runs/yin_latest_vgg_20260927/transfer/results/r21vgg2k_vgg16_bn_aa5_s42/faces_rfwWM64/faces_rfwWM64/results.csv,II
bin5,VGG2k / bin5,r21vgg2k_vgg16_bn_aa5_s42,face_transfer,124,two_shared_ui,RFW WM64,Faces,0.37,0.39,50,within_sampled_range,II,106,83.33333333333334,runs/yin_latest_vgg_20260927/transfer/results/r21vgg2k_vgg16_bn_aa5_s42/faces_rfwWM64/faces_rfwWM64/results.csv,II
bin5,VGG2k / bin5,r21vgg2k_vgg16_bn_aa5_s42,face_transfer,124,two_shared_ui,RFW WM64,Faces,0.37,0.39,50,within_sampled_range,II,107,83.33333333333334,runs/yin_latest_vgg_20260927/transfer/results/r21vgg2k_vgg16_bn_aa5_s42/faces_rfwWM64/faces_rfwWM64/results.csv,II
bin5,VGG2k / bin5,r21vgg2k_vgg16_bn_aa5_s42,face_transfer,124,two_shared_ui,RFW WM64,Faces,0.37,0.39,50,within_sampled_range,II,108,87.5,runs/yin_latest_vgg_20260927/transfer/results/r21vgg2k_vgg16_bn_aa5_s42/faces_rfwWM64/faces_rfwWM64/results.csv,II
bin5,VGG2k / bin5,r21vgg2k_vgg16_bn_aa5_s42,face_transfer,124,two_shared_ui,RFW WM64,Faces,0.37,0.39,50,within_sampled_range,II,109,75.0,runs/yin_latest_vgg_20260927/transfer/results/r21vgg2k_vgg16_bn_aa5_s42/faces_rfwWM64/faces_rfwWM64/results.csv,II
bin5,VGG2k / bin5,r21vgg2k_vgg16_bn_aa5_s42,face_transfer,124,two_shared_ui,RFW WM64,Faces,0.37,0.39,50,within_sampled_range,II,110,91.66666666666666,runs/yin_latest_vgg_20260927/transfer/results/r21vgg2k_vgg16_bn_aa5_s42/faces_rfwWM64/faces_rfwWM64/results.csv,II
bin5,VGG2k / bin5,r21vgg2k_vgg16_bn_aa5_s42,face_transfer,124,two_shared_ui,RFW WM64,Faces,0.37,0.39,50,within_sampled_range,II,111,87.5,runs/yin_latest_vgg_20260927/transfer/results/r21vgg2k_vgg16_bn_aa5_s42/faces_rfwWM64/faces_rfwWM64/results.csv,II
bin5,VGG2k / bin5,r21vgg2k_vgg16_bn_aa5_s42,face_transfer,124,two_shared_ui,RFW WM64,Faces,0.37,0.39,50,within_sampled_range,II,112,83.33333333333334,runs/yin_latest_vgg_20260927/transfer/results/r21vgg2k_vgg16_bn_aa5_s42/faces_rfwWM64/faces_rfwWM64/results.csv,II
bin5,VGG2k / bin5,r21vgg2k_vgg16_bn_aa5_s42,face_transfer,124,two_shared_ui,RFW WM64,Faces,0.37,0.39,50,within_sampled_range,II,113,91.66666666666666,runs/yin_latest_vgg_20260927/transfer/results/r21vgg2k_vgg16_bn_aa5_s42/faces_rfwWM64/faces_rfwWM64/results.csv,II
bin5,VGG2k / bin5,r21vgg2k_vgg16_bn_aa5_s42,face_transfer,124,two_shared_ui,RFW WM64,Faces,0.37,0.39,50,within_sampled_range,II,114,75.0,runs/yin_latest_vgg_20260927/transfer/results/r21vgg2k_vgg16_bn_aa5_s42/faces_rfwWM64/faces_rfwWM64/results.csv,II
bin5,VGG2k / bin5,r21vgg2k_vgg16_bn_aa5_s42,face_transfer,124,two_shared_ui,RFW WM64,Faces,0.37,0.39,50,within_sampled_range,II,115,91.66666666666666,runs/yin_latest_vgg_20260927/transfer/results/r21vgg2k_vgg16_bn_aa5_s42/faces_rfwWM64/faces_rfwWM64/results.csv,II
bin5,VGG2k / bin5,r21vgg2k_vgg16_bn_aa5_s42,face_transfer,124,two_shared_ui,RFW WM64,Faces,0.37,0.39,50,within_sampled_range,II,116,79.16666666666666,runs/yin_latest_vgg_20260927/transfer/results/r21vgg2k_vgg16_bn_aa5_s42/faces_rfwWM64/faces_rfwWM64/results.csv,II
bin5,VGG2k / bin5,r21vgg2k_vgg16_bn_aa5_s42,face_transfer,124,two_shared_ui,RFW WM64,Faces,0.37,0.39,50,within_sampled_range,II,117,87.5,runs/yin_latest_vgg_20260927/transfer/results/r21vgg2k_vgg16_bn_aa5_s42/faces_rfwWM64/faces_rfwWM64/results.csv,II
bin5,VGG2k / bin5,r21vgg2k_vgg16_bn_aa5_s42,face_transfer,124,two_shared_ui,RFW WM64,Faces,0.37,0.39,50,within_sampled_range,II,118,95.83333333333334,runs/yin_latest_vgg_20260927/transfer/results/r21vgg2k_vgg16_bn_aa5_s42/faces_rfwWM64/faces_rfwWM64/results.csv,II
bin5,VGG2k / bin5,r21vgg2k_vgg16_bn_aa5_s42,face_transfer,124,two_shared_ui,RFW WM64,Faces,0.37,0.39,50,within_sampled_range,II,119,91.66666666666666,runs/yin_latest_vgg_20260927/transfer/results/r21vgg2k_vgg16_bn_aa5_s42/faces_rfwWM64/faces_rfwWM64/results.csv,II
bin5,VGG2k / bin5,r21vgg2k_vgg16_bn_aa5_s42,face_transfer,124,two_shared_ui,RFW WM64,Faces,0.37,0.39,50,within_sampled_range,II,120,87.5,runs/yin_latest_vgg_20260927/transfer/results/r21vgg2k_vgg16_bn_aa5_s42/faces_rfwWM64/faces_rfwWM64/results.csv,II
bin5,VGG2k / bin5,r21vgg2k_vgg16_bn_aa5_s42,face_transfer,124,two_shared_ui,RFW WM64,Faces,0.37,0.39,50,within_sampled_range,II,121,79.16666666666666,runs/yin_latest_vgg_20260927/transfer/results/r21vgg2k_vgg16_bn_aa5_s42/faces_rfwWM64/faces_rfwWM64/results.csv,II
bin5,VGG2k / bin5,r21vgg2k_vgg16_bn_aa5_s42,face_transfer,124,two_shared_ui,RFW WM64,Faces,0.37,0.39,50,within_sampled_range,II,122,75.0,runs/yin_latest_vgg_20260927/transfer/results/r21vgg2k_vgg16_bn_aa5_s42/faces_rfwWM64/faces_rfwWM64/results.csv,II
bin5,VGG2k / bin5,r21vgg2k_vgg16_bn_aa5_s42,face_transfer,124,two_shared_ui,RFW WM64,Faces,0.37,0.39,50,within_sampled_range,II,123,87.5,runs/yin_latest_vgg_20260927/transfer/results/r21vgg2k_vgg16_bn_aa5_s42/faces_rfwWM64/faces_rfwWM64/results.csv,II
bin5,VGG2k / bin5,r21vgg2k_vgg16_bn_aa5_s42,face_transfer,124,two_shared_ui,RFW WM64,Faces,0.37,0.39,50,within_sampled_range,II,124,83.33333333333334,runs/yin_latest_vgg_20260927/transfer/results/r21vgg2k_vgg16_bn_aa5_s42/faces_rfwWM64/faces_rfwWM64/results.csv,II
bin5,VGG2k / bin5,r21vgg2k_vgg16_bn_aa5_s42,face_transfer,124,two_shared_ui,RFW WM64,Faces,0.37,0.39,50,within_sampled_range,II,125,79.16666666666666,runs/yin_latest_vgg_20260927/transfer/results/r21vgg2k_vgg16_bn_aa5_s42/faces_rfwWM64/faces_rfwWM64/results.csv,II
bin5,VGG2k / bin5,r21vgg2k_vgg16_bn_aa5_s42,face_transfer,124,two_shared_ui,RFW WM64,Faces,0.37,0.39,50,within_sampled_range,II,126,95.83333333333334,runs/yin_latest_vgg_20260927/transfer/results/r21vgg2k_vgg16_bn_aa5_s42/faces_rfwWM64/faces_rfwWM64/results.csv,II
bin5,VGG2k / bin5,r21vgg2k_vgg16_bn_aa5_s42,face_transfer,124,two_shared_ui,RFW WM64,Faces,0.37,0.39,50,within_sampled_range,II,127,79.16666666666666,runs/yin_latest_vgg_20260927/transfer/results/r21vgg2k_vgg16_bn_aa5_s42/faces_rfwWM64/faces_rfwWM64/results.csv,II
bin5,VGG2k / bin5,r21vgg2k_vgg16_bn_aa5_s42,face_transfer,124,two_shared_ui,RFW WM64,Faces,0.37,0.39,50,within_sampled_range,II,128,83.33333333333334,runs/yin_latest_vgg_20260927/transfer/results/r21vgg2k_vgg16_bn_aa5_s42/faces_rfwWM64/faces_rfwWM64/results.csv,II
bin5,VGG2k / bin5,r21vgg2k_vgg16_bn_aa5_s42,face_transfer,124,two_shared_ui,RFW WM64,Faces,0.37,0.39,50,within_sampled_range,II,129,70.83333333333334,runs/yin_latest_vgg_20260927/transfer/results/r21vgg2k_vgg16_bn_aa5_s42/faces_rfwWM64/faces_rfwWM64/results.csv,II
bin5,VGG2k / bin5,r21vgg2k_vgg16_bn_aa5_s42,face_transfer,124,two_shared_ui,RFW WM64,Faces,0.37,0.39,50,within_sampled_range,II,130,87.5,runs/yin_latest_vgg_20260927/transfer/results/r21vgg2k_vgg16_bn_aa5_s42/faces_rfwWM64/faces_rfwWM64/results.csv,II
bin5,VGG2k / bin5,r21vgg2k_vgg16_bn_aa5_s42,face_transfer,124,two_shared_ui,RFW WM64,Faces,0.37,0.39,50,within_sampled_range,II,131,75.0,runs/yin_latest_vgg_20260927/transfer/results/r21vgg2k_vgg16_bn_aa5_s42/faces_rfwWM64/faces_rfwWM64/results.csv,II
bin5,VGG2k / bin5,r21vgg2k_vgg16_bn_aa5_s42,face_transfer,124,two_shared_ui,RFW WM64,Faces,0.37,0.39,50,within_sampled_range,II,132,83.33333333333334,runs/yin_latest_vgg_20260927/transfer/results/r21vgg2k_vgg16_bn_aa5_s42/faces_rfwWM64/faces_rfwWM64/results.csv,II
bin5,VGG2k / bin5,r21vgg2k_vgg16_bn_aa5_s42,face_transfer,124,two_shared_ui,RFW WM64,Faces,0.37,0.39,50,within_sampled_range,II,133,83.33333333333334,runs/yin_latest_vgg_20260927/transfer/results/r21vgg2k_vgg16_bn_aa5_s42/faces_rfwWM64/faces_rfwWM64/results.csv,II
bin5,VGG2k / bin5,r21vgg2k_vgg16_bn_aa5_s42,face_transfer,124,two_shared_ui,RFW WM64,Faces,0.37,0.39,50,within_sampled_range,II,134,87.5,runs/yin_latest_vgg_20260927/transfer/results/r21vgg2k_vgg16_bn_aa5_s42/faces_rfwWM64/faces_rfwWM64/results.csv,II
bin5,VGG2k / bin5,r21vgg2k_vgg16_bn_aa5_s42,face_transfer,124,two_shared_ui,RFW WM64,Faces,0.37,0.39,50,within_sampled_range,II,135,75.0,runs/yin_latest_vgg_20260927/transfer/results/r21vgg2k_vgg16_bn_aa5_s42/faces_rfwWM64/faces_rfwWM64/results.csv,II
bin5,VGG2k / bin5,r21vgg2k_vgg16_bn_aa5_s42,face_transfer,124,two_shared_ui,RFW WM64,Faces,0.37,0.39,50,within_sampled_range,II,136,75.0,runs/yin_latest_vgg_20260927/transfer/results/r21vgg2k_vgg16_bn_aa5_s42/faces_rfwWM64/faces_rfwWM64/results.csv,II
bin5,VGG2k / bin5,r21vgg2k_vgg16_bn_aa5_s42,face_transfer,124,two_shared_ui,RFW WM64,Faces,0.37,0.39,50,within_sampled_range,II,137,91.66666666666666,runs/yin_latest_vgg_20260927/transfer/results/r21vgg2k_vgg16_bn_aa5_s42/faces_rfwWM64/faces_rfwWM64/results.csv,II
bin5,VGG2k / bin5,r21vgg2k_vgg16_bn_aa5_s42,face_transfer,124,two_shared_ui,RFW WM64,Faces,0.37,0.39,50,within_sampled_range,II,138,75.0,runs/yin_latest_vgg_20260927/transfer/results/r21vgg2k_vgg16_bn_aa5_s42/faces_rfwWM64/faces_rfwWM64/results.csv,II
bin5,VGG2k / bin5,r21vgg2k_vgg16_bn_aa5_s42,face_transfer,124,two_shared_ui,RFW WM64,Faces,0.37,0.39,50,within_sampled_range,II,139,75.0,runs/yin_latest_vgg_20260927/transfer/results/r21vgg2k_vgg16_bn_aa5_s42/faces_rfwWM64/faces_rfwWM64/results.csv,II
bin5,VGG2k / bin5,r21vgg2k_vgg16_bn_aa5_s42,face_transfer,124,two_shared_ui,RFW WM64,Faces,0.37,0.39,50,within_sampled_range,II,140,66.66666666666666,runs/yin_latest_vgg_20260927/transfer/results/r21vgg2k_vgg16_bn_aa5_s42/faces_rfwWM64/faces_rfwWM64/results.csv,II
bin5,VGG2k / bin5,r21vgg2k_vgg16_bn_aa5_s42,face_transfer,124,two_shared_ui,RFW WM64,Faces,0.37,0.39,50,within_sampled_range,II,141,83.33333333333334,runs/yin_latest_vgg_20260927/transfer/results/r21vgg2k_vgg16_bn_aa5_s42/faces_rfwWM64/faces_rfwWM64/results.csv,II
bin5,VGG2k / bin5,r21vgg2k_vgg16_bn_aa5_s42,face_transfer,124,two_shared_ui,RFW WM64,Faces,0.37,0.39,50,within_sampled_range,II,142,66.66666666666666,runs/yin_latest_vgg_20260927/transfer/results/r21vgg2k_vgg16_bn_aa5_s42/faces_rfwWM64/faces_rfwWM64/results.csv,II
bin5,VGG2k / bin5,r21vgg2k_vgg16_bn_aa5_s42,face_transfer,124,two_shared_ui,RFW WM64,Faces,0.37,0.39,50,within_sampled_range,II,143,79.16666666666666,runs/yin_latest_vgg_20260927/transfer/results/r21vgg2k_vgg16_bn_aa5_s42/faces_rfwWM64/faces_rfwWM64/results.csv,II
bin5,VGG2k / bin5,r21vgg2k_vgg16_bn_aa5_s42,face_transfer,124,two_shared_ui,RFW WM64,Faces,0.37,0.39,50,within_sampled_range,II,144,75.0,runs/yin_latest_vgg_20260927/transfer/results/r21vgg2k_vgg16_bn_aa5_s42/faces_rfwWM64/faces_rfwWM64/results.csv,II
bin5,VGG2k / bin5,r21vgg2k_vgg16_bn_aa5_s42,face_transfer,124,two_shared_ui,RFW WM64,Faces,0.37,0.39,50,within_sampled_range,II,145,70.83333333333334,runs/yin_latest_vgg_20260927/transfer/results/r21vgg2k_vgg16_bn_aa5_s42/faces_rfwWM64/faces_rfwWM64/results.csv,II
bin5,VGG2k / bin5,r21vgg2k_vgg16_bn_aa5_s42,face_transfer,124,two_shared_ui,RFW WM64,Faces,0.37,0.39,50,within_sampled_range,II,146,83.33333333333334,runs/yin_latest_vgg_20260927/transfer/results/r21vgg2k_vgg16_bn_aa5_s42/faces_rfwWM64/faces_rfwWM64/results.csv,II
bin5,VGG2k / bin5,r21vgg2k_vgg16_bn_aa5_s42,face_transfer,124,two_shared_ui,RFW WM64,Faces,0.37,0.39,50,within_sampled_range,II,147,91.66666666666666,runs/yin_latest_vgg_20260927/transfer/results/r21vgg2k_vgg16_bn_aa5_s42/faces_rfwWM64/faces_rfwWM64/results.csv,II
bin5,VGG2k / bin5,r21vgg2k_vgg16_bn_aa5_s42,face_transfer,124,two_shared_ui,RFW WM64,Faces,0.37,0.39,50,within_sampled_range,II,148,95.83333333333334,runs/yin_latest_vgg_20260927/transfer/results/r21vgg2k_vgg16_bn_aa5_s42/faces_rfwWM64/faces_rfwWM64/results.csv,II
bin5,VGG2k / bin5,r21vgg2k_vgg16_bn_aa5_s42,face_transfer,124,two_shared_ui,RFW WM64,Faces,0.37,0.39,50,within_sampled_range,II,149,83.33333333333334,runs/yin_latest_vgg_20260927/transfer/results/r21vgg2k_vgg16_bn_aa5_s42/faces_rfwWM64/faces_rfwWM64/results.csv,II
bin5,VGG2k / bin5,r21vgg2k_vgg16_bn_aa5_s42,face_transfer,124,two_shared_ui,RFW WM64,Faces,0.37,0.39,50,within_sampled_range,II,150,87.5,runs/yin_latest_vgg_20260927/transfer/results/r21vgg2k_vgg16_bn_aa5_s42/faces_rfwWM64/faces_rfwWM64/results.csv,II
bin5,VGG2k / bin5,r21vgg2k_vgg16_bn_aa5_s42,face_transfer,124,two_shared_ui,RFW WM64,Faces,0.37,0.39,50,within_sampled_range,UI,101,95.83333333333334,runs/yin_latest_vgg_20260927/transfer/results/r21vgg2k_vgg16_bn_aa5_s42/faces_rfwWM64/faces_rfwWM64/results.csv,UI_shared
bin5,VGG2k / bin5,r21vgg2k_vgg16_bn_aa5_s42,face_transfer,124,two_shared_ui,RFW WM64,Faces,0.37,0.39,50,within_sampled_range,UI,102,100.0,runs/yin_latest_vgg_20260927/transfer/results/r21vgg2k_vgg16_bn_aa5_s42/faces_rfwWM64/faces_rfwWM64/results.csv,UI_shared
bin5,VGG2k / bin5,r21vgg2k_vgg16_bn_aa5_s42,face_transfer,124,two_shared_ui,RFW WM64,Faces,0.37,0.39,50,within_sampled_range,UI,103,79.16666666666666,runs/yin_latest_vgg_20260927/transfer/results/r21vgg2k_vgg16_bn_aa5_s42/faces_rfwWM64/faces_rfwWM64/results.csv,UI_shared
bin5,VGG2k / bin5,r21vgg2k_vgg16_bn_aa5_s42,face_transfer,124,two_shared_ui,RFW WM64,Faces,0.37,0.39,50,within_sampled_range,UI,104,91.66666666666666,runs/yin_latest_vgg_20260927/transfer/results/r21vgg2k_vgg16_bn_aa5_s42/faces_rfwWM64/faces_rfwWM64/results.csv,UI_shared
bin5,VGG2k / bin5,r21vgg2k_vgg16_bn_aa5_s42,face_transfer,124,two_shared_ui,RFW WM64,Faces,0.37,0.39,50,within_sampled_range,UI,105,95.83333333333334,runs/yin_latest_vgg_20260927/transfer/results/r21vgg2k_vgg16_bn_aa5_s42/faces_rfwWM64/faces_rfwWM64/results.csv,UI_shared
bin5,VGG2k / bin5,r21vgg2k_vgg16_bn_aa5_s42,face_transfer,124,two_shared_ui,RFW WM64,Faces,0.37,0.39,50,within_sampled_range,UI,106,95.83333333333334,runs/yin_latest_vgg_20260927/transfer/results/r21vgg2k_vgg16_bn_aa5_s42/faces_rfwWM64/faces_rfwWM64/results.csv,UI_shared
bin5,VGG2k / bin5,r21vgg2k_vgg16_bn_aa5_s42,face_transfer,124,two_shared_ui,RFW WM64,Faces,0.37,0.39,50,within_sampled_range,UI,107,95.83333333333334,runs/yin_latest_vgg_20260927/transfer/results/r21vgg2k_vgg16_bn_aa5_s42/faces_rfwWM64/faces_rfwWM64/results.csv,UI_shared
bin5,VGG2k / bin5,r21vgg2k_vgg16_bn_aa5_s42,face_transfer,124,two_shared_ui,RFW WM64,Faces,0.37,0.39,50,within_sampled_range,UI,108,100.0,runs/yin_latest_vgg_20260927/transfer/results/r21vgg2k_vgg16_bn_aa5_s42/faces_rfwWM64/faces_rfwWM64/results.csv,UI_shared
bin5,VGG2k / bin5,r21vgg2k_vgg16_bn_aa5_s42,face_transfer,124,two_shared_ui,RFW WM64,Faces,0.37,0.39,50,within_sampled_range,UI,109,91.66666666666666,runs/yin_latest_vgg_20260927/transfer/results/r21vgg2k_vgg16_bn_aa5_s42/faces_rfwWM64/faces_rfwWM64/results.csv,UI_shared
bin5,VGG2k / bin5,r21vgg2k_vgg16_bn_aa5_s42,face_transfer,124,two_shared_ui,RFW WM64,Faces,0.37,0.39,50,within_sampled_range,UI,110,91.66666666666666,runs/yin_latest_vgg_20260927/transfer/results/r21vgg2k_vgg16_bn_aa5_s42/faces_rfwWM64/faces_rfwWM64/results.csv,UI_shared
bin5,VGG2k / bin5,r21vgg2k_vgg16_bn_aa5_s42,face_transfer,124,two_shared_ui,RFW WM64,Faces,0.37,0.39,50,within_sampled_range,UI,111,79.16666666666666,runs/yin_latest_vgg_20260927/transfer/results/r21vgg2k_vgg16_bn_aa5_s42/faces_rfwWM64/faces_rfwWM64/results.csv,UI_shared
bin5,VGG2k / bin5,r21vgg2k_vgg16_bn_aa5_s42,face_transfer,124,two_shared_ui,RFW WM64,Faces,0.37,0.39,50,within_sampled_range,UI,112,79.16666666666666,runs/yin_latest_vgg_20260927/transfer/results/r21vgg2k_vgg16_bn_aa5_s42/faces_rfwWM64/faces_rfwWM64/results.csv,UI_shared
bin5,VGG2k / bin5,r21vgg2k_vgg16_bn_aa5_s42,face_transfer,124,two_shared_ui,RFW WM64,Faces,0.37,0.39,50,within_sampled_range,UI,113,83.33333333333334,runs/yin_latest_vgg_20260927/transfer/results/r21vgg2k_vgg16_bn_aa5_s42/faces_rfwWM64/faces_rfwWM64/results.csv,UI_shared
bin5,VGG2k / bin5,r21vgg2k_vgg16_bn_aa5_s42,face_transfer,124,two_shared_ui,RFW WM64,Faces,0.37,0.39,50,within_sampled_range,UI,114,79.16666666666666,runs/yin_latest_vgg_20260927/transfer/results/r21vgg2k_vgg16_bn_aa5_s42/faces_rfwWM64/faces_rfwWM64/results.csv,UI_shared
bin5,VGG2k / bin5,r21vgg2k_vgg16_bn_aa5_s42,face_transfer,124,two_shared_ui,RFW WM64,Faces,0.37,0.39,50,within_sampled_range,UI,115,91.66666666666666,runs/yin_latest_vgg_20260927/transfer/results/r21vgg2k_vgg16_bn_aa5_s42/faces_rfwWM64/faces_rfwWM64/results.csv,UI_shared
bin5,VGG2k / bin5,r21vgg2k_vgg16_bn_aa5_s42,face_transfer,124,two_shared_ui,RFW WM64,Faces,0.37,0.39,50,within_sampled_range,UI,116,87.5,runs/yin_latest_vgg_20260927/transfer/results/r21vgg2k_vgg16_bn_aa5_s42/faces_rfwWM64/faces_rfwWM64/results.csv,UI_shared
bin5,VGG2k / bin5,r21vgg2k_vgg16_bn_aa5_s42,face_transfer,124,two_shared_ui,RFW WM64,Faces,0.37,0.39,50,within_sampled_range,UI,117,87.5,runs/yin_latest_vgg_20260927/transfer/results/r21vgg2k_vgg16_bn_aa5_s42/faces_rfwWM64/faces_rfwWM64/results.csv,UI_shared
bin5,VGG2k / bin5,r21vgg2k_vgg16_bn_aa5_s42,face_transfer,124,two_shared_ui,RFW WM64,Faces,0.37,0.39,50,within_sampled_range,UI,118,95.83333333333334,runs/yin_latest_vgg_20260927/transfer/results/r21vgg2k_vgg16_bn_aa5_s42/faces_rfwWM64/faces_rfwWM64/results.csv,UI_shared
bin5,VGG2k / bin5,r21vgg2k_vgg16_bn_aa5_s42,face_transfer,124,two_shared_ui,RFW WM64,Faces,0.37,0.39,50,within_sampled_range,UI,119,95.83333333333334,runs/yin_latest_vgg_20260927/transfer/results/r21vgg2k_vgg16_bn_aa5_s42/faces_rfwWM64/faces_rfwWM64/results.csv,UI_shared
bin5,VGG2k / bin5,r21vgg2k_vgg16_bn_aa5_s42,face_transfer,124,two_shared_ui,RFW WM64,Faces,0.37,0.39,50,within_sampled_range,UI,120,95.83333333333334,runs/yin_latest_vgg_20260927/transfer/results/r21vgg2k_vgg16_bn_aa5_s42/faces_rfwWM64/faces_rfwWM64/results.csv,UI_shared
bin5,VGG2k / bin5,r21vgg2k_vgg16_bn_aa5_s42,face_transfer,124,two_shared_ui,RFW WM64,Faces,0.37,0.39,50,within_sampled_range,UI,121,95.83333333333334,runs/yin_latest_vgg_20260927/transfer/results/r21vgg2k_vgg16_bn_aa5_s42/faces_rfwWM64/faces_rfwWM64/results.csv,UI_shared
bin5,VGG2k / bin5,r21vgg2k_vgg16_bn_aa5_s42,face_transfer,124,two_shared_ui,RFW WM64,Faces,0.37,0.39,50,within_sampled_range,UI,122,91.66666666666666,runs/yin_latest_vgg_20260927/transfer/results/r21vgg2k_vgg16_bn_aa5_s42/faces_rfwWM64/faces_rfwWM64/results.csv,UI_shared
bin5,VGG2k / bin5,r21vgg2k_vgg16_bn_aa5_s42,face_transfer,124,two_shared_ui,RFW WM64,Faces,0.37,0.39,50,within_sampled_range,UI,123,87.5,runs/yin_latest_vgg_20260927/transfer/results/r21vgg2k_vgg16_bn_aa5_s42/faces_rfwWM64/faces_rfwWM64/results.csv,UI_shared
bin5,VGG2k / bin5,r21vgg2k_vgg16_bn_aa5_s42,face_transfer,124,two_shared_ui,RFW WM64,Faces,0.37,0.39,50,within_sampled_range,UI,124,91.66666666666666,runs/yin_latest_vgg_20260927/transfer/results/r21vgg2k_vgg16_bn_aa5_s42/faces_rfwWM64/faces_rfwWM64/results.csv,UI_shared
bin5,VGG2k / bin5,r21vgg2k_vgg16_bn_aa5_s42,face_transfer,124,two_shared_ui,RFW WM64,Faces,0.37,0.39,50,within_sampled_range,UI,125,75.0,runs/yin_latest_vgg_20260927/transfer/results/r21vgg2k_vgg16_bn_aa5_s42/faces_rfwWM64/faces_rfwWM64/results.csv,UI_shared
bin5,VGG2k / bin5,r21vgg2k_vgg16_bn_aa5_s42,face_transfer,124,two_shared_ui,RFW WM64,Faces,0.37,0.39,50,within_sampled_range,UI,126,95.83333333333334,runs/yin_latest_vgg_20260927/transfer/results/r21vgg2k_vgg16_bn_aa5_s42/faces_rfwWM64/faces_rfwWM64/results.csv,UI_shared
bin5,VGG2k / bin5,r21vgg2k_vgg16_bn_aa5_s42,face_transfer,124,two_shared_ui,RFW WM64,Faces,0.37,0.39,50,within_sampled_range,UI,127,79.16666666666666,runs/yin_latest_vgg_20260927/transfer/results/r21vgg2k_vgg16_bn_aa5_s42/faces_rfwWM64/faces_rfwWM64/results.csv,UI_shared
bin5,VGG2k / bin5,r21vgg2k_vgg16_bn_aa5_s42,face_transfer,124,two_shared_ui,RFW WM64,Faces,0.37,0.39,50,within_sampled_range,UI,128,100.0,runs/yin_latest_vgg_20260927/transfer/results/r21vgg2k_vgg16_bn_aa5_s42/faces_rfwWM64/faces_rfwWM64/results.csv,UI_shared
bin5,VGG2k / bin5,r21vgg2k_vgg16_bn_aa5_s42,face_transfer,124,two_shared_ui,RFW WM64,Faces,0.37,0.39,50,within_sampled_range,UI,129,91.66666666666666,runs/yin_latest_vgg_20260927/transfer/results/r21vgg2k_vgg16_bn_aa5_s42/faces_rfwWM64/faces_rfwWM64/results.csv,UI_shared
bin5,VGG2k / bin5,r21vgg2k_vgg16_bn_aa5_s42,face_transfer,124,two_shared_ui,RFW WM64,Faces,0.37,0.39,50,within_sampled_range,UI,130,100.0,runs/yin_latest_vgg_20260927/transfer/results/r21vgg2k_vgg16_bn_aa5_s42/faces_rfwWM64/faces_rfwWM64/results.csv,UI_shared
bin5,VGG2k / bin5,r21vgg2k_vgg16_bn_aa5_s42,face_transfer,124,two_shared_ui,RFW WM64,Faces,0.37,0.39,50,within_sampled_range,UI,131,87.5,runs/yin_latest_vgg_20260927/transfer/results/r21vgg2k_vgg16_bn_aa5_s42/faces_rfwWM64/faces_rfwWM64/results.csv,UI_shared
bin5,VGG2k / bin5,r21vgg2k_vgg16_bn_aa5_s42,face_transfer,124,two_shared_ui,RFW WM64,Faces,0.37,0.39,50,within_sampled_range,UI,132,87.5,runs/yin_latest_vgg_20260927/transfer/results/r21vgg2k_vgg16_bn_aa5_s42/faces_rfwWM64/faces_rfwWM64/results.csv,UI_shared
bin5,VGG2k / bin5,r21vgg2k_vgg16_bn_aa5_s42,face_transfer,124,two_shared_ui,RFW WM64,Faces,0.37,0.39,50,within_sampled_range,UI,133,87.5,runs/yin_latest_vgg_20260927/transfer/results/r21vgg2k_vgg16_bn_aa5_s42/faces_rfwWM64/faces_rfwWM64/results.csv,UI_shared
bin5,VGG2k / bin5,r21vgg2k_vgg16_bn_aa5_s42,face_transfer,124,two_shared_ui,RFW WM64,Faces,0.37,0.39,50,within_sampled_range,UI,134,91.66666666666666,runs/yin_latest_vgg_20260927/transfer/results/r21vgg2k_vgg16_bn_aa5_s42/faces_rfwWM64/faces_rfwWM64/results.csv,UI_shared
bin5,VGG2k / bin5,r21vgg2k_vgg16_bn_aa5_s42,face_transfer,124,two_shared_ui,RFW WM64,Faces,0.37,0.39,50,within_sampled_range,UI,135,91.66666666666666,runs/yin_latest_vgg_20260927/transfer/results/r21vgg2k_vgg16_bn_aa5_s42/faces_rfwWM64/faces_rfwWM64/results.csv,UI_shared
bin5,VGG2k / bin5,r21vgg2k_vgg16_bn_aa5_s42,face_transfer,124,two_shared_ui,RFW WM64,Faces,0.37,0.39,50,within_sampled_range,UI,136,87.5,runs/yin_latest_vgg_20260927/transfer/results/r21vgg2k_vgg16_bn_aa5_s42/faces_rfwWM64/faces_rfwWM64/results.csv,UI_shared
bin5,VGG2k / bin5,r21vgg2k_vgg16_bn_aa5_s42,face_transfer,124,two_shared_ui,RFW WM64,Faces,0.37,0.39,50,within_sampled_range,UI,137,95.83333333333334,runs/yin_latest_vgg_20260927/transfer/results/r21vgg2k_vgg16_bn_aa5_s42/faces_rfwWM64/faces_rfwWM64/results.csv,UI_shared
bin5,VGG2k / bin5,r21vgg2k_vgg16_bn_aa5_s42,face_transfer,124,two_shared_ui,RFW WM64,Faces,0.37,0.39,50,within_sampled_range,UI,138,95.83333333333334,runs/yin_latest_vgg_20260927/transfer/results/r21vgg2k_vgg16_bn_aa5_s42/faces_rfwWM64/faces_rfwWM64/results.csv,UI_shared
bin5,VGG2k / bin5,r21vgg2k_vgg16_bn_aa5_s42,face_transfer,124,two_shared_ui,RFW WM64,Faces,0.37,0.39,50,within_sampled_range,UI,139,87.5,runs/yin_latest_vgg_20260927/transfer/results/r21vgg2k_vgg16_bn_aa5_s42/faces_rfwWM64/faces_rfwWM64/results.csv,UI_shared
bin5,VGG2k / bin5,r21vgg2k_vgg16_bn_aa5_s42,face_transfer,124,two_shared_ui,RFW WM64,Faces,0.37,0.39,50,within_sampled_range,UI,140,79.16666666666666,runs/yin_latest_vgg_20260927/transfer/results/r21vgg2k_vgg16_bn_aa5_s42/faces_rfwWM64/faces_rfwWM64/results.csv,UI_shared
bin5,VGG2k / bin5,r21vgg2k_vgg16_bn_aa5_s42,face_transfer,124,two_shared_ui,RFW WM64,Faces,0.37,0.39,50,within_sampled_range,UI,141,95.83333333333334,runs/yin_latest_vgg_20260927/transfer/results/r21vgg2k_vgg16_bn_aa5_s42/faces_rfwWM64/faces_rfwWM64/results.csv,UI_shared
bin5,VGG2k / bin5,r21vgg2k_vgg16_bn_aa5_s42,face_transfer,124,two_shared_ui,RFW WM64,Faces,0.37,0.39,50,within_sampled_range,UI,142,95.83333333333334,runs/yin_latest_vgg_20260927/transfer/results/r21vgg2k_vgg16_bn_aa5_s42/faces_rfwWM64/faces_rfwWM64/results.csv,UI_shared
bin5,VGG2k / bin5,r21vgg2k_vgg16_bn_aa5_s42,face_transfer,124,two_shared_ui,RFW WM64,Faces,0.37,0.39,50,within_sampled_range,UI,143,91.66666666666666,runs/yin_latest_vgg_20260927/transfer/results/r21vgg2k_vgg16_bn_aa5_s42/faces_rfwWM64/faces_rfwWM64/results.csv,UI_shared
bin5,VGG2k / bin5,r21vgg2k_vgg16_bn_aa5_s42,face_transfer,124,two_shared_ui,RFW WM64,Faces,0.37,0.39,50,within_sampled_range,UI,144,79.16666666666666,runs/yin_latest_vgg_20260927/transfer/results/r21vgg2k_vgg16_bn_aa5_s42/faces_rfwWM64/faces_rfwWM64/results.csv,UI_shared
bin5,VGG2k / bin5,r21vgg2k_vgg16_bn_aa5_s42,face_transfer,124,two_shared_ui,RFW WM64,Faces,0.37,0.39,50,within_sampled_range,UI,145,87.5,runs/yin_latest_vgg_20260927/transfer/results/r21vgg2k_vgg16_bn_aa5_s42/faces_rfwWM64/faces_rfwWM64/results.csv,UI_shared
bin5,VGG2k / bin5,r21vgg2k_vgg16_bn_aa5_s42,face_transfer,124,two_shared_ui,RFW WM64,Faces,0.37,0.39,50,within_sampled_range,UI,146,100.0,runs/yin_latest_vgg_20260927/transfer/results/r21vgg2k_vgg16_bn_aa5_s42/faces_rfwWM64/faces_rfwWM64/results.csv,UI_shared
bin5,VGG2k / bin5,r21vgg2k_vgg16_bn_aa5_s42,face_transfer,124,two_shared_ui,RFW WM64,Faces,0.37,0.39,50,within_sampled_range,UI,147,100.0,runs/yin_latest_vgg_20260927/transfer/results/r21vgg2k_vgg16_bn_aa5_s42/faces_rfwWM64/faces_rfwWM64/results.csv,UI_shared
bin5,VGG2k / bin5,r21vgg2k_vgg16_bn_aa5_s42,face_transfer,124,two_shared_ui,RFW WM64,Faces,0.37,0.39,50,within_sampled_range,UI,148,95.83333333333334,runs/yin_latest_vgg_20260927/transfer/results/r21vgg2k_vgg16_bn_aa5_s42/faces_rfwWM64/faces_rfwWM64/results.csv,UI_shared
bin5,VGG2k / bin5,r21vgg2k_vgg16_bn_aa5_s42,face_transfer,124,two_shared_ui,RFW WM64,Faces,0.37,0.39,50,within_sampled_range,UI,149,95.83333333333334,runs/yin_latest_vgg_20260927/transfer/results/r21vgg2k_vgg16_bn_aa5_s42/faces_rfwWM64/faces_rfwWM64/results.csv,UI_shared
bin5,VGG2k / bin5,r21vgg2k_vgg16_bn_aa5_s42,face_transfer,124,two_shared_ui,RFW WM64,Faces,0.37,0.39,50,within_sampled_range,UI,150,95.83333333333334,runs/yin_latest_vgg_20260927/transfer/results/r21vgg2k_vgg16_bn_aa5_s42/faces_rfwWM64/faces_rfwWM64/results.csv,UI_shared
bin5,VGG2k / bin5,r21vgg2k_vgg16_bn_aa5_s42,face_transfer,124,two_shared_ui,RFW WM64,Faces,0.37,0.39,50,within_sampled_range,IU,101,91.66666666666666,runs/yin_latest_vgg_20260927/transfer/results/r21vgg2k_vgg16_bn_aa5_s42/faces_rfwWM64/faces_rfwWM64/results.csv,IU
bin5,VGG2k / bin5,r21vgg2k_vgg16_bn_aa5_s42,face_transfer,124,two_shared_ui,RFW WM64,Faces,0.37,0.39,50,within_sampled_range,IU,102,83.33333333333334,runs/yin_latest_vgg_20260927/transfer/results/r21vgg2k_vgg16_bn_aa5_s42/faces_rfwWM64/faces_rfwWM64/results.csv,IU
bin5,VGG2k / bin5,r21vgg2k_vgg16_bn_aa5_s42,face_transfer,124,two_shared_ui,RFW WM64,Faces,0.37,0.39,50,within_sampled_range,IU,103,91.66666666666666,runs/yin_latest_vgg_20260927/transfer/results/r21vgg2k_vgg16_bn_aa5_s42/faces_rfwWM64/faces_rfwWM64/results.csv,IU
bin5,VGG2k / bin5,r21vgg2k_vgg16_bn_aa5_s42,face_transfer,124,two_shared_ui,RFW WM64,Faces,0.37,0.39,50,within_sampled_range,IU,104,91.66666666666666,runs/yin_latest_vgg_20260927/transfer/results/r21vgg2k_vgg16_bn_aa5_s42/faces_rfwWM64/faces_rfwWM64/results.csv,IU
bin5,VGG2k / bin5,r21vgg2k_vgg16_bn_aa5_s42,face_transfer,124,two_shared_ui,RFW WM64,Faces,0.37,0.39,50,within_sampled_range,IU,105,70.83333333333334,runs/yin_latest_vgg_20260927/transfer/results/r21vgg2k_vgg16_bn_aa5_s42/faces_rfwWM64/faces_rfwWM64/results.csv,IU
bin5,VGG2k / bin5,r21vgg2k_vgg16_bn_aa5_s42,face_transfer,124,two_shared_ui,RFW WM64,Faces,0.37,0.39,50,within_sampled_range,IU,106,66.66666666666666,runs/yin_latest_vgg_20260927/transfer/results/r21vgg2k_vgg16_bn_aa5_s42/faces_rfwWM64/faces_rfwWM64/results.csv,IU
bin5,VGG2k / bin5,r21vgg2k_vgg16_bn_aa5_s42,face_transfer,124,two_shared_ui,RFW WM64,Faces,0.37,0.39,50,within_sampled_range,IU,107,79.16666666666666,runs/yin_latest_vgg_20260927/transfer/results/r21vgg2k_vgg16_bn_aa5_s42/faces_rfwWM64/faces_rfwWM64/results.csv,IU
bin5,VGG2k / bin5,r21vgg2k_vgg16_bn_aa5_s42,face_transfer,124,two_shared_ui,RFW WM64,Faces,0.37,0.39,50,within_sampled_range,IU,108,79.16666666666666,runs/yin_latest_vgg_20260927/transfer/results/r21vgg2k_vgg16_bn_aa5_s42/faces_rfwWM64/faces_rfwWM64/results.csv,IU
bin5,VGG2k / bin5,r21vgg2k_vgg16_bn_aa5_s42,face_transfer,124,two_shared_ui,RFW WM64,Faces,0.37,0.39,50,within_sampled_range,IU,109,79.16666666666666,runs/yin_latest_vgg_20260927/transfer/results/r21vgg2k_vgg16_bn_aa5_s42/faces_rfwWM64/faces_rfwWM64/results.csv,IU
bin5,VGG2k / bin5,r21vgg2k_vgg16_bn_aa5_s42,face_transfer,124,two_shared_ui,RFW WM64,Faces,0.37,0.39,50,within_sampled_range,IU,110,100.0,runs/yin_latest_vgg_20260927/transfer/results/r21vgg2k_vgg16_bn_aa5_s42/faces_rfwWM64/faces_rfwWM64/results.csv,IU
bin5,VGG2k / bin5,r21vgg2k_vgg16_bn_aa5_s42,face_transfer,124,two_shared_ui,RFW WM64,Faces,0.37,0.39,50,within_sampled_range,IU,111,58.333333333333336,runs/yin_latest_vgg_20260927/transfer/results/r21vgg2k_vgg16_bn_aa5_s42/faces_rfwWM64/faces_rfwWM64/results.csv,IU
bin5,VGG2k / bin5,r21vgg2k_vgg16_bn_aa5_s42,face_transfer,124,two_shared_ui,RFW WM64,Faces,0.37,0.39,50,within_sampled_range,IU,112,83.33333333333334,runs/yin_latest_vgg_20260927/transfer/results/r21vgg2k_vgg16_bn_aa5_s42/faces_rfwWM64/faces_rfwWM64/results.csv,IU
bin5,VGG2k / bin5,r21vgg2k_vgg16_bn_aa5_s42,face_transfer,124,two_shared_ui,RFW WM64,Faces,0.37,0.39,50,within_sampled_range,IU,113,79.16666666666666,runs/yin_latest_vgg_20260927/transfer/results/r21vgg2k_vgg16_bn_aa5_s42/faces_rfwWM64/faces_rfwWM64/results.csv,IU
bin5,VGG2k / bin5,r21vgg2k_vgg16_bn_aa5_s42,face_transfer,124,two_shared_ui,RFW WM64,Faces,0.37,0.39,50,within_sampled_range,IU,114,83.33333333333334,runs/yin_latest_vgg_20260927/transfer/results/r21vgg2k_vgg16_bn_aa5_s42/faces_rfwWM64/faces_rfwWM64/results.csv,IU
bin5,VGG2k / bin5,r21vgg2k_vgg16_bn_aa5_s42,face_transfer,124,two_shared_ui,RFW WM64,Faces,0.37,0.39,50,within_sampled_range,IU,115,79.16666666666666,runs/yin_latest_vgg_20260927/transfer/results/r21vgg2k_vgg16_bn_aa5_s42/faces_rfwWM64/faces_rfwWM64/results.csv,IU
bin5,VGG2k / bin5,r21vgg2k_vgg16_bn_aa5_s42,face_transfer,124,two_shared_ui,RFW WM64,Faces,0.37,0.39,50,within_sampled_range,IU,116,91.66666666666666,runs/yin_latest_vgg_20260927/transfer/results/r21vgg2k_vgg16_bn_aa5_s42/faces_rfwWM64/faces_rfwWM64/results.csv,IU
bin5,VGG2k / bin5,r21vgg2k_vgg16_bn_aa5_s42,face_transfer,124,two_shared_ui,RFW WM64,Faces,0.37,0.39,50,within_sampled_range,IU,117,83.33333333333334,runs/yin_latest_vgg_20260927/transfer/results/r21vgg2k_vgg16_bn_aa5_s42/faces_rfwWM64/faces_rfwWM64/results.csv,IU
bin5,VGG2k / bin5,r21vgg2k_vgg16_bn_aa5_s42,face_transfer,124,two_shared_ui,RFW WM64,Faces,0.37,0.39,50,within_sampled_range,IU,118,91.66666666666666,runs/yin_latest_vgg_20260927/transfer/results/r21vgg2k_vgg16_bn_aa5_s42/faces_rfwWM64/faces_rfwWM64/results.csv,IU
bin5,VGG2k / bin5,r21vgg2k_vgg16_bn_aa5_s42,face_transfer,124,two_shared_ui,RFW WM64,Faces,0.37,0.39,50,within_sampled_range,IU,119,83.33333333333334,runs/yin_latest_vgg_20260927/transfer/results/r21vgg2k_vgg16_bn_aa5_s42/faces_rfwWM64/faces_rfwWM64/results.csv,IU
bin5,VGG2k / bin5,r21vgg2k_vgg16_bn_aa5_s42,face_transfer,124,two_shared_ui,RFW WM64,Faces,0.37,0.39,50,within_sampled_range,IU,120,87.5,runs/yin_latest_vgg_20260927/transfer/results/r21vgg2k_vgg16_bn_aa5_s42/faces_rfwWM64/faces_rfwWM64/results.csv,IU
bin5,VGG2k / bin5,r21vgg2k_vgg16_bn_aa5_s42,face_transfer,124,two_shared_ui,RFW WM64,Faces,0.37,0.39,50,within_sampled_range,IU,121,83.33333333333334,runs/yin_latest_vgg_20260927/transfer/results/r21vgg2k_vgg16_bn_aa5_s42/faces_rfwWM64/faces_rfwWM64/results.csv,IU
bin5,VGG2k / bin5,r21vgg2k_vgg16_bn_aa5_s42,face_transfer,124,two_shared_ui,RFW WM64,Faces,0.37,0.39,50,within_sampled_range,IU,122,91.66666666666666,runs/yin_latest_vgg_20260927/transfer/results/r21vgg2k_vgg16_bn_aa5_s42/faces_rfwWM64/faces_rfwWM64/results.csv,IU
bin5,VGG2k / bin5,r21vgg2k_vgg16_bn_aa5_s42,face_transfer,124,two_shared_ui,RFW WM64,Faces,0.37,0.39,50,within_sampled_range,IU,123,83.33333333333334,runs/yin_latest_vgg_20260927/transfer/results/r21vgg2k_vgg16_bn_aa5_s42/faces_rfwWM64/faces_rfwWM64/results.csv,IU
bin5,VGG2k / bin5,r21vgg2k_vgg16_bn_aa5_s42,face_transfer,124,two_shared_ui,RFW WM64,Faces,0.37,0.39,50,within_sampled_range,IU,124,75.0,runs/yin_latest_vgg_20260927/transfer/results/r21vgg2k_vgg16_bn_aa5_s42/faces_rfwWM64/faces_rfwWM64/results.csv,IU
bin5,VGG2k / bin5,r21vgg2k_vgg16_bn_aa5_s42,face_transfer,124,two_shared_ui,RFW WM64,Faces,0.37,0.39,50,within_sampled_range,IU,125,79.16666666666666,runs/yin_latest_vgg_20260927/transfer/results/r21vgg2k_vgg16_bn_aa5_s42/faces_rfwWM64/faces_rfwWM64/results.csv,IU
bin5,VGG2k / bin5,r21vgg2k_vgg16_bn_aa5_s42,face_transfer,124,two_shared_ui,RFW WM64,Faces,0.37,0.39,50,within_sampled_range,IU,126,95.83333333333334,runs/yin_latest_vgg_20260927/transfer/results/r21vgg2k_vgg16_bn_aa5_s42/faces_rfwWM64/faces_rfwWM64/results.csv,IU
bin5,VGG2k / bin5,r21vgg2k_vgg16_bn_aa5_s42,face_transfer,124,two_shared_ui,RFW WM64,Faces,0.37,0.39,50,within_sampled_range,IU,127,83.33333333333334,runs/yin_latest_vgg_20260927/transfer/results/r21vgg2k_vgg16_bn_aa5_s42/faces_rfwWM64/faces_rfwWM64/results.csv,IU
bin5,VGG2k / bin5,r21vgg2k_vgg16_bn_aa5_s42,face_transfer,124,two_shared_ui,RFW WM64,Faces,0.37,0.39,50,within_sampled_range,IU,128,87.5,runs/yin_latest_vgg_20260927/transfer/results/r21vgg2k_vgg16_bn_aa5_s42/faces_rfwWM64/faces_rfwWM64/results.csv,IU
bin5,VGG2k / bin5,r21vgg2k_vgg16_bn_aa5_s42,face_transfer,124,two_shared_ui,RFW WM64,Faces,0.37,0.39,50,within_sampled_range,IU,129,75.0,runs/yin_latest_vgg_20260927/transfer/results/r21vgg2k_vgg16_bn_aa5_s42/faces_rfwWM64/faces_rfwWM64/results.csv,IU
bin5,VGG2k / bin5,r21vgg2k_vgg16_bn_aa5_s42,face_transfer,124,two_shared_ui,RFW WM64,Faces,0.37,0.39,50,within_sampled_range,IU,130,91.66666666666666,runs/yin_latest_vgg_20260927/transfer/results/r21vgg2k_vgg16_bn_aa5_s42/faces_rfwWM64/faces_rfwWM64/results.csv,IU
bin5,VGG2k / bin5,r21vgg2k_vgg16_bn_aa5_s42,face_transfer,124,two_shared_ui,RFW WM64,Faces,0.37,0.39,50,within_sampled_range,IU,131,83.33333333333334,runs/yin_latest_vgg_20260927/transfer/results/r21vgg2k_vgg16_bn_aa5_s42/faces_rfwWM64/faces_rfwWM64/results.csv,IU
bin5,VGG2k / bin5,r21vgg2k_vgg16_bn_aa5_s42,face_transfer,124,two_shared_ui,RFW WM64,Faces,0.37,0.39,50,within_sampled_range,IU,132,83.33333333333334,runs/yin_latest_vgg_20260927/transfer/results/r21vgg2k_vgg16_bn_aa5_s42/faces_rfwWM64/faces_rfwWM64/results.csv,IU
bin5,VGG2k / bin5,r21vgg2k_vgg16_bn_aa5_s42,face_transfer,124,two_shared_ui,RFW WM64,Faces,0.37,0.39,50,within_sampled_range,IU,133,87.5,runs/yin_latest_vgg_20260927/transfer/results/r21vgg2k_vgg16_bn_aa5_s42/faces_rfwWM64/faces_rfwWM64/results.csv,IU
bin5,VGG2k / bin5,r21vgg2k_vgg16_bn_aa5_s42,face_transfer,124,two_shared_ui,RFW WM64,Faces,0.37,0.39,50,within_sampled_range,IU,134,87.5,runs/yin_latest_vgg_20260927/transfer/results/r21vgg2k_vgg16_bn_aa5_s42/faces_rfwWM64/faces_rfwWM64/results.csv,IU
bin5,VGG2k / bin5,r21vgg2k_vgg16_bn_aa5_s42,face_transfer,124,two_shared_ui,RFW WM64,Faces,0.37,0.39,50,within_sampled_range,IU,135,79.16666666666666,runs/yin_latest_vgg_20260927/transfer/results/r21vgg2k_vgg16_bn_aa5_s42/faces_rfwWM64/faces_rfwWM64/results.csv,IU
bin5,VGG2k / bin5,r21vgg2k_vgg16_bn_aa5_s42,face_transfer,124,two_shared_ui,RFW WM64,Faces,0.37,0.39,50,within_sampled_range,IU,136,79.16666666666666,runs/yin_latest_vgg_20260927/transfer/results/r21vgg2k_vgg16_bn_aa5_s42/faces_rfwWM64/faces_rfwWM64/results.csv,IU
bin5,VGG2k / bin5,r21vgg2k_vgg16_bn_aa5_s42,face_transfer,124,two_shared_ui,RFW WM64,Faces,0.37,0.39,50,within_sampled_range,IU,137,75.0,runs/yin_latest_vgg_20260927/transfer/results/r21vgg2k_vgg16_bn_aa5_s42/faces_rfwWM64/faces_rfwWM64/results.csv,IU
bin5,VGG2k / bin5,r21vgg2k_vgg16_bn_aa5_s42,face_transfer,124,two_shared_ui,RFW WM64,Faces,0.37,0.39,50,within_sampled_range,IU,138,87.5,runs/yin_latest_vgg_20260927/transfer/results/r21vgg2k_vgg16_bn_aa5_s42/faces_rfwWM64/faces_rfwWM64/results.csv,IU
bin5,VGG2k / bin5,r21vgg2k_vgg16_bn_aa5_s42,face_transfer,124,two_shared_ui,RFW WM64,Faces,0.37,0.39,50,within_sampled_range,IU,139,79.16666666666666,runs/yin_latest_vgg_20260927/transfer/results/r21vgg2k_vgg16_bn_aa5_s42/faces_rfwWM64/faces_rfwWM64/results.csv,IU
bin5,VGG2k / bin5,r21vgg2k_vgg16_bn_aa5_s42,face_transfer,124,two_shared_ui,RFW WM64,Faces,0.37,0.39,50,within_sampled_range,IU,140,75.0,runs/yin_latest_vgg_20260927/transfer/results/r21vgg2k_vgg16_bn_aa5_s42/faces_rfwWM64/faces_rfwWM64/results.csv,IU
bin5,VGG2k / bin5,r21vgg2k_vgg16_bn_aa5_s42,face_transfer,124,two_shared_ui,RFW WM64,Faces,0.37,0.39,50,within_sampled_range,IU,141,83.33333333333334,runs/yin_latest_vgg_20260927/transfer/results/r21vgg2k_vgg16_bn_aa5_s42/faces_rfwWM64/faces_rfwWM64/results.csv,IU
bin5,VGG2k / bin5,r21vgg2k_vgg16_bn_aa5_s42,face_transfer,124,two_shared_ui,RFW WM64,Faces,0.37,0.39,50,within_sampled_range,IU,142,79.16666666666666,runs/yin_latest_vgg_20260927/transfer/results/r21vgg2k_vgg16_bn_aa5_s42/faces_rfwWM64/faces_rfwWM64/results.csv,IU
bin5,VGG2k / bin5,r21vgg2k_vgg16_bn_aa5_s42,face_transfer,124,two_shared_ui,RFW WM64,Faces,0.37,0.39,50,within_sampled_range,IU,143,87.5,runs/yin_latest_vgg_20260927/transfer/results/r21vgg2k_vgg16_bn_aa5_s42/faces_rfwWM64/faces_rfwWM64/results.csv,IU
bin5,VGG2k / bin5,r21vgg2k_vgg16_bn_aa5_s42,face_transfer,124,two_shared_ui,RFW WM64,Faces,0.37,0.39,50,within_sampled_range,IU,144,95.83333333333334,runs/yin_latest_vgg_20260927/transfer/results/r21vgg2k_vgg16_bn_aa5_s42/faces_rfwWM64/faces_rfwWM64/results.csv,IU
bin5,VGG2k / bin5,r21vgg2k_vgg16_bn_aa5_s42,face_transfer,124,two_shared_ui,RFW WM64,Faces,0.37,0.39,50,within_sampled_range,IU,145,79.16666666666666,runs/yin_latest_vgg_20260927/transfer/results/r21vgg2k_vgg16_bn_aa5_s42/faces_rfwWM64/faces_rfwWM64/results.csv,IU
bin5,VGG2k / bin5,r21vgg2k_vgg16_bn_aa5_s42,face_transfer,124,two_shared_ui,RFW WM64,Faces,0.37,0.39,50,within_sampled_range,IU,146,91.66666666666666,runs/yin_latest_vgg_20260927/transfer/results/r21vgg2k_vgg16_bn_aa5_s42/faces_rfwWM64/faces_rfwWM64/results.csv,IU
bin5,VGG2k / bin5,r21vgg2k_vgg16_bn_aa5_s42,face_transfer,124,two_shared_ui,RFW WM64,Faces,0.37,0.39,50,within_sampled_range,IU,147,83.33333333333334,runs/yin_latest_vgg_20260927/transfer/results/r21vgg2k_vgg16_bn_aa5_s42/faces_rfwWM64/faces_rfwWM64/results.csv,IU
bin5,VGG2k / bin5,r21vgg2k_vgg16_bn_aa5_s42,face_transfer,124,two_shared_ui,RFW WM64,Faces,0.37,0.39,50,within_sampled_range,IU,148,83.33333333333334,runs/yin_latest_vgg_20260927/transfer/results/r21vgg2k_vgg16_bn_aa5_s42/faces_rfwWM64/faces_rfwWM64/results.csv,IU
bin5,VGG2k / bin5,r21vgg2k_vgg16_bn_aa5_s42,face_transfer,124,two_shared_ui,RFW WM64,Faces,0.37,0.39,50,within_sampled_range,IU,149,75.0,runs/yin_latest_vgg_20260927/transfer/results/r21vgg2k_vgg16_bn_aa5_s42/faces_rfwWM64/faces_rfwWM64/results.csv,IU
bin5,VGG2k / bin5,r21vgg2k_vgg16_bn_aa5_s42,face_transfer,124,two_shared_ui,RFW WM64,Faces,0.37,0.39,50,within_sampled_range,IU,150,83.33333333333334,runs/yin_latest_vgg_20260927/transfer/results/r21vgg2k_vgg16_bn_aa5_s42/faces_rfwWM64/faces_rfwWM64/results.csv,IU
bin5,VGG2k / bin5,r21vgg2k_vgg16_bn_aa5_s42,face_transfer,124,single_uu,RFW WM64,Objects,0.37,,50,within_sampled_range,UU,101,100.0,runs/yin_latest_vgg_20260927/single_noise/r21vgg2k_vgg16_bn_aa5_s42/faces_rfwWM64/objects/results.csv,UU
bin5,VGG2k / bin5,r21vgg2k_vgg16_bn_aa5_s42,face_transfer,124,single_uu,RFW WM64,Objects,0.37,,50,within_sampled_range,UU,102,95.83333333333334,runs/yin_latest_vgg_20260927/single_noise/r21vgg2k_vgg16_bn_aa5_s42/faces_rfwWM64/objects/results.csv,UU
bin5,VGG2k / bin5,r21vgg2k_vgg16_bn_aa5_s42,face_transfer,124,single_uu,RFW WM64,Objects,0.37,,50,within_sampled_range,UU,103,100.0,runs/yin_latest_vgg_20260927/single_noise/r21vgg2k_vgg16_bn_aa5_s42/faces_rfwWM64/objects/results.csv,UU
bin5,VGG2k / bin5,r21vgg2k_vgg16_bn_aa5_s42,face_transfer,124,single_uu,RFW WM64,Objects,0.37,,50,within_sampled_range,UU,104,100.0,runs/yin_latest_vgg_20260927/single_noise/r21vgg2k_vgg16_bn_aa5_s42/faces_rfwWM64/objects/results.csv,UU
bin5,VGG2k / bin5,r21vgg2k_vgg16_bn_aa5_s42,face_transfer,124,single_uu,RFW WM64,Objects,0.37,,50,within_sampled_range,UU,105,95.83333333333334,runs/yin_latest_vgg_20260927/single_noise/r21vgg2k_vgg16_bn_aa5_s42/faces_rfwWM64/objects/results.csv,UU
bin5,VGG2k / bin5,r21vgg2k_vgg16_bn_aa5_s42,face_transfer,124,single_uu,RFW WM64,Objects,0.37,,50,within_sampled_range,UU,106,95.83333333333334,runs/yin_latest_vgg_20260927/single_noise/r21vgg2k_vgg16_bn_aa5_s42/faces_rfwWM64/objects/results.csv,UU
bin5,VGG2k / bin5,r21vgg2k_vgg16_bn_aa5_s42,face_transfer,124,single_uu,RFW WM64,Objects,0.37,,50,within_sampled_range,UU,107,95.83333333333334,runs/yin_latest_vgg_20260927/single_noise/r21vgg2k_vgg16_bn_aa5_s42/faces_rfwWM64/objects/results.csv,UU
bin5,VGG2k / bin5,r21vgg2k_vgg16_bn_aa5_s42,face_transfer,124,single_uu,RFW WM64,Objects,0.37,,50,within_sampled_range,UU,108,83.33333333333334,runs/yin_latest_vgg_20260927/single_noise/r21vgg2k_vgg16_bn_aa5_s42/faces_rfwWM64/objects/results.csv,UU
bin5,VGG2k / bin5,r21vgg2k_vgg16_bn_aa5_s42,face_transfer,124,single_uu,RFW WM64,Objects,0.37,,50,within_sampled_range,UU,109,91.66666666666666,runs/yin_latest_vgg_20260927/single_noise/r21vgg2k_vgg16_bn_aa5_s42/faces_rfwWM64/objects/results.csv,UU
bin5,VGG2k / bin5,r21vgg2k_vgg16_bn_aa5_s42,face_transfer,124,single_uu,RFW WM64,Objects,0.37,,50,within_sampled_range,UU,110,87.5,runs/yin_latest_vgg_20260927/single_noise/r21vgg2k_vgg16_bn_aa5_s42/faces_rfwWM64/objects/results.csv,UU
bin5,VGG2k / bin5,r21vgg2k_vgg16_bn_aa5_s42,face_transfer,124,single_uu,RFW WM64,Objects,0.37,,50,within_sampled_range,UU,111,95.83333333333334,runs/yin_latest_vgg_20260927/single_noise/r21vgg2k_vgg16_bn_aa5_s42/faces_rfwWM64/objects/results.csv,UU
bin5,VGG2k / bin5,r21vgg2k_vgg16_bn_aa5_s42,face_transfer,124,single_uu,RFW WM64,Objects,0.37,,50,within_sampled_range,UU,112,91.66666666666666,runs/yin_latest_vgg_20260927/single_noise/r21vgg2k_vgg16_bn_aa5_s42/faces_rfwWM64/objects/results.csv,UU
bin5,VGG2k / bin5,r21vgg2k_vgg16_bn_aa5_s42,face_transfer,124,single_uu,RFW WM64,Objects,0.37,,50,within_sampled_range,UU,113,91.66666666666666,runs/yin_latest_vgg_20260927/single_noise/r21vgg2k_vgg16_bn_aa5_s42/faces_rfwWM64/objects/results.csv,UU
bin5,VGG2k / bin5,r21vgg2k_vgg16_bn_aa5_s42,face_transfer,124,single_uu,RFW WM64,Objects,0.37,,50,within_sampled_range,UU,114,91.66666666666666,runs/yin_latest_vgg_20260927/single_noise/r21vgg2k_vgg16_bn_aa5_s42/faces_rfwWM64/objects/results.csv,UU
bin5,VGG2k / bin5,r21vgg2k_vgg16_bn_aa5_s42,face_transfer,124,single_uu,RFW WM64,Objects,0.37,,50,within_sampled_range,UU,115,95.83333333333334,runs/yin_latest_vgg_20260927/single_noise/r21vgg2k_vgg16_bn_aa5_s42/faces_rfwWM64/objects/results.csv,UU
bin5,VGG2k / bin5,r21vgg2k_vgg16_bn_aa5_s42,face_transfer,124,single_uu,RFW WM64,Objects,0.37,,50,within_sampled_range,UU,116,100.0,runs/yin_latest_vgg_20260927/single_noise/r21vgg2k_vgg16_bn_aa5_s42/faces_rfwWM64/objects/results.csv,UU
bin5,VGG2k / bin5,r21vgg2k_vgg16_bn_aa5_s42,face_transfer,124,single_uu,RFW WM64,Objects,0.37,,50,within_sampled_range,UU,117,100.0,runs/yin_latest_vgg_20260927/single_noise/r21vgg2k_vgg16_bn_aa5_s42/faces_rfwWM64/objects/results.csv,UU
bin5,VGG2k / bin5,r21vgg2k_vgg16_bn_aa5_s42,face_transfer,124,single_uu,RFW WM64,Objects,0.37,,50,within_sampled_range,UU,118,91.66666666666666,runs/yin_latest_vgg_20260927/single_noise/r21vgg2k_vgg16_bn_aa5_s42/faces_rfwWM64/objects/results.csv,UU
bin5,VGG2k / bin5,r21vgg2k_vgg16_bn_aa5_s42,face_transfer,124,single_uu,RFW WM64,Objects,0.37,,50,within_sampled_range,UU,119,100.0,runs/yin_latest_vgg_20260927/single_noise/r21vgg2k_vgg16_bn_aa5_s42/faces_rfwWM64/objects/results.csv,UU
bin5,VGG2k / bin5,r21vgg2k_vgg16_bn_aa5_s42,face_transfer,124,single_uu,RFW WM64,Objects,0.37,,50,within_sampled_range,UU,120,91.66666666666666,runs/yin_latest_vgg_20260927/single_noise/r21vgg2k_vgg16_bn_aa5_s42/faces_rfwWM64/objects/results.csv,UU
bin5,VGG2k / bin5,r21vgg2k_vgg16_bn_aa5_s42,face_transfer,124,single_uu,RFW WM64,Objects,0.37,,50,within_sampled_range,UU,121,87.5,runs/yin_latest_vgg_20260927/single_noise/r21vgg2k_vgg16_bn_aa5_s42/faces_rfwWM64/objects/results.csv,UU
bin5,VGG2k / bin5,r21vgg2k_vgg16_bn_aa5_s42,face_transfer,124,single_uu,RFW WM64,Objects,0.37,,50,within_sampled_range,UU,122,100.0,runs/yin_latest_vgg_20260927/single_noise/r21vgg2k_vgg16_bn_aa5_s42/faces_rfwWM64/objects/results.csv,UU
bin5,VGG2k / bin5,r21vgg2k_vgg16_bn_aa5_s42,face_transfer,124,single_uu,RFW WM64,Objects,0.37,,50,within_sampled_range,UU,123,91.66666666666666,runs/yin_latest_vgg_20260927/single_noise/r21vgg2k_vgg16_bn_aa5_s42/faces_rfwWM64/objects/results.csv,UU
bin5,VGG2k / bin5,r21vgg2k_vgg16_bn_aa5_s42,face_transfer,124,single_uu,RFW WM64,Objects,0.37,,50,within_sampled_range,UU,124,100.0,runs/yin_latest_vgg_20260927/single_noise/r21vgg2k_vgg16_bn_aa5_s42/faces_rfwWM64/objects/results.csv,UU
bin5,VGG2k / bin5,r21vgg2k_vgg16_bn_aa5_s42,face_transfer,124,single_uu,RFW WM64,Objects,0.37,,50,within_sampled_range,UU,125,91.66666666666666,runs/yin_latest_vgg_20260927/single_noise/r21vgg2k_vgg16_bn_aa5_s42/faces_rfwWM64/objects/results.csv,UU
bin5,VGG2k / bin5,r21vgg2k_vgg16_bn_aa5_s42,face_transfer,124,single_uu,RFW WM64,Objects,0.37,,50,within_sampled_range,UU,126,95.83333333333334,runs/yin_latest_vgg_20260927/single_noise/r21vgg2k_vgg16_bn_aa5_s42/faces_rfwWM64/objects/results.csv,UU
bin5,VGG2k / bin5,r21vgg2k_vgg16_bn_aa5_s42,face_transfer,124,single_uu,RFW WM64,Objects,0.37,,50,within_sampled_range,UU,127,95.83333333333334,runs/yin_latest_vgg_20260927/single_noise/r21vgg2k_vgg16_bn_aa5_s42/faces_rfwWM64/objects/results.csv,UU
bin5,VGG2k / bin5,r21vgg2k_vgg16_bn_aa5_s42,face_transfer,124,single_uu,RFW WM64,Objects,0.37,,50,within_sampled_range,UU,128,95.83333333333334,runs/yin_latest_vgg_20260927/single_noise/r21vgg2k_vgg16_bn_aa5_s42/faces_rfwWM64/objects/results.csv,UU
bin5,VGG2k / bin5,r21vgg2k_vgg16_bn_aa5_s42,face_transfer,124,single_uu,RFW WM64,Objects,0.37,,50,within_sampled_range,UU,129,100.0,runs/yin_latest_vgg_20260927/single_noise/r21vgg2k_vgg16_bn_aa5_s42/faces_rfwWM64/objects/results.csv,UU
bin5,VGG2k / bin5,r21vgg2k_vgg16_bn_aa5_s42,face_transfer,124,single_uu,RFW WM64,Objects,0.37,,50,within_sampled_range,UU,130,100.0,runs/yin_latest_vgg_20260927/single_noise/r21vgg2k_vgg16_bn_aa5_s42/faces_rfwWM64/objects/results.csv,UU
bin5,VGG2k / bin5,r21vgg2k_vgg16_bn_aa5_s42,face_transfer,124,single_uu,RFW WM64,Objects,0.37,,50,within_sampled_range,UU,131,100.0,runs/yin_latest_vgg_20260927/single_noise/r21vgg2k_vgg16_bn_aa5_s42/faces_rfwWM64/objects/results.csv,UU
bin5,VGG2k / bin5,r21vgg2k_vgg16_bn_aa5_s42,face_transfer,124,single_uu,RFW WM64,Objects,0.37,,50,within_sampled_range,UU,132,100.0,runs/yin_latest_vgg_20260927/single_noise/r21vgg2k_vgg16_bn_aa5_s42/faces_rfwWM64/objects/results.csv,UU
bin5,VGG2k / bin5,r21vgg2k_vgg16_bn_aa5_s42,face_transfer,124,single_uu,RFW WM64,Objects,0.37,,50,within_sampled_range,UU,133,100.0,runs/yin_latest_vgg_20260927/single_noise/r21vgg2k_vgg16_bn_aa5_s42/faces_rfwWM64/objects/results.csv,UU
bin5,VGG2k / bin5,r21vgg2k_vgg16_bn_aa5_s42,face_transfer,124,single_uu,RFW WM64,Objects,0.37,,50,within_sampled_range,UU,134,95.83333333333334,runs/yin_latest_vgg_20260927/single_noise/r21vgg2k_vgg16_bn_aa5_s42/faces_rfwWM64/objects/results.csv,UU
bin5,VGG2k / bin5,r21vgg2k_vgg16_bn_aa5_s42,face_transfer,124,single_uu,RFW WM64,Objects,0.37,,50,within_sampled_range,UU,135,95.83333333333334,runs/yin_latest_vgg_20260927/single_noise/r21vgg2k_vgg16_bn_aa5_s42/faces_rfwWM64/objects/results.csv,UU
bin5,VGG2k / bin5,r21vgg2k_vgg16_bn_aa5_s42,face_transfer,124,single_uu,RFW WM64,Objects,0.37,,50,within_sampled_range,UU,136,91.66666666666666,runs/yin_latest_vgg_20260927/single_noise/r21vgg2k_vgg16_bn_aa5_s42/faces_rfwWM64/objects/results.csv,UU
bin5,VGG2k / bin5,r21vgg2k_vgg16_bn_aa5_s42,face_transfer,124,single_uu,RFW WM64,Objects,0.37,,50,within_sampled_range,UU,137,91.66666666666666,runs/yin_latest_vgg_20260927/single_noise/r21vgg2k_vgg16_bn_aa5_s42/faces_rfwWM64/objects/results.csv,UU
bin5,VGG2k / bin5,r21vgg2k_vgg16_bn_aa5_s42,face_transfer,124,single_uu,RFW WM64,Objects,0.37,,50,within_sampled_range,UU,138,100.0,runs/yin_latest_vgg_20260927/single_noise/r21vgg2k_vgg16_bn_aa5_s42/faces_rfwWM64/objects/results.csv,UU
bin5,VGG2k / bin5,r21vgg2k_vgg16_bn_aa5_s42,face_transfer,124,single_uu,RFW WM64,Objects,0.37,,50,within_sampled_range,UU,139,91.66666666666666,runs/yin_latest_vgg_20260927/single_noise/r21vgg2k_vgg16_bn_aa5_s42/faces_rfwWM64/objects/results.csv,UU
bin5,VGG2k / bin5,r21vgg2k_vgg16_bn_aa5_s42,face_transfer,124,single_uu,RFW WM64,Objects,0.37,,50,within_sampled_range,UU,140,95.83333333333334,runs/yin_latest_vgg_20260927/single_noise/r21vgg2k_vgg16_bn_aa5_s42/faces_rfwWM64/objects/results.csv,UU
bin5,VGG2k / bin5,r21vgg2k_vgg16_bn_aa5_s42,face_transfer,124,single_uu,RFW WM64,Objects,0.37,,50,within_sampled_range,UU,141,100.0,runs/yin_latest_vgg_20260927/single_noise/r21vgg2k_vgg16_bn_aa5_s42/faces_rfwWM64/objects/results.csv,UU
bin5,VGG2k / bin5,r21vgg2k_vgg16_bn_aa5_s42,face_transfer,124,single_uu,RFW WM64,Objects,0.37,,50,within_sampled_range,UU,142,91.66666666666666,runs/yin_latest_vgg_20260927/single_noise/r21vgg2k_vgg16_bn_aa5_s42/faces_rfwWM64/objects/results.csv,UU
bin5,VGG2k / bin5,r21vgg2k_vgg16_bn_aa5_s42,face_transfer,124,single_uu,RFW WM64,Objects,0.37,,50,within_sampled_range,UU,143,91.66666666666666,runs/yin_latest_vgg_20260927/single_noise/r21vgg2k_vgg16_bn_aa5_s42/faces_rfwWM64/objects/results.csv,UU
bin5,VGG2k / bin5,r21vgg2k_vgg16_bn_aa5_s42,face_transfer,124,single_uu,RFW WM64,Objects,0.37,,50,within_sampled_range,UU,144,95.83333333333334,runs/yin_latest_vgg_20260927/single_noise/r21vgg2k_vgg16_bn_aa5_s42/faces_rfwWM64/objects/results.csv,UU
bin5,VGG2k / bin5,r21vgg2k_vgg16_bn_aa5_s42,face_transfer,124,single_uu,RFW WM64,Objects,0.37,,50,within_sampled_range,UU,145,87.5,runs/yin_latest_vgg_20260927/single_noise/r21vgg2k_vgg16_bn_aa5_s42/faces_rfwWM64/objects/results.csv,UU
bin5,VGG2k / bin5,r21vgg2k_vgg16_bn_aa5_s42,face_transfer,124,single_uu,RFW WM64,Objects,0.37,,50,within_sampled_range,UU,146,95.83333333333334,runs/yin_latest_vgg_20260927/single_noise/r21vgg2k_vgg16_bn_aa5_s42/faces_rfwWM64/objects/results.csv,UU
bin5,VGG2k / bin5,r21vgg2k_vgg16_bn_aa5_s42,face_transfer,124,single_uu,RFW WM64,Objects,0.37,,50,within_sampled_range,UU,147,91.66666666666666,runs/yin_latest_vgg_20260927/single_noise/r21vgg2k_vgg16_bn_aa5_s42/faces_rfwWM64/objects/results.csv,UU
bin5,VGG2k / bin5,r21vgg2k_vgg16_bn_aa5_s42,face_transfer,124,single_uu,RFW WM64,Objects,0.37,,50,within_sampled_range,UU,148,100.0,runs/yin_latest_vgg_20260927/single_noise/r21vgg2k_vgg16_bn_aa5_s42/faces_rfwWM64/objects/results.csv,UU
bin5,VGG2k / bin5,r21vgg2k_vgg16_bn_aa5_s42,face_transfer,124,single_uu,RFW WM64,Objects,0.37,,50,within_sampled_range,UU,149,95.83333333333334,runs/yin_latest_vgg_20260927/single_noise/r21vgg2k_vgg16_bn_aa5_s42/faces_rfwWM64/objects/results.csv,UU
bin5,VGG2k / bin5,r21vgg2k_vgg16_bn_aa5_s42,face_transfer,124,single_uu,RFW WM64,Objects,0.37,,50,within_sampled_range,UU,150,100.0,runs/yin_latest_vgg_20260927/single_noise/r21vgg2k_vgg16_bn_aa5_s42/faces_rfwWM64/objects/results.csv,UU
bin5,VGG2k / bin5,r21vgg2k_vgg16_bn_aa5_s42,face_transfer,124,single_uu,RFW WM64,Objects,0.37,,50,within_sampled_range,II,101,91.66666666666666,runs/yin_latest_vgg_20260927/single_noise/r21vgg2k_vgg16_bn_aa5_s42/faces_rfwWM64/objects/results.csv,II
bin5,VGG2k / bin5,r21vgg2k_vgg16_bn_aa5_s42,face_transfer,124,single_uu,RFW WM64,Objects,0.37,,50,within_sampled_range,II,102,91.66666666666666,runs/yin_latest_vgg_20260927/single_noise/r21vgg2k_vgg16_bn_aa5_s42/faces_rfwWM64/objects/results.csv,II
bin5,VGG2k / bin5,r21vgg2k_vgg16_bn_aa5_s42,face_transfer,124,single_uu,RFW WM64,Objects,0.37,,50,within_sampled_range,II,103,91.66666666666666,runs/yin_latest_vgg_20260927/single_noise/r21vgg2k_vgg16_bn_aa5_s42/faces_rfwWM64/objects/results.csv,II
bin5,VGG2k / bin5,r21vgg2k_vgg16_bn_aa5_s42,face_transfer,124,single_uu,RFW WM64,Objects,0.37,,50,within_sampled_range,II,104,91.66666666666666,runs/yin_latest_vgg_20260927/single_noise/r21vgg2k_vgg16_bn_aa5_s42/faces_rfwWM64/objects/results.csv,II
bin5,VGG2k / bin5,r21vgg2k_vgg16_bn_aa5_s42,face_transfer,124,single_uu,RFW WM64,Objects,0.37,,50,within_sampled_range,II,105,91.66666666666666,runs/yin_latest_vgg_20260927/single_noise/r21vgg2k_vgg16_bn_aa5_s42/faces_rfwWM64/objects/results.csv,II
bin5,VGG2k / bin5,r21vgg2k_vgg16_bn_aa5_s42,face_transfer,124,single_uu,RFW WM64,Objects,0.37,,50,within_sampled_range,II,106,91.66666666666666,runs/yin_latest_vgg_20260927/single_noise/r21vgg2k_vgg16_bn_aa5_s42/faces_rfwWM64/objects/results.csv,II
bin5,VGG2k / bin5,r21vgg2k_vgg16_bn_aa5_s42,face_transfer,124,single_uu,RFW WM64,Objects,0.37,,50,within_sampled_range,II,107,100.0,runs/yin_latest_vgg_20260927/single_noise/r21vgg2k_vgg16_bn_aa5_s42/faces_rfwWM64/objects/results.csv,II
bin5,VGG2k / bin5,r21vgg2k_vgg16_bn_aa5_s42,face_transfer,124,single_uu,RFW WM64,Objects,0.37,,50,within_sampled_range,II,108,95.83333333333334,runs/yin_latest_vgg_20260927/single_noise/r21vgg2k_vgg16_bn_aa5_s42/faces_rfwWM64/objects/results.csv,II
bin5,VGG2k / bin5,r21vgg2k_vgg16_bn_aa5_s42,face_transfer,124,single_uu,RFW WM64,Objects,0.37,,50,within_sampled_range,II,109,83.33333333333334,runs/yin_latest_vgg_20260927/single_noise/r21vgg2k_vgg16_bn_aa5_s42/faces_rfwWM64/objects/results.csv,II
bin5,VGG2k / bin5,r21vgg2k_vgg16_bn_aa5_s42,face_transfer,124,single_uu,RFW WM64,Objects,0.37,,50,within_sampled_range,II,110,95.83333333333334,runs/yin_latest_vgg_20260927/single_noise/r21vgg2k_vgg16_bn_aa5_s42/faces_rfwWM64/objects/results.csv,II
bin5,VGG2k / bin5,r21vgg2k_vgg16_bn_aa5_s42,face_transfer,124,single_uu,RFW WM64,Objects,0.37,,50,within_sampled_range,II,111,91.66666666666666,runs/yin_latest_vgg_20260927/single_noise/r21vgg2k_vgg16_bn_aa5_s42/faces_rfwWM64/objects/results.csv,II
bin5,VGG2k / bin5,r21vgg2k_vgg16_bn_aa5_s42,face_transfer,124,single_uu,RFW WM64,Objects,0.37,,50,within_sampled_range,II,112,91.66666666666666,runs/yin_latest_vgg_20260927/single_noise/r21vgg2k_vgg16_bn_aa5_s42/faces_rfwWM64/objects/results.csv,II
bin5,VGG2k / bin5,r21vgg2k_vgg16_bn_aa5_s42,face_transfer,124,single_uu,RFW WM64,Objects,0.37,,50,within_sampled_range,II,113,91.66666666666666,runs/yin_latest_vgg_20260927/single_noise/r21vgg2k_vgg16_bn_aa5_s42/faces_rfwWM64/objects/results.csv,II
bin5,VGG2k / bin5,r21vgg2k_vgg16_bn_aa5_s42,face_transfer,124,single_uu,RFW WM64,Objects,0.37,,50,within_sampled_range,II,114,95.83333333333334,runs/yin_latest_vgg_20260927/single_noise/r21vgg2k_vgg16_bn_aa5_s42/faces_rfwWM64/objects/results.csv,II
bin5,VGG2k / bin5,r21vgg2k_vgg16_bn_aa5_s42,face_transfer,124,single_uu,RFW WM64,Objects,0.37,,50,within_sampled_range,II,115,100.0,runs/yin_latest_vgg_20260927/single_noise/r21vgg2k_vgg16_bn_aa5_s42/faces_rfwWM64/objects/results.csv,II
bin5,VGG2k / bin5,r21vgg2k_vgg16_bn_aa5_s42,face_transfer,124,single_uu,RFW WM64,Objects,0.37,,50,within_sampled_range,II,116,95.83333333333334,runs/yin_latest_vgg_20260927/single_noise/r21vgg2k_vgg16_bn_aa5_s42/faces_rfwWM64/objects/results.csv,II
bin5,VGG2k / bin5,r21vgg2k_vgg16_bn_aa5_s42,face_transfer,124,single_uu,RFW WM64,Objects,0.37,,50,within_sampled_range,II,117,87.5,runs/yin_latest_vgg_20260927/single_noise/r21vgg2k_vgg16_bn_aa5_s42/faces_rfwWM64/objects/results.csv,II
bin5,VGG2k / bin5,r21vgg2k_vgg16_bn_aa5_s42,face_transfer,124,single_uu,RFW WM64,Objects,0.37,,50,within_sampled_range,II,118,95.83333333333334,runs/yin_latest_vgg_20260927/single_noise/r21vgg2k_vgg16_bn_aa5_s42/faces_rfwWM64/objects/results.csv,II
bin5,VGG2k / bin5,r21vgg2k_vgg16_bn_aa5_s42,face_transfer,124,single_uu,RFW WM64,Objects,0.37,,50,within_sampled_range,II,119,91.66666666666666,runs/yin_latest_vgg_20260927/single_noise/r21vgg2k_vgg16_bn_aa5_s42/faces_rfwWM64/objects/results.csv,II
bin5,VGG2k / bin5,r21vgg2k_vgg16_bn_aa5_s42,face_transfer,124,single_uu,RFW WM64,Objects,0.37,,50,within_sampled_range,II,120,83.33333333333334,runs/yin_latest_vgg_20260927/single_noise/r21vgg2k_vgg16_bn_aa5_s42/faces_rfwWM64/objects/results.csv,II
bin5,VGG2k / bin5,r21vgg2k_vgg16_bn_aa5_s42,face_transfer,124,single_uu,RFW WM64,Objects,0.37,,50,within_sampled_range,II,121,79.16666666666666,runs/yin_latest_vgg_20260927/single_noise/r21vgg2k_vgg16_bn_aa5_s42/faces_rfwWM64/objects/results.csv,II
bin5,VGG2k / bin5,r21vgg2k_vgg16_bn_aa5_s42,face_transfer,124,single_uu,RFW WM64,Objects,0.37,,50,within_sampled_range,II,122,87.5,runs/yin_latest_vgg_20260927/single_noise/r21vgg2k_vgg16_bn_aa5_s42/faces_rfwWM64/objects/results.csv,II
bin5,VGG2k / bin5,r21vgg2k_vgg16_bn_aa5_s42,face_transfer,124,single_uu,RFW WM64,Objects,0.37,,50,within_sampled_range,II,123,91.66666666666666,runs/yin_latest_vgg_20260927/single_noise/r21vgg2k_vgg16_bn_aa5_s42/faces_rfwWM64/objects/results.csv,II
bin5,VGG2k / bin5,r21vgg2k_vgg16_bn_aa5_s42,face_transfer,124,single_uu,RFW WM64,Objects,0.37,,50,within_sampled_range,II,124,87.5,runs/yin_latest_vgg_20260927/single_noise/r21vgg2k_vgg16_bn_aa5_s42/faces_rfwWM64/objects/results.csv,II
bin5,VGG2k / bin5,r21vgg2k_vgg16_bn_aa5_s42,face_transfer,124,single_uu,RFW WM64,Objects,0.37,,50,within_sampled_range,II,125,95.83333333333334,runs/yin_latest_vgg_20260927/single_noise/r21vgg2k_vgg16_bn_aa5_s42/faces_rfwWM64/objects/results.csv,II
bin5,VGG2k / bin5,r21vgg2k_vgg16_bn_aa5_s42,face_transfer,124,single_uu,RFW WM64,Objects,0.37,,50,within_sampled_range,II,126,95.83333333333334,runs/yin_latest_vgg_20260927/single_noise/r21vgg2k_vgg16_bn_aa5_s42/faces_rfwWM64/objects/results.csv,II
bin5,VGG2k / bin5,r21vgg2k_vgg16_bn_aa5_s42,face_transfer,124,single_uu,RFW WM64,Objects,0.37,,50,within_sampled_range,II,127,87.5,runs/yin_latest_vgg_20260927/single_noise/r21vgg2k_vgg16_bn_aa5_s42/faces_rfwWM64/objects/results.csv,II
bin5,VGG2k / bin5,r21vgg2k_vgg16_bn_aa5_s42,face_transfer,124,single_uu,RFW WM64,Objects,0.37,,50,within_sampled_range,II,128,91.66666666666666,runs/yin_latest_vgg_20260927/single_noise/r21vgg2k_vgg16_bn_aa5_s42/faces_rfwWM64/objects/results.csv,II
bin5,VGG2k / bin5,r21vgg2k_vgg16_bn_aa5_s42,face_transfer,124,single_uu,RFW WM64,Objects,0.37,,50,within_sampled_range,II,129,95.83333333333334,runs/yin_latest_vgg_20260927/single_noise/r21vgg2k_vgg16_bn_aa5_s42/faces_rfwWM64/objects/results.csv,II
bin5,VGG2k / bin5,r21vgg2k_vgg16_bn_aa5_s42,face_transfer,124,single_uu,RFW WM64,Objects,0.37,,50,within_sampled_range,II,130,100.0,runs/yin_latest_vgg_20260927/single_noise/r21vgg2k_vgg16_bn_aa5_s42/faces_rfwWM64/objects/results.csv,II
bin5,VGG2k / bin5,r21vgg2k_vgg16_bn_aa5_s42,face_transfer,124,single_uu,RFW WM64,Objects,0.37,,50,within_sampled_range,II,131,91.66666666666666,runs/yin_latest_vgg_20260927/single_noise/r21vgg2k_vgg16_bn_aa5_s42/faces_rfwWM64/objects/results.csv,II
bin5,VGG2k / bin5,r21vgg2k_vgg16_bn_aa5_s42,face_transfer,124,single_uu,RFW WM64,Objects,0.37,,50,within_sampled_range,II,132,95.83333333333334,runs/yin_latest_vgg_20260927/single_noise/r21vgg2k_vgg16_bn_aa5_s42/faces_rfwWM64/objects/results.csv,II
bin5,VGG2k / bin5,r21vgg2k_vgg16_bn_aa5_s42,face_transfer,124,single_uu,RFW WM64,Objects,0.37,,50,within_sampled_range,II,133,91.66666666666666,runs/yin_latest_vgg_20260927/single_noise/r21vgg2k_vgg16_bn_aa5_s42/faces_rfwWM64/objects/results.csv,II
bin5,VGG2k / bin5,r21vgg2k_vgg16_bn_aa5_s42,face_transfer,124,single_uu,RFW WM64,Objects,0.37,,50,within_sampled_range,II,134,79.16666666666666,runs/yin_latest_vgg_20260927/single_noise/r21vgg2k_vgg16_bn_aa5_s42/faces_rfwWM64/objects/results.csv,II
bin5,VGG2k / bin5,r21vgg2k_vgg16_bn_aa5_s42,face_transfer,124,single_uu,RFW WM64,Objects,0.37,,50,within_sampled_range,II,135,87.5,runs/yin_latest_vgg_20260927/single_noise/r21vgg2k_vgg16_bn_aa5_s42/faces_rfwWM64/objects/results.csv,II
bin5,VGG2k / bin5,r21vgg2k_vgg16_bn_aa5_s42,face_transfer,124,single_uu,RFW WM64,Objects,0.37,,50,within_sampled_range,II,136,87.5,runs/yin_latest_vgg_20260927/single_noise/r21vgg2k_vgg16_bn_aa5_s42/faces_rfwWM64/objects/results.csv,II
bin5,VGG2k / bin5,r21vgg2k_vgg16_bn_aa5_s42,face_transfer,124,single_uu,RFW WM64,Objects,0.37,,50,within_sampled_range,II,137,95.83333333333334,runs/yin_latest_vgg_20260927/single_noise/r21vgg2k_vgg16_bn_aa5_s42/faces_rfwWM64/objects/results.csv,II
bin5,VGG2k / bin5,r21vgg2k_vgg16_bn_aa5_s42,face_transfer,124,single_uu,RFW WM64,Objects,0.37,,50,within_sampled_range,II,138,91.66666666666666,runs/yin_latest_vgg_20260927/single_noise/r21vgg2k_vgg16_bn_aa5_s42/faces_rfwWM64/objects/results.csv,II
bin5,VGG2k / bin5,r21vgg2k_vgg16_bn_aa5_s42,face_transfer,124,single_uu,RFW WM64,Objects,0.37,,50,within_sampled_range,II,139,87.5,runs/yin_latest_vgg_20260927/single_noise/r21vgg2k_vgg16_bn_aa5_s42/faces_rfwWM64/objects/results.csv,II
bin5,VGG2k / bin5,r21vgg2k_vgg16_bn_aa5_s42,face_transfer,124,single_uu,RFW WM64,Objects,0.37,,50,within_sampled_range,II,140,91.66666666666666,runs/yin_latest_vgg_20260927/single_noise/r21vgg2k_vgg16_bn_aa5_s42/faces_rfwWM64/objects/results.csv,II
bin5,VGG2k / bin5,r21vgg2k_vgg16_bn_aa5_s42,face_transfer,124,single_uu,RFW WM64,Objects,0.37,,50,within_sampled_range,II,141,87.5,runs/yin_latest_vgg_20260927/single_noise/r21vgg2k_vgg16_bn_aa5_s42/faces_rfwWM64/objects/results.csv,II
bin5,VGG2k / bin5,r21vgg2k_vgg16_bn_aa5_s42,face_transfer,124,single_uu,RFW WM64,Objects,0.37,,50,within_sampled_range,II,142,95.83333333333334,runs/yin_latest_vgg_20260927/single_noise/r21vgg2k_vgg16_bn_aa5_s42/faces_rfwWM64/objects/results.csv,II
bin5,VGG2k / bin5,r21vgg2k_vgg16_bn_aa5_s42,face_transfer,124,single_uu,RFW WM64,Objects,0.37,,50,within_sampled_range,II,143,95.83333333333334,runs/yin_latest_vgg_20260927/single_noise/r21vgg2k_vgg16_bn_aa5_s42/faces_rfwWM64/objects/results.csv,II
bin5,VGG2k / bin5,r21vgg2k_vgg16_bn_aa5_s42,face_transfer,124,single_uu,RFW WM64,Objects,0.37,,50,within_sampled_range,II,144,95.83333333333334,runs/yin_latest_vgg_20260927/single_noise/r21vgg2k_vgg16_bn_aa5_s42/faces_rfwWM64/objects/results.csv,II
bin5,VGG2k / bin5,r21vgg2k_vgg16_bn_aa5_s42,face_transfer,124,single_uu,RFW WM64,Objects,0.37,,50,within_sampled_range,II,145,95.83333333333334,runs/yin_latest_vgg_20260927/single_noise/r21vgg2k_vgg16_bn_aa5_s42/faces_rfwWM64/objects/results.csv,II
bin5,VGG2k / bin5,r21vgg2k_vgg16_bn_aa5_s42,face_transfer,124,single_uu,RFW WM64,Objects,0.37,,50,within_sampled_range,II,146,100.0,runs/yin_latest_vgg_20260927/single_noise/r21vgg2k_vgg16_bn_aa5_s42/faces_rfwWM64/objects/results.csv,II
bin5,VGG2k / bin5,r21vgg2k_vgg16_bn_aa5_s42,face_transfer,124,single_uu,RFW WM64,Objects,0.37,,50,within_sampled_range,II,147,95.83333333333334,runs/yin_latest_vgg_20260927/single_noise/r21vgg2k_vgg16_bn_aa5_s42/faces_rfwWM64/objects/results.csv,II
bin5,VGG2k / bin5,r21vgg2k_vgg16_bn_aa5_s42,face_transfer,124,single_uu,RFW WM64,Objects,0.37,,50,within_sampled_range,II,148,87.5,runs/yin_latest_vgg_20260927/single_noise/r21vgg2k_vgg16_bn_aa5_s42/faces_rfwWM64/objects/results.csv,II
bin5,VGG2k / bin5,r21vgg2k_vgg16_bn_aa5_s42,face_transfer,124,single_uu,RFW WM64,Objects,0.37,,50,within_sampled_range,II,149,87.5,runs/yin_latest_vgg_20260927/single_noise/r21vgg2k_vgg16_bn_aa5_s42/faces_rfwWM64/objects/results.csv,II
bin5,VGG2k / bin5,r21vgg2k_vgg16_bn_aa5_s42,face_transfer,124,single_uu,RFW WM64,Objects,0.37,,50,within_sampled_range,II,150,87.5,runs/yin_latest_vgg_20260927/single_noise/r21vgg2k_vgg16_bn_aa5_s42/faces_rfwWM64/objects/results.csv,II
bin5,VGG2k / bin5,r21vgg2k_vgg16_bn_aa5_s42,face_transfer,124,single_uu,RFW WM64,Objects,0.37,,50,within_sampled_range,UI,101,91.66666666666666,runs/yin_latest_vgg_20260927/single_noise/r21vgg2k_vgg16_bn_aa5_s42/faces_rfwWM64/objects/results.csv,UI
bin5,VGG2k / bin5,r21vgg2k_vgg16_bn_aa5_s42,face_transfer,124,single_uu,RFW WM64,Objects,0.37,,50,within_sampled_range,UI,102,87.5,runs/yin_latest_vgg_20260927/single_noise/r21vgg2k_vgg16_bn_aa5_s42/faces_rfwWM64/objects/results.csv,UI
bin5,VGG2k / bin5,r21vgg2k_vgg16_bn_aa5_s42,face_transfer,124,single_uu,RFW WM64,Objects,0.37,,50,within_sampled_range,UI,103,83.33333333333334,runs/yin_latest_vgg_20260927/single_noise/r21vgg2k_vgg16_bn_aa5_s42/faces_rfwWM64/objects/results.csv,UI
bin5,VGG2k / bin5,r21vgg2k_vgg16_bn_aa5_s42,face_transfer,124,single_uu,RFW WM64,Objects,0.37,,50,within_sampled_range,UI,104,95.83333333333334,runs/yin_latest_vgg_20260927/single_noise/r21vgg2k_vgg16_bn_aa5_s42/faces_rfwWM64/objects/results.csv,UI
bin5,VGG2k / bin5,r21vgg2k_vgg16_bn_aa5_s42,face_transfer,124,single_uu,RFW WM64,Objects,0.37,,50,within_sampled_range,UI,105,70.83333333333334,runs/yin_latest_vgg_20260927/single_noise/r21vgg2k_vgg16_bn_aa5_s42/faces_rfwWM64/objects/results.csv,UI
bin5,VGG2k / bin5,r21vgg2k_vgg16_bn_aa5_s42,face_transfer,124,single_uu,RFW WM64,Objects,0.37,,50,within_sampled_range,UI,106,91.66666666666666,runs/yin_latest_vgg_20260927/single_noise/r21vgg2k_vgg16_bn_aa5_s42/faces_rfwWM64/objects/results.csv,UI
bin5,VGG2k / bin5,r21vgg2k_vgg16_bn_aa5_s42,face_transfer,124,single_uu,RFW WM64,Objects,0.37,,50,within_sampled_range,UI,107,91.66666666666666,runs/yin_latest_vgg_20260927/single_noise/r21vgg2k_vgg16_bn_aa5_s42/faces_rfwWM64/objects/results.csv,UI
bin5,VGG2k / bin5,r21vgg2k_vgg16_bn_aa5_s42,face_transfer,124,single_uu,RFW WM64,Objects,0.37,,50,within_sampled_range,UI,108,87.5,runs/yin_latest_vgg_20260927/single_noise/r21vgg2k_vgg16_bn_aa5_s42/faces_rfwWM64/objects/results.csv,UI
bin5,VGG2k / bin5,r21vgg2k_vgg16_bn_aa5_s42,face_transfer,124,single_uu,RFW WM64,Objects,0.37,,50,within_sampled_range,UI,109,87.5,runs/yin_latest_vgg_20260927/single_noise/r21vgg2k_vgg16_bn_aa5_s42/faces_rfwWM64/objects/results.csv,UI
bin5,VGG2k / bin5,r21vgg2k_vgg16_bn_aa5_s42,face_transfer,124,single_uu,RFW WM64,Objects,0.37,,50,within_sampled_range,UI,110,75.0,runs/yin_latest_vgg_20260927/single_noise/r21vgg2k_vgg16_bn_aa5_s42/faces_rfwWM64/objects/results.csv,UI
bin5,VGG2k / bin5,r21vgg2k_vgg16_bn_aa5_s42,face_transfer,124,single_uu,RFW WM64,Objects,0.37,,50,within_sampled_range,UI,111,87.5,runs/yin_latest_vgg_20260927/single_noise/r21vgg2k_vgg16_bn_aa5_s42/faces_rfwWM64/objects/results.csv,UI
bin5,VGG2k / bin5,r21vgg2k_vgg16_bn_aa5_s42,face_transfer,124,single_uu,RFW WM64,Objects,0.37,,50,within_sampled_range,UI,112,91.66666666666666,runs/yin_latest_vgg_20260927/single_noise/r21vgg2k_vgg16_bn_aa5_s42/faces_rfwWM64/objects/results.csv,UI
bin5,VGG2k / bin5,r21vgg2k_vgg16_bn_aa5_s42,face_transfer,124,single_uu,RFW WM64,Objects,0.37,,50,within_sampled_range,UI,113,83.33333333333334,runs/yin_latest_vgg_20260927/single_noise/r21vgg2k_vgg16_bn_aa5_s42/faces_rfwWM64/objects/results.csv,UI
bin5,VGG2k / bin5,r21vgg2k_vgg16_bn_aa5_s42,face_transfer,124,single_uu,RFW WM64,Objects,0.37,,50,within_sampled_range,UI,114,95.83333333333334,runs/yin_latest_vgg_20260927/single_noise/r21vgg2k_vgg16_bn_aa5_s42/faces_rfwWM64/objects/results.csv,UI
bin5,VGG2k / bin5,r21vgg2k_vgg16_bn_aa5_s42,face_transfer,124,single_uu,RFW WM64,Objects,0.37,,50,within_sampled_range,UI,115,95.83333333333334,runs/yin_latest_vgg_20260927/single_noise/r21vgg2k_vgg16_bn_aa5_s42/faces_rfwWM64/objects/results.csv,UI
bin5,VGG2k / bin5,r21vgg2k_vgg16_bn_aa5_s42,face_transfer,124,single_uu,RFW WM64,Objects,0.37,,50,within_sampled_range,UI,116,91.66666666666666,runs/yin_latest_vgg_20260927/single_noise/r21vgg2k_vgg16_bn_aa5_s42/faces_rfwWM64/objects/results.csv,UI
bin5,VGG2k / bin5,r21vgg2k_vgg16_bn_aa5_s42,face_transfer,124,single_uu,RFW WM64,Objects,0.37,,50,within_sampled_range,UI,117,87.5,runs/yin_latest_vgg_20260927/single_noise/r21vgg2k_vgg16_bn_aa5_s42/faces_rfwWM64/objects/results.csv,UI
bin5,VGG2k / bin5,r21vgg2k_vgg16_bn_aa5_s42,face_transfer,124,single_uu,RFW WM64,Objects,0.37,,50,within_sampled_range,UI,118,95.83333333333334,runs/yin_latest_vgg_20260927/single_noise/r21vgg2k_vgg16_bn_aa5_s42/faces_rfwWM64/objects/results.csv,UI
bin5,VGG2k / bin5,r21vgg2k_vgg16_bn_aa5_s42,face_transfer,124,single_uu,RFW WM64,Objects,0.37,,50,within_sampled_range,UI,119,95.83333333333334,runs/yin_latest_vgg_20260927/single_noise/r21vgg2k_vgg16_bn_aa5_s42/faces_rfwWM64/objects/results.csv,UI
bin5,VGG2k / bin5,r21vgg2k_vgg16_bn_aa5_s42,face_transfer,124,single_uu,RFW WM64,Objects,0.37,,50,within_sampled_range,UI,120,91.66666666666666,runs/yin_latest_vgg_20260927/single_noise/r21vgg2k_vgg16_bn_aa5_s42/faces_rfwWM64/objects/results.csv,UI
bin5,VGG2k / bin5,r21vgg2k_vgg16_bn_aa5_s42,face_transfer,124,single_uu,RFW WM64,Objects,0.37,,50,within_sampled_range,UI,121,83.33333333333334,runs/yin_latest_vgg_20260927/single_noise/r21vgg2k_vgg16_bn_aa5_s42/faces_rfwWM64/objects/results.csv,UI
bin5,VGG2k / bin5,r21vgg2k_vgg16_bn_aa5_s42,face_transfer,124,single_uu,RFW WM64,Objects,0.37,,50,within_sampled_range,UI,122,70.83333333333334,runs/yin_latest_vgg_20260927/single_noise/r21vgg2k_vgg16_bn_aa5_s42/faces_rfwWM64/objects/results.csv,UI
bin5,VGG2k / bin5,r21vgg2k_vgg16_bn_aa5_s42,face_transfer,124,single_uu,RFW WM64,Objects,0.37,,50,within_sampled_range,UI,123,83.33333333333334,runs/yin_latest_vgg_20260927/single_noise/r21vgg2k_vgg16_bn_aa5_s42/faces_rfwWM64/objects/results.csv,UI
bin5,VGG2k / bin5,r21vgg2k_vgg16_bn_aa5_s42,face_transfer,124,single_uu,RFW WM64,Objects,0.37,,50,within_sampled_range,UI,124,79.16666666666666,runs/yin_latest_vgg_20260927/single_noise/r21vgg2k_vgg16_bn_aa5_s42/faces_rfwWM64/objects/results.csv,UI
bin5,VGG2k / bin5,r21vgg2k_vgg16_bn_aa5_s42,face_transfer,124,single_uu,RFW WM64,Objects,0.37,,50,within_sampled_range,UI,125,91.66666666666666,runs/yin_latest_vgg_20260927/single_noise/r21vgg2k_vgg16_bn_aa5_s42/faces_rfwWM64/objects/results.csv,UI
bin5,VGG2k / bin5,r21vgg2k_vgg16_bn_aa5_s42,face_transfer,124,single_uu,RFW WM64,Objects,0.37,,50,within_sampled_range,UI,126,95.83333333333334,runs/yin_latest_vgg_20260927/single_noise/r21vgg2k_vgg16_bn_aa5_s42/faces_rfwWM64/objects/results.csv,UI
bin5,VGG2k / bin5,r21vgg2k_vgg16_bn_aa5_s42,face_transfer,124,single_uu,RFW WM64,Objects,0.37,,50,within_sampled_range,UI,127,87.5,runs/yin_latest_vgg_20260927/single_noise/r21vgg2k_vgg16_bn_aa5_s42/faces_rfwWM64/objects/results.csv,UI
bin5,VGG2k / bin5,r21vgg2k_vgg16_bn_aa5_s42,face_transfer,124,single_uu,RFW WM64,Objects,0.37,,50,within_sampled_range,UI,128,95.83333333333334,runs/yin_latest_vgg_20260927/single_noise/r21vgg2k_vgg16_bn_aa5_s42/faces_rfwWM64/objects/results.csv,UI
bin5,VGG2k / bin5,r21vgg2k_vgg16_bn_aa5_s42,face_transfer,124,single_uu,RFW WM64,Objects,0.37,,50,within_sampled_range,UI,129,100.0,runs/yin_latest_vgg_20260927/single_noise/r21vgg2k_vgg16_bn_aa5_s42/faces_rfwWM64/objects/results.csv,UI
bin5,VGG2k / bin5,r21vgg2k_vgg16_bn_aa5_s42,face_transfer,124,single_uu,RFW WM64,Objects,0.37,,50,within_sampled_range,UI,130,87.5,runs/yin_latest_vgg_20260927/single_noise/r21vgg2k_vgg16_bn_aa5_s42/faces_rfwWM64/objects/results.csv,UI
bin5,VGG2k / bin5,r21vgg2k_vgg16_bn_aa5_s42,face_transfer,124,single_uu,RFW WM64,Objects,0.37,,50,within_sampled_range,UI,131,91.66666666666666,runs/yin_latest_vgg_20260927/single_noise/r21vgg2k_vgg16_bn_aa5_s42/faces_rfwWM64/objects/results.csv,UI
bin5,VGG2k / bin5,r21vgg2k_vgg16_bn_aa5_s42,face_transfer,124,single_uu,RFW WM64,Objects,0.37,,50,within_sampled_range,UI,132,79.16666666666666,runs/yin_latest_vgg_20260927/single_noise/r21vgg2k_vgg16_bn_aa5_s42/faces_rfwWM64/objects/results.csv,UI
bin5,VGG2k / bin5,r21vgg2k_vgg16_bn_aa5_s42,face_transfer,124,single_uu,RFW WM64,Objects,0.37,,50,within_sampled_range,UI,133,91.66666666666666,runs/yin_latest_vgg_20260927/single_noise/r21vgg2k_vgg16_bn_aa5_s42/faces_rfwWM64/objects/results.csv,UI
bin5,VGG2k / bin5,r21vgg2k_vgg16_bn_aa5_s42,face_transfer,124,single_uu,RFW WM64,Objects,0.37,,50,within_sampled_range,UI,134,91.66666666666666,runs/yin_latest_vgg_20260927/single_noise/r21vgg2k_vgg16_bn_aa5_s42/faces_rfwWM64/objects/results.csv,UI
bin5,VGG2k / bin5,r21vgg2k_vgg16_bn_aa5_s42,face_transfer,124,single_uu,RFW WM64,Objects,0.37,,50,within_sampled_range,UI,135,87.5,runs/yin_latest_vgg_20260927/single_noise/r21vgg2k_vgg16_bn_aa5_s42/faces_rfwWM64/objects/results.csv,UI
bin5,VGG2k / bin5,r21vgg2k_vgg16_bn_aa5_s42,face_transfer,124,single_uu,RFW WM64,Objects,0.37,,50,within_sampled_range,UI,136,91.66666666666666,runs/yin_latest_vgg_20260927/single_noise/r21vgg2k_vgg16_bn_aa5_s42/faces_rfwWM64/objects/results.csv,UI
bin5,VGG2k / bin5,r21vgg2k_vgg16_bn_aa5_s42,face_transfer,124,single_uu,RFW WM64,Objects,0.37,,50,within_sampled_range,UI,137,91.66666666666666,runs/yin_latest_vgg_20260927/single_noise/r21vgg2k_vgg16_bn_aa5_s42/faces_rfwWM64/objects/results.csv,UI
bin5,VGG2k / bin5,r21vgg2k_vgg16_bn_aa5_s42,face_transfer,124,single_uu,RFW WM64,Objects,0.37,,50,within_sampled_range,UI,138,87.5,runs/yin_latest_vgg_20260927/single_noise/r21vgg2k_vgg16_bn_aa5_s42/faces_rfwWM64/objects/results.csv,UI
bin5,VGG2k / bin5,r21vgg2k_vgg16_bn_aa5_s42,face_transfer,124,single_uu,RFW WM64,Objects,0.37,,50,within_sampled_range,UI,139,83.33333333333334,runs/yin_latest_vgg_20260927/single_noise/r21vgg2k_vgg16_bn_aa5_s42/faces_rfwWM64/objects/results.csv,UI
bin5,VGG2k / bin5,r21vgg2k_vgg16_bn_aa5_s42,face_transfer,124,single_uu,RFW WM64,Objects,0.37,,50,within_sampled_range,UI,140,79.16666666666666,runs/yin_latest_vgg_20260927/single_noise/r21vgg2k_vgg16_bn_aa5_s42/faces_rfwWM64/objects/results.csv,UI
bin5,VGG2k / bin5,r21vgg2k_vgg16_bn_aa5_s42,face_transfer,124,single_uu,RFW WM64,Objects,0.37,,50,within_sampled_range,UI,141,83.33333333333334,runs/yin_latest_vgg_20260927/single_noise/r21vgg2k_vgg16_bn_aa5_s42/faces_rfwWM64/objects/results.csv,UI
bin5,VGG2k / bin5,r21vgg2k_vgg16_bn_aa5_s42,face_transfer,124,single_uu,RFW WM64,Objects,0.37,,50,within_sampled_range,UI,142,87.5,runs/yin_latest_vgg_20260927/single_noise/r21vgg2k_vgg16_bn_aa5_s42/faces_rfwWM64/objects/results.csv,UI
bin5,VGG2k / bin5,r21vgg2k_vgg16_bn_aa5_s42,face_transfer,124,single_uu,RFW WM64,Objects,0.37,,50,within_sampled_range,UI,143,87.5,runs/yin_latest_vgg_20260927/single_noise/r21vgg2k_vgg16_bn_aa5_s42/faces_rfwWM64/objects/results.csv,UI
bin5,VGG2k / bin5,r21vgg2k_vgg16_bn_aa5_s42,face_transfer,124,single_uu,RFW WM64,Objects,0.37,,50,within_sampled_range,UI,144,91.66666666666666,runs/yin_latest_vgg_20260927/single_noise/r21vgg2k_vgg16_bn_aa5_s42/faces_rfwWM64/objects/results.csv,UI
bin5,VGG2k / bin5,r21vgg2k_vgg16_bn_aa5_s42,face_transfer,124,single_uu,RFW WM64,Objects,0.37,,50,within_sampled_range,UI,145,87.5,runs/yin_latest_vgg_20260927/single_noise/r21vgg2k_vgg16_bn_aa5_s42/faces_rfwWM64/objects/results.csv,UI
bin5,VGG2k / bin5,r21vgg2k_vgg16_bn_aa5_s42,face_transfer,124,single_uu,RFW WM64,Objects,0.37,,50,within_sampled_range,UI,146,95.83333333333334,runs/yin_latest_vgg_20260927/single_noise/r21vgg2k_vgg16_bn_aa5_s42/faces_rfwWM64/objects/results.csv,UI
bin5,VGG2k / bin5,r21vgg2k_vgg16_bn_aa5_s42,face_transfer,124,single_uu,RFW WM64,Objects,0.37,,50,within_sampled_range,UI,147,91.66666666666666,runs/yin_latest_vgg_20260927/single_noise/r21vgg2k_vgg16_bn_aa5_s42/faces_rfwWM64/objects/results.csv,UI
bin5,VGG2k / bin5,r21vgg2k_vgg16_bn_aa5_s42,face_transfer,124,single_uu,RFW WM64,Objects,0.37,,50,within_sampled_range,UI,148,91.66666666666666,runs/yin_latest_vgg_20260927/single_noise/r21vgg2k_vgg16_bn_aa5_s42/faces_rfwWM64/objects/results.csv,UI
bin5,VGG2k / bin5,r21vgg2k_vgg16_bn_aa5_s42,face_transfer,124,single_uu,RFW WM64,Objects,0.37,,50,within_sampled_range,UI,149,87.5,runs/yin_latest_vgg_20260927/single_noise/r21vgg2k_vgg16_bn_aa5_s42/faces_rfwWM64/objects/results.csv,UI
bin5,VGG2k / bin5,r21vgg2k_vgg16_bn_aa5_s42,face_transfer,124,single_uu,RFW WM64,Objects,0.37,,50,within_sampled_range,UI,150,87.5,runs/yin_latest_vgg_20260927/single_noise/r21vgg2k_vgg16_bn_aa5_s42/faces_rfwWM64/objects/results.csv,UI
bin5,VGG2k / bin5,r21vgg2k_vgg16_bn_aa5_s42,face_transfer,124,single_uu,RFW WM64,Objects,0.37,,50,within_sampled_range,IU,101,95.83333333333334,runs/yin_latest_vgg_20260927/single_noise/r21vgg2k_vgg16_bn_aa5_s42/faces_rfwWM64/objects/results.csv,IU
bin5,VGG2k / bin5,r21vgg2k_vgg16_bn_aa5_s42,face_transfer,124,single_uu,RFW WM64,Objects,0.37,,50,within_sampled_range,IU,102,91.66666666666666,runs/yin_latest_vgg_20260927/single_noise/r21vgg2k_vgg16_bn_aa5_s42/faces_rfwWM64/objects/results.csv,IU
bin5,VGG2k / bin5,r21vgg2k_vgg16_bn_aa5_s42,face_transfer,124,single_uu,RFW WM64,Objects,0.37,,50,within_sampled_range,IU,103,91.66666666666666,runs/yin_latest_vgg_20260927/single_noise/r21vgg2k_vgg16_bn_aa5_s42/faces_rfwWM64/objects/results.csv,IU
bin5,VGG2k / bin5,r21vgg2k_vgg16_bn_aa5_s42,face_transfer,124,single_uu,RFW WM64,Objects,0.37,,50,within_sampled_range,IU,104,91.66666666666666,runs/yin_latest_vgg_20260927/single_noise/r21vgg2k_vgg16_bn_aa5_s42/faces_rfwWM64/objects/results.csv,IU
bin5,VGG2k / bin5,r21vgg2k_vgg16_bn_aa5_s42,face_transfer,124,single_uu,RFW WM64,Objects,0.37,,50,within_sampled_range,IU,105,87.5,runs/yin_latest_vgg_20260927/single_noise/r21vgg2k_vgg16_bn_aa5_s42/faces_rfwWM64/objects/results.csv,IU
bin5,VGG2k / bin5,r21vgg2k_vgg16_bn_aa5_s42,face_transfer,124,single_uu,RFW WM64,Objects,0.37,,50,within_sampled_range,IU,106,91.66666666666666,runs/yin_latest_vgg_20260927/single_noise/r21vgg2k_vgg16_bn_aa5_s42/faces_rfwWM64/objects/results.csv,IU
bin5,VGG2k / bin5,r21vgg2k_vgg16_bn_aa5_s42,face_transfer,124,single_uu,RFW WM64,Objects,0.37,,50,within_sampled_range,IU,107,87.5,runs/yin_latest_vgg_20260927/single_noise/r21vgg2k_vgg16_bn_aa5_s42/faces_rfwWM64/objects/results.csv,IU
bin5,VGG2k / bin5,r21vgg2k_vgg16_bn_aa5_s42,face_transfer,124,single_uu,RFW WM64,Objects,0.37,,50,within_sampled_range,IU,108,87.5,runs/yin_latest_vgg_20260927/single_noise/r21vgg2k_vgg16_bn_aa5_s42/faces_rfwWM64/objects/results.csv,IU
bin5,VGG2k / bin5,r21vgg2k_vgg16_bn_aa5_s42,face_transfer,124,single_uu,RFW WM64,Objects,0.37,,50,within_sampled_range,IU,109,91.66666666666666,runs/yin_latest_vgg_20260927/single_noise/r21vgg2k_vgg16_bn_aa5_s42/faces_rfwWM64/objects/results.csv,IU
bin5,VGG2k / bin5,r21vgg2k_vgg16_bn_aa5_s42,face_transfer,124,single_uu,RFW WM64,Objects,0.37,,50,within_sampled_range,IU,110,75.0,runs/yin_latest_vgg_20260927/single_noise/r21vgg2k_vgg16_bn_aa5_s42/faces_rfwWM64/objects/results.csv,IU
bin5,VGG2k / bin5,r21vgg2k_vgg16_bn_aa5_s42,face_transfer,124,single_uu,RFW WM64,Objects,0.37,,50,within_sampled_range,IU,111,87.5,runs/yin_latest_vgg_20260927/single_noise/r21vgg2k_vgg16_bn_aa5_s42/faces_rfwWM64/objects/results.csv,IU
bin5,VGG2k / bin5,r21vgg2k_vgg16_bn_aa5_s42,face_transfer,124,single_uu,RFW WM64,Objects,0.37,,50,within_sampled_range,IU,112,91.66666666666666,runs/yin_latest_vgg_20260927/single_noise/r21vgg2k_vgg16_bn_aa5_s42/faces_rfwWM64/objects/results.csv,IU
bin5,VGG2k / bin5,r21vgg2k_vgg16_bn_aa5_s42,face_transfer,124,single_uu,RFW WM64,Objects,0.37,,50,within_sampled_range,IU,113,83.33333333333334,runs/yin_latest_vgg_20260927/single_noise/r21vgg2k_vgg16_bn_aa5_s42/faces_rfwWM64/objects/results.csv,IU
bin5,VGG2k / bin5,r21vgg2k_vgg16_bn_aa5_s42,face_transfer,124,single_uu,RFW WM64,Objects,0.37,,50,within_sampled_range,IU,114,100.0,runs/yin_latest_vgg_20260927/single_noise/r21vgg2k_vgg16_bn_aa5_s42/faces_rfwWM64/objects/results.csv,IU
bin5,VGG2k / bin5,r21vgg2k_vgg16_bn_aa5_s42,face_transfer,124,single_uu,RFW WM64,Objects,0.37,,50,within_sampled_range,IU,115,95.83333333333334,runs/yin_latest_vgg_20260927/single_noise/r21vgg2k_vgg16_bn_aa5_s42/faces_rfwWM64/objects/results.csv,IU
bin5,VGG2k / bin5,r21vgg2k_vgg16_bn_aa5_s42,face_transfer,124,single_uu,RFW WM64,Objects,0.37,,50,within_sampled_range,IU,116,91.66666666666666,runs/yin_latest_vgg_20260927/single_noise/r21vgg2k_vgg16_bn_aa5_s42/faces_rfwWM64/objects/results.csv,IU
bin5,VGG2k / bin5,r21vgg2k_vgg16_bn_aa5_s42,face_transfer,124,single_uu,RFW WM64,Objects,0.37,,50,within_sampled_range,IU,117,91.66666666666666,runs/yin_latest_vgg_20260927/single_noise/r21vgg2k_vgg16_bn_aa5_s42/faces_rfwWM64/objects/results.csv,IU
bin5,VGG2k / bin5,r21vgg2k_vgg16_bn_aa5_s42,face_transfer,124,single_uu,RFW WM64,Objects,0.37,,50,within_sampled_range,IU,118,100.0,runs/yin_latest_vgg_20260927/single_noise/r21vgg2k_vgg16_bn_aa5_s42/faces_rfwWM64/objects/results.csv,IU
bin5,VGG2k / bin5,r21vgg2k_vgg16_bn_aa5_s42,face_transfer,124,single_uu,RFW WM64,Objects,0.37,,50,within_sampled_range,IU,119,100.0,runs/yin_latest_vgg_20260927/single_noise/r21vgg2k_vgg16_bn_aa5_s42/faces_rfwWM64/objects/results.csv,IU
bin5,VGG2k / bin5,r21vgg2k_vgg16_bn_aa5_s42,face_transfer,124,single_uu,RFW WM64,Objects,0.37,,50,within_sampled_range,IU,120,91.66666666666666,runs/yin_latest_vgg_20260927/single_noise/r21vgg2k_vgg16_bn_aa5_s42/faces_rfwWM64/objects/results.csv,IU
bin5,VGG2k / bin5,r21vgg2k_vgg16_bn_aa5_s42,face_transfer,124,single_uu,RFW WM64,Objects,0.37,,50,within_sampled_range,IU,121,87.5,runs/yin_latest_vgg_20260927/single_noise/r21vgg2k_vgg16_bn_aa5_s42/faces_rfwWM64/objects/results.csv,IU
bin5,VGG2k / bin5,r21vgg2k_vgg16_bn_aa5_s42,face_transfer,124,single_uu,RFW WM64,Objects,0.37,,50,within_sampled_range,IU,122,83.33333333333334,runs/yin_latest_vgg_20260927/single_noise/r21vgg2k_vgg16_bn_aa5_s42/faces_rfwWM64/objects/results.csv,IU
bin5,VGG2k / bin5,r21vgg2k_vgg16_bn_aa5_s42,face_transfer,124,single_uu,RFW WM64,Objects,0.37,,50,within_sampled_range,IU,123,91.66666666666666,runs/yin_latest_vgg_20260927/single_noise/r21vgg2k_vgg16_bn_aa5_s42/faces_rfwWM64/objects/results.csv,IU
bin5,VGG2k / bin5,r21vgg2k_vgg16_bn_aa5_s42,face_transfer,124,single_uu,RFW WM64,Objects,0.37,,50,within_sampled_range,IU,124,87.5,runs/yin_latest_vgg_20260927/single_noise/r21vgg2k_vgg16_bn_aa5_s42/faces_rfwWM64/objects/results.csv,IU
bin5,VGG2k / bin5,r21vgg2k_vgg16_bn_aa5_s42,face_transfer,124,single_uu,RFW WM64,Objects,0.37,,50,within_sampled_range,IU,125,91.66666666666666,runs/yin_latest_vgg_20260927/single_noise/r21vgg2k_vgg16_bn_aa5_s42/faces_rfwWM64/objects/results.csv,IU
bin5,VGG2k / bin5,r21vgg2k_vgg16_bn_aa5_s42,face_transfer,124,single_uu,RFW WM64,Objects,0.37,,50,within_sampled_range,IU,126,91.66666666666666,runs/yin_latest_vgg_20260927/single_noise/r21vgg2k_vgg16_bn_aa5_s42/faces_rfwWM64/objects/results.csv,IU
bin5,VGG2k / bin5,r21vgg2k_vgg16_bn_aa5_s42,face_transfer,124,single_uu,RFW WM64,Objects,0.37,,50,within_sampled_range,IU,127,100.0,runs/yin_latest_vgg_20260927/single_noise/r21vgg2k_vgg16_bn_aa5_s42/faces_rfwWM64/objects/results.csv,IU
bin5,VGG2k / bin5,r21vgg2k_vgg16_bn_aa5_s42,face_transfer,124,single_uu,RFW WM64,Objects,0.37,,50,within_sampled_range,IU,128,95.83333333333334,runs/yin_latest_vgg_20260927/single_noise/r21vgg2k_vgg16_bn_aa5_s42/faces_rfwWM64/objects/results.csv,IU
bin5,VGG2k / bin5,r21vgg2k_vgg16_bn_aa5_s42,face_transfer,124,single_uu,RFW WM64,Objects,0.37,,50,within_sampled_range,IU,129,95.83333333333334,runs/yin_latest_vgg_20260927/single_noise/r21vgg2k_vgg16_bn_aa5_s42/faces_rfwWM64/objects/results.csv,IU
bin5,VGG2k / bin5,r21vgg2k_vgg16_bn_aa5_s42,face_transfer,124,single_uu,RFW WM64,Objects,0.37,,50,within_sampled_range,IU,130,100.0,runs/yin_latest_vgg_20260927/single_noise/r21vgg2k_vgg16_bn_aa5_s42/faces_rfwWM64/objects/results.csv,IU
bin5,VGG2k / bin5,r21vgg2k_vgg16_bn_aa5_s42,face_transfer,124,single_uu,RFW WM64,Objects,0.37,,50,within_sampled_range,IU,131,95.83333333333334,runs/yin_latest_vgg_20260927/single_noise/r21vgg2k_vgg16_bn_aa5_s42/faces_rfwWM64/objects/results.csv,IU
bin5,VGG2k / bin5,r21vgg2k_vgg16_bn_aa5_s42,face_transfer,124,single_uu,RFW WM64,Objects,0.37,,50,within_sampled_range,IU,132,91.66666666666666,runs/yin_latest_vgg_20260927/single_noise/r21vgg2k_vgg16_bn_aa5_s42/faces_rfwWM64/objects/results.csv,IU
bin5,VGG2k / bin5,r21vgg2k_vgg16_bn_aa5_s42,face_transfer,124,single_uu,RFW WM64,Objects,0.37,,50,within_sampled_range,IU,133,87.5,runs/yin_latest_vgg_20260927/single_noise/r21vgg2k_vgg16_bn_aa5_s42/faces_rfwWM64/objects/results.csv,IU
bin5,VGG2k / bin5,r21vgg2k_vgg16_bn_aa5_s42,face_transfer,124,single_uu,RFW WM64,Objects,0.37,,50,within_sampled_range,IU,134,79.16666666666666,runs/yin_latest_vgg_20260927/single_noise/r21vgg2k_vgg16_bn_aa5_s42/faces_rfwWM64/objects/results.csv,IU
bin5,VGG2k / bin5,r21vgg2k_vgg16_bn_aa5_s42,face_transfer,124,single_uu,RFW WM64,Objects,0.37,,50,within_sampled_range,IU,135,91.66666666666666,runs/yin_latest_vgg_20260927/single_noise/r21vgg2k_vgg16_bn_aa5_s42/faces_rfwWM64/objects/results.csv,IU
bin5,VGG2k / bin5,r21vgg2k_vgg16_bn_aa5_s42,face_transfer,124,single_uu,RFW WM64,Objects,0.37,,50,within_sampled_range,IU,136,100.0,runs/yin_latest_vgg_20260927/single_noise/r21vgg2k_vgg16_bn_aa5_s42/faces_rfwWM64/objects/results.csv,IU
bin5,VGG2k / bin5,r21vgg2k_vgg16_bn_aa5_s42,face_transfer,124,single_uu,RFW WM64,Objects,0.37,,50,within_sampled_range,IU,137,95.83333333333334,runs/yin_latest_vgg_20260927/single_noise/r21vgg2k_vgg16_bn_aa5_s42/faces_rfwWM64/objects/results.csv,IU
bin5,VGG2k / bin5,r21vgg2k_vgg16_bn_aa5_s42,face_transfer,124,single_uu,RFW WM64,Objects,0.37,,50,within_sampled_range,IU,138,95.83333333333334,runs/yin_latest_vgg_20260927/single_noise/r21vgg2k_vgg16_bn_aa5_s42/faces_rfwWM64/objects/results.csv,IU
bin5,VGG2k / bin5,r21vgg2k_vgg16_bn_aa5_s42,face_transfer,124,single_uu,RFW WM64,Objects,0.37,,50,within_sampled_range,IU,139,87.5,runs/yin_latest_vgg_20260927/single_noise/r21vgg2k_vgg16_bn_aa5_s42/faces_rfwWM64/objects/results.csv,IU
bin5,VGG2k / bin5,r21vgg2k_vgg16_bn_aa5_s42,face_transfer,124,single_uu,RFW WM64,Objects,0.37,,50,within_sampled_range,IU,140,87.5,runs/yin_latest_vgg_20260927/single_noise/r21vgg2k_vgg16_bn_aa5_s42/faces_rfwWM64/objects/results.csv,IU
bin5,VGG2k / bin5,r21vgg2k_vgg16_bn_aa5_s42,face_transfer,124,single_uu,RFW WM64,Objects,0.37,,50,within_sampled_range,IU,141,87.5,runs/yin_latest_vgg_20260927/single_noise/r21vgg2k_vgg16_bn_aa5_s42/faces_rfwWM64/objects/results.csv,IU
bin5,VGG2k / bin5,r21vgg2k_vgg16_bn_aa5_s42,face_transfer,124,single_uu,RFW WM64,Objects,0.37,,50,within_sampled_range,IU,142,87.5,runs/yin_latest_vgg_20260927/single_noise/r21vgg2k_vgg16_bn_aa5_s42/faces_rfwWM64/objects/results.csv,IU
bin5,VGG2k / bin5,r21vgg2k_vgg16_bn_aa5_s42,face_transfer,124,single_uu,RFW WM64,Objects,0.37,,50,within_sampled_range,IU,143,91.66666666666666,runs/yin_latest_vgg_20260927/single_noise/r21vgg2k_vgg16_bn_aa5_s42/faces_rfwWM64/objects/results.csv,IU
bin5,VGG2k / bin5,r21vgg2k_vgg16_bn_aa5_s42,face_transfer,124,single_uu,RFW WM64,Objects,0.37,,50,within_sampled_range,IU,144,95.83333333333334,runs/yin_latest_vgg_20260927/single_noise/r21vgg2k_vgg16_bn_aa5_s42/faces_rfwWM64/objects/results.csv,IU
bin5,VGG2k / bin5,r21vgg2k_vgg16_bn_aa5_s42,face_transfer,124,single_uu,RFW WM64,Objects,0.37,,50,within_sampled_range,IU,145,91.66666666666666,runs/yin_latest_vgg_20260927/single_noise/r21vgg2k_vgg16_bn_aa5_s42/faces_rfwWM64/objects/results.csv,IU
bin5,VGG2k / bin5,r21vgg2k_vgg16_bn_aa5_s42,face_transfer,124,single_uu,RFW WM64,Objects,0.37,,50,within_sampled_range,IU,146,91.66666666666666,runs/yin_latest_vgg_20260927/single_noise/r21vgg2k_vgg16_bn_aa5_s42/faces_rfwWM64/objects/results.csv,IU
bin5,VGG2k / bin5,r21vgg2k_vgg16_bn_aa5_s42,face_transfer,124,single_uu,RFW WM64,Objects,0.37,,50,within_sampled_range,IU,147,95.83333333333334,runs/yin_latest_vgg_20260927/single_noise/r21vgg2k_vgg16_bn_aa5_s42/faces_rfwWM64/objects/results.csv,IU
bin5,VGG2k / bin5,r21vgg2k_vgg16_bn_aa5_s42,face_transfer,124,single_uu,RFW WM64,Objects,0.37,,50,within_sampled_range,IU,148,79.16666666666666,runs/yin_latest_vgg_20260927/single_noise/r21vgg2k_vgg16_bn_aa5_s42/faces_rfwWM64/objects/results.csv,IU
bin5,VGG2k / bin5,r21vgg2k_vgg16_bn_aa5_s42,face_transfer,124,single_uu,RFW WM64,Objects,0.37,,50,within_sampled_range,IU,149,91.66666666666666,runs/yin_latest_vgg_20260927/single_noise/r21vgg2k_vgg16_bn_aa5_s42/faces_rfwWM64/objects/results.csv,IU
bin5,VGG2k / bin5,r21vgg2k_vgg16_bn_aa5_s42,face_transfer,124,single_uu,RFW WM64,Objects,0.37,,50,within_sampled_range,IU,150,100.0,runs/yin_latest_vgg_20260927/single_noise/r21vgg2k_vgg16_bn_aa5_s42/faces_rfwWM64/objects/results.csv,IU
bin5,VGG2k / bin5,r21vgg2k_vgg16_bn_aa5_s42,face_transfer,124,two_cross,RFW WM64,Objects,0.37,0.39,50,within_sampled_range,UU,101,100.0,runs/yin_latest_vgg_20260927/transfer/results/r21vgg2k_vgg16_bn_aa5_s42/faces_rfwWM64/objects/results.csv,UU
bin5,VGG2k / bin5,r21vgg2k_vgg16_bn_aa5_s42,face_transfer,124,two_cross,RFW WM64,Objects,0.37,0.39,50,within_sampled_range,UU,102,95.83333333333334,runs/yin_latest_vgg_20260927/transfer/results/r21vgg2k_vgg16_bn_aa5_s42/faces_rfwWM64/objects/results.csv,UU
bin5,VGG2k / bin5,r21vgg2k_vgg16_bn_aa5_s42,face_transfer,124,two_cross,RFW WM64,Objects,0.37,0.39,50,within_sampled_range,UU,103,100.0,runs/yin_latest_vgg_20260927/transfer/results/r21vgg2k_vgg16_bn_aa5_s42/faces_rfwWM64/objects/results.csv,UU
bin5,VGG2k / bin5,r21vgg2k_vgg16_bn_aa5_s42,face_transfer,124,two_cross,RFW WM64,Objects,0.37,0.39,50,within_sampled_range,UU,104,100.0,runs/yin_latest_vgg_20260927/transfer/results/r21vgg2k_vgg16_bn_aa5_s42/faces_rfwWM64/objects/results.csv,UU
bin5,VGG2k / bin5,r21vgg2k_vgg16_bn_aa5_s42,face_transfer,124,two_cross,RFW WM64,Objects,0.37,0.39,50,within_sampled_range,UU,105,95.83333333333334,runs/yin_latest_vgg_20260927/transfer/results/r21vgg2k_vgg16_bn_aa5_s42/faces_rfwWM64/objects/results.csv,UU
bin5,VGG2k / bin5,r21vgg2k_vgg16_bn_aa5_s42,face_transfer,124,two_cross,RFW WM64,Objects,0.37,0.39,50,within_sampled_range,UU,106,95.83333333333334,runs/yin_latest_vgg_20260927/transfer/results/r21vgg2k_vgg16_bn_aa5_s42/faces_rfwWM64/objects/results.csv,UU
bin5,VGG2k / bin5,r21vgg2k_vgg16_bn_aa5_s42,face_transfer,124,two_cross,RFW WM64,Objects,0.37,0.39,50,within_sampled_range,UU,107,95.83333333333334,runs/yin_latest_vgg_20260927/transfer/results/r21vgg2k_vgg16_bn_aa5_s42/faces_rfwWM64/objects/results.csv,UU
bin5,VGG2k / bin5,r21vgg2k_vgg16_bn_aa5_s42,face_transfer,124,two_cross,RFW WM64,Objects,0.37,0.39,50,within_sampled_range,UU,108,83.33333333333334,runs/yin_latest_vgg_20260927/transfer/results/r21vgg2k_vgg16_bn_aa5_s42/faces_rfwWM64/objects/results.csv,UU
bin5,VGG2k / bin5,r21vgg2k_vgg16_bn_aa5_s42,face_transfer,124,two_cross,RFW WM64,Objects,0.37,0.39,50,within_sampled_range,UU,109,91.66666666666666,runs/yin_latest_vgg_20260927/transfer/results/r21vgg2k_vgg16_bn_aa5_s42/faces_rfwWM64/objects/results.csv,UU
bin5,VGG2k / bin5,r21vgg2k_vgg16_bn_aa5_s42,face_transfer,124,two_cross,RFW WM64,Objects,0.37,0.39,50,within_sampled_range,UU,110,87.5,runs/yin_latest_vgg_20260927/transfer/results/r21vgg2k_vgg16_bn_aa5_s42/faces_rfwWM64/objects/results.csv,UU
bin5,VGG2k / bin5,r21vgg2k_vgg16_bn_aa5_s42,face_transfer,124,two_cross,RFW WM64,Objects,0.37,0.39,50,within_sampled_range,UU,111,95.83333333333334,runs/yin_latest_vgg_20260927/transfer/results/r21vgg2k_vgg16_bn_aa5_s42/faces_rfwWM64/objects/results.csv,UU
bin5,VGG2k / bin5,r21vgg2k_vgg16_bn_aa5_s42,face_transfer,124,two_cross,RFW WM64,Objects,0.37,0.39,50,within_sampled_range,UU,112,91.66666666666666,runs/yin_latest_vgg_20260927/transfer/results/r21vgg2k_vgg16_bn_aa5_s42/faces_rfwWM64/objects/results.csv,UU
bin5,VGG2k / bin5,r21vgg2k_vgg16_bn_aa5_s42,face_transfer,124,two_cross,RFW WM64,Objects,0.37,0.39,50,within_sampled_range,UU,113,91.66666666666666,runs/yin_latest_vgg_20260927/transfer/results/r21vgg2k_vgg16_bn_aa5_s42/faces_rfwWM64/objects/results.csv,UU
bin5,VGG2k / bin5,r21vgg2k_vgg16_bn_aa5_s42,face_transfer,124,two_cross,RFW WM64,Objects,0.37,0.39,50,within_sampled_range,UU,114,91.66666666666666,runs/yin_latest_vgg_20260927/transfer/results/r21vgg2k_vgg16_bn_aa5_s42/faces_rfwWM64/objects/results.csv,UU
bin5,VGG2k / bin5,r21vgg2k_vgg16_bn_aa5_s42,face_transfer,124,two_cross,RFW WM64,Objects,0.37,0.39,50,within_sampled_range,UU,115,95.83333333333334,runs/yin_latest_vgg_20260927/transfer/results/r21vgg2k_vgg16_bn_aa5_s42/faces_rfwWM64/objects/results.csv,UU
bin5,VGG2k / bin5,r21vgg2k_vgg16_bn_aa5_s42,face_transfer,124,two_cross,RFW WM64,Objects,0.37,0.39,50,within_sampled_range,UU,116,100.0,runs/yin_latest_vgg_20260927/transfer/results/r21vgg2k_vgg16_bn_aa5_s42/faces_rfwWM64/objects/results.csv,UU
bin5,VGG2k / bin5,r21vgg2k_vgg16_bn_aa5_s42,face_transfer,124,two_cross,RFW WM64,Objects,0.37,0.39,50,within_sampled_range,UU,117,100.0,runs/yin_latest_vgg_20260927/transfer/results/r21vgg2k_vgg16_bn_aa5_s42/faces_rfwWM64/objects/results.csv,UU
bin5,VGG2k / bin5,r21vgg2k_vgg16_bn_aa5_s42,face_transfer,124,two_cross,RFW WM64,Objects,0.37,0.39,50,within_sampled_range,UU,118,91.66666666666666,runs/yin_latest_vgg_20260927/transfer/results/r21vgg2k_vgg16_bn_aa5_s42/faces_rfwWM64/objects/results.csv,UU
bin5,VGG2k / bin5,r21vgg2k_vgg16_bn_aa5_s42,face_transfer,124,two_cross,RFW WM64,Objects,0.37,0.39,50,within_sampled_range,UU,119,100.0,runs/yin_latest_vgg_20260927/transfer/results/r21vgg2k_vgg16_bn_aa5_s42/faces_rfwWM64/objects/results.csv,UU
bin5,VGG2k / bin5,r21vgg2k_vgg16_bn_aa5_s42,face_transfer,124,two_cross,RFW WM64,Objects,0.37,0.39,50,within_sampled_range,UU,120,91.66666666666666,runs/yin_latest_vgg_20260927/transfer/results/r21vgg2k_vgg16_bn_aa5_s42/faces_rfwWM64/objects/results.csv,UU
bin5,VGG2k / bin5,r21vgg2k_vgg16_bn_aa5_s42,face_transfer,124,two_cross,RFW WM64,Objects,0.37,0.39,50,within_sampled_range,UU,121,87.5,runs/yin_latest_vgg_20260927/transfer/results/r21vgg2k_vgg16_bn_aa5_s42/faces_rfwWM64/objects/results.csv,UU
bin5,VGG2k / bin5,r21vgg2k_vgg16_bn_aa5_s42,face_transfer,124,two_cross,RFW WM64,Objects,0.37,0.39,50,within_sampled_range,UU,122,100.0,runs/yin_latest_vgg_20260927/transfer/results/r21vgg2k_vgg16_bn_aa5_s42/faces_rfwWM64/objects/results.csv,UU
bin5,VGG2k / bin5,r21vgg2k_vgg16_bn_aa5_s42,face_transfer,124,two_cross,RFW WM64,Objects,0.37,0.39,50,within_sampled_range,UU,123,91.66666666666666,runs/yin_latest_vgg_20260927/transfer/results/r21vgg2k_vgg16_bn_aa5_s42/faces_rfwWM64/objects/results.csv,UU
bin5,VGG2k / bin5,r21vgg2k_vgg16_bn_aa5_s42,face_transfer,124,two_cross,RFW WM64,Objects,0.37,0.39,50,within_sampled_range,UU,124,100.0,runs/yin_latest_vgg_20260927/transfer/results/r21vgg2k_vgg16_bn_aa5_s42/faces_rfwWM64/objects/results.csv,UU
bin5,VGG2k / bin5,r21vgg2k_vgg16_bn_aa5_s42,face_transfer,124,two_cross,RFW WM64,Objects,0.37,0.39,50,within_sampled_range,UU,125,91.66666666666666,runs/yin_latest_vgg_20260927/transfer/results/r21vgg2k_vgg16_bn_aa5_s42/faces_rfwWM64/objects/results.csv,UU
bin5,VGG2k / bin5,r21vgg2k_vgg16_bn_aa5_s42,face_transfer,124,two_cross,RFW WM64,Objects,0.37,0.39,50,within_sampled_range,UU,126,95.83333333333334,runs/yin_latest_vgg_20260927/transfer/results/r21vgg2k_vgg16_bn_aa5_s42/faces_rfwWM64/objects/results.csv,UU
bin5,VGG2k / bin5,r21vgg2k_vgg16_bn_aa5_s42,face_transfer,124,two_cross,RFW WM64,Objects,0.37,0.39,50,within_sampled_range,UU,127,95.83333333333334,runs/yin_latest_vgg_20260927/transfer/results/r21vgg2k_vgg16_bn_aa5_s42/faces_rfwWM64/objects/results.csv,UU
bin5,VGG2k / bin5,r21vgg2k_vgg16_bn_aa5_s42,face_transfer,124,two_cross,RFW WM64,Objects,0.37,0.39,50,within_sampled_range,UU,128,95.83333333333334,runs/yin_latest_vgg_20260927/transfer/results/r21vgg2k_vgg16_bn_aa5_s42/faces_rfwWM64/objects/results.csv,UU
bin5,VGG2k / bin5,r21vgg2k_vgg16_bn_aa5_s42,face_transfer,124,two_cross,RFW WM64,Objects,0.37,0.39,50,within_sampled_range,UU,129,100.0,runs/yin_latest_vgg_20260927/transfer/results/r21vgg2k_vgg16_bn_aa5_s42/faces_rfwWM64/objects/results.csv,UU
bin5,VGG2k / bin5,r21vgg2k_vgg16_bn_aa5_s42,face_transfer,124,two_cross,RFW WM64,Objects,0.37,0.39,50,within_sampled_range,UU,130,100.0,runs/yin_latest_vgg_20260927/transfer/results/r21vgg2k_vgg16_bn_aa5_s42/faces_rfwWM64/objects/results.csv,UU
bin5,VGG2k / bin5,r21vgg2k_vgg16_bn_aa5_s42,face_transfer,124,two_cross,RFW WM64,Objects,0.37,0.39,50,within_sampled_range,UU,131,100.0,runs/yin_latest_vgg_20260927/transfer/results/r21vgg2k_vgg16_bn_aa5_s42/faces_rfwWM64/objects/results.csv,UU
bin5,VGG2k / bin5,r21vgg2k_vgg16_bn_aa5_s42,face_transfer,124,two_cross,RFW WM64,Objects,0.37,0.39,50,within_sampled_range,UU,132,100.0,runs/yin_latest_vgg_20260927/transfer/results/r21vgg2k_vgg16_bn_aa5_s42/faces_rfwWM64/objects/results.csv,UU
bin5,VGG2k / bin5,r21vgg2k_vgg16_bn_aa5_s42,face_transfer,124,two_cross,RFW WM64,Objects,0.37,0.39,50,within_sampled_range,UU,133,100.0,runs/yin_latest_vgg_20260927/transfer/results/r21vgg2k_vgg16_bn_aa5_s42/faces_rfwWM64/objects/results.csv,UU
bin5,VGG2k / bin5,r21vgg2k_vgg16_bn_aa5_s42,face_transfer,124,two_cross,RFW WM64,Objects,0.37,0.39,50,within_sampled_range,UU,134,95.83333333333334,runs/yin_latest_vgg_20260927/transfer/results/r21vgg2k_vgg16_bn_aa5_s42/faces_rfwWM64/objects/results.csv,UU
bin5,VGG2k / bin5,r21vgg2k_vgg16_bn_aa5_s42,face_transfer,124,two_cross,RFW WM64,Objects,0.37,0.39,50,within_sampled_range,UU,135,95.83333333333334,runs/yin_latest_vgg_20260927/transfer/results/r21vgg2k_vgg16_bn_aa5_s42/faces_rfwWM64/objects/results.csv,UU
bin5,VGG2k / bin5,r21vgg2k_vgg16_bn_aa5_s42,face_transfer,124,two_cross,RFW WM64,Objects,0.37,0.39,50,within_sampled_range,UU,136,91.66666666666666,runs/yin_latest_vgg_20260927/transfer/results/r21vgg2k_vgg16_bn_aa5_s42/faces_rfwWM64/objects/results.csv,UU
bin5,VGG2k / bin5,r21vgg2k_vgg16_bn_aa5_s42,face_transfer,124,two_cross,RFW WM64,Objects,0.37,0.39,50,within_sampled_range,UU,137,91.66666666666666,runs/yin_latest_vgg_20260927/transfer/results/r21vgg2k_vgg16_bn_aa5_s42/faces_rfwWM64/objects/results.csv,UU
bin5,VGG2k / bin5,r21vgg2k_vgg16_bn_aa5_s42,face_transfer,124,two_cross,RFW WM64,Objects,0.37,0.39,50,within_sampled_range,UU,138,100.0,runs/yin_latest_vgg_20260927/transfer/results/r21vgg2k_vgg16_bn_aa5_s42/faces_rfwWM64/objects/results.csv,UU
bin5,VGG2k / bin5,r21vgg2k_vgg16_bn_aa5_s42,face_transfer,124,two_cross,RFW WM64,Objects,0.37,0.39,50,within_sampled_range,UU,139,91.66666666666666,runs/yin_latest_vgg_20260927/transfer/results/r21vgg2k_vgg16_bn_aa5_s42/faces_rfwWM64/objects/results.csv,UU
bin5,VGG2k / bin5,r21vgg2k_vgg16_bn_aa5_s42,face_transfer,124,two_cross,RFW WM64,Objects,0.37,0.39,50,within_sampled_range,UU,140,95.83333333333334,runs/yin_latest_vgg_20260927/transfer/results/r21vgg2k_vgg16_bn_aa5_s42/faces_rfwWM64/objects/results.csv,UU
bin5,VGG2k / bin5,r21vgg2k_vgg16_bn_aa5_s42,face_transfer,124,two_cross,RFW WM64,Objects,0.37,0.39,50,within_sampled_range,UU,141,100.0,runs/yin_latest_vgg_20260927/transfer/results/r21vgg2k_vgg16_bn_aa5_s42/faces_rfwWM64/objects/results.csv,UU
bin5,VGG2k / bin5,r21vgg2k_vgg16_bn_aa5_s42,face_transfer,124,two_cross,RFW WM64,Objects,0.37,0.39,50,within_sampled_range,UU,142,91.66666666666666,runs/yin_latest_vgg_20260927/transfer/results/r21vgg2k_vgg16_bn_aa5_s42/faces_rfwWM64/objects/results.csv,UU
bin5,VGG2k / bin5,r21vgg2k_vgg16_bn_aa5_s42,face_transfer,124,two_cross,RFW WM64,Objects,0.37,0.39,50,within_sampled_range,UU,143,91.66666666666666,runs/yin_latest_vgg_20260927/transfer/results/r21vgg2k_vgg16_bn_aa5_s42/faces_rfwWM64/objects/results.csv,UU
bin5,VGG2k / bin5,r21vgg2k_vgg16_bn_aa5_s42,face_transfer,124,two_cross,RFW WM64,Objects,0.37,0.39,50,within_sampled_range,UU,144,95.83333333333334,runs/yin_latest_vgg_20260927/transfer/results/r21vgg2k_vgg16_bn_aa5_s42/faces_rfwWM64/objects/results.csv,UU
bin5,VGG2k / bin5,r21vgg2k_vgg16_bn_aa5_s42,face_transfer,124,two_cross,RFW WM64,Objects,0.37,0.39,50,within_sampled_range,UU,145,87.5,runs/yin_latest_vgg_20260927/transfer/results/r21vgg2k_vgg16_bn_aa5_s42/faces_rfwWM64/objects/results.csv,UU
bin5,VGG2k / bin5,r21vgg2k_vgg16_bn_aa5_s42,face_transfer,124,two_cross,RFW WM64,Objects,0.37,0.39,50,within_sampled_range,UU,146,95.83333333333334,runs/yin_latest_vgg_20260927/transfer/results/r21vgg2k_vgg16_bn_aa5_s42/faces_rfwWM64/objects/results.csv,UU
bin5,VGG2k / bin5,r21vgg2k_vgg16_bn_aa5_s42,face_transfer,124,two_cross,RFW WM64,Objects,0.37,0.39,50,within_sampled_range,UU,147,91.66666666666666,runs/yin_latest_vgg_20260927/transfer/results/r21vgg2k_vgg16_bn_aa5_s42/faces_rfwWM64/objects/results.csv,UU
bin5,VGG2k / bin5,r21vgg2k_vgg16_bn_aa5_s42,face_transfer,124,two_cross,RFW WM64,Objects,0.37,0.39,50,within_sampled_range,UU,148,100.0,runs/yin_latest_vgg_20260927/transfer/results/r21vgg2k_vgg16_bn_aa5_s42/faces_rfwWM64/objects/results.csv,UU
bin5,VGG2k / bin5,r21vgg2k_vgg16_bn_aa5_s42,face_transfer,124,two_cross,RFW WM64,Objects,0.37,0.39,50,within_sampled_range,UU,149,95.83333333333334,runs/yin_latest_vgg_20260927/transfer/results/r21vgg2k_vgg16_bn_aa5_s42/faces_rfwWM64/objects/results.csv,UU
bin5,VGG2k / bin5,r21vgg2k_vgg16_bn_aa5_s42,face_transfer,124,two_cross,RFW WM64,Objects,0.37,0.39,50,within_sampled_range,UU,150,100.0,runs/yin_latest_vgg_20260927/transfer/results/r21vgg2k_vgg16_bn_aa5_s42/faces_rfwWM64/objects/results.csv,UU
bin5,VGG2k / bin5,r21vgg2k_vgg16_bn_aa5_s42,face_transfer,124,two_cross,RFW WM64,Objects,0.37,0.39,50,within_sampled_range,II,101,79.16666666666666,runs/yin_latest_vgg_20260927/transfer/results/r21vgg2k_vgg16_bn_aa5_s42/faces_rfwWM64/objects/results.csv,II
bin5,VGG2k / bin5,r21vgg2k_vgg16_bn_aa5_s42,face_transfer,124,two_cross,RFW WM64,Objects,0.37,0.39,50,within_sampled_range,II,102,91.66666666666666,runs/yin_latest_vgg_20260927/transfer/results/r21vgg2k_vgg16_bn_aa5_s42/faces_rfwWM64/objects/results.csv,II
bin5,VGG2k / bin5,r21vgg2k_vgg16_bn_aa5_s42,face_transfer,124,two_cross,RFW WM64,Objects,0.37,0.39,50,within_sampled_range,II,103,87.5,runs/yin_latest_vgg_20260927/transfer/results/r21vgg2k_vgg16_bn_aa5_s42/faces_rfwWM64/objects/results.csv,II
bin5,VGG2k / bin5,r21vgg2k_vgg16_bn_aa5_s42,face_transfer,124,two_cross,RFW WM64,Objects,0.37,0.39,50,within_sampled_range,II,104,87.5,runs/yin_latest_vgg_20260927/transfer/results/r21vgg2k_vgg16_bn_aa5_s42/faces_rfwWM64/objects/results.csv,II
bin5,VGG2k / bin5,r21vgg2k_vgg16_bn_aa5_s42,face_transfer,124,two_cross,RFW WM64,Objects,0.37,0.39,50,within_sampled_range,II,105,79.16666666666666,runs/yin_latest_vgg_20260927/transfer/results/r21vgg2k_vgg16_bn_aa5_s42/faces_rfwWM64/objects/results.csv,II
bin5,VGG2k / bin5,r21vgg2k_vgg16_bn_aa5_s42,face_transfer,124,two_cross,RFW WM64,Objects,0.37,0.39,50,within_sampled_range,II,106,87.5,runs/yin_latest_vgg_20260927/transfer/results/r21vgg2k_vgg16_bn_aa5_s42/faces_rfwWM64/objects/results.csv,II
bin5,VGG2k / bin5,r21vgg2k_vgg16_bn_aa5_s42,face_transfer,124,two_cross,RFW WM64,Objects,0.37,0.39,50,within_sampled_range,II,107,91.66666666666666,runs/yin_latest_vgg_20260927/transfer/results/r21vgg2k_vgg16_bn_aa5_s42/faces_rfwWM64/objects/results.csv,II
bin5,VGG2k / bin5,r21vgg2k_vgg16_bn_aa5_s42,face_transfer,124,two_cross,RFW WM64,Objects,0.37,0.39,50,within_sampled_range,II,108,75.0,runs/yin_latest_vgg_20260927/transfer/results/r21vgg2k_vgg16_bn_aa5_s42/faces_rfwWM64/objects/results.csv,II
bin5,VGG2k / bin5,r21vgg2k_vgg16_bn_aa5_s42,face_transfer,124,two_cross,RFW WM64,Objects,0.37,0.39,50,within_sampled_range,II,109,87.5,runs/yin_latest_vgg_20260927/transfer/results/r21vgg2k_vgg16_bn_aa5_s42/faces_rfwWM64/objects/results.csv,II
bin5,VGG2k / bin5,r21vgg2k_vgg16_bn_aa5_s42,face_transfer,124,two_cross,RFW WM64,Objects,0.37,0.39,50,within_sampled_range,II,110,79.16666666666666,runs/yin_latest_vgg_20260927/transfer/results/r21vgg2k_vgg16_bn_aa5_s42/faces_rfwWM64/objects/results.csv,II
bin5,VGG2k / bin5,r21vgg2k_vgg16_bn_aa5_s42,face_transfer,124,two_cross,RFW WM64,Objects,0.37,0.39,50,within_sampled_range,II,111,87.5,runs/yin_latest_vgg_20260927/transfer/results/r21vgg2k_vgg16_bn_aa5_s42/faces_rfwWM64/objects/results.csv,II
bin5,VGG2k / bin5,r21vgg2k_vgg16_bn_aa5_s42,face_transfer,124,two_cross,RFW WM64,Objects,0.37,0.39,50,within_sampled_range,II,112,91.66666666666666,runs/yin_latest_vgg_20260927/transfer/results/r21vgg2k_vgg16_bn_aa5_s42/faces_rfwWM64/objects/results.csv,II
bin5,VGG2k / bin5,r21vgg2k_vgg16_bn_aa5_s42,face_transfer,124,two_cross,RFW WM64,Objects,0.37,0.39,50,within_sampled_range,II,113,95.83333333333334,runs/yin_latest_vgg_20260927/transfer/results/r21vgg2k_vgg16_bn_aa5_s42/faces_rfwWM64/objects/results.csv,II
bin5,VGG2k / bin5,r21vgg2k_vgg16_bn_aa5_s42,face_transfer,124,two_cross,RFW WM64,Objects,0.37,0.39,50,within_sampled_range,II,114,95.83333333333334,runs/yin_latest_vgg_20260927/transfer/results/r21vgg2k_vgg16_bn_aa5_s42/faces_rfwWM64/objects/results.csv,II
bin5,VGG2k / bin5,r21vgg2k_vgg16_bn_aa5_s42,face_transfer,124,two_cross,RFW WM64,Objects,0.37,0.39,50,within_sampled_range,II,115,87.5,runs/yin_latest_vgg_20260927/transfer/results/r21vgg2k_vgg16_bn_aa5_s42/faces_rfwWM64/objects/results.csv,II
bin5,VGG2k / bin5,r21vgg2k_vgg16_bn_aa5_s42,face_transfer,124,two_cross,RFW WM64,Objects,0.37,0.39,50,within_sampled_range,II,116,75.0,runs/yin_latest_vgg_20260927/transfer/results/r21vgg2k_vgg16_bn_aa5_s42/faces_rfwWM64/objects/results.csv,II
bin5,VGG2k / bin5,r21vgg2k_vgg16_bn_aa5_s42,face_transfer,124,two_cross,RFW WM64,Objects,0.37,0.39,50,within_sampled_range,II,117,83.33333333333334,runs/yin_latest_vgg_20260927/transfer/results/r21vgg2k_vgg16_bn_aa5_s42/faces_rfwWM64/objects/results.csv,II
bin5,VGG2k / bin5,r21vgg2k_vgg16_bn_aa5_s42,face_transfer,124,two_cross,RFW WM64,Objects,0.37,0.39,50,within_sampled_range,II,118,87.5,runs/yin_latest_vgg_20260927/transfer/results/r21vgg2k_vgg16_bn_aa5_s42/faces_rfwWM64/objects/results.csv,II
bin5,VGG2k / bin5,r21vgg2k_vgg16_bn_aa5_s42,face_transfer,124,two_cross,RFW WM64,Objects,0.37,0.39,50,within_sampled_range,II,119,87.5,runs/yin_latest_vgg_20260927/transfer/results/r21vgg2k_vgg16_bn_aa5_s42/faces_rfwWM64/objects/results.csv,II
bin5,VGG2k / bin5,r21vgg2k_vgg16_bn_aa5_s42,face_transfer,124,two_cross,RFW WM64,Objects,0.37,0.39,50,within_sampled_range,II,120,83.33333333333334,runs/yin_latest_vgg_20260927/transfer/results/r21vgg2k_vgg16_bn_aa5_s42/faces_rfwWM64/objects/results.csv,II
bin5,VGG2k / bin5,r21vgg2k_vgg16_bn_aa5_s42,face_transfer,124,two_cross,RFW WM64,Objects,0.37,0.39,50,within_sampled_range,II,121,75.0,runs/yin_latest_vgg_20260927/transfer/results/r21vgg2k_vgg16_bn_aa5_s42/faces_rfwWM64/objects/results.csv,II
bin5,VGG2k / bin5,r21vgg2k_vgg16_bn_aa5_s42,face_transfer,124,two_cross,RFW WM64,Objects,0.37,0.39,50,within_sampled_range,II,122,87.5,runs/yin_latest_vgg_20260927/transfer/results/r21vgg2k_vgg16_bn_aa5_s42/faces_rfwWM64/objects/results.csv,II
bin5,VGG2k / bin5,r21vgg2k_vgg16_bn_aa5_s42,face_transfer,124,two_cross,RFW WM64,Objects,0.37,0.39,50,within_sampled_range,II,123,91.66666666666666,runs/yin_latest_vgg_20260927/transfer/results/r21vgg2k_vgg16_bn_aa5_s42/faces_rfwWM64/objects/results.csv,II
bin5,VGG2k / bin5,r21vgg2k_vgg16_bn_aa5_s42,face_transfer,124,two_cross,RFW WM64,Objects,0.37,0.39,50,within_sampled_range,II,124,87.5,runs/yin_latest_vgg_20260927/transfer/results/r21vgg2k_vgg16_bn_aa5_s42/faces_rfwWM64/objects/results.csv,II
bin5,VGG2k / bin5,r21vgg2k_vgg16_bn_aa5_s42,face_transfer,124,two_cross,RFW WM64,Objects,0.37,0.39,50,within_sampled_range,II,125,87.5,runs/yin_latest_vgg_20260927/transfer/results/r21vgg2k_vgg16_bn_aa5_s42/faces_rfwWM64/objects/results.csv,II
bin5,VGG2k / bin5,r21vgg2k_vgg16_bn_aa5_s42,face_transfer,124,two_cross,RFW WM64,Objects,0.37,0.39,50,within_sampled_range,II,126,91.66666666666666,runs/yin_latest_vgg_20260927/transfer/results/r21vgg2k_vgg16_bn_aa5_s42/faces_rfwWM64/objects/results.csv,II
bin5,VGG2k / bin5,r21vgg2k_vgg16_bn_aa5_s42,face_transfer,124,two_cross,RFW WM64,Objects,0.37,0.39,50,within_sampled_range,II,127,91.66666666666666,runs/yin_latest_vgg_20260927/transfer/results/r21vgg2k_vgg16_bn_aa5_s42/faces_rfwWM64/objects/results.csv,II
bin5,VGG2k / bin5,r21vgg2k_vgg16_bn_aa5_s42,face_transfer,124,two_cross,RFW WM64,Objects,0.37,0.39,50,within_sampled_range,II,128,87.5,runs/yin_latest_vgg_20260927/transfer/results/r21vgg2k_vgg16_bn_aa5_s42/faces_rfwWM64/objects/results.csv,II
bin5,VGG2k / bin5,r21vgg2k_vgg16_bn_aa5_s42,face_transfer,124,two_cross,RFW WM64,Objects,0.37,0.39,50,within_sampled_range,II,129,91.66666666666666,runs/yin_latest_vgg_20260927/transfer/results/r21vgg2k_vgg16_bn_aa5_s42/faces_rfwWM64/objects/results.csv,II
bin5,VGG2k / bin5,r21vgg2k_vgg16_bn_aa5_s42,face_transfer,124,two_cross,RFW WM64,Objects,0.37,0.39,50,within_sampled_range,II,130,87.5,runs/yin_latest_vgg_20260927/transfer/results/r21vgg2k_vgg16_bn_aa5_s42/faces_rfwWM64/objects/results.csv,II
bin5,VGG2k / bin5,r21vgg2k_vgg16_bn_aa5_s42,face_transfer,124,two_cross,RFW WM64,Objects,0.37,0.39,50,within_sampled_range,II,131,87.5,runs/yin_latest_vgg_20260927/transfer/results/r21vgg2k_vgg16_bn_aa5_s42/faces_rfwWM64/objects/results.csv,II
bin5,VGG2k / bin5,r21vgg2k_vgg16_bn_aa5_s42,face_transfer,124,two_cross,RFW WM64,Objects,0.37,0.39,50,within_sampled_range,II,132,91.66666666666666,runs/yin_latest_vgg_20260927/transfer/results/r21vgg2k_vgg16_bn_aa5_s42/faces_rfwWM64/objects/results.csv,II
bin5,VGG2k / bin5,r21vgg2k_vgg16_bn_aa5_s42,face_transfer,124,two_cross,RFW WM64,Objects,0.37,0.39,50,within_sampled_range,II,133,83.33333333333334,runs/yin_latest_vgg_20260927/transfer/results/r21vgg2k_vgg16_bn_aa5_s42/faces_rfwWM64/objects/results.csv,II
bin5,VGG2k / bin5,r21vgg2k_vgg16_bn_aa5_s42,face_transfer,124,two_cross,RFW WM64,Objects,0.37,0.39,50,within_sampled_range,II,134,87.5,runs/yin_latest_vgg_20260927/transfer/results/r21vgg2k_vgg16_bn_aa5_s42/faces_rfwWM64/objects/results.csv,II
bin5,VGG2k / bin5,r21vgg2k_vgg16_bn_aa5_s42,face_transfer,124,two_cross,RFW WM64,Objects,0.37,0.39,50,within_sampled_range,II,135,87.5,runs/yin_latest_vgg_20260927/transfer/results/r21vgg2k_vgg16_bn_aa5_s42/faces_rfwWM64/objects/results.csv,II
bin5,VGG2k / bin5,r21vgg2k_vgg16_bn_aa5_s42,face_transfer,124,two_cross,RFW WM64,Objects,0.37,0.39,50,within_sampled_range,II,136,83.33333333333334,runs/yin_latest_vgg_20260927/transfer/results/r21vgg2k_vgg16_bn_aa5_s42/faces_rfwWM64/objects/results.csv,II
bin5,VGG2k / bin5,r21vgg2k_vgg16_bn_aa5_s42,face_transfer,124,two_cross,RFW WM64,Objects,0.37,0.39,50,within_sampled_range,II,137,91.66666666666666,runs/yin_latest_vgg_20260927/transfer/results/r21vgg2k_vgg16_bn_aa5_s42/faces_rfwWM64/objects/results.csv,II
bin5,VGG2k / bin5,r21vgg2k_vgg16_bn_aa5_s42,face_transfer,124,two_cross,RFW WM64,Objects,0.37,0.39,50,within_sampled_range,II,138,87.5,runs/yin_latest_vgg_20260927/transfer/results/r21vgg2k_vgg16_bn_aa5_s42/faces_rfwWM64/objects/results.csv,II
bin5,VGG2k / bin5,r21vgg2k_vgg16_bn_aa5_s42,face_transfer,124,two_cross,RFW WM64,Objects,0.37,0.39,50,within_sampled_range,II,139,79.16666666666666,runs/yin_latest_vgg_20260927/transfer/results/r21vgg2k_vgg16_bn_aa5_s42/faces_rfwWM64/objects/results.csv,II
bin5,VGG2k / bin5,r21vgg2k_vgg16_bn_aa5_s42,face_transfer,124,two_cross,RFW WM64,Objects,0.37,0.39,50,within_sampled_range,II,140,87.5,runs/yin_latest_vgg_20260927/transfer/results/r21vgg2k_vgg16_bn_aa5_s42/faces_rfwWM64/objects/results.csv,II
bin5,VGG2k / bin5,r21vgg2k_vgg16_bn_aa5_s42,face_transfer,124,two_cross,RFW WM64,Objects,0.37,0.39,50,within_sampled_range,II,141,83.33333333333334,runs/yin_latest_vgg_20260927/transfer/results/r21vgg2k_vgg16_bn_aa5_s42/faces_rfwWM64/objects/results.csv,II
bin5,VGG2k / bin5,r21vgg2k_vgg16_bn_aa5_s42,face_transfer,124,two_cross,RFW WM64,Objects,0.37,0.39,50,within_sampled_range,II,142,91.66666666666666,runs/yin_latest_vgg_20260927/transfer/results/r21vgg2k_vgg16_bn_aa5_s42/faces_rfwWM64/objects/results.csv,II
bin5,VGG2k / bin5,r21vgg2k_vgg16_bn_aa5_s42,face_transfer,124,two_cross,RFW WM64,Objects,0.37,0.39,50,within_sampled_range,II,143,95.83333333333334,runs/yin_latest_vgg_20260927/transfer/results/r21vgg2k_vgg16_bn_aa5_s42/faces_rfwWM64/objects/results.csv,II
bin5,VGG2k / bin5,r21vgg2k_vgg16_bn_aa5_s42,face_transfer,124,two_cross,RFW WM64,Objects,0.37,0.39,50,within_sampled_range,II,144,87.5,runs/yin_latest_vgg_20260927/transfer/results/r21vgg2k_vgg16_bn_aa5_s42/faces_rfwWM64/objects/results.csv,II
bin5,VGG2k / bin5,r21vgg2k_vgg16_bn_aa5_s42,face_transfer,124,two_cross,RFW WM64,Objects,0.37,0.39,50,within_sampled_range,II,145,87.5,runs/yin_latest_vgg_20260927/transfer/results/r21vgg2k_vgg16_bn_aa5_s42/faces_rfwWM64/objects/results.csv,II
bin5,VGG2k / bin5,r21vgg2k_vgg16_bn_aa5_s42,face_transfer,124,two_cross,RFW WM64,Objects,0.37,0.39,50,within_sampled_range,II,146,83.33333333333334,runs/yin_latest_vgg_20260927/transfer/results/r21vgg2k_vgg16_bn_aa5_s42/faces_rfwWM64/objects/results.csv,II
bin5,VGG2k / bin5,r21vgg2k_vgg16_bn_aa5_s42,face_transfer,124,two_cross,RFW WM64,Objects,0.37,0.39,50,within_sampled_range,II,147,91.66666666666666,runs/yin_latest_vgg_20260927/transfer/results/r21vgg2k_vgg16_bn_aa5_s42/faces_rfwWM64/objects/results.csv,II
bin5,VGG2k / bin5,r21vgg2k_vgg16_bn_aa5_s42,face_transfer,124,two_cross,RFW WM64,Objects,0.37,0.39,50,within_sampled_range,II,148,83.33333333333334,runs/yin_latest_vgg_20260927/transfer/results/r21vgg2k_vgg16_bn_aa5_s42/faces_rfwWM64/objects/results.csv,II
bin5,VGG2k / bin5,r21vgg2k_vgg16_bn_aa5_s42,face_transfer,124,two_cross,RFW WM64,Objects,0.37,0.39,50,within_sampled_range,II,149,83.33333333333334,runs/yin_latest_vgg_20260927/transfer/results/r21vgg2k_vgg16_bn_aa5_s42/faces_rfwWM64/objects/results.csv,II
bin5,VGG2k / bin5,r21vgg2k_vgg16_bn_aa5_s42,face_transfer,124,two_cross,RFW WM64,Objects,0.37,0.39,50,within_sampled_range,II,150,75.0,runs/yin_latest_vgg_20260927/transfer/results/r21vgg2k_vgg16_bn_aa5_s42/faces_rfwWM64/objects/results.csv,II
bin5,VGG2k / bin5,r21vgg2k_vgg16_bn_aa5_s42,face_transfer,124,two_cross,RFW WM64,Objects,0.37,0.39,50,within_sampled_range,UI,101,91.66666666666666,runs/yin_latest_vgg_20260927/transfer/results/r21vgg2k_vgg16_bn_aa5_s42/faces_rfwWM64/objects/results.csv,UI_cross
bin5,VGG2k / bin5,r21vgg2k_vgg16_bn_aa5_s42,face_transfer,124,two_cross,RFW WM64,Objects,0.37,0.39,50,within_sampled_range,UI,102,87.5,runs/yin_latest_vgg_20260927/transfer/results/r21vgg2k_vgg16_bn_aa5_s42/faces_rfwWM64/objects/results.csv,UI_cross
bin5,VGG2k / bin5,r21vgg2k_vgg16_bn_aa5_s42,face_transfer,124,two_cross,RFW WM64,Objects,0.37,0.39,50,within_sampled_range,UI,103,91.66666666666666,runs/yin_latest_vgg_20260927/transfer/results/r21vgg2k_vgg16_bn_aa5_s42/faces_rfwWM64/objects/results.csv,UI_cross
bin5,VGG2k / bin5,r21vgg2k_vgg16_bn_aa5_s42,face_transfer,124,two_cross,RFW WM64,Objects,0.37,0.39,50,within_sampled_range,UI,104,91.66666666666666,runs/yin_latest_vgg_20260927/transfer/results/r21vgg2k_vgg16_bn_aa5_s42/faces_rfwWM64/objects/results.csv,UI_cross
bin5,VGG2k / bin5,r21vgg2k_vgg16_bn_aa5_s42,face_transfer,124,two_cross,RFW WM64,Objects,0.37,0.39,50,within_sampled_range,UI,105,70.83333333333334,runs/yin_latest_vgg_20260927/transfer/results/r21vgg2k_vgg16_bn_aa5_s42/faces_rfwWM64/objects/results.csv,UI_cross
bin5,VGG2k / bin5,r21vgg2k_vgg16_bn_aa5_s42,face_transfer,124,two_cross,RFW WM64,Objects,0.37,0.39,50,within_sampled_range,UI,106,91.66666666666666,runs/yin_latest_vgg_20260927/transfer/results/r21vgg2k_vgg16_bn_aa5_s42/faces_rfwWM64/objects/results.csv,UI_cross
bin5,VGG2k / bin5,r21vgg2k_vgg16_bn_aa5_s42,face_transfer,124,two_cross,RFW WM64,Objects,0.37,0.39,50,within_sampled_range,UI,107,91.66666666666666,runs/yin_latest_vgg_20260927/transfer/results/r21vgg2k_vgg16_bn_aa5_s42/faces_rfwWM64/objects/results.csv,UI_cross
bin5,VGG2k / bin5,r21vgg2k_vgg16_bn_aa5_s42,face_transfer,124,two_cross,RFW WM64,Objects,0.37,0.39,50,within_sampled_range,UI,108,87.5,runs/yin_latest_vgg_20260927/transfer/results/r21vgg2k_vgg16_bn_aa5_s42/faces_rfwWM64/objects/results.csv,UI_cross
bin5,VGG2k / bin5,r21vgg2k_vgg16_bn_aa5_s42,face_transfer,124,two_cross,RFW WM64,Objects,0.37,0.39,50,within_sampled_range,UI,109,95.83333333333334,runs/yin_latest_vgg_20260927/transfer/results/r21vgg2k_vgg16_bn_aa5_s42/faces_rfwWM64/objects/results.csv,UI_cross
bin5,VGG2k / bin5,r21vgg2k_vgg16_bn_aa5_s42,face_transfer,124,two_cross,RFW WM64,Objects,0.37,0.39,50,within_sampled_range,UI,110,79.16666666666666,runs/yin_latest_vgg_20260927/transfer/results/r21vgg2k_vgg16_bn_aa5_s42/faces_rfwWM64/objects/results.csv,UI_cross
bin5,VGG2k / bin5,r21vgg2k_vgg16_bn_aa5_s42,face_transfer,124,two_cross,RFW WM64,Objects,0.37,0.39,50,within_sampled_range,UI,111,83.33333333333334,runs/yin_latest_vgg_20260927/transfer/results/r21vgg2k_vgg16_bn_aa5_s42/faces_rfwWM64/objects/results.csv,UI_cross
bin5,VGG2k / bin5,r21vgg2k_vgg16_bn_aa5_s42,face_transfer,124,two_cross,RFW WM64,Objects,0.37,0.39,50,within_sampled_range,UI,112,91.66666666666666,runs/yin_latest_vgg_20260927/transfer/results/r21vgg2k_vgg16_bn_aa5_s42/faces_rfwWM64/objects/results.csv,UI_cross
bin5,VGG2k / bin5,r21vgg2k_vgg16_bn_aa5_s42,face_transfer,124,two_cross,RFW WM64,Objects,0.37,0.39,50,within_sampled_range,UI,113,91.66666666666666,runs/yin_latest_vgg_20260927/transfer/results/r21vgg2k_vgg16_bn_aa5_s42/faces_rfwWM64/objects/results.csv,UI_cross
bin5,VGG2k / bin5,r21vgg2k_vgg16_bn_aa5_s42,face_transfer,124,two_cross,RFW WM64,Objects,0.37,0.39,50,within_sampled_range,UI,114,100.0,runs/yin_latest_vgg_20260927/transfer/results/r21vgg2k_vgg16_bn_aa5_s42/faces_rfwWM64/objects/results.csv,UI_cross
bin5,VGG2k / bin5,r21vgg2k_vgg16_bn_aa5_s42,face_transfer,124,two_cross,RFW WM64,Objects,0.37,0.39,50,within_sampled_range,UI,115,95.83333333333334,runs/yin_latest_vgg_20260927/transfer/results/r21vgg2k_vgg16_bn_aa5_s42/faces_rfwWM64/objects/results.csv,UI_cross
bin5,VGG2k / bin5,r21vgg2k_vgg16_bn_aa5_s42,face_transfer,124,two_cross,RFW WM64,Objects,0.37,0.39,50,within_sampled_range,UI,116,91.66666666666666,runs/yin_latest_vgg_20260927/transfer/results/r21vgg2k_vgg16_bn_aa5_s42/faces_rfwWM64/objects/results.csv,UI_cross
bin5,VGG2k / bin5,r21vgg2k_vgg16_bn_aa5_s42,face_transfer,124,two_cross,RFW WM64,Objects,0.37,0.39,50,within_sampled_range,UI,117,91.66666666666666,runs/yin_latest_vgg_20260927/transfer/results/r21vgg2k_vgg16_bn_aa5_s42/faces_rfwWM64/objects/results.csv,UI_cross
bin5,VGG2k / bin5,r21vgg2k_vgg16_bn_aa5_s42,face_transfer,124,two_cross,RFW WM64,Objects,0.37,0.39,50,within_sampled_range,UI,118,87.5,runs/yin_latest_vgg_20260927/transfer/results/r21vgg2k_vgg16_bn_aa5_s42/faces_rfwWM64/objects/results.csv,UI_cross
bin5,VGG2k / bin5,r21vgg2k_vgg16_bn_aa5_s42,face_transfer,124,two_cross,RFW WM64,Objects,0.37,0.39,50,within_sampled_range,UI,119,95.83333333333334,runs/yin_latest_vgg_20260927/transfer/results/r21vgg2k_vgg16_bn_aa5_s42/faces_rfwWM64/objects/results.csv,UI_cross
bin5,VGG2k / bin5,r21vgg2k_vgg16_bn_aa5_s42,face_transfer,124,two_cross,RFW WM64,Objects,0.37,0.39,50,within_sampled_range,UI,120,87.5,runs/yin_latest_vgg_20260927/transfer/results/r21vgg2k_vgg16_bn_aa5_s42/faces_rfwWM64/objects/results.csv,UI_cross
bin5,VGG2k / bin5,r21vgg2k_vgg16_bn_aa5_s42,face_transfer,124,two_cross,RFW WM64,Objects,0.37,0.39,50,within_sampled_range,UI,121,83.33333333333334,runs/yin_latest_vgg_20260927/transfer/results/r21vgg2k_vgg16_bn_aa5_s42/faces_rfwWM64/objects/results.csv,UI_cross
bin5,VGG2k / bin5,r21vgg2k_vgg16_bn_aa5_s42,face_transfer,124,two_cross,RFW WM64,Objects,0.37,0.39,50,within_sampled_range,UI,122,75.0,runs/yin_latest_vgg_20260927/transfer/results/r21vgg2k_vgg16_bn_aa5_s42/faces_rfwWM64/objects/results.csv,UI_cross
bin5,VGG2k / bin5,r21vgg2k_vgg16_bn_aa5_s42,face_transfer,124,two_cross,RFW WM64,Objects,0.37,0.39,50,within_sampled_range,UI,123,83.33333333333334,runs/yin_latest_vgg_20260927/transfer/results/r21vgg2k_vgg16_bn_aa5_s42/faces_rfwWM64/objects/results.csv,UI_cross
bin5,VGG2k / bin5,r21vgg2k_vgg16_bn_aa5_s42,face_transfer,124,two_cross,RFW WM64,Objects,0.37,0.39,50,within_sampled_range,UI,124,75.0,runs/yin_latest_vgg_20260927/transfer/results/r21vgg2k_vgg16_bn_aa5_s42/faces_rfwWM64/objects/results.csv,UI_cross
bin5,VGG2k / bin5,r21vgg2k_vgg16_bn_aa5_s42,face_transfer,124,two_cross,RFW WM64,Objects,0.37,0.39,50,within_sampled_range,UI,125,91.66666666666666,runs/yin_latest_vgg_20260927/transfer/results/r21vgg2k_vgg16_bn_aa5_s42/faces_rfwWM64/objects/results.csv,UI_cross
bin5,VGG2k / bin5,r21vgg2k_vgg16_bn_aa5_s42,face_transfer,124,two_cross,RFW WM64,Objects,0.37,0.39,50,within_sampled_range,UI,126,95.83333333333334,runs/yin_latest_vgg_20260927/transfer/results/r21vgg2k_vgg16_bn_aa5_s42/faces_rfwWM64/objects/results.csv,UI_cross
bin5,VGG2k / bin5,r21vgg2k_vgg16_bn_aa5_s42,face_transfer,124,two_cross,RFW WM64,Objects,0.37,0.39,50,within_sampled_range,UI,127,87.5,runs/yin_latest_vgg_20260927/transfer/results/r21vgg2k_vgg16_bn_aa5_s42/faces_rfwWM64/objects/results.csv,UI_cross
bin5,VGG2k / bin5,r21vgg2k_vgg16_bn_aa5_s42,face_transfer,124,two_cross,RFW WM64,Objects,0.37,0.39,50,within_sampled_range,UI,128,91.66666666666666,runs/yin_latest_vgg_20260927/transfer/results/r21vgg2k_vgg16_bn_aa5_s42/faces_rfwWM64/objects/results.csv,UI_cross
bin5,VGG2k / bin5,r21vgg2k_vgg16_bn_aa5_s42,face_transfer,124,two_cross,RFW WM64,Objects,0.37,0.39,50,within_sampled_range,UI,129,95.83333333333334,runs/yin_latest_vgg_20260927/transfer/results/r21vgg2k_vgg16_bn_aa5_s42/faces_rfwWM64/objects/results.csv,UI_cross
bin5,VGG2k / bin5,r21vgg2k_vgg16_bn_aa5_s42,face_transfer,124,two_cross,RFW WM64,Objects,0.37,0.39,50,within_sampled_range,UI,130,83.33333333333334,runs/yin_latest_vgg_20260927/transfer/results/r21vgg2k_vgg16_bn_aa5_s42/faces_rfwWM64/objects/results.csv,UI_cross
bin5,VGG2k / bin5,r21vgg2k_vgg16_bn_aa5_s42,face_transfer,124,two_cross,RFW WM64,Objects,0.37,0.39,50,within_sampled_range,UI,131,87.5,runs/yin_latest_vgg_20260927/transfer/results/r21vgg2k_vgg16_bn_aa5_s42/faces_rfwWM64/objects/results.csv,UI_cross
bin5,VGG2k / bin5,r21vgg2k_vgg16_bn_aa5_s42,face_transfer,124,two_cross,RFW WM64,Objects,0.37,0.39,50,within_sampled_range,UI,132,87.5,runs/yin_latest_vgg_20260927/transfer/results/r21vgg2k_vgg16_bn_aa5_s42/faces_rfwWM64/objects/results.csv,UI_cross
bin5,VGG2k / bin5,r21vgg2k_vgg16_bn_aa5_s42,face_transfer,124,two_cross,RFW WM64,Objects,0.37,0.39,50,within_sampled_range,UI,133,87.5,runs/yin_latest_vgg_20260927/transfer/results/r21vgg2k_vgg16_bn_aa5_s42/faces_rfwWM64/objects/results.csv,UI_cross
bin5,VGG2k / bin5,r21vgg2k_vgg16_bn_aa5_s42,face_transfer,124,two_cross,RFW WM64,Objects,0.37,0.39,50,within_sampled_range,UI,134,87.5,runs/yin_latest_vgg_20260927/transfer/results/r21vgg2k_vgg16_bn_aa5_s42/faces_rfwWM64/objects/results.csv,UI_cross
bin5,VGG2k / bin5,r21vgg2k_vgg16_bn_aa5_s42,face_transfer,124,two_cross,RFW WM64,Objects,0.37,0.39,50,within_sampled_range,UI,135,87.5,runs/yin_latest_vgg_20260927/transfer/results/r21vgg2k_vgg16_bn_aa5_s42/faces_rfwWM64/objects/results.csv,UI_cross
bin5,VGG2k / bin5,r21vgg2k_vgg16_bn_aa5_s42,face_transfer,124,two_cross,RFW WM64,Objects,0.37,0.39,50,within_sampled_range,UI,136,91.66666666666666,runs/yin_latest_vgg_20260927/transfer/results/r21vgg2k_vgg16_bn_aa5_s42/faces_rfwWM64/objects/results.csv,UI_cross
bin5,VGG2k / bin5,r21vgg2k_vgg16_bn_aa5_s42,face_transfer,124,two_cross,RFW WM64,Objects,0.37,0.39,50,within_sampled_range,UI,137,87.5,runs/yin_latest_vgg_20260927/transfer/results/r21vgg2k_vgg16_bn_aa5_s42/faces_rfwWM64/objects/results.csv,UI_cross
bin5,VGG2k / bin5,r21vgg2k_vgg16_bn_aa5_s42,face_transfer,124,two_cross,RFW WM64,Objects,0.37,0.39,50,within_sampled_range,UI,138,83.33333333333334,runs/yin_latest_vgg_20260927/transfer/results/r21vgg2k_vgg16_bn_aa5_s42/faces_rfwWM64/objects/results.csv,UI_cross
bin5,VGG2k / bin5,r21vgg2k_vgg16_bn_aa5_s42,face_transfer,124,two_cross,RFW WM64,Objects,0.37,0.39,50,within_sampled_range,UI,139,91.66666666666666,runs/yin_latest_vgg_20260927/transfer/results/r21vgg2k_vgg16_bn_aa5_s42/faces_rfwWM64/objects/results.csv,UI_cross
bin5,VGG2k / bin5,r21vgg2k_vgg16_bn_aa5_s42,face_transfer,124,two_cross,RFW WM64,Objects,0.37,0.39,50,within_sampled_range,UI,140,83.33333333333334,runs/yin_latest_vgg_20260927/transfer/results/r21vgg2k_vgg16_bn_aa5_s42/faces_rfwWM64/objects/results.csv,UI_cross
bin5,VGG2k / bin5,r21vgg2k_vgg16_bn_aa5_s42,face_transfer,124,two_cross,RFW WM64,Objects,0.37,0.39,50,within_sampled_range,UI,141,83.33333333333334,runs/yin_latest_vgg_20260927/transfer/results/r21vgg2k_vgg16_bn_aa5_s42/faces_rfwWM64/objects/results.csv,UI_cross
bin5,VGG2k / bin5,r21vgg2k_vgg16_bn_aa5_s42,face_transfer,124,two_cross,RFW WM64,Objects,0.37,0.39,50,within_sampled_range,UI,142,91.66666666666666,runs/yin_latest_vgg_20260927/transfer/results/r21vgg2k_vgg16_bn_aa5_s42/faces_rfwWM64/objects/results.csv,UI_cross
bin5,VGG2k / bin5,r21vgg2k_vgg16_bn_aa5_s42,face_transfer,124,two_cross,RFW WM64,Objects,0.37,0.39,50,within_sampled_range,UI,143,79.16666666666666,runs/yin_latest_vgg_20260927/transfer/results/r21vgg2k_vgg16_bn_aa5_s42/faces_rfwWM64/objects/results.csv,UI_cross
bin5,VGG2k / bin5,r21vgg2k_vgg16_bn_aa5_s42,face_transfer,124,two_cross,RFW WM64,Objects,0.37,0.39,50,within_sampled_range,UI,144,83.33333333333334,runs/yin_latest_vgg_20260927/transfer/results/r21vgg2k_vgg16_bn_aa5_s42/faces_rfwWM64/objects/results.csv,UI_cross
bin5,VGG2k / bin5,r21vgg2k_vgg16_bn_aa5_s42,face_transfer,124,two_cross,RFW WM64,Objects,0.37,0.39,50,within_sampled_range,UI,145,83.33333333333334,runs/yin_latest_vgg_20260927/transfer/results/r21vgg2k_vgg16_bn_aa5_s42/faces_rfwWM64/objects/results.csv,UI_cross
bin5,VGG2k / bin5,r21vgg2k_vgg16_bn_aa5_s42,face_transfer,124,two_cross,RFW WM64,Objects,0.37,0.39,50,within_sampled_range,UI,146,95.83333333333334,runs/yin_latest_vgg_20260927/transfer/results/r21vgg2k_vgg16_bn_aa5_s42/faces_rfwWM64/objects/results.csv,UI_cross
bin5,VGG2k / bin5,r21vgg2k_vgg16_bn_aa5_s42,face_transfer,124,two_cross,RFW WM64,Objects,0.37,0.39,50,within_sampled_range,UI,147,91.66666666666666,runs/yin_latest_vgg_20260927/transfer/results/r21vgg2k_vgg16_bn_aa5_s42/faces_rfwWM64/objects/results.csv,UI_cross
bin5,VGG2k / bin5,r21vgg2k_vgg16_bn_aa5_s42,face_transfer,124,two_cross,RFW WM64,Objects,0.37,0.39,50,within_sampled_range,UI,148,91.66666666666666,runs/yin_latest_vgg_20260927/transfer/results/r21vgg2k_vgg16_bn_aa5_s42/faces_rfwWM64/objects/results.csv,UI_cross
bin5,VGG2k / bin5,r21vgg2k_vgg16_bn_aa5_s42,face_transfer,124,two_cross,RFW WM64,Objects,0.37,0.39,50,within_sampled_range,UI,149,87.5,runs/yin_latest_vgg_20260927/transfer/results/r21vgg2k_vgg16_bn_aa5_s42/faces_rfwWM64/objects/results.csv,UI_cross
bin5,VGG2k / bin5,r21vgg2k_vgg16_bn_aa5_s42,face_transfer,124,two_cross,RFW WM64,Objects,0.37,0.39,50,within_sampled_range,UI,150,83.33333333333334,runs/yin_latest_vgg_20260927/transfer/results/r21vgg2k_vgg16_bn_aa5_s42/faces_rfwWM64/objects/results.csv,UI_cross
bin5,VGG2k / bin5,r21vgg2k_vgg16_bn_aa5_s42,face_transfer,124,two_cross,RFW WM64,Objects,0.37,0.39,50,within_sampled_range,IU,101,87.5,runs/yin_latest_vgg_20260927/transfer/results/r21vgg2k_vgg16_bn_aa5_s42/faces_rfwWM64/objects/results.csv,IU
bin5,VGG2k / bin5,r21vgg2k_vgg16_bn_aa5_s42,face_transfer,124,two_cross,RFW WM64,Objects,0.37,0.39,50,within_sampled_range,IU,102,95.83333333333334,runs/yin_latest_vgg_20260927/transfer/results/r21vgg2k_vgg16_bn_aa5_s42/faces_rfwWM64/objects/results.csv,IU
bin5,VGG2k / bin5,r21vgg2k_vgg16_bn_aa5_s42,face_transfer,124,two_cross,RFW WM64,Objects,0.37,0.39,50,within_sampled_range,IU,103,87.5,runs/yin_latest_vgg_20260927/transfer/results/r21vgg2k_vgg16_bn_aa5_s42/faces_rfwWM64/objects/results.csv,IU
bin5,VGG2k / bin5,r21vgg2k_vgg16_bn_aa5_s42,face_transfer,124,two_cross,RFW WM64,Objects,0.37,0.39,50,within_sampled_range,IU,104,87.5,runs/yin_latest_vgg_20260927/transfer/results/r21vgg2k_vgg16_bn_aa5_s42/faces_rfwWM64/objects/results.csv,IU
bin5,VGG2k / bin5,r21vgg2k_vgg16_bn_aa5_s42,face_transfer,124,two_cross,RFW WM64,Objects,0.37,0.39,50,within_sampled_range,IU,105,83.33333333333334,runs/yin_latest_vgg_20260927/transfer/results/r21vgg2k_vgg16_bn_aa5_s42/faces_rfwWM64/objects/results.csv,IU
bin5,VGG2k / bin5,r21vgg2k_vgg16_bn_aa5_s42,face_transfer,124,two_cross,RFW WM64,Objects,0.37,0.39,50,within_sampled_range,IU,106,91.66666666666666,runs/yin_latest_vgg_20260927/transfer/results/r21vgg2k_vgg16_bn_aa5_s42/faces_rfwWM64/objects/results.csv,IU
bin5,VGG2k / bin5,r21vgg2k_vgg16_bn_aa5_s42,face_transfer,124,two_cross,RFW WM64,Objects,0.37,0.39,50,within_sampled_range,IU,107,87.5,runs/yin_latest_vgg_20260927/transfer/results/r21vgg2k_vgg16_bn_aa5_s42/faces_rfwWM64/objects/results.csv,IU
bin5,VGG2k / bin5,r21vgg2k_vgg16_bn_aa5_s42,face_transfer,124,two_cross,RFW WM64,Objects,0.37,0.39,50,within_sampled_range,IU,108,79.16666666666666,runs/yin_latest_vgg_20260927/transfer/results/r21vgg2k_vgg16_bn_aa5_s42/faces_rfwWM64/objects/results.csv,IU
bin5,VGG2k / bin5,r21vgg2k_vgg16_bn_aa5_s42,face_transfer,124,two_cross,RFW WM64,Objects,0.37,0.39,50,within_sampled_range,IU,109,87.5,runs/yin_latest_vgg_20260927/transfer/results/r21vgg2k_vgg16_bn_aa5_s42/faces_rfwWM64/objects/results.csv,IU
bin5,VGG2k / bin5,r21vgg2k_vgg16_bn_aa5_s42,face_transfer,124,two_cross,RFW WM64,Objects,0.37,0.39,50,within_sampled_range,IU,110,95.83333333333334,runs/yin_latest_vgg_20260927/transfer/results/r21vgg2k_vgg16_bn_aa5_s42/faces_rfwWM64/objects/results.csv,IU
bin5,VGG2k / bin5,r21vgg2k_vgg16_bn_aa5_s42,face_transfer,124,two_cross,RFW WM64,Objects,0.37,0.39,50,within_sampled_range,IU,111,87.5,runs/yin_latest_vgg_20260927/transfer/results/r21vgg2k_vgg16_bn_aa5_s42/faces_rfwWM64/objects/results.csv,IU
bin5,VGG2k / bin5,r21vgg2k_vgg16_bn_aa5_s42,face_transfer,124,two_cross,RFW WM64,Objects,0.37,0.39,50,within_sampled_range,IU,112,91.66666666666666,runs/yin_latest_vgg_20260927/transfer/results/r21vgg2k_vgg16_bn_aa5_s42/faces_rfwWM64/objects/results.csv,IU
bin5,VGG2k / bin5,r21vgg2k_vgg16_bn_aa5_s42,face_transfer,124,two_cross,RFW WM64,Objects,0.37,0.39,50,within_sampled_range,IU,113,83.33333333333334,runs/yin_latest_vgg_20260927/transfer/results/r21vgg2k_vgg16_bn_aa5_s42/faces_rfwWM64/objects/results.csv,IU
bin5,VGG2k / bin5,r21vgg2k_vgg16_bn_aa5_s42,face_transfer,124,two_cross,RFW WM64,Objects,0.37,0.39,50,within_sampled_range,IU,114,95.83333333333334,runs/yin_latest_vgg_20260927/transfer/results/r21vgg2k_vgg16_bn_aa5_s42/faces_rfwWM64/objects/results.csv,IU
bin5,VGG2k / bin5,r21vgg2k_vgg16_bn_aa5_s42,face_transfer,124,two_cross,RFW WM64,Objects,0.37,0.39,50,within_sampled_range,IU,115,95.83333333333334,runs/yin_latest_vgg_20260927/transfer/results/r21vgg2k_vgg16_bn_aa5_s42/faces_rfwWM64/objects/results.csv,IU
bin5,VGG2k / bin5,r21vgg2k_vgg16_bn_aa5_s42,face_transfer,124,two_cross,RFW WM64,Objects,0.37,0.39,50,within_sampled_range,IU,116,79.16666666666666,runs/yin_latest_vgg_20260927/transfer/results/r21vgg2k_vgg16_bn_aa5_s42/faces_rfwWM64/objects/results.csv,IU
bin5,VGG2k / bin5,r21vgg2k_vgg16_bn_aa5_s42,face_transfer,124,two_cross,RFW WM64,Objects,0.37,0.39,50,within_sampled_range,IU,117,87.5,runs/yin_latest_vgg_20260927/transfer/results/r21vgg2k_vgg16_bn_aa5_s42/faces_rfwWM64/objects/results.csv,IU
bin5,VGG2k / bin5,r21vgg2k_vgg16_bn_aa5_s42,face_transfer,124,two_cross,RFW WM64,Objects,0.37,0.39,50,within_sampled_range,IU,118,100.0,runs/yin_latest_vgg_20260927/transfer/results/r21vgg2k_vgg16_bn_aa5_s42/faces_rfwWM64/objects/results.csv,IU
bin5,VGG2k / bin5,r21vgg2k_vgg16_bn_aa5_s42,face_transfer,124,two_cross,RFW WM64,Objects,0.37,0.39,50,within_sampled_range,IU,119,91.66666666666666,runs/yin_latest_vgg_20260927/transfer/results/r21vgg2k_vgg16_bn_aa5_s42/faces_rfwWM64/objects/results.csv,IU
bin5,VGG2k / bin5,r21vgg2k_vgg16_bn_aa5_s42,face_transfer,124,two_cross,RFW WM64,Objects,0.37,0.39,50,within_sampled_range,IU,120,87.5,runs/yin_latest_vgg_20260927/transfer/results/r21vgg2k_vgg16_bn_aa5_s42/faces_rfwWM64/objects/results.csv,IU
bin5,VGG2k / bin5,r21vgg2k_vgg16_bn_aa5_s42,face_transfer,124,two_cross,RFW WM64,Objects,0.37,0.39,50,within_sampled_range,IU,121,91.66666666666666,runs/yin_latest_vgg_20260927/transfer/results/r21vgg2k_vgg16_bn_aa5_s42/faces_rfwWM64/objects/results.csv,IU
bin5,VGG2k / bin5,r21vgg2k_vgg16_bn_aa5_s42,face_transfer,124,two_cross,RFW WM64,Objects,0.37,0.39,50,within_sampled_range,IU,122,87.5,runs/yin_latest_vgg_20260927/transfer/results/r21vgg2k_vgg16_bn_aa5_s42/faces_rfwWM64/objects/results.csv,IU
bin5,VGG2k / bin5,r21vgg2k_vgg16_bn_aa5_s42,face_transfer,124,two_cross,RFW WM64,Objects,0.37,0.39,50,within_sampled_range,IU,123,83.33333333333334,runs/yin_latest_vgg_20260927/transfer/results/r21vgg2k_vgg16_bn_aa5_s42/faces_rfwWM64/objects/results.csv,IU
bin5,VGG2k / bin5,r21vgg2k_vgg16_bn_aa5_s42,face_transfer,124,two_cross,RFW WM64,Objects,0.37,0.39,50,within_sampled_range,IU,124,87.5,runs/yin_latest_vgg_20260927/transfer/results/r21vgg2k_vgg16_bn_aa5_s42/faces_rfwWM64/objects/results.csv,IU
bin5,VGG2k / bin5,r21vgg2k_vgg16_bn_aa5_s42,face_transfer,124,two_cross,RFW WM64,Objects,0.37,0.39,50,within_sampled_range,IU,125,95.83333333333334,runs/yin_latest_vgg_20260927/transfer/results/r21vgg2k_vgg16_bn_aa5_s42/faces_rfwWM64/objects/results.csv,IU
bin5,VGG2k / bin5,r21vgg2k_vgg16_bn_aa5_s42,face_transfer,124,two_cross,RFW WM64,Objects,0.37,0.39,50,within_sampled_range,IU,126,91.66666666666666,runs/yin_latest_vgg_20260927/transfer/results/r21vgg2k_vgg16_bn_aa5_s42/faces_rfwWM64/objects/results.csv,IU
bin5,VGG2k / bin5,r21vgg2k_vgg16_bn_aa5_s42,face_transfer,124,two_cross,RFW WM64,Objects,0.37,0.39,50,within_sampled_range,IU,127,87.5,runs/yin_latest_vgg_20260927/transfer/results/r21vgg2k_vgg16_bn_aa5_s42/faces_rfwWM64/objects/results.csv,IU
bin5,VGG2k / bin5,r21vgg2k_vgg16_bn_aa5_s42,face_transfer,124,two_cross,RFW WM64,Objects,0.37,0.39,50,within_sampled_range,IU,128,95.83333333333334,runs/yin_latest_vgg_20260927/transfer/results/r21vgg2k_vgg16_bn_aa5_s42/faces_rfwWM64/objects/results.csv,IU
bin5,VGG2k / bin5,r21vgg2k_vgg16_bn_aa5_s42,face_transfer,124,two_cross,RFW WM64,Objects,0.37,0.39,50,within_sampled_range,IU,129,100.0,runs/yin_latest_vgg_20260927/transfer/results/r21vgg2k_vgg16_bn_aa5_s42/faces_rfwWM64/objects/results.csv,IU
bin5,VGG2k / bin5,r21vgg2k_vgg16_bn_aa5_s42,face_transfer,124,two_cross,RFW WM64,Objects,0.37,0.39,50,within_sampled_range,IU,130,95.83333333333334,runs/yin_latest_vgg_20260927/transfer/results/r21vgg2k_vgg16_bn_aa5_s42/faces_rfwWM64/objects/results.csv,IU
bin5,VGG2k / bin5,r21vgg2k_vgg16_bn_aa5_s42,face_transfer,124,two_cross,RFW WM64,Objects,0.37,0.39,50,within_sampled_range,IU,131,87.5,runs/yin_latest_vgg_20260927/transfer/results/r21vgg2k_vgg16_bn_aa5_s42/faces_rfwWM64/objects/results.csv,IU
bin5,VGG2k / bin5,r21vgg2k_vgg16_bn_aa5_s42,face_transfer,124,two_cross,RFW WM64,Objects,0.37,0.39,50,within_sampled_range,IU,132,91.66666666666666,runs/yin_latest_vgg_20260927/transfer/results/r21vgg2k_vgg16_bn_aa5_s42/faces_rfwWM64/objects/results.csv,IU
bin5,VGG2k / bin5,r21vgg2k_vgg16_bn_aa5_s42,face_transfer,124,two_cross,RFW WM64,Objects,0.37,0.39,50,within_sampled_range,IU,133,79.16666666666666,runs/yin_latest_vgg_20260927/transfer/results/r21vgg2k_vgg16_bn_aa5_s42/faces_rfwWM64/objects/results.csv,IU
bin5,VGG2k / bin5,r21vgg2k_vgg16_bn_aa5_s42,face_transfer,124,two_cross,RFW WM64,Objects,0.37,0.39,50,within_sampled_range,IU,134,87.5,runs/yin_latest_vgg_20260927/transfer/results/r21vgg2k_vgg16_bn_aa5_s42/faces_rfwWM64/objects/results.csv,IU
bin5,VGG2k / bin5,r21vgg2k_vgg16_bn_aa5_s42,face_transfer,124,two_cross,RFW WM64,Objects,0.37,0.39,50,within_sampled_range,IU,135,91.66666666666666,runs/yin_latest_vgg_20260927/transfer/results/r21vgg2k_vgg16_bn_aa5_s42/faces_rfwWM64/objects/results.csv,IU
bin5,VGG2k / bin5,r21vgg2k_vgg16_bn_aa5_s42,face_transfer,124,two_cross,RFW WM64,Objects,0.37,0.39,50,within_sampled_range,IU,136,91.66666666666666,runs/yin_latest_vgg_20260927/transfer/results/r21vgg2k_vgg16_bn_aa5_s42/faces_rfwWM64/objects/results.csv,IU
bin5,VGG2k / bin5,r21vgg2k_vgg16_bn_aa5_s42,face_transfer,124,two_cross,RFW WM64,Objects,0.37,0.39,50,within_sampled_range,IU,137,95.83333333333334,runs/yin_latest_vgg_20260927/transfer/results/r21vgg2k_vgg16_bn_aa5_s42/faces_rfwWM64/objects/results.csv,IU
bin5,VGG2k / bin5,r21vgg2k_vgg16_bn_aa5_s42,face_transfer,124,two_cross,RFW WM64,Objects,0.37,0.39,50,within_sampled_range,IU,138,91.66666666666666,runs/yin_latest_vgg_20260927/transfer/results/r21vgg2k_vgg16_bn_aa5_s42/faces_rfwWM64/objects/results.csv,IU
bin5,VGG2k / bin5,r21vgg2k_vgg16_bn_aa5_s42,face_transfer,124,two_cross,RFW WM64,Objects,0.37,0.39,50,within_sampled_range,IU,139,83.33333333333334,runs/yin_latest_vgg_20260927/transfer/results/r21vgg2k_vgg16_bn_aa5_s42/faces_rfwWM64/objects/results.csv,IU
bin5,VGG2k / bin5,r21vgg2k_vgg16_bn_aa5_s42,face_transfer,124,two_cross,RFW WM64,Objects,0.37,0.39,50,within_sampled_range,IU,140,87.5,runs/yin_latest_vgg_20260927/transfer/results/r21vgg2k_vgg16_bn_aa5_s42/faces_rfwWM64/objects/results.csv,IU
bin5,VGG2k / bin5,r21vgg2k_vgg16_bn_aa5_s42,face_transfer,124,two_cross,RFW WM64,Objects,0.37,0.39,50,within_sampled_range,IU,141,87.5,runs/yin_latest_vgg_20260927/transfer/results/r21vgg2k_vgg16_bn_aa5_s42/faces_rfwWM64/objects/results.csv,IU
bin5,VGG2k / bin5,r21vgg2k_vgg16_bn_aa5_s42,face_transfer,124,two_cross,RFW WM64,Objects,0.37,0.39,50,within_sampled_range,IU,142,87.5,runs/yin_latest_vgg_20260927/transfer/results/r21vgg2k_vgg16_bn_aa5_s42/faces_rfwWM64/objects/results.csv,IU
bin5,VGG2k / bin5,r21vgg2k_vgg16_bn_aa5_s42,face_transfer,124,two_cross,RFW WM64,Objects,0.37,0.39,50,within_sampled_range,IU,143,83.33333333333334,runs/yin_latest_vgg_20260927/transfer/results/r21vgg2k_vgg16_bn_aa5_s42/faces_rfwWM64/objects/results.csv,IU
bin5,VGG2k / bin5,r21vgg2k_vgg16_bn_aa5_s42,face_transfer,124,two_cross,RFW WM64,Objects,0.37,0.39,50,within_sampled_range,IU,144,87.5,runs/yin_latest_vgg_20260927/transfer/results/r21vgg2k_vgg16_bn_aa5_s42/faces_rfwWM64/objects/results.csv,IU
bin5,VGG2k / bin5,r21vgg2k_vgg16_bn_aa5_s42,face_transfer,124,two_cross,RFW WM64,Objects,0.37,0.39,50,within_sampled_range,IU,145,91.66666666666666,runs/yin_latest_vgg_20260927/transfer/results/r21vgg2k_vgg16_bn_aa5_s42/faces_rfwWM64/objects/results.csv,IU
bin5,VGG2k / bin5,r21vgg2k_vgg16_bn_aa5_s42,face_transfer,124,two_cross,RFW WM64,Objects,0.37,0.39,50,within_sampled_range,IU,146,91.66666666666666,runs/yin_latest_vgg_20260927/transfer/results/r21vgg2k_vgg16_bn_aa5_s42/faces_rfwWM64/objects/results.csv,IU
bin5,VGG2k / bin5,r21vgg2k_vgg16_bn_aa5_s42,face_transfer,124,two_cross,RFW WM64,Objects,0.37,0.39,50,within_sampled_range,IU,147,91.66666666666666,runs/yin_latest_vgg_20260927/transfer/results/r21vgg2k_vgg16_bn_aa5_s42/faces_rfwWM64/objects/results.csv,IU
bin5,VGG2k / bin5,r21vgg2k_vgg16_bn_aa5_s42,face_transfer,124,two_cross,RFW WM64,Objects,0.37,0.39,50,within_sampled_range,IU,148,83.33333333333334,runs/yin_latest_vgg_20260927/transfer/results/r21vgg2k_vgg16_bn_aa5_s42/faces_rfwWM64/objects/results.csv,IU
bin5,VGG2k / bin5,r21vgg2k_vgg16_bn_aa5_s42,face_transfer,124,two_cross,RFW WM64,Objects,0.37,0.39,50,within_sampled_range,IU,149,91.66666666666666,runs/yin_latest_vgg_20260927/transfer/results/r21vgg2k_vgg16_bn_aa5_s42/faces_rfwWM64/objects/results.csv,IU
bin5,VGG2k / bin5,r21vgg2k_vgg16_bn_aa5_s42,face_transfer,124,two_cross,RFW WM64,Objects,0.37,0.39,50,within_sampled_range,IU,150,100.0,runs/yin_latest_vgg_20260927/transfer/results/r21vgg2k_vgg16_bn_aa5_s42/faces_rfwWM64/objects/results.csv,IU
bin5,VGG2k / bin5,r21vgg2k_vgg16_bn_aa5_s42,face_transfer,124,two_shared_ui,RFW WM64,Objects,0.37,0.39,50,within_sampled_range,UU,101,100.0,runs/yin_latest_vgg_20260927/transfer/results/r21vgg2k_vgg16_bn_aa5_s42/faces_rfwWM64/objects/results.csv,UU
bin5,VGG2k / bin5,r21vgg2k_vgg16_bn_aa5_s42,face_transfer,124,two_shared_ui,RFW WM64,Objects,0.37,0.39,50,within_sampled_range,UU,102,95.83333333333334,runs/yin_latest_vgg_20260927/transfer/results/r21vgg2k_vgg16_bn_aa5_s42/faces_rfwWM64/objects/results.csv,UU
bin5,VGG2k / bin5,r21vgg2k_vgg16_bn_aa5_s42,face_transfer,124,two_shared_ui,RFW WM64,Objects,0.37,0.39,50,within_sampled_range,UU,103,100.0,runs/yin_latest_vgg_20260927/transfer/results/r21vgg2k_vgg16_bn_aa5_s42/faces_rfwWM64/objects/results.csv,UU
bin5,VGG2k / bin5,r21vgg2k_vgg16_bn_aa5_s42,face_transfer,124,two_shared_ui,RFW WM64,Objects,0.37,0.39,50,within_sampled_range,UU,104,100.0,runs/yin_latest_vgg_20260927/transfer/results/r21vgg2k_vgg16_bn_aa5_s42/faces_rfwWM64/objects/results.csv,UU
bin5,VGG2k / bin5,r21vgg2k_vgg16_bn_aa5_s42,face_transfer,124,two_shared_ui,RFW WM64,Objects,0.37,0.39,50,within_sampled_range,UU,105,95.83333333333334,runs/yin_latest_vgg_20260927/transfer/results/r21vgg2k_vgg16_bn_aa5_s42/faces_rfwWM64/objects/results.csv,UU
bin5,VGG2k / bin5,r21vgg2k_vgg16_bn_aa5_s42,face_transfer,124,two_shared_ui,RFW WM64,Objects,0.37,0.39,50,within_sampled_range,UU,106,95.83333333333334,runs/yin_latest_vgg_20260927/transfer/results/r21vgg2k_vgg16_bn_aa5_s42/faces_rfwWM64/objects/results.csv,UU
bin5,VGG2k / bin5,r21vgg2k_vgg16_bn_aa5_s42,face_transfer,124,two_shared_ui,RFW WM64,Objects,0.37,0.39,50,within_sampled_range,UU,107,95.83333333333334,runs/yin_latest_vgg_20260927/transfer/results/r21vgg2k_vgg16_bn_aa5_s42/faces_rfwWM64/objects/results.csv,UU
bin5,VGG2k / bin5,r21vgg2k_vgg16_bn_aa5_s42,face_transfer,124,two_shared_ui,RFW WM64,Objects,0.37,0.39,50,within_sampled_range,UU,108,83.33333333333334,runs/yin_latest_vgg_20260927/transfer/results/r21vgg2k_vgg16_bn_aa5_s42/faces_rfwWM64/objects/results.csv,UU
bin5,VGG2k / bin5,r21vgg2k_vgg16_bn_aa5_s42,face_transfer,124,two_shared_ui,RFW WM64,Objects,0.37,0.39,50,within_sampled_range,UU,109,91.66666666666666,runs/yin_latest_vgg_20260927/transfer/results/r21vgg2k_vgg16_bn_aa5_s42/faces_rfwWM64/objects/results.csv,UU
bin5,VGG2k / bin5,r21vgg2k_vgg16_bn_aa5_s42,face_transfer,124,two_shared_ui,RFW WM64,Objects,0.37,0.39,50,within_sampled_range,UU,110,87.5,runs/yin_latest_vgg_20260927/transfer/results/r21vgg2k_vgg16_bn_aa5_s42/faces_rfwWM64/objects/results.csv,UU
bin5,VGG2k / bin5,r21vgg2k_vgg16_bn_aa5_s42,face_transfer,124,two_shared_ui,RFW WM64,Objects,0.37,0.39,50,within_sampled_range,UU,111,95.83333333333334,runs/yin_latest_vgg_20260927/transfer/results/r21vgg2k_vgg16_bn_aa5_s42/faces_rfwWM64/objects/results.csv,UU
bin5,VGG2k / bin5,r21vgg2k_vgg16_bn_aa5_s42,face_transfer,124,two_shared_ui,RFW WM64,Objects,0.37,0.39,50,within_sampled_range,UU,112,91.66666666666666,runs/yin_latest_vgg_20260927/transfer/results/r21vgg2k_vgg16_bn_aa5_s42/faces_rfwWM64/objects/results.csv,UU
bin5,VGG2k / bin5,r21vgg2k_vgg16_bn_aa5_s42,face_transfer,124,two_shared_ui,RFW WM64,Objects,0.37,0.39,50,within_sampled_range,UU,113,91.66666666666666,runs/yin_latest_vgg_20260927/transfer/results/r21vgg2k_vgg16_bn_aa5_s42/faces_rfwWM64/objects/results.csv,UU
bin5,VGG2k / bin5,r21vgg2k_vgg16_bn_aa5_s42,face_transfer,124,two_shared_ui,RFW WM64,Objects,0.37,0.39,50,within_sampled_range,UU,114,91.66666666666666,runs/yin_latest_vgg_20260927/transfer/results/r21vgg2k_vgg16_bn_aa5_s42/faces_rfwWM64/objects/results.csv,UU
bin5,VGG2k / bin5,r21vgg2k_vgg16_bn_aa5_s42,face_transfer,124,two_shared_ui,RFW WM64,Objects,0.37,0.39,50,within_sampled_range,UU,115,95.83333333333334,runs/yin_latest_vgg_20260927/transfer/results/r21vgg2k_vgg16_bn_aa5_s42/faces_rfwWM64/objects/results.csv,UU
bin5,VGG2k / bin5,r21vgg2k_vgg16_bn_aa5_s42,face_transfer,124,two_shared_ui,RFW WM64,Objects,0.37,0.39,50,within_sampled_range,UU,116,100.0,runs/yin_latest_vgg_20260927/transfer/results/r21vgg2k_vgg16_bn_aa5_s42/faces_rfwWM64/objects/results.csv,UU
bin5,VGG2k / bin5,r21vgg2k_vgg16_bn_aa5_s42,face_transfer,124,two_shared_ui,RFW WM64,Objects,0.37,0.39,50,within_sampled_range,UU,117,100.0,runs/yin_latest_vgg_20260927/transfer/results/r21vgg2k_vgg16_bn_aa5_s42/faces_rfwWM64/objects/results.csv,UU
bin5,VGG2k / bin5,r21vgg2k_vgg16_bn_aa5_s42,face_transfer,124,two_shared_ui,RFW WM64,Objects,0.37,0.39,50,within_sampled_range,UU,118,91.66666666666666,runs/yin_latest_vgg_20260927/transfer/results/r21vgg2k_vgg16_bn_aa5_s42/faces_rfwWM64/objects/results.csv,UU
bin5,VGG2k / bin5,r21vgg2k_vgg16_bn_aa5_s42,face_transfer,124,two_shared_ui,RFW WM64,Objects,0.37,0.39,50,within_sampled_range,UU,119,100.0,runs/yin_latest_vgg_20260927/transfer/results/r21vgg2k_vgg16_bn_aa5_s42/faces_rfwWM64/objects/results.csv,UU
bin5,VGG2k / bin5,r21vgg2k_vgg16_bn_aa5_s42,face_transfer,124,two_shared_ui,RFW WM64,Objects,0.37,0.39,50,within_sampled_range,UU,120,91.66666666666666,runs/yin_latest_vgg_20260927/transfer/results/r21vgg2k_vgg16_bn_aa5_s42/faces_rfwWM64/objects/results.csv,UU
bin5,VGG2k / bin5,r21vgg2k_vgg16_bn_aa5_s42,face_transfer,124,two_shared_ui,RFW WM64,Objects,0.37,0.39,50,within_sampled_range,UU,121,87.5,runs/yin_latest_vgg_20260927/transfer/results/r21vgg2k_vgg16_bn_aa5_s42/faces_rfwWM64/objects/results.csv,UU
bin5,VGG2k / bin5,r21vgg2k_vgg16_bn_aa5_s42,face_transfer,124,two_shared_ui,RFW WM64,Objects,0.37,0.39,50,within_sampled_range,UU,122,100.0,runs/yin_latest_vgg_20260927/transfer/results/r21vgg2k_vgg16_bn_aa5_s42/faces_rfwWM64/objects/results.csv,UU
bin5,VGG2k / bin5,r21vgg2k_vgg16_bn_aa5_s42,face_transfer,124,two_shared_ui,RFW WM64,Objects,0.37,0.39,50,within_sampled_range,UU,123,91.66666666666666,runs/yin_latest_vgg_20260927/transfer/results/r21vgg2k_vgg16_bn_aa5_s42/faces_rfwWM64/objects/results.csv,UU
bin5,VGG2k / bin5,r21vgg2k_vgg16_bn_aa5_s42,face_transfer,124,two_shared_ui,RFW WM64,Objects,0.37,0.39,50,within_sampled_range,UU,124,100.0,runs/yin_latest_vgg_20260927/transfer/results/r21vgg2k_vgg16_bn_aa5_s42/faces_rfwWM64/objects/results.csv,UU
bin5,VGG2k / bin5,r21vgg2k_vgg16_bn_aa5_s42,face_transfer,124,two_shared_ui,RFW WM64,Objects,0.37,0.39,50,within_sampled_range,UU,125,91.66666666666666,runs/yin_latest_vgg_20260927/transfer/results/r21vgg2k_vgg16_bn_aa5_s42/faces_rfwWM64/objects/results.csv,UU
bin5,VGG2k / bin5,r21vgg2k_vgg16_bn_aa5_s42,face_transfer,124,two_shared_ui,RFW WM64,Objects,0.37,0.39,50,within_sampled_range,UU,126,95.83333333333334,runs/yin_latest_vgg_20260927/transfer/results/r21vgg2k_vgg16_bn_aa5_s42/faces_rfwWM64/objects/results.csv,UU
bin5,VGG2k / bin5,r21vgg2k_vgg16_bn_aa5_s42,face_transfer,124,two_shared_ui,RFW WM64,Objects,0.37,0.39,50,within_sampled_range,UU,127,95.83333333333334,runs/yin_latest_vgg_20260927/transfer/results/r21vgg2k_vgg16_bn_aa5_s42/faces_rfwWM64/objects/results.csv,UU
bin5,VGG2k / bin5,r21vgg2k_vgg16_bn_aa5_s42,face_transfer,124,two_shared_ui,RFW WM64,Objects,0.37,0.39,50,within_sampled_range,UU,128,95.83333333333334,runs/yin_latest_vgg_20260927/transfer/results/r21vgg2k_vgg16_bn_aa5_s42/faces_rfwWM64/objects/results.csv,UU
bin5,VGG2k / bin5,r21vgg2k_vgg16_bn_aa5_s42,face_transfer,124,two_shared_ui,RFW WM64,Objects,0.37,0.39,50,within_sampled_range,UU,129,100.0,runs/yin_latest_vgg_20260927/transfer/results/r21vgg2k_vgg16_bn_aa5_s42/faces_rfwWM64/objects/results.csv,UU
bin5,VGG2k / bin5,r21vgg2k_vgg16_bn_aa5_s42,face_transfer,124,two_shared_ui,RFW WM64,Objects,0.37,0.39,50,within_sampled_range,UU,130,100.0,runs/yin_latest_vgg_20260927/transfer/results/r21vgg2k_vgg16_bn_aa5_s42/faces_rfwWM64/objects/results.csv,UU
bin5,VGG2k / bin5,r21vgg2k_vgg16_bn_aa5_s42,face_transfer,124,two_shared_ui,RFW WM64,Objects,0.37,0.39,50,within_sampled_range,UU,131,100.0,runs/yin_latest_vgg_20260927/transfer/results/r21vgg2k_vgg16_bn_aa5_s42/faces_rfwWM64/objects/results.csv,UU
bin5,VGG2k / bin5,r21vgg2k_vgg16_bn_aa5_s42,face_transfer,124,two_shared_ui,RFW WM64,Objects,0.37,0.39,50,within_sampled_range,UU,132,100.0,runs/yin_latest_vgg_20260927/transfer/results/r21vgg2k_vgg16_bn_aa5_s42/faces_rfwWM64/objects/results.csv,UU
bin5,VGG2k / bin5,r21vgg2k_vgg16_bn_aa5_s42,face_transfer,124,two_shared_ui,RFW WM64,Objects,0.37,0.39,50,within_sampled_range,UU,133,100.0,runs/yin_latest_vgg_20260927/transfer/results/r21vgg2k_vgg16_bn_aa5_s42/faces_rfwWM64/objects/results.csv,UU
bin5,VGG2k / bin5,r21vgg2k_vgg16_bn_aa5_s42,face_transfer,124,two_shared_ui,RFW WM64,Objects,0.37,0.39,50,within_sampled_range,UU,134,95.83333333333334,runs/yin_latest_vgg_20260927/transfer/results/r21vgg2k_vgg16_bn_aa5_s42/faces_rfwWM64/objects/results.csv,UU
bin5,VGG2k / bin5,r21vgg2k_vgg16_bn_aa5_s42,face_transfer,124,two_shared_ui,RFW WM64,Objects,0.37,0.39,50,within_sampled_range,UU,135,95.83333333333334,runs/yin_latest_vgg_20260927/transfer/results/r21vgg2k_vgg16_bn_aa5_s42/faces_rfwWM64/objects/results.csv,UU
bin5,VGG2k / bin5,r21vgg2k_vgg16_bn_aa5_s42,face_transfer,124,two_shared_ui,RFW WM64,Objects,0.37,0.39,50,within_sampled_range,UU,136,91.66666666666666,runs/yin_latest_vgg_20260927/transfer/results/r21vgg2k_vgg16_bn_aa5_s42/faces_rfwWM64/objects/results.csv,UU
bin5,VGG2k / bin5,r21vgg2k_vgg16_bn_aa5_s42,face_transfer,124,two_shared_ui,RFW WM64,Objects,0.37,0.39,50,within_sampled_range,UU,137,91.66666666666666,runs/yin_latest_vgg_20260927/transfer/results/r21vgg2k_vgg16_bn_aa5_s42/faces_rfwWM64/objects/results.csv,UU
bin5,VGG2k / bin5,r21vgg2k_vgg16_bn_aa5_s42,face_transfer,124,two_shared_ui,RFW WM64,Objects,0.37,0.39,50,within_sampled_range,UU,138,100.0,runs/yin_latest_vgg_20260927/transfer/results/r21vgg2k_vgg16_bn_aa5_s42/faces_rfwWM64/objects/results.csv,UU
bin5,VGG2k / bin5,r21vgg2k_vgg16_bn_aa5_s42,face_transfer,124,two_shared_ui,RFW WM64,Objects,0.37,0.39,50,within_sampled_range,UU,139,91.66666666666666,runs/yin_latest_vgg_20260927/transfer/results/r21vgg2k_vgg16_bn_aa5_s42/faces_rfwWM64/objects/results.csv,UU
bin5,VGG2k / bin5,r21vgg2k_vgg16_bn_aa5_s42,face_transfer,124,two_shared_ui,RFW WM64,Objects,0.37,0.39,50,within_sampled_range,UU,140,95.83333333333334,runs/yin_latest_vgg_20260927/transfer/results/r21vgg2k_vgg16_bn_aa5_s42/faces_rfwWM64/objects/results.csv,UU
bin5,VGG2k / bin5,r21vgg2k_vgg16_bn_aa5_s42,face_transfer,124,two_shared_ui,RFW WM64,Objects,0.37,0.39,50,within_sampled_range,UU,141,100.0,runs/yin_latest_vgg_20260927/transfer/results/r21vgg2k_vgg16_bn_aa5_s42/faces_rfwWM64/objects/results.csv,UU
bin5,VGG2k / bin5,r21vgg2k_vgg16_bn_aa5_s42,face_transfer,124,two_shared_ui,RFW WM64,Objects,0.37,0.39,50,within_sampled_range,UU,142,91.66666666666666,runs/yin_latest_vgg_20260927/transfer/results/r21vgg2k_vgg16_bn_aa5_s42/faces_rfwWM64/objects/results.csv,UU
bin5,VGG2k / bin5,r21vgg2k_vgg16_bn_aa5_s42,face_transfer,124,two_shared_ui,RFW WM64,Objects,0.37,0.39,50,within_sampled_range,UU,143,91.66666666666666,runs/yin_latest_vgg_20260927/transfer/results/r21vgg2k_vgg16_bn_aa5_s42/faces_rfwWM64/objects/results.csv,UU
bin5,VGG2k / bin5,r21vgg2k_vgg16_bn_aa5_s42,face_transfer,124,two_shared_ui,RFW WM64,Objects,0.37,0.39,50,within_sampled_range,UU,144,95.83333333333334,runs/yin_latest_vgg_20260927/transfer/results/r21vgg2k_vgg16_bn_aa5_s42/faces_rfwWM64/objects/results.csv,UU
bin5,VGG2k / bin5,r21vgg2k_vgg16_bn_aa5_s42,face_transfer,124,two_shared_ui,RFW WM64,Objects,0.37,0.39,50,within_sampled_range,UU,145,87.5,runs/yin_latest_vgg_20260927/transfer/results/r21vgg2k_vgg16_bn_aa5_s42/faces_rfwWM64/objects/results.csv,UU
bin5,VGG2k / bin5,r21vgg2k_vgg16_bn_aa5_s42,face_transfer,124,two_shared_ui,RFW WM64,Objects,0.37,0.39,50,within_sampled_range,UU,146,95.83333333333334,runs/yin_latest_vgg_20260927/transfer/results/r21vgg2k_vgg16_bn_aa5_s42/faces_rfwWM64/objects/results.csv,UU
bin5,VGG2k / bin5,r21vgg2k_vgg16_bn_aa5_s42,face_transfer,124,two_shared_ui,RFW WM64,Objects,0.37,0.39,50,within_sampled_range,UU,147,91.66666666666666,runs/yin_latest_vgg_20260927/transfer/results/r21vgg2k_vgg16_bn_aa5_s42/faces_rfwWM64/objects/results.csv,UU
bin5,VGG2k / bin5,r21vgg2k_vgg16_bn_aa5_s42,face_transfer,124,two_shared_ui,RFW WM64,Objects,0.37,0.39,50,within_sampled_range,UU,148,100.0,runs/yin_latest_vgg_20260927/transfer/results/r21vgg2k_vgg16_bn_aa5_s42/faces_rfwWM64/objects/results.csv,UU
bin5,VGG2k / bin5,r21vgg2k_vgg16_bn_aa5_s42,face_transfer,124,two_shared_ui,RFW WM64,Objects,0.37,0.39,50,within_sampled_range,UU,149,95.83333333333334,runs/yin_latest_vgg_20260927/transfer/results/r21vgg2k_vgg16_bn_aa5_s42/faces_rfwWM64/objects/results.csv,UU
bin5,VGG2k / bin5,r21vgg2k_vgg16_bn_aa5_s42,face_transfer,124,two_shared_ui,RFW WM64,Objects,0.37,0.39,50,within_sampled_range,UU,150,100.0,runs/yin_latest_vgg_20260927/transfer/results/r21vgg2k_vgg16_bn_aa5_s42/faces_rfwWM64/objects/results.csv,UU
bin5,VGG2k / bin5,r21vgg2k_vgg16_bn_aa5_s42,face_transfer,124,two_shared_ui,RFW WM64,Objects,0.37,0.39,50,within_sampled_range,II,101,79.16666666666666,runs/yin_latest_vgg_20260927/transfer/results/r21vgg2k_vgg16_bn_aa5_s42/faces_rfwWM64/objects/results.csv,II
bin5,VGG2k / bin5,r21vgg2k_vgg16_bn_aa5_s42,face_transfer,124,two_shared_ui,RFW WM64,Objects,0.37,0.39,50,within_sampled_range,II,102,91.66666666666666,runs/yin_latest_vgg_20260927/transfer/results/r21vgg2k_vgg16_bn_aa5_s42/faces_rfwWM64/objects/results.csv,II
bin5,VGG2k / bin5,r21vgg2k_vgg16_bn_aa5_s42,face_transfer,124,two_shared_ui,RFW WM64,Objects,0.37,0.39,50,within_sampled_range,II,103,87.5,runs/yin_latest_vgg_20260927/transfer/results/r21vgg2k_vgg16_bn_aa5_s42/faces_rfwWM64/objects/results.csv,II
bin5,VGG2k / bin5,r21vgg2k_vgg16_bn_aa5_s42,face_transfer,124,two_shared_ui,RFW WM64,Objects,0.37,0.39,50,within_sampled_range,II,104,87.5,runs/yin_latest_vgg_20260927/transfer/results/r21vgg2k_vgg16_bn_aa5_s42/faces_rfwWM64/objects/results.csv,II
bin5,VGG2k / bin5,r21vgg2k_vgg16_bn_aa5_s42,face_transfer,124,two_shared_ui,RFW WM64,Objects,0.37,0.39,50,within_sampled_range,II,105,79.16666666666666,runs/yin_latest_vgg_20260927/transfer/results/r21vgg2k_vgg16_bn_aa5_s42/faces_rfwWM64/objects/results.csv,II
bin5,VGG2k / bin5,r21vgg2k_vgg16_bn_aa5_s42,face_transfer,124,two_shared_ui,RFW WM64,Objects,0.37,0.39,50,within_sampled_range,II,106,87.5,runs/yin_latest_vgg_20260927/transfer/results/r21vgg2k_vgg16_bn_aa5_s42/faces_rfwWM64/objects/results.csv,II
bin5,VGG2k / bin5,r21vgg2k_vgg16_bn_aa5_s42,face_transfer,124,two_shared_ui,RFW WM64,Objects,0.37,0.39,50,within_sampled_range,II,107,91.66666666666666,runs/yin_latest_vgg_20260927/transfer/results/r21vgg2k_vgg16_bn_aa5_s42/faces_rfwWM64/objects/results.csv,II
bin5,VGG2k / bin5,r21vgg2k_vgg16_bn_aa5_s42,face_transfer,124,two_shared_ui,RFW WM64,Objects,0.37,0.39,50,within_sampled_range,II,108,75.0,runs/yin_latest_vgg_20260927/transfer/results/r21vgg2k_vgg16_bn_aa5_s42/faces_rfwWM64/objects/results.csv,II
bin5,VGG2k / bin5,r21vgg2k_vgg16_bn_aa5_s42,face_transfer,124,two_shared_ui,RFW WM64,Objects,0.37,0.39,50,within_sampled_range,II,109,87.5,runs/yin_latest_vgg_20260927/transfer/results/r21vgg2k_vgg16_bn_aa5_s42/faces_rfwWM64/objects/results.csv,II
bin5,VGG2k / bin5,r21vgg2k_vgg16_bn_aa5_s42,face_transfer,124,two_shared_ui,RFW WM64,Objects,0.37,0.39,50,within_sampled_range,II,110,79.16666666666666,runs/yin_latest_vgg_20260927/transfer/results/r21vgg2k_vgg16_bn_aa5_s42/faces_rfwWM64/objects/results.csv,II
bin5,VGG2k / bin5,r21vgg2k_vgg16_bn_aa5_s42,face_transfer,124,two_shared_ui,RFW WM64,Objects,0.37,0.39,50,within_sampled_range,II,111,87.5,runs/yin_latest_vgg_20260927/transfer/results/r21vgg2k_vgg16_bn_aa5_s42/faces_rfwWM64/objects/results.csv,II
bin5,VGG2k / bin5,r21vgg2k_vgg16_bn_aa5_s42,face_transfer,124,two_shared_ui,RFW WM64,Objects,0.37,0.39,50,within_sampled_range,II,112,91.66666666666666,runs/yin_latest_vgg_20260927/transfer/results/r21vgg2k_vgg16_bn_aa5_s42/faces_rfwWM64/objects/results.csv,II
bin5,VGG2k / bin5,r21vgg2k_vgg16_bn_aa5_s42,face_transfer,124,two_shared_ui,RFW WM64,Objects,0.37,0.39,50,within_sampled_range,II,113,95.83333333333334,runs/yin_latest_vgg_20260927/transfer/results/r21vgg2k_vgg16_bn_aa5_s42/faces_rfwWM64/objects/results.csv,II
bin5,VGG2k / bin5,r21vgg2k_vgg16_bn_aa5_s42,face_transfer,124,two_shared_ui,RFW WM64,Objects,0.37,0.39,50,within_sampled_range,II,114,95.83333333333334,runs/yin_latest_vgg_20260927/transfer/results/r21vgg2k_vgg16_bn_aa5_s42/faces_rfwWM64/objects/results.csv,II
bin5,VGG2k / bin5,r21vgg2k_vgg16_bn_aa5_s42,face_transfer,124,two_shared_ui,RFW WM64,Objects,0.37,0.39,50,within_sampled_range,II,115,87.5,runs/yin_latest_vgg_20260927/transfer/results/r21vgg2k_vgg16_bn_aa5_s42/faces_rfwWM64/objects/results.csv,II
bin5,VGG2k / bin5,r21vgg2k_vgg16_bn_aa5_s42,face_transfer,124,two_shared_ui,RFW WM64,Objects,0.37,0.39,50,within_sampled_range,II,116,75.0,runs/yin_latest_vgg_20260927/transfer/results/r21vgg2k_vgg16_bn_aa5_s42/faces_rfwWM64/objects/results.csv,II
bin5,VGG2k / bin5,r21vgg2k_vgg16_bn_aa5_s42,face_transfer,124,two_shared_ui,RFW WM64,Objects,0.37,0.39,50,within_sampled_range,II,117,83.33333333333334,runs/yin_latest_vgg_20260927/transfer/results/r21vgg2k_vgg16_bn_aa5_s42/faces_rfwWM64/objects/results.csv,II
bin5,VGG2k / bin5,r21vgg2k_vgg16_bn_aa5_s42,face_transfer,124,two_shared_ui,RFW WM64,Objects,0.37,0.39,50,within_sampled_range,II,118,87.5,runs/yin_latest_vgg_20260927/transfer/results/r21vgg2k_vgg16_bn_aa5_s42/faces_rfwWM64/objects/results.csv,II
bin5,VGG2k / bin5,r21vgg2k_vgg16_bn_aa5_s42,face_transfer,124,two_shared_ui,RFW WM64,Objects,0.37,0.39,50,within_sampled_range,II,119,87.5,runs/yin_latest_vgg_20260927/transfer/results/r21vgg2k_vgg16_bn_aa5_s42/faces_rfwWM64/objects/results.csv,II
bin5,VGG2k / bin5,r21vgg2k_vgg16_bn_aa5_s42,face_transfer,124,two_shared_ui,RFW WM64,Objects,0.37,0.39,50,within_sampled_range,II,120,83.33333333333334,runs/yin_latest_vgg_20260927/transfer/results/r21vgg2k_vgg16_bn_aa5_s42/faces_rfwWM64/objects/results.csv,II
bin5,VGG2k / bin5,r21vgg2k_vgg16_bn_aa5_s42,face_transfer,124,two_shared_ui,RFW WM64,Objects,0.37,0.39,50,within_sampled_range,II,121,75.0,runs/yin_latest_vgg_20260927/transfer/results/r21vgg2k_vgg16_bn_aa5_s42/faces_rfwWM64/objects/results.csv,II
bin5,VGG2k / bin5,r21vgg2k_vgg16_bn_aa5_s42,face_transfer,124,two_shared_ui,RFW WM64,Objects,0.37,0.39,50,within_sampled_range,II,122,87.5,runs/yin_latest_vgg_20260927/transfer/results/r21vgg2k_vgg16_bn_aa5_s42/faces_rfwWM64/objects/results.csv,II
bin5,VGG2k / bin5,r21vgg2k_vgg16_bn_aa5_s42,face_transfer,124,two_shared_ui,RFW WM64,Objects,0.37,0.39,50,within_sampled_range,II,123,91.66666666666666,runs/yin_latest_vgg_20260927/transfer/results/r21vgg2k_vgg16_bn_aa5_s42/faces_rfwWM64/objects/results.csv,II
bin5,VGG2k / bin5,r21vgg2k_vgg16_bn_aa5_s42,face_transfer,124,two_shared_ui,RFW WM64,Objects,0.37,0.39,50,within_sampled_range,II,124,87.5,runs/yin_latest_vgg_20260927/transfer/results/r21vgg2k_vgg16_bn_aa5_s42/faces_rfwWM64/objects/results.csv,II
bin5,VGG2k / bin5,r21vgg2k_vgg16_bn_aa5_s42,face_transfer,124,two_shared_ui,RFW WM64,Objects,0.37,0.39,50,within_sampled_range,II,125,87.5,runs/yin_latest_vgg_20260927/transfer/results/r21vgg2k_vgg16_bn_aa5_s42/faces_rfwWM64/objects/results.csv,II
bin5,VGG2k / bin5,r21vgg2k_vgg16_bn_aa5_s42,face_transfer,124,two_shared_ui,RFW WM64,Objects,0.37,0.39,50,within_sampled_range,II,126,91.66666666666666,runs/yin_latest_vgg_20260927/transfer/results/r21vgg2k_vgg16_bn_aa5_s42/faces_rfwWM64/objects/results.csv,II
bin5,VGG2k / bin5,r21vgg2k_vgg16_bn_aa5_s42,face_transfer,124,two_shared_ui,RFW WM64,Objects,0.37,0.39,50,within_sampled_range,II,127,91.66666666666666,runs/yin_latest_vgg_20260927/transfer/results/r21vgg2k_vgg16_bn_aa5_s42/faces_rfwWM64/objects/results.csv,II
bin5,VGG2k / bin5,r21vgg2k_vgg16_bn_aa5_s42,face_transfer,124,two_shared_ui,RFW WM64,Objects,0.37,0.39,50,within_sampled_range,II,128,87.5,runs/yin_latest_vgg_20260927/transfer/results/r21vgg2k_vgg16_bn_aa5_s42/faces_rfwWM64/objects/results.csv,II
bin5,VGG2k / bin5,r21vgg2k_vgg16_bn_aa5_s42,face_transfer,124,two_shared_ui,RFW WM64,Objects,0.37,0.39,50,within_sampled_range,II,129,91.66666666666666,runs/yin_latest_vgg_20260927/transfer/results/r21vgg2k_vgg16_bn_aa5_s42/faces_rfwWM64/objects/results.csv,II
bin5,VGG2k / bin5,r21vgg2k_vgg16_bn_aa5_s42,face_transfer,124,two_shared_ui,RFW WM64,Objects,0.37,0.39,50,within_sampled_range,II,130,87.5,runs/yin_latest_vgg_20260927/transfer/results/r21vgg2k_vgg16_bn_aa5_s42/faces_rfwWM64/objects/results.csv,II
bin5,VGG2k / bin5,r21vgg2k_vgg16_bn_aa5_s42,face_transfer,124,two_shared_ui,RFW WM64,Objects,0.37,0.39,50,within_sampled_range,II,131,87.5,runs/yin_latest_vgg_20260927/transfer/results/r21vgg2k_vgg16_bn_aa5_s42/faces_rfwWM64/objects/results.csv,II
bin5,VGG2k / bin5,r21vgg2k_vgg16_bn_aa5_s42,face_transfer,124,two_shared_ui,RFW WM64,Objects,0.37,0.39,50,within_sampled_range,II,132,91.66666666666666,runs/yin_latest_vgg_20260927/transfer/results/r21vgg2k_vgg16_bn_aa5_s42/faces_rfwWM64/objects/results.csv,II
bin5,VGG2k / bin5,r21vgg2k_vgg16_bn_aa5_s42,face_transfer,124,two_shared_ui,RFW WM64,Objects,0.37,0.39,50,within_sampled_range,II,133,83.33333333333334,runs/yin_latest_vgg_20260927/transfer/results/r21vgg2k_vgg16_bn_aa5_s42/faces_rfwWM64/objects/results.csv,II
bin5,VGG2k / bin5,r21vgg2k_vgg16_bn_aa5_s42,face_transfer,124,two_shared_ui,RFW WM64,Objects,0.37,0.39,50,within_sampled_range,II,134,87.5,runs/yin_latest_vgg_20260927/transfer/results/r21vgg2k_vgg16_bn_aa5_s42/faces_rfwWM64/objects/results.csv,II
bin5,VGG2k / bin5,r21vgg2k_vgg16_bn_aa5_s42,face_transfer,124,two_shared_ui,RFW WM64,Objects,0.37,0.39,50,within_sampled_range,II,135,87.5,runs/yin_latest_vgg_20260927/transfer/results/r21vgg2k_vgg16_bn_aa5_s42/faces_rfwWM64/objects/results.csv,II
bin5,VGG2k / bin5,r21vgg2k_vgg16_bn_aa5_s42,face_transfer,124,two_shared_ui,RFW WM64,Objects,0.37,0.39,50,within_sampled_range,II,136,83.33333333333334,runs/yin_latest_vgg_20260927/transfer/results/r21vgg2k_vgg16_bn_aa5_s42/faces_rfwWM64/objects/results.csv,II
bin5,VGG2k / bin5,r21vgg2k_vgg16_bn_aa5_s42,face_transfer,124,two_shared_ui,RFW WM64,Objects,0.37,0.39,50,within_sampled_range,II,137,91.66666666666666,runs/yin_latest_vgg_20260927/transfer/results/r21vgg2k_vgg16_bn_aa5_s42/faces_rfwWM64/objects/results.csv,II
bin5,VGG2k / bin5,r21vgg2k_vgg16_bn_aa5_s42,face_transfer,124,two_shared_ui,RFW WM64,Objects,0.37,0.39,50,within_sampled_range,II,138,87.5,runs/yin_latest_vgg_20260927/transfer/results/r21vgg2k_vgg16_bn_aa5_s42/faces_rfwWM64/objects/results.csv,II
bin5,VGG2k / bin5,r21vgg2k_vgg16_bn_aa5_s42,face_transfer,124,two_shared_ui,RFW WM64,Objects,0.37,0.39,50,within_sampled_range,II,139,79.16666666666666,runs/yin_latest_vgg_20260927/transfer/results/r21vgg2k_vgg16_bn_aa5_s42/faces_rfwWM64/objects/results.csv,II
bin5,VGG2k / bin5,r21vgg2k_vgg16_bn_aa5_s42,face_transfer,124,two_shared_ui,RFW WM64,Objects,0.37,0.39,50,within_sampled_range,II,140,87.5,runs/yin_latest_vgg_20260927/transfer/results/r21vgg2k_vgg16_bn_aa5_s42/faces_rfwWM64/objects/results.csv,II
bin5,VGG2k / bin5,r21vgg2k_vgg16_bn_aa5_s42,face_transfer,124,two_shared_ui,RFW WM64,Objects,0.37,0.39,50,within_sampled_range,II,141,83.33333333333334,runs/yin_latest_vgg_20260927/transfer/results/r21vgg2k_vgg16_bn_aa5_s42/faces_rfwWM64/objects/results.csv,II
bin5,VGG2k / bin5,r21vgg2k_vgg16_bn_aa5_s42,face_transfer,124,two_shared_ui,RFW WM64,Objects,0.37,0.39,50,within_sampled_range,II,142,91.66666666666666,runs/yin_latest_vgg_20260927/transfer/results/r21vgg2k_vgg16_bn_aa5_s42/faces_rfwWM64/objects/results.csv,II
bin5,VGG2k / bin5,r21vgg2k_vgg16_bn_aa5_s42,face_transfer,124,two_shared_ui,RFW WM64,Objects,0.37,0.39,50,within_sampled_range,II,143,95.83333333333334,runs/yin_latest_vgg_20260927/transfer/results/r21vgg2k_vgg16_bn_aa5_s42/faces_rfwWM64/objects/results.csv,II
bin5,VGG2k / bin5,r21vgg2k_vgg16_bn_aa5_s42,face_transfer,124,two_shared_ui,RFW WM64,Objects,0.37,0.39,50,within_sampled_range,II,144,87.5,runs/yin_latest_vgg_20260927/transfer/results/r21vgg2k_vgg16_bn_aa5_s42/faces_rfwWM64/objects/results.csv,II
bin5,VGG2k / bin5,r21vgg2k_vgg16_bn_aa5_s42,face_transfer,124,two_shared_ui,RFW WM64,Objects,0.37,0.39,50,within_sampled_range,II,145,87.5,runs/yin_latest_vgg_20260927/transfer/results/r21vgg2k_vgg16_bn_aa5_s42/faces_rfwWM64/objects/results.csv,II
bin5,VGG2k / bin5,r21vgg2k_vgg16_bn_aa5_s42,face_transfer,124,two_shared_ui,RFW WM64,Objects,0.37,0.39,50,within_sampled_range,II,146,83.33333333333334,runs/yin_latest_vgg_20260927/transfer/results/r21vgg2k_vgg16_bn_aa5_s42/faces_rfwWM64/objects/results.csv,II
bin5,VGG2k / bin5,r21vgg2k_vgg16_bn_aa5_s42,face_transfer,124,two_shared_ui,RFW WM64,Objects,0.37,0.39,50,within_sampled_range,II,147,91.66666666666666,runs/yin_latest_vgg_20260927/transfer/results/r21vgg2k_vgg16_bn_aa5_s42/faces_rfwWM64/objects/results.csv,II
bin5,VGG2k / bin5,r21vgg2k_vgg16_bn_aa5_s42,face_transfer,124,two_shared_ui,RFW WM64,Objects,0.37,0.39,50,within_sampled_range,II,148,83.33333333333334,runs/yin_latest_vgg_20260927/transfer/results/r21vgg2k_vgg16_bn_aa5_s42/faces_rfwWM64/objects/results.csv,II
bin5,VGG2k / bin5,r21vgg2k_vgg16_bn_aa5_s42,face_transfer,124,two_shared_ui,RFW WM64,Objects,0.37,0.39,50,within_sampled_range,II,149,83.33333333333334,runs/yin_latest_vgg_20260927/transfer/results/r21vgg2k_vgg16_bn_aa5_s42/faces_rfwWM64/objects/results.csv,II
bin5,VGG2k / bin5,r21vgg2k_vgg16_bn_aa5_s42,face_transfer,124,two_shared_ui,RFW WM64,Objects,0.37,0.39,50,within_sampled_range,II,150,75.0,runs/yin_latest_vgg_20260927/transfer/results/r21vgg2k_vgg16_bn_aa5_s42/faces_rfwWM64/objects/results.csv,II
bin5,VGG2k / bin5,r21vgg2k_vgg16_bn_aa5_s42,face_transfer,124,two_shared_ui,RFW WM64,Objects,0.37,0.39,50,within_sampled_range,UI,101,91.66666666666666,runs/yin_latest_vgg_20260927/transfer/results/r21vgg2k_vgg16_bn_aa5_s42/faces_rfwWM64/objects/results.csv,UI_shared
bin5,VGG2k / bin5,r21vgg2k_vgg16_bn_aa5_s42,face_transfer,124,two_shared_ui,RFW WM64,Objects,0.37,0.39,50,within_sampled_range,UI,102,87.5,runs/yin_latest_vgg_20260927/transfer/results/r21vgg2k_vgg16_bn_aa5_s42/faces_rfwWM64/objects/results.csv,UI_shared
bin5,VGG2k / bin5,r21vgg2k_vgg16_bn_aa5_s42,face_transfer,124,two_shared_ui,RFW WM64,Objects,0.37,0.39,50,within_sampled_range,UI,103,83.33333333333334,runs/yin_latest_vgg_20260927/transfer/results/r21vgg2k_vgg16_bn_aa5_s42/faces_rfwWM64/objects/results.csv,UI_shared
bin5,VGG2k / bin5,r21vgg2k_vgg16_bn_aa5_s42,face_transfer,124,two_shared_ui,RFW WM64,Objects,0.37,0.39,50,within_sampled_range,UI,104,95.83333333333334,runs/yin_latest_vgg_20260927/transfer/results/r21vgg2k_vgg16_bn_aa5_s42/faces_rfwWM64/objects/results.csv,UI_shared
bin5,VGG2k / bin5,r21vgg2k_vgg16_bn_aa5_s42,face_transfer,124,two_shared_ui,RFW WM64,Objects,0.37,0.39,50,within_sampled_range,UI,105,70.83333333333334,runs/yin_latest_vgg_20260927/transfer/results/r21vgg2k_vgg16_bn_aa5_s42/faces_rfwWM64/objects/results.csv,UI_shared
bin5,VGG2k / bin5,r21vgg2k_vgg16_bn_aa5_s42,face_transfer,124,two_shared_ui,RFW WM64,Objects,0.37,0.39,50,within_sampled_range,UI,106,91.66666666666666,runs/yin_latest_vgg_20260927/transfer/results/r21vgg2k_vgg16_bn_aa5_s42/faces_rfwWM64/objects/results.csv,UI_shared
bin5,VGG2k / bin5,r21vgg2k_vgg16_bn_aa5_s42,face_transfer,124,two_shared_ui,RFW WM64,Objects,0.37,0.39,50,within_sampled_range,UI,107,91.66666666666666,runs/yin_latest_vgg_20260927/transfer/results/r21vgg2k_vgg16_bn_aa5_s42/faces_rfwWM64/objects/results.csv,UI_shared
bin5,VGG2k / bin5,r21vgg2k_vgg16_bn_aa5_s42,face_transfer,124,two_shared_ui,RFW WM64,Objects,0.37,0.39,50,within_sampled_range,UI,108,87.5,runs/yin_latest_vgg_20260927/transfer/results/r21vgg2k_vgg16_bn_aa5_s42/faces_rfwWM64/objects/results.csv,UI_shared
bin5,VGG2k / bin5,r21vgg2k_vgg16_bn_aa5_s42,face_transfer,124,two_shared_ui,RFW WM64,Objects,0.37,0.39,50,within_sampled_range,UI,109,87.5,runs/yin_latest_vgg_20260927/transfer/results/r21vgg2k_vgg16_bn_aa5_s42/faces_rfwWM64/objects/results.csv,UI_shared
bin5,VGG2k / bin5,r21vgg2k_vgg16_bn_aa5_s42,face_transfer,124,two_shared_ui,RFW WM64,Objects,0.37,0.39,50,within_sampled_range,UI,110,75.0,runs/yin_latest_vgg_20260927/transfer/results/r21vgg2k_vgg16_bn_aa5_s42/faces_rfwWM64/objects/results.csv,UI_shared
bin5,VGG2k / bin5,r21vgg2k_vgg16_bn_aa5_s42,face_transfer,124,two_shared_ui,RFW WM64,Objects,0.37,0.39,50,within_sampled_range,UI,111,87.5,runs/yin_latest_vgg_20260927/transfer/results/r21vgg2k_vgg16_bn_aa5_s42/faces_rfwWM64/objects/results.csv,UI_shared
bin5,VGG2k / bin5,r21vgg2k_vgg16_bn_aa5_s42,face_transfer,124,two_shared_ui,RFW WM64,Objects,0.37,0.39,50,within_sampled_range,UI,112,91.66666666666666,runs/yin_latest_vgg_20260927/transfer/results/r21vgg2k_vgg16_bn_aa5_s42/faces_rfwWM64/objects/results.csv,UI_shared
bin5,VGG2k / bin5,r21vgg2k_vgg16_bn_aa5_s42,face_transfer,124,two_shared_ui,RFW WM64,Objects,0.37,0.39,50,within_sampled_range,UI,113,83.33333333333334,runs/yin_latest_vgg_20260927/transfer/results/r21vgg2k_vgg16_bn_aa5_s42/faces_rfwWM64/objects/results.csv,UI_shared
bin5,VGG2k / bin5,r21vgg2k_vgg16_bn_aa5_s42,face_transfer,124,two_shared_ui,RFW WM64,Objects,0.37,0.39,50,within_sampled_range,UI,114,95.83333333333334,runs/yin_latest_vgg_20260927/transfer/results/r21vgg2k_vgg16_bn_aa5_s42/faces_rfwWM64/objects/results.csv,UI_shared
bin5,VGG2k / bin5,r21vgg2k_vgg16_bn_aa5_s42,face_transfer,124,two_shared_ui,RFW WM64,Objects,0.37,0.39,50,within_sampled_range,UI,115,95.83333333333334,runs/yin_latest_vgg_20260927/transfer/results/r21vgg2k_vgg16_bn_aa5_s42/faces_rfwWM64/objects/results.csv,UI_shared
bin5,VGG2k / bin5,r21vgg2k_vgg16_bn_aa5_s42,face_transfer,124,two_shared_ui,RFW WM64,Objects,0.37,0.39,50,within_sampled_range,UI,116,91.66666666666666,runs/yin_latest_vgg_20260927/transfer/results/r21vgg2k_vgg16_bn_aa5_s42/faces_rfwWM64/objects/results.csv,UI_shared
bin5,VGG2k / bin5,r21vgg2k_vgg16_bn_aa5_s42,face_transfer,124,two_shared_ui,RFW WM64,Objects,0.37,0.39,50,within_sampled_range,UI,117,87.5,runs/yin_latest_vgg_20260927/transfer/results/r21vgg2k_vgg16_bn_aa5_s42/faces_rfwWM64/objects/results.csv,UI_shared
bin5,VGG2k / bin5,r21vgg2k_vgg16_bn_aa5_s42,face_transfer,124,two_shared_ui,RFW WM64,Objects,0.37,0.39,50,within_sampled_range,UI,118,95.83333333333334,runs/yin_latest_vgg_20260927/transfer/results/r21vgg2k_vgg16_bn_aa5_s42/faces_rfwWM64/objects/results.csv,UI_shared
bin5,VGG2k / bin5,r21vgg2k_vgg16_bn_aa5_s42,face_transfer,124,two_shared_ui,RFW WM64,Objects,0.37,0.39,50,within_sampled_range,UI,119,95.83333333333334,runs/yin_latest_vgg_20260927/transfer/results/r21vgg2k_vgg16_bn_aa5_s42/faces_rfwWM64/objects/results.csv,UI_shared
bin5,VGG2k / bin5,r21vgg2k_vgg16_bn_aa5_s42,face_transfer,124,two_shared_ui,RFW WM64,Objects,0.37,0.39,50,within_sampled_range,UI,120,91.66666666666666,runs/yin_latest_vgg_20260927/transfer/results/r21vgg2k_vgg16_bn_aa5_s42/faces_rfwWM64/objects/results.csv,UI_shared
bin5,VGG2k / bin5,r21vgg2k_vgg16_bn_aa5_s42,face_transfer,124,two_shared_ui,RFW WM64,Objects,0.37,0.39,50,within_sampled_range,UI,121,83.33333333333334,runs/yin_latest_vgg_20260927/transfer/results/r21vgg2k_vgg16_bn_aa5_s42/faces_rfwWM64/objects/results.csv,UI_shared
bin5,VGG2k / bin5,r21vgg2k_vgg16_bn_aa5_s42,face_transfer,124,two_shared_ui,RFW WM64,Objects,0.37,0.39,50,within_sampled_range,UI,122,70.83333333333334,runs/yin_latest_vgg_20260927/transfer/results/r21vgg2k_vgg16_bn_aa5_s42/faces_rfwWM64/objects/results.csv,UI_shared
bin5,VGG2k / bin5,r21vgg2k_vgg16_bn_aa5_s42,face_transfer,124,two_shared_ui,RFW WM64,Objects,0.37,0.39,50,within_sampled_range,UI,123,83.33333333333334,runs/yin_latest_vgg_20260927/transfer/results/r21vgg2k_vgg16_bn_aa5_s42/faces_rfwWM64/objects/results.csv,UI_shared
bin5,VGG2k / bin5,r21vgg2k_vgg16_bn_aa5_s42,face_transfer,124,two_shared_ui,RFW WM64,Objects,0.37,0.39,50,within_sampled_range,UI,124,79.16666666666666,runs/yin_latest_vgg_20260927/transfer/results/r21vgg2k_vgg16_bn_aa5_s42/faces_rfwWM64/objects/results.csv,UI_shared
bin5,VGG2k / bin5,r21vgg2k_vgg16_bn_aa5_s42,face_transfer,124,two_shared_ui,RFW WM64,Objects,0.37,0.39,50,within_sampled_range,UI,125,91.66666666666666,runs/yin_latest_vgg_20260927/transfer/results/r21vgg2k_vgg16_bn_aa5_s42/faces_rfwWM64/objects/results.csv,UI_shared
bin5,VGG2k / bin5,r21vgg2k_vgg16_bn_aa5_s42,face_transfer,124,two_shared_ui,RFW WM64,Objects,0.37,0.39,50,within_sampled_range,UI,126,95.83333333333334,runs/yin_latest_vgg_20260927/transfer/results/r21vgg2k_vgg16_bn_aa5_s42/faces_rfwWM64/objects/results.csv,UI_shared
bin5,VGG2k / bin5,r21vgg2k_vgg16_bn_aa5_s42,face_transfer,124,two_shared_ui,RFW WM64,Objects,0.37,0.39,50,within_sampled_range,UI,127,87.5,runs/yin_latest_vgg_20260927/transfer/results/r21vgg2k_vgg16_bn_aa5_s42/faces_rfwWM64/objects/results.csv,UI_shared
bin5,VGG2k / bin5,r21vgg2k_vgg16_bn_aa5_s42,face_transfer,124,two_shared_ui,RFW WM64,Objects,0.37,0.39,50,within_sampled_range,UI,128,95.83333333333334,runs/yin_latest_vgg_20260927/transfer/results/r21vgg2k_vgg16_bn_aa5_s42/faces_rfwWM64/objects/results.csv,UI_shared
bin5,VGG2k / bin5,r21vgg2k_vgg16_bn_aa5_s42,face_transfer,124,two_shared_ui,RFW WM64,Objects,0.37,0.39,50,within_sampled_range,UI,129,100.0,runs/yin_latest_vgg_20260927/transfer/results/r21vgg2k_vgg16_bn_aa5_s42/faces_rfwWM64/objects/results.csv,UI_shared
bin5,VGG2k / bin5,r21vgg2k_vgg16_bn_aa5_s42,face_transfer,124,two_shared_ui,RFW WM64,Objects,0.37,0.39,50,within_sampled_range,UI,130,87.5,runs/yin_latest_vgg_20260927/transfer/results/r21vgg2k_vgg16_bn_aa5_s42/faces_rfwWM64/objects/results.csv,UI_shared
bin5,VGG2k / bin5,r21vgg2k_vgg16_bn_aa5_s42,face_transfer,124,two_shared_ui,RFW WM64,Objects,0.37,0.39,50,within_sampled_range,UI,131,91.66666666666666,runs/yin_latest_vgg_20260927/transfer/results/r21vgg2k_vgg16_bn_aa5_s42/faces_rfwWM64/objects/results.csv,UI_shared
bin5,VGG2k / bin5,r21vgg2k_vgg16_bn_aa5_s42,face_transfer,124,two_shared_ui,RFW WM64,Objects,0.37,0.39,50,within_sampled_range,UI,132,79.16666666666666,runs/yin_latest_vgg_20260927/transfer/results/r21vgg2k_vgg16_bn_aa5_s42/faces_rfwWM64/objects/results.csv,UI_shared
bin5,VGG2k / bin5,r21vgg2k_vgg16_bn_aa5_s42,face_transfer,124,two_shared_ui,RFW WM64,Objects,0.37,0.39,50,within_sampled_range,UI,133,91.66666666666666,runs/yin_latest_vgg_20260927/transfer/results/r21vgg2k_vgg16_bn_aa5_s42/faces_rfwWM64/objects/results.csv,UI_shared
bin5,VGG2k / bin5,r21vgg2k_vgg16_bn_aa5_s42,face_transfer,124,two_shared_ui,RFW WM64,Objects,0.37,0.39,50,within_sampled_range,UI,134,91.66666666666666,runs/yin_latest_vgg_20260927/transfer/results/r21vgg2k_vgg16_bn_aa5_s42/faces_rfwWM64/objects/results.csv,UI_shared
bin5,VGG2k / bin5,r21vgg2k_vgg16_bn_aa5_s42,face_transfer,124,two_shared_ui,RFW WM64,Objects,0.37,0.39,50,within_sampled_range,UI,135,87.5,runs/yin_latest_vgg_20260927/transfer/results/r21vgg2k_vgg16_bn_aa5_s42/faces_rfwWM64/objects/results.csv,UI_shared
bin5,VGG2k / bin5,r21vgg2k_vgg16_bn_aa5_s42,face_transfer,124,two_shared_ui,RFW WM64,Objects,0.37,0.39,50,within_sampled_range,UI,136,91.66666666666666,runs/yin_latest_vgg_20260927/transfer/results/r21vgg2k_vgg16_bn_aa5_s42/faces_rfwWM64/objects/results.csv,UI_shared
bin5,VGG2k / bin5,r21vgg2k_vgg16_bn_aa5_s42,face_transfer,124,two_shared_ui,RFW WM64,Objects,0.37,0.39,50,within_sampled_range,UI,137,91.66666666666666,runs/yin_latest_vgg_20260927/transfer/results/r21vgg2k_vgg16_bn_aa5_s42/faces_rfwWM64/objects/results.csv,UI_shared
bin5,VGG2k / bin5,r21vgg2k_vgg16_bn_aa5_s42,face_transfer,124,two_shared_ui,RFW WM64,Objects,0.37,0.39,50,within_sampled_range,UI,138,87.5,runs/yin_latest_vgg_20260927/transfer/results/r21vgg2k_vgg16_bn_aa5_s42/faces_rfwWM64/objects/results.csv,UI_shared
bin5,VGG2k / bin5,r21vgg2k_vgg16_bn_aa5_s42,face_transfer,124,two_shared_ui,RFW WM64,Objects,0.37,0.39,50,within_sampled_range,UI,139,83.33333333333334,runs/yin_latest_vgg_20260927/transfer/results/r21vgg2k_vgg16_bn_aa5_s42/faces_rfwWM64/objects/results.csv,UI_shared
bin5,VGG2k / bin5,r21vgg2k_vgg16_bn_aa5_s42,face_transfer,124,two_shared_ui,RFW WM64,Objects,0.37,0.39,50,within_sampled_range,UI,140,79.16666666666666,runs/yin_latest_vgg_20260927/transfer/results/r21vgg2k_vgg16_bn_aa5_s42/faces_rfwWM64/objects/results.csv,UI_shared
bin5,VGG2k / bin5,r21vgg2k_vgg16_bn_aa5_s42,face_transfer,124,two_shared_ui,RFW WM64,Objects,0.37,0.39,50,within_sampled_range,UI,141,83.33333333333334,runs/yin_latest_vgg_20260927/transfer/results/r21vgg2k_vgg16_bn_aa5_s42/faces_rfwWM64/objects/results.csv,UI_shared
bin5,VGG2k / bin5,r21vgg2k_vgg16_bn_aa5_s42,face_transfer,124,two_shared_ui,RFW WM64,Objects,0.37,0.39,50,within_sampled_range,UI,142,87.5,runs/yin_latest_vgg_20260927/transfer/results/r21vgg2k_vgg16_bn_aa5_s42/faces_rfwWM64/objects/results.csv,UI_shared
bin5,VGG2k / bin5,r21vgg2k_vgg16_bn_aa5_s42,face_transfer,124,two_shared_ui,RFW WM64,Objects,0.37,0.39,50,within_sampled_range,UI,143,87.5,runs/yin_latest_vgg_20260927/transfer/results/r21vgg2k_vgg16_bn_aa5_s42/faces_rfwWM64/objects/results.csv,UI_shared
bin5,VGG2k / bin5,r21vgg2k_vgg16_bn_aa5_s42,face_transfer,124,two_shared_ui,RFW WM64,Objects,0.37,0.39,50,within_sampled_range,UI,144,91.66666666666666,runs/yin_latest_vgg_20260927/transfer/results/r21vgg2k_vgg16_bn_aa5_s42/faces_rfwWM64/objects/results.csv,UI_shared
bin5,VGG2k / bin5,r21vgg2k_vgg16_bn_aa5_s42,face_transfer,124,two_shared_ui,RFW WM64,Objects,0.37,0.39,50,within_sampled_range,UI,145,87.5,runs/yin_latest_vgg_20260927/transfer/results/r21vgg2k_vgg16_bn_aa5_s42/faces_rfwWM64/objects/results.csv,UI_shared
bin5,VGG2k / bin5,r21vgg2k_vgg16_bn_aa5_s42,face_transfer,124,two_shared_ui,RFW WM64,Objects,0.37,0.39,50,within_sampled_range,UI,146,95.83333333333334,runs/yin_latest_vgg_20260927/transfer/results/r21vgg2k_vgg16_bn_aa5_s42/faces_rfwWM64/objects/results.csv,UI_shared
bin5,VGG2k / bin5,r21vgg2k_vgg16_bn_aa5_s42,face_transfer,124,two_shared_ui,RFW WM64,Objects,0.37,0.39,50,within_sampled_range,UI,147,91.66666666666666,runs/yin_latest_vgg_20260927/transfer/results/r21vgg2k_vgg16_bn_aa5_s42/faces_rfwWM64/objects/results.csv,UI_shared
bin5,VGG2k / bin5,r21vgg2k_vgg16_bn_aa5_s42,face_transfer,124,two_shared_ui,RFW WM64,Objects,0.37,0.39,50,within_sampled_range,UI,148,91.66666666666666,runs/yin_latest_vgg_20260927/transfer/results/r21vgg2k_vgg16_bn_aa5_s42/faces_rfwWM64/objects/results.csv,UI_shared
bin5,VGG2k / bin5,r21vgg2k_vgg16_bn_aa5_s42,face_transfer,124,two_shared_ui,RFW WM64,Objects,0.37,0.39,50,within_sampled_range,UI,149,87.5,runs/yin_latest_vgg_20260927/transfer/results/r21vgg2k_vgg16_bn_aa5_s42/faces_rfwWM64/objects/results.csv,UI_shared
bin5,VGG2k / bin5,r21vgg2k_vgg16_bn_aa5_s42,face_transfer,124,two_shared_ui,RFW WM64,Objects,0.37,0.39,50,within_sampled_range,UI,150,87.5,runs/yin_latest_vgg_20260927/transfer/results/r21vgg2k_vgg16_bn_aa5_s42/faces_rfwWM64/objects/results.csv,UI_shared
bin5,VGG2k / bin5,r21vgg2k_vgg16_bn_aa5_s42,face_transfer,124,two_shared_ui,RFW WM64,Objects,0.37,0.39,50,within_sampled_range,IU,101,87.5,runs/yin_latest_vgg_20260927/transfer/results/r21vgg2k_vgg16_bn_aa5_s42/faces_rfwWM64/objects/results.csv,IU
bin5,VGG2k / bin5,r21vgg2k_vgg16_bn_aa5_s42,face_transfer,124,two_shared_ui,RFW WM64,Objects,0.37,0.39,50,within_sampled_range,IU,102,95.83333333333334,runs/yin_latest_vgg_20260927/transfer/results/r21vgg2k_vgg16_bn_aa5_s42/faces_rfwWM64/objects/results.csv,IU
bin5,VGG2k / bin5,r21vgg2k_vgg16_bn_aa5_s42,face_transfer,124,two_shared_ui,RFW WM64,Objects,0.37,0.39,50,within_sampled_range,IU,103,87.5,runs/yin_latest_vgg_20260927/transfer/results/r21vgg2k_vgg16_bn_aa5_s42/faces_rfwWM64/objects/results.csv,IU
bin5,VGG2k / bin5,r21vgg2k_vgg16_bn_aa5_s42,face_transfer,124,two_shared_ui,RFW WM64,Objects,0.37,0.39,50,within_sampled_range,IU,104,87.5,runs/yin_latest_vgg_20260927/transfer/results/r21vgg2k_vgg16_bn_aa5_s42/faces_rfwWM64/objects/results.csv,IU
bin5,VGG2k / bin5,r21vgg2k_vgg16_bn_aa5_s42,face_transfer,124,two_shared_ui,RFW WM64,Objects,0.37,0.39,50,within_sampled_range,IU,105,83.33333333333334,runs/yin_latest_vgg_20260927/transfer/results/r21vgg2k_vgg16_bn_aa5_s42/faces_rfwWM64/objects/results.csv,IU
bin5,VGG2k / bin5,r21vgg2k_vgg16_bn_aa5_s42,face_transfer,124,two_shared_ui,RFW WM64,Objects,0.37,0.39,50,within_sampled_range,IU,106,91.66666666666666,runs/yin_latest_vgg_20260927/transfer/results/r21vgg2k_vgg16_bn_aa5_s42/faces_rfwWM64/objects/results.csv,IU
bin5,VGG2k / bin5,r21vgg2k_vgg16_bn_aa5_s42,face_transfer,124,two_shared_ui,RFW WM64,Objects,0.37,0.39,50,within_sampled_range,IU,107,87.5,runs/yin_latest_vgg_20260927/transfer/results/r21vgg2k_vgg16_bn_aa5_s42/faces_rfwWM64/objects/results.csv,IU
bin5,VGG2k / bin5,r21vgg2k_vgg16_bn_aa5_s42,face_transfer,124,two_shared_ui,RFW WM64,Objects,0.37,0.39,50,within_sampled_range,IU,108,79.16666666666666,runs/yin_latest_vgg_20260927/transfer/results/r21vgg2k_vgg16_bn_aa5_s42/faces_rfwWM64/objects/results.csv,IU
bin5,VGG2k / bin5,r21vgg2k_vgg16_bn_aa5_s42,face_transfer,124,two_shared_ui,RFW WM64,Objects,0.37,0.39,50,within_sampled_range,IU,109,87.5,runs/yin_latest_vgg_20260927/transfer/results/r21vgg2k_vgg16_bn_aa5_s42/faces_rfwWM64/objects/results.csv,IU
bin5,VGG2k / bin5,r21vgg2k_vgg16_bn_aa5_s42,face_transfer,124,two_shared_ui,RFW WM64,Objects,0.37,0.39,50,within_sampled_range,IU,110,95.83333333333334,runs/yin_latest_vgg_20260927/transfer/results/r21vgg2k_vgg16_bn_aa5_s42/faces_rfwWM64/objects/results.csv,IU
bin5,VGG2k / bin5,r21vgg2k_vgg16_bn_aa5_s42,face_transfer,124,two_shared_ui,RFW WM64,Objects,0.37,0.39,50,within_sampled_range,IU,111,87.5,runs/yin_latest_vgg_20260927/transfer/results/r21vgg2k_vgg16_bn_aa5_s42/faces_rfwWM64/objects/results.csv,IU
bin5,VGG2k / bin5,r21vgg2k_vgg16_bn_aa5_s42,face_transfer,124,two_shared_ui,RFW WM64,Objects,0.37,0.39,50,within_sampled_range,IU,112,91.66666666666666,runs/yin_latest_vgg_20260927/transfer/results/r21vgg2k_vgg16_bn_aa5_s42/faces_rfwWM64/objects/results.csv,IU
bin5,VGG2k / bin5,r21vgg2k_vgg16_bn_aa5_s42,face_transfer,124,two_shared_ui,RFW WM64,Objects,0.37,0.39,50,within_sampled_range,IU,113,83.33333333333334,runs/yin_latest_vgg_20260927/transfer/results/r21vgg2k_vgg16_bn_aa5_s42/faces_rfwWM64/objects/results.csv,IU
bin5,VGG2k / bin5,r21vgg2k_vgg16_bn_aa5_s42,face_transfer,124,two_shared_ui,RFW WM64,Objects,0.37,0.39,50,within_sampled_range,IU,114,95.83333333333334,runs/yin_latest_vgg_20260927/transfer/results/r21vgg2k_vgg16_bn_aa5_s42/faces_rfwWM64/objects/results.csv,IU
bin5,VGG2k / bin5,r21vgg2k_vgg16_bn_aa5_s42,face_transfer,124,two_shared_ui,RFW WM64,Objects,0.37,0.39,50,within_sampled_range,IU,115,95.83333333333334,runs/yin_latest_vgg_20260927/transfer/results/r21vgg2k_vgg16_bn_aa5_s42/faces_rfwWM64/objects/results.csv,IU
bin5,VGG2k / bin5,r21vgg2k_vgg16_bn_aa5_s42,face_transfer,124,two_shared_ui,RFW WM64,Objects,0.37,0.39,50,within_sampled_range,IU,116,79.16666666666666,runs/yin_latest_vgg_20260927/transfer/results/r21vgg2k_vgg16_bn_aa5_s42/faces_rfwWM64/objects/results.csv,IU
bin5,VGG2k / bin5,r21vgg2k_vgg16_bn_aa5_s42,face_transfer,124,two_shared_ui,RFW WM64,Objects,0.37,0.39,50,within_sampled_range,IU,117,87.5,runs/yin_latest_vgg_20260927/transfer/results/r21vgg2k_vgg16_bn_aa5_s42/faces_rfwWM64/objects/results.csv,IU
bin5,VGG2k / bin5,r21vgg2k_vgg16_bn_aa5_s42,face_transfer,124,two_shared_ui,RFW WM64,Objects,0.37,0.39,50,within_sampled_range,IU,118,100.0,runs/yin_latest_vgg_20260927/transfer/results/r21vgg2k_vgg16_bn_aa5_s42/faces_rfwWM64/objects/results.csv,IU
bin5,VGG2k / bin5,r21vgg2k_vgg16_bn_aa5_s42,face_transfer,124,two_shared_ui,RFW WM64,Objects,0.37,0.39,50,within_sampled_range,IU,119,91.66666666666666,runs/yin_latest_vgg_20260927/transfer/results/r21vgg2k_vgg16_bn_aa5_s42/faces_rfwWM64/objects/results.csv,IU
bin5,VGG2k / bin5,r21vgg2k_vgg16_bn_aa5_s42,face_transfer,124,two_shared_ui,RFW WM64,Objects,0.37,0.39,50,within_sampled_range,IU,120,87.5,runs/yin_latest_vgg_20260927/transfer/results/r21vgg2k_vgg16_bn_aa5_s42/faces_rfwWM64/objects/results.csv,IU
bin5,VGG2k / bin5,r21vgg2k_vgg16_bn_aa5_s42,face_transfer,124,two_shared_ui,RFW WM64,Objects,0.37,0.39,50,within_sampled_range,IU,121,91.66666666666666,runs/yin_latest_vgg_20260927/transfer/results/r21vgg2k_vgg16_bn_aa5_s42/faces_rfwWM64/objects/results.csv,IU
bin5,VGG2k / bin5,r21vgg2k_vgg16_bn_aa5_s42,face_transfer,124,two_shared_ui,RFW WM64,Objects,0.37,0.39,50,within_sampled_range,IU,122,87.5,runs/yin_latest_vgg_20260927/transfer/results/r21vgg2k_vgg16_bn_aa5_s42/faces_rfwWM64/objects/results.csv,IU
bin5,VGG2k / bin5,r21vgg2k_vgg16_bn_aa5_s42,face_transfer,124,two_shared_ui,RFW WM64,Objects,0.37,0.39,50,within_sampled_range,IU,123,83.33333333333334,runs/yin_latest_vgg_20260927/transfer/results/r21vgg2k_vgg16_bn_aa5_s42/faces_rfwWM64/objects/results.csv,IU
bin5,VGG2k / bin5,r21vgg2k_vgg16_bn_aa5_s42,face_transfer,124,two_shared_ui,RFW WM64,Objects,0.37,0.39,50,within_sampled_range,IU,124,87.5,runs/yin_latest_vgg_20260927/transfer/results/r21vgg2k_vgg16_bn_aa5_s42/faces_rfwWM64/objects/results.csv,IU
bin5,VGG2k / bin5,r21vgg2k_vgg16_bn_aa5_s42,face_transfer,124,two_shared_ui,RFW WM64,Objects,0.37,0.39,50,within_sampled_range,IU,125,95.83333333333334,runs/yin_latest_vgg_20260927/transfer/results/r21vgg2k_vgg16_bn_aa5_s42/faces_rfwWM64/objects/results.csv,IU
bin5,VGG2k / bin5,r21vgg2k_vgg16_bn_aa5_s42,face_transfer,124,two_shared_ui,RFW WM64,Objects,0.37,0.39,50,within_sampled_range,IU,126,91.66666666666666,runs/yin_latest_vgg_20260927/transfer/results/r21vgg2k_vgg16_bn_aa5_s42/faces_rfwWM64/objects/results.csv,IU
bin5,VGG2k / bin5,r21vgg2k_vgg16_bn_aa5_s42,face_transfer,124,two_shared_ui,RFW WM64,Objects,0.37,0.39,50,within_sampled_range,IU,127,87.5,runs/yin_latest_vgg_20260927/transfer/results/r21vgg2k_vgg16_bn_aa5_s42/faces_rfwWM64/objects/results.csv,IU
bin5,VGG2k / bin5,r21vgg2k_vgg16_bn_aa5_s42,face_transfer,124,two_shared_ui,RFW WM64,Objects,0.37,0.39,50,within_sampled_range,IU,128,95.83333333333334,runs/yin_latest_vgg_20260927/transfer/results/r21vgg2k_vgg16_bn_aa5_s42/faces_rfwWM64/objects/results.csv,IU
bin5,VGG2k / bin5,r21vgg2k_vgg16_bn_aa5_s42,face_transfer,124,two_shared_ui,RFW WM64,Objects,0.37,0.39,50,within_sampled_range,IU,129,100.0,runs/yin_latest_vgg_20260927/transfer/results/r21vgg2k_vgg16_bn_aa5_s42/faces_rfwWM64/objects/results.csv,IU
bin5,VGG2k / bin5,r21vgg2k_vgg16_bn_aa5_s42,face_transfer,124,two_shared_ui,RFW WM64,Objects,0.37,0.39,50,within_sampled_range,IU,130,95.83333333333334,runs/yin_latest_vgg_20260927/transfer/results/r21vgg2k_vgg16_bn_aa5_s42/faces_rfwWM64/objects/results.csv,IU
bin5,VGG2k / bin5,r21vgg2k_vgg16_bn_aa5_s42,face_transfer,124,two_shared_ui,RFW WM64,Objects,0.37,0.39,50,within_sampled_range,IU,131,87.5,runs/yin_latest_vgg_20260927/transfer/results/r21vgg2k_vgg16_bn_aa5_s42/faces_rfwWM64/objects/results.csv,IU
bin5,VGG2k / bin5,r21vgg2k_vgg16_bn_aa5_s42,face_transfer,124,two_shared_ui,RFW WM64,Objects,0.37,0.39,50,within_sampled_range,IU,132,91.66666666666666,runs/yin_latest_vgg_20260927/transfer/results/r21vgg2k_vgg16_bn_aa5_s42/faces_rfwWM64/objects/results.csv,IU
bin5,VGG2k / bin5,r21vgg2k_vgg16_bn_aa5_s42,face_transfer,124,two_shared_ui,RFW WM64,Objects,0.37,0.39,50,within_sampled_range,IU,133,79.16666666666666,runs/yin_latest_vgg_20260927/transfer/results/r21vgg2k_vgg16_bn_aa5_s42/faces_rfwWM64/objects/results.csv,IU
bin5,VGG2k / bin5,r21vgg2k_vgg16_bn_aa5_s42,face_transfer,124,two_shared_ui,RFW WM64,Objects,0.37,0.39,50,within_sampled_range,IU,134,87.5,runs/yin_latest_vgg_20260927/transfer/results/r21vgg2k_vgg16_bn_aa5_s42/faces_rfwWM64/objects/results.csv,IU
bin5,VGG2k / bin5,r21vgg2k_vgg16_bn_aa5_s42,face_transfer,124,two_shared_ui,RFW WM64,Objects,0.37,0.39,50,within_sampled_range,IU,135,91.66666666666666,runs/yin_latest_vgg_20260927/transfer/results/r21vgg2k_vgg16_bn_aa5_s42/faces_rfwWM64/objects/results.csv,IU
bin5,VGG2k / bin5,r21vgg2k_vgg16_bn_aa5_s42,face_transfer,124,two_shared_ui,RFW WM64,Objects,0.37,0.39,50,within_sampled_range,IU,136,91.66666666666666,runs/yin_latest_vgg_20260927/transfer/results/r21vgg2k_vgg16_bn_aa5_s42/faces_rfwWM64/objects/results.csv,IU
bin5,VGG2k / bin5,r21vgg2k_vgg16_bn_aa5_s42,face_transfer,124,two_shared_ui,RFW WM64,Objects,0.37,0.39,50,within_sampled_range,IU,137,95.83333333333334,runs/yin_latest_vgg_20260927/transfer/results/r21vgg2k_vgg16_bn_aa5_s42/faces_rfwWM64/objects/results.csv,IU
bin5,VGG2k / bin5,r21vgg2k_vgg16_bn_aa5_s42,face_transfer,124,two_shared_ui,RFW WM64,Objects,0.37,0.39,50,within_sampled_range,IU,138,91.66666666666666,runs/yin_latest_vgg_20260927/transfer/results/r21vgg2k_vgg16_bn_aa5_s42/faces_rfwWM64/objects/results.csv,IU
bin5,VGG2k / bin5,r21vgg2k_vgg16_bn_aa5_s42,face_transfer,124,two_shared_ui,RFW WM64,Objects,0.37,0.39,50,within_sampled_range,IU,139,83.33333333333334,runs/yin_latest_vgg_20260927/transfer/results/r21vgg2k_vgg16_bn_aa5_s42/faces_rfwWM64/objects/results.csv,IU
bin5,VGG2k / bin5,r21vgg2k_vgg16_bn_aa5_s42,face_transfer,124,two_shared_ui,RFW WM64,Objects,0.37,0.39,50,within_sampled_range,IU,140,87.5,runs/yin_latest_vgg_20260927/transfer/results/r21vgg2k_vgg16_bn_aa5_s42/faces_rfwWM64/objects/results.csv,IU
bin5,VGG2k / bin5,r21vgg2k_vgg16_bn_aa5_s42,face_transfer,124,two_shared_ui,RFW WM64,Objects,0.37,0.39,50,within_sampled_range,IU,141,87.5,runs/yin_latest_vgg_20260927/transfer/results/r21vgg2k_vgg16_bn_aa5_s42/faces_rfwWM64/objects/results.csv,IU
bin5,VGG2k / bin5,r21vgg2k_vgg16_bn_aa5_s42,face_transfer,124,two_shared_ui,RFW WM64,Objects,0.37,0.39,50,within_sampled_range,IU,142,87.5,runs/yin_latest_vgg_20260927/transfer/results/r21vgg2k_vgg16_bn_aa5_s42/faces_rfwWM64/objects/results.csv,IU
bin5,VGG2k / bin5,r21vgg2k_vgg16_bn_aa5_s42,face_transfer,124,two_shared_ui,RFW WM64,Objects,0.37,0.39,50,within_sampled_range,IU,143,83.33333333333334,runs/yin_latest_vgg_20260927/transfer/results/r21vgg2k_vgg16_bn_aa5_s42/faces_rfwWM64/objects/results.csv,IU
bin5,VGG2k / bin5,r21vgg2k_vgg16_bn_aa5_s42,face_transfer,124,two_shared_ui,RFW WM64,Objects,0.37,0.39,50,within_sampled_range,IU,144,87.5,runs/yin_latest_vgg_20260927/transfer/results/r21vgg2k_vgg16_bn_aa5_s42/faces_rfwWM64/objects/results.csv,IU
bin5,VGG2k / bin5,r21vgg2k_vgg16_bn_aa5_s42,face_transfer,124,two_shared_ui,RFW WM64,Objects,0.37,0.39,50,within_sampled_range,IU,145,91.66666666666666,runs/yin_latest_vgg_20260927/transfer/results/r21vgg2k_vgg16_bn_aa5_s42/faces_rfwWM64/objects/results.csv,IU
bin5,VGG2k / bin5,r21vgg2k_vgg16_bn_aa5_s42,face_transfer,124,two_shared_ui,RFW WM64,Objects,0.37,0.39,50,within_sampled_range,IU,146,91.66666666666666,runs/yin_latest_vgg_20260927/transfer/results/r21vgg2k_vgg16_bn_aa5_s42/faces_rfwWM64/objects/results.csv,IU
bin5,VGG2k / bin5,r21vgg2k_vgg16_bn_aa5_s42,face_transfer,124,two_shared_ui,RFW WM64,Objects,0.37,0.39,50,within_sampled_range,IU,147,91.66666666666666,runs/yin_latest_vgg_20260927/transfer/results/r21vgg2k_vgg16_bn_aa5_s42/faces_rfwWM64/objects/results.csv,IU
bin5,VGG2k / bin5,r21vgg2k_vgg16_bn_aa5_s42,face_transfer,124,two_shared_ui,RFW WM64,Objects,0.37,0.39,50,within_sampled_range,IU,148,83.33333333333334,runs/yin_latest_vgg_20260927/transfer/results/r21vgg2k_vgg16_bn_aa5_s42/faces_rfwWM64/objects/results.csv,IU
bin5,VGG2k / bin5,r21vgg2k_vgg16_bn_aa5_s42,face_transfer,124,two_shared_ui,RFW WM64,Objects,0.37,0.39,50,within_sampled_range,IU,149,91.66666666666666,runs/yin_latest_vgg_20260927/transfer/results/r21vgg2k_vgg16_bn_aa5_s42/faces_rfwWM64/objects/results.csv,IU
bin5,VGG2k / bin5,r21vgg2k_vgg16_bn_aa5_s42,face_transfer,124,two_shared_ui,RFW WM64,Objects,0.37,0.39,50,within_sampled_range,IU,150,100.0,runs/yin_latest_vgg_20260927/transfer/results/r21vgg2k_vgg16_bn_aa5_s42/faces_rfwWM64/objects/results.csv,IU
bin5,VGG2k / bin5,r21vgg2k_vgg16_bn_aa5_s42,face_transfer,124,single_uu,RFW WM64,Houses,0.37,,50,within_sampled_range,UU,101,66.66666666666666,runs/yin_latest_vgg_20260927/single_noise/r21vgg2k_vgg16_bn_aa5_s42/faces_rfwWM64/houses_yin64/results.csv,UU
bin5,VGG2k / bin5,r21vgg2k_vgg16_bn_aa5_s42,face_transfer,124,single_uu,RFW WM64,Houses,0.37,,50,within_sampled_range,UU,102,70.83333333333334,runs/yin_latest_vgg_20260927/single_noise/r21vgg2k_vgg16_bn_aa5_s42/faces_rfwWM64/houses_yin64/results.csv,UU
bin5,VGG2k / bin5,r21vgg2k_vgg16_bn_aa5_s42,face_transfer,124,single_uu,RFW WM64,Houses,0.37,,50,within_sampled_range,UU,103,66.66666666666666,runs/yin_latest_vgg_20260927/single_noise/r21vgg2k_vgg16_bn_aa5_s42/faces_rfwWM64/houses_yin64/results.csv,UU
bin5,VGG2k / bin5,r21vgg2k_vgg16_bn_aa5_s42,face_transfer,124,single_uu,RFW WM64,Houses,0.37,,50,within_sampled_range,UU,104,75.0,runs/yin_latest_vgg_20260927/single_noise/r21vgg2k_vgg16_bn_aa5_s42/faces_rfwWM64/houses_yin64/results.csv,UU
bin5,VGG2k / bin5,r21vgg2k_vgg16_bn_aa5_s42,face_transfer,124,single_uu,RFW WM64,Houses,0.37,,50,within_sampled_range,UU,105,62.5,runs/yin_latest_vgg_20260927/single_noise/r21vgg2k_vgg16_bn_aa5_s42/faces_rfwWM64/houses_yin64/results.csv,UU
bin5,VGG2k / bin5,r21vgg2k_vgg16_bn_aa5_s42,face_transfer,124,single_uu,RFW WM64,Houses,0.37,,50,within_sampled_range,UU,106,75.0,runs/yin_latest_vgg_20260927/single_noise/r21vgg2k_vgg16_bn_aa5_s42/faces_rfwWM64/houses_yin64/results.csv,UU
bin5,VGG2k / bin5,r21vgg2k_vgg16_bn_aa5_s42,face_transfer,124,single_uu,RFW WM64,Houses,0.37,,50,within_sampled_range,UU,107,66.66666666666666,runs/yin_latest_vgg_20260927/single_noise/r21vgg2k_vgg16_bn_aa5_s42/faces_rfwWM64/houses_yin64/results.csv,UU
bin5,VGG2k / bin5,r21vgg2k_vgg16_bn_aa5_s42,face_transfer,124,single_uu,RFW WM64,Houses,0.37,,50,within_sampled_range,UU,108,70.83333333333334,runs/yin_latest_vgg_20260927/single_noise/r21vgg2k_vgg16_bn_aa5_s42/faces_rfwWM64/houses_yin64/results.csv,UU
bin5,VGG2k / bin5,r21vgg2k_vgg16_bn_aa5_s42,face_transfer,124,single_uu,RFW WM64,Houses,0.37,,50,within_sampled_range,UU,109,62.5,runs/yin_latest_vgg_20260927/single_noise/r21vgg2k_vgg16_bn_aa5_s42/faces_rfwWM64/houses_yin64/results.csv,UU
bin5,VGG2k / bin5,r21vgg2k_vgg16_bn_aa5_s42,face_transfer,124,single_uu,RFW WM64,Houses,0.37,,50,within_sampled_range,UU,110,58.333333333333336,runs/yin_latest_vgg_20260927/single_noise/r21vgg2k_vgg16_bn_aa5_s42/faces_rfwWM64/houses_yin64/results.csv,UU
bin5,VGG2k / bin5,r21vgg2k_vgg16_bn_aa5_s42,face_transfer,124,single_uu,RFW WM64,Houses,0.37,,50,within_sampled_range,UU,111,75.0,runs/yin_latest_vgg_20260927/single_noise/r21vgg2k_vgg16_bn_aa5_s42/faces_rfwWM64/houses_yin64/results.csv,UU
bin5,VGG2k / bin5,r21vgg2k_vgg16_bn_aa5_s42,face_transfer,124,single_uu,RFW WM64,Houses,0.37,,50,within_sampled_range,UU,112,58.333333333333336,runs/yin_latest_vgg_20260927/single_noise/r21vgg2k_vgg16_bn_aa5_s42/faces_rfwWM64/houses_yin64/results.csv,UU
bin5,VGG2k / bin5,r21vgg2k_vgg16_bn_aa5_s42,face_transfer,124,single_uu,RFW WM64,Houses,0.37,,50,within_sampled_range,UU,113,75.0,runs/yin_latest_vgg_20260927/single_noise/r21vgg2k_vgg16_bn_aa5_s42/faces_rfwWM64/houses_yin64/results.csv,UU
bin5,VGG2k / bin5,r21vgg2k_vgg16_bn_aa5_s42,face_transfer,124,single_uu,RFW WM64,Houses,0.37,,50,within_sampled_range,UU,114,75.0,runs/yin_latest_vgg_20260927/single_noise/r21vgg2k_vgg16_bn_aa5_s42/faces_rfwWM64/houses_yin64/results.csv,UU
bin5,VGG2k / bin5,r21vgg2k_vgg16_bn_aa5_s42,face_transfer,124,single_uu,RFW WM64,Houses,0.37,,50,within_sampled_range,UU,115,62.5,runs/yin_latest_vgg_20260927/single_noise/r21vgg2k_vgg16_bn_aa5_s42/faces_rfwWM64/houses_yin64/results.csv,UU
bin5,VGG2k / bin5,r21vgg2k_vgg16_bn_aa5_s42,face_transfer,124,single_uu,RFW WM64,Houses,0.37,,50,within_sampled_range,UU,116,75.0,runs/yin_latest_vgg_20260927/single_noise/r21vgg2k_vgg16_bn_aa5_s42/faces_rfwWM64/houses_yin64/results.csv,UU
bin5,VGG2k / bin5,r21vgg2k_vgg16_bn_aa5_s42,face_transfer,124,single_uu,RFW WM64,Houses,0.37,,50,within_sampled_range,UU,117,79.16666666666666,runs/yin_latest_vgg_20260927/single_noise/r21vgg2k_vgg16_bn_aa5_s42/faces_rfwWM64/houses_yin64/results.csv,UU
bin5,VGG2k / bin5,r21vgg2k_vgg16_bn_aa5_s42,face_transfer,124,single_uu,RFW WM64,Houses,0.37,,50,within_sampled_range,UU,118,62.5,runs/yin_latest_vgg_20260927/single_noise/r21vgg2k_vgg16_bn_aa5_s42/faces_rfwWM64/houses_yin64/results.csv,UU
bin5,VGG2k / bin5,r21vgg2k_vgg16_bn_aa5_s42,face_transfer,124,single_uu,RFW WM64,Houses,0.37,,50,within_sampled_range,UU,119,66.66666666666666,runs/yin_latest_vgg_20260927/single_noise/r21vgg2k_vgg16_bn_aa5_s42/faces_rfwWM64/houses_yin64/results.csv,UU
bin5,VGG2k / bin5,r21vgg2k_vgg16_bn_aa5_s42,face_transfer,124,single_uu,RFW WM64,Houses,0.37,,50,within_sampled_range,UU,120,79.16666666666666,runs/yin_latest_vgg_20260927/single_noise/r21vgg2k_vgg16_bn_aa5_s42/faces_rfwWM64/houses_yin64/results.csv,UU
bin5,VGG2k / bin5,r21vgg2k_vgg16_bn_aa5_s42,face_transfer,124,single_uu,RFW WM64,Houses,0.37,,50,within_sampled_range,UU,121,66.66666666666666,runs/yin_latest_vgg_20260927/single_noise/r21vgg2k_vgg16_bn_aa5_s42/faces_rfwWM64/houses_yin64/results.csv,UU
bin5,VGG2k / bin5,r21vgg2k_vgg16_bn_aa5_s42,face_transfer,124,single_uu,RFW WM64,Houses,0.37,,50,within_sampled_range,UU,122,66.66666666666666,runs/yin_latest_vgg_20260927/single_noise/r21vgg2k_vgg16_bn_aa5_s42/faces_rfwWM64/houses_yin64/results.csv,UU
bin5,VGG2k / bin5,r21vgg2k_vgg16_bn_aa5_s42,face_transfer,124,single_uu,RFW WM64,Houses,0.37,,50,within_sampled_range,UU,123,58.333333333333336,runs/yin_latest_vgg_20260927/single_noise/r21vgg2k_vgg16_bn_aa5_s42/faces_rfwWM64/houses_yin64/results.csv,UU
bin5,VGG2k / bin5,r21vgg2k_vgg16_bn_aa5_s42,face_transfer,124,single_uu,RFW WM64,Houses,0.37,,50,within_sampled_range,UU,124,70.83333333333334,runs/yin_latest_vgg_20260927/single_noise/r21vgg2k_vgg16_bn_aa5_s42/faces_rfwWM64/houses_yin64/results.csv,UU
bin5,VGG2k / bin5,r21vgg2k_vgg16_bn_aa5_s42,face_transfer,124,single_uu,RFW WM64,Houses,0.37,,50,within_sampled_range,UU,125,50.0,runs/yin_latest_vgg_20260927/single_noise/r21vgg2k_vgg16_bn_aa5_s42/faces_rfwWM64/houses_yin64/results.csv,UU
bin5,VGG2k / bin5,r21vgg2k_vgg16_bn_aa5_s42,face_transfer,124,single_uu,RFW WM64,Houses,0.37,,50,within_sampled_range,UU,126,62.5,runs/yin_latest_vgg_20260927/single_noise/r21vgg2k_vgg16_bn_aa5_s42/faces_rfwWM64/houses_yin64/results.csv,UU
bin5,VGG2k / bin5,r21vgg2k_vgg16_bn_aa5_s42,face_transfer,124,single_uu,RFW WM64,Houses,0.37,,50,within_sampled_range,UU,127,62.5,runs/yin_latest_vgg_20260927/single_noise/r21vgg2k_vgg16_bn_aa5_s42/faces_rfwWM64/houses_yin64/results.csv,UU
bin5,VGG2k / bin5,r21vgg2k_vgg16_bn_aa5_s42,face_transfer,124,single_uu,RFW WM64,Houses,0.37,,50,within_sampled_range,UU,128,70.83333333333334,runs/yin_latest_vgg_20260927/single_noise/r21vgg2k_vgg16_bn_aa5_s42/faces_rfwWM64/houses_yin64/results.csv,UU
bin5,VGG2k / bin5,r21vgg2k_vgg16_bn_aa5_s42,face_transfer,124,single_uu,RFW WM64,Houses,0.37,,50,within_sampled_range,UU,129,66.66666666666666,runs/yin_latest_vgg_20260927/single_noise/r21vgg2k_vgg16_bn_aa5_s42/faces_rfwWM64/houses_yin64/results.csv,UU
bin5,VGG2k / bin5,r21vgg2k_vgg16_bn_aa5_s42,face_transfer,124,single_uu,RFW WM64,Houses,0.37,,50,within_sampled_range,UU,130,66.66666666666666,runs/yin_latest_vgg_20260927/single_noise/r21vgg2k_vgg16_bn_aa5_s42/faces_rfwWM64/houses_yin64/results.csv,UU
bin5,VGG2k / bin5,r21vgg2k_vgg16_bn_aa5_s42,face_transfer,124,single_uu,RFW WM64,Houses,0.37,,50,within_sampled_range,UU,131,58.333333333333336,runs/yin_latest_vgg_20260927/single_noise/r21vgg2k_vgg16_bn_aa5_s42/faces_rfwWM64/houses_yin64/results.csv,UU
bin5,VGG2k / bin5,r21vgg2k_vgg16_bn_aa5_s42,face_transfer,124,single_uu,RFW WM64,Houses,0.37,,50,within_sampled_range,UU,132,79.16666666666666,runs/yin_latest_vgg_20260927/single_noise/r21vgg2k_vgg16_bn_aa5_s42/faces_rfwWM64/houses_yin64/results.csv,UU
bin5,VGG2k / bin5,r21vgg2k_vgg16_bn_aa5_s42,face_transfer,124,single_uu,RFW WM64,Houses,0.37,,50,within_sampled_range,UU,133,41.66666666666667,runs/yin_latest_vgg_20260927/single_noise/r21vgg2k_vgg16_bn_aa5_s42/faces_rfwWM64/houses_yin64/results.csv,UU
bin5,VGG2k / bin5,r21vgg2k_vgg16_bn_aa5_s42,face_transfer,124,single_uu,RFW WM64,Houses,0.37,,50,within_sampled_range,UU,134,75.0,runs/yin_latest_vgg_20260927/single_noise/r21vgg2k_vgg16_bn_aa5_s42/faces_rfwWM64/houses_yin64/results.csv,UU
bin5,VGG2k / bin5,r21vgg2k_vgg16_bn_aa5_s42,face_transfer,124,single_uu,RFW WM64,Houses,0.37,,50,within_sampled_range,UU,135,66.66666666666666,runs/yin_latest_vgg_20260927/single_noise/r21vgg2k_vgg16_bn_aa5_s42/faces_rfwWM64/houses_yin64/results.csv,UU
bin5,VGG2k / bin5,r21vgg2k_vgg16_bn_aa5_s42,face_transfer,124,single_uu,RFW WM64,Houses,0.37,,50,within_sampled_range,UU,136,79.16666666666666,runs/yin_latest_vgg_20260927/single_noise/r21vgg2k_vgg16_bn_aa5_s42/faces_rfwWM64/houses_yin64/results.csv,UU
bin5,VGG2k / bin5,r21vgg2k_vgg16_bn_aa5_s42,face_transfer,124,single_uu,RFW WM64,Houses,0.37,,50,within_sampled_range,UU,137,83.33333333333334,runs/yin_latest_vgg_20260927/single_noise/r21vgg2k_vgg16_bn_aa5_s42/faces_rfwWM64/houses_yin64/results.csv,UU
bin5,VGG2k / bin5,r21vgg2k_vgg16_bn_aa5_s42,face_transfer,124,single_uu,RFW WM64,Houses,0.37,,50,within_sampled_range,UU,138,58.333333333333336,runs/yin_latest_vgg_20260927/single_noise/r21vgg2k_vgg16_bn_aa5_s42/faces_rfwWM64/houses_yin64/results.csv,UU
bin5,VGG2k / bin5,r21vgg2k_vgg16_bn_aa5_s42,face_transfer,124,single_uu,RFW WM64,Houses,0.37,,50,within_sampled_range,UU,139,75.0,runs/yin_latest_vgg_20260927/single_noise/r21vgg2k_vgg16_bn_aa5_s42/faces_rfwWM64/houses_yin64/results.csv,UU
bin5,VGG2k / bin5,r21vgg2k_vgg16_bn_aa5_s42,face_transfer,124,single_uu,RFW WM64,Houses,0.37,,50,within_sampled_range,UU,140,62.5,runs/yin_latest_vgg_20260927/single_noise/r21vgg2k_vgg16_bn_aa5_s42/faces_rfwWM64/houses_yin64/results.csv,UU
bin5,VGG2k / bin5,r21vgg2k_vgg16_bn_aa5_s42,face_transfer,124,single_uu,RFW WM64,Houses,0.37,,50,within_sampled_range,UU,141,66.66666666666666,runs/yin_latest_vgg_20260927/single_noise/r21vgg2k_vgg16_bn_aa5_s42/faces_rfwWM64/houses_yin64/results.csv,UU
bin5,VGG2k / bin5,r21vgg2k_vgg16_bn_aa5_s42,face_transfer,124,single_uu,RFW WM64,Houses,0.37,,50,within_sampled_range,UU,142,75.0,runs/yin_latest_vgg_20260927/single_noise/r21vgg2k_vgg16_bn_aa5_s42/faces_rfwWM64/houses_yin64/results.csv,UU
bin5,VGG2k / bin5,r21vgg2k_vgg16_bn_aa5_s42,face_transfer,124,single_uu,RFW WM64,Houses,0.37,,50,within_sampled_range,UU,143,83.33333333333334,runs/yin_latest_vgg_20260927/single_noise/r21vgg2k_vgg16_bn_aa5_s42/faces_rfwWM64/houses_yin64/results.csv,UU
bin5,VGG2k / bin5,r21vgg2k_vgg16_bn_aa5_s42,face_transfer,124,single_uu,RFW WM64,Houses,0.37,,50,within_sampled_range,UU,144,66.66666666666666,runs/yin_latest_vgg_20260927/single_noise/r21vgg2k_vgg16_bn_aa5_s42/faces_rfwWM64/houses_yin64/results.csv,UU
bin5,VGG2k / bin5,r21vgg2k_vgg16_bn_aa5_s42,face_transfer,124,single_uu,RFW WM64,Houses,0.37,,50,within_sampled_range,UU,145,75.0,runs/yin_latest_vgg_20260927/single_noise/r21vgg2k_vgg16_bn_aa5_s42/faces_rfwWM64/houses_yin64/results.csv,UU
bin5,VGG2k / bin5,r21vgg2k_vgg16_bn_aa5_s42,face_transfer,124,single_uu,RFW WM64,Houses,0.37,,50,within_sampled_range,UU,146,75.0,runs/yin_latest_vgg_20260927/single_noise/r21vgg2k_vgg16_bn_aa5_s42/faces_rfwWM64/houses_yin64/results.csv,UU
bin5,VGG2k / bin5,r21vgg2k_vgg16_bn_aa5_s42,face_transfer,124,single_uu,RFW WM64,Houses,0.37,,50,within_sampled_range,UU,147,70.83333333333334,runs/yin_latest_vgg_20260927/single_noise/r21vgg2k_vgg16_bn_aa5_s42/faces_rfwWM64/houses_yin64/results.csv,UU
bin5,VGG2k / bin5,r21vgg2k_vgg16_bn_aa5_s42,face_transfer,124,single_uu,RFW WM64,Houses,0.37,,50,within_sampled_range,UU,148,83.33333333333334,runs/yin_latest_vgg_20260927/single_noise/r21vgg2k_vgg16_bn_aa5_s42/faces_rfwWM64/houses_yin64/results.csv,UU
bin5,VGG2k / bin5,r21vgg2k_vgg16_bn_aa5_s42,face_transfer,124,single_uu,RFW WM64,Houses,0.37,,50,within_sampled_range,UU,149,54.166666666666664,runs/yin_latest_vgg_20260927/single_noise/r21vgg2k_vgg16_bn_aa5_s42/faces_rfwWM64/houses_yin64/results.csv,UU
bin5,VGG2k / bin5,r21vgg2k_vgg16_bn_aa5_s42,face_transfer,124,single_uu,RFW WM64,Houses,0.37,,50,within_sampled_range,UU,150,75.0,runs/yin_latest_vgg_20260927/single_noise/r21vgg2k_vgg16_bn_aa5_s42/faces_rfwWM64/houses_yin64/results.csv,UU
bin5,VGG2k / bin5,r21vgg2k_vgg16_bn_aa5_s42,face_transfer,124,single_uu,RFW WM64,Houses,0.37,,50,within_sampled_range,II,101,62.5,runs/yin_latest_vgg_20260927/single_noise/r21vgg2k_vgg16_bn_aa5_s42/faces_rfwWM64/houses_yin64/results.csv,II
bin5,VGG2k / bin5,r21vgg2k_vgg16_bn_aa5_s42,face_transfer,124,single_uu,RFW WM64,Houses,0.37,,50,within_sampled_range,II,102,75.0,runs/yin_latest_vgg_20260927/single_noise/r21vgg2k_vgg16_bn_aa5_s42/faces_rfwWM64/houses_yin64/results.csv,II
bin5,VGG2k / bin5,r21vgg2k_vgg16_bn_aa5_s42,face_transfer,124,single_uu,RFW WM64,Houses,0.37,,50,within_sampled_range,II,103,62.5,runs/yin_latest_vgg_20260927/single_noise/r21vgg2k_vgg16_bn_aa5_s42/faces_rfwWM64/houses_yin64/results.csv,II
bin5,VGG2k / bin5,r21vgg2k_vgg16_bn_aa5_s42,face_transfer,124,single_uu,RFW WM64,Houses,0.37,,50,within_sampled_range,II,104,75.0,runs/yin_latest_vgg_20260927/single_noise/r21vgg2k_vgg16_bn_aa5_s42/faces_rfwWM64/houses_yin64/results.csv,II
bin5,VGG2k / bin5,r21vgg2k_vgg16_bn_aa5_s42,face_transfer,124,single_uu,RFW WM64,Houses,0.37,,50,within_sampled_range,II,105,79.16666666666666,runs/yin_latest_vgg_20260927/single_noise/r21vgg2k_vgg16_bn_aa5_s42/faces_rfwWM64/houses_yin64/results.csv,II
bin5,VGG2k / bin5,r21vgg2k_vgg16_bn_aa5_s42,face_transfer,124,single_uu,RFW WM64,Houses,0.37,,50,within_sampled_range,II,106,87.5,runs/yin_latest_vgg_20260927/single_noise/r21vgg2k_vgg16_bn_aa5_s42/faces_rfwWM64/houses_yin64/results.csv,II
bin5,VGG2k / bin5,r21vgg2k_vgg16_bn_aa5_s42,face_transfer,124,single_uu,RFW WM64,Houses,0.37,,50,within_sampled_range,II,107,75.0,runs/yin_latest_vgg_20260927/single_noise/r21vgg2k_vgg16_bn_aa5_s42/faces_rfwWM64/houses_yin64/results.csv,II
bin5,VGG2k / bin5,r21vgg2k_vgg16_bn_aa5_s42,face_transfer,124,single_uu,RFW WM64,Houses,0.37,,50,within_sampled_range,II,108,62.5,runs/yin_latest_vgg_20260927/single_noise/r21vgg2k_vgg16_bn_aa5_s42/faces_rfwWM64/houses_yin64/results.csv,II
bin5,VGG2k / bin5,r21vgg2k_vgg16_bn_aa5_s42,face_transfer,124,single_uu,RFW WM64,Houses,0.37,,50,within_sampled_range,II,109,79.16666666666666,runs/yin_latest_vgg_20260927/single_noise/r21vgg2k_vgg16_bn_aa5_s42/faces_rfwWM64/houses_yin64/results.csv,II
bin5,VGG2k / bin5,r21vgg2k_vgg16_bn_aa5_s42,face_transfer,124,single_uu,RFW WM64,Houses,0.37,,50,within_sampled_range,II,110,70.83333333333334,runs/yin_latest_vgg_20260927/single_noise/r21vgg2k_vgg16_bn_aa5_s42/faces_rfwWM64/houses_yin64/results.csv,II
bin5,VGG2k / bin5,r21vgg2k_vgg16_bn_aa5_s42,face_transfer,124,single_uu,RFW WM64,Houses,0.37,,50,within_sampled_range,II,111,66.66666666666666,runs/yin_latest_vgg_20260927/single_noise/r21vgg2k_vgg16_bn_aa5_s42/faces_rfwWM64/houses_yin64/results.csv,II
bin5,VGG2k / bin5,r21vgg2k_vgg16_bn_aa5_s42,face_transfer,124,single_uu,RFW WM64,Houses,0.37,,50,within_sampled_range,II,112,79.16666666666666,runs/yin_latest_vgg_20260927/single_noise/r21vgg2k_vgg16_bn_aa5_s42/faces_rfwWM64/houses_yin64/results.csv,II
bin5,VGG2k / bin5,r21vgg2k_vgg16_bn_aa5_s42,face_transfer,124,single_uu,RFW WM64,Houses,0.37,,50,within_sampled_range,II,113,50.0,runs/yin_latest_vgg_20260927/single_noise/r21vgg2k_vgg16_bn_aa5_s42/faces_rfwWM64/houses_yin64/results.csv,II
bin5,VGG2k / bin5,r21vgg2k_vgg16_bn_aa5_s42,face_transfer,124,single_uu,RFW WM64,Houses,0.37,,50,within_sampled_range,II,114,75.0,runs/yin_latest_vgg_20260927/single_noise/r21vgg2k_vgg16_bn_aa5_s42/faces_rfwWM64/houses_yin64/results.csv,II
bin5,VGG2k / bin5,r21vgg2k_vgg16_bn_aa5_s42,face_transfer,124,single_uu,RFW WM64,Houses,0.37,,50,within_sampled_range,II,115,79.16666666666666,runs/yin_latest_vgg_20260927/single_noise/r21vgg2k_vgg16_bn_aa5_s42/faces_rfwWM64/houses_yin64/results.csv,II
bin5,VGG2k / bin5,r21vgg2k_vgg16_bn_aa5_s42,face_transfer,124,single_uu,RFW WM64,Houses,0.37,,50,within_sampled_range,II,116,79.16666666666666,runs/yin_latest_vgg_20260927/single_noise/r21vgg2k_vgg16_bn_aa5_s42/faces_rfwWM64/houses_yin64/results.csv,II
bin5,VGG2k / bin5,r21vgg2k_vgg16_bn_aa5_s42,face_transfer,124,single_uu,RFW WM64,Houses,0.37,,50,within_sampled_range,II,117,70.83333333333334,runs/yin_latest_vgg_20260927/single_noise/r21vgg2k_vgg16_bn_aa5_s42/faces_rfwWM64/houses_yin64/results.csv,II
bin5,VGG2k / bin5,r21vgg2k_vgg16_bn_aa5_s42,face_transfer,124,single_uu,RFW WM64,Houses,0.37,,50,within_sampled_range,II,118,87.5,runs/yin_latest_vgg_20260927/single_noise/r21vgg2k_vgg16_bn_aa5_s42/faces_rfwWM64/houses_yin64/results.csv,II
bin5,VGG2k / bin5,r21vgg2k_vgg16_bn_aa5_s42,face_transfer,124,single_uu,RFW WM64,Houses,0.37,,50,within_sampled_range,II,119,62.5,runs/yin_latest_vgg_20260927/single_noise/r21vgg2k_vgg16_bn_aa5_s42/faces_rfwWM64/houses_yin64/results.csv,II
bin5,VGG2k / bin5,r21vgg2k_vgg16_bn_aa5_s42,face_transfer,124,single_uu,RFW WM64,Houses,0.37,,50,within_sampled_range,II,120,75.0,runs/yin_latest_vgg_20260927/single_noise/r21vgg2k_vgg16_bn_aa5_s42/faces_rfwWM64/houses_yin64/results.csv,II
bin5,VGG2k / bin5,r21vgg2k_vgg16_bn_aa5_s42,face_transfer,124,single_uu,RFW WM64,Houses,0.37,,50,within_sampled_range,II,121,62.5,runs/yin_latest_vgg_20260927/single_noise/r21vgg2k_vgg16_bn_aa5_s42/faces_rfwWM64/houses_yin64/results.csv,II
bin5,VGG2k / bin5,r21vgg2k_vgg16_bn_aa5_s42,face_transfer,124,single_uu,RFW WM64,Houses,0.37,,50,within_sampled_range,II,122,62.5,runs/yin_latest_vgg_20260927/single_noise/r21vgg2k_vgg16_bn_aa5_s42/faces_rfwWM64/houses_yin64/results.csv,II
bin5,VGG2k / bin5,r21vgg2k_vgg16_bn_aa5_s42,face_transfer,124,single_uu,RFW WM64,Houses,0.37,,50,within_sampled_range,II,123,83.33333333333334,runs/yin_latest_vgg_20260927/single_noise/r21vgg2k_vgg16_bn_aa5_s42/faces_rfwWM64/houses_yin64/results.csv,II
bin5,VGG2k / bin5,r21vgg2k_vgg16_bn_aa5_s42,face_transfer,124,single_uu,RFW WM64,Houses,0.37,,50,within_sampled_range,II,124,58.333333333333336,runs/yin_latest_vgg_20260927/single_noise/r21vgg2k_vgg16_bn_aa5_s42/faces_rfwWM64/houses_yin64/results.csv,II
bin5,VGG2k / bin5,r21vgg2k_vgg16_bn_aa5_s42,face_transfer,124,single_uu,RFW WM64,Houses,0.37,,50,within_sampled_range,II,125,70.83333333333334,runs/yin_latest_vgg_20260927/single_noise/r21vgg2k_vgg16_bn_aa5_s42/faces_rfwWM64/houses_yin64/results.csv,II
bin5,VGG2k / bin5,r21vgg2k_vgg16_bn_aa5_s42,face_transfer,124,single_uu,RFW WM64,Houses,0.37,,50,within_sampled_range,II,126,62.5,runs/yin_latest_vgg_20260927/single_noise/r21vgg2k_vgg16_bn_aa5_s42/faces_rfwWM64/houses_yin64/results.csv,II
bin5,VGG2k / bin5,r21vgg2k_vgg16_bn_aa5_s42,face_transfer,124,single_uu,RFW WM64,Houses,0.37,,50,within_sampled_range,II,127,62.5,runs/yin_latest_vgg_20260927/single_noise/r21vgg2k_vgg16_bn_aa5_s42/faces_rfwWM64/houses_yin64/results.csv,II
bin5,VGG2k / bin5,r21vgg2k_vgg16_bn_aa5_s42,face_transfer,124,single_uu,RFW WM64,Houses,0.37,,50,within_sampled_range,II,128,62.5,runs/yin_latest_vgg_20260927/single_noise/r21vgg2k_vgg16_bn_aa5_s42/faces_rfwWM64/houses_yin64/results.csv,II
bin5,VGG2k / bin5,r21vgg2k_vgg16_bn_aa5_s42,face_transfer,124,single_uu,RFW WM64,Houses,0.37,,50,within_sampled_range,II,129,75.0,runs/yin_latest_vgg_20260927/single_noise/r21vgg2k_vgg16_bn_aa5_s42/faces_rfwWM64/houses_yin64/results.csv,II
bin5,VGG2k / bin5,r21vgg2k_vgg16_bn_aa5_s42,face_transfer,124,single_uu,RFW WM64,Houses,0.37,,50,within_sampled_range,II,130,79.16666666666666,runs/yin_latest_vgg_20260927/single_noise/r21vgg2k_vgg16_bn_aa5_s42/faces_rfwWM64/houses_yin64/results.csv,II
bin5,VGG2k / bin5,r21vgg2k_vgg16_bn_aa5_s42,face_transfer,124,single_uu,RFW WM64,Houses,0.37,,50,within_sampled_range,II,131,66.66666666666666,runs/yin_latest_vgg_20260927/single_noise/r21vgg2k_vgg16_bn_aa5_s42/faces_rfwWM64/houses_yin64/results.csv,II
bin5,VGG2k / bin5,r21vgg2k_vgg16_bn_aa5_s42,face_transfer,124,single_uu,RFW WM64,Houses,0.37,,50,within_sampled_range,II,132,79.16666666666666,runs/yin_latest_vgg_20260927/single_noise/r21vgg2k_vgg16_bn_aa5_s42/faces_rfwWM64/houses_yin64/results.csv,II
bin5,VGG2k / bin5,r21vgg2k_vgg16_bn_aa5_s42,face_transfer,124,single_uu,RFW WM64,Houses,0.37,,50,within_sampled_range,II,133,62.5,runs/yin_latest_vgg_20260927/single_noise/r21vgg2k_vgg16_bn_aa5_s42/faces_rfwWM64/houses_yin64/results.csv,II
bin5,VGG2k / bin5,r21vgg2k_vgg16_bn_aa5_s42,face_transfer,124,single_uu,RFW WM64,Houses,0.37,,50,within_sampled_range,II,134,70.83333333333334,runs/yin_latest_vgg_20260927/single_noise/r21vgg2k_vgg16_bn_aa5_s42/faces_rfwWM64/houses_yin64/results.csv,II
bin5,VGG2k / bin5,r21vgg2k_vgg16_bn_aa5_s42,face_transfer,124,single_uu,RFW WM64,Houses,0.37,,50,within_sampled_range,II,135,83.33333333333334,runs/yin_latest_vgg_20260927/single_noise/r21vgg2k_vgg16_bn_aa5_s42/faces_rfwWM64/houses_yin64/results.csv,II
bin5,VGG2k / bin5,r21vgg2k_vgg16_bn_aa5_s42,face_transfer,124,single_uu,RFW WM64,Houses,0.37,,50,within_sampled_range,II,136,70.83333333333334,runs/yin_latest_vgg_20260927/single_noise/r21vgg2k_vgg16_bn_aa5_s42/faces_rfwWM64/houses_yin64/results.csv,II
bin5,VGG2k / bin5,r21vgg2k_vgg16_bn_aa5_s42,face_transfer,124,single_uu,RFW WM64,Houses,0.37,,50,within_sampled_range,II,137,75.0,runs/yin_latest_vgg_20260927/single_noise/r21vgg2k_vgg16_bn_aa5_s42/faces_rfwWM64/houses_yin64/results.csv,II
bin5,VGG2k / bin5,r21vgg2k_vgg16_bn_aa5_s42,face_transfer,124,single_uu,RFW WM64,Houses,0.37,,50,within_sampled_range,II,138,79.16666666666666,runs/yin_latest_vgg_20260927/single_noise/r21vgg2k_vgg16_bn_aa5_s42/faces_rfwWM64/houses_yin64/results.csv,II
bin5,VGG2k / bin5,r21vgg2k_vgg16_bn_aa5_s42,face_transfer,124,single_uu,RFW WM64,Houses,0.37,,50,within_sampled_range,II,139,70.83333333333334,runs/yin_latest_vgg_20260927/single_noise/r21vgg2k_vgg16_bn_aa5_s42/faces_rfwWM64/houses_yin64/results.csv,II
bin5,VGG2k / bin5,r21vgg2k_vgg16_bn_aa5_s42,face_transfer,124,single_uu,RFW WM64,Houses,0.37,,50,within_sampled_range,II,140,75.0,runs/yin_latest_vgg_20260927/single_noise/r21vgg2k_vgg16_bn_aa5_s42/faces_rfwWM64/houses_yin64/results.csv,II
bin5,VGG2k / bin5,r21vgg2k_vgg16_bn_aa5_s42,face_transfer,124,single_uu,RFW WM64,Houses,0.37,,50,within_sampled_range,II,141,83.33333333333334,runs/yin_latest_vgg_20260927/single_noise/r21vgg2k_vgg16_bn_aa5_s42/faces_rfwWM64/houses_yin64/results.csv,II
bin5,VGG2k / bin5,r21vgg2k_vgg16_bn_aa5_s42,face_transfer,124,single_uu,RFW WM64,Houses,0.37,,50,within_sampled_range,II,142,75.0,runs/yin_latest_vgg_20260927/single_noise/r21vgg2k_vgg16_bn_aa5_s42/faces_rfwWM64/houses_yin64/results.csv,II
bin5,VGG2k / bin5,r21vgg2k_vgg16_bn_aa5_s42,face_transfer,124,single_uu,RFW WM64,Houses,0.37,,50,within_sampled_range,II,143,75.0,runs/yin_latest_vgg_20260927/single_noise/r21vgg2k_vgg16_bn_aa5_s42/faces_rfwWM64/houses_yin64/results.csv,II
bin5,VGG2k / bin5,r21vgg2k_vgg16_bn_aa5_s42,face_transfer,124,single_uu,RFW WM64,Houses,0.37,,50,within_sampled_range,II,144,75.0,runs/yin_latest_vgg_20260927/single_noise/r21vgg2k_vgg16_bn_aa5_s42/faces_rfwWM64/houses_yin64/results.csv,II
bin5,VGG2k / bin5,r21vgg2k_vgg16_bn_aa5_s42,face_transfer,124,single_uu,RFW WM64,Houses,0.37,,50,within_sampled_range,II,145,75.0,runs/yin_latest_vgg_20260927/single_noise/r21vgg2k_vgg16_bn_aa5_s42/faces_rfwWM64/houses_yin64/results.csv,II
bin5,VGG2k / bin5,r21vgg2k_vgg16_bn_aa5_s42,face_transfer,124,single_uu,RFW WM64,Houses,0.37,,50,within_sampled_range,II,146,70.83333333333334,runs/yin_latest_vgg_20260927/single_noise/r21vgg2k_vgg16_bn_aa5_s42/faces_rfwWM64/houses_yin64/results.csv,II
bin5,VGG2k / bin5,r21vgg2k_vgg16_bn_aa5_s42,face_transfer,124,single_uu,RFW WM64,Houses,0.37,,50,within_sampled_range,II,147,62.5,runs/yin_latest_vgg_20260927/single_noise/r21vgg2k_vgg16_bn_aa5_s42/faces_rfwWM64/houses_yin64/results.csv,II
bin5,VGG2k / bin5,r21vgg2k_vgg16_bn_aa5_s42,face_transfer,124,single_uu,RFW WM64,Houses,0.37,,50,within_sampled_range,II,148,79.16666666666666,runs/yin_latest_vgg_20260927/single_noise/r21vgg2k_vgg16_bn_aa5_s42/faces_rfwWM64/houses_yin64/results.csv,II
bin5,VGG2k / bin5,r21vgg2k_vgg16_bn_aa5_s42,face_transfer,124,single_uu,RFW WM64,Houses,0.37,,50,within_sampled_range,II,149,62.5,runs/yin_latest_vgg_20260927/single_noise/r21vgg2k_vgg16_bn_aa5_s42/faces_rfwWM64/houses_yin64/results.csv,II
bin5,VGG2k / bin5,r21vgg2k_vgg16_bn_aa5_s42,face_transfer,124,single_uu,RFW WM64,Houses,0.37,,50,within_sampled_range,II,150,75.0,runs/yin_latest_vgg_20260927/single_noise/r21vgg2k_vgg16_bn_aa5_s42/faces_rfwWM64/houses_yin64/results.csv,II
bin5,VGG2k / bin5,r21vgg2k_vgg16_bn_aa5_s42,face_transfer,124,single_uu,RFW WM64,Houses,0.37,,50,within_sampled_range,UI,101,79.16666666666666,runs/yin_latest_vgg_20260927/single_noise/r21vgg2k_vgg16_bn_aa5_s42/faces_rfwWM64/houses_yin64/results.csv,UI
bin5,VGG2k / bin5,r21vgg2k_vgg16_bn_aa5_s42,face_transfer,124,single_uu,RFW WM64,Houses,0.37,,50,within_sampled_range,UI,102,83.33333333333334,runs/yin_latest_vgg_20260927/single_noise/r21vgg2k_vgg16_bn_aa5_s42/faces_rfwWM64/houses_yin64/results.csv,UI
bin5,VGG2k / bin5,r21vgg2k_vgg16_bn_aa5_s42,face_transfer,124,single_uu,RFW WM64,Houses,0.37,,50,within_sampled_range,UI,103,79.16666666666666,runs/yin_latest_vgg_20260927/single_noise/r21vgg2k_vgg16_bn_aa5_s42/faces_rfwWM64/houses_yin64/results.csv,UI
bin5,VGG2k / bin5,r21vgg2k_vgg16_bn_aa5_s42,face_transfer,124,single_uu,RFW WM64,Houses,0.37,,50,within_sampled_range,UI,104,75.0,runs/yin_latest_vgg_20260927/single_noise/r21vgg2k_vgg16_bn_aa5_s42/faces_rfwWM64/houses_yin64/results.csv,UI
bin5,VGG2k / bin5,r21vgg2k_vgg16_bn_aa5_s42,face_transfer,124,single_uu,RFW WM64,Houses,0.37,,50,within_sampled_range,UI,105,62.5,runs/yin_latest_vgg_20260927/single_noise/r21vgg2k_vgg16_bn_aa5_s42/faces_rfwWM64/houses_yin64/results.csv,UI
bin5,VGG2k / bin5,r21vgg2k_vgg16_bn_aa5_s42,face_transfer,124,single_uu,RFW WM64,Houses,0.37,,50,within_sampled_range,UI,106,79.16666666666666,runs/yin_latest_vgg_20260927/single_noise/r21vgg2k_vgg16_bn_aa5_s42/faces_rfwWM64/houses_yin64/results.csv,UI
bin5,VGG2k / bin5,r21vgg2k_vgg16_bn_aa5_s42,face_transfer,124,single_uu,RFW WM64,Houses,0.37,,50,within_sampled_range,UI,107,70.83333333333334,runs/yin_latest_vgg_20260927/single_noise/r21vgg2k_vgg16_bn_aa5_s42/faces_rfwWM64/houses_yin64/results.csv,UI
bin5,VGG2k / bin5,r21vgg2k_vgg16_bn_aa5_s42,face_transfer,124,single_uu,RFW WM64,Houses,0.37,,50,within_sampled_range,UI,108,79.16666666666666,runs/yin_latest_vgg_20260927/single_noise/r21vgg2k_vgg16_bn_aa5_s42/faces_rfwWM64/houses_yin64/results.csv,UI
bin5,VGG2k / bin5,r21vgg2k_vgg16_bn_aa5_s42,face_transfer,124,single_uu,RFW WM64,Houses,0.37,,50,within_sampled_range,UI,109,75.0,runs/yin_latest_vgg_20260927/single_noise/r21vgg2k_vgg16_bn_aa5_s42/faces_rfwWM64/houses_yin64/results.csv,UI
bin5,VGG2k / bin5,r21vgg2k_vgg16_bn_aa5_s42,face_transfer,124,single_uu,RFW WM64,Houses,0.37,,50,within_sampled_range,UI,110,62.5,runs/yin_latest_vgg_20260927/single_noise/r21vgg2k_vgg16_bn_aa5_s42/faces_rfwWM64/houses_yin64/results.csv,UI
bin5,VGG2k / bin5,r21vgg2k_vgg16_bn_aa5_s42,face_transfer,124,single_uu,RFW WM64,Houses,0.37,,50,within_sampled_range,UI,111,79.16666666666666,runs/yin_latest_vgg_20260927/single_noise/r21vgg2k_vgg16_bn_aa5_s42/faces_rfwWM64/houses_yin64/results.csv,UI
bin5,VGG2k / bin5,r21vgg2k_vgg16_bn_aa5_s42,face_transfer,124,single_uu,RFW WM64,Houses,0.37,,50,within_sampled_range,UI,112,50.0,runs/yin_latest_vgg_20260927/single_noise/r21vgg2k_vgg16_bn_aa5_s42/faces_rfwWM64/houses_yin64/results.csv,UI
bin5,VGG2k / bin5,r21vgg2k_vgg16_bn_aa5_s42,face_transfer,124,single_uu,RFW WM64,Houses,0.37,,50,within_sampled_range,UI,113,79.16666666666666,runs/yin_latest_vgg_20260927/single_noise/r21vgg2k_vgg16_bn_aa5_s42/faces_rfwWM64/houses_yin64/results.csv,UI
bin5,VGG2k / bin5,r21vgg2k_vgg16_bn_aa5_s42,face_transfer,124,single_uu,RFW WM64,Houses,0.37,,50,within_sampled_range,UI,114,70.83333333333334,runs/yin_latest_vgg_20260927/single_noise/r21vgg2k_vgg16_bn_aa5_s42/faces_rfwWM64/houses_yin64/results.csv,UI
bin5,VGG2k / bin5,r21vgg2k_vgg16_bn_aa5_s42,face_transfer,124,single_uu,RFW WM64,Houses,0.37,,50,within_sampled_range,UI,115,79.16666666666666,runs/yin_latest_vgg_20260927/single_noise/r21vgg2k_vgg16_bn_aa5_s42/faces_rfwWM64/houses_yin64/results.csv,UI
bin5,VGG2k / bin5,r21vgg2k_vgg16_bn_aa5_s42,face_transfer,124,single_uu,RFW WM64,Houses,0.37,,50,within_sampled_range,UI,116,83.33333333333334,runs/yin_latest_vgg_20260927/single_noise/r21vgg2k_vgg16_bn_aa5_s42/faces_rfwWM64/houses_yin64/results.csv,UI
bin5,VGG2k / bin5,r21vgg2k_vgg16_bn_aa5_s42,face_transfer,124,single_uu,RFW WM64,Houses,0.37,,50,within_sampled_range,UI,117,83.33333333333334,runs/yin_latest_vgg_20260927/single_noise/r21vgg2k_vgg16_bn_aa5_s42/faces_rfwWM64/houses_yin64/results.csv,UI
bin5,VGG2k / bin5,r21vgg2k_vgg16_bn_aa5_s42,face_transfer,124,single_uu,RFW WM64,Houses,0.37,,50,within_sampled_range,UI,118,75.0,runs/yin_latest_vgg_20260927/single_noise/r21vgg2k_vgg16_bn_aa5_s42/faces_rfwWM64/houses_yin64/results.csv,UI
bin5,VGG2k / bin5,r21vgg2k_vgg16_bn_aa5_s42,face_transfer,124,single_uu,RFW WM64,Houses,0.37,,50,within_sampled_range,UI,119,54.166666666666664,runs/yin_latest_vgg_20260927/single_noise/r21vgg2k_vgg16_bn_aa5_s42/faces_rfwWM64/houses_yin64/results.csv,UI
bin5,VGG2k / bin5,r21vgg2k_vgg16_bn_aa5_s42,face_transfer,124,single_uu,RFW WM64,Houses,0.37,,50,within_sampled_range,UI,120,66.66666666666666,runs/yin_latest_vgg_20260927/single_noise/r21vgg2k_vgg16_bn_aa5_s42/faces_rfwWM64/houses_yin64/results.csv,UI
bin5,VGG2k / bin5,r21vgg2k_vgg16_bn_aa5_s42,face_transfer,124,single_uu,RFW WM64,Houses,0.37,,50,within_sampled_range,UI,121,66.66666666666666,runs/yin_latest_vgg_20260927/single_noise/r21vgg2k_vgg16_bn_aa5_s42/faces_rfwWM64/houses_yin64/results.csv,UI
bin5,VGG2k / bin5,r21vgg2k_vgg16_bn_aa5_s42,face_transfer,124,single_uu,RFW WM64,Houses,0.37,,50,within_sampled_range,UI,122,66.66666666666666,runs/yin_latest_vgg_20260927/single_noise/r21vgg2k_vgg16_bn_aa5_s42/faces_rfwWM64/houses_yin64/results.csv,UI
bin5,VGG2k / bin5,r21vgg2k_vgg16_bn_aa5_s42,face_transfer,124,single_uu,RFW WM64,Houses,0.37,,50,within_sampled_range,UI,123,66.66666666666666,runs/yin_latest_vgg_20260927/single_noise/r21vgg2k_vgg16_bn_aa5_s42/faces_rfwWM64/houses_yin64/results.csv,UI
bin5,VGG2k / bin5,r21vgg2k_vgg16_bn_aa5_s42,face_transfer,124,single_uu,RFW WM64,Houses,0.37,,50,within_sampled_range,UI,124,75.0,runs/yin_latest_vgg_20260927/single_noise/r21vgg2k_vgg16_bn_aa5_s42/faces_rfwWM64/houses_yin64/results.csv,UI
bin5,VGG2k / bin5,r21vgg2k_vgg16_bn_aa5_s42,face_transfer,124,single_uu,RFW WM64,Houses,0.37,,50,within_sampled_range,UI,125,75.0,runs/yin_latest_vgg_20260927/single_noise/r21vgg2k_vgg16_bn_aa5_s42/faces_rfwWM64/houses_yin64/results.csv,UI
bin5,VGG2k / bin5,r21vgg2k_vgg16_bn_aa5_s42,face_transfer,124,single_uu,RFW WM64,Houses,0.37,,50,within_sampled_range,UI,126,58.333333333333336,runs/yin_latest_vgg_20260927/single_noise/r21vgg2k_vgg16_bn_aa5_s42/faces_rfwWM64/houses_yin64/results.csv,UI
bin5,VGG2k / bin5,r21vgg2k_vgg16_bn_aa5_s42,face_transfer,124,single_uu,RFW WM64,Houses,0.37,,50,within_sampled_range,UI,127,75.0,runs/yin_latest_vgg_20260927/single_noise/r21vgg2k_vgg16_bn_aa5_s42/faces_rfwWM64/houses_yin64/results.csv,UI
bin5,VGG2k / bin5,r21vgg2k_vgg16_bn_aa5_s42,face_transfer,124,single_uu,RFW WM64,Houses,0.37,,50,within_sampled_range,UI,128,75.0,runs/yin_latest_vgg_20260927/single_noise/r21vgg2k_vgg16_bn_aa5_s42/faces_rfwWM64/houses_yin64/results.csv,UI
bin5,VGG2k / bin5,r21vgg2k_vgg16_bn_aa5_s42,face_transfer,124,single_uu,RFW WM64,Houses,0.37,,50,within_sampled_range,UI,129,70.83333333333334,runs/yin_latest_vgg_20260927/single_noise/r21vgg2k_vgg16_bn_aa5_s42/faces_rfwWM64/houses_yin64/results.csv,UI
bin5,VGG2k / bin5,r21vgg2k_vgg16_bn_aa5_s42,face_transfer,124,single_uu,RFW WM64,Houses,0.37,,50,within_sampled_range,UI,130,83.33333333333334,runs/yin_latest_vgg_20260927/single_noise/r21vgg2k_vgg16_bn_aa5_s42/faces_rfwWM64/houses_yin64/results.csv,UI
bin5,VGG2k / bin5,r21vgg2k_vgg16_bn_aa5_s42,face_transfer,124,single_uu,RFW WM64,Houses,0.37,,50,within_sampled_range,UI,131,54.166666666666664,runs/yin_latest_vgg_20260927/single_noise/r21vgg2k_vgg16_bn_aa5_s42/faces_rfwWM64/houses_yin64/results.csv,UI
bin5,VGG2k / bin5,r21vgg2k_vgg16_bn_aa5_s42,face_transfer,124,single_uu,RFW WM64,Houses,0.37,,50,within_sampled_range,UI,132,66.66666666666666,runs/yin_latest_vgg_20260927/single_noise/r21vgg2k_vgg16_bn_aa5_s42/faces_rfwWM64/houses_yin64/results.csv,UI
bin5,VGG2k / bin5,r21vgg2k_vgg16_bn_aa5_s42,face_transfer,124,single_uu,RFW WM64,Houses,0.37,,50,within_sampled_range,UI,133,58.333333333333336,runs/yin_latest_vgg_20260927/single_noise/r21vgg2k_vgg16_bn_aa5_s42/faces_rfwWM64/houses_yin64/results.csv,UI
bin5,VGG2k / bin5,r21vgg2k_vgg16_bn_aa5_s42,face_transfer,124,single_uu,RFW WM64,Houses,0.37,,50,within_sampled_range,UI,134,75.0,runs/yin_latest_vgg_20260927/single_noise/r21vgg2k_vgg16_bn_aa5_s42/faces_rfwWM64/houses_yin64/results.csv,UI
bin5,VGG2k / bin5,r21vgg2k_vgg16_bn_aa5_s42,face_transfer,124,single_uu,RFW WM64,Houses,0.37,,50,within_sampled_range,UI,135,70.83333333333334,runs/yin_latest_vgg_20260927/single_noise/r21vgg2k_vgg16_bn_aa5_s42/faces_rfwWM64/houses_yin64/results.csv,UI
bin5,VGG2k / bin5,r21vgg2k_vgg16_bn_aa5_s42,face_transfer,124,single_uu,RFW WM64,Houses,0.37,,50,within_sampled_range,UI,136,66.66666666666666,runs/yin_latest_vgg_20260927/single_noise/r21vgg2k_vgg16_bn_aa5_s42/faces_rfwWM64/houses_yin64/results.csv,UI
bin5,VGG2k / bin5,r21vgg2k_vgg16_bn_aa5_s42,face_transfer,124,single_uu,RFW WM64,Houses,0.37,,50,within_sampled_range,UI,137,62.5,runs/yin_latest_vgg_20260927/single_noise/r21vgg2k_vgg16_bn_aa5_s42/faces_rfwWM64/houses_yin64/results.csv,UI
bin5,VGG2k / bin5,r21vgg2k_vgg16_bn_aa5_s42,face_transfer,124,single_uu,RFW WM64,Houses,0.37,,50,within_sampled_range,UI,138,62.5,runs/yin_latest_vgg_20260927/single_noise/r21vgg2k_vgg16_bn_aa5_s42/faces_rfwWM64/houses_yin64/results.csv,UI
bin5,VGG2k / bin5,r21vgg2k_vgg16_bn_aa5_s42,face_transfer,124,single_uu,RFW WM64,Houses,0.37,,50,within_sampled_range,UI,139,66.66666666666666,runs/yin_latest_vgg_20260927/single_noise/r21vgg2k_vgg16_bn_aa5_s42/faces_rfwWM64/houses_yin64/results.csv,UI
bin5,VGG2k / bin5,r21vgg2k_vgg16_bn_aa5_s42,face_transfer,124,single_uu,RFW WM64,Houses,0.37,,50,within_sampled_range,UI,140,62.5,runs/yin_latest_vgg_20260927/single_noise/r21vgg2k_vgg16_bn_aa5_s42/faces_rfwWM64/houses_yin64/results.csv,UI
bin5,VGG2k / bin5,r21vgg2k_vgg16_bn_aa5_s42,face_transfer,124,single_uu,RFW WM64,Houses,0.37,,50,within_sampled_range,UI,141,75.0,runs/yin_latest_vgg_20260927/single_noise/r21vgg2k_vgg16_bn_aa5_s42/faces_rfwWM64/houses_yin64/results.csv,UI
bin5,VGG2k / bin5,r21vgg2k_vgg16_bn_aa5_s42,face_transfer,124,single_uu,RFW WM64,Houses,0.37,,50,within_sampled_range,UI,142,79.16666666666666,runs/yin_latest_vgg_20260927/single_noise/r21vgg2k_vgg16_bn_aa5_s42/faces_rfwWM64/houses_yin64/results.csv,UI
bin5,VGG2k / bin5,r21vgg2k_vgg16_bn_aa5_s42,face_transfer,124,single_uu,RFW WM64,Houses,0.37,,50,within_sampled_range,UI,143,66.66666666666666,runs/yin_latest_vgg_20260927/single_noise/r21vgg2k_vgg16_bn_aa5_s42/faces_rfwWM64/houses_yin64/results.csv,UI
bin5,VGG2k / bin5,r21vgg2k_vgg16_bn_aa5_s42,face_transfer,124,single_uu,RFW WM64,Houses,0.37,,50,within_sampled_range,UI,144,66.66666666666666,runs/yin_latest_vgg_20260927/single_noise/r21vgg2k_vgg16_bn_aa5_s42/faces_rfwWM64/houses_yin64/results.csv,UI
bin5,VGG2k / bin5,r21vgg2k_vgg16_bn_aa5_s42,face_transfer,124,single_uu,RFW WM64,Houses,0.37,,50,within_sampled_range,UI,145,66.66666666666666,runs/yin_latest_vgg_20260927/single_noise/r21vgg2k_vgg16_bn_aa5_s42/faces_rfwWM64/houses_yin64/results.csv,UI
bin5,VGG2k / bin5,r21vgg2k_vgg16_bn_aa5_s42,face_transfer,124,single_uu,RFW WM64,Houses,0.37,,50,within_sampled_range,UI,146,62.5,runs/yin_latest_vgg_20260927/single_noise/r21vgg2k_vgg16_bn_aa5_s42/faces_rfwWM64/houses_yin64/results.csv,UI
bin5,VGG2k / bin5,r21vgg2k_vgg16_bn_aa5_s42,face_transfer,124,single_uu,RFW WM64,Houses,0.37,,50,within_sampled_range,UI,147,58.333333333333336,runs/yin_latest_vgg_20260927/single_noise/r21vgg2k_vgg16_bn_aa5_s42/faces_rfwWM64/houses_yin64/results.csv,UI
bin5,VGG2k / bin5,r21vgg2k_vgg16_bn_aa5_s42,face_transfer,124,single_uu,RFW WM64,Houses,0.37,,50,within_sampled_range,UI,148,58.333333333333336,runs/yin_latest_vgg_20260927/single_noise/r21vgg2k_vgg16_bn_aa5_s42/faces_rfwWM64/houses_yin64/results.csv,UI
bin5,VGG2k / bin5,r21vgg2k_vgg16_bn_aa5_s42,face_transfer,124,single_uu,RFW WM64,Houses,0.37,,50,within_sampled_range,UI,149,62.5,runs/yin_latest_vgg_20260927/single_noise/r21vgg2k_vgg16_bn_aa5_s42/faces_rfwWM64/houses_yin64/results.csv,UI
bin5,VGG2k / bin5,r21vgg2k_vgg16_bn_aa5_s42,face_transfer,124,single_uu,RFW WM64,Houses,0.37,,50,within_sampled_range,UI,150,75.0,runs/yin_latest_vgg_20260927/single_noise/r21vgg2k_vgg16_bn_aa5_s42/faces_rfwWM64/houses_yin64/results.csv,UI
bin5,VGG2k / bin5,r21vgg2k_vgg16_bn_aa5_s42,face_transfer,124,single_uu,RFW WM64,Houses,0.37,,50,within_sampled_range,IU,101,70.83333333333334,runs/yin_latest_vgg_20260927/single_noise/r21vgg2k_vgg16_bn_aa5_s42/faces_rfwWM64/houses_yin64/results.csv,IU
bin5,VGG2k / bin5,r21vgg2k_vgg16_bn_aa5_s42,face_transfer,124,single_uu,RFW WM64,Houses,0.37,,50,within_sampled_range,IU,102,87.5,runs/yin_latest_vgg_20260927/single_noise/r21vgg2k_vgg16_bn_aa5_s42/faces_rfwWM64/houses_yin64/results.csv,IU
bin5,VGG2k / bin5,r21vgg2k_vgg16_bn_aa5_s42,face_transfer,124,single_uu,RFW WM64,Houses,0.37,,50,within_sampled_range,IU,103,79.16666666666666,runs/yin_latest_vgg_20260927/single_noise/r21vgg2k_vgg16_bn_aa5_s42/faces_rfwWM64/houses_yin64/results.csv,IU
bin5,VGG2k / bin5,r21vgg2k_vgg16_bn_aa5_s42,face_transfer,124,single_uu,RFW WM64,Houses,0.37,,50,within_sampled_range,IU,104,87.5,runs/yin_latest_vgg_20260927/single_noise/r21vgg2k_vgg16_bn_aa5_s42/faces_rfwWM64/houses_yin64/results.csv,IU
bin5,VGG2k / bin5,r21vgg2k_vgg16_bn_aa5_s42,face_transfer,124,single_uu,RFW WM64,Houses,0.37,,50,within_sampled_range,IU,105,58.333333333333336,runs/yin_latest_vgg_20260927/single_noise/r21vgg2k_vgg16_bn_aa5_s42/faces_rfwWM64/houses_yin64/results.csv,IU
bin5,VGG2k / bin5,r21vgg2k_vgg16_bn_aa5_s42,face_transfer,124,single_uu,RFW WM64,Houses,0.37,,50,within_sampled_range,IU,106,66.66666666666666,runs/yin_latest_vgg_20260927/single_noise/r21vgg2k_vgg16_bn_aa5_s42/faces_rfwWM64/houses_yin64/results.csv,IU
bin5,VGG2k / bin5,r21vgg2k_vgg16_bn_aa5_s42,face_transfer,124,single_uu,RFW WM64,Houses,0.37,,50,within_sampled_range,IU,107,62.5,runs/yin_latest_vgg_20260927/single_noise/r21vgg2k_vgg16_bn_aa5_s42/faces_rfwWM64/houses_yin64/results.csv,IU
bin5,VGG2k / bin5,r21vgg2k_vgg16_bn_aa5_s42,face_transfer,124,single_uu,RFW WM64,Houses,0.37,,50,within_sampled_range,IU,108,54.166666666666664,runs/yin_latest_vgg_20260927/single_noise/r21vgg2k_vgg16_bn_aa5_s42/faces_rfwWM64/houses_yin64/results.csv,IU
bin5,VGG2k / bin5,r21vgg2k_vgg16_bn_aa5_s42,face_transfer,124,single_uu,RFW WM64,Houses,0.37,,50,within_sampled_range,IU,109,54.166666666666664,runs/yin_latest_vgg_20260927/single_noise/r21vgg2k_vgg16_bn_aa5_s42/faces_rfwWM64/houses_yin64/results.csv,IU
bin5,VGG2k / bin5,r21vgg2k_vgg16_bn_aa5_s42,face_transfer,124,single_uu,RFW WM64,Houses,0.37,,50,within_sampled_range,IU,110,70.83333333333334,runs/yin_latest_vgg_20260927/single_noise/r21vgg2k_vgg16_bn_aa5_s42/faces_rfwWM64/houses_yin64/results.csv,IU
bin5,VGG2k / bin5,r21vgg2k_vgg16_bn_aa5_s42,face_transfer,124,single_uu,RFW WM64,Houses,0.37,,50,within_sampled_range,IU,111,75.0,runs/yin_latest_vgg_20260927/single_noise/r21vgg2k_vgg16_bn_aa5_s42/faces_rfwWM64/houses_yin64/results.csv,IU
bin5,VGG2k / bin5,r21vgg2k_vgg16_bn_aa5_s42,face_transfer,124,single_uu,RFW WM64,Houses,0.37,,50,within_sampled_range,IU,112,58.333333333333336,runs/yin_latest_vgg_20260927/single_noise/r21vgg2k_vgg16_bn_aa5_s42/faces_rfwWM64/houses_yin64/results.csv,IU
bin5,VGG2k / bin5,r21vgg2k_vgg16_bn_aa5_s42,face_transfer,124,single_uu,RFW WM64,Houses,0.37,,50,within_sampled_range,IU,113,79.16666666666666,runs/yin_latest_vgg_20260927/single_noise/r21vgg2k_vgg16_bn_aa5_s42/faces_rfwWM64/houses_yin64/results.csv,IU
bin5,VGG2k / bin5,r21vgg2k_vgg16_bn_aa5_s42,face_transfer,124,single_uu,RFW WM64,Houses,0.37,,50,within_sampled_range,IU,114,70.83333333333334,runs/yin_latest_vgg_20260927/single_noise/r21vgg2k_vgg16_bn_aa5_s42/faces_rfwWM64/houses_yin64/results.csv,IU
bin5,VGG2k / bin5,r21vgg2k_vgg16_bn_aa5_s42,face_transfer,124,single_uu,RFW WM64,Houses,0.37,,50,within_sampled_range,IU,115,45.83333333333333,runs/yin_latest_vgg_20260927/single_noise/r21vgg2k_vgg16_bn_aa5_s42/faces_rfwWM64/houses_yin64/results.csv,IU
bin5,VGG2k / bin5,r21vgg2k_vgg16_bn_aa5_s42,face_transfer,124,single_uu,RFW WM64,Houses,0.37,,50,within_sampled_range,IU,116,79.16666666666666,runs/yin_latest_vgg_20260927/single_noise/r21vgg2k_vgg16_bn_aa5_s42/faces_rfwWM64/houses_yin64/results.csv,IU
bin5,VGG2k / bin5,r21vgg2k_vgg16_bn_aa5_s42,face_transfer,124,single_uu,RFW WM64,Houses,0.37,,50,within_sampled_range,IU,117,54.166666666666664,runs/yin_latest_vgg_20260927/single_noise/r21vgg2k_vgg16_bn_aa5_s42/faces_rfwWM64/houses_yin64/results.csv,IU
bin5,VGG2k / bin5,r21vgg2k_vgg16_bn_aa5_s42,face_transfer,124,single_uu,RFW WM64,Houses,0.37,,50,within_sampled_range,IU,118,66.66666666666666,runs/yin_latest_vgg_20260927/single_noise/r21vgg2k_vgg16_bn_aa5_s42/faces_rfwWM64/houses_yin64/results.csv,IU
bin5,VGG2k / bin5,r21vgg2k_vgg16_bn_aa5_s42,face_transfer,124,single_uu,RFW WM64,Houses,0.37,,50,within_sampled_range,IU,119,75.0,runs/yin_latest_vgg_20260927/single_noise/r21vgg2k_vgg16_bn_aa5_s42/faces_rfwWM64/houses_yin64/results.csv,IU
bin5,VGG2k / bin5,r21vgg2k_vgg16_bn_aa5_s42,face_transfer,124,single_uu,RFW WM64,Houses,0.37,,50,within_sampled_range,IU,120,62.5,runs/yin_latest_vgg_20260927/single_noise/r21vgg2k_vgg16_bn_aa5_s42/faces_rfwWM64/houses_yin64/results.csv,IU
bin5,VGG2k / bin5,r21vgg2k_vgg16_bn_aa5_s42,face_transfer,124,single_uu,RFW WM64,Houses,0.37,,50,within_sampled_range,IU,121,75.0,runs/yin_latest_vgg_20260927/single_noise/r21vgg2k_vgg16_bn_aa5_s42/faces_rfwWM64/houses_yin64/results.csv,IU
bin5,VGG2k / bin5,r21vgg2k_vgg16_bn_aa5_s42,face_transfer,124,single_uu,RFW WM64,Houses,0.37,,50,within_sampled_range,IU,122,54.166666666666664,runs/yin_latest_vgg_20260927/single_noise/r21vgg2k_vgg16_bn_aa5_s42/faces_rfwWM64/houses_yin64/results.csv,IU
bin5,VGG2k / bin5,r21vgg2k_vgg16_bn_aa5_s42,face_transfer,124,single_uu,RFW WM64,Houses,0.37,,50,within_sampled_range,IU,123,79.16666666666666,runs/yin_latest_vgg_20260927/single_noise/r21vgg2k_vgg16_bn_aa5_s42/faces_rfwWM64/houses_yin64/results.csv,IU
bin5,VGG2k / bin5,r21vgg2k_vgg16_bn_aa5_s42,face_transfer,124,single_uu,RFW WM64,Houses,0.37,,50,within_sampled_range,IU,124,58.333333333333336,runs/yin_latest_vgg_20260927/single_noise/r21vgg2k_vgg16_bn_aa5_s42/faces_rfwWM64/houses_yin64/results.csv,IU
bin5,VGG2k / bin5,r21vgg2k_vgg16_bn_aa5_s42,face_transfer,124,single_uu,RFW WM64,Houses,0.37,,50,within_sampled_range,IU,125,50.0,runs/yin_latest_vgg_20260927/single_noise/r21vgg2k_vgg16_bn_aa5_s42/faces_rfwWM64/houses_yin64/results.csv,IU
bin5,VGG2k / bin5,r21vgg2k_vgg16_bn_aa5_s42,face_transfer,124,single_uu,RFW WM64,Houses,0.37,,50,within_sampled_range,IU,126,66.66666666666666,runs/yin_latest_vgg_20260927/single_noise/r21vgg2k_vgg16_bn_aa5_s42/faces_rfwWM64/houses_yin64/results.csv,IU
bin5,VGG2k / bin5,r21vgg2k_vgg16_bn_aa5_s42,face_transfer,124,single_uu,RFW WM64,Houses,0.37,,50,within_sampled_range,IU,127,66.66666666666666,runs/yin_latest_vgg_20260927/single_noise/r21vgg2k_vgg16_bn_aa5_s42/faces_rfwWM64/houses_yin64/results.csv,IU
bin5,VGG2k / bin5,r21vgg2k_vgg16_bn_aa5_s42,face_transfer,124,single_uu,RFW WM64,Houses,0.37,,50,within_sampled_range,IU,128,70.83333333333334,runs/yin_latest_vgg_20260927/single_noise/r21vgg2k_vgg16_bn_aa5_s42/faces_rfwWM64/houses_yin64/results.csv,IU
bin5,VGG2k / bin5,r21vgg2k_vgg16_bn_aa5_s42,face_transfer,124,single_uu,RFW WM64,Houses,0.37,,50,within_sampled_range,IU,129,62.5,runs/yin_latest_vgg_20260927/single_noise/r21vgg2k_vgg16_bn_aa5_s42/faces_rfwWM64/houses_yin64/results.csv,IU
bin5,VGG2k / bin5,r21vgg2k_vgg16_bn_aa5_s42,face_transfer,124,single_uu,RFW WM64,Houses,0.37,,50,within_sampled_range,IU,130,70.83333333333334,runs/yin_latest_vgg_20260927/single_noise/r21vgg2k_vgg16_bn_aa5_s42/faces_rfwWM64/houses_yin64/results.csv,IU
bin5,VGG2k / bin5,r21vgg2k_vgg16_bn_aa5_s42,face_transfer,124,single_uu,RFW WM64,Houses,0.37,,50,within_sampled_range,IU,131,70.83333333333334,runs/yin_latest_vgg_20260927/single_noise/r21vgg2k_vgg16_bn_aa5_s42/faces_rfwWM64/houses_yin64/results.csv,IU
bin5,VGG2k / bin5,r21vgg2k_vgg16_bn_aa5_s42,face_transfer,124,single_uu,RFW WM64,Houses,0.37,,50,within_sampled_range,IU,132,62.5,runs/yin_latest_vgg_20260927/single_noise/r21vgg2k_vgg16_bn_aa5_s42/faces_rfwWM64/houses_yin64/results.csv,IU
bin5,VGG2k / bin5,r21vgg2k_vgg16_bn_aa5_s42,face_transfer,124,single_uu,RFW WM64,Houses,0.37,,50,within_sampled_range,IU,133,66.66666666666666,runs/yin_latest_vgg_20260927/single_noise/r21vgg2k_vgg16_bn_aa5_s42/faces_rfwWM64/houses_yin64/results.csv,IU
bin5,VGG2k / bin5,r21vgg2k_vgg16_bn_aa5_s42,face_transfer,124,single_uu,RFW WM64,Houses,0.37,,50,within_sampled_range,IU,134,83.33333333333334,runs/yin_latest_vgg_20260927/single_noise/r21vgg2k_vgg16_bn_aa5_s42/faces_rfwWM64/houses_yin64/results.csv,IU
bin5,VGG2k / bin5,r21vgg2k_vgg16_bn_aa5_s42,face_transfer,124,single_uu,RFW WM64,Houses,0.37,,50,within_sampled_range,IU,135,62.5,runs/yin_latest_vgg_20260927/single_noise/r21vgg2k_vgg16_bn_aa5_s42/faces_rfwWM64/houses_yin64/results.csv,IU
bin5,VGG2k / bin5,r21vgg2k_vgg16_bn_aa5_s42,face_transfer,124,single_uu,RFW WM64,Houses,0.37,,50,within_sampled_range,IU,136,58.333333333333336,runs/yin_latest_vgg_20260927/single_noise/r21vgg2k_vgg16_bn_aa5_s42/faces_rfwWM64/houses_yin64/results.csv,IU
bin5,VGG2k / bin5,r21vgg2k_vgg16_bn_aa5_s42,face_transfer,124,single_uu,RFW WM64,Houses,0.37,,50,within_sampled_range,IU,137,70.83333333333334,runs/yin_latest_vgg_20260927/single_noise/r21vgg2k_vgg16_bn_aa5_s42/faces_rfwWM64/houses_yin64/results.csv,IU
bin5,VGG2k / bin5,r21vgg2k_vgg16_bn_aa5_s42,face_transfer,124,single_uu,RFW WM64,Houses,0.37,,50,within_sampled_range,IU,138,66.66666666666666,runs/yin_latest_vgg_20260927/single_noise/r21vgg2k_vgg16_bn_aa5_s42/faces_rfwWM64/houses_yin64/results.csv,IU
bin5,VGG2k / bin5,r21vgg2k_vgg16_bn_aa5_s42,face_transfer,124,single_uu,RFW WM64,Houses,0.37,,50,within_sampled_range,IU,139,70.83333333333334,runs/yin_latest_vgg_20260927/single_noise/r21vgg2k_vgg16_bn_aa5_s42/faces_rfwWM64/houses_yin64/results.csv,IU
bin5,VGG2k / bin5,r21vgg2k_vgg16_bn_aa5_s42,face_transfer,124,single_uu,RFW WM64,Houses,0.37,,50,within_sampled_range,IU,140,70.83333333333334,runs/yin_latest_vgg_20260927/single_noise/r21vgg2k_vgg16_bn_aa5_s42/faces_rfwWM64/houses_yin64/results.csv,IU
bin5,VGG2k / bin5,r21vgg2k_vgg16_bn_aa5_s42,face_transfer,124,single_uu,RFW WM64,Houses,0.37,,50,within_sampled_range,IU,141,75.0,runs/yin_latest_vgg_20260927/single_noise/r21vgg2k_vgg16_bn_aa5_s42/faces_rfwWM64/houses_yin64/results.csv,IU
bin5,VGG2k / bin5,r21vgg2k_vgg16_bn_aa5_s42,face_transfer,124,single_uu,RFW WM64,Houses,0.37,,50,within_sampled_range,IU,142,70.83333333333334,runs/yin_latest_vgg_20260927/single_noise/r21vgg2k_vgg16_bn_aa5_s42/faces_rfwWM64/houses_yin64/results.csv,IU
bin5,VGG2k / bin5,r21vgg2k_vgg16_bn_aa5_s42,face_transfer,124,single_uu,RFW WM64,Houses,0.37,,50,within_sampled_range,IU,143,79.16666666666666,runs/yin_latest_vgg_20260927/single_noise/r21vgg2k_vgg16_bn_aa5_s42/faces_rfwWM64/houses_yin64/results.csv,IU
bin5,VGG2k / bin5,r21vgg2k_vgg16_bn_aa5_s42,face_transfer,124,single_uu,RFW WM64,Houses,0.37,,50,within_sampled_range,IU,144,79.16666666666666,runs/yin_latest_vgg_20260927/single_noise/r21vgg2k_vgg16_bn_aa5_s42/faces_rfwWM64/houses_yin64/results.csv,IU
bin5,VGG2k / bin5,r21vgg2k_vgg16_bn_aa5_s42,face_transfer,124,single_uu,RFW WM64,Houses,0.37,,50,within_sampled_range,IU,145,70.83333333333334,runs/yin_latest_vgg_20260927/single_noise/r21vgg2k_vgg16_bn_aa5_s42/faces_rfwWM64/houses_yin64/results.csv,IU
bin5,VGG2k / bin5,r21vgg2k_vgg16_bn_aa5_s42,face_transfer,124,single_uu,RFW WM64,Houses,0.37,,50,within_sampled_range,IU,146,58.333333333333336,runs/yin_latest_vgg_20260927/single_noise/r21vgg2k_vgg16_bn_aa5_s42/faces_rfwWM64/houses_yin64/results.csv,IU
bin5,VGG2k / bin5,r21vgg2k_vgg16_bn_aa5_s42,face_transfer,124,single_uu,RFW WM64,Houses,0.37,,50,within_sampled_range,IU,147,70.83333333333334,runs/yin_latest_vgg_20260927/single_noise/r21vgg2k_vgg16_bn_aa5_s42/faces_rfwWM64/houses_yin64/results.csv,IU
bin5,VGG2k / bin5,r21vgg2k_vgg16_bn_aa5_s42,face_transfer,124,single_uu,RFW WM64,Houses,0.37,,50,within_sampled_range,IU,148,70.83333333333334,runs/yin_latest_vgg_20260927/single_noise/r21vgg2k_vgg16_bn_aa5_s42/faces_rfwWM64/houses_yin64/results.csv,IU
bin5,VGG2k / bin5,r21vgg2k_vgg16_bn_aa5_s42,face_transfer,124,single_uu,RFW WM64,Houses,0.37,,50,within_sampled_range,IU,149,75.0,runs/yin_latest_vgg_20260927/single_noise/r21vgg2k_vgg16_bn_aa5_s42/faces_rfwWM64/houses_yin64/results.csv,IU
bin5,VGG2k / bin5,r21vgg2k_vgg16_bn_aa5_s42,face_transfer,124,single_uu,RFW WM64,Houses,0.37,,50,within_sampled_range,IU,150,66.66666666666666,runs/yin_latest_vgg_20260927/single_noise/r21vgg2k_vgg16_bn_aa5_s42/faces_rfwWM64/houses_yin64/results.csv,IU
bin5,VGG2k / bin5,r21vgg2k_vgg16_bn_aa5_s42,face_transfer,124,two_cross,RFW WM64,Houses,0.37,0.39,50,within_sampled_range,UU,101,66.66666666666666,runs/yin_latest_vgg_20260927/transfer/results/r21vgg2k_vgg16_bn_aa5_s42/faces_rfwWM64/houses_yin64/results.csv,UU
bin5,VGG2k / bin5,r21vgg2k_vgg16_bn_aa5_s42,face_transfer,124,two_cross,RFW WM64,Houses,0.37,0.39,50,within_sampled_range,UU,102,70.83333333333334,runs/yin_latest_vgg_20260927/transfer/results/r21vgg2k_vgg16_bn_aa5_s42/faces_rfwWM64/houses_yin64/results.csv,UU
bin5,VGG2k / bin5,r21vgg2k_vgg16_bn_aa5_s42,face_transfer,124,two_cross,RFW WM64,Houses,0.37,0.39,50,within_sampled_range,UU,103,66.66666666666666,runs/yin_latest_vgg_20260927/transfer/results/r21vgg2k_vgg16_bn_aa5_s42/faces_rfwWM64/houses_yin64/results.csv,UU
bin5,VGG2k / bin5,r21vgg2k_vgg16_bn_aa5_s42,face_transfer,124,two_cross,RFW WM64,Houses,0.37,0.39,50,within_sampled_range,UU,104,75.0,runs/yin_latest_vgg_20260927/transfer/results/r21vgg2k_vgg16_bn_aa5_s42/faces_rfwWM64/houses_yin64/results.csv,UU
bin5,VGG2k / bin5,r21vgg2k_vgg16_bn_aa5_s42,face_transfer,124,two_cross,RFW WM64,Houses,0.37,0.39,50,within_sampled_range,UU,105,62.5,runs/yin_latest_vgg_20260927/transfer/results/r21vgg2k_vgg16_bn_aa5_s42/faces_rfwWM64/houses_yin64/results.csv,UU
bin5,VGG2k / bin5,r21vgg2k_vgg16_bn_aa5_s42,face_transfer,124,two_cross,RFW WM64,Houses,0.37,0.39,50,within_sampled_range,UU,106,75.0,runs/yin_latest_vgg_20260927/transfer/results/r21vgg2k_vgg16_bn_aa5_s42/faces_rfwWM64/houses_yin64/results.csv,UU
bin5,VGG2k / bin5,r21vgg2k_vgg16_bn_aa5_s42,face_transfer,124,two_cross,RFW WM64,Houses,0.37,0.39,50,within_sampled_range,UU,107,66.66666666666666,runs/yin_latest_vgg_20260927/transfer/results/r21vgg2k_vgg16_bn_aa5_s42/faces_rfwWM64/houses_yin64/results.csv,UU
bin5,VGG2k / bin5,r21vgg2k_vgg16_bn_aa5_s42,face_transfer,124,two_cross,RFW WM64,Houses,0.37,0.39,50,within_sampled_range,UU,108,70.83333333333334,runs/yin_latest_vgg_20260927/transfer/results/r21vgg2k_vgg16_bn_aa5_s42/faces_rfwWM64/houses_yin64/results.csv,UU
bin5,VGG2k / bin5,r21vgg2k_vgg16_bn_aa5_s42,face_transfer,124,two_cross,RFW WM64,Houses,0.37,0.39,50,within_sampled_range,UU,109,62.5,runs/yin_latest_vgg_20260927/transfer/results/r21vgg2k_vgg16_bn_aa5_s42/faces_rfwWM64/houses_yin64/results.csv,UU
bin5,VGG2k / bin5,r21vgg2k_vgg16_bn_aa5_s42,face_transfer,124,two_cross,RFW WM64,Houses,0.37,0.39,50,within_sampled_range,UU,110,58.333333333333336,runs/yin_latest_vgg_20260927/transfer/results/r21vgg2k_vgg16_bn_aa5_s42/faces_rfwWM64/houses_yin64/results.csv,UU
bin5,VGG2k / bin5,r21vgg2k_vgg16_bn_aa5_s42,face_transfer,124,two_cross,RFW WM64,Houses,0.37,0.39,50,within_sampled_range,UU,111,75.0,runs/yin_latest_vgg_20260927/transfer/results/r21vgg2k_vgg16_bn_aa5_s42/faces_rfwWM64/houses_yin64/results.csv,UU
bin5,VGG2k / bin5,r21vgg2k_vgg16_bn_aa5_s42,face_transfer,124,two_cross,RFW WM64,Houses,0.37,0.39,50,within_sampled_range,UU,112,58.333333333333336,runs/yin_latest_vgg_20260927/transfer/results/r21vgg2k_vgg16_bn_aa5_s42/faces_rfwWM64/houses_yin64/results.csv,UU
bin5,VGG2k / bin5,r21vgg2k_vgg16_bn_aa5_s42,face_transfer,124,two_cross,RFW WM64,Houses,0.37,0.39,50,within_sampled_range,UU,113,75.0,runs/yin_latest_vgg_20260927/transfer/results/r21vgg2k_vgg16_bn_aa5_s42/faces_rfwWM64/houses_yin64/results.csv,UU
bin5,VGG2k / bin5,r21vgg2k_vgg16_bn_aa5_s42,face_transfer,124,two_cross,RFW WM64,Houses,0.37,0.39,50,within_sampled_range,UU,114,75.0,runs/yin_latest_vgg_20260927/transfer/results/r21vgg2k_vgg16_bn_aa5_s42/faces_rfwWM64/houses_yin64/results.csv,UU
bin5,VGG2k / bin5,r21vgg2k_vgg16_bn_aa5_s42,face_transfer,124,two_cross,RFW WM64,Houses,0.37,0.39,50,within_sampled_range,UU,115,62.5,runs/yin_latest_vgg_20260927/transfer/results/r21vgg2k_vgg16_bn_aa5_s42/faces_rfwWM64/houses_yin64/results.csv,UU
bin5,VGG2k / bin5,r21vgg2k_vgg16_bn_aa5_s42,face_transfer,124,two_cross,RFW WM64,Houses,0.37,0.39,50,within_sampled_range,UU,116,75.0,runs/yin_latest_vgg_20260927/transfer/results/r21vgg2k_vgg16_bn_aa5_s42/faces_rfwWM64/houses_yin64/results.csv,UU
bin5,VGG2k / bin5,r21vgg2k_vgg16_bn_aa5_s42,face_transfer,124,two_cross,RFW WM64,Houses,0.37,0.39,50,within_sampled_range,UU,117,79.16666666666666,runs/yin_latest_vgg_20260927/transfer/results/r21vgg2k_vgg16_bn_aa5_s42/faces_rfwWM64/houses_yin64/results.csv,UU
bin5,VGG2k / bin5,r21vgg2k_vgg16_bn_aa5_s42,face_transfer,124,two_cross,RFW WM64,Houses,0.37,0.39,50,within_sampled_range,UU,118,62.5,runs/yin_latest_vgg_20260927/transfer/results/r21vgg2k_vgg16_bn_aa5_s42/faces_rfwWM64/houses_yin64/results.csv,UU
bin5,VGG2k / bin5,r21vgg2k_vgg16_bn_aa5_s42,face_transfer,124,two_cross,RFW WM64,Houses,0.37,0.39,50,within_sampled_range,UU,119,66.66666666666666,runs/yin_latest_vgg_20260927/transfer/results/r21vgg2k_vgg16_bn_aa5_s42/faces_rfwWM64/houses_yin64/results.csv,UU
bin5,VGG2k / bin5,r21vgg2k_vgg16_bn_aa5_s42,face_transfer,124,two_cross,RFW WM64,Houses,0.37,0.39,50,within_sampled_range,UU,120,79.16666666666666,runs/yin_latest_vgg_20260927/transfer/results/r21vgg2k_vgg16_bn_aa5_s42/faces_rfwWM64/houses_yin64/results.csv,UU
bin5,VGG2k / bin5,r21vgg2k_vgg16_bn_aa5_s42,face_transfer,124,two_cross,RFW WM64,Houses,0.37,0.39,50,within_sampled_range,UU,121,66.66666666666666,runs/yin_latest_vgg_20260927/transfer/results/r21vgg2k_vgg16_bn_aa5_s42/faces_rfwWM64/houses_yin64/results.csv,UU
bin5,VGG2k / bin5,r21vgg2k_vgg16_bn_aa5_s42,face_transfer,124,two_cross,RFW WM64,Houses,0.37,0.39,50,within_sampled_range,UU,122,66.66666666666666,runs/yin_latest_vgg_20260927/transfer/results/r21vgg2k_vgg16_bn_aa5_s42/faces_rfwWM64/houses_yin64/results.csv,UU
bin5,VGG2k / bin5,r21vgg2k_vgg16_bn_aa5_s42,face_transfer,124,two_cross,RFW WM64,Houses,0.37,0.39,50,within_sampled_range,UU,123,58.333333333333336,runs/yin_latest_vgg_20260927/transfer/results/r21vgg2k_vgg16_bn_aa5_s42/faces_rfwWM64/houses_yin64/results.csv,UU
bin5,VGG2k / bin5,r21vgg2k_vgg16_bn_aa5_s42,face_transfer,124,two_cross,RFW WM64,Houses,0.37,0.39,50,within_sampled_range,UU,124,70.83333333333334,runs/yin_latest_vgg_20260927/transfer/results/r21vgg2k_vgg16_bn_aa5_s42/faces_rfwWM64/houses_yin64/results.csv,UU
bin5,VGG2k / bin5,r21vgg2k_vgg16_bn_aa5_s42,face_transfer,124,two_cross,RFW WM64,Houses,0.37,0.39,50,within_sampled_range,UU,125,50.0,runs/yin_latest_vgg_20260927/transfer/results/r21vgg2k_vgg16_bn_aa5_s42/faces_rfwWM64/houses_yin64/results.csv,UU
bin5,VGG2k / bin5,r21vgg2k_vgg16_bn_aa5_s42,face_transfer,124,two_cross,RFW WM64,Houses,0.37,0.39,50,within_sampled_range,UU,126,62.5,runs/yin_latest_vgg_20260927/transfer/results/r21vgg2k_vgg16_bn_aa5_s42/faces_rfwWM64/houses_yin64/results.csv,UU
bin5,VGG2k / bin5,r21vgg2k_vgg16_bn_aa5_s42,face_transfer,124,two_cross,RFW WM64,Houses,0.37,0.39,50,within_sampled_range,UU,127,62.5,runs/yin_latest_vgg_20260927/transfer/results/r21vgg2k_vgg16_bn_aa5_s42/faces_rfwWM64/houses_yin64/results.csv,UU
bin5,VGG2k / bin5,r21vgg2k_vgg16_bn_aa5_s42,face_transfer,124,two_cross,RFW WM64,Houses,0.37,0.39,50,within_sampled_range,UU,128,70.83333333333334,runs/yin_latest_vgg_20260927/transfer/results/r21vgg2k_vgg16_bn_aa5_s42/faces_rfwWM64/houses_yin64/results.csv,UU
bin5,VGG2k / bin5,r21vgg2k_vgg16_bn_aa5_s42,face_transfer,124,two_cross,RFW WM64,Houses,0.37,0.39,50,within_sampled_range,UU,129,66.66666666666666,runs/yin_latest_vgg_20260927/transfer/results/r21vgg2k_vgg16_bn_aa5_s42/faces_rfwWM64/houses_yin64/results.csv,UU
bin5,VGG2k / bin5,r21vgg2k_vgg16_bn_aa5_s42,face_transfer,124,two_cross,RFW WM64,Houses,0.37,0.39,50,within_sampled_range,UU,130,66.66666666666666,runs/yin_latest_vgg_20260927/transfer/results/r21vgg2k_vgg16_bn_aa5_s42/faces_rfwWM64/houses_yin64/results.csv,UU
bin5,VGG2k / bin5,r21vgg2k_vgg16_bn_aa5_s42,face_transfer,124,two_cross,RFW WM64,Houses,0.37,0.39,50,within_sampled_range,UU,131,58.333333333333336,runs/yin_latest_vgg_20260927/transfer/results/r21vgg2k_vgg16_bn_aa5_s42/faces_rfwWM64/houses_yin64/results.csv,UU
bin5,VGG2k / bin5,r21vgg2k_vgg16_bn_aa5_s42,face_transfer,124,two_cross,RFW WM64,Houses,0.37,0.39,50,within_sampled_range,UU,132,79.16666666666666,runs/yin_latest_vgg_20260927/transfer/results/r21vgg2k_vgg16_bn_aa5_s42/faces_rfwWM64/houses_yin64/results.csv,UU
bin5,VGG2k / bin5,r21vgg2k_vgg16_bn_aa5_s42,face_transfer,124,two_cross,RFW WM64,Houses,0.37,0.39,50,within_sampled_range,UU,133,41.66666666666667,runs/yin_latest_vgg_20260927/transfer/results/r21vgg2k_vgg16_bn_aa5_s42/faces_rfwWM64/houses_yin64/results.csv,UU
bin5,VGG2k / bin5,r21vgg2k_vgg16_bn_aa5_s42,face_transfer,124,two_cross,RFW WM64,Houses,0.37,0.39,50,within_sampled_range,UU,134,75.0,runs/yin_latest_vgg_20260927/transfer/results/r21vgg2k_vgg16_bn_aa5_s42/faces_rfwWM64/houses_yin64/results.csv,UU
bin5,VGG2k / bin5,r21vgg2k_vgg16_bn_aa5_s42,face_transfer,124,two_cross,RFW WM64,Houses,0.37,0.39,50,within_sampled_range,UU,135,66.66666666666666,runs/yin_latest_vgg_20260927/transfer/results/r21vgg2k_vgg16_bn_aa5_s42/faces_rfwWM64/houses_yin64/results.csv,UU
bin5,VGG2k / bin5,r21vgg2k_vgg16_bn_aa5_s42,face_transfer,124,two_cross,RFW WM64,Houses,0.37,0.39,50,within_sampled_range,UU,136,79.16666666666666,runs/yin_latest_vgg_20260927/transfer/results/r21vgg2k_vgg16_bn_aa5_s42/faces_rfwWM64/houses_yin64/results.csv,UU
bin5,VGG2k / bin5,r21vgg2k_vgg16_bn_aa5_s42,face_transfer,124,two_cross,RFW WM64,Houses,0.37,0.39,50,within_sampled_range,UU,137,83.33333333333334,runs/yin_latest_vgg_20260927/transfer/results/r21vgg2k_vgg16_bn_aa5_s42/faces_rfwWM64/houses_yin64/results.csv,UU
bin5,VGG2k / bin5,r21vgg2k_vgg16_bn_aa5_s42,face_transfer,124,two_cross,RFW WM64,Houses,0.37,0.39,50,within_sampled_range,UU,138,58.333333333333336,runs/yin_latest_vgg_20260927/transfer/results/r21vgg2k_vgg16_bn_aa5_s42/faces_rfwWM64/houses_yin64/results.csv,UU
bin5,VGG2k / bin5,r21vgg2k_vgg16_bn_aa5_s42,face_transfer,124,two_cross,RFW WM64,Houses,0.37,0.39,50,within_sampled_range,UU,139,75.0,runs/yin_latest_vgg_20260927/transfer/results/r21vgg2k_vgg16_bn_aa5_s42/faces_rfwWM64/houses_yin64/results.csv,UU
bin5,VGG2k / bin5,r21vgg2k_vgg16_bn_aa5_s42,face_transfer,124,two_cross,RFW WM64,Houses,0.37,0.39,50,within_sampled_range,UU,140,62.5,runs/yin_latest_vgg_20260927/transfer/results/r21vgg2k_vgg16_bn_aa5_s42/faces_rfwWM64/houses_yin64/results.csv,UU
bin5,VGG2k / bin5,r21vgg2k_vgg16_bn_aa5_s42,face_transfer,124,two_cross,RFW WM64,Houses,0.37,0.39,50,within_sampled_range,UU,141,66.66666666666666,runs/yin_latest_vgg_20260927/transfer/results/r21vgg2k_vgg16_bn_aa5_s42/faces_rfwWM64/houses_yin64/results.csv,UU
bin5,VGG2k / bin5,r21vgg2k_vgg16_bn_aa5_s42,face_transfer,124,two_cross,RFW WM64,Houses,0.37,0.39,50,within_sampled_range,UU,142,75.0,runs/yin_latest_vgg_20260927/transfer/results/r21vgg2k_vgg16_bn_aa5_s42/faces_rfwWM64/houses_yin64/results.csv,UU
bin5,VGG2k / bin5,r21vgg2k_vgg16_bn_aa5_s42,face_transfer,124,two_cross,RFW WM64,Houses,0.37,0.39,50,within_sampled_range,UU,143,83.33333333333334,runs/yin_latest_vgg_20260927/transfer/results/r21vgg2k_vgg16_bn_aa5_s42/faces_rfwWM64/houses_yin64/results.csv,UU
bin5,VGG2k / bin5,r21vgg2k_vgg16_bn_aa5_s42,face_transfer,124,two_cross,RFW WM64,Houses,0.37,0.39,50,within_sampled_range,UU,144,66.66666666666666,runs/yin_latest_vgg_20260927/transfer/results/r21vgg2k_vgg16_bn_aa5_s42/faces_rfwWM64/houses_yin64/results.csv,UU
bin5,VGG2k / bin5,r21vgg2k_vgg16_bn_aa5_s42,face_transfer,124,two_cross,RFW WM64,Houses,0.37,0.39,50,within_sampled_range,UU,145,75.0,runs/yin_latest_vgg_20260927/transfer/results/r21vgg2k_vgg16_bn_aa5_s42/faces_rfwWM64/houses_yin64/results.csv,UU
bin5,VGG2k / bin5,r21vgg2k_vgg16_bn_aa5_s42,face_transfer,124,two_cross,RFW WM64,Houses,0.37,0.39,50,within_sampled_range,UU,146,75.0,runs/yin_latest_vgg_20260927/transfer/results/r21vgg2k_vgg16_bn_aa5_s42/faces_rfwWM64/houses_yin64/results.csv,UU
bin5,VGG2k / bin5,r21vgg2k_vgg16_bn_aa5_s42,face_transfer,124,two_cross,RFW WM64,Houses,0.37,0.39,50,within_sampled_range,UU,147,70.83333333333334,runs/yin_latest_vgg_20260927/transfer/results/r21vgg2k_vgg16_bn_aa5_s42/faces_rfwWM64/houses_yin64/results.csv,UU
bin5,VGG2k / bin5,r21vgg2k_vgg16_bn_aa5_s42,face_transfer,124,two_cross,RFW WM64,Houses,0.37,0.39,50,within_sampled_range,UU,148,83.33333333333334,runs/yin_latest_vgg_20260927/transfer/results/r21vgg2k_vgg16_bn_aa5_s42/faces_rfwWM64/houses_yin64/results.csv,UU
bin5,VGG2k / bin5,r21vgg2k_vgg16_bn_aa5_s42,face_transfer,124,two_cross,RFW WM64,Houses,0.37,0.39,50,within_sampled_range,UU,149,54.166666666666664,runs/yin_latest_vgg_20260927/transfer/results/r21vgg2k_vgg16_bn_aa5_s42/faces_rfwWM64/houses_yin64/results.csv,UU
bin5,VGG2k / bin5,r21vgg2k_vgg16_bn_aa5_s42,face_transfer,124,two_cross,RFW WM64,Houses,0.37,0.39,50,within_sampled_range,UU,150,75.0,runs/yin_latest_vgg_20260927/transfer/results/r21vgg2k_vgg16_bn_aa5_s42/faces_rfwWM64/houses_yin64/results.csv,UU
bin5,VGG2k / bin5,r21vgg2k_vgg16_bn_aa5_s42,face_transfer,124,two_cross,RFW WM64,Houses,0.37,0.39,50,within_sampled_range,II,101,66.66666666666666,runs/yin_latest_vgg_20260927/transfer/results/r21vgg2k_vgg16_bn_aa5_s42/faces_rfwWM64/houses_yin64/results.csv,II
bin5,VGG2k / bin5,r21vgg2k_vgg16_bn_aa5_s42,face_transfer,124,two_cross,RFW WM64,Houses,0.37,0.39,50,within_sampled_range,II,102,75.0,runs/yin_latest_vgg_20260927/transfer/results/r21vgg2k_vgg16_bn_aa5_s42/faces_rfwWM64/houses_yin64/results.csv,II
bin5,VGG2k / bin5,r21vgg2k_vgg16_bn_aa5_s42,face_transfer,124,two_cross,RFW WM64,Houses,0.37,0.39,50,within_sampled_range,II,103,62.5,runs/yin_latest_vgg_20260927/transfer/results/r21vgg2k_vgg16_bn_aa5_s42/faces_rfwWM64/houses_yin64/results.csv,II
bin5,VGG2k / bin5,r21vgg2k_vgg16_bn_aa5_s42,face_transfer,124,two_cross,RFW WM64,Houses,0.37,0.39,50,within_sampled_range,II,104,58.333333333333336,runs/yin_latest_vgg_20260927/transfer/results/r21vgg2k_vgg16_bn_aa5_s42/faces_rfwWM64/houses_yin64/results.csv,II
bin5,VGG2k / bin5,r21vgg2k_vgg16_bn_aa5_s42,face_transfer,124,two_cross,RFW WM64,Houses,0.37,0.39,50,within_sampled_range,II,105,70.83333333333334,runs/yin_latest_vgg_20260927/transfer/results/r21vgg2k_vgg16_bn_aa5_s42/faces_rfwWM64/houses_yin64/results.csv,II
bin5,VGG2k / bin5,r21vgg2k_vgg16_bn_aa5_s42,face_transfer,124,two_cross,RFW WM64,Houses,0.37,0.39,50,within_sampled_range,II,106,83.33333333333334,runs/yin_latest_vgg_20260927/transfer/results/r21vgg2k_vgg16_bn_aa5_s42/faces_rfwWM64/houses_yin64/results.csv,II
bin5,VGG2k / bin5,r21vgg2k_vgg16_bn_aa5_s42,face_transfer,124,two_cross,RFW WM64,Houses,0.37,0.39,50,within_sampled_range,II,107,66.66666666666666,runs/yin_latest_vgg_20260927/transfer/results/r21vgg2k_vgg16_bn_aa5_s42/faces_rfwWM64/houses_yin64/results.csv,II
bin5,VGG2k / bin5,r21vgg2k_vgg16_bn_aa5_s42,face_transfer,124,two_cross,RFW WM64,Houses,0.37,0.39,50,within_sampled_range,II,108,54.166666666666664,runs/yin_latest_vgg_20260927/transfer/results/r21vgg2k_vgg16_bn_aa5_s42/faces_rfwWM64/houses_yin64/results.csv,II
bin5,VGG2k / bin5,r21vgg2k_vgg16_bn_aa5_s42,face_transfer,124,two_cross,RFW WM64,Houses,0.37,0.39,50,within_sampled_range,II,109,66.66666666666666,runs/yin_latest_vgg_20260927/transfer/results/r21vgg2k_vgg16_bn_aa5_s42/faces_rfwWM64/houses_yin64/results.csv,II
bin5,VGG2k / bin5,r21vgg2k_vgg16_bn_aa5_s42,face_transfer,124,two_cross,RFW WM64,Houses,0.37,0.39,50,within_sampled_range,II,110,75.0,runs/yin_latest_vgg_20260927/transfer/results/r21vgg2k_vgg16_bn_aa5_s42/faces_rfwWM64/houses_yin64/results.csv,II
bin5,VGG2k / bin5,r21vgg2k_vgg16_bn_aa5_s42,face_transfer,124,two_cross,RFW WM64,Houses,0.37,0.39,50,within_sampled_range,II,111,58.333333333333336,runs/yin_latest_vgg_20260927/transfer/results/r21vgg2k_vgg16_bn_aa5_s42/faces_rfwWM64/houses_yin64/results.csv,II
bin5,VGG2k / bin5,r21vgg2k_vgg16_bn_aa5_s42,face_transfer,124,two_cross,RFW WM64,Houses,0.37,0.39,50,within_sampled_range,II,112,83.33333333333334,runs/yin_latest_vgg_20260927/transfer/results/r21vgg2k_vgg16_bn_aa5_s42/faces_rfwWM64/houses_yin64/results.csv,II
bin5,VGG2k / bin5,r21vgg2k_vgg16_bn_aa5_s42,face_transfer,124,two_cross,RFW WM64,Houses,0.37,0.39,50,within_sampled_range,II,113,45.83333333333333,runs/yin_latest_vgg_20260927/transfer/results/r21vgg2k_vgg16_bn_aa5_s42/faces_rfwWM64/houses_yin64/results.csv,II
bin5,VGG2k / bin5,r21vgg2k_vgg16_bn_aa5_s42,face_transfer,124,two_cross,RFW WM64,Houses,0.37,0.39,50,within_sampled_range,II,114,66.66666666666666,runs/yin_latest_vgg_20260927/transfer/results/r21vgg2k_vgg16_bn_aa5_s42/faces_rfwWM64/houses_yin64/results.csv,II
bin5,VGG2k / bin5,r21vgg2k_vgg16_bn_aa5_s42,face_transfer,124,two_cross,RFW WM64,Houses,0.37,0.39,50,within_sampled_range,II,115,66.66666666666666,runs/yin_latest_vgg_20260927/transfer/results/r21vgg2k_vgg16_bn_aa5_s42/faces_rfwWM64/houses_yin64/results.csv,II
bin5,VGG2k / bin5,r21vgg2k_vgg16_bn_aa5_s42,face_transfer,124,two_cross,RFW WM64,Houses,0.37,0.39,50,within_sampled_range,II,116,62.5,runs/yin_latest_vgg_20260927/transfer/results/r21vgg2k_vgg16_bn_aa5_s42/faces_rfwWM64/houses_yin64/results.csv,II
bin5,VGG2k / bin5,r21vgg2k_vgg16_bn_aa5_s42,face_transfer,124,two_cross,RFW WM64,Houses,0.37,0.39,50,within_sampled_range,II,117,66.66666666666666,runs/yin_latest_vgg_20260927/transfer/results/r21vgg2k_vgg16_bn_aa5_s42/faces_rfwWM64/houses_yin64/results.csv,II
bin5,VGG2k / bin5,r21vgg2k_vgg16_bn_aa5_s42,face_transfer,124,two_cross,RFW WM64,Houses,0.37,0.39,50,within_sampled_range,II,118,75.0,runs/yin_latest_vgg_20260927/transfer/results/r21vgg2k_vgg16_bn_aa5_s42/faces_rfwWM64/houses_yin64/results.csv,II
bin5,VGG2k / bin5,r21vgg2k_vgg16_bn_aa5_s42,face_transfer,124,two_cross,RFW WM64,Houses,0.37,0.39,50,within_sampled_range,II,119,62.5,runs/yin_latest_vgg_20260927/transfer/results/r21vgg2k_vgg16_bn_aa5_s42/faces_rfwWM64/houses_yin64/results.csv,II
bin5,VGG2k / bin5,r21vgg2k_vgg16_bn_aa5_s42,face_transfer,124,two_cross,RFW WM64,Houses,0.37,0.39,50,within_sampled_range,II,120,66.66666666666666,runs/yin_latest_vgg_20260927/transfer/results/r21vgg2k_vgg16_bn_aa5_s42/faces_rfwWM64/houses_yin64/results.csv,II
bin5,VGG2k / bin5,r21vgg2k_vgg16_bn_aa5_s42,face_transfer,124,two_cross,RFW WM64,Houses,0.37,0.39,50,within_sampled_range,II,121,58.333333333333336,runs/yin_latest_vgg_20260927/transfer/results/r21vgg2k_vgg16_bn_aa5_s42/faces_rfwWM64/houses_yin64/results.csv,II
bin5,VGG2k / bin5,r21vgg2k_vgg16_bn_aa5_s42,face_transfer,124,two_cross,RFW WM64,Houses,0.37,0.39,50,within_sampled_range,II,122,62.5,runs/yin_latest_vgg_20260927/transfer/results/r21vgg2k_vgg16_bn_aa5_s42/faces_rfwWM64/houses_yin64/results.csv,II
bin5,VGG2k / bin5,r21vgg2k_vgg16_bn_aa5_s42,face_transfer,124,two_cross,RFW WM64,Houses,0.37,0.39,50,within_sampled_range,II,123,75.0,runs/yin_latest_vgg_20260927/transfer/results/r21vgg2k_vgg16_bn_aa5_s42/faces_rfwWM64/houses_yin64/results.csv,II
bin5,VGG2k / bin5,r21vgg2k_vgg16_bn_aa5_s42,face_transfer,124,two_cross,RFW WM64,Houses,0.37,0.39,50,within_sampled_range,II,124,54.166666666666664,runs/yin_latest_vgg_20260927/transfer/results/r21vgg2k_vgg16_bn_aa5_s42/faces_rfwWM64/houses_yin64/results.csv,II
bin5,VGG2k / bin5,r21vgg2k_vgg16_bn_aa5_s42,face_transfer,124,two_cross,RFW WM64,Houses,0.37,0.39,50,within_sampled_range,II,125,50.0,runs/yin_latest_vgg_20260927/transfer/results/r21vgg2k_vgg16_bn_aa5_s42/faces_rfwWM64/houses_yin64/results.csv,II
bin5,VGG2k / bin5,r21vgg2k_vgg16_bn_aa5_s42,face_transfer,124,two_cross,RFW WM64,Houses,0.37,0.39,50,within_sampled_range,II,126,66.66666666666666,runs/yin_latest_vgg_20260927/transfer/results/r21vgg2k_vgg16_bn_aa5_s42/faces_rfwWM64/houses_yin64/results.csv,II
bin5,VGG2k / bin5,r21vgg2k_vgg16_bn_aa5_s42,face_transfer,124,two_cross,RFW WM64,Houses,0.37,0.39,50,within_sampled_range,II,127,45.83333333333333,runs/yin_latest_vgg_20260927/transfer/results/r21vgg2k_vgg16_bn_aa5_s42/faces_rfwWM64/houses_yin64/results.csv,II
bin5,VGG2k / bin5,r21vgg2k_vgg16_bn_aa5_s42,face_transfer,124,two_cross,RFW WM64,Houses,0.37,0.39,50,within_sampled_range,II,128,58.333333333333336,runs/yin_latest_vgg_20260927/transfer/results/r21vgg2k_vgg16_bn_aa5_s42/faces_rfwWM64/houses_yin64/results.csv,II
bin5,VGG2k / bin5,r21vgg2k_vgg16_bn_aa5_s42,face_transfer,124,two_cross,RFW WM64,Houses,0.37,0.39,50,within_sampled_range,II,129,66.66666666666666,runs/yin_latest_vgg_20260927/transfer/results/r21vgg2k_vgg16_bn_aa5_s42/faces_rfwWM64/houses_yin64/results.csv,II
bin5,VGG2k / bin5,r21vgg2k_vgg16_bn_aa5_s42,face_transfer,124,two_cross,RFW WM64,Houses,0.37,0.39,50,within_sampled_range,II,130,75.0,runs/yin_latest_vgg_20260927/transfer/results/r21vgg2k_vgg16_bn_aa5_s42/faces_rfwWM64/houses_yin64/results.csv,II
bin5,VGG2k / bin5,r21vgg2k_vgg16_bn_aa5_s42,face_transfer,124,two_cross,RFW WM64,Houses,0.37,0.39,50,within_sampled_range,II,131,54.166666666666664,runs/yin_latest_vgg_20260927/transfer/results/r21vgg2k_vgg16_bn_aa5_s42/faces_rfwWM64/houses_yin64/results.csv,II
bin5,VGG2k / bin5,r21vgg2k_vgg16_bn_aa5_s42,face_transfer,124,two_cross,RFW WM64,Houses,0.37,0.39,50,within_sampled_range,II,132,95.83333333333334,runs/yin_latest_vgg_20260927/transfer/results/r21vgg2k_vgg16_bn_aa5_s42/faces_rfwWM64/houses_yin64/results.csv,II
bin5,VGG2k / bin5,r21vgg2k_vgg16_bn_aa5_s42,face_transfer,124,two_cross,RFW WM64,Houses,0.37,0.39,50,within_sampled_range,II,133,58.333333333333336,runs/yin_latest_vgg_20260927/transfer/results/r21vgg2k_vgg16_bn_aa5_s42/faces_rfwWM64/houses_yin64/results.csv,II
bin5,VGG2k / bin5,r21vgg2k_vgg16_bn_aa5_s42,face_transfer,124,two_cross,RFW WM64,Houses,0.37,0.39,50,within_sampled_range,II,134,66.66666666666666,runs/yin_latest_vgg_20260927/transfer/results/r21vgg2k_vgg16_bn_aa5_s42/faces_rfwWM64/houses_yin64/results.csv,II
bin5,VGG2k / bin5,r21vgg2k_vgg16_bn_aa5_s42,face_transfer,124,two_cross,RFW WM64,Houses,0.37,0.39,50,within_sampled_range,II,135,54.166666666666664,runs/yin_latest_vgg_20260927/transfer/results/r21vgg2k_vgg16_bn_aa5_s42/faces_rfwWM64/houses_yin64/results.csv,II
bin5,VGG2k / bin5,r21vgg2k_vgg16_bn_aa5_s42,face_transfer,124,two_cross,RFW WM64,Houses,0.37,0.39,50,within_sampled_range,II,136,50.0,runs/yin_latest_vgg_20260927/transfer/results/r21vgg2k_vgg16_bn_aa5_s42/faces_rfwWM64/houses_yin64/results.csv,II
bin5,VGG2k / bin5,r21vgg2k_vgg16_bn_aa5_s42,face_transfer,124,two_cross,RFW WM64,Houses,0.37,0.39,50,within_sampled_range,II,137,75.0,runs/yin_latest_vgg_20260927/transfer/results/r21vgg2k_vgg16_bn_aa5_s42/faces_rfwWM64/houses_yin64/results.csv,II
bin5,VGG2k / bin5,r21vgg2k_vgg16_bn_aa5_s42,face_transfer,124,two_cross,RFW WM64,Houses,0.37,0.39,50,within_sampled_range,II,138,75.0,runs/yin_latest_vgg_20260927/transfer/results/r21vgg2k_vgg16_bn_aa5_s42/faces_rfwWM64/houses_yin64/results.csv,II
bin5,VGG2k / bin5,r21vgg2k_vgg16_bn_aa5_s42,face_transfer,124,two_cross,RFW WM64,Houses,0.37,0.39,50,within_sampled_range,II,139,66.66666666666666,runs/yin_latest_vgg_20260927/transfer/results/r21vgg2k_vgg16_bn_aa5_s42/faces_rfwWM64/houses_yin64/results.csv,II
bin5,VGG2k / bin5,r21vgg2k_vgg16_bn_aa5_s42,face_transfer,124,two_cross,RFW WM64,Houses,0.37,0.39,50,within_sampled_range,II,140,66.66666666666666,runs/yin_latest_vgg_20260927/transfer/results/r21vgg2k_vgg16_bn_aa5_s42/faces_rfwWM64/houses_yin64/results.csv,II
bin5,VGG2k / bin5,r21vgg2k_vgg16_bn_aa5_s42,face_transfer,124,two_cross,RFW WM64,Houses,0.37,0.39,50,within_sampled_range,II,141,58.333333333333336,runs/yin_latest_vgg_20260927/transfer/results/r21vgg2k_vgg16_bn_aa5_s42/faces_rfwWM64/houses_yin64/results.csv,II
bin5,VGG2k / bin5,r21vgg2k_vgg16_bn_aa5_s42,face_transfer,124,two_cross,RFW WM64,Houses,0.37,0.39,50,within_sampled_range,II,142,62.5,runs/yin_latest_vgg_20260927/transfer/results/r21vgg2k_vgg16_bn_aa5_s42/faces_rfwWM64/houses_yin64/results.csv,II
bin5,VGG2k / bin5,r21vgg2k_vgg16_bn_aa5_s42,face_transfer,124,two_cross,RFW WM64,Houses,0.37,0.39,50,within_sampled_range,II,143,66.66666666666666,runs/yin_latest_vgg_20260927/transfer/results/r21vgg2k_vgg16_bn_aa5_s42/faces_rfwWM64/houses_yin64/results.csv,II
bin5,VGG2k / bin5,r21vgg2k_vgg16_bn_aa5_s42,face_transfer,124,two_cross,RFW WM64,Houses,0.37,0.39,50,within_sampled_range,II,144,70.83333333333334,runs/yin_latest_vgg_20260927/transfer/results/r21vgg2k_vgg16_bn_aa5_s42/faces_rfwWM64/houses_yin64/results.csv,II
bin5,VGG2k / bin5,r21vgg2k_vgg16_bn_aa5_s42,face_transfer,124,two_cross,RFW WM64,Houses,0.37,0.39,50,within_sampled_range,II,145,70.83333333333334,runs/yin_latest_vgg_20260927/transfer/results/r21vgg2k_vgg16_bn_aa5_s42/faces_rfwWM64/houses_yin64/results.csv,II
bin5,VGG2k / bin5,r21vgg2k_vgg16_bn_aa5_s42,face_transfer,124,two_cross,RFW WM64,Houses,0.37,0.39,50,within_sampled_range,II,146,75.0,runs/yin_latest_vgg_20260927/transfer/results/r21vgg2k_vgg16_bn_aa5_s42/faces_rfwWM64/houses_yin64/results.csv,II
bin5,VGG2k / bin5,r21vgg2k_vgg16_bn_aa5_s42,face_transfer,124,two_cross,RFW WM64,Houses,0.37,0.39,50,within_sampled_range,II,147,62.5,runs/yin_latest_vgg_20260927/transfer/results/r21vgg2k_vgg16_bn_aa5_s42/faces_rfwWM64/houses_yin64/results.csv,II
bin5,VGG2k / bin5,r21vgg2k_vgg16_bn_aa5_s42,face_transfer,124,two_cross,RFW WM64,Houses,0.37,0.39,50,within_sampled_range,II,148,79.16666666666666,runs/yin_latest_vgg_20260927/transfer/results/r21vgg2k_vgg16_bn_aa5_s42/faces_rfwWM64/houses_yin64/results.csv,II
bin5,VGG2k / bin5,r21vgg2k_vgg16_bn_aa5_s42,face_transfer,124,two_cross,RFW WM64,Houses,0.37,0.39,50,within_sampled_range,II,149,62.5,runs/yin_latest_vgg_20260927/transfer/results/r21vgg2k_vgg16_bn_aa5_s42/faces_rfwWM64/houses_yin64/results.csv,II
bin5,VGG2k / bin5,r21vgg2k_vgg16_bn_aa5_s42,face_transfer,124,two_cross,RFW WM64,Houses,0.37,0.39,50,within_sampled_range,II,150,66.66666666666666,runs/yin_latest_vgg_20260927/transfer/results/r21vgg2k_vgg16_bn_aa5_s42/faces_rfwWM64/houses_yin64/results.csv,II
bin5,VGG2k / bin5,r21vgg2k_vgg16_bn_aa5_s42,face_transfer,124,two_cross,RFW WM64,Houses,0.37,0.39,50,within_sampled_range,UI,101,75.0,runs/yin_latest_vgg_20260927/transfer/results/r21vgg2k_vgg16_bn_aa5_s42/faces_rfwWM64/houses_yin64/results.csv,UI_cross
bin5,VGG2k / bin5,r21vgg2k_vgg16_bn_aa5_s42,face_transfer,124,two_cross,RFW WM64,Houses,0.37,0.39,50,within_sampled_range,UI,102,83.33333333333334,runs/yin_latest_vgg_20260927/transfer/results/r21vgg2k_vgg16_bn_aa5_s42/faces_rfwWM64/houses_yin64/results.csv,UI_cross
bin5,VGG2k / bin5,r21vgg2k_vgg16_bn_aa5_s42,face_transfer,124,two_cross,RFW WM64,Houses,0.37,0.39,50,within_sampled_range,UI,103,75.0,runs/yin_latest_vgg_20260927/transfer/results/r21vgg2k_vgg16_bn_aa5_s42/faces_rfwWM64/houses_yin64/results.csv,UI_cross
bin5,VGG2k / bin5,r21vgg2k_vgg16_bn_aa5_s42,face_transfer,124,two_cross,RFW WM64,Houses,0.37,0.39,50,within_sampled_range,UI,104,70.83333333333334,runs/yin_latest_vgg_20260927/transfer/results/r21vgg2k_vgg16_bn_aa5_s42/faces_rfwWM64/houses_yin64/results.csv,UI_cross
bin5,VGG2k / bin5,r21vgg2k_vgg16_bn_aa5_s42,face_transfer,124,two_cross,RFW WM64,Houses,0.37,0.39,50,within_sampled_range,UI,105,58.333333333333336,runs/yin_latest_vgg_20260927/transfer/results/r21vgg2k_vgg16_bn_aa5_s42/faces_rfwWM64/houses_yin64/results.csv,UI_cross
bin5,VGG2k / bin5,r21vgg2k_vgg16_bn_aa5_s42,face_transfer,124,two_cross,RFW WM64,Houses,0.37,0.39,50,within_sampled_range,UI,106,79.16666666666666,runs/yin_latest_vgg_20260927/transfer/results/r21vgg2k_vgg16_bn_aa5_s42/faces_rfwWM64/houses_yin64/results.csv,UI_cross
bin5,VGG2k / bin5,r21vgg2k_vgg16_bn_aa5_s42,face_transfer,124,two_cross,RFW WM64,Houses,0.37,0.39,50,within_sampled_range,UI,107,70.83333333333334,runs/yin_latest_vgg_20260927/transfer/results/r21vgg2k_vgg16_bn_aa5_s42/faces_rfwWM64/houses_yin64/results.csv,UI_cross
bin5,VGG2k / bin5,r21vgg2k_vgg16_bn_aa5_s42,face_transfer,124,two_cross,RFW WM64,Houses,0.37,0.39,50,within_sampled_range,UI,108,62.5,runs/yin_latest_vgg_20260927/transfer/results/r21vgg2k_vgg16_bn_aa5_s42/faces_rfwWM64/houses_yin64/results.csv,UI_cross
bin5,VGG2k / bin5,r21vgg2k_vgg16_bn_aa5_s42,face_transfer,124,two_cross,RFW WM64,Houses,0.37,0.39,50,within_sampled_range,UI,109,66.66666666666666,runs/yin_latest_vgg_20260927/transfer/results/r21vgg2k_vgg16_bn_aa5_s42/faces_rfwWM64/houses_yin64/results.csv,UI_cross
bin5,VGG2k / bin5,r21vgg2k_vgg16_bn_aa5_s42,face_transfer,124,two_cross,RFW WM64,Houses,0.37,0.39,50,within_sampled_range,UI,110,66.66666666666666,runs/yin_latest_vgg_20260927/transfer/results/r21vgg2k_vgg16_bn_aa5_s42/faces_rfwWM64/houses_yin64/results.csv,UI_cross
bin5,VGG2k / bin5,r21vgg2k_vgg16_bn_aa5_s42,face_transfer,124,two_cross,RFW WM64,Houses,0.37,0.39,50,within_sampled_range,UI,111,75.0,runs/yin_latest_vgg_20260927/transfer/results/r21vgg2k_vgg16_bn_aa5_s42/faces_rfwWM64/houses_yin64/results.csv,UI_cross
bin5,VGG2k / bin5,r21vgg2k_vgg16_bn_aa5_s42,face_transfer,124,two_cross,RFW WM64,Houses,0.37,0.39,50,within_sampled_range,UI,112,50.0,runs/yin_latest_vgg_20260927/transfer/results/r21vgg2k_vgg16_bn_aa5_s42/faces_rfwWM64/houses_yin64/results.csv,UI_cross
bin5,VGG2k / bin5,r21vgg2k_vgg16_bn_aa5_s42,face_transfer,124,two_cross,RFW WM64,Houses,0.37,0.39,50,within_sampled_range,UI,113,75.0,runs/yin_latest_vgg_20260927/transfer/results/r21vgg2k_vgg16_bn_aa5_s42/faces_rfwWM64/houses_yin64/results.csv,UI_cross
bin5,VGG2k / bin5,r21vgg2k_vgg16_bn_aa5_s42,face_transfer,124,two_cross,RFW WM64,Houses,0.37,0.39,50,within_sampled_range,UI,114,66.66666666666666,runs/yin_latest_vgg_20260927/transfer/results/r21vgg2k_vgg16_bn_aa5_s42/faces_rfwWM64/houses_yin64/results.csv,UI_cross
bin5,VGG2k / bin5,r21vgg2k_vgg16_bn_aa5_s42,face_transfer,124,two_cross,RFW WM64,Houses,0.37,0.39,50,within_sampled_range,UI,115,70.83333333333334,runs/yin_latest_vgg_20260927/transfer/results/r21vgg2k_vgg16_bn_aa5_s42/faces_rfwWM64/houses_yin64/results.csv,UI_cross
bin5,VGG2k / bin5,r21vgg2k_vgg16_bn_aa5_s42,face_transfer,124,two_cross,RFW WM64,Houses,0.37,0.39,50,within_sampled_range,UI,116,75.0,runs/yin_latest_vgg_20260927/transfer/results/r21vgg2k_vgg16_bn_aa5_s42/faces_rfwWM64/houses_yin64/results.csv,UI_cross
bin5,VGG2k / bin5,r21vgg2k_vgg16_bn_aa5_s42,face_transfer,124,two_cross,RFW WM64,Houses,0.37,0.39,50,within_sampled_range,UI,117,87.5,runs/yin_latest_vgg_20260927/transfer/results/r21vgg2k_vgg16_bn_aa5_s42/faces_rfwWM64/houses_yin64/results.csv,UI_cross
bin5,VGG2k / bin5,r21vgg2k_vgg16_bn_aa5_s42,face_transfer,124,two_cross,RFW WM64,Houses,0.37,0.39,50,within_sampled_range,UI,118,70.83333333333334,runs/yin_latest_vgg_20260927/transfer/results/r21vgg2k_vgg16_bn_aa5_s42/faces_rfwWM64/houses_yin64/results.csv,UI_cross
bin5,VGG2k / bin5,r21vgg2k_vgg16_bn_aa5_s42,face_transfer,124,two_cross,RFW WM64,Houses,0.37,0.39,50,within_sampled_range,UI,119,62.5,runs/yin_latest_vgg_20260927/transfer/results/r21vgg2k_vgg16_bn_aa5_s42/faces_rfwWM64/houses_yin64/results.csv,UI_cross
bin5,VGG2k / bin5,r21vgg2k_vgg16_bn_aa5_s42,face_transfer,124,two_cross,RFW WM64,Houses,0.37,0.39,50,within_sampled_range,UI,120,66.66666666666666,runs/yin_latest_vgg_20260927/transfer/results/r21vgg2k_vgg16_bn_aa5_s42/faces_rfwWM64/houses_yin64/results.csv,UI_cross
bin5,VGG2k / bin5,r21vgg2k_vgg16_bn_aa5_s42,face_transfer,124,two_cross,RFW WM64,Houses,0.37,0.39,50,within_sampled_range,UI,121,66.66666666666666,runs/yin_latest_vgg_20260927/transfer/results/r21vgg2k_vgg16_bn_aa5_s42/faces_rfwWM64/houses_yin64/results.csv,UI_cross
bin5,VGG2k / bin5,r21vgg2k_vgg16_bn_aa5_s42,face_transfer,124,two_cross,RFW WM64,Houses,0.37,0.39,50,within_sampled_range,UI,122,62.5,runs/yin_latest_vgg_20260927/transfer/results/r21vgg2k_vgg16_bn_aa5_s42/faces_rfwWM64/houses_yin64/results.csv,UI_cross
bin5,VGG2k / bin5,r21vgg2k_vgg16_bn_aa5_s42,face_transfer,124,two_cross,RFW WM64,Houses,0.37,0.39,50,within_sampled_range,UI,123,58.333333333333336,runs/yin_latest_vgg_20260927/transfer/results/r21vgg2k_vgg16_bn_aa5_s42/faces_rfwWM64/houses_yin64/results.csv,UI_cross
bin5,VGG2k / bin5,r21vgg2k_vgg16_bn_aa5_s42,face_transfer,124,two_cross,RFW WM64,Houses,0.37,0.39,50,within_sampled_range,UI,124,70.83333333333334,runs/yin_latest_vgg_20260927/transfer/results/r21vgg2k_vgg16_bn_aa5_s42/faces_rfwWM64/houses_yin64/results.csv,UI_cross
bin5,VGG2k / bin5,r21vgg2k_vgg16_bn_aa5_s42,face_transfer,124,two_cross,RFW WM64,Houses,0.37,0.39,50,within_sampled_range,UI,125,66.66666666666666,runs/yin_latest_vgg_20260927/transfer/results/r21vgg2k_vgg16_bn_aa5_s42/faces_rfwWM64/houses_yin64/results.csv,UI_cross
bin5,VGG2k / bin5,r21vgg2k_vgg16_bn_aa5_s42,face_transfer,124,two_cross,RFW WM64,Houses,0.37,0.39,50,within_sampled_range,UI,126,58.333333333333336,runs/yin_latest_vgg_20260927/transfer/results/r21vgg2k_vgg16_bn_aa5_s42/faces_rfwWM64/houses_yin64/results.csv,UI_cross
bin5,VGG2k / bin5,r21vgg2k_vgg16_bn_aa5_s42,face_transfer,124,two_cross,RFW WM64,Houses,0.37,0.39,50,within_sampled_range,UI,127,70.83333333333334,runs/yin_latest_vgg_20260927/transfer/results/r21vgg2k_vgg16_bn_aa5_s42/faces_rfwWM64/houses_yin64/results.csv,UI_cross
bin5,VGG2k / bin5,r21vgg2k_vgg16_bn_aa5_s42,face_transfer,124,two_cross,RFW WM64,Houses,0.37,0.39,50,within_sampled_range,UI,128,75.0,runs/yin_latest_vgg_20260927/transfer/results/r21vgg2k_vgg16_bn_aa5_s42/faces_rfwWM64/houses_yin64/results.csv,UI_cross
bin5,VGG2k / bin5,r21vgg2k_vgg16_bn_aa5_s42,face_transfer,124,two_cross,RFW WM64,Houses,0.37,0.39,50,within_sampled_range,UI,129,62.5,runs/yin_latest_vgg_20260927/transfer/results/r21vgg2k_vgg16_bn_aa5_s42/faces_rfwWM64/houses_yin64/results.csv,UI_cross
bin5,VGG2k / bin5,r21vgg2k_vgg16_bn_aa5_s42,face_transfer,124,two_cross,RFW WM64,Houses,0.37,0.39,50,within_sampled_range,UI,130,83.33333333333334,runs/yin_latest_vgg_20260927/transfer/results/r21vgg2k_vgg16_bn_aa5_s42/faces_rfwWM64/houses_yin64/results.csv,UI_cross
bin5,VGG2k / bin5,r21vgg2k_vgg16_bn_aa5_s42,face_transfer,124,two_cross,RFW WM64,Houses,0.37,0.39,50,within_sampled_range,UI,131,54.166666666666664,runs/yin_latest_vgg_20260927/transfer/results/r21vgg2k_vgg16_bn_aa5_s42/faces_rfwWM64/houses_yin64/results.csv,UI_cross
bin5,VGG2k / bin5,r21vgg2k_vgg16_bn_aa5_s42,face_transfer,124,two_cross,RFW WM64,Houses,0.37,0.39,50,within_sampled_range,UI,132,66.66666666666666,runs/yin_latest_vgg_20260927/transfer/results/r21vgg2k_vgg16_bn_aa5_s42/faces_rfwWM64/houses_yin64/results.csv,UI_cross
bin5,VGG2k / bin5,r21vgg2k_vgg16_bn_aa5_s42,face_transfer,124,two_cross,RFW WM64,Houses,0.37,0.39,50,within_sampled_range,UI,133,54.166666666666664,runs/yin_latest_vgg_20260927/transfer/results/r21vgg2k_vgg16_bn_aa5_s42/faces_rfwWM64/houses_yin64/results.csv,UI_cross
bin5,VGG2k / bin5,r21vgg2k_vgg16_bn_aa5_s42,face_transfer,124,two_cross,RFW WM64,Houses,0.37,0.39,50,within_sampled_range,UI,134,75.0,runs/yin_latest_vgg_20260927/transfer/results/r21vgg2k_vgg16_bn_aa5_s42/faces_rfwWM64/houses_yin64/results.csv,UI_cross
bin5,VGG2k / bin5,r21vgg2k_vgg16_bn_aa5_s42,face_transfer,124,two_cross,RFW WM64,Houses,0.37,0.39,50,within_sampled_range,UI,135,66.66666666666666,runs/yin_latest_vgg_20260927/transfer/results/r21vgg2k_vgg16_bn_aa5_s42/faces_rfwWM64/houses_yin64/results.csv,UI_cross
bin5,VGG2k / bin5,r21vgg2k_vgg16_bn_aa5_s42,face_transfer,124,two_cross,RFW WM64,Houses,0.37,0.39,50,within_sampled_range,UI,136,66.66666666666666,runs/yin_latest_vgg_20260927/transfer/results/r21vgg2k_vgg16_bn_aa5_s42/faces_rfwWM64/houses_yin64/results.csv,UI_cross
bin5,VGG2k / bin5,r21vgg2k_vgg16_bn_aa5_s42,face_transfer,124,two_cross,RFW WM64,Houses,0.37,0.39,50,within_sampled_range,UI,137,62.5,runs/yin_latest_vgg_20260927/transfer/results/r21vgg2k_vgg16_bn_aa5_s42/faces_rfwWM64/houses_yin64/results.csv,UI_cross
bin5,VGG2k / bin5,r21vgg2k_vgg16_bn_aa5_s42,face_transfer,124,two_cross,RFW WM64,Houses,0.37,0.39,50,within_sampled_range,UI,138,54.166666666666664,runs/yin_latest_vgg_20260927/transfer/results/r21vgg2k_vgg16_bn_aa5_s42/faces_rfwWM64/houses_yin64/results.csv,UI_cross
bin5,VGG2k / bin5,r21vgg2k_vgg16_bn_aa5_s42,face_transfer,124,two_cross,RFW WM64,Houses,0.37,0.39,50,within_sampled_range,UI,139,66.66666666666666,runs/yin_latest_vgg_20260927/transfer/results/r21vgg2k_vgg16_bn_aa5_s42/faces_rfwWM64/houses_yin64/results.csv,UI_cross
bin5,VGG2k / bin5,r21vgg2k_vgg16_bn_aa5_s42,face_transfer,124,two_cross,RFW WM64,Houses,0.37,0.39,50,within_sampled_range,UI,140,62.5,runs/yin_latest_vgg_20260927/transfer/results/r21vgg2k_vgg16_bn_aa5_s42/faces_rfwWM64/houses_yin64/results.csv,UI_cross
bin5,VGG2k / bin5,r21vgg2k_vgg16_bn_aa5_s42,face_transfer,124,two_cross,RFW WM64,Houses,0.37,0.39,50,within_sampled_range,UI,141,70.83333333333334,runs/yin_latest_vgg_20260927/transfer/results/r21vgg2k_vgg16_bn_aa5_s42/faces_rfwWM64/houses_yin64/results.csv,UI_cross
bin5,VGG2k / bin5,r21vgg2k_vgg16_bn_aa5_s42,face_transfer,124,two_cross,RFW WM64,Houses,0.37,0.39,50,within_sampled_range,UI,142,79.16666666666666,runs/yin_latest_vgg_20260927/transfer/results/r21vgg2k_vgg16_bn_aa5_s42/faces_rfwWM64/houses_yin64/results.csv,UI_cross
bin5,VGG2k / bin5,r21vgg2k_vgg16_bn_aa5_s42,face_transfer,124,two_cross,RFW WM64,Houses,0.37,0.39,50,within_sampled_range,UI,143,66.66666666666666,runs/yin_latest_vgg_20260927/transfer/results/r21vgg2k_vgg16_bn_aa5_s42/faces_rfwWM64/houses_yin64/results.csv,UI_cross
bin5,VGG2k / bin5,r21vgg2k_vgg16_bn_aa5_s42,face_transfer,124,two_cross,RFW WM64,Houses,0.37,0.39,50,within_sampled_range,UI,144,66.66666666666666,runs/yin_latest_vgg_20260927/transfer/results/r21vgg2k_vgg16_bn_aa5_s42/faces_rfwWM64/houses_yin64/results.csv,UI_cross
bin5,VGG2k / bin5,r21vgg2k_vgg16_bn_aa5_s42,face_transfer,124,two_cross,RFW WM64,Houses,0.37,0.39,50,within_sampled_range,UI,145,66.66666666666666,runs/yin_latest_vgg_20260927/transfer/results/r21vgg2k_vgg16_bn_aa5_s42/faces_rfwWM64/houses_yin64/results.csv,UI_cross
bin5,VGG2k / bin5,r21vgg2k_vgg16_bn_aa5_s42,face_transfer,124,two_cross,RFW WM64,Houses,0.37,0.39,50,within_sampled_range,UI,146,70.83333333333334,runs/yin_latest_vgg_20260927/transfer/results/r21vgg2k_vgg16_bn_aa5_s42/faces_rfwWM64/houses_yin64/results.csv,UI_cross
bin5,VGG2k / bin5,r21vgg2k_vgg16_bn_aa5_s42,face_transfer,124,two_cross,RFW WM64,Houses,0.37,0.39,50,within_sampled_range,UI,147,50.0,runs/yin_latest_vgg_20260927/transfer/results/r21vgg2k_vgg16_bn_aa5_s42/faces_rfwWM64/houses_yin64/results.csv,UI_cross
bin5,VGG2k / bin5,r21vgg2k_vgg16_bn_aa5_s42,face_transfer,124,two_cross,RFW WM64,Houses,0.37,0.39,50,within_sampled_range,UI,148,58.333333333333336,runs/yin_latest_vgg_20260927/transfer/results/r21vgg2k_vgg16_bn_aa5_s42/faces_rfwWM64/houses_yin64/results.csv,UI_cross
bin5,VGG2k / bin5,r21vgg2k_vgg16_bn_aa5_s42,face_transfer,124,two_cross,RFW WM64,Houses,0.37,0.39,50,within_sampled_range,UI,149,58.333333333333336,runs/yin_latest_vgg_20260927/transfer/results/r21vgg2k_vgg16_bn_aa5_s42/faces_rfwWM64/houses_yin64/results.csv,UI_cross
bin5,VGG2k / bin5,r21vgg2k_vgg16_bn_aa5_s42,face_transfer,124,two_cross,RFW WM64,Houses,0.37,0.39,50,within_sampled_range,UI,150,62.5,runs/yin_latest_vgg_20260927/transfer/results/r21vgg2k_vgg16_bn_aa5_s42/faces_rfwWM64/houses_yin64/results.csv,UI_cross
bin5,VGG2k / bin5,r21vgg2k_vgg16_bn_aa5_s42,face_transfer,124,two_cross,RFW WM64,Houses,0.37,0.39,50,within_sampled_range,IU,101,70.83333333333334,runs/yin_latest_vgg_20260927/transfer/results/r21vgg2k_vgg16_bn_aa5_s42/faces_rfwWM64/houses_yin64/results.csv,IU
bin5,VGG2k / bin5,r21vgg2k_vgg16_bn_aa5_s42,face_transfer,124,two_cross,RFW WM64,Houses,0.37,0.39,50,within_sampled_range,IU,102,75.0,runs/yin_latest_vgg_20260927/transfer/results/r21vgg2k_vgg16_bn_aa5_s42/faces_rfwWM64/houses_yin64/results.csv,IU
bin5,VGG2k / bin5,r21vgg2k_vgg16_bn_aa5_s42,face_transfer,124,two_cross,RFW WM64,Houses,0.37,0.39,50,within_sampled_range,IU,103,79.16666666666666,runs/yin_latest_vgg_20260927/transfer/results/r21vgg2k_vgg16_bn_aa5_s42/faces_rfwWM64/houses_yin64/results.csv,IU
bin5,VGG2k / bin5,r21vgg2k_vgg16_bn_aa5_s42,face_transfer,124,two_cross,RFW WM64,Houses,0.37,0.39,50,within_sampled_range,IU,104,79.16666666666666,runs/yin_latest_vgg_20260927/transfer/results/r21vgg2k_vgg16_bn_aa5_s42/faces_rfwWM64/houses_yin64/results.csv,IU
bin5,VGG2k / bin5,r21vgg2k_vgg16_bn_aa5_s42,face_transfer,124,two_cross,RFW WM64,Houses,0.37,0.39,50,within_sampled_range,IU,105,58.333333333333336,runs/yin_latest_vgg_20260927/transfer/results/r21vgg2k_vgg16_bn_aa5_s42/faces_rfwWM64/houses_yin64/results.csv,IU
bin5,VGG2k / bin5,r21vgg2k_vgg16_bn_aa5_s42,face_transfer,124,two_cross,RFW WM64,Houses,0.37,0.39,50,within_sampled_range,IU,106,62.5,runs/yin_latest_vgg_20260927/transfer/results/r21vgg2k_vgg16_bn_aa5_s42/faces_rfwWM64/houses_yin64/results.csv,IU
bin5,VGG2k / bin5,r21vgg2k_vgg16_bn_aa5_s42,face_transfer,124,two_cross,RFW WM64,Houses,0.37,0.39,50,within_sampled_range,IU,107,66.66666666666666,runs/yin_latest_vgg_20260927/transfer/results/r21vgg2k_vgg16_bn_aa5_s42/faces_rfwWM64/houses_yin64/results.csv,IU
bin5,VGG2k / bin5,r21vgg2k_vgg16_bn_aa5_s42,face_transfer,124,two_cross,RFW WM64,Houses,0.37,0.39,50,within_sampled_range,IU,108,62.5,runs/yin_latest_vgg_20260927/transfer/results/r21vgg2k_vgg16_bn_aa5_s42/faces_rfwWM64/houses_yin64/results.csv,IU
bin5,VGG2k / bin5,r21vgg2k_vgg16_bn_aa5_s42,face_transfer,124,two_cross,RFW WM64,Houses,0.37,0.39,50,within_sampled_range,IU,109,50.0,runs/yin_latest_vgg_20260927/transfer/results/r21vgg2k_vgg16_bn_aa5_s42/faces_rfwWM64/houses_yin64/results.csv,IU
bin5,VGG2k / bin5,r21vgg2k_vgg16_bn_aa5_s42,face_transfer,124,two_cross,RFW WM64,Houses,0.37,0.39,50,within_sampled_range,IU,110,66.66666666666666,runs/yin_latest_vgg_20260927/transfer/results/r21vgg2k_vgg16_bn_aa5_s42/faces_rfwWM64/houses_yin64/results.csv,IU
bin5,VGG2k / bin5,r21vgg2k_vgg16_bn_aa5_s42,face_transfer,124,two_cross,RFW WM64,Houses,0.37,0.39,50,within_sampled_range,IU,111,70.83333333333334,runs/yin_latest_vgg_20260927/transfer/results/r21vgg2k_vgg16_bn_aa5_s42/faces_rfwWM64/houses_yin64/results.csv,IU
bin5,VGG2k / bin5,r21vgg2k_vgg16_bn_aa5_s42,face_transfer,124,two_cross,RFW WM64,Houses,0.37,0.39,50,within_sampled_range,IU,112,62.5,runs/yin_latest_vgg_20260927/transfer/results/r21vgg2k_vgg16_bn_aa5_s42/faces_rfwWM64/houses_yin64/results.csv,IU
bin5,VGG2k / bin5,r21vgg2k_vgg16_bn_aa5_s42,face_transfer,124,two_cross,RFW WM64,Houses,0.37,0.39,50,within_sampled_range,IU,113,75.0,runs/yin_latest_vgg_20260927/transfer/results/r21vgg2k_vgg16_bn_aa5_s42/faces_rfwWM64/houses_yin64/results.csv,IU
bin5,VGG2k / bin5,r21vgg2k_vgg16_bn_aa5_s42,face_transfer,124,two_cross,RFW WM64,Houses,0.37,0.39,50,within_sampled_range,IU,114,70.83333333333334,runs/yin_latest_vgg_20260927/transfer/results/r21vgg2k_vgg16_bn_aa5_s42/faces_rfwWM64/houses_yin64/results.csv,IU
bin5,VGG2k / bin5,r21vgg2k_vgg16_bn_aa5_s42,face_transfer,124,two_cross,RFW WM64,Houses,0.37,0.39,50,within_sampled_range,IU,115,58.333333333333336,runs/yin_latest_vgg_20260927/transfer/results/r21vgg2k_vgg16_bn_aa5_s42/faces_rfwWM64/houses_yin64/results.csv,IU
bin5,VGG2k / bin5,r21vgg2k_vgg16_bn_aa5_s42,face_transfer,124,two_cross,RFW WM64,Houses,0.37,0.39,50,within_sampled_range,IU,116,79.16666666666666,runs/yin_latest_vgg_20260927/transfer/results/r21vgg2k_vgg16_bn_aa5_s42/faces_rfwWM64/houses_yin64/results.csv,IU
bin5,VGG2k / bin5,r21vgg2k_vgg16_bn_aa5_s42,face_transfer,124,two_cross,RFW WM64,Houses,0.37,0.39,50,within_sampled_range,IU,117,62.5,runs/yin_latest_vgg_20260927/transfer/results/r21vgg2k_vgg16_bn_aa5_s42/faces_rfwWM64/houses_yin64/results.csv,IU
bin5,VGG2k / bin5,r21vgg2k_vgg16_bn_aa5_s42,face_transfer,124,two_cross,RFW WM64,Houses,0.37,0.39,50,within_sampled_range,IU,118,70.83333333333334,runs/yin_latest_vgg_20260927/transfer/results/r21vgg2k_vgg16_bn_aa5_s42/faces_rfwWM64/houses_yin64/results.csv,IU
bin5,VGG2k / bin5,r21vgg2k_vgg16_bn_aa5_s42,face_transfer,124,two_cross,RFW WM64,Houses,0.37,0.39,50,within_sampled_range,IU,119,66.66666666666666,runs/yin_latest_vgg_20260927/transfer/results/r21vgg2k_vgg16_bn_aa5_s42/faces_rfwWM64/houses_yin64/results.csv,IU
bin5,VGG2k / bin5,r21vgg2k_vgg16_bn_aa5_s42,face_transfer,124,two_cross,RFW WM64,Houses,0.37,0.39,50,within_sampled_range,IU,120,70.83333333333334,runs/yin_latest_vgg_20260927/transfer/results/r21vgg2k_vgg16_bn_aa5_s42/faces_rfwWM64/houses_yin64/results.csv,IU
bin5,VGG2k / bin5,r21vgg2k_vgg16_bn_aa5_s42,face_transfer,124,two_cross,RFW WM64,Houses,0.37,0.39,50,within_sampled_range,IU,121,70.83333333333334,runs/yin_latest_vgg_20260927/transfer/results/r21vgg2k_vgg16_bn_aa5_s42/faces_rfwWM64/houses_yin64/results.csv,IU
bin5,VGG2k / bin5,r21vgg2k_vgg16_bn_aa5_s42,face_transfer,124,two_cross,RFW WM64,Houses,0.37,0.39,50,within_sampled_range,IU,122,54.166666666666664,runs/yin_latest_vgg_20260927/transfer/results/r21vgg2k_vgg16_bn_aa5_s42/faces_rfwWM64/houses_yin64/results.csv,IU
bin5,VGG2k / bin5,r21vgg2k_vgg16_bn_aa5_s42,face_transfer,124,two_cross,RFW WM64,Houses,0.37,0.39,50,within_sampled_range,IU,123,79.16666666666666,runs/yin_latest_vgg_20260927/transfer/results/r21vgg2k_vgg16_bn_aa5_s42/faces_rfwWM64/houses_yin64/results.csv,IU
bin5,VGG2k / bin5,r21vgg2k_vgg16_bn_aa5_s42,face_transfer,124,two_cross,RFW WM64,Houses,0.37,0.39,50,within_sampled_range,IU,124,70.83333333333334,runs/yin_latest_vgg_20260927/transfer/results/r21vgg2k_vgg16_bn_aa5_s42/faces_rfwWM64/houses_yin64/results.csv,IU
bin5,VGG2k / bin5,r21vgg2k_vgg16_bn_aa5_s42,face_transfer,124,two_cross,RFW WM64,Houses,0.37,0.39,50,within_sampled_range,IU,125,54.166666666666664,runs/yin_latest_vgg_20260927/transfer/results/r21vgg2k_vgg16_bn_aa5_s42/faces_rfwWM64/houses_yin64/results.csv,IU
bin5,VGG2k / bin5,r21vgg2k_vgg16_bn_aa5_s42,face_transfer,124,two_cross,RFW WM64,Houses,0.37,0.39,50,within_sampled_range,IU,126,58.333333333333336,runs/yin_latest_vgg_20260927/transfer/results/r21vgg2k_vgg16_bn_aa5_s42/faces_rfwWM64/houses_yin64/results.csv,IU
bin5,VGG2k / bin5,r21vgg2k_vgg16_bn_aa5_s42,face_transfer,124,two_cross,RFW WM64,Houses,0.37,0.39,50,within_sampled_range,IU,127,58.333333333333336,runs/yin_latest_vgg_20260927/transfer/results/r21vgg2k_vgg16_bn_aa5_s42/faces_rfwWM64/houses_yin64/results.csv,IU
bin5,VGG2k / bin5,r21vgg2k_vgg16_bn_aa5_s42,face_transfer,124,two_cross,RFW WM64,Houses,0.37,0.39,50,within_sampled_range,IU,128,58.333333333333336,runs/yin_latest_vgg_20260927/transfer/results/r21vgg2k_vgg16_bn_aa5_s42/faces_rfwWM64/houses_yin64/results.csv,IU
bin5,VGG2k / bin5,r21vgg2k_vgg16_bn_aa5_s42,face_transfer,124,two_cross,RFW WM64,Houses,0.37,0.39,50,within_sampled_range,IU,129,66.66666666666666,runs/yin_latest_vgg_20260927/transfer/results/r21vgg2k_vgg16_bn_aa5_s42/faces_rfwWM64/houses_yin64/results.csv,IU
bin5,VGG2k / bin5,r21vgg2k_vgg16_bn_aa5_s42,face_transfer,124,two_cross,RFW WM64,Houses,0.37,0.39,50,within_sampled_range,IU,130,66.66666666666666,runs/yin_latest_vgg_20260927/transfer/results/r21vgg2k_vgg16_bn_aa5_s42/faces_rfwWM64/houses_yin64/results.csv,IU
bin5,VGG2k / bin5,r21vgg2k_vgg16_bn_aa5_s42,face_transfer,124,two_cross,RFW WM64,Houses,0.37,0.39,50,within_sampled_range,IU,131,66.66666666666666,runs/yin_latest_vgg_20260927/transfer/results/r21vgg2k_vgg16_bn_aa5_s42/faces_rfwWM64/houses_yin64/results.csv,IU
bin5,VGG2k / bin5,r21vgg2k_vgg16_bn_aa5_s42,face_transfer,124,two_cross,RFW WM64,Houses,0.37,0.39,50,within_sampled_range,IU,132,58.333333333333336,runs/yin_latest_vgg_20260927/transfer/results/r21vgg2k_vgg16_bn_aa5_s42/faces_rfwWM64/houses_yin64/results.csv,IU
bin5,VGG2k / bin5,r21vgg2k_vgg16_bn_aa5_s42,face_transfer,124,two_cross,RFW WM64,Houses,0.37,0.39,50,within_sampled_range,IU,133,66.66666666666666,runs/yin_latest_vgg_20260927/transfer/results/r21vgg2k_vgg16_bn_aa5_s42/faces_rfwWM64/houses_yin64/results.csv,IU
bin5,VGG2k / bin5,r21vgg2k_vgg16_bn_aa5_s42,face_transfer,124,two_cross,RFW WM64,Houses,0.37,0.39,50,within_sampled_range,IU,134,87.5,runs/yin_latest_vgg_20260927/transfer/results/r21vgg2k_vgg16_bn_aa5_s42/faces_rfwWM64/houses_yin64/results.csv,IU
bin5,VGG2k / bin5,r21vgg2k_vgg16_bn_aa5_s42,face_transfer,124,two_cross,RFW WM64,Houses,0.37,0.39,50,within_sampled_range,IU,135,50.0,runs/yin_latest_vgg_20260927/transfer/results/r21vgg2k_vgg16_bn_aa5_s42/faces_rfwWM64/houses_yin64/results.csv,IU
bin5,VGG2k / bin5,r21vgg2k_vgg16_bn_aa5_s42,face_transfer,124,two_cross,RFW WM64,Houses,0.37,0.39,50,within_sampled_range,IU,136,50.0,runs/yin_latest_vgg_20260927/transfer/results/r21vgg2k_vgg16_bn_aa5_s42/faces_rfwWM64/houses_yin64/results.csv,IU
bin5,VGG2k / bin5,r21vgg2k_vgg16_bn_aa5_s42,face_transfer,124,two_cross,RFW WM64,Houses,0.37,0.39,50,within_sampled_range,IU,137,70.83333333333334,runs/yin_latest_vgg_20260927/transfer/results/r21vgg2k_vgg16_bn_aa5_s42/faces_rfwWM64/houses_yin64/results.csv,IU
bin5,VGG2k / bin5,r21vgg2k_vgg16_bn_aa5_s42,face_transfer,124,two_cross,RFW WM64,Houses,0.37,0.39,50,within_sampled_range,IU,138,54.166666666666664,runs/yin_latest_vgg_20260927/transfer/results/r21vgg2k_vgg16_bn_aa5_s42/faces_rfwWM64/houses_yin64/results.csv,IU
bin5,VGG2k / bin5,r21vgg2k_vgg16_bn_aa5_s42,face_transfer,124,two_cross,RFW WM64,Houses,0.37,0.39,50,within_sampled_range,IU,139,70.83333333333334,runs/yin_latest_vgg_20260927/transfer/results/r21vgg2k_vgg16_bn_aa5_s42/faces_rfwWM64/houses_yin64/results.csv,IU
bin5,VGG2k / bin5,r21vgg2k_vgg16_bn_aa5_s42,face_transfer,124,two_cross,RFW WM64,Houses,0.37,0.39,50,within_sampled_range,IU,140,66.66666666666666,runs/yin_latest_vgg_20260927/transfer/results/r21vgg2k_vgg16_bn_aa5_s42/faces_rfwWM64/houses_yin64/results.csv,IU
bin5,VGG2k / bin5,r21vgg2k_vgg16_bn_aa5_s42,face_transfer,124,two_cross,RFW WM64,Houses,0.37,0.39,50,within_sampled_range,IU,141,62.5,runs/yin_latest_vgg_20260927/transfer/results/r21vgg2k_vgg16_bn_aa5_s42/faces_rfwWM64/houses_yin64/results.csv,IU
bin5,VGG2k / bin5,r21vgg2k_vgg16_bn_aa5_s42,face_transfer,124,two_cross,RFW WM64,Houses,0.37,0.39,50,within_sampled_range,IU,142,70.83333333333334,runs/yin_latest_vgg_20260927/transfer/results/r21vgg2k_vgg16_bn_aa5_s42/faces_rfwWM64/houses_yin64/results.csv,IU
bin5,VGG2k / bin5,r21vgg2k_vgg16_bn_aa5_s42,face_transfer,124,two_cross,RFW WM64,Houses,0.37,0.39,50,within_sampled_range,IU,143,70.83333333333334,runs/yin_latest_vgg_20260927/transfer/results/r21vgg2k_vgg16_bn_aa5_s42/faces_rfwWM64/houses_yin64/results.csv,IU
bin5,VGG2k / bin5,r21vgg2k_vgg16_bn_aa5_s42,face_transfer,124,two_cross,RFW WM64,Houses,0.37,0.39,50,within_sampled_range,IU,144,70.83333333333334,runs/yin_latest_vgg_20260927/transfer/results/r21vgg2k_vgg16_bn_aa5_s42/faces_rfwWM64/houses_yin64/results.csv,IU
bin5,VGG2k / bin5,r21vgg2k_vgg16_bn_aa5_s42,face_transfer,124,two_cross,RFW WM64,Houses,0.37,0.39,50,within_sampled_range,IU,145,66.66666666666666,runs/yin_latest_vgg_20260927/transfer/results/r21vgg2k_vgg16_bn_aa5_s42/faces_rfwWM64/houses_yin64/results.csv,IU
bin5,VGG2k / bin5,r21vgg2k_vgg16_bn_aa5_s42,face_transfer,124,two_cross,RFW WM64,Houses,0.37,0.39,50,within_sampled_range,IU,146,66.66666666666666,runs/yin_latest_vgg_20260927/transfer/results/r21vgg2k_vgg16_bn_aa5_s42/faces_rfwWM64/houses_yin64/results.csv,IU
bin5,VGG2k / bin5,r21vgg2k_vgg16_bn_aa5_s42,face_transfer,124,two_cross,RFW WM64,Houses,0.37,0.39,50,within_sampled_range,IU,147,66.66666666666666,runs/yin_latest_vgg_20260927/transfer/results/r21vgg2k_vgg16_bn_aa5_s42/faces_rfwWM64/houses_yin64/results.csv,IU
bin5,VGG2k / bin5,r21vgg2k_vgg16_bn_aa5_s42,face_transfer,124,two_cross,RFW WM64,Houses,0.37,0.39,50,within_sampled_range,IU,148,70.83333333333334,runs/yin_latest_vgg_20260927/transfer/results/r21vgg2k_vgg16_bn_aa5_s42/faces_rfwWM64/houses_yin64/results.csv,IU
bin5,VGG2k / bin5,r21vgg2k_vgg16_bn_aa5_s42,face_transfer,124,two_cross,RFW WM64,Houses,0.37,0.39,50,within_sampled_range,IU,149,66.66666666666666,runs/yin_latest_vgg_20260927/transfer/results/r21vgg2k_vgg16_bn_aa5_s42/faces_rfwWM64/houses_yin64/results.csv,IU
bin5,VGG2k / bin5,r21vgg2k_vgg16_bn_aa5_s42,face_transfer,124,two_cross,RFW WM64,Houses,0.37,0.39,50,within_sampled_range,IU,150,70.83333333333334,runs/yin_latest_vgg_20260927/transfer/results/r21vgg2k_vgg16_bn_aa5_s42/faces_rfwWM64/houses_yin64/results.csv,IU
bin5,VGG2k / bin5,r21vgg2k_vgg16_bn_aa5_s42,face_transfer,124,two_shared_ui,RFW WM64,Houses,0.37,0.39,50,within_sampled_range,UU,101,66.66666666666666,runs/yin_latest_vgg_20260927/transfer/results/r21vgg2k_vgg16_bn_aa5_s42/faces_rfwWM64/houses_yin64/results.csv,UU
bin5,VGG2k / bin5,r21vgg2k_vgg16_bn_aa5_s42,face_transfer,124,two_shared_ui,RFW WM64,Houses,0.37,0.39,50,within_sampled_range,UU,102,70.83333333333334,runs/yin_latest_vgg_20260927/transfer/results/r21vgg2k_vgg16_bn_aa5_s42/faces_rfwWM64/houses_yin64/results.csv,UU
bin5,VGG2k / bin5,r21vgg2k_vgg16_bn_aa5_s42,face_transfer,124,two_shared_ui,RFW WM64,Houses,0.37,0.39,50,within_sampled_range,UU,103,66.66666666666666,runs/yin_latest_vgg_20260927/transfer/results/r21vgg2k_vgg16_bn_aa5_s42/faces_rfwWM64/houses_yin64/results.csv,UU
bin5,VGG2k / bin5,r21vgg2k_vgg16_bn_aa5_s42,face_transfer,124,two_shared_ui,RFW WM64,Houses,0.37,0.39,50,within_sampled_range,UU,104,75.0,runs/yin_latest_vgg_20260927/transfer/results/r21vgg2k_vgg16_bn_aa5_s42/faces_rfwWM64/houses_yin64/results.csv,UU
bin5,VGG2k / bin5,r21vgg2k_vgg16_bn_aa5_s42,face_transfer,124,two_shared_ui,RFW WM64,Houses,0.37,0.39,50,within_sampled_range,UU,105,62.5,runs/yin_latest_vgg_20260927/transfer/results/r21vgg2k_vgg16_bn_aa5_s42/faces_rfwWM64/houses_yin64/results.csv,UU
bin5,VGG2k / bin5,r21vgg2k_vgg16_bn_aa5_s42,face_transfer,124,two_shared_ui,RFW WM64,Houses,0.37,0.39,50,within_sampled_range,UU,106,75.0,runs/yin_latest_vgg_20260927/transfer/results/r21vgg2k_vgg16_bn_aa5_s42/faces_rfwWM64/houses_yin64/results.csv,UU
bin5,VGG2k / bin5,r21vgg2k_vgg16_bn_aa5_s42,face_transfer,124,two_shared_ui,RFW WM64,Houses,0.37,0.39,50,within_sampled_range,UU,107,66.66666666666666,runs/yin_latest_vgg_20260927/transfer/results/r21vgg2k_vgg16_bn_aa5_s42/faces_rfwWM64/houses_yin64/results.csv,UU
bin5,VGG2k / bin5,r21vgg2k_vgg16_bn_aa5_s42,face_transfer,124,two_shared_ui,RFW WM64,Houses,0.37,0.39,50,within_sampled_range,UU,108,70.83333333333334,runs/yin_latest_vgg_20260927/transfer/results/r21vgg2k_vgg16_bn_aa5_s42/faces_rfwWM64/houses_yin64/results.csv,UU
bin5,VGG2k / bin5,r21vgg2k_vgg16_bn_aa5_s42,face_transfer,124,two_shared_ui,RFW WM64,Houses,0.37,0.39,50,within_sampled_range,UU,109,62.5,runs/yin_latest_vgg_20260927/transfer/results/r21vgg2k_vgg16_bn_aa5_s42/faces_rfwWM64/houses_yin64/results.csv,UU
bin5,VGG2k / bin5,r21vgg2k_vgg16_bn_aa5_s42,face_transfer,124,two_shared_ui,RFW WM64,Houses,0.37,0.39,50,within_sampled_range,UU,110,58.333333333333336,runs/yin_latest_vgg_20260927/transfer/results/r21vgg2k_vgg16_bn_aa5_s42/faces_rfwWM64/houses_yin64/results.csv,UU
bin5,VGG2k / bin5,r21vgg2k_vgg16_bn_aa5_s42,face_transfer,124,two_shared_ui,RFW WM64,Houses,0.37,0.39,50,within_sampled_range,UU,111,75.0,runs/yin_latest_vgg_20260927/transfer/results/r21vgg2k_vgg16_bn_aa5_s42/faces_rfwWM64/houses_yin64/results.csv,UU
bin5,VGG2k / bin5,r21vgg2k_vgg16_bn_aa5_s42,face_transfer,124,two_shared_ui,RFW WM64,Houses,0.37,0.39,50,within_sampled_range,UU,112,58.333333333333336,runs/yin_latest_vgg_20260927/transfer/results/r21vgg2k_vgg16_bn_aa5_s42/faces_rfwWM64/houses_yin64/results.csv,UU
bin5,VGG2k / bin5,r21vgg2k_vgg16_bn_aa5_s42,face_transfer,124,two_shared_ui,RFW WM64,Houses,0.37,0.39,50,within_sampled_range,UU,113,75.0,runs/yin_latest_vgg_20260927/transfer/results/r21vgg2k_vgg16_bn_aa5_s42/faces_rfwWM64/houses_yin64/results.csv,UU
bin5,VGG2k / bin5,r21vgg2k_vgg16_bn_aa5_s42,face_transfer,124,two_shared_ui,RFW WM64,Houses,0.37,0.39,50,within_sampled_range,UU,114,75.0,runs/yin_latest_vgg_20260927/transfer/results/r21vgg2k_vgg16_bn_aa5_s42/faces_rfwWM64/houses_yin64/results.csv,UU
bin5,VGG2k / bin5,r21vgg2k_vgg16_bn_aa5_s42,face_transfer,124,two_shared_ui,RFW WM64,Houses,0.37,0.39,50,within_sampled_range,UU,115,62.5,runs/yin_latest_vgg_20260927/transfer/results/r21vgg2k_vgg16_bn_aa5_s42/faces_rfwWM64/houses_yin64/results.csv,UU
bin5,VGG2k / bin5,r21vgg2k_vgg16_bn_aa5_s42,face_transfer,124,two_shared_ui,RFW WM64,Houses,0.37,0.39,50,within_sampled_range,UU,116,75.0,runs/yin_latest_vgg_20260927/transfer/results/r21vgg2k_vgg16_bn_aa5_s42/faces_rfwWM64/houses_yin64/results.csv,UU
bin5,VGG2k / bin5,r21vgg2k_vgg16_bn_aa5_s42,face_transfer,124,two_shared_ui,RFW WM64,Houses,0.37,0.39,50,within_sampled_range,UU,117,79.16666666666666,runs/yin_latest_vgg_20260927/transfer/results/r21vgg2k_vgg16_bn_aa5_s42/faces_rfwWM64/houses_yin64/results.csv,UU
bin5,VGG2k / bin5,r21vgg2k_vgg16_bn_aa5_s42,face_transfer,124,two_shared_ui,RFW WM64,Houses,0.37,0.39,50,within_sampled_range,UU,118,62.5,runs/yin_latest_vgg_20260927/transfer/results/r21vgg2k_vgg16_bn_aa5_s42/faces_rfwWM64/houses_yin64/results.csv,UU
bin5,VGG2k / bin5,r21vgg2k_vgg16_bn_aa5_s42,face_transfer,124,two_shared_ui,RFW WM64,Houses,0.37,0.39,50,within_sampled_range,UU,119,66.66666666666666,runs/yin_latest_vgg_20260927/transfer/results/r21vgg2k_vgg16_bn_aa5_s42/faces_rfwWM64/houses_yin64/results.csv,UU
bin5,VGG2k / bin5,r21vgg2k_vgg16_bn_aa5_s42,face_transfer,124,two_shared_ui,RFW WM64,Houses,0.37,0.39,50,within_sampled_range,UU,120,79.16666666666666,runs/yin_latest_vgg_20260927/transfer/results/r21vgg2k_vgg16_bn_aa5_s42/faces_rfwWM64/houses_yin64/results.csv,UU
bin5,VGG2k / bin5,r21vgg2k_vgg16_bn_aa5_s42,face_transfer,124,two_shared_ui,RFW WM64,Houses,0.37,0.39,50,within_sampled_range,UU,121,66.66666666666666,runs/yin_latest_vgg_20260927/transfer/results/r21vgg2k_vgg16_bn_aa5_s42/faces_rfwWM64/houses_yin64/results.csv,UU
bin5,VGG2k / bin5,r21vgg2k_vgg16_bn_aa5_s42,face_transfer,124,two_shared_ui,RFW WM64,Houses,0.37,0.39,50,within_sampled_range,UU,122,66.66666666666666,runs/yin_latest_vgg_20260927/transfer/results/r21vgg2k_vgg16_bn_aa5_s42/faces_rfwWM64/houses_yin64/results.csv,UU
bin5,VGG2k / bin5,r21vgg2k_vgg16_bn_aa5_s42,face_transfer,124,two_shared_ui,RFW WM64,Houses,0.37,0.39,50,within_sampled_range,UU,123,58.333333333333336,runs/yin_latest_vgg_20260927/transfer/results/r21vgg2k_vgg16_bn_aa5_s42/faces_rfwWM64/houses_yin64/results.csv,UU
bin5,VGG2k / bin5,r21vgg2k_vgg16_bn_aa5_s42,face_transfer,124,two_shared_ui,RFW WM64,Houses,0.37,0.39,50,within_sampled_range,UU,124,70.83333333333334,runs/yin_latest_vgg_20260927/transfer/results/r21vgg2k_vgg16_bn_aa5_s42/faces_rfwWM64/houses_yin64/results.csv,UU
bin5,VGG2k / bin5,r21vgg2k_vgg16_bn_aa5_s42,face_transfer,124,two_shared_ui,RFW WM64,Houses,0.37,0.39,50,within_sampled_range,UU,125,50.0,runs/yin_latest_vgg_20260927/transfer/results/r21vgg2k_vgg16_bn_aa5_s42/faces_rfwWM64/houses_yin64/results.csv,UU
bin5,VGG2k / bin5,r21vgg2k_vgg16_bn_aa5_s42,face_transfer,124,two_shared_ui,RFW WM64,Houses,0.37,0.39,50,within_sampled_range,UU,126,62.5,runs/yin_latest_vgg_20260927/transfer/results/r21vgg2k_vgg16_bn_aa5_s42/faces_rfwWM64/houses_yin64/results.csv,UU
bin5,VGG2k / bin5,r21vgg2k_vgg16_bn_aa5_s42,face_transfer,124,two_shared_ui,RFW WM64,Houses,0.37,0.39,50,within_sampled_range,UU,127,62.5,runs/yin_latest_vgg_20260927/transfer/results/r21vgg2k_vgg16_bn_aa5_s42/faces_rfwWM64/houses_yin64/results.csv,UU
bin5,VGG2k / bin5,r21vgg2k_vgg16_bn_aa5_s42,face_transfer,124,two_shared_ui,RFW WM64,Houses,0.37,0.39,50,within_sampled_range,UU,128,70.83333333333334,runs/yin_latest_vgg_20260927/transfer/results/r21vgg2k_vgg16_bn_aa5_s42/faces_rfwWM64/houses_yin64/results.csv,UU
bin5,VGG2k / bin5,r21vgg2k_vgg16_bn_aa5_s42,face_transfer,124,two_shared_ui,RFW WM64,Houses,0.37,0.39,50,within_sampled_range,UU,129,66.66666666666666,runs/yin_latest_vgg_20260927/transfer/results/r21vgg2k_vgg16_bn_aa5_s42/faces_rfwWM64/houses_yin64/results.csv,UU
bin5,VGG2k / bin5,r21vgg2k_vgg16_bn_aa5_s42,face_transfer,124,two_shared_ui,RFW WM64,Houses,0.37,0.39,50,within_sampled_range,UU,130,66.66666666666666,runs/yin_latest_vgg_20260927/transfer/results/r21vgg2k_vgg16_bn_aa5_s42/faces_rfwWM64/houses_yin64/results.csv,UU
bin5,VGG2k / bin5,r21vgg2k_vgg16_bn_aa5_s42,face_transfer,124,two_shared_ui,RFW WM64,Houses,0.37,0.39,50,within_sampled_range,UU,131,58.333333333333336,runs/yin_latest_vgg_20260927/transfer/results/r21vgg2k_vgg16_bn_aa5_s42/faces_rfwWM64/houses_yin64/results.csv,UU
bin5,VGG2k / bin5,r21vgg2k_vgg16_bn_aa5_s42,face_transfer,124,two_shared_ui,RFW WM64,Houses,0.37,0.39,50,within_sampled_range,UU,132,79.16666666666666,runs/yin_latest_vgg_20260927/transfer/results/r21vgg2k_vgg16_bn_aa5_s42/faces_rfwWM64/houses_yin64/results.csv,UU
bin5,VGG2k / bin5,r21vgg2k_vgg16_bn_aa5_s42,face_transfer,124,two_shared_ui,RFW WM64,Houses,0.37,0.39,50,within_sampled_range,UU,133,41.66666666666667,runs/yin_latest_vgg_20260927/transfer/results/r21vgg2k_vgg16_bn_aa5_s42/faces_rfwWM64/houses_yin64/results.csv,UU
bin5,VGG2k / bin5,r21vgg2k_vgg16_bn_aa5_s42,face_transfer,124,two_shared_ui,RFW WM64,Houses,0.37,0.39,50,within_sampled_range,UU,134,75.0,runs/yin_latest_vgg_20260927/transfer/results/r21vgg2k_vgg16_bn_aa5_s42/faces_rfwWM64/houses_yin64/results.csv,UU
bin5,VGG2k / bin5,r21vgg2k_vgg16_bn_aa5_s42,face_transfer,124,two_shared_ui,RFW WM64,Houses,0.37,0.39,50,within_sampled_range,UU,135,66.66666666666666,runs/yin_latest_vgg_20260927/transfer/results/r21vgg2k_vgg16_bn_aa5_s42/faces_rfwWM64/houses_yin64/results.csv,UU
bin5,VGG2k / bin5,r21vgg2k_vgg16_bn_aa5_s42,face_transfer,124,two_shared_ui,RFW WM64,Houses,0.37,0.39,50,within_sampled_range,UU,136,79.16666666666666,runs/yin_latest_vgg_20260927/transfer/results/r21vgg2k_vgg16_bn_aa5_s42/faces_rfwWM64/houses_yin64/results.csv,UU
bin5,VGG2k / bin5,r21vgg2k_vgg16_bn_aa5_s42,face_transfer,124,two_shared_ui,RFW WM64,Houses,0.37,0.39,50,within_sampled_range,UU,137,83.33333333333334,runs/yin_latest_vgg_20260927/transfer/results/r21vgg2k_vgg16_bn_aa5_s42/faces_rfwWM64/houses_yin64/results.csv,UU
bin5,VGG2k / bin5,r21vgg2k_vgg16_bn_aa5_s42,face_transfer,124,two_shared_ui,RFW WM64,Houses,0.37,0.39,50,within_sampled_range,UU,138,58.333333333333336,runs/yin_latest_vgg_20260927/transfer/results/r21vgg2k_vgg16_bn_aa5_s42/faces_rfwWM64/houses_yin64/results.csv,UU
bin5,VGG2k / bin5,r21vgg2k_vgg16_bn_aa5_s42,face_transfer,124,two_shared_ui,RFW WM64,Houses,0.37,0.39,50,within_sampled_range,UU,139,75.0,runs/yin_latest_vgg_20260927/transfer/results/r21vgg2k_vgg16_bn_aa5_s42/faces_rfwWM64/houses_yin64/results.csv,UU
bin5,VGG2k / bin5,r21vgg2k_vgg16_bn_aa5_s42,face_transfer,124,two_shared_ui,RFW WM64,Houses,0.37,0.39,50,within_sampled_range,UU,140,62.5,runs/yin_latest_vgg_20260927/transfer/results/r21vgg2k_vgg16_bn_aa5_s42/faces_rfwWM64/houses_yin64/results.csv,UU
bin5,VGG2k / bin5,r21vgg2k_vgg16_bn_aa5_s42,face_transfer,124,two_shared_ui,RFW WM64,Houses,0.37,0.39,50,within_sampled_range,UU,141,66.66666666666666,runs/yin_latest_vgg_20260927/transfer/results/r21vgg2k_vgg16_bn_aa5_s42/faces_rfwWM64/houses_yin64/results.csv,UU
bin5,VGG2k / bin5,r21vgg2k_vgg16_bn_aa5_s42,face_transfer,124,two_shared_ui,RFW WM64,Houses,0.37,0.39,50,within_sampled_range,UU,142,75.0,runs/yin_latest_vgg_20260927/transfer/results/r21vgg2k_vgg16_bn_aa5_s42/faces_rfwWM64/houses_yin64/results.csv,UU
bin5,VGG2k / bin5,r21vgg2k_vgg16_bn_aa5_s42,face_transfer,124,two_shared_ui,RFW WM64,Houses,0.37,0.39,50,within_sampled_range,UU,143,83.33333333333334,runs/yin_latest_vgg_20260927/transfer/results/r21vgg2k_vgg16_bn_aa5_s42/faces_rfwWM64/houses_yin64/results.csv,UU
bin5,VGG2k / bin5,r21vgg2k_vgg16_bn_aa5_s42,face_transfer,124,two_shared_ui,RFW WM64,Houses,0.37,0.39,50,within_sampled_range,UU,144,66.66666666666666,runs/yin_latest_vgg_20260927/transfer/results/r21vgg2k_vgg16_bn_aa5_s42/faces_rfwWM64/houses_yin64/results.csv,UU
bin5,VGG2k / bin5,r21vgg2k_vgg16_bn_aa5_s42,face_transfer,124,two_shared_ui,RFW WM64,Houses,0.37,0.39,50,within_sampled_range,UU,145,75.0,runs/yin_latest_vgg_20260927/transfer/results/r21vgg2k_vgg16_bn_aa5_s42/faces_rfwWM64/houses_yin64/results.csv,UU
bin5,VGG2k / bin5,r21vgg2k_vgg16_bn_aa5_s42,face_transfer,124,two_shared_ui,RFW WM64,Houses,0.37,0.39,50,within_sampled_range,UU,146,75.0,runs/yin_latest_vgg_20260927/transfer/results/r21vgg2k_vgg16_bn_aa5_s42/faces_rfwWM64/houses_yin64/results.csv,UU
bin5,VGG2k / bin5,r21vgg2k_vgg16_bn_aa5_s42,face_transfer,124,two_shared_ui,RFW WM64,Houses,0.37,0.39,50,within_sampled_range,UU,147,70.83333333333334,runs/yin_latest_vgg_20260927/transfer/results/r21vgg2k_vgg16_bn_aa5_s42/faces_rfwWM64/houses_yin64/results.csv,UU
bin5,VGG2k / bin5,r21vgg2k_vgg16_bn_aa5_s42,face_transfer,124,two_shared_ui,RFW WM64,Houses,0.37,0.39,50,within_sampled_range,UU,148,83.33333333333334,runs/yin_latest_vgg_20260927/transfer/results/r21vgg2k_vgg16_bn_aa5_s42/faces_rfwWM64/houses_yin64/results.csv,UU
bin5,VGG2k / bin5,r21vgg2k_vgg16_bn_aa5_s42,face_transfer,124,two_shared_ui,RFW WM64,Houses,0.37,0.39,50,within_sampled_range,UU,149,54.166666666666664,runs/yin_latest_vgg_20260927/transfer/results/r21vgg2k_vgg16_bn_aa5_s42/faces_rfwWM64/houses_yin64/results.csv,UU
bin5,VGG2k / bin5,r21vgg2k_vgg16_bn_aa5_s42,face_transfer,124,two_shared_ui,RFW WM64,Houses,0.37,0.39,50,within_sampled_range,UU,150,75.0,runs/yin_latest_vgg_20260927/transfer/results/r21vgg2k_vgg16_bn_aa5_s42/faces_rfwWM64/houses_yin64/results.csv,UU
bin5,VGG2k / bin5,r21vgg2k_vgg16_bn_aa5_s42,face_transfer,124,two_shared_ui,RFW WM64,Houses,0.37,0.39,50,within_sampled_range,II,101,66.66666666666666,runs/yin_latest_vgg_20260927/transfer/results/r21vgg2k_vgg16_bn_aa5_s42/faces_rfwWM64/houses_yin64/results.csv,II
bin5,VGG2k / bin5,r21vgg2k_vgg16_bn_aa5_s42,face_transfer,124,two_shared_ui,RFW WM64,Houses,0.37,0.39,50,within_sampled_range,II,102,75.0,runs/yin_latest_vgg_20260927/transfer/results/r21vgg2k_vgg16_bn_aa5_s42/faces_rfwWM64/houses_yin64/results.csv,II
bin5,VGG2k / bin5,r21vgg2k_vgg16_bn_aa5_s42,face_transfer,124,two_shared_ui,RFW WM64,Houses,0.37,0.39,50,within_sampled_range,II,103,62.5,runs/yin_latest_vgg_20260927/transfer/results/r21vgg2k_vgg16_bn_aa5_s42/faces_rfwWM64/houses_yin64/results.csv,II
bin5,VGG2k / bin5,r21vgg2k_vgg16_bn_aa5_s42,face_transfer,124,two_shared_ui,RFW WM64,Houses,0.37,0.39,50,within_sampled_range,II,104,58.333333333333336,runs/yin_latest_vgg_20260927/transfer/results/r21vgg2k_vgg16_bn_aa5_s42/faces_rfwWM64/houses_yin64/results.csv,II
bin5,VGG2k / bin5,r21vgg2k_vgg16_bn_aa5_s42,face_transfer,124,two_shared_ui,RFW WM64,Houses,0.37,0.39,50,within_sampled_range,II,105,70.83333333333334,runs/yin_latest_vgg_20260927/transfer/results/r21vgg2k_vgg16_bn_aa5_s42/faces_rfwWM64/houses_yin64/results.csv,II
bin5,VGG2k / bin5,r21vgg2k_vgg16_bn_aa5_s42,face_transfer,124,two_shared_ui,RFW WM64,Houses,0.37,0.39,50,within_sampled_range,II,106,83.33333333333334,runs/yin_latest_vgg_20260927/transfer/results/r21vgg2k_vgg16_bn_aa5_s42/faces_rfwWM64/houses_yin64/results.csv,II
bin5,VGG2k / bin5,r21vgg2k_vgg16_bn_aa5_s42,face_transfer,124,two_shared_ui,RFW WM64,Houses,0.37,0.39,50,within_sampled_range,II,107,66.66666666666666,runs/yin_latest_vgg_20260927/transfer/results/r21vgg2k_vgg16_bn_aa5_s42/faces_rfwWM64/houses_yin64/results.csv,II
bin5,VGG2k / bin5,r21vgg2k_vgg16_bn_aa5_s42,face_transfer,124,two_shared_ui,RFW WM64,Houses,0.37,0.39,50,within_sampled_range,II,108,54.166666666666664,runs/yin_latest_vgg_20260927/transfer/results/r21vgg2k_vgg16_bn_aa5_s42/faces_rfwWM64/houses_yin64/results.csv,II
bin5,VGG2k / bin5,r21vgg2k_vgg16_bn_aa5_s42,face_transfer,124,two_shared_ui,RFW WM64,Houses,0.37,0.39,50,within_sampled_range,II,109,66.66666666666666,runs/yin_latest_vgg_20260927/transfer/results/r21vgg2k_vgg16_bn_aa5_s42/faces_rfwWM64/houses_yin64/results.csv,II
bin5,VGG2k / bin5,r21vgg2k_vgg16_bn_aa5_s42,face_transfer,124,two_shared_ui,RFW WM64,Houses,0.37,0.39,50,within_sampled_range,II,110,75.0,runs/yin_latest_vgg_20260927/transfer/results/r21vgg2k_vgg16_bn_aa5_s42/faces_rfwWM64/houses_yin64/results.csv,II
bin5,VGG2k / bin5,r21vgg2k_vgg16_bn_aa5_s42,face_transfer,124,two_shared_ui,RFW WM64,Houses,0.37,0.39,50,within_sampled_range,II,111,58.333333333333336,runs/yin_latest_vgg_20260927/transfer/results/r21vgg2k_vgg16_bn_aa5_s42/faces_rfwWM64/houses_yin64/results.csv,II
bin5,VGG2k / bin5,r21vgg2k_vgg16_bn_aa5_s42,face_transfer,124,two_shared_ui,RFW WM64,Houses,0.37,0.39,50,within_sampled_range,II,112,83.33333333333334,runs/yin_latest_vgg_20260927/transfer/results/r21vgg2k_vgg16_bn_aa5_s42/faces_rfwWM64/houses_yin64/results.csv,II
bin5,VGG2k / bin5,r21vgg2k_vgg16_bn_aa5_s42,face_transfer,124,two_shared_ui,RFW WM64,Houses,0.37,0.39,50,within_sampled_range,II,113,45.83333333333333,runs/yin_latest_vgg_20260927/transfer/results/r21vgg2k_vgg16_bn_aa5_s42/faces_rfwWM64/houses_yin64/results.csv,II
bin5,VGG2k / bin5,r21vgg2k_vgg16_bn_aa5_s42,face_transfer,124,two_shared_ui,RFW WM64,Houses,0.37,0.39,50,within_sampled_range,II,114,66.66666666666666,runs/yin_latest_vgg_20260927/transfer/results/r21vgg2k_vgg16_bn_aa5_s42/faces_rfwWM64/houses_yin64/results.csv,II
bin5,VGG2k / bin5,r21vgg2k_vgg16_bn_aa5_s42,face_transfer,124,two_shared_ui,RFW WM64,Houses,0.37,0.39,50,within_sampled_range,II,115,66.66666666666666,runs/yin_latest_vgg_20260927/transfer/results/r21vgg2k_vgg16_bn_aa5_s42/faces_rfwWM64/houses_yin64/results.csv,II
bin5,VGG2k / bin5,r21vgg2k_vgg16_bn_aa5_s42,face_transfer,124,two_shared_ui,RFW WM64,Houses,0.37,0.39,50,within_sampled_range,II,116,62.5,runs/yin_latest_vgg_20260927/transfer/results/r21vgg2k_vgg16_bn_aa5_s42/faces_rfwWM64/houses_yin64/results.csv,II
bin5,VGG2k / bin5,r21vgg2k_vgg16_bn_aa5_s42,face_transfer,124,two_shared_ui,RFW WM64,Houses,0.37,0.39,50,within_sampled_range,II,117,66.66666666666666,runs/yin_latest_vgg_20260927/transfer/results/r21vgg2k_vgg16_bn_aa5_s42/faces_rfwWM64/houses_yin64/results.csv,II
bin5,VGG2k / bin5,r21vgg2k_vgg16_bn_aa5_s42,face_transfer,124,two_shared_ui,RFW WM64,Houses,0.37,0.39,50,within_sampled_range,II,118,75.0,runs/yin_latest_vgg_20260927/transfer/results/r21vgg2k_vgg16_bn_aa5_s42/faces_rfwWM64/houses_yin64/results.csv,II
bin5,VGG2k / bin5,r21vgg2k_vgg16_bn_aa5_s42,face_transfer,124,two_shared_ui,RFW WM64,Houses,0.37,0.39,50,within_sampled_range,II,119,62.5,runs/yin_latest_vgg_20260927/transfer/results/r21vgg2k_vgg16_bn_aa5_s42/faces_rfwWM64/houses_yin64/results.csv,II
bin5,VGG2k / bin5,r21vgg2k_vgg16_bn_aa5_s42,face_transfer,124,two_shared_ui,RFW WM64,Houses,0.37,0.39,50,within_sampled_range,II,120,66.66666666666666,runs/yin_latest_vgg_20260927/transfer/results/r21vgg2k_vgg16_bn_aa5_s42/faces_rfwWM64/houses_yin64/results.csv,II
bin5,VGG2k / bin5,r21vgg2k_vgg16_bn_aa5_s42,face_transfer,124,two_shared_ui,RFW WM64,Houses,0.37,0.39,50,within_sampled_range,II,121,58.333333333333336,runs/yin_latest_vgg_20260927/transfer/results/r21vgg2k_vgg16_bn_aa5_s42/faces_rfwWM64/houses_yin64/results.csv,II
bin5,VGG2k / bin5,r21vgg2k_vgg16_bn_aa5_s42,face_transfer,124,two_shared_ui,RFW WM64,Houses,0.37,0.39,50,within_sampled_range,II,122,62.5,runs/yin_latest_vgg_20260927/transfer/results/r21vgg2k_vgg16_bn_aa5_s42/faces_rfwWM64/houses_yin64/results.csv,II
bin5,VGG2k / bin5,r21vgg2k_vgg16_bn_aa5_s42,face_transfer,124,two_shared_ui,RFW WM64,Houses,0.37,0.39,50,within_sampled_range,II,123,75.0,runs/yin_latest_vgg_20260927/transfer/results/r21vgg2k_vgg16_bn_aa5_s42/faces_rfwWM64/houses_yin64/results.csv,II
bin5,VGG2k / bin5,r21vgg2k_vgg16_bn_aa5_s42,face_transfer,124,two_shared_ui,RFW WM64,Houses,0.37,0.39,50,within_sampled_range,II,124,54.166666666666664,runs/yin_latest_vgg_20260927/transfer/results/r21vgg2k_vgg16_bn_aa5_s42/faces_rfwWM64/houses_yin64/results.csv,II
bin5,VGG2k / bin5,r21vgg2k_vgg16_bn_aa5_s42,face_transfer,124,two_shared_ui,RFW WM64,Houses,0.37,0.39,50,within_sampled_range,II,125,50.0,runs/yin_latest_vgg_20260927/transfer/results/r21vgg2k_vgg16_bn_aa5_s42/faces_rfwWM64/houses_yin64/results.csv,II
bin5,VGG2k / bin5,r21vgg2k_vgg16_bn_aa5_s42,face_transfer,124,two_shared_ui,RFW WM64,Houses,0.37,0.39,50,within_sampled_range,II,126,66.66666666666666,runs/yin_latest_vgg_20260927/transfer/results/r21vgg2k_vgg16_bn_aa5_s42/faces_rfwWM64/houses_yin64/results.csv,II
bin5,VGG2k / bin5,r21vgg2k_vgg16_bn_aa5_s42,face_transfer,124,two_shared_ui,RFW WM64,Houses,0.37,0.39,50,within_sampled_range,II,127,45.83333333333333,runs/yin_latest_vgg_20260927/transfer/results/r21vgg2k_vgg16_bn_aa5_s42/faces_rfwWM64/houses_yin64/results.csv,II
bin5,VGG2k / bin5,r21vgg2k_vgg16_bn_aa5_s42,face_transfer,124,two_shared_ui,RFW WM64,Houses,0.37,0.39,50,within_sampled_range,II,128,58.333333333333336,runs/yin_latest_vgg_20260927/transfer/results/r21vgg2k_vgg16_bn_aa5_s42/faces_rfwWM64/houses_yin64/results.csv,II
bin5,VGG2k / bin5,r21vgg2k_vgg16_bn_aa5_s42,face_transfer,124,two_shared_ui,RFW WM64,Houses,0.37,0.39,50,within_sampled_range,II,129,66.66666666666666,runs/yin_latest_vgg_20260927/transfer/results/r21vgg2k_vgg16_bn_aa5_s42/faces_rfwWM64/houses_yin64/results.csv,II
bin5,VGG2k / bin5,r21vgg2k_vgg16_bn_aa5_s42,face_transfer,124,two_shared_ui,RFW WM64,Houses,0.37,0.39,50,within_sampled_range,II,130,75.0,runs/yin_latest_vgg_20260927/transfer/results/r21vgg2k_vgg16_bn_aa5_s42/faces_rfwWM64/houses_yin64/results.csv,II
bin5,VGG2k / bin5,r21vgg2k_vgg16_bn_aa5_s42,face_transfer,124,two_shared_ui,RFW WM64,Houses,0.37,0.39,50,within_sampled_range,II,131,54.166666666666664,runs/yin_latest_vgg_20260927/transfer/results/r21vgg2k_vgg16_bn_aa5_s42/faces_rfwWM64/houses_yin64/results.csv,II
bin5,VGG2k / bin5,r21vgg2k_vgg16_bn_aa5_s42,face_transfer,124,two_shared_ui,RFW WM64,Houses,0.37,0.39,50,within_sampled_range,II,132,95.83333333333334,runs/yin_latest_vgg_20260927/transfer/results/r21vgg2k_vgg16_bn_aa5_s42/faces_rfwWM64/houses_yin64/results.csv,II
bin5,VGG2k / bin5,r21vgg2k_vgg16_bn_aa5_s42,face_transfer,124,two_shared_ui,RFW WM64,Houses,0.37,0.39,50,within_sampled_range,II,133,58.333333333333336,runs/yin_latest_vgg_20260927/transfer/results/r21vgg2k_vgg16_bn_aa5_s42/faces_rfwWM64/houses_yin64/results.csv,II
bin5,VGG2k / bin5,r21vgg2k_vgg16_bn_aa5_s42,face_transfer,124,two_shared_ui,RFW WM64,Houses,0.37,0.39,50,within_sampled_range,II,134,66.66666666666666,runs/yin_latest_vgg_20260927/transfer/results/r21vgg2k_vgg16_bn_aa5_s42/faces_rfwWM64/houses_yin64/results.csv,II
bin5,VGG2k / bin5,r21vgg2k_vgg16_bn_aa5_s42,face_transfer,124,two_shared_ui,RFW WM64,Houses,0.37,0.39,50,within_sampled_range,II,135,54.166666666666664,runs/yin_latest_vgg_20260927/transfer/results/r21vgg2k_vgg16_bn_aa5_s42/faces_rfwWM64/houses_yin64/results.csv,II
bin5,VGG2k / bin5,r21vgg2k_vgg16_bn_aa5_s42,face_transfer,124,two_shared_ui,RFW WM64,Houses,0.37,0.39,50,within_sampled_range,II,136,50.0,runs/yin_latest_vgg_20260927/transfer/results/r21vgg2k_vgg16_bn_aa5_s42/faces_rfwWM64/houses_yin64/results.csv,II
bin5,VGG2k / bin5,r21vgg2k_vgg16_bn_aa5_s42,face_transfer,124,two_shared_ui,RFW WM64,Houses,0.37,0.39,50,within_sampled_range,II,137,75.0,runs/yin_latest_vgg_20260927/transfer/results/r21vgg2k_vgg16_bn_aa5_s42/faces_rfwWM64/houses_yin64/results.csv,II
bin5,VGG2k / bin5,r21vgg2k_vgg16_bn_aa5_s42,face_transfer,124,two_shared_ui,RFW WM64,Houses,0.37,0.39,50,within_sampled_range,II,138,75.0,runs/yin_latest_vgg_20260927/transfer/results/r21vgg2k_vgg16_bn_aa5_s42/faces_rfwWM64/houses_yin64/results.csv,II
bin5,VGG2k / bin5,r21vgg2k_vgg16_bn_aa5_s42,face_transfer,124,two_shared_ui,RFW WM64,Houses,0.37,0.39,50,within_sampled_range,II,139,66.66666666666666,runs/yin_latest_vgg_20260927/transfer/results/r21vgg2k_vgg16_bn_aa5_s42/faces_rfwWM64/houses_yin64/results.csv,II
bin5,VGG2k / bin5,r21vgg2k_vgg16_bn_aa5_s42,face_transfer,124,two_shared_ui,RFW WM64,Houses,0.37,0.39,50,within_sampled_range,II,140,66.66666666666666,runs/yin_latest_vgg_20260927/transfer/results/r21vgg2k_vgg16_bn_aa5_s42/faces_rfwWM64/houses_yin64/results.csv,II
bin5,VGG2k / bin5,r21vgg2k_vgg16_bn_aa5_s42,face_transfer,124,two_shared_ui,RFW WM64,Houses,0.37,0.39,50,within_sampled_range,II,141,58.333333333333336,runs/yin_latest_vgg_20260927/transfer/results/r21vgg2k_vgg16_bn_aa5_s42/faces_rfwWM64/houses_yin64/results.csv,II
bin5,VGG2k / bin5,r21vgg2k_vgg16_bn_aa5_s42,face_transfer,124,two_shared_ui,RFW WM64,Houses,0.37,0.39,50,within_sampled_range,II,142,62.5,runs/yin_latest_vgg_20260927/transfer/results/r21vgg2k_vgg16_bn_aa5_s42/faces_rfwWM64/houses_yin64/results.csv,II
bin5,VGG2k / bin5,r21vgg2k_vgg16_bn_aa5_s42,face_transfer,124,two_shared_ui,RFW WM64,Houses,0.37,0.39,50,within_sampled_range,II,143,66.66666666666666,runs/yin_latest_vgg_20260927/transfer/results/r21vgg2k_vgg16_bn_aa5_s42/faces_rfwWM64/houses_yin64/results.csv,II
bin5,VGG2k / bin5,r21vgg2k_vgg16_bn_aa5_s42,face_transfer,124,two_shared_ui,RFW WM64,Houses,0.37,0.39,50,within_sampled_range,II,144,70.83333333333334,runs/yin_latest_vgg_20260927/transfer/results/r21vgg2k_vgg16_bn_aa5_s42/faces_rfwWM64/houses_yin64/results.csv,II
bin5,VGG2k / bin5,r21vgg2k_vgg16_bn_aa5_s42,face_transfer,124,two_shared_ui,RFW WM64,Houses,0.37,0.39,50,within_sampled_range,II,145,70.83333333333334,runs/yin_latest_vgg_20260927/transfer/results/r21vgg2k_vgg16_bn_aa5_s42/faces_rfwWM64/houses_yin64/results.csv,II
bin5,VGG2k / bin5,r21vgg2k_vgg16_bn_aa5_s42,face_transfer,124,two_shared_ui,RFW WM64,Houses,0.37,0.39,50,within_sampled_range,II,146,75.0,runs/yin_latest_vgg_20260927/transfer/results/r21vgg2k_vgg16_bn_aa5_s42/faces_rfwWM64/houses_yin64/results.csv,II
bin5,VGG2k / bin5,r21vgg2k_vgg16_bn_aa5_s42,face_transfer,124,two_shared_ui,RFW WM64,Houses,0.37,0.39,50,within_sampled_range,II,147,62.5,runs/yin_latest_vgg_20260927/transfer/results/r21vgg2k_vgg16_bn_aa5_s42/faces_rfwWM64/houses_yin64/results.csv,II
bin5,VGG2k / bin5,r21vgg2k_vgg16_bn_aa5_s42,face_transfer,124,two_shared_ui,RFW WM64,Houses,0.37,0.39,50,within_sampled_range,II,148,79.16666666666666,runs/yin_latest_vgg_20260927/transfer/results/r21vgg2k_vgg16_bn_aa5_s42/faces_rfwWM64/houses_yin64/results.csv,II
bin5,VGG2k / bin5,r21vgg2k_vgg16_bn_aa5_s42,face_transfer,124,two_shared_ui,RFW WM64,Houses,0.37,0.39,50,within_sampled_range,II,149,62.5,runs/yin_latest_vgg_20260927/transfer/results/r21vgg2k_vgg16_bn_aa5_s42/faces_rfwWM64/houses_yin64/results.csv,II
bin5,VGG2k / bin5,r21vgg2k_vgg16_bn_aa5_s42,face_transfer,124,two_shared_ui,RFW WM64,Houses,0.37,0.39,50,within_sampled_range,II,150,66.66666666666666,runs/yin_latest_vgg_20260927/transfer/results/r21vgg2k_vgg16_bn_aa5_s42/faces_rfwWM64/houses_yin64/results.csv,II
bin5,VGG2k / bin5,r21vgg2k_vgg16_bn_aa5_s42,face_transfer,124,two_shared_ui,RFW WM64,Houses,0.37,0.39,50,within_sampled_range,UI,101,79.16666666666666,runs/yin_latest_vgg_20260927/transfer/results/r21vgg2k_vgg16_bn_aa5_s42/faces_rfwWM64/houses_yin64/results.csv,UI_shared
bin5,VGG2k / bin5,r21vgg2k_vgg16_bn_aa5_s42,face_transfer,124,two_shared_ui,RFW WM64,Houses,0.37,0.39,50,within_sampled_range,UI,102,83.33333333333334,runs/yin_latest_vgg_20260927/transfer/results/r21vgg2k_vgg16_bn_aa5_s42/faces_rfwWM64/houses_yin64/results.csv,UI_shared
bin5,VGG2k / bin5,r21vgg2k_vgg16_bn_aa5_s42,face_transfer,124,two_shared_ui,RFW WM64,Houses,0.37,0.39,50,within_sampled_range,UI,103,79.16666666666666,runs/yin_latest_vgg_20260927/transfer/results/r21vgg2k_vgg16_bn_aa5_s42/faces_rfwWM64/houses_yin64/results.csv,UI_shared
bin5,VGG2k / bin5,r21vgg2k_vgg16_bn_aa5_s42,face_transfer,124,two_shared_ui,RFW WM64,Houses,0.37,0.39,50,within_sampled_range,UI,104,75.0,runs/yin_latest_vgg_20260927/transfer/results/r21vgg2k_vgg16_bn_aa5_s42/faces_rfwWM64/houses_yin64/results.csv,UI_shared
bin5,VGG2k / bin5,r21vgg2k_vgg16_bn_aa5_s42,face_transfer,124,two_shared_ui,RFW WM64,Houses,0.37,0.39,50,within_sampled_range,UI,105,62.5,runs/yin_latest_vgg_20260927/transfer/results/r21vgg2k_vgg16_bn_aa5_s42/faces_rfwWM64/houses_yin64/results.csv,UI_shared
bin5,VGG2k / bin5,r21vgg2k_vgg16_bn_aa5_s42,face_transfer,124,two_shared_ui,RFW WM64,Houses,0.37,0.39,50,within_sampled_range,UI,106,79.16666666666666,runs/yin_latest_vgg_20260927/transfer/results/r21vgg2k_vgg16_bn_aa5_s42/faces_rfwWM64/houses_yin64/results.csv,UI_shared
bin5,VGG2k / bin5,r21vgg2k_vgg16_bn_aa5_s42,face_transfer,124,two_shared_ui,RFW WM64,Houses,0.37,0.39,50,within_sampled_range,UI,107,70.83333333333334,runs/yin_latest_vgg_20260927/transfer/results/r21vgg2k_vgg16_bn_aa5_s42/faces_rfwWM64/houses_yin64/results.csv,UI_shared
bin5,VGG2k / bin5,r21vgg2k_vgg16_bn_aa5_s42,face_transfer,124,two_shared_ui,RFW WM64,Houses,0.37,0.39,50,within_sampled_range,UI,108,79.16666666666666,runs/yin_latest_vgg_20260927/transfer/results/r21vgg2k_vgg16_bn_aa5_s42/faces_rfwWM64/houses_yin64/results.csv,UI_shared
bin5,VGG2k / bin5,r21vgg2k_vgg16_bn_aa5_s42,face_transfer,124,two_shared_ui,RFW WM64,Houses,0.37,0.39,50,within_sampled_range,UI,109,75.0,runs/yin_latest_vgg_20260927/transfer/results/r21vgg2k_vgg16_bn_aa5_s42/faces_rfwWM64/houses_yin64/results.csv,UI_shared
bin5,VGG2k / bin5,r21vgg2k_vgg16_bn_aa5_s42,face_transfer,124,two_shared_ui,RFW WM64,Houses,0.37,0.39,50,within_sampled_range,UI,110,62.5,runs/yin_latest_vgg_20260927/transfer/results/r21vgg2k_vgg16_bn_aa5_s42/faces_rfwWM64/houses_yin64/results.csv,UI_shared
bin5,VGG2k / bin5,r21vgg2k_vgg16_bn_aa5_s42,face_transfer,124,two_shared_ui,RFW WM64,Houses,0.37,0.39,50,within_sampled_range,UI,111,79.16666666666666,runs/yin_latest_vgg_20260927/transfer/results/r21vgg2k_vgg16_bn_aa5_s42/faces_rfwWM64/houses_yin64/results.csv,UI_shared
bin5,VGG2k / bin5,r21vgg2k_vgg16_bn_aa5_s42,face_transfer,124,two_shared_ui,RFW WM64,Houses,0.37,0.39,50,within_sampled_range,UI,112,50.0,runs/yin_latest_vgg_20260927/transfer/results/r21vgg2k_vgg16_bn_aa5_s42/faces_rfwWM64/houses_yin64/results.csv,UI_shared
bin5,VGG2k / bin5,r21vgg2k_vgg16_bn_aa5_s42,face_transfer,124,two_shared_ui,RFW WM64,Houses,0.37,0.39,50,within_sampled_range,UI,113,79.16666666666666,runs/yin_latest_vgg_20260927/transfer/results/r21vgg2k_vgg16_bn_aa5_s42/faces_rfwWM64/houses_yin64/results.csv,UI_shared
bin5,VGG2k / bin5,r21vgg2k_vgg16_bn_aa5_s42,face_transfer,124,two_shared_ui,RFW WM64,Houses,0.37,0.39,50,within_sampled_range,UI,114,70.83333333333334,runs/yin_latest_vgg_20260927/transfer/results/r21vgg2k_vgg16_bn_aa5_s42/faces_rfwWM64/houses_yin64/results.csv,UI_shared
bin5,VGG2k / bin5,r21vgg2k_vgg16_bn_aa5_s42,face_transfer,124,two_shared_ui,RFW WM64,Houses,0.37,0.39,50,within_sampled_range,UI,115,79.16666666666666,runs/yin_latest_vgg_20260927/transfer/results/r21vgg2k_vgg16_bn_aa5_s42/faces_rfwWM64/houses_yin64/results.csv,UI_shared
bin5,VGG2k / bin5,r21vgg2k_vgg16_bn_aa5_s42,face_transfer,124,two_shared_ui,RFW WM64,Houses,0.37,0.39,50,within_sampled_range,UI,116,83.33333333333334,runs/yin_latest_vgg_20260927/transfer/results/r21vgg2k_vgg16_bn_aa5_s42/faces_rfwWM64/houses_yin64/results.csv,UI_shared
bin5,VGG2k / bin5,r21vgg2k_vgg16_bn_aa5_s42,face_transfer,124,two_shared_ui,RFW WM64,Houses,0.37,0.39,50,within_sampled_range,UI,117,83.33333333333334,runs/yin_latest_vgg_20260927/transfer/results/r21vgg2k_vgg16_bn_aa5_s42/faces_rfwWM64/houses_yin64/results.csv,UI_shared
bin5,VGG2k / bin5,r21vgg2k_vgg16_bn_aa5_s42,face_transfer,124,two_shared_ui,RFW WM64,Houses,0.37,0.39,50,within_sampled_range,UI,118,75.0,runs/yin_latest_vgg_20260927/transfer/results/r21vgg2k_vgg16_bn_aa5_s42/faces_rfwWM64/houses_yin64/results.csv,UI_shared
bin5,VGG2k / bin5,r21vgg2k_vgg16_bn_aa5_s42,face_transfer,124,two_shared_ui,RFW WM64,Houses,0.37,0.39,50,within_sampled_range,UI,119,54.166666666666664,runs/yin_latest_vgg_20260927/transfer/results/r21vgg2k_vgg16_bn_aa5_s42/faces_rfwWM64/houses_yin64/results.csv,UI_shared
bin5,VGG2k / bin5,r21vgg2k_vgg16_bn_aa5_s42,face_transfer,124,two_shared_ui,RFW WM64,Houses,0.37,0.39,50,within_sampled_range,UI,120,66.66666666666666,runs/yin_latest_vgg_20260927/transfer/results/r21vgg2k_vgg16_bn_aa5_s42/faces_rfwWM64/houses_yin64/results.csv,UI_shared
bin5,VGG2k / bin5,r21vgg2k_vgg16_bn_aa5_s42,face_transfer,124,two_shared_ui,RFW WM64,Houses,0.37,0.39,50,within_sampled_range,UI,121,66.66666666666666,runs/yin_latest_vgg_20260927/transfer/results/r21vgg2k_vgg16_bn_aa5_s42/faces_rfwWM64/houses_yin64/results.csv,UI_shared
bin5,VGG2k / bin5,r21vgg2k_vgg16_bn_aa5_s42,face_transfer,124,two_shared_ui,RFW WM64,Houses,0.37,0.39,50,within_sampled_range,UI,122,66.66666666666666,runs/yin_latest_vgg_20260927/transfer/results/r21vgg2k_vgg16_bn_aa5_s42/faces_rfwWM64/houses_yin64/results.csv,UI_shared
bin5,VGG2k / bin5,r21vgg2k_vgg16_bn_aa5_s42,face_transfer,124,two_shared_ui,RFW WM64,Houses,0.37,0.39,50,within_sampled_range,UI,123,66.66666666666666,runs/yin_latest_vgg_20260927/transfer/results/r21vgg2k_vgg16_bn_aa5_s42/faces_rfwWM64/houses_yin64/results.csv,UI_shared
bin5,VGG2k / bin5,r21vgg2k_vgg16_bn_aa5_s42,face_transfer,124,two_shared_ui,RFW WM64,Houses,0.37,0.39,50,within_sampled_range,UI,124,75.0,runs/yin_latest_vgg_20260927/transfer/results/r21vgg2k_vgg16_bn_aa5_s42/faces_rfwWM64/houses_yin64/results.csv,UI_shared
bin5,VGG2k / bin5,r21vgg2k_vgg16_bn_aa5_s42,face_transfer,124,two_shared_ui,RFW WM64,Houses,0.37,0.39,50,within_sampled_range,UI,125,75.0,runs/yin_latest_vgg_20260927/transfer/results/r21vgg2k_vgg16_bn_aa5_s42/faces_rfwWM64/houses_yin64/results.csv,UI_shared
bin5,VGG2k / bin5,r21vgg2k_vgg16_bn_aa5_s42,face_transfer,124,two_shared_ui,RFW WM64,Houses,0.37,0.39,50,within_sampled_range,UI,126,58.333333333333336,runs/yin_latest_vgg_20260927/transfer/results/r21vgg2k_vgg16_bn_aa5_s42/faces_rfwWM64/houses_yin64/results.csv,UI_shared
bin5,VGG2k / bin5,r21vgg2k_vgg16_bn_aa5_s42,face_transfer,124,two_shared_ui,RFW WM64,Houses,0.37,0.39,50,within_sampled_range,UI,127,75.0,runs/yin_latest_vgg_20260927/transfer/results/r21vgg2k_vgg16_bn_aa5_s42/faces_rfwWM64/houses_yin64/results.csv,UI_shared
bin5,VGG2k / bin5,r21vgg2k_vgg16_bn_aa5_s42,face_transfer,124,two_shared_ui,RFW WM64,Houses,0.37,0.39,50,within_sampled_range,UI,128,75.0,runs/yin_latest_vgg_20260927/transfer/results/r21vgg2k_vgg16_bn_aa5_s42/faces_rfwWM64/houses_yin64/results.csv,UI_shared
bin5,VGG2k / bin5,r21vgg2k_vgg16_bn_aa5_s42,face_transfer,124,two_shared_ui,RFW WM64,Houses,0.37,0.39,50,within_sampled_range,UI,129,70.83333333333334,runs/yin_latest_vgg_20260927/transfer/results/r21vgg2k_vgg16_bn_aa5_s42/faces_rfwWM64/houses_yin64/results.csv,UI_shared
bin5,VGG2k / bin5,r21vgg2k_vgg16_bn_aa5_s42,face_transfer,124,two_shared_ui,RFW WM64,Houses,0.37,0.39,50,within_sampled_range,UI,130,83.33333333333334,runs/yin_latest_vgg_20260927/transfer/results/r21vgg2k_vgg16_bn_aa5_s42/faces_rfwWM64/houses_yin64/results.csv,UI_shared
bin5,VGG2k / bin5,r21vgg2k_vgg16_bn_aa5_s42,face_transfer,124,two_shared_ui,RFW WM64,Houses,0.37,0.39,50,within_sampled_range,UI,131,54.166666666666664,runs/yin_latest_vgg_20260927/transfer/results/r21vgg2k_vgg16_bn_aa5_s42/faces_rfwWM64/houses_yin64/results.csv,UI_shared
bin5,VGG2k / bin5,r21vgg2k_vgg16_bn_aa5_s42,face_transfer,124,two_shared_ui,RFW WM64,Houses,0.37,0.39,50,within_sampled_range,UI,132,66.66666666666666,runs/yin_latest_vgg_20260927/transfer/results/r21vgg2k_vgg16_bn_aa5_s42/faces_rfwWM64/houses_yin64/results.csv,UI_shared
bin5,VGG2k / bin5,r21vgg2k_vgg16_bn_aa5_s42,face_transfer,124,two_shared_ui,RFW WM64,Houses,0.37,0.39,50,within_sampled_range,UI,133,58.333333333333336,runs/yin_latest_vgg_20260927/transfer/results/r21vgg2k_vgg16_bn_aa5_s42/faces_rfwWM64/houses_yin64/results.csv,UI_shared
bin5,VGG2k / bin5,r21vgg2k_vgg16_bn_aa5_s42,face_transfer,124,two_shared_ui,RFW WM64,Houses,0.37,0.39,50,within_sampled_range,UI,134,75.0,runs/yin_latest_vgg_20260927/transfer/results/r21vgg2k_vgg16_bn_aa5_s42/faces_rfwWM64/houses_yin64/results.csv,UI_shared
bin5,VGG2k / bin5,r21vgg2k_vgg16_bn_aa5_s42,face_transfer,124,two_shared_ui,RFW WM64,Houses,0.37,0.39,50,within_sampled_range,UI,135,70.83333333333334,runs/yin_latest_vgg_20260927/transfer/results/r21vgg2k_vgg16_bn_aa5_s42/faces_rfwWM64/houses_yin64/results.csv,UI_shared
bin5,VGG2k / bin5,r21vgg2k_vgg16_bn_aa5_s42,face_transfer,124,two_shared_ui,RFW WM64,Houses,0.37,0.39,50,within_sampled_range,UI,136,66.66666666666666,runs/yin_latest_vgg_20260927/transfer/results/r21vgg2k_vgg16_bn_aa5_s42/faces_rfwWM64/houses_yin64/results.csv,UI_shared
bin5,VGG2k / bin5,r21vgg2k_vgg16_bn_aa5_s42,face_transfer,124,two_shared_ui,RFW WM64,Houses,0.37,0.39,50,within_sampled_range,UI,137,62.5,runs/yin_latest_vgg_20260927/transfer/results/r21vgg2k_vgg16_bn_aa5_s42/faces_rfwWM64/houses_yin64/results.csv,UI_shared
bin5,VGG2k / bin5,r21vgg2k_vgg16_bn_aa5_s42,face_transfer,124,two_shared_ui,RFW WM64,Houses,0.37,0.39,50,within_sampled_range,UI,138,62.5,runs/yin_latest_vgg_20260927/transfer/results/r21vgg2k_vgg16_bn_aa5_s42/faces_rfwWM64/houses_yin64/results.csv,UI_shared
bin5,VGG2k / bin5,r21vgg2k_vgg16_bn_aa5_s42,face_transfer,124,two_shared_ui,RFW WM64,Houses,0.37,0.39,50,within_sampled_range,UI,139,66.66666666666666,runs/yin_latest_vgg_20260927/transfer/results/r21vgg2k_vgg16_bn_aa5_s42/faces_rfwWM64/houses_yin64/results.csv,UI_shared
bin5,VGG2k / bin5,r21vgg2k_vgg16_bn_aa5_s42,face_transfer,124,two_shared_ui,RFW WM64,Houses,0.37,0.39,50,within_sampled_range,UI,140,62.5,runs/yin_latest_vgg_20260927/transfer/results/r21vgg2k_vgg16_bn_aa5_s42/faces_rfwWM64/houses_yin64/results.csv,UI_shared
bin5,VGG2k / bin5,r21vgg2k_vgg16_bn_aa5_s42,face_transfer,124,two_shared_ui,RFW WM64,Houses,0.37,0.39,50,within_sampled_range,UI,141,75.0,runs/yin_latest_vgg_20260927/transfer/results/r21vgg2k_vgg16_bn_aa5_s42/faces_rfwWM64/houses_yin64/results.csv,UI_shared
bin5,VGG2k / bin5,r21vgg2k_vgg16_bn_aa5_s42,face_transfer,124,two_shared_ui,RFW WM64,Houses,0.37,0.39,50,within_sampled_range,UI,142,79.16666666666666,runs/yin_latest_vgg_20260927/transfer/results/r21vgg2k_vgg16_bn_aa5_s42/faces_rfwWM64/houses_yin64/results.csv,UI_shared
bin5,VGG2k / bin5,r21vgg2k_vgg16_bn_aa5_s42,face_transfer,124,two_shared_ui,RFW WM64,Houses,0.37,0.39,50,within_sampled_range,UI,143,66.66666666666666,runs/yin_latest_vgg_20260927/transfer/results/r21vgg2k_vgg16_bn_aa5_s42/faces_rfwWM64/houses_yin64/results.csv,UI_shared
bin5,VGG2k / bin5,r21vgg2k_vgg16_bn_aa5_s42,face_transfer,124,two_shared_ui,RFW WM64,Houses,0.37,0.39,50,within_sampled_range,UI,144,66.66666666666666,runs/yin_latest_vgg_20260927/transfer/results/r21vgg2k_vgg16_bn_aa5_s42/faces_rfwWM64/houses_yin64/results.csv,UI_shared
bin5,VGG2k / bin5,r21vgg2k_vgg16_bn_aa5_s42,face_transfer,124,two_shared_ui,RFW WM64,Houses,0.37,0.39,50,within_sampled_range,UI,145,66.66666666666666,runs/yin_latest_vgg_20260927/transfer/results/r21vgg2k_vgg16_bn_aa5_s42/faces_rfwWM64/houses_yin64/results.csv,UI_shared
bin5,VGG2k / bin5,r21vgg2k_vgg16_bn_aa5_s42,face_transfer,124,two_shared_ui,RFW WM64,Houses,0.37,0.39,50,within_sampled_range,UI,146,62.5,runs/yin_latest_vgg_20260927/transfer/results/r21vgg2k_vgg16_bn_aa5_s42/faces_rfwWM64/houses_yin64/results.csv,UI_shared
bin5,VGG2k / bin5,r21vgg2k_vgg16_bn_aa5_s42,face_transfer,124,two_shared_ui,RFW WM64,Houses,0.37,0.39,50,within_sampled_range,UI,147,58.333333333333336,runs/yin_latest_vgg_20260927/transfer/results/r21vgg2k_vgg16_bn_aa5_s42/faces_rfwWM64/houses_yin64/results.csv,UI_shared
bin5,VGG2k / bin5,r21vgg2k_vgg16_bn_aa5_s42,face_transfer,124,two_shared_ui,RFW WM64,Houses,0.37,0.39,50,within_sampled_range,UI,148,58.333333333333336,runs/yin_latest_vgg_20260927/transfer/results/r21vgg2k_vgg16_bn_aa5_s42/faces_rfwWM64/houses_yin64/results.csv,UI_shared
bin5,VGG2k / bin5,r21vgg2k_vgg16_bn_aa5_s42,face_transfer,124,two_shared_ui,RFW WM64,Houses,0.37,0.39,50,within_sampled_range,UI,149,62.5,runs/yin_latest_vgg_20260927/transfer/results/r21vgg2k_vgg16_bn_aa5_s42/faces_rfwWM64/houses_yin64/results.csv,UI_shared
bin5,VGG2k / bin5,r21vgg2k_vgg16_bn_aa5_s42,face_transfer,124,two_shared_ui,RFW WM64,Houses,0.37,0.39,50,within_sampled_range,UI,150,75.0,runs/yin_latest_vgg_20260927/transfer/results/r21vgg2k_vgg16_bn_aa5_s42/faces_rfwWM64/houses_yin64/results.csv,UI_shared
bin5,VGG2k / bin5,r21vgg2k_vgg16_bn_aa5_s42,face_transfer,124,two_shared_ui,RFW WM64,Houses,0.37,0.39,50,within_sampled_range,IU,101,70.83333333333334,runs/yin_latest_vgg_20260927/transfer/results/r21vgg2k_vgg16_bn_aa5_s42/faces_rfwWM64/houses_yin64/results.csv,IU
bin5,VGG2k / bin5,r21vgg2k_vgg16_bn_aa5_s42,face_transfer,124,two_shared_ui,RFW WM64,Houses,0.37,0.39,50,within_sampled_range,IU,102,75.0,runs/yin_latest_vgg_20260927/transfer/results/r21vgg2k_vgg16_bn_aa5_s42/faces_rfwWM64/houses_yin64/results.csv,IU
bin5,VGG2k / bin5,r21vgg2k_vgg16_bn_aa5_s42,face_transfer,124,two_shared_ui,RFW WM64,Houses,0.37,0.39,50,within_sampled_range,IU,103,79.16666666666666,runs/yin_latest_vgg_20260927/transfer/results/r21vgg2k_vgg16_bn_aa5_s42/faces_rfwWM64/houses_yin64/results.csv,IU
bin5,VGG2k / bin5,r21vgg2k_vgg16_bn_aa5_s42,face_transfer,124,two_shared_ui,RFW WM64,Houses,0.37,0.39,50,within_sampled_range,IU,104,79.16666666666666,runs/yin_latest_vgg_20260927/transfer/results/r21vgg2k_vgg16_bn_aa5_s42/faces_rfwWM64/houses_yin64/results.csv,IU
bin5,VGG2k / bin5,r21vgg2k_vgg16_bn_aa5_s42,face_transfer,124,two_shared_ui,RFW WM64,Houses,0.37,0.39,50,within_sampled_range,IU,105,58.333333333333336,runs/yin_latest_vgg_20260927/transfer/results/r21vgg2k_vgg16_bn_aa5_s42/faces_rfwWM64/houses_yin64/results.csv,IU
bin5,VGG2k / bin5,r21vgg2k_vgg16_bn_aa5_s42,face_transfer,124,two_shared_ui,RFW WM64,Houses,0.37,0.39,50,within_sampled_range,IU,106,62.5,runs/yin_latest_vgg_20260927/transfer/results/r21vgg2k_vgg16_bn_aa5_s42/faces_rfwWM64/houses_yin64/results.csv,IU
bin5,VGG2k / bin5,r21vgg2k_vgg16_bn_aa5_s42,face_transfer,124,two_shared_ui,RFW WM64,Houses,0.37,0.39,50,within_sampled_range,IU,107,66.66666666666666,runs/yin_latest_vgg_20260927/transfer/results/r21vgg2k_vgg16_bn_aa5_s42/faces_rfwWM64/houses_yin64/results.csv,IU
bin5,VGG2k / bin5,r21vgg2k_vgg16_bn_aa5_s42,face_transfer,124,two_shared_ui,RFW WM64,Houses,0.37,0.39,50,within_sampled_range,IU,108,62.5,runs/yin_latest_vgg_20260927/transfer/results/r21vgg2k_vgg16_bn_aa5_s42/faces_rfwWM64/houses_yin64/results.csv,IU
bin5,VGG2k / bin5,r21vgg2k_vgg16_bn_aa5_s42,face_transfer,124,two_shared_ui,RFW WM64,Houses,0.37,0.39,50,within_sampled_range,IU,109,50.0,runs/yin_latest_vgg_20260927/transfer/results/r21vgg2k_vgg16_bn_aa5_s42/faces_rfwWM64/houses_yin64/results.csv,IU
bin5,VGG2k / bin5,r21vgg2k_vgg16_bn_aa5_s42,face_transfer,124,two_shared_ui,RFW WM64,Houses,0.37,0.39,50,within_sampled_range,IU,110,66.66666666666666,runs/yin_latest_vgg_20260927/transfer/results/r21vgg2k_vgg16_bn_aa5_s42/faces_rfwWM64/houses_yin64/results.csv,IU
bin5,VGG2k / bin5,r21vgg2k_vgg16_bn_aa5_s42,face_transfer,124,two_shared_ui,RFW WM64,Houses,0.37,0.39,50,within_sampled_range,IU,111,70.83333333333334,runs/yin_latest_vgg_20260927/transfer/results/r21vgg2k_vgg16_bn_aa5_s42/faces_rfwWM64/houses_yin64/results.csv,IU
bin5,VGG2k / bin5,r21vgg2k_vgg16_bn_aa5_s42,face_transfer,124,two_shared_ui,RFW WM64,Houses,0.37,0.39,50,within_sampled_range,IU,112,62.5,runs/yin_latest_vgg_20260927/transfer/results/r21vgg2k_vgg16_bn_aa5_s42/faces_rfwWM64/houses_yin64/results.csv,IU
bin5,VGG2k / bin5,r21vgg2k_vgg16_bn_aa5_s42,face_transfer,124,two_shared_ui,RFW WM64,Houses,0.37,0.39,50,within_sampled_range,IU,113,75.0,runs/yin_latest_vgg_20260927/transfer/results/r21vgg2k_vgg16_bn_aa5_s42/faces_rfwWM64/houses_yin64/results.csv,IU
bin5,VGG2k / bin5,r21vgg2k_vgg16_bn_aa5_s42,face_transfer,124,two_shared_ui,RFW WM64,Houses,0.37,0.39,50,within_sampled_range,IU,114,70.83333333333334,runs/yin_latest_vgg_20260927/transfer/results/r21vgg2k_vgg16_bn_aa5_s42/faces_rfwWM64/houses_yin64/results.csv,IU
bin5,VGG2k / bin5,r21vgg2k_vgg16_bn_aa5_s42,face_transfer,124,two_shared_ui,RFW WM64,Houses,0.37,0.39,50,within_sampled_range,IU,115,58.333333333333336,runs/yin_latest_vgg_20260927/transfer/results/r21vgg2k_vgg16_bn_aa5_s42/faces_rfwWM64/houses_yin64/results.csv,IU
bin5,VGG2k / bin5,r21vgg2k_vgg16_bn_aa5_s42,face_transfer,124,two_shared_ui,RFW WM64,Houses,0.37,0.39,50,within_sampled_range,IU,116,79.16666666666666,runs/yin_latest_vgg_20260927/transfer/results/r21vgg2k_vgg16_bn_aa5_s42/faces_rfwWM64/houses_yin64/results.csv,IU
bin5,VGG2k / bin5,r21vgg2k_vgg16_bn_aa5_s42,face_transfer,124,two_shared_ui,RFW WM64,Houses,0.37,0.39,50,within_sampled_range,IU,117,62.5,runs/yin_latest_vgg_20260927/transfer/results/r21vgg2k_vgg16_bn_aa5_s42/faces_rfwWM64/houses_yin64/results.csv,IU
bin5,VGG2k / bin5,r21vgg2k_vgg16_bn_aa5_s42,face_transfer,124,two_shared_ui,RFW WM64,Houses,0.37,0.39,50,within_sampled_range,IU,118,70.83333333333334,runs/yin_latest_vgg_20260927/transfer/results/r21vgg2k_vgg16_bn_aa5_s42/faces_rfwWM64/houses_yin64/results.csv,IU
bin5,VGG2k / bin5,r21vgg2k_vgg16_bn_aa5_s42,face_transfer,124,two_shared_ui,RFW WM64,Houses,0.37,0.39,50,within_sampled_range,IU,119,66.66666666666666,runs/yin_latest_vgg_20260927/transfer/results/r21vgg2k_vgg16_bn_aa5_s42/faces_rfwWM64/houses_yin64/results.csv,IU
bin5,VGG2k / bin5,r21vgg2k_vgg16_bn_aa5_s42,face_transfer,124,two_shared_ui,RFW WM64,Houses,0.37,0.39,50,within_sampled_range,IU,120,70.83333333333334,runs/yin_latest_vgg_20260927/transfer/results/r21vgg2k_vgg16_bn_aa5_s42/faces_rfwWM64/houses_yin64/results.csv,IU
bin5,VGG2k / bin5,r21vgg2k_vgg16_bn_aa5_s42,face_transfer,124,two_shared_ui,RFW WM64,Houses,0.37,0.39,50,within_sampled_range,IU,121,70.83333333333334,runs/yin_latest_vgg_20260927/transfer/results/r21vgg2k_vgg16_bn_aa5_s42/faces_rfwWM64/houses_yin64/results.csv,IU
bin5,VGG2k / bin5,r21vgg2k_vgg16_bn_aa5_s42,face_transfer,124,two_shared_ui,RFW WM64,Houses,0.37,0.39,50,within_sampled_range,IU,122,54.166666666666664,runs/yin_latest_vgg_20260927/transfer/results/r21vgg2k_vgg16_bn_aa5_s42/faces_rfwWM64/houses_yin64/results.csv,IU
bin5,VGG2k / bin5,r21vgg2k_vgg16_bn_aa5_s42,face_transfer,124,two_shared_ui,RFW WM64,Houses,0.37,0.39,50,within_sampled_range,IU,123,79.16666666666666,runs/yin_latest_vgg_20260927/transfer/results/r21vgg2k_vgg16_bn_aa5_s42/faces_rfwWM64/houses_yin64/results.csv,IU
bin5,VGG2k / bin5,r21vgg2k_vgg16_bn_aa5_s42,face_transfer,124,two_shared_ui,RFW WM64,Houses,0.37,0.39,50,within_sampled_range,IU,124,70.83333333333334,runs/yin_latest_vgg_20260927/transfer/results/r21vgg2k_vgg16_bn_aa5_s42/faces_rfwWM64/houses_yin64/results.csv,IU
bin5,VGG2k / bin5,r21vgg2k_vgg16_bn_aa5_s42,face_transfer,124,two_shared_ui,RFW WM64,Houses,0.37,0.39,50,within_sampled_range,IU,125,54.166666666666664,runs/yin_latest_vgg_20260927/transfer/results/r21vgg2k_vgg16_bn_aa5_s42/faces_rfwWM64/houses_yin64/results.csv,IU
bin5,VGG2k / bin5,r21vgg2k_vgg16_bn_aa5_s42,face_transfer,124,two_shared_ui,RFW WM64,Houses,0.37,0.39,50,within_sampled_range,IU,126,58.333333333333336,runs/yin_latest_vgg_20260927/transfer/results/r21vgg2k_vgg16_bn_aa5_s42/faces_rfwWM64/houses_yin64/results.csv,IU
bin5,VGG2k / bin5,r21vgg2k_vgg16_bn_aa5_s42,face_transfer,124,two_shared_ui,RFW WM64,Houses,0.37,0.39,50,within_sampled_range,IU,127,58.333333333333336,runs/yin_latest_vgg_20260927/transfer/results/r21vgg2k_vgg16_bn_aa5_s42/faces_rfwWM64/houses_yin64/results.csv,IU
bin5,VGG2k / bin5,r21vgg2k_vgg16_bn_aa5_s42,face_transfer,124,two_shared_ui,RFW WM64,Houses,0.37,0.39,50,within_sampled_range,IU,128,58.333333333333336,runs/yin_latest_vgg_20260927/transfer/results/r21vgg2k_vgg16_bn_aa5_s42/faces_rfwWM64/houses_yin64/results.csv,IU
bin5,VGG2k / bin5,r21vgg2k_vgg16_bn_aa5_s42,face_transfer,124,two_shared_ui,RFW WM64,Houses,0.37,0.39,50,within_sampled_range,IU,129,66.66666666666666,runs/yin_latest_vgg_20260927/transfer/results/r21vgg2k_vgg16_bn_aa5_s42/faces_rfwWM64/houses_yin64/results.csv,IU
bin5,VGG2k / bin5,r21vgg2k_vgg16_bn_aa5_s42,face_transfer,124,two_shared_ui,RFW WM64,Houses,0.37,0.39,50,within_sampled_range,IU,130,66.66666666666666,runs/yin_latest_vgg_20260927/transfer/results/r21vgg2k_vgg16_bn_aa5_s42/faces_rfwWM64/houses_yin64/results.csv,IU
bin5,VGG2k / bin5,r21vgg2k_vgg16_bn_aa5_s42,face_transfer,124,two_shared_ui,RFW WM64,Houses,0.37,0.39,50,within_sampled_range,IU,131,66.66666666666666,runs/yin_latest_vgg_20260927/transfer/results/r21vgg2k_vgg16_bn_aa5_s42/faces_rfwWM64/houses_yin64/results.csv,IU
bin5,VGG2k / bin5,r21vgg2k_vgg16_bn_aa5_s42,face_transfer,124,two_shared_ui,RFW WM64,Houses,0.37,0.39,50,within_sampled_range,IU,132,58.333333333333336,runs/yin_latest_vgg_20260927/transfer/results/r21vgg2k_vgg16_bn_aa5_s42/faces_rfwWM64/houses_yin64/results.csv,IU
bin5,VGG2k / bin5,r21vgg2k_vgg16_bn_aa5_s42,face_transfer,124,two_shared_ui,RFW WM64,Houses,0.37,0.39,50,within_sampled_range,IU,133,66.66666666666666,runs/yin_latest_vgg_20260927/transfer/results/r21vgg2k_vgg16_bn_aa5_s42/faces_rfwWM64/houses_yin64/results.csv,IU
bin5,VGG2k / bin5,r21vgg2k_vgg16_bn_aa5_s42,face_transfer,124,two_shared_ui,RFW WM64,Houses,0.37,0.39,50,within_sampled_range,IU,134,87.5,runs/yin_latest_vgg_20260927/transfer/results/r21vgg2k_vgg16_bn_aa5_s42/faces_rfwWM64/houses_yin64/results.csv,IU
bin5,VGG2k / bin5,r21vgg2k_vgg16_bn_aa5_s42,face_transfer,124,two_shared_ui,RFW WM64,Houses,0.37,0.39,50,within_sampled_range,IU,135,50.0,runs/yin_latest_vgg_20260927/transfer/results/r21vgg2k_vgg16_bn_aa5_s42/faces_rfwWM64/houses_yin64/results.csv,IU
bin5,VGG2k / bin5,r21vgg2k_vgg16_bn_aa5_s42,face_transfer,124,two_shared_ui,RFW WM64,Houses,0.37,0.39,50,within_sampled_range,IU,136,50.0,runs/yin_latest_vgg_20260927/transfer/results/r21vgg2k_vgg16_bn_aa5_s42/faces_rfwWM64/houses_yin64/results.csv,IU
bin5,VGG2k / bin5,r21vgg2k_vgg16_bn_aa5_s42,face_transfer,124,two_shared_ui,RFW WM64,Houses,0.37,0.39,50,within_sampled_range,IU,137,70.83333333333334,runs/yin_latest_vgg_20260927/transfer/results/r21vgg2k_vgg16_bn_aa5_s42/faces_rfwWM64/houses_yin64/results.csv,IU
bin5,VGG2k / bin5,r21vgg2k_vgg16_bn_aa5_s42,face_transfer,124,two_shared_ui,RFW WM64,Houses,0.37,0.39,50,within_sampled_range,IU,138,54.166666666666664,runs/yin_latest_vgg_20260927/transfer/results/r21vgg2k_vgg16_bn_aa5_s42/faces_rfwWM64/houses_yin64/results.csv,IU
bin5,VGG2k / bin5,r21vgg2k_vgg16_bn_aa5_s42,face_transfer,124,two_shared_ui,RFW WM64,Houses,0.37,0.39,50,within_sampled_range,IU,139,70.83333333333334,runs/yin_latest_vgg_20260927/transfer/results/r21vgg2k_vgg16_bn_aa5_s42/faces_rfwWM64/houses_yin64/results.csv,IU
bin5,VGG2k / bin5,r21vgg2k_vgg16_bn_aa5_s42,face_transfer,124,two_shared_ui,RFW WM64,Houses,0.37,0.39,50,within_sampled_range,IU,140,66.66666666666666,runs/yin_latest_vgg_20260927/transfer/results/r21vgg2k_vgg16_bn_aa5_s42/faces_rfwWM64/houses_yin64/results.csv,IU
bin5,VGG2k / bin5,r21vgg2k_vgg16_bn_aa5_s42,face_transfer,124,two_shared_ui,RFW WM64,Houses,0.37,0.39,50,within_sampled_range,IU,141,62.5,runs/yin_latest_vgg_20260927/transfer/results/r21vgg2k_vgg16_bn_aa5_s42/faces_rfwWM64/houses_yin64/results.csv,IU
bin5,VGG2k / bin5,r21vgg2k_vgg16_bn_aa5_s42,face_transfer,124,two_shared_ui,RFW WM64,Houses,0.37,0.39,50,within_sampled_range,IU,142,70.83333333333334,runs/yin_latest_vgg_20260927/transfer/results/r21vgg2k_vgg16_bn_aa5_s42/faces_rfwWM64/houses_yin64/results.csv,IU
bin5,VGG2k / bin5,r21vgg2k_vgg16_bn_aa5_s42,face_transfer,124,two_shared_ui,RFW WM64,Houses,0.37,0.39,50,within_sampled_range,IU,143,70.83333333333334,runs/yin_latest_vgg_20260927/transfer/results/r21vgg2k_vgg16_bn_aa5_s42/faces_rfwWM64/houses_yin64/results.csv,IU
bin5,VGG2k / bin5,r21vgg2k_vgg16_bn_aa5_s42,face_transfer,124,two_shared_ui,RFW WM64,Houses,0.37,0.39,50,within_sampled_range,IU,144,70.83333333333334,runs/yin_latest_vgg_20260927/transfer/results/r21vgg2k_vgg16_bn_aa5_s42/faces_rfwWM64/houses_yin64/results.csv,IU
bin5,VGG2k / bin5,r21vgg2k_vgg16_bn_aa5_s42,face_transfer,124,two_shared_ui,RFW WM64,Houses,0.37,0.39,50,within_sampled_range,IU,145,66.66666666666666,runs/yin_latest_vgg_20260927/transfer/results/r21vgg2k_vgg16_bn_aa5_s42/faces_rfwWM64/houses_yin64/results.csv,IU
bin5,VGG2k / bin5,r21vgg2k_vgg16_bn_aa5_s42,face_transfer,124,two_shared_ui,RFW WM64,Houses,0.37,0.39,50,within_sampled_range,IU,146,66.66666666666666,runs/yin_latest_vgg_20260927/transfer/results/r21vgg2k_vgg16_bn_aa5_s42/faces_rfwWM64/houses_yin64/results.csv,IU
bin5,VGG2k / bin5,r21vgg2k_vgg16_bn_aa5_s42,face_transfer,124,two_shared_ui,RFW WM64,Houses,0.37,0.39,50,within_sampled_range,IU,147,66.66666666666666,runs/yin_latest_vgg_20260927/transfer/results/r21vgg2k_vgg16_bn_aa5_s42/faces_rfwWM64/houses_yin64/results.csv,IU
bin5,VGG2k / bin5,r21vgg2k_vgg16_bn_aa5_s42,face_transfer,124,two_shared_ui,RFW WM64,Houses,0.37,0.39,50,within_sampled_range,IU,148,70.83333333333334,runs/yin_latest_vgg_20260927/transfer/results/r21vgg2k_vgg16_bn_aa5_s42/faces_rfwWM64/houses_yin64/results.csv,IU
bin5,VGG2k / bin5,r21vgg2k_vgg16_bn_aa5_s42,face_transfer,124,two_shared_ui,RFW WM64,Houses,0.37,0.39,50,within_sampled_range,IU,149,66.66666666666666,runs/yin_latest_vgg_20260927/transfer/results/r21vgg2k_vgg16_bn_aa5_s42/faces_rfwWM64/houses_yin64/results.csv,IU
bin5,VGG2k / bin5,r21vgg2k_vgg16_bn_aa5_s42,face_transfer,124,two_shared_ui,RFW WM64,Houses,0.37,0.39,50,within_sampled_range,IU,150,70.83333333333334,runs/yin_latest_vgg_20260927/transfer/results/r21vgg2k_vgg16_bn_aa5_s42/faces_rfwWM64/houses_yin64/results.csv,IU
bin5,VGG2k / bin5,r21vgg2k_vgg16_bn_aa5_s42,face_transfer,124,single_uu,CFD WM64,Faces,0.36,,50,within_sampled_range,UU,101,100.0,runs/yin_latest_vgg_20260927/single_noise/r21vgg2k_vgg16_bn_aa5_s42/faces_cfdWM64/faces_cfdWM64/results.csv,UU
bin5,VGG2k / bin5,r21vgg2k_vgg16_bn_aa5_s42,face_transfer,124,single_uu,CFD WM64,Faces,0.36,,50,within_sampled_range,UU,102,95.83333333333334,runs/yin_latest_vgg_20260927/single_noise/r21vgg2k_vgg16_bn_aa5_s42/faces_cfdWM64/faces_cfdWM64/results.csv,UU
bin5,VGG2k / bin5,r21vgg2k_vgg16_bn_aa5_s42,face_transfer,124,single_uu,CFD WM64,Faces,0.36,,50,within_sampled_range,UU,103,100.0,runs/yin_latest_vgg_20260927/single_noise/r21vgg2k_vgg16_bn_aa5_s42/faces_cfdWM64/faces_cfdWM64/results.csv,UU
bin5,VGG2k / bin5,r21vgg2k_vgg16_bn_aa5_s42,face_transfer,124,single_uu,CFD WM64,Faces,0.36,,50,within_sampled_range,UU,104,100.0,runs/yin_latest_vgg_20260927/single_noise/r21vgg2k_vgg16_bn_aa5_s42/faces_cfdWM64/faces_cfdWM64/results.csv,UU
bin5,VGG2k / bin5,r21vgg2k_vgg16_bn_aa5_s42,face_transfer,124,single_uu,CFD WM64,Faces,0.36,,50,within_sampled_range,UU,105,100.0,runs/yin_latest_vgg_20260927/single_noise/r21vgg2k_vgg16_bn_aa5_s42/faces_cfdWM64/faces_cfdWM64/results.csv,UU
bin5,VGG2k / bin5,r21vgg2k_vgg16_bn_aa5_s42,face_transfer,124,single_uu,CFD WM64,Faces,0.36,,50,within_sampled_range,UU,106,95.83333333333334,runs/yin_latest_vgg_20260927/single_noise/r21vgg2k_vgg16_bn_aa5_s42/faces_cfdWM64/faces_cfdWM64/results.csv,UU
bin5,VGG2k / bin5,r21vgg2k_vgg16_bn_aa5_s42,face_transfer,124,single_uu,CFD WM64,Faces,0.36,,50,within_sampled_range,UU,107,95.83333333333334,runs/yin_latest_vgg_20260927/single_noise/r21vgg2k_vgg16_bn_aa5_s42/faces_cfdWM64/faces_cfdWM64/results.csv,UU
bin5,VGG2k / bin5,r21vgg2k_vgg16_bn_aa5_s42,face_transfer,124,single_uu,CFD WM64,Faces,0.36,,50,within_sampled_range,UU,108,95.83333333333334,runs/yin_latest_vgg_20260927/single_noise/r21vgg2k_vgg16_bn_aa5_s42/faces_cfdWM64/faces_cfdWM64/results.csv,UU
bin5,VGG2k / bin5,r21vgg2k_vgg16_bn_aa5_s42,face_transfer,124,single_uu,CFD WM64,Faces,0.36,,50,within_sampled_range,UU,109,91.66666666666666,runs/yin_latest_vgg_20260927/single_noise/r21vgg2k_vgg16_bn_aa5_s42/faces_cfdWM64/faces_cfdWM64/results.csv,UU
bin5,VGG2k / bin5,r21vgg2k_vgg16_bn_aa5_s42,face_transfer,124,single_uu,CFD WM64,Faces,0.36,,50,within_sampled_range,UU,110,91.66666666666666,runs/yin_latest_vgg_20260927/single_noise/r21vgg2k_vgg16_bn_aa5_s42/faces_cfdWM64/faces_cfdWM64/results.csv,UU
bin5,VGG2k / bin5,r21vgg2k_vgg16_bn_aa5_s42,face_transfer,124,single_uu,CFD WM64,Faces,0.36,,50,within_sampled_range,UU,111,87.5,runs/yin_latest_vgg_20260927/single_noise/r21vgg2k_vgg16_bn_aa5_s42/faces_cfdWM64/faces_cfdWM64/results.csv,UU
bin5,VGG2k / bin5,r21vgg2k_vgg16_bn_aa5_s42,face_transfer,124,single_uu,CFD WM64,Faces,0.36,,50,within_sampled_range,UU,112,100.0,runs/yin_latest_vgg_20260927/single_noise/r21vgg2k_vgg16_bn_aa5_s42/faces_cfdWM64/faces_cfdWM64/results.csv,UU
bin5,VGG2k / bin5,r21vgg2k_vgg16_bn_aa5_s42,face_transfer,124,single_uu,CFD WM64,Faces,0.36,,50,within_sampled_range,UU,113,100.0,runs/yin_latest_vgg_20260927/single_noise/r21vgg2k_vgg16_bn_aa5_s42/faces_cfdWM64/faces_cfdWM64/results.csv,UU
bin5,VGG2k / bin5,r21vgg2k_vgg16_bn_aa5_s42,face_transfer,124,single_uu,CFD WM64,Faces,0.36,,50,within_sampled_range,UU,114,100.0,runs/yin_latest_vgg_20260927/single_noise/r21vgg2k_vgg16_bn_aa5_s42/faces_cfdWM64/faces_cfdWM64/results.csv,UU
bin5,VGG2k / bin5,r21vgg2k_vgg16_bn_aa5_s42,face_transfer,124,single_uu,CFD WM64,Faces,0.36,,50,within_sampled_range,UU,115,95.83333333333334,runs/yin_latest_vgg_20260927/single_noise/r21vgg2k_vgg16_bn_aa5_s42/faces_cfdWM64/faces_cfdWM64/results.csv,UU
bin5,VGG2k / bin5,r21vgg2k_vgg16_bn_aa5_s42,face_transfer,124,single_uu,CFD WM64,Faces,0.36,,50,within_sampled_range,UU,116,100.0,runs/yin_latest_vgg_20260927/single_noise/r21vgg2k_vgg16_bn_aa5_s42/faces_cfdWM64/faces_cfdWM64/results.csv,UU
bin5,VGG2k / bin5,r21vgg2k_vgg16_bn_aa5_s42,face_transfer,124,single_uu,CFD WM64,Faces,0.36,,50,within_sampled_range,UU,117,87.5,runs/yin_latest_vgg_20260927/single_noise/r21vgg2k_vgg16_bn_aa5_s42/faces_cfdWM64/faces_cfdWM64/results.csv,UU
bin5,VGG2k / bin5,r21vgg2k_vgg16_bn_aa5_s42,face_transfer,124,single_uu,CFD WM64,Faces,0.36,,50,within_sampled_range,UU,118,95.83333333333334,runs/yin_latest_vgg_20260927/single_noise/r21vgg2k_vgg16_bn_aa5_s42/faces_cfdWM64/faces_cfdWM64/results.csv,UU
bin5,VGG2k / bin5,r21vgg2k_vgg16_bn_aa5_s42,face_transfer,124,single_uu,CFD WM64,Faces,0.36,,50,within_sampled_range,UU,119,95.83333333333334,runs/yin_latest_vgg_20260927/single_noise/r21vgg2k_vgg16_bn_aa5_s42/faces_cfdWM64/faces_cfdWM64/results.csv,UU
bin5,VGG2k / bin5,r21vgg2k_vgg16_bn_aa5_s42,face_transfer,124,single_uu,CFD WM64,Faces,0.36,,50,within_sampled_range,UU,120,95.83333333333334,runs/yin_latest_vgg_20260927/single_noise/r21vgg2k_vgg16_bn_aa5_s42/faces_cfdWM64/faces_cfdWM64/results.csv,UU
bin5,VGG2k / bin5,r21vgg2k_vgg16_bn_aa5_s42,face_transfer,124,single_uu,CFD WM64,Faces,0.36,,50,within_sampled_range,UU,121,91.66666666666666,runs/yin_latest_vgg_20260927/single_noise/r21vgg2k_vgg16_bn_aa5_s42/faces_cfdWM64/faces_cfdWM64/results.csv,UU
bin5,VGG2k / bin5,r21vgg2k_vgg16_bn_aa5_s42,face_transfer,124,single_uu,CFD WM64,Faces,0.36,,50,within_sampled_range,UU,122,95.83333333333334,runs/yin_latest_vgg_20260927/single_noise/r21vgg2k_vgg16_bn_aa5_s42/faces_cfdWM64/faces_cfdWM64/results.csv,UU
bin5,VGG2k / bin5,r21vgg2k_vgg16_bn_aa5_s42,face_transfer,124,single_uu,CFD WM64,Faces,0.36,,50,within_sampled_range,UU,123,95.83333333333334,runs/yin_latest_vgg_20260927/single_noise/r21vgg2k_vgg16_bn_aa5_s42/faces_cfdWM64/faces_cfdWM64/results.csv,UU
bin5,VGG2k / bin5,r21vgg2k_vgg16_bn_aa5_s42,face_transfer,124,single_uu,CFD WM64,Faces,0.36,,50,within_sampled_range,UU,124,100.0,runs/yin_latest_vgg_20260927/single_noise/r21vgg2k_vgg16_bn_aa5_s42/faces_cfdWM64/faces_cfdWM64/results.csv,UU
bin5,VGG2k / bin5,r21vgg2k_vgg16_bn_aa5_s42,face_transfer,124,single_uu,CFD WM64,Faces,0.36,,50,within_sampled_range,UU,125,95.83333333333334,runs/yin_latest_vgg_20260927/single_noise/r21vgg2k_vgg16_bn_aa5_s42/faces_cfdWM64/faces_cfdWM64/results.csv,UU
bin5,VGG2k / bin5,r21vgg2k_vgg16_bn_aa5_s42,face_transfer,124,single_uu,CFD WM64,Faces,0.36,,50,within_sampled_range,UU,126,95.83333333333334,runs/yin_latest_vgg_20260927/single_noise/r21vgg2k_vgg16_bn_aa5_s42/faces_cfdWM64/faces_cfdWM64/results.csv,UU
bin5,VGG2k / bin5,r21vgg2k_vgg16_bn_aa5_s42,face_transfer,124,single_uu,CFD WM64,Faces,0.36,,50,within_sampled_range,UU,127,95.83333333333334,runs/yin_latest_vgg_20260927/single_noise/r21vgg2k_vgg16_bn_aa5_s42/faces_cfdWM64/faces_cfdWM64/results.csv,UU
bin5,VGG2k / bin5,r21vgg2k_vgg16_bn_aa5_s42,face_transfer,124,single_uu,CFD WM64,Faces,0.36,,50,within_sampled_range,UU,128,100.0,runs/yin_latest_vgg_20260927/single_noise/r21vgg2k_vgg16_bn_aa5_s42/faces_cfdWM64/faces_cfdWM64/results.csv,UU
bin5,VGG2k / bin5,r21vgg2k_vgg16_bn_aa5_s42,face_transfer,124,single_uu,CFD WM64,Faces,0.36,,50,within_sampled_range,UU,129,100.0,runs/yin_latest_vgg_20260927/single_noise/r21vgg2k_vgg16_bn_aa5_s42/faces_cfdWM64/faces_cfdWM64/results.csv,UU
bin5,VGG2k / bin5,r21vgg2k_vgg16_bn_aa5_s42,face_transfer,124,single_uu,CFD WM64,Faces,0.36,,50,within_sampled_range,UU,130,100.0,runs/yin_latest_vgg_20260927/single_noise/r21vgg2k_vgg16_bn_aa5_s42/faces_cfdWM64/faces_cfdWM64/results.csv,UU
bin5,VGG2k / bin5,r21vgg2k_vgg16_bn_aa5_s42,face_transfer,124,single_uu,CFD WM64,Faces,0.36,,50,within_sampled_range,UU,131,95.83333333333334,runs/yin_latest_vgg_20260927/single_noise/r21vgg2k_vgg16_bn_aa5_s42/faces_cfdWM64/faces_cfdWM64/results.csv,UU
bin5,VGG2k / bin5,r21vgg2k_vgg16_bn_aa5_s42,face_transfer,124,single_uu,CFD WM64,Faces,0.36,,50,within_sampled_range,UU,132,100.0,runs/yin_latest_vgg_20260927/single_noise/r21vgg2k_vgg16_bn_aa5_s42/faces_cfdWM64/faces_cfdWM64/results.csv,UU
bin5,VGG2k / bin5,r21vgg2k_vgg16_bn_aa5_s42,face_transfer,124,single_uu,CFD WM64,Faces,0.36,,50,within_sampled_range,UU,133,95.83333333333334,runs/yin_latest_vgg_20260927/single_noise/r21vgg2k_vgg16_bn_aa5_s42/faces_cfdWM64/faces_cfdWM64/results.csv,UU
bin5,VGG2k / bin5,r21vgg2k_vgg16_bn_aa5_s42,face_transfer,124,single_uu,CFD WM64,Faces,0.36,,50,within_sampled_range,UU,134,95.83333333333334,runs/yin_latest_vgg_20260927/single_noise/r21vgg2k_vgg16_bn_aa5_s42/faces_cfdWM64/faces_cfdWM64/results.csv,UU
bin5,VGG2k / bin5,r21vgg2k_vgg16_bn_aa5_s42,face_transfer,124,single_uu,CFD WM64,Faces,0.36,,50,within_sampled_range,UU,135,95.83333333333334,runs/yin_latest_vgg_20260927/single_noise/r21vgg2k_vgg16_bn_aa5_s42/faces_cfdWM64/faces_cfdWM64/results.csv,UU
bin5,VGG2k / bin5,r21vgg2k_vgg16_bn_aa5_s42,face_transfer,124,single_uu,CFD WM64,Faces,0.36,,50,within_sampled_range,UU,136,100.0,runs/yin_latest_vgg_20260927/single_noise/r21vgg2k_vgg16_bn_aa5_s42/faces_cfdWM64/faces_cfdWM64/results.csv,UU
bin5,VGG2k / bin5,r21vgg2k_vgg16_bn_aa5_s42,face_transfer,124,single_uu,CFD WM64,Faces,0.36,,50,within_sampled_range,UU,137,95.83333333333334,runs/yin_latest_vgg_20260927/single_noise/r21vgg2k_vgg16_bn_aa5_s42/faces_cfdWM64/faces_cfdWM64/results.csv,UU
bin5,VGG2k / bin5,r21vgg2k_vgg16_bn_aa5_s42,face_transfer,124,single_uu,CFD WM64,Faces,0.36,,50,within_sampled_range,UU,138,100.0,runs/yin_latest_vgg_20260927/single_noise/r21vgg2k_vgg16_bn_aa5_s42/faces_cfdWM64/faces_cfdWM64/results.csv,UU
bin5,VGG2k / bin5,r21vgg2k_vgg16_bn_aa5_s42,face_transfer,124,single_uu,CFD WM64,Faces,0.36,,50,within_sampled_range,UU,139,95.83333333333334,runs/yin_latest_vgg_20260927/single_noise/r21vgg2k_vgg16_bn_aa5_s42/faces_cfdWM64/faces_cfdWM64/results.csv,UU
bin5,VGG2k / bin5,r21vgg2k_vgg16_bn_aa5_s42,face_transfer,124,single_uu,CFD WM64,Faces,0.36,,50,within_sampled_range,UU,140,91.66666666666666,runs/yin_latest_vgg_20260927/single_noise/r21vgg2k_vgg16_bn_aa5_s42/faces_cfdWM64/faces_cfdWM64/results.csv,UU
bin5,VGG2k / bin5,r21vgg2k_vgg16_bn_aa5_s42,face_transfer,124,single_uu,CFD WM64,Faces,0.36,,50,within_sampled_range,UU,141,100.0,runs/yin_latest_vgg_20260927/single_noise/r21vgg2k_vgg16_bn_aa5_s42/faces_cfdWM64/faces_cfdWM64/results.csv,UU
bin5,VGG2k / bin5,r21vgg2k_vgg16_bn_aa5_s42,face_transfer,124,single_uu,CFD WM64,Faces,0.36,,50,within_sampled_range,UU,142,95.83333333333334,runs/yin_latest_vgg_20260927/single_noise/r21vgg2k_vgg16_bn_aa5_s42/faces_cfdWM64/faces_cfdWM64/results.csv,UU
bin5,VGG2k / bin5,r21vgg2k_vgg16_bn_aa5_s42,face_transfer,124,single_uu,CFD WM64,Faces,0.36,,50,within_sampled_range,UU,143,100.0,runs/yin_latest_vgg_20260927/single_noise/r21vgg2k_vgg16_bn_aa5_s42/faces_cfdWM64/faces_cfdWM64/results.csv,UU
bin5,VGG2k / bin5,r21vgg2k_vgg16_bn_aa5_s42,face_transfer,124,single_uu,CFD WM64,Faces,0.36,,50,within_sampled_range,UU,144,100.0,runs/yin_latest_vgg_20260927/single_noise/r21vgg2k_vgg16_bn_aa5_s42/faces_cfdWM64/faces_cfdWM64/results.csv,UU
bin5,VGG2k / bin5,r21vgg2k_vgg16_bn_aa5_s42,face_transfer,124,single_uu,CFD WM64,Faces,0.36,,50,within_sampled_range,UU,145,95.83333333333334,runs/yin_latest_vgg_20260927/single_noise/r21vgg2k_vgg16_bn_aa5_s42/faces_cfdWM64/faces_cfdWM64/results.csv,UU
bin5,VGG2k / bin5,r21vgg2k_vgg16_bn_aa5_s42,face_transfer,124,single_uu,CFD WM64,Faces,0.36,,50,within_sampled_range,UU,146,95.83333333333334,runs/yin_latest_vgg_20260927/single_noise/r21vgg2k_vgg16_bn_aa5_s42/faces_cfdWM64/faces_cfdWM64/results.csv,UU
bin5,VGG2k / bin5,r21vgg2k_vgg16_bn_aa5_s42,face_transfer,124,single_uu,CFD WM64,Faces,0.36,,50,within_sampled_range,UU,147,91.66666666666666,runs/yin_latest_vgg_20260927/single_noise/r21vgg2k_vgg16_bn_aa5_s42/faces_cfdWM64/faces_cfdWM64/results.csv,UU
bin5,VGG2k / bin5,r21vgg2k_vgg16_bn_aa5_s42,face_transfer,124,single_uu,CFD WM64,Faces,0.36,,50,within_sampled_range,UU,148,100.0,runs/yin_latest_vgg_20260927/single_noise/r21vgg2k_vgg16_bn_aa5_s42/faces_cfdWM64/faces_cfdWM64/results.csv,UU
bin5,VGG2k / bin5,r21vgg2k_vgg16_bn_aa5_s42,face_transfer,124,single_uu,CFD WM64,Faces,0.36,,50,within_sampled_range,UU,149,87.5,runs/yin_latest_vgg_20260927/single_noise/r21vgg2k_vgg16_bn_aa5_s42/faces_cfdWM64/faces_cfdWM64/results.csv,UU
bin5,VGG2k / bin5,r21vgg2k_vgg16_bn_aa5_s42,face_transfer,124,single_uu,CFD WM64,Faces,0.36,,50,within_sampled_range,UU,150,100.0,runs/yin_latest_vgg_20260927/single_noise/r21vgg2k_vgg16_bn_aa5_s42/faces_cfdWM64/faces_cfdWM64/results.csv,UU
bin5,VGG2k / bin5,r21vgg2k_vgg16_bn_aa5_s42,face_transfer,124,single_uu,CFD WM64,Faces,0.36,,50,within_sampled_range,II,101,100.0,runs/yin_latest_vgg_20260927/single_noise/r21vgg2k_vgg16_bn_aa5_s42/faces_cfdWM64/faces_cfdWM64/results.csv,II
bin5,VGG2k / bin5,r21vgg2k_vgg16_bn_aa5_s42,face_transfer,124,single_uu,CFD WM64,Faces,0.36,,50,within_sampled_range,II,102,87.5,runs/yin_latest_vgg_20260927/single_noise/r21vgg2k_vgg16_bn_aa5_s42/faces_cfdWM64/faces_cfdWM64/results.csv,II
bin5,VGG2k / bin5,r21vgg2k_vgg16_bn_aa5_s42,face_transfer,124,single_uu,CFD WM64,Faces,0.36,,50,within_sampled_range,II,103,95.83333333333334,runs/yin_latest_vgg_20260927/single_noise/r21vgg2k_vgg16_bn_aa5_s42/faces_cfdWM64/faces_cfdWM64/results.csv,II
bin5,VGG2k / bin5,r21vgg2k_vgg16_bn_aa5_s42,face_transfer,124,single_uu,CFD WM64,Faces,0.36,,50,within_sampled_range,II,104,87.5,runs/yin_latest_vgg_20260927/single_noise/r21vgg2k_vgg16_bn_aa5_s42/faces_cfdWM64/faces_cfdWM64/results.csv,II
bin5,VGG2k / bin5,r21vgg2k_vgg16_bn_aa5_s42,face_transfer,124,single_uu,CFD WM64,Faces,0.36,,50,within_sampled_range,II,105,91.66666666666666,runs/yin_latest_vgg_20260927/single_noise/r21vgg2k_vgg16_bn_aa5_s42/faces_cfdWM64/faces_cfdWM64/results.csv,II
bin5,VGG2k / bin5,r21vgg2k_vgg16_bn_aa5_s42,face_transfer,124,single_uu,CFD WM64,Faces,0.36,,50,within_sampled_range,II,106,83.33333333333334,runs/yin_latest_vgg_20260927/single_noise/r21vgg2k_vgg16_bn_aa5_s42/faces_cfdWM64/faces_cfdWM64/results.csv,II
bin5,VGG2k / bin5,r21vgg2k_vgg16_bn_aa5_s42,face_transfer,124,single_uu,CFD WM64,Faces,0.36,,50,within_sampled_range,II,107,87.5,runs/yin_latest_vgg_20260927/single_noise/r21vgg2k_vgg16_bn_aa5_s42/faces_cfdWM64/faces_cfdWM64/results.csv,II
bin5,VGG2k / bin5,r21vgg2k_vgg16_bn_aa5_s42,face_transfer,124,single_uu,CFD WM64,Faces,0.36,,50,within_sampled_range,II,108,91.66666666666666,runs/yin_latest_vgg_20260927/single_noise/r21vgg2k_vgg16_bn_aa5_s42/faces_cfdWM64/faces_cfdWM64/results.csv,II
bin5,VGG2k / bin5,r21vgg2k_vgg16_bn_aa5_s42,face_transfer,124,single_uu,CFD WM64,Faces,0.36,,50,within_sampled_range,II,109,87.5,runs/yin_latest_vgg_20260927/single_noise/r21vgg2k_vgg16_bn_aa5_s42/faces_cfdWM64/faces_cfdWM64/results.csv,II
bin5,VGG2k / bin5,r21vgg2k_vgg16_bn_aa5_s42,face_transfer,124,single_uu,CFD WM64,Faces,0.36,,50,within_sampled_range,II,110,83.33333333333334,runs/yin_latest_vgg_20260927/single_noise/r21vgg2k_vgg16_bn_aa5_s42/faces_cfdWM64/faces_cfdWM64/results.csv,II
bin5,VGG2k / bin5,r21vgg2k_vgg16_bn_aa5_s42,face_transfer,124,single_uu,CFD WM64,Faces,0.36,,50,within_sampled_range,II,111,87.5,runs/yin_latest_vgg_20260927/single_noise/r21vgg2k_vgg16_bn_aa5_s42/faces_cfdWM64/faces_cfdWM64/results.csv,II
bin5,VGG2k / bin5,r21vgg2k_vgg16_bn_aa5_s42,face_transfer,124,single_uu,CFD WM64,Faces,0.36,,50,within_sampled_range,II,112,91.66666666666666,runs/yin_latest_vgg_20260927/single_noise/r21vgg2k_vgg16_bn_aa5_s42/faces_cfdWM64/faces_cfdWM64/results.csv,II
bin5,VGG2k / bin5,r21vgg2k_vgg16_bn_aa5_s42,face_transfer,124,single_uu,CFD WM64,Faces,0.36,,50,within_sampled_range,II,113,87.5,runs/yin_latest_vgg_20260927/single_noise/r21vgg2k_vgg16_bn_aa5_s42/faces_cfdWM64/faces_cfdWM64/results.csv,II
bin5,VGG2k / bin5,r21vgg2k_vgg16_bn_aa5_s42,face_transfer,124,single_uu,CFD WM64,Faces,0.36,,50,within_sampled_range,II,114,91.66666666666666,runs/yin_latest_vgg_20260927/single_noise/r21vgg2k_vgg16_bn_aa5_s42/faces_cfdWM64/faces_cfdWM64/results.csv,II
bin5,VGG2k / bin5,r21vgg2k_vgg16_bn_aa5_s42,face_transfer,124,single_uu,CFD WM64,Faces,0.36,,50,within_sampled_range,II,115,83.33333333333334,runs/yin_latest_vgg_20260927/single_noise/r21vgg2k_vgg16_bn_aa5_s42/faces_cfdWM64/faces_cfdWM64/results.csv,II
bin5,VGG2k / bin5,r21vgg2k_vgg16_bn_aa5_s42,face_transfer,124,single_uu,CFD WM64,Faces,0.36,,50,within_sampled_range,II,116,87.5,runs/yin_latest_vgg_20260927/single_noise/r21vgg2k_vgg16_bn_aa5_s42/faces_cfdWM64/faces_cfdWM64/results.csv,II
bin5,VGG2k / bin5,r21vgg2k_vgg16_bn_aa5_s42,face_transfer,124,single_uu,CFD WM64,Faces,0.36,,50,within_sampled_range,II,117,91.66666666666666,runs/yin_latest_vgg_20260927/single_noise/r21vgg2k_vgg16_bn_aa5_s42/faces_cfdWM64/faces_cfdWM64/results.csv,II
bin5,VGG2k / bin5,r21vgg2k_vgg16_bn_aa5_s42,face_transfer,124,single_uu,CFD WM64,Faces,0.36,,50,within_sampled_range,II,118,91.66666666666666,runs/yin_latest_vgg_20260927/single_noise/r21vgg2k_vgg16_bn_aa5_s42/faces_cfdWM64/faces_cfdWM64/results.csv,II
bin5,VGG2k / bin5,r21vgg2k_vgg16_bn_aa5_s42,face_transfer,124,single_uu,CFD WM64,Faces,0.36,,50,within_sampled_range,II,119,95.83333333333334,runs/yin_latest_vgg_20260927/single_noise/r21vgg2k_vgg16_bn_aa5_s42/faces_cfdWM64/faces_cfdWM64/results.csv,II
bin5,VGG2k / bin5,r21vgg2k_vgg16_bn_aa5_s42,face_transfer,124,single_uu,CFD WM64,Faces,0.36,,50,within_sampled_range,II,120,91.66666666666666,runs/yin_latest_vgg_20260927/single_noise/r21vgg2k_vgg16_bn_aa5_s42/faces_cfdWM64/faces_cfdWM64/results.csv,II
bin5,VGG2k / bin5,r21vgg2k_vgg16_bn_aa5_s42,face_transfer,124,single_uu,CFD WM64,Faces,0.36,,50,within_sampled_range,II,121,87.5,runs/yin_latest_vgg_20260927/single_noise/r21vgg2k_vgg16_bn_aa5_s42/faces_cfdWM64/faces_cfdWM64/results.csv,II
bin5,VGG2k / bin5,r21vgg2k_vgg16_bn_aa5_s42,face_transfer,124,single_uu,CFD WM64,Faces,0.36,,50,within_sampled_range,II,122,95.83333333333334,runs/yin_latest_vgg_20260927/single_noise/r21vgg2k_vgg16_bn_aa5_s42/faces_cfdWM64/faces_cfdWM64/results.csv,II
bin5,VGG2k / bin5,r21vgg2k_vgg16_bn_aa5_s42,face_transfer,124,single_uu,CFD WM64,Faces,0.36,,50,within_sampled_range,II,123,91.66666666666666,runs/yin_latest_vgg_20260927/single_noise/r21vgg2k_vgg16_bn_aa5_s42/faces_cfdWM64/faces_cfdWM64/results.csv,II
bin5,VGG2k / bin5,r21vgg2k_vgg16_bn_aa5_s42,face_transfer,124,single_uu,CFD WM64,Faces,0.36,,50,within_sampled_range,II,124,100.0,runs/yin_latest_vgg_20260927/single_noise/r21vgg2k_vgg16_bn_aa5_s42/faces_cfdWM64/faces_cfdWM64/results.csv,II
bin5,VGG2k / bin5,r21vgg2k_vgg16_bn_aa5_s42,face_transfer,124,single_uu,CFD WM64,Faces,0.36,,50,within_sampled_range,II,125,95.83333333333334,runs/yin_latest_vgg_20260927/single_noise/r21vgg2k_vgg16_bn_aa5_s42/faces_cfdWM64/faces_cfdWM64/results.csv,II
bin5,VGG2k / bin5,r21vgg2k_vgg16_bn_aa5_s42,face_transfer,124,single_uu,CFD WM64,Faces,0.36,,50,within_sampled_range,II,126,95.83333333333334,runs/yin_latest_vgg_20260927/single_noise/r21vgg2k_vgg16_bn_aa5_s42/faces_cfdWM64/faces_cfdWM64/results.csv,II
bin5,VGG2k / bin5,r21vgg2k_vgg16_bn_aa5_s42,face_transfer,124,single_uu,CFD WM64,Faces,0.36,,50,within_sampled_range,II,127,91.66666666666666,runs/yin_latest_vgg_20260927/single_noise/r21vgg2k_vgg16_bn_aa5_s42/faces_cfdWM64/faces_cfdWM64/results.csv,II
bin5,VGG2k / bin5,r21vgg2k_vgg16_bn_aa5_s42,face_transfer,124,single_uu,CFD WM64,Faces,0.36,,50,within_sampled_range,II,128,95.83333333333334,runs/yin_latest_vgg_20260927/single_noise/r21vgg2k_vgg16_bn_aa5_s42/faces_cfdWM64/faces_cfdWM64/results.csv,II
bin5,VGG2k / bin5,r21vgg2k_vgg16_bn_aa5_s42,face_transfer,124,single_uu,CFD WM64,Faces,0.36,,50,within_sampled_range,II,129,91.66666666666666,runs/yin_latest_vgg_20260927/single_noise/r21vgg2k_vgg16_bn_aa5_s42/faces_cfdWM64/faces_cfdWM64/results.csv,II
bin5,VGG2k / bin5,r21vgg2k_vgg16_bn_aa5_s42,face_transfer,124,single_uu,CFD WM64,Faces,0.36,,50,within_sampled_range,II,130,95.83333333333334,runs/yin_latest_vgg_20260927/single_noise/r21vgg2k_vgg16_bn_aa5_s42/faces_cfdWM64/faces_cfdWM64/results.csv,II
bin5,VGG2k / bin5,r21vgg2k_vgg16_bn_aa5_s42,face_transfer,124,single_uu,CFD WM64,Faces,0.36,,50,within_sampled_range,II,131,87.5,runs/yin_latest_vgg_20260927/single_noise/r21vgg2k_vgg16_bn_aa5_s42/faces_cfdWM64/faces_cfdWM64/results.csv,II
bin5,VGG2k / bin5,r21vgg2k_vgg16_bn_aa5_s42,face_transfer,124,single_uu,CFD WM64,Faces,0.36,,50,within_sampled_range,II,132,95.83333333333334,runs/yin_latest_vgg_20260927/single_noise/r21vgg2k_vgg16_bn_aa5_s42/faces_cfdWM64/faces_cfdWM64/results.csv,II
bin5,VGG2k / bin5,r21vgg2k_vgg16_bn_aa5_s42,face_transfer,124,single_uu,CFD WM64,Faces,0.36,,50,within_sampled_range,II,133,95.83333333333334,runs/yin_latest_vgg_20260927/single_noise/r21vgg2k_vgg16_bn_aa5_s42/faces_cfdWM64/faces_cfdWM64/results.csv,II
bin5,VGG2k / bin5,r21vgg2k_vgg16_bn_aa5_s42,face_transfer,124,single_uu,CFD WM64,Faces,0.36,,50,within_sampled_range,II,134,79.16666666666666,runs/yin_latest_vgg_20260927/single_noise/r21vgg2k_vgg16_bn_aa5_s42/faces_cfdWM64/faces_cfdWM64/results.csv,II
bin5,VGG2k / bin5,r21vgg2k_vgg16_bn_aa5_s42,face_transfer,124,single_uu,CFD WM64,Faces,0.36,,50,within_sampled_range,II,135,79.16666666666666,runs/yin_latest_vgg_20260927/single_noise/r21vgg2k_vgg16_bn_aa5_s42/faces_cfdWM64/faces_cfdWM64/results.csv,II
bin5,VGG2k / bin5,r21vgg2k_vgg16_bn_aa5_s42,face_transfer,124,single_uu,CFD WM64,Faces,0.36,,50,within_sampled_range,II,136,95.83333333333334,runs/yin_latest_vgg_20260927/single_noise/r21vgg2k_vgg16_bn_aa5_s42/faces_cfdWM64/faces_cfdWM64/results.csv,II
bin5,VGG2k / bin5,r21vgg2k_vgg16_bn_aa5_s42,face_transfer,124,single_uu,CFD WM64,Faces,0.36,,50,within_sampled_range,II,137,95.83333333333334,runs/yin_latest_vgg_20260927/single_noise/r21vgg2k_vgg16_bn_aa5_s42/faces_cfdWM64/faces_cfdWM64/results.csv,II
bin5,VGG2k / bin5,r21vgg2k_vgg16_bn_aa5_s42,face_transfer,124,single_uu,CFD WM64,Faces,0.36,,50,within_sampled_range,II,138,91.66666666666666,runs/yin_latest_vgg_20260927/single_noise/r21vgg2k_vgg16_bn_aa5_s42/faces_cfdWM64/faces_cfdWM64/results.csv,II
bin5,VGG2k / bin5,r21vgg2k_vgg16_bn_aa5_s42,face_transfer,124,single_uu,CFD WM64,Faces,0.36,,50,within_sampled_range,II,139,87.5,runs/yin_latest_vgg_20260927/single_noise/r21vgg2k_vgg16_bn_aa5_s42/faces_cfdWM64/faces_cfdWM64/results.csv,II
bin5,VGG2k / bin5,r21vgg2k_vgg16_bn_aa5_s42,face_transfer,124,single_uu,CFD WM64,Faces,0.36,,50,within_sampled_range,II,140,87.5,runs/yin_latest_vgg_20260927/single_noise/r21vgg2k_vgg16_bn_aa5_s42/faces_cfdWM64/faces_cfdWM64/results.csv,II
bin5,VGG2k / bin5,r21vgg2k_vgg16_bn_aa5_s42,face_transfer,124,single_uu,CFD WM64,Faces,0.36,,50,within_sampled_range,II,141,91.66666666666666,runs/yin_latest_vgg_20260927/single_noise/r21vgg2k_vgg16_bn_aa5_s42/faces_cfdWM64/faces_cfdWM64/results.csv,II
bin5,VGG2k / bin5,r21vgg2k_vgg16_bn_aa5_s42,face_transfer,124,single_uu,CFD WM64,Faces,0.36,,50,within_sampled_range,II,142,91.66666666666666,runs/yin_latest_vgg_20260927/single_noise/r21vgg2k_vgg16_bn_aa5_s42/faces_cfdWM64/faces_cfdWM64/results.csv,II
bin5,VGG2k / bin5,r21vgg2k_vgg16_bn_aa5_s42,face_transfer,124,single_uu,CFD WM64,Faces,0.36,,50,within_sampled_range,II,143,87.5,runs/yin_latest_vgg_20260927/single_noise/r21vgg2k_vgg16_bn_aa5_s42/faces_cfdWM64/faces_cfdWM64/results.csv,II
bin5,VGG2k / bin5,r21vgg2k_vgg16_bn_aa5_s42,face_transfer,124,single_uu,CFD WM64,Faces,0.36,,50,within_sampled_range,II,144,91.66666666666666,runs/yin_latest_vgg_20260927/single_noise/r21vgg2k_vgg16_bn_aa5_s42/faces_cfdWM64/faces_cfdWM64/results.csv,II
bin5,VGG2k / bin5,r21vgg2k_vgg16_bn_aa5_s42,face_transfer,124,single_uu,CFD WM64,Faces,0.36,,50,within_sampled_range,II,145,95.83333333333334,runs/yin_latest_vgg_20260927/single_noise/r21vgg2k_vgg16_bn_aa5_s42/faces_cfdWM64/faces_cfdWM64/results.csv,II
bin5,VGG2k / bin5,r21vgg2k_vgg16_bn_aa5_s42,face_transfer,124,single_uu,CFD WM64,Faces,0.36,,50,within_sampled_range,II,146,91.66666666666666,runs/yin_latest_vgg_20260927/single_noise/r21vgg2k_vgg16_bn_aa5_s42/faces_cfdWM64/faces_cfdWM64/results.csv,II
bin5,VGG2k / bin5,r21vgg2k_vgg16_bn_aa5_s42,face_transfer,124,single_uu,CFD WM64,Faces,0.36,,50,within_sampled_range,II,147,91.66666666666666,runs/yin_latest_vgg_20260927/single_noise/r21vgg2k_vgg16_bn_aa5_s42/faces_cfdWM64/faces_cfdWM64/results.csv,II
bin5,VGG2k / bin5,r21vgg2k_vgg16_bn_aa5_s42,face_transfer,124,single_uu,CFD WM64,Faces,0.36,,50,within_sampled_range,II,148,79.16666666666666,runs/yin_latest_vgg_20260927/single_noise/r21vgg2k_vgg16_bn_aa5_s42/faces_cfdWM64/faces_cfdWM64/results.csv,II
bin5,VGG2k / bin5,r21vgg2k_vgg16_bn_aa5_s42,face_transfer,124,single_uu,CFD WM64,Faces,0.36,,50,within_sampled_range,II,149,91.66666666666666,runs/yin_latest_vgg_20260927/single_noise/r21vgg2k_vgg16_bn_aa5_s42/faces_cfdWM64/faces_cfdWM64/results.csv,II
bin5,VGG2k / bin5,r21vgg2k_vgg16_bn_aa5_s42,face_transfer,124,single_uu,CFD WM64,Faces,0.36,,50,within_sampled_range,II,150,91.66666666666666,runs/yin_latest_vgg_20260927/single_noise/r21vgg2k_vgg16_bn_aa5_s42/faces_cfdWM64/faces_cfdWM64/results.csv,II
bin5,VGG2k / bin5,r21vgg2k_vgg16_bn_aa5_s42,face_transfer,124,single_uu,CFD WM64,Faces,0.36,,50,within_sampled_range,UI,101,91.66666666666666,runs/yin_latest_vgg_20260927/single_noise/r21vgg2k_vgg16_bn_aa5_s42/faces_cfdWM64/faces_cfdWM64/results.csv,UI
bin5,VGG2k / bin5,r21vgg2k_vgg16_bn_aa5_s42,face_transfer,124,single_uu,CFD WM64,Faces,0.36,,50,within_sampled_range,UI,102,95.83333333333334,runs/yin_latest_vgg_20260927/single_noise/r21vgg2k_vgg16_bn_aa5_s42/faces_cfdWM64/faces_cfdWM64/results.csv,UI
bin5,VGG2k / bin5,r21vgg2k_vgg16_bn_aa5_s42,face_transfer,124,single_uu,CFD WM64,Faces,0.36,,50,within_sampled_range,UI,103,95.83333333333334,runs/yin_latest_vgg_20260927/single_noise/r21vgg2k_vgg16_bn_aa5_s42/faces_cfdWM64/faces_cfdWM64/results.csv,UI
bin5,VGG2k / bin5,r21vgg2k_vgg16_bn_aa5_s42,face_transfer,124,single_uu,CFD WM64,Faces,0.36,,50,within_sampled_range,UI,104,95.83333333333334,runs/yin_latest_vgg_20260927/single_noise/r21vgg2k_vgg16_bn_aa5_s42/faces_cfdWM64/faces_cfdWM64/results.csv,UI
bin5,VGG2k / bin5,r21vgg2k_vgg16_bn_aa5_s42,face_transfer,124,single_uu,CFD WM64,Faces,0.36,,50,within_sampled_range,UI,105,95.83333333333334,runs/yin_latest_vgg_20260927/single_noise/r21vgg2k_vgg16_bn_aa5_s42/faces_cfdWM64/faces_cfdWM64/results.csv,UI
bin5,VGG2k / bin5,r21vgg2k_vgg16_bn_aa5_s42,face_transfer,124,single_uu,CFD WM64,Faces,0.36,,50,within_sampled_range,UI,106,91.66666666666666,runs/yin_latest_vgg_20260927/single_noise/r21vgg2k_vgg16_bn_aa5_s42/faces_cfdWM64/faces_cfdWM64/results.csv,UI
bin5,VGG2k / bin5,r21vgg2k_vgg16_bn_aa5_s42,face_transfer,124,single_uu,CFD WM64,Faces,0.36,,50,within_sampled_range,UI,107,83.33333333333334,runs/yin_latest_vgg_20260927/single_noise/r21vgg2k_vgg16_bn_aa5_s42/faces_cfdWM64/faces_cfdWM64/results.csv,UI
bin5,VGG2k / bin5,r21vgg2k_vgg16_bn_aa5_s42,face_transfer,124,single_uu,CFD WM64,Faces,0.36,,50,within_sampled_range,UI,108,91.66666666666666,runs/yin_latest_vgg_20260927/single_noise/r21vgg2k_vgg16_bn_aa5_s42/faces_cfdWM64/faces_cfdWM64/results.csv,UI
bin5,VGG2k / bin5,r21vgg2k_vgg16_bn_aa5_s42,face_transfer,124,single_uu,CFD WM64,Faces,0.36,,50,within_sampled_range,UI,109,87.5,runs/yin_latest_vgg_20260927/single_noise/r21vgg2k_vgg16_bn_aa5_s42/faces_cfdWM64/faces_cfdWM64/results.csv,UI
bin5,VGG2k / bin5,r21vgg2k_vgg16_bn_aa5_s42,face_transfer,124,single_uu,CFD WM64,Faces,0.36,,50,within_sampled_range,UI,110,91.66666666666666,runs/yin_latest_vgg_20260927/single_noise/r21vgg2k_vgg16_bn_aa5_s42/faces_cfdWM64/faces_cfdWM64/results.csv,UI
bin5,VGG2k / bin5,r21vgg2k_vgg16_bn_aa5_s42,face_transfer,124,single_uu,CFD WM64,Faces,0.36,,50,within_sampled_range,UI,111,87.5,runs/yin_latest_vgg_20260927/single_noise/r21vgg2k_vgg16_bn_aa5_s42/faces_cfdWM64/faces_cfdWM64/results.csv,UI
bin5,VGG2k / bin5,r21vgg2k_vgg16_bn_aa5_s42,face_transfer,124,single_uu,CFD WM64,Faces,0.36,,50,within_sampled_range,UI,112,91.66666666666666,runs/yin_latest_vgg_20260927/single_noise/r21vgg2k_vgg16_bn_aa5_s42/faces_cfdWM64/faces_cfdWM64/results.csv,UI
bin5,VGG2k / bin5,r21vgg2k_vgg16_bn_aa5_s42,face_transfer,124,single_uu,CFD WM64,Faces,0.36,,50,within_sampled_range,UI,113,83.33333333333334,runs/yin_latest_vgg_20260927/single_noise/r21vgg2k_vgg16_bn_aa5_s42/faces_cfdWM64/faces_cfdWM64/results.csv,UI
bin5,VGG2k / bin5,r21vgg2k_vgg16_bn_aa5_s42,face_transfer,124,single_uu,CFD WM64,Faces,0.36,,50,within_sampled_range,UI,114,95.83333333333334,runs/yin_latest_vgg_20260927/single_noise/r21vgg2k_vgg16_bn_aa5_s42/faces_cfdWM64/faces_cfdWM64/results.csv,UI
bin5,VGG2k / bin5,r21vgg2k_vgg16_bn_aa5_s42,face_transfer,124,single_uu,CFD WM64,Faces,0.36,,50,within_sampled_range,UI,115,95.83333333333334,runs/yin_latest_vgg_20260927/single_noise/r21vgg2k_vgg16_bn_aa5_s42/faces_cfdWM64/faces_cfdWM64/results.csv,UI
bin5,VGG2k / bin5,r21vgg2k_vgg16_bn_aa5_s42,face_transfer,124,single_uu,CFD WM64,Faces,0.36,,50,within_sampled_range,UI,116,87.5,runs/yin_latest_vgg_20260927/single_noise/r21vgg2k_vgg16_bn_aa5_s42/faces_cfdWM64/faces_cfdWM64/results.csv,UI
bin5,VGG2k / bin5,r21vgg2k_vgg16_bn_aa5_s42,face_transfer,124,single_uu,CFD WM64,Faces,0.36,,50,within_sampled_range,UI,117,87.5,runs/yin_latest_vgg_20260927/single_noise/r21vgg2k_vgg16_bn_aa5_s42/faces_cfdWM64/faces_cfdWM64/results.csv,UI
bin5,VGG2k / bin5,r21vgg2k_vgg16_bn_aa5_s42,face_transfer,124,single_uu,CFD WM64,Faces,0.36,,50,within_sampled_range,UI,118,83.33333333333334,runs/yin_latest_vgg_20260927/single_noise/r21vgg2k_vgg16_bn_aa5_s42/faces_cfdWM64/faces_cfdWM64/results.csv,UI
bin5,VGG2k / bin5,r21vgg2k_vgg16_bn_aa5_s42,face_transfer,124,single_uu,CFD WM64,Faces,0.36,,50,within_sampled_range,UI,119,91.66666666666666,runs/yin_latest_vgg_20260927/single_noise/r21vgg2k_vgg16_bn_aa5_s42/faces_cfdWM64/faces_cfdWM64/results.csv,UI
bin5,VGG2k / bin5,r21vgg2k_vgg16_bn_aa5_s42,face_transfer,124,single_uu,CFD WM64,Faces,0.36,,50,within_sampled_range,UI,120,100.0,runs/yin_latest_vgg_20260927/single_noise/r21vgg2k_vgg16_bn_aa5_s42/faces_cfdWM64/faces_cfdWM64/results.csv,UI
bin5,VGG2k / bin5,r21vgg2k_vgg16_bn_aa5_s42,face_transfer,124,single_uu,CFD WM64,Faces,0.36,,50,within_sampled_range,UI,121,95.83333333333334,runs/yin_latest_vgg_20260927/single_noise/r21vgg2k_vgg16_bn_aa5_s42/faces_cfdWM64/faces_cfdWM64/results.csv,UI
bin5,VGG2k / bin5,r21vgg2k_vgg16_bn_aa5_s42,face_transfer,124,single_uu,CFD WM64,Faces,0.36,,50,within_sampled_range,UI,122,79.16666666666666,runs/yin_latest_vgg_20260927/single_noise/r21vgg2k_vgg16_bn_aa5_s42/faces_cfdWM64/faces_cfdWM64/results.csv,UI
bin5,VGG2k / bin5,r21vgg2k_vgg16_bn_aa5_s42,face_transfer,124,single_uu,CFD WM64,Faces,0.36,,50,within_sampled_range,UI,123,79.16666666666666,runs/yin_latest_vgg_20260927/single_noise/r21vgg2k_vgg16_bn_aa5_s42/faces_cfdWM64/faces_cfdWM64/results.csv,UI
bin5,VGG2k / bin5,r21vgg2k_vgg16_bn_aa5_s42,face_transfer,124,single_uu,CFD WM64,Faces,0.36,,50,within_sampled_range,UI,124,87.5,runs/yin_latest_vgg_20260927/single_noise/r21vgg2k_vgg16_bn_aa5_s42/faces_cfdWM64/faces_cfdWM64/results.csv,UI
bin5,VGG2k / bin5,r21vgg2k_vgg16_bn_aa5_s42,face_transfer,124,single_uu,CFD WM64,Faces,0.36,,50,within_sampled_range,UI,125,91.66666666666666,runs/yin_latest_vgg_20260927/single_noise/r21vgg2k_vgg16_bn_aa5_s42/faces_cfdWM64/faces_cfdWM64/results.csv,UI
bin5,VGG2k / bin5,r21vgg2k_vgg16_bn_aa5_s42,face_transfer,124,single_uu,CFD WM64,Faces,0.36,,50,within_sampled_range,UI,126,91.66666666666666,runs/yin_latest_vgg_20260927/single_noise/r21vgg2k_vgg16_bn_aa5_s42/faces_cfdWM64/faces_cfdWM64/results.csv,UI
bin5,VGG2k / bin5,r21vgg2k_vgg16_bn_aa5_s42,face_transfer,124,single_uu,CFD WM64,Faces,0.36,,50,within_sampled_range,UI,127,87.5,runs/yin_latest_vgg_20260927/single_noise/r21vgg2k_vgg16_bn_aa5_s42/faces_cfdWM64/faces_cfdWM64/results.csv,UI
bin5,VGG2k / bin5,r21vgg2k_vgg16_bn_aa5_s42,face_transfer,124,single_uu,CFD WM64,Faces,0.36,,50,within_sampled_range,UI,128,79.16666666666666,runs/yin_latest_vgg_20260927/single_noise/r21vgg2k_vgg16_bn_aa5_s42/faces_cfdWM64/faces_cfdWM64/results.csv,UI
bin5,VGG2k / bin5,r21vgg2k_vgg16_bn_aa5_s42,face_transfer,124,single_uu,CFD WM64,Faces,0.36,,50,within_sampled_range,UI,129,95.83333333333334,runs/yin_latest_vgg_20260927/single_noise/r21vgg2k_vgg16_bn_aa5_s42/faces_cfdWM64/faces_cfdWM64/results.csv,UI
bin5,VGG2k / bin5,r21vgg2k_vgg16_bn_aa5_s42,face_transfer,124,single_uu,CFD WM64,Faces,0.36,,50,within_sampled_range,UI,130,95.83333333333334,runs/yin_latest_vgg_20260927/single_noise/r21vgg2k_vgg16_bn_aa5_s42/faces_cfdWM64/faces_cfdWM64/results.csv,UI
bin5,VGG2k / bin5,r21vgg2k_vgg16_bn_aa5_s42,face_transfer,124,single_uu,CFD WM64,Faces,0.36,,50,within_sampled_range,UI,131,83.33333333333334,runs/yin_latest_vgg_20260927/single_noise/r21vgg2k_vgg16_bn_aa5_s42/faces_cfdWM64/faces_cfdWM64/results.csv,UI
bin5,VGG2k / bin5,r21vgg2k_vgg16_bn_aa5_s42,face_transfer,124,single_uu,CFD WM64,Faces,0.36,,50,within_sampled_range,UI,132,95.83333333333334,runs/yin_latest_vgg_20260927/single_noise/r21vgg2k_vgg16_bn_aa5_s42/faces_cfdWM64/faces_cfdWM64/results.csv,UI
bin5,VGG2k / bin5,r21vgg2k_vgg16_bn_aa5_s42,face_transfer,124,single_uu,CFD WM64,Faces,0.36,,50,within_sampled_range,UI,133,91.66666666666666,runs/yin_latest_vgg_20260927/single_noise/r21vgg2k_vgg16_bn_aa5_s42/faces_cfdWM64/faces_cfdWM64/results.csv,UI
bin5,VGG2k / bin5,r21vgg2k_vgg16_bn_aa5_s42,face_transfer,124,single_uu,CFD WM64,Faces,0.36,,50,within_sampled_range,UI,134,100.0,runs/yin_latest_vgg_20260927/single_noise/r21vgg2k_vgg16_bn_aa5_s42/faces_cfdWM64/faces_cfdWM64/results.csv,UI
bin5,VGG2k / bin5,r21vgg2k_vgg16_bn_aa5_s42,face_transfer,124,single_uu,CFD WM64,Faces,0.36,,50,within_sampled_range,UI,135,91.66666666666666,runs/yin_latest_vgg_20260927/single_noise/r21vgg2k_vgg16_bn_aa5_s42/faces_cfdWM64/faces_cfdWM64/results.csv,UI
bin5,VGG2k / bin5,r21vgg2k_vgg16_bn_aa5_s42,face_transfer,124,single_uu,CFD WM64,Faces,0.36,,50,within_sampled_range,UI,136,83.33333333333334,runs/yin_latest_vgg_20260927/single_noise/r21vgg2k_vgg16_bn_aa5_s42/faces_cfdWM64/faces_cfdWM64/results.csv,UI
bin5,VGG2k / bin5,r21vgg2k_vgg16_bn_aa5_s42,face_transfer,124,single_uu,CFD WM64,Faces,0.36,,50,within_sampled_range,UI,137,100.0,runs/yin_latest_vgg_20260927/single_noise/r21vgg2k_vgg16_bn_aa5_s42/faces_cfdWM64/faces_cfdWM64/results.csv,UI
bin5,VGG2k / bin5,r21vgg2k_vgg16_bn_aa5_s42,face_transfer,124,single_uu,CFD WM64,Faces,0.36,,50,within_sampled_range,UI,138,95.83333333333334,runs/yin_latest_vgg_20260927/single_noise/r21vgg2k_vgg16_bn_aa5_s42/faces_cfdWM64/faces_cfdWM64/results.csv,UI
bin5,VGG2k / bin5,r21vgg2k_vgg16_bn_aa5_s42,face_transfer,124,single_uu,CFD WM64,Faces,0.36,,50,within_sampled_range,UI,139,95.83333333333334,runs/yin_latest_vgg_20260927/single_noise/r21vgg2k_vgg16_bn_aa5_s42/faces_cfdWM64/faces_cfdWM64/results.csv,UI
bin5,VGG2k / bin5,r21vgg2k_vgg16_bn_aa5_s42,face_transfer,124,single_uu,CFD WM64,Faces,0.36,,50,within_sampled_range,UI,140,79.16666666666666,runs/yin_latest_vgg_20260927/single_noise/r21vgg2k_vgg16_bn_aa5_s42/faces_cfdWM64/faces_cfdWM64/results.csv,UI
bin5,VGG2k / bin5,r21vgg2k_vgg16_bn_aa5_s42,face_transfer,124,single_uu,CFD WM64,Faces,0.36,,50,within_sampled_range,UI,141,87.5,runs/yin_latest_vgg_20260927/single_noise/r21vgg2k_vgg16_bn_aa5_s42/faces_cfdWM64/faces_cfdWM64/results.csv,UI
bin5,VGG2k / bin5,r21vgg2k_vgg16_bn_aa5_s42,face_transfer,124,single_uu,CFD WM64,Faces,0.36,,50,within_sampled_range,UI,142,95.83333333333334,runs/yin_latest_vgg_20260927/single_noise/r21vgg2k_vgg16_bn_aa5_s42/faces_cfdWM64/faces_cfdWM64/results.csv,UI
bin5,VGG2k / bin5,r21vgg2k_vgg16_bn_aa5_s42,face_transfer,124,single_uu,CFD WM64,Faces,0.36,,50,within_sampled_range,UI,143,91.66666666666666,runs/yin_latest_vgg_20260927/single_noise/r21vgg2k_vgg16_bn_aa5_s42/faces_cfdWM64/faces_cfdWM64/results.csv,UI
bin5,VGG2k / bin5,r21vgg2k_vgg16_bn_aa5_s42,face_transfer,124,single_uu,CFD WM64,Faces,0.36,,50,within_sampled_range,UI,144,87.5,runs/yin_latest_vgg_20260927/single_noise/r21vgg2k_vgg16_bn_aa5_s42/faces_cfdWM64/faces_cfdWM64/results.csv,UI
bin5,VGG2k / bin5,r21vgg2k_vgg16_bn_aa5_s42,face_transfer,124,single_uu,CFD WM64,Faces,0.36,,50,within_sampled_range,UI,145,83.33333333333334,runs/yin_latest_vgg_20260927/single_noise/r21vgg2k_vgg16_bn_aa5_s42/faces_cfdWM64/faces_cfdWM64/results.csv,UI
bin5,VGG2k / bin5,r21vgg2k_vgg16_bn_aa5_s42,face_transfer,124,single_uu,CFD WM64,Faces,0.36,,50,within_sampled_range,UI,146,91.66666666666666,runs/yin_latest_vgg_20260927/single_noise/r21vgg2k_vgg16_bn_aa5_s42/faces_cfdWM64/faces_cfdWM64/results.csv,UI
bin5,VGG2k / bin5,r21vgg2k_vgg16_bn_aa5_s42,face_transfer,124,single_uu,CFD WM64,Faces,0.36,,50,within_sampled_range,UI,147,95.83333333333334,runs/yin_latest_vgg_20260927/single_noise/r21vgg2k_vgg16_bn_aa5_s42/faces_cfdWM64/faces_cfdWM64/results.csv,UI
bin5,VGG2k / bin5,r21vgg2k_vgg16_bn_aa5_s42,face_transfer,124,single_uu,CFD WM64,Faces,0.36,,50,within_sampled_range,UI,148,91.66666666666666,runs/yin_latest_vgg_20260927/single_noise/r21vgg2k_vgg16_bn_aa5_s42/faces_cfdWM64/faces_cfdWM64/results.csv,UI
bin5,VGG2k / bin5,r21vgg2k_vgg16_bn_aa5_s42,face_transfer,124,single_uu,CFD WM64,Faces,0.36,,50,within_sampled_range,UI,149,79.16666666666666,runs/yin_latest_vgg_20260927/single_noise/r21vgg2k_vgg16_bn_aa5_s42/faces_cfdWM64/faces_cfdWM64/results.csv,UI
bin5,VGG2k / bin5,r21vgg2k_vgg16_bn_aa5_s42,face_transfer,124,single_uu,CFD WM64,Faces,0.36,,50,within_sampled_range,UI,150,87.5,runs/yin_latest_vgg_20260927/single_noise/r21vgg2k_vgg16_bn_aa5_s42/faces_cfdWM64/faces_cfdWM64/results.csv,UI
bin5,VGG2k / bin5,r21vgg2k_vgg16_bn_aa5_s42,face_transfer,124,single_uu,CFD WM64,Faces,0.36,,50,within_sampled_range,IU,101,100.0,runs/yin_latest_vgg_20260927/single_noise/r21vgg2k_vgg16_bn_aa5_s42/faces_cfdWM64/faces_cfdWM64/results.csv,IU
bin5,VGG2k / bin5,r21vgg2k_vgg16_bn_aa5_s42,face_transfer,124,single_uu,CFD WM64,Faces,0.36,,50,within_sampled_range,IU,102,95.83333333333334,runs/yin_latest_vgg_20260927/single_noise/r21vgg2k_vgg16_bn_aa5_s42/faces_cfdWM64/faces_cfdWM64/results.csv,IU
bin5,VGG2k / bin5,r21vgg2k_vgg16_bn_aa5_s42,face_transfer,124,single_uu,CFD WM64,Faces,0.36,,50,within_sampled_range,IU,103,95.83333333333334,runs/yin_latest_vgg_20260927/single_noise/r21vgg2k_vgg16_bn_aa5_s42/faces_cfdWM64/faces_cfdWM64/results.csv,IU
bin5,VGG2k / bin5,r21vgg2k_vgg16_bn_aa5_s42,face_transfer,124,single_uu,CFD WM64,Faces,0.36,,50,within_sampled_range,IU,104,91.66666666666666,runs/yin_latest_vgg_20260927/single_noise/r21vgg2k_vgg16_bn_aa5_s42/faces_cfdWM64/faces_cfdWM64/results.csv,IU
bin5,VGG2k / bin5,r21vgg2k_vgg16_bn_aa5_s42,face_transfer,124,single_uu,CFD WM64,Faces,0.36,,50,within_sampled_range,IU,105,91.66666666666666,runs/yin_latest_vgg_20260927/single_noise/r21vgg2k_vgg16_bn_aa5_s42/faces_cfdWM64/faces_cfdWM64/results.csv,IU
bin5,VGG2k / bin5,r21vgg2k_vgg16_bn_aa5_s42,face_transfer,124,single_uu,CFD WM64,Faces,0.36,,50,within_sampled_range,IU,106,95.83333333333334,runs/yin_latest_vgg_20260927/single_noise/r21vgg2k_vgg16_bn_aa5_s42/faces_cfdWM64/faces_cfdWM64/results.csv,IU
bin5,VGG2k / bin5,r21vgg2k_vgg16_bn_aa5_s42,face_transfer,124,single_uu,CFD WM64,Faces,0.36,,50,within_sampled_range,IU,107,91.66666666666666,runs/yin_latest_vgg_20260927/single_noise/r21vgg2k_vgg16_bn_aa5_s42/faces_cfdWM64/faces_cfdWM64/results.csv,IU
bin5,VGG2k / bin5,r21vgg2k_vgg16_bn_aa5_s42,face_transfer,124,single_uu,CFD WM64,Faces,0.36,,50,within_sampled_range,IU,108,95.83333333333334,runs/yin_latest_vgg_20260927/single_noise/r21vgg2k_vgg16_bn_aa5_s42/faces_cfdWM64/faces_cfdWM64/results.csv,IU
bin5,VGG2k / bin5,r21vgg2k_vgg16_bn_aa5_s42,face_transfer,124,single_uu,CFD WM64,Faces,0.36,,50,within_sampled_range,IU,109,87.5,runs/yin_latest_vgg_20260927/single_noise/r21vgg2k_vgg16_bn_aa5_s42/faces_cfdWM64/faces_cfdWM64/results.csv,IU
bin5,VGG2k / bin5,r21vgg2k_vgg16_bn_aa5_s42,face_transfer,124,single_uu,CFD WM64,Faces,0.36,,50,within_sampled_range,IU,110,87.5,runs/yin_latest_vgg_20260927/single_noise/r21vgg2k_vgg16_bn_aa5_s42/faces_cfdWM64/faces_cfdWM64/results.csv,IU
bin5,VGG2k / bin5,r21vgg2k_vgg16_bn_aa5_s42,face_transfer,124,single_uu,CFD WM64,Faces,0.36,,50,within_sampled_range,IU,111,75.0,runs/yin_latest_vgg_20260927/single_noise/r21vgg2k_vgg16_bn_aa5_s42/faces_cfdWM64/faces_cfdWM64/results.csv,IU
bin5,VGG2k / bin5,r21vgg2k_vgg16_bn_aa5_s42,face_transfer,124,single_uu,CFD WM64,Faces,0.36,,50,within_sampled_range,IU,112,83.33333333333334,runs/yin_latest_vgg_20260927/single_noise/r21vgg2k_vgg16_bn_aa5_s42/faces_cfdWM64/faces_cfdWM64/results.csv,IU
bin5,VGG2k / bin5,r21vgg2k_vgg16_bn_aa5_s42,face_transfer,124,single_uu,CFD WM64,Faces,0.36,,50,within_sampled_range,IU,113,91.66666666666666,runs/yin_latest_vgg_20260927/single_noise/r21vgg2k_vgg16_bn_aa5_s42/faces_cfdWM64/faces_cfdWM64/results.csv,IU
bin5,VGG2k / bin5,r21vgg2k_vgg16_bn_aa5_s42,face_transfer,124,single_uu,CFD WM64,Faces,0.36,,50,within_sampled_range,IU,114,79.16666666666666,runs/yin_latest_vgg_20260927/single_noise/r21vgg2k_vgg16_bn_aa5_s42/faces_cfdWM64/faces_cfdWM64/results.csv,IU
bin5,VGG2k / bin5,r21vgg2k_vgg16_bn_aa5_s42,face_transfer,124,single_uu,CFD WM64,Faces,0.36,,50,within_sampled_range,IU,115,87.5,runs/yin_latest_vgg_20260927/single_noise/r21vgg2k_vgg16_bn_aa5_s42/faces_cfdWM64/faces_cfdWM64/results.csv,IU
bin5,VGG2k / bin5,r21vgg2k_vgg16_bn_aa5_s42,face_transfer,124,single_uu,CFD WM64,Faces,0.36,,50,within_sampled_range,IU,116,87.5,runs/yin_latest_vgg_20260927/single_noise/r21vgg2k_vgg16_bn_aa5_s42/faces_cfdWM64/faces_cfdWM64/results.csv,IU
bin5,VGG2k / bin5,r21vgg2k_vgg16_bn_aa5_s42,face_transfer,124,single_uu,CFD WM64,Faces,0.36,,50,within_sampled_range,IU,117,91.66666666666666,runs/yin_latest_vgg_20260927/single_noise/r21vgg2k_vgg16_bn_aa5_s42/faces_cfdWM64/faces_cfdWM64/results.csv,IU
bin5,VGG2k / bin5,r21vgg2k_vgg16_bn_aa5_s42,face_transfer,124,single_uu,CFD WM64,Faces,0.36,,50,within_sampled_range,IU,118,75.0,runs/yin_latest_vgg_20260927/single_noise/r21vgg2k_vgg16_bn_aa5_s42/faces_cfdWM64/faces_cfdWM64/results.csv,IU
bin5,VGG2k / bin5,r21vgg2k_vgg16_bn_aa5_s42,face_transfer,124,single_uu,CFD WM64,Faces,0.36,,50,within_sampled_range,IU,119,95.83333333333334,runs/yin_latest_vgg_20260927/single_noise/r21vgg2k_vgg16_bn_aa5_s42/faces_cfdWM64/faces_cfdWM64/results.csv,IU
bin5,VGG2k / bin5,r21vgg2k_vgg16_bn_aa5_s42,face_transfer,124,single_uu,CFD WM64,Faces,0.36,,50,within_sampled_range,IU,120,87.5,runs/yin_latest_vgg_20260927/single_noise/r21vgg2k_vgg16_bn_aa5_s42/faces_cfdWM64/faces_cfdWM64/results.csv,IU
bin5,VGG2k / bin5,r21vgg2k_vgg16_bn_aa5_s42,face_transfer,124,single_uu,CFD WM64,Faces,0.36,,50,within_sampled_range,IU,121,87.5,runs/yin_latest_vgg_20260927/single_noise/r21vgg2k_vgg16_bn_aa5_s42/faces_cfdWM64/faces_cfdWM64/results.csv,IU
bin5,VGG2k / bin5,r21vgg2k_vgg16_bn_aa5_s42,face_transfer,124,single_uu,CFD WM64,Faces,0.36,,50,within_sampled_range,IU,122,87.5,runs/yin_latest_vgg_20260927/single_noise/r21vgg2k_vgg16_bn_aa5_s42/faces_cfdWM64/faces_cfdWM64/results.csv,IU
bin5,VGG2k / bin5,r21vgg2k_vgg16_bn_aa5_s42,face_transfer,124,single_uu,CFD WM64,Faces,0.36,,50,within_sampled_range,IU,123,95.83333333333334,runs/yin_latest_vgg_20260927/single_noise/r21vgg2k_vgg16_bn_aa5_s42/faces_cfdWM64/faces_cfdWM64/results.csv,IU
bin5,VGG2k / bin5,r21vgg2k_vgg16_bn_aa5_s42,face_transfer,124,single_uu,CFD WM64,Faces,0.36,,50,within_sampled_range,IU,124,79.16666666666666,runs/yin_latest_vgg_20260927/single_noise/r21vgg2k_vgg16_bn_aa5_s42/faces_cfdWM64/faces_cfdWM64/results.csv,IU
bin5,VGG2k / bin5,r21vgg2k_vgg16_bn_aa5_s42,face_transfer,124,single_uu,CFD WM64,Faces,0.36,,50,within_sampled_range,IU,125,83.33333333333334,runs/yin_latest_vgg_20260927/single_noise/r21vgg2k_vgg16_bn_aa5_s42/faces_cfdWM64/faces_cfdWM64/results.csv,IU
bin5,VGG2k / bin5,r21vgg2k_vgg16_bn_aa5_s42,face_transfer,124,single_uu,CFD WM64,Faces,0.36,,50,within_sampled_range,IU,126,95.83333333333334,runs/yin_latest_vgg_20260927/single_noise/r21vgg2k_vgg16_bn_aa5_s42/faces_cfdWM64/faces_cfdWM64/results.csv,IU
bin5,VGG2k / bin5,r21vgg2k_vgg16_bn_aa5_s42,face_transfer,124,single_uu,CFD WM64,Faces,0.36,,50,within_sampled_range,IU,127,91.66666666666666,runs/yin_latest_vgg_20260927/single_noise/r21vgg2k_vgg16_bn_aa5_s42/faces_cfdWM64/faces_cfdWM64/results.csv,IU
bin5,VGG2k / bin5,r21vgg2k_vgg16_bn_aa5_s42,face_transfer,124,single_uu,CFD WM64,Faces,0.36,,50,within_sampled_range,IU,128,87.5,runs/yin_latest_vgg_20260927/single_noise/r21vgg2k_vgg16_bn_aa5_s42/faces_cfdWM64/faces_cfdWM64/results.csv,IU
bin5,VGG2k / bin5,r21vgg2k_vgg16_bn_aa5_s42,face_transfer,124,single_uu,CFD WM64,Faces,0.36,,50,within_sampled_range,IU,129,95.83333333333334,runs/yin_latest_vgg_20260927/single_noise/r21vgg2k_vgg16_bn_aa5_s42/faces_cfdWM64/faces_cfdWM64/results.csv,IU
bin5,VGG2k / bin5,r21vgg2k_vgg16_bn_aa5_s42,face_transfer,124,single_uu,CFD WM64,Faces,0.36,,50,within_sampled_range,IU,130,91.66666666666666,runs/yin_latest_vgg_20260927/single_noise/r21vgg2k_vgg16_bn_aa5_s42/faces_cfdWM64/faces_cfdWM64/results.csv,IU
bin5,VGG2k / bin5,r21vgg2k_vgg16_bn_aa5_s42,face_transfer,124,single_uu,CFD WM64,Faces,0.36,,50,within_sampled_range,IU,131,79.16666666666666,runs/yin_latest_vgg_20260927/single_noise/r21vgg2k_vgg16_bn_aa5_s42/faces_cfdWM64/faces_cfdWM64/results.csv,IU
bin5,VGG2k / bin5,r21vgg2k_vgg16_bn_aa5_s42,face_transfer,124,single_uu,CFD WM64,Faces,0.36,,50,within_sampled_range,IU,132,79.16666666666666,runs/yin_latest_vgg_20260927/single_noise/r21vgg2k_vgg16_bn_aa5_s42/faces_cfdWM64/faces_cfdWM64/results.csv,IU
bin5,VGG2k / bin5,r21vgg2k_vgg16_bn_aa5_s42,face_transfer,124,single_uu,CFD WM64,Faces,0.36,,50,within_sampled_range,IU,133,95.83333333333334,runs/yin_latest_vgg_20260927/single_noise/r21vgg2k_vgg16_bn_aa5_s42/faces_cfdWM64/faces_cfdWM64/results.csv,IU
bin5,VGG2k / bin5,r21vgg2k_vgg16_bn_aa5_s42,face_transfer,124,single_uu,CFD WM64,Faces,0.36,,50,within_sampled_range,IU,134,87.5,runs/yin_latest_vgg_20260927/single_noise/r21vgg2k_vgg16_bn_aa5_s42/faces_cfdWM64/faces_cfdWM64/results.csv,IU
bin5,VGG2k / bin5,r21vgg2k_vgg16_bn_aa5_s42,face_transfer,124,single_uu,CFD WM64,Faces,0.36,,50,within_sampled_range,IU,135,79.16666666666666,runs/yin_latest_vgg_20260927/single_noise/r21vgg2k_vgg16_bn_aa5_s42/faces_cfdWM64/faces_cfdWM64/results.csv,IU
bin5,VGG2k / bin5,r21vgg2k_vgg16_bn_aa5_s42,face_transfer,124,single_uu,CFD WM64,Faces,0.36,,50,within_sampled_range,IU,136,87.5,runs/yin_latest_vgg_20260927/single_noise/r21vgg2k_vgg16_bn_aa5_s42/faces_cfdWM64/faces_cfdWM64/results.csv,IU
bin5,VGG2k / bin5,r21vgg2k_vgg16_bn_aa5_s42,face_transfer,124,single_uu,CFD WM64,Faces,0.36,,50,within_sampled_range,IU,137,95.83333333333334,runs/yin_latest_vgg_20260927/single_noise/r21vgg2k_vgg16_bn_aa5_s42/faces_cfdWM64/faces_cfdWM64/results.csv,IU
bin5,VGG2k / bin5,r21vgg2k_vgg16_bn_aa5_s42,face_transfer,124,single_uu,CFD WM64,Faces,0.36,,50,within_sampled_range,IU,138,95.83333333333334,runs/yin_latest_vgg_20260927/single_noise/r21vgg2k_vgg16_bn_aa5_s42/faces_cfdWM64/faces_cfdWM64/results.csv,IU
bin5,VGG2k / bin5,r21vgg2k_vgg16_bn_aa5_s42,face_transfer,124,single_uu,CFD WM64,Faces,0.36,,50,within_sampled_range,IU,139,91.66666666666666,runs/yin_latest_vgg_20260927/single_noise/r21vgg2k_vgg16_bn_aa5_s42/faces_cfdWM64/faces_cfdWM64/results.csv,IU
bin5,VGG2k / bin5,r21vgg2k_vgg16_bn_aa5_s42,face_transfer,124,single_uu,CFD WM64,Faces,0.36,,50,within_sampled_range,IU,140,83.33333333333334,runs/yin_latest_vgg_20260927/single_noise/r21vgg2k_vgg16_bn_aa5_s42/faces_cfdWM64/faces_cfdWM64/results.csv,IU
bin5,VGG2k / bin5,r21vgg2k_vgg16_bn_aa5_s42,face_transfer,124,single_uu,CFD WM64,Faces,0.36,,50,within_sampled_range,IU,141,100.0,runs/yin_latest_vgg_20260927/single_noise/r21vgg2k_vgg16_bn_aa5_s42/faces_cfdWM64/faces_cfdWM64/results.csv,IU
bin5,VGG2k / bin5,r21vgg2k_vgg16_bn_aa5_s42,face_transfer,124,single_uu,CFD WM64,Faces,0.36,,50,within_sampled_range,IU,142,91.66666666666666,runs/yin_latest_vgg_20260927/single_noise/r21vgg2k_vgg16_bn_aa5_s42/faces_cfdWM64/faces_cfdWM64/results.csv,IU
bin5,VGG2k / bin5,r21vgg2k_vgg16_bn_aa5_s42,face_transfer,124,single_uu,CFD WM64,Faces,0.36,,50,within_sampled_range,IU,143,75.0,runs/yin_latest_vgg_20260927/single_noise/r21vgg2k_vgg16_bn_aa5_s42/faces_cfdWM64/faces_cfdWM64/results.csv,IU
bin5,VGG2k / bin5,r21vgg2k_vgg16_bn_aa5_s42,face_transfer,124,single_uu,CFD WM64,Faces,0.36,,50,within_sampled_range,IU,144,95.83333333333334,runs/yin_latest_vgg_20260927/single_noise/r21vgg2k_vgg16_bn_aa5_s42/faces_cfdWM64/faces_cfdWM64/results.csv,IU
bin5,VGG2k / bin5,r21vgg2k_vgg16_bn_aa5_s42,face_transfer,124,single_uu,CFD WM64,Faces,0.36,,50,within_sampled_range,IU,145,91.66666666666666,runs/yin_latest_vgg_20260927/single_noise/r21vgg2k_vgg16_bn_aa5_s42/faces_cfdWM64/faces_cfdWM64/results.csv,IU
bin5,VGG2k / bin5,r21vgg2k_vgg16_bn_aa5_s42,face_transfer,124,single_uu,CFD WM64,Faces,0.36,,50,within_sampled_range,IU,146,91.66666666666666,runs/yin_latest_vgg_20260927/single_noise/r21vgg2k_vgg16_bn_aa5_s42/faces_cfdWM64/faces_cfdWM64/results.csv,IU
bin5,VGG2k / bin5,r21vgg2k_vgg16_bn_aa5_s42,face_transfer,124,single_uu,CFD WM64,Faces,0.36,,50,within_sampled_range,IU,147,79.16666666666666,runs/yin_latest_vgg_20260927/single_noise/r21vgg2k_vgg16_bn_aa5_s42/faces_cfdWM64/faces_cfdWM64/results.csv,IU
bin5,VGG2k / bin5,r21vgg2k_vgg16_bn_aa5_s42,face_transfer,124,single_uu,CFD WM64,Faces,0.36,,50,within_sampled_range,IU,148,75.0,runs/yin_latest_vgg_20260927/single_noise/r21vgg2k_vgg16_bn_aa5_s42/faces_cfdWM64/faces_cfdWM64/results.csv,IU
bin5,VGG2k / bin5,r21vgg2k_vgg16_bn_aa5_s42,face_transfer,124,single_uu,CFD WM64,Faces,0.36,,50,within_sampled_range,IU,149,79.16666666666666,runs/yin_latest_vgg_20260927/single_noise/r21vgg2k_vgg16_bn_aa5_s42/faces_cfdWM64/faces_cfdWM64/results.csv,IU
bin5,VGG2k / bin5,r21vgg2k_vgg16_bn_aa5_s42,face_transfer,124,single_uu,CFD WM64,Faces,0.36,,50,within_sampled_range,IU,150,87.5,runs/yin_latest_vgg_20260927/single_noise/r21vgg2k_vgg16_bn_aa5_s42/faces_cfdWM64/faces_cfdWM64/results.csv,IU
bin5,VGG2k / bin5,r21vgg2k_vgg16_bn_aa5_s42,face_transfer,124,two_cross,CFD WM64,Faces,0.36,0.38,50,within_sampled_range,UU,101,100.0,runs/yin_latest_vgg_20260927/transfer/results/r21vgg2k_vgg16_bn_aa5_s42/faces_cfdWM64/faces_cfdWM64/results.csv,UU
bin5,VGG2k / bin5,r21vgg2k_vgg16_bn_aa5_s42,face_transfer,124,two_cross,CFD WM64,Faces,0.36,0.38,50,within_sampled_range,UU,102,95.83333333333334,runs/yin_latest_vgg_20260927/transfer/results/r21vgg2k_vgg16_bn_aa5_s42/faces_cfdWM64/faces_cfdWM64/results.csv,UU
bin5,VGG2k / bin5,r21vgg2k_vgg16_bn_aa5_s42,face_transfer,124,two_cross,CFD WM64,Faces,0.36,0.38,50,within_sampled_range,UU,103,100.0,runs/yin_latest_vgg_20260927/transfer/results/r21vgg2k_vgg16_bn_aa5_s42/faces_cfdWM64/faces_cfdWM64/results.csv,UU
bin5,VGG2k / bin5,r21vgg2k_vgg16_bn_aa5_s42,face_transfer,124,two_cross,CFD WM64,Faces,0.36,0.38,50,within_sampled_range,UU,104,100.0,runs/yin_latest_vgg_20260927/transfer/results/r21vgg2k_vgg16_bn_aa5_s42/faces_cfdWM64/faces_cfdWM64/results.csv,UU
bin5,VGG2k / bin5,r21vgg2k_vgg16_bn_aa5_s42,face_transfer,124,two_cross,CFD WM64,Faces,0.36,0.38,50,within_sampled_range,UU,105,100.0,runs/yin_latest_vgg_20260927/transfer/results/r21vgg2k_vgg16_bn_aa5_s42/faces_cfdWM64/faces_cfdWM64/results.csv,UU
bin5,VGG2k / bin5,r21vgg2k_vgg16_bn_aa5_s42,face_transfer,124,two_cross,CFD WM64,Faces,0.36,0.38,50,within_sampled_range,UU,106,95.83333333333334,runs/yin_latest_vgg_20260927/transfer/results/r21vgg2k_vgg16_bn_aa5_s42/faces_cfdWM64/faces_cfdWM64/results.csv,UU
bin5,VGG2k / bin5,r21vgg2k_vgg16_bn_aa5_s42,face_transfer,124,two_cross,CFD WM64,Faces,0.36,0.38,50,within_sampled_range,UU,107,95.83333333333334,runs/yin_latest_vgg_20260927/transfer/results/r21vgg2k_vgg16_bn_aa5_s42/faces_cfdWM64/faces_cfdWM64/results.csv,UU
bin5,VGG2k / bin5,r21vgg2k_vgg16_bn_aa5_s42,face_transfer,124,two_cross,CFD WM64,Faces,0.36,0.38,50,within_sampled_range,UU,108,95.83333333333334,runs/yin_latest_vgg_20260927/transfer/results/r21vgg2k_vgg16_bn_aa5_s42/faces_cfdWM64/faces_cfdWM64/results.csv,UU
bin5,VGG2k / bin5,r21vgg2k_vgg16_bn_aa5_s42,face_transfer,124,two_cross,CFD WM64,Faces,0.36,0.38,50,within_sampled_range,UU,109,91.66666666666666,runs/yin_latest_vgg_20260927/transfer/results/r21vgg2k_vgg16_bn_aa5_s42/faces_cfdWM64/faces_cfdWM64/results.csv,UU
bin5,VGG2k / bin5,r21vgg2k_vgg16_bn_aa5_s42,face_transfer,124,two_cross,CFD WM64,Faces,0.36,0.38,50,within_sampled_range,UU,110,91.66666666666666,runs/yin_latest_vgg_20260927/transfer/results/r21vgg2k_vgg16_bn_aa5_s42/faces_cfdWM64/faces_cfdWM64/results.csv,UU
bin5,VGG2k / bin5,r21vgg2k_vgg16_bn_aa5_s42,face_transfer,124,two_cross,CFD WM64,Faces,0.36,0.38,50,within_sampled_range,UU,111,87.5,runs/yin_latest_vgg_20260927/transfer/results/r21vgg2k_vgg16_bn_aa5_s42/faces_cfdWM64/faces_cfdWM64/results.csv,UU
bin5,VGG2k / bin5,r21vgg2k_vgg16_bn_aa5_s42,face_transfer,124,two_cross,CFD WM64,Faces,0.36,0.38,50,within_sampled_range,UU,112,100.0,runs/yin_latest_vgg_20260927/transfer/results/r21vgg2k_vgg16_bn_aa5_s42/faces_cfdWM64/faces_cfdWM64/results.csv,UU
bin5,VGG2k / bin5,r21vgg2k_vgg16_bn_aa5_s42,face_transfer,124,two_cross,CFD WM64,Faces,0.36,0.38,50,within_sampled_range,UU,113,100.0,runs/yin_latest_vgg_20260927/transfer/results/r21vgg2k_vgg16_bn_aa5_s42/faces_cfdWM64/faces_cfdWM64/results.csv,UU
bin5,VGG2k / bin5,r21vgg2k_vgg16_bn_aa5_s42,face_transfer,124,two_cross,CFD WM64,Faces,0.36,0.38,50,within_sampled_range,UU,114,100.0,runs/yin_latest_vgg_20260927/transfer/results/r21vgg2k_vgg16_bn_aa5_s42/faces_cfdWM64/faces_cfdWM64/results.csv,UU
bin5,VGG2k / bin5,r21vgg2k_vgg16_bn_aa5_s42,face_transfer,124,two_cross,CFD WM64,Faces,0.36,0.38,50,within_sampled_range,UU,115,95.83333333333334,runs/yin_latest_vgg_20260927/transfer/results/r21vgg2k_vgg16_bn_aa5_s42/faces_cfdWM64/faces_cfdWM64/results.csv,UU
bin5,VGG2k / bin5,r21vgg2k_vgg16_bn_aa5_s42,face_transfer,124,two_cross,CFD WM64,Faces,0.36,0.38,50,within_sampled_range,UU,116,100.0,runs/yin_latest_vgg_20260927/transfer/results/r21vgg2k_vgg16_bn_aa5_s42/faces_cfdWM64/faces_cfdWM64/results.csv,UU
bin5,VGG2k / bin5,r21vgg2k_vgg16_bn_aa5_s42,face_transfer,124,two_cross,CFD WM64,Faces,0.36,0.38,50,within_sampled_range,UU,117,87.5,runs/yin_latest_vgg_20260927/transfer/results/r21vgg2k_vgg16_bn_aa5_s42/faces_cfdWM64/faces_cfdWM64/results.csv,UU
bin5,VGG2k / bin5,r21vgg2k_vgg16_bn_aa5_s42,face_transfer,124,two_cross,CFD WM64,Faces,0.36,0.38,50,within_sampled_range,UU,118,95.83333333333334,runs/yin_latest_vgg_20260927/transfer/results/r21vgg2k_vgg16_bn_aa5_s42/faces_cfdWM64/faces_cfdWM64/results.csv,UU
bin5,VGG2k / bin5,r21vgg2k_vgg16_bn_aa5_s42,face_transfer,124,two_cross,CFD WM64,Faces,0.36,0.38,50,within_sampled_range,UU,119,95.83333333333334,runs/yin_latest_vgg_20260927/transfer/results/r21vgg2k_vgg16_bn_aa5_s42/faces_cfdWM64/faces_cfdWM64/results.csv,UU
bin5,VGG2k / bin5,r21vgg2k_vgg16_bn_aa5_s42,face_transfer,124,two_cross,CFD WM64,Faces,0.36,0.38,50,within_sampled_range,UU,120,95.83333333333334,runs/yin_latest_vgg_20260927/transfer/results/r21vgg2k_vgg16_bn_aa5_s42/faces_cfdWM64/faces_cfdWM64/results.csv,UU
bin5,VGG2k / bin5,r21vgg2k_vgg16_bn_aa5_s42,face_transfer,124,two_cross,CFD WM64,Faces,0.36,0.38,50,within_sampled_range,UU,121,91.66666666666666,runs/yin_latest_vgg_20260927/transfer/results/r21vgg2k_vgg16_bn_aa5_s42/faces_cfdWM64/faces_cfdWM64/results.csv,UU
bin5,VGG2k / bin5,r21vgg2k_vgg16_bn_aa5_s42,face_transfer,124,two_cross,CFD WM64,Faces,0.36,0.38,50,within_sampled_range,UU,122,95.83333333333334,runs/yin_latest_vgg_20260927/transfer/results/r21vgg2k_vgg16_bn_aa5_s42/faces_cfdWM64/faces_cfdWM64/results.csv,UU
bin5,VGG2k / bin5,r21vgg2k_vgg16_bn_aa5_s42,face_transfer,124,two_cross,CFD WM64,Faces,0.36,0.38,50,within_sampled_range,UU,123,95.83333333333334,runs/yin_latest_vgg_20260927/transfer/results/r21vgg2k_vgg16_bn_aa5_s42/faces_cfdWM64/faces_cfdWM64/results.csv,UU
bin5,VGG2k / bin5,r21vgg2k_vgg16_bn_aa5_s42,face_transfer,124,two_cross,CFD WM64,Faces,0.36,0.38,50,within_sampled_range,UU,124,100.0,runs/yin_latest_vgg_20260927/transfer/results/r21vgg2k_vgg16_bn_aa5_s42/faces_cfdWM64/faces_cfdWM64/results.csv,UU
bin5,VGG2k / bin5,r21vgg2k_vgg16_bn_aa5_s42,face_transfer,124,two_cross,CFD WM64,Faces,0.36,0.38,50,within_sampled_range,UU,125,95.83333333333334,runs/yin_latest_vgg_20260927/transfer/results/r21vgg2k_vgg16_bn_aa5_s42/faces_cfdWM64/faces_cfdWM64/results.csv,UU
bin5,VGG2k / bin5,r21vgg2k_vgg16_bn_aa5_s42,face_transfer,124,two_cross,CFD WM64,Faces,0.36,0.38,50,within_sampled_range,UU,126,95.83333333333334,runs/yin_latest_vgg_20260927/transfer/results/r21vgg2k_vgg16_bn_aa5_s42/faces_cfdWM64/faces_cfdWM64/results.csv,UU
bin5,VGG2k / bin5,r21vgg2k_vgg16_bn_aa5_s42,face_transfer,124,two_cross,CFD WM64,Faces,0.36,0.38,50,within_sampled_range,UU,127,95.83333333333334,runs/yin_latest_vgg_20260927/transfer/results/r21vgg2k_vgg16_bn_aa5_s42/faces_cfdWM64/faces_cfdWM64/results.csv,UU
bin5,VGG2k / bin5,r21vgg2k_vgg16_bn_aa5_s42,face_transfer,124,two_cross,CFD WM64,Faces,0.36,0.38,50,within_sampled_range,UU,128,100.0,runs/yin_latest_vgg_20260927/transfer/results/r21vgg2k_vgg16_bn_aa5_s42/faces_cfdWM64/faces_cfdWM64/results.csv,UU
bin5,VGG2k / bin5,r21vgg2k_vgg16_bn_aa5_s42,face_transfer,124,two_cross,CFD WM64,Faces,0.36,0.38,50,within_sampled_range,UU,129,100.0,runs/yin_latest_vgg_20260927/transfer/results/r21vgg2k_vgg16_bn_aa5_s42/faces_cfdWM64/faces_cfdWM64/results.csv,UU
bin5,VGG2k / bin5,r21vgg2k_vgg16_bn_aa5_s42,face_transfer,124,two_cross,CFD WM64,Faces,0.36,0.38,50,within_sampled_range,UU,130,100.0,runs/yin_latest_vgg_20260927/transfer/results/r21vgg2k_vgg16_bn_aa5_s42/faces_cfdWM64/faces_cfdWM64/results.csv,UU
bin5,VGG2k / bin5,r21vgg2k_vgg16_bn_aa5_s42,face_transfer,124,two_cross,CFD WM64,Faces,0.36,0.38,50,within_sampled_range,UU,131,95.83333333333334,runs/yin_latest_vgg_20260927/transfer/results/r21vgg2k_vgg16_bn_aa5_s42/faces_cfdWM64/faces_cfdWM64/results.csv,UU
bin5,VGG2k / bin5,r21vgg2k_vgg16_bn_aa5_s42,face_transfer,124,two_cross,CFD WM64,Faces,0.36,0.38,50,within_sampled_range,UU,132,100.0,runs/yin_latest_vgg_20260927/transfer/results/r21vgg2k_vgg16_bn_aa5_s42/faces_cfdWM64/faces_cfdWM64/results.csv,UU
bin5,VGG2k / bin5,r21vgg2k_vgg16_bn_aa5_s42,face_transfer,124,two_cross,CFD WM64,Faces,0.36,0.38,50,within_sampled_range,UU,133,95.83333333333334,runs/yin_latest_vgg_20260927/transfer/results/r21vgg2k_vgg16_bn_aa5_s42/faces_cfdWM64/faces_cfdWM64/results.csv,UU
bin5,VGG2k / bin5,r21vgg2k_vgg16_bn_aa5_s42,face_transfer,124,two_cross,CFD WM64,Faces,0.36,0.38,50,within_sampled_range,UU,134,95.83333333333334,runs/yin_latest_vgg_20260927/transfer/results/r21vgg2k_vgg16_bn_aa5_s42/faces_cfdWM64/faces_cfdWM64/results.csv,UU
bin5,VGG2k / bin5,r21vgg2k_vgg16_bn_aa5_s42,face_transfer,124,two_cross,CFD WM64,Faces,0.36,0.38,50,within_sampled_range,UU,135,95.83333333333334,runs/yin_latest_vgg_20260927/transfer/results/r21vgg2k_vgg16_bn_aa5_s42/faces_cfdWM64/faces_cfdWM64/results.csv,UU
bin5,VGG2k / bin5,r21vgg2k_vgg16_bn_aa5_s42,face_transfer,124,two_cross,CFD WM64,Faces,0.36,0.38,50,within_sampled_range,UU,136,100.0,runs/yin_latest_vgg_20260927/transfer/results/r21vgg2k_vgg16_bn_aa5_s42/faces_cfdWM64/faces_cfdWM64/results.csv,UU
bin5,VGG2k / bin5,r21vgg2k_vgg16_bn_aa5_s42,face_transfer,124,two_cross,CFD WM64,Faces,0.36,0.38,50,within_sampled_range,UU,137,95.83333333333334,runs/yin_latest_vgg_20260927/transfer/results/r21vgg2k_vgg16_bn_aa5_s42/faces_cfdWM64/faces_cfdWM64/results.csv,UU
bin5,VGG2k / bin5,r21vgg2k_vgg16_bn_aa5_s42,face_transfer,124,two_cross,CFD WM64,Faces,0.36,0.38,50,within_sampled_range,UU,138,100.0,runs/yin_latest_vgg_20260927/transfer/results/r21vgg2k_vgg16_bn_aa5_s42/faces_cfdWM64/faces_cfdWM64/results.csv,UU
bin5,VGG2k / bin5,r21vgg2k_vgg16_bn_aa5_s42,face_transfer,124,two_cross,CFD WM64,Faces,0.36,0.38,50,within_sampled_range,UU,139,95.83333333333334,runs/yin_latest_vgg_20260927/transfer/results/r21vgg2k_vgg16_bn_aa5_s42/faces_cfdWM64/faces_cfdWM64/results.csv,UU
bin5,VGG2k / bin5,r21vgg2k_vgg16_bn_aa5_s42,face_transfer,124,two_cross,CFD WM64,Faces,0.36,0.38,50,within_sampled_range,UU,140,91.66666666666666,runs/yin_latest_vgg_20260927/transfer/results/r21vgg2k_vgg16_bn_aa5_s42/faces_cfdWM64/faces_cfdWM64/results.csv,UU
bin5,VGG2k / bin5,r21vgg2k_vgg16_bn_aa5_s42,face_transfer,124,two_cross,CFD WM64,Faces,0.36,0.38,50,within_sampled_range,UU,141,100.0,runs/yin_latest_vgg_20260927/transfer/results/r21vgg2k_vgg16_bn_aa5_s42/faces_cfdWM64/faces_cfdWM64/results.csv,UU
bin5,VGG2k / bin5,r21vgg2k_vgg16_bn_aa5_s42,face_transfer,124,two_cross,CFD WM64,Faces,0.36,0.38,50,within_sampled_range,UU,142,95.83333333333334,runs/yin_latest_vgg_20260927/transfer/results/r21vgg2k_vgg16_bn_aa5_s42/faces_cfdWM64/faces_cfdWM64/results.csv,UU
bin5,VGG2k / bin5,r21vgg2k_vgg16_bn_aa5_s42,face_transfer,124,two_cross,CFD WM64,Faces,0.36,0.38,50,within_sampled_range,UU,143,100.0,runs/yin_latest_vgg_20260927/transfer/results/r21vgg2k_vgg16_bn_aa5_s42/faces_cfdWM64/faces_cfdWM64/results.csv,UU
bin5,VGG2k / bin5,r21vgg2k_vgg16_bn_aa5_s42,face_transfer,124,two_cross,CFD WM64,Faces,0.36,0.38,50,within_sampled_range,UU,144,100.0,runs/yin_latest_vgg_20260927/transfer/results/r21vgg2k_vgg16_bn_aa5_s42/faces_cfdWM64/faces_cfdWM64/results.csv,UU
bin5,VGG2k / bin5,r21vgg2k_vgg16_bn_aa5_s42,face_transfer,124,two_cross,CFD WM64,Faces,0.36,0.38,50,within_sampled_range,UU,145,95.83333333333334,runs/yin_latest_vgg_20260927/transfer/results/r21vgg2k_vgg16_bn_aa5_s42/faces_cfdWM64/faces_cfdWM64/results.csv,UU
bin5,VGG2k / bin5,r21vgg2k_vgg16_bn_aa5_s42,face_transfer,124,two_cross,CFD WM64,Faces,0.36,0.38,50,within_sampled_range,UU,146,95.83333333333334,runs/yin_latest_vgg_20260927/transfer/results/r21vgg2k_vgg16_bn_aa5_s42/faces_cfdWM64/faces_cfdWM64/results.csv,UU
bin5,VGG2k / bin5,r21vgg2k_vgg16_bn_aa5_s42,face_transfer,124,two_cross,CFD WM64,Faces,0.36,0.38,50,within_sampled_range,UU,147,91.66666666666666,runs/yin_latest_vgg_20260927/transfer/results/r21vgg2k_vgg16_bn_aa5_s42/faces_cfdWM64/faces_cfdWM64/results.csv,UU
bin5,VGG2k / bin5,r21vgg2k_vgg16_bn_aa5_s42,face_transfer,124,two_cross,CFD WM64,Faces,0.36,0.38,50,within_sampled_range,UU,148,100.0,runs/yin_latest_vgg_20260927/transfer/results/r21vgg2k_vgg16_bn_aa5_s42/faces_cfdWM64/faces_cfdWM64/results.csv,UU
bin5,VGG2k / bin5,r21vgg2k_vgg16_bn_aa5_s42,face_transfer,124,two_cross,CFD WM64,Faces,0.36,0.38,50,within_sampled_range,UU,149,87.5,runs/yin_latest_vgg_20260927/transfer/results/r21vgg2k_vgg16_bn_aa5_s42/faces_cfdWM64/faces_cfdWM64/results.csv,UU
bin5,VGG2k / bin5,r21vgg2k_vgg16_bn_aa5_s42,face_transfer,124,two_cross,CFD WM64,Faces,0.36,0.38,50,within_sampled_range,UU,150,100.0,runs/yin_latest_vgg_20260927/transfer/results/r21vgg2k_vgg16_bn_aa5_s42/faces_cfdWM64/faces_cfdWM64/results.csv,UU
bin5,VGG2k / bin5,r21vgg2k_vgg16_bn_aa5_s42,face_transfer,124,two_cross,CFD WM64,Faces,0.36,0.38,50,within_sampled_range,II,101,91.66666666666666,runs/yin_latest_vgg_20260927/transfer/results/r21vgg2k_vgg16_bn_aa5_s42/faces_cfdWM64/faces_cfdWM64/results.csv,II
bin5,VGG2k / bin5,r21vgg2k_vgg16_bn_aa5_s42,face_transfer,124,two_cross,CFD WM64,Faces,0.36,0.38,50,within_sampled_range,II,102,87.5,runs/yin_latest_vgg_20260927/transfer/results/r21vgg2k_vgg16_bn_aa5_s42/faces_cfdWM64/faces_cfdWM64/results.csv,II
bin5,VGG2k / bin5,r21vgg2k_vgg16_bn_aa5_s42,face_transfer,124,two_cross,CFD WM64,Faces,0.36,0.38,50,within_sampled_range,II,103,95.83333333333334,runs/yin_latest_vgg_20260927/transfer/results/r21vgg2k_vgg16_bn_aa5_s42/faces_cfdWM64/faces_cfdWM64/results.csv,II
bin5,VGG2k / bin5,r21vgg2k_vgg16_bn_aa5_s42,face_transfer,124,two_cross,CFD WM64,Faces,0.36,0.38,50,within_sampled_range,II,104,87.5,runs/yin_latest_vgg_20260927/transfer/results/r21vgg2k_vgg16_bn_aa5_s42/faces_cfdWM64/faces_cfdWM64/results.csv,II
bin5,VGG2k / bin5,r21vgg2k_vgg16_bn_aa5_s42,face_transfer,124,two_cross,CFD WM64,Faces,0.36,0.38,50,within_sampled_range,II,105,83.33333333333334,runs/yin_latest_vgg_20260927/transfer/results/r21vgg2k_vgg16_bn_aa5_s42/faces_cfdWM64/faces_cfdWM64/results.csv,II
bin5,VGG2k / bin5,r21vgg2k_vgg16_bn_aa5_s42,face_transfer,124,two_cross,CFD WM64,Faces,0.36,0.38,50,within_sampled_range,II,106,75.0,runs/yin_latest_vgg_20260927/transfer/results/r21vgg2k_vgg16_bn_aa5_s42/faces_cfdWM64/faces_cfdWM64/results.csv,II
bin5,VGG2k / bin5,r21vgg2k_vgg16_bn_aa5_s42,face_transfer,124,two_cross,CFD WM64,Faces,0.36,0.38,50,within_sampled_range,II,107,91.66666666666666,runs/yin_latest_vgg_20260927/transfer/results/r21vgg2k_vgg16_bn_aa5_s42/faces_cfdWM64/faces_cfdWM64/results.csv,II
bin5,VGG2k / bin5,r21vgg2k_vgg16_bn_aa5_s42,face_transfer,124,two_cross,CFD WM64,Faces,0.36,0.38,50,within_sampled_range,II,108,95.83333333333334,runs/yin_latest_vgg_20260927/transfer/results/r21vgg2k_vgg16_bn_aa5_s42/faces_cfdWM64/faces_cfdWM64/results.csv,II
bin5,VGG2k / bin5,r21vgg2k_vgg16_bn_aa5_s42,face_transfer,124,two_cross,CFD WM64,Faces,0.36,0.38,50,within_sampled_range,II,109,83.33333333333334,runs/yin_latest_vgg_20260927/transfer/results/r21vgg2k_vgg16_bn_aa5_s42/faces_cfdWM64/faces_cfdWM64/results.csv,II
bin5,VGG2k / bin5,r21vgg2k_vgg16_bn_aa5_s42,face_transfer,124,two_cross,CFD WM64,Faces,0.36,0.38,50,within_sampled_range,II,110,70.83333333333334,runs/yin_latest_vgg_20260927/transfer/results/r21vgg2k_vgg16_bn_aa5_s42/faces_cfdWM64/faces_cfdWM64/results.csv,II
bin5,VGG2k / bin5,r21vgg2k_vgg16_bn_aa5_s42,face_transfer,124,two_cross,CFD WM64,Faces,0.36,0.38,50,within_sampled_range,II,111,83.33333333333334,runs/yin_latest_vgg_20260927/transfer/results/r21vgg2k_vgg16_bn_aa5_s42/faces_cfdWM64/faces_cfdWM64/results.csv,II
bin5,VGG2k / bin5,r21vgg2k_vgg16_bn_aa5_s42,face_transfer,124,two_cross,CFD WM64,Faces,0.36,0.38,50,within_sampled_range,II,112,87.5,runs/yin_latest_vgg_20260927/transfer/results/r21vgg2k_vgg16_bn_aa5_s42/faces_cfdWM64/faces_cfdWM64/results.csv,II
bin5,VGG2k / bin5,r21vgg2k_vgg16_bn_aa5_s42,face_transfer,124,two_cross,CFD WM64,Faces,0.36,0.38,50,within_sampled_range,II,113,70.83333333333334,runs/yin_latest_vgg_20260927/transfer/results/r21vgg2k_vgg16_bn_aa5_s42/faces_cfdWM64/faces_cfdWM64/results.csv,II
bin5,VGG2k / bin5,r21vgg2k_vgg16_bn_aa5_s42,face_transfer,124,two_cross,CFD WM64,Faces,0.36,0.38,50,within_sampled_range,II,114,87.5,runs/yin_latest_vgg_20260927/transfer/results/r21vgg2k_vgg16_bn_aa5_s42/faces_cfdWM64/faces_cfdWM64/results.csv,II
bin5,VGG2k / bin5,r21vgg2k_vgg16_bn_aa5_s42,face_transfer,124,two_cross,CFD WM64,Faces,0.36,0.38,50,within_sampled_range,II,115,75.0,runs/yin_latest_vgg_20260927/transfer/results/r21vgg2k_vgg16_bn_aa5_s42/faces_cfdWM64/faces_cfdWM64/results.csv,II
bin5,VGG2k / bin5,r21vgg2k_vgg16_bn_aa5_s42,face_transfer,124,two_cross,CFD WM64,Faces,0.36,0.38,50,within_sampled_range,II,116,83.33333333333334,runs/yin_latest_vgg_20260927/transfer/results/r21vgg2k_vgg16_bn_aa5_s42/faces_cfdWM64/faces_cfdWM64/results.csv,II
bin5,VGG2k / bin5,r21vgg2k_vgg16_bn_aa5_s42,face_transfer,124,two_cross,CFD WM64,Faces,0.36,0.38,50,within_sampled_range,II,117,83.33333333333334,runs/yin_latest_vgg_20260927/transfer/results/r21vgg2k_vgg16_bn_aa5_s42/faces_cfdWM64/faces_cfdWM64/results.csv,II
bin5,VGG2k / bin5,r21vgg2k_vgg16_bn_aa5_s42,face_transfer,124,two_cross,CFD WM64,Faces,0.36,0.38,50,within_sampled_range,II,118,87.5,runs/yin_latest_vgg_20260927/transfer/results/r21vgg2k_vgg16_bn_aa5_s42/faces_cfdWM64/faces_cfdWM64/results.csv,II
bin5,VGG2k / bin5,r21vgg2k_vgg16_bn_aa5_s42,face_transfer,124,two_cross,CFD WM64,Faces,0.36,0.38,50,within_sampled_range,II,119,75.0,runs/yin_latest_vgg_20260927/transfer/results/r21vgg2k_vgg16_bn_aa5_s42/faces_cfdWM64/faces_cfdWM64/results.csv,II
bin5,VGG2k / bin5,r21vgg2k_vgg16_bn_aa5_s42,face_transfer,124,two_cross,CFD WM64,Faces,0.36,0.38,50,within_sampled_range,II,120,83.33333333333334,runs/yin_latest_vgg_20260927/transfer/results/r21vgg2k_vgg16_bn_aa5_s42/faces_cfdWM64/faces_cfdWM64/results.csv,II
bin5,VGG2k / bin5,r21vgg2k_vgg16_bn_aa5_s42,face_transfer,124,two_cross,CFD WM64,Faces,0.36,0.38,50,within_sampled_range,II,121,75.0,runs/yin_latest_vgg_20260927/transfer/results/r21vgg2k_vgg16_bn_aa5_s42/faces_cfdWM64/faces_cfdWM64/results.csv,II
bin5,VGG2k / bin5,r21vgg2k_vgg16_bn_aa5_s42,face_transfer,124,two_cross,CFD WM64,Faces,0.36,0.38,50,within_sampled_range,II,122,83.33333333333334,runs/yin_latest_vgg_20260927/transfer/results/r21vgg2k_vgg16_bn_aa5_s42/faces_cfdWM64/faces_cfdWM64/results.csv,II
bin5,VGG2k / bin5,r21vgg2k_vgg16_bn_aa5_s42,face_transfer,124,two_cross,CFD WM64,Faces,0.36,0.38,50,within_sampled_range,II,123,75.0,runs/yin_latest_vgg_20260927/transfer/results/r21vgg2k_vgg16_bn_aa5_s42/faces_cfdWM64/faces_cfdWM64/results.csv,II
bin5,VGG2k / bin5,r21vgg2k_vgg16_bn_aa5_s42,face_transfer,124,two_cross,CFD WM64,Faces,0.36,0.38,50,within_sampled_range,II,124,87.5,runs/yin_latest_vgg_20260927/transfer/results/r21vgg2k_vgg16_bn_aa5_s42/faces_cfdWM64/faces_cfdWM64/results.csv,II
bin5,VGG2k / bin5,r21vgg2k_vgg16_bn_aa5_s42,face_transfer,124,two_cross,CFD WM64,Faces,0.36,0.38,50,within_sampled_range,II,125,87.5,runs/yin_latest_vgg_20260927/transfer/results/r21vgg2k_vgg16_bn_aa5_s42/faces_cfdWM64/faces_cfdWM64/results.csv,II
bin5,VGG2k / bin5,r21vgg2k_vgg16_bn_aa5_s42,face_transfer,124,two_cross,CFD WM64,Faces,0.36,0.38,50,within_sampled_range,II,126,79.16666666666666,runs/yin_latest_vgg_20260927/transfer/results/r21vgg2k_vgg16_bn_aa5_s42/faces_cfdWM64/faces_cfdWM64/results.csv,II
bin5,VGG2k / bin5,r21vgg2k_vgg16_bn_aa5_s42,face_transfer,124,two_cross,CFD WM64,Faces,0.36,0.38,50,within_sampled_range,II,127,79.16666666666666,runs/yin_latest_vgg_20260927/transfer/results/r21vgg2k_vgg16_bn_aa5_s42/faces_cfdWM64/faces_cfdWM64/results.csv,II
bin5,VGG2k / bin5,r21vgg2k_vgg16_bn_aa5_s42,face_transfer,124,two_cross,CFD WM64,Faces,0.36,0.38,50,within_sampled_range,II,128,91.66666666666666,runs/yin_latest_vgg_20260927/transfer/results/r21vgg2k_vgg16_bn_aa5_s42/faces_cfdWM64/faces_cfdWM64/results.csv,II
bin5,VGG2k / bin5,r21vgg2k_vgg16_bn_aa5_s42,face_transfer,124,two_cross,CFD WM64,Faces,0.36,0.38,50,within_sampled_range,II,129,95.83333333333334,runs/yin_latest_vgg_20260927/transfer/results/r21vgg2k_vgg16_bn_aa5_s42/faces_cfdWM64/faces_cfdWM64/results.csv,II
bin5,VGG2k / bin5,r21vgg2k_vgg16_bn_aa5_s42,face_transfer,124,two_cross,CFD WM64,Faces,0.36,0.38,50,within_sampled_range,II,130,87.5,runs/yin_latest_vgg_20260927/transfer/results/r21vgg2k_vgg16_bn_aa5_s42/faces_cfdWM64/faces_cfdWM64/results.csv,II
bin5,VGG2k / bin5,r21vgg2k_vgg16_bn_aa5_s42,face_transfer,124,two_cross,CFD WM64,Faces,0.36,0.38,50,within_sampled_range,II,131,75.0,runs/yin_latest_vgg_20260927/transfer/results/r21vgg2k_vgg16_bn_aa5_s42/faces_cfdWM64/faces_cfdWM64/results.csv,II
bin5,VGG2k / bin5,r21vgg2k_vgg16_bn_aa5_s42,face_transfer,124,two_cross,CFD WM64,Faces,0.36,0.38,50,within_sampled_range,II,132,91.66666666666666,runs/yin_latest_vgg_20260927/transfer/results/r21vgg2k_vgg16_bn_aa5_s42/faces_cfdWM64/faces_cfdWM64/results.csv,II
bin5,VGG2k / bin5,r21vgg2k_vgg16_bn_aa5_s42,face_transfer,124,two_cross,CFD WM64,Faces,0.36,0.38,50,within_sampled_range,II,133,70.83333333333334,runs/yin_latest_vgg_20260927/transfer/results/r21vgg2k_vgg16_bn_aa5_s42/faces_cfdWM64/faces_cfdWM64/results.csv,II
bin5,VGG2k / bin5,r21vgg2k_vgg16_bn_aa5_s42,face_transfer,124,two_cross,CFD WM64,Faces,0.36,0.38,50,within_sampled_range,II,134,70.83333333333334,runs/yin_latest_vgg_20260927/transfer/results/r21vgg2k_vgg16_bn_aa5_s42/faces_cfdWM64/faces_cfdWM64/results.csv,II
bin5,VGG2k / bin5,r21vgg2k_vgg16_bn_aa5_s42,face_transfer,124,two_cross,CFD WM64,Faces,0.36,0.38,50,within_sampled_range,II,135,75.0,runs/yin_latest_vgg_20260927/transfer/results/r21vgg2k_vgg16_bn_aa5_s42/faces_cfdWM64/faces_cfdWM64/results.csv,II
bin5,VGG2k / bin5,r21vgg2k_vgg16_bn_aa5_s42,face_transfer,124,two_cross,CFD WM64,Faces,0.36,0.38,50,within_sampled_range,II,136,83.33333333333334,runs/yin_latest_vgg_20260927/transfer/results/r21vgg2k_vgg16_bn_aa5_s42/faces_cfdWM64/faces_cfdWM64/results.csv,II
bin5,VGG2k / bin5,r21vgg2k_vgg16_bn_aa5_s42,face_transfer,124,two_cross,CFD WM64,Faces,0.36,0.38,50,within_sampled_range,II,137,79.16666666666666,runs/yin_latest_vgg_20260927/transfer/results/r21vgg2k_vgg16_bn_aa5_s42/faces_cfdWM64/faces_cfdWM64/results.csv,II
bin5,VGG2k / bin5,r21vgg2k_vgg16_bn_aa5_s42,face_transfer,124,two_cross,CFD WM64,Faces,0.36,0.38,50,within_sampled_range,II,138,87.5,runs/yin_latest_vgg_20260927/transfer/results/r21vgg2k_vgg16_bn_aa5_s42/faces_cfdWM64/faces_cfdWM64/results.csv,II
bin5,VGG2k / bin5,r21vgg2k_vgg16_bn_aa5_s42,face_transfer,124,two_cross,CFD WM64,Faces,0.36,0.38,50,within_sampled_range,II,139,79.16666666666666,runs/yin_latest_vgg_20260927/transfer/results/r21vgg2k_vgg16_bn_aa5_s42/faces_cfdWM64/faces_cfdWM64/results.csv,II
bin5,VGG2k / bin5,r21vgg2k_vgg16_bn_aa5_s42,face_transfer,124,two_cross,CFD WM64,Faces,0.36,0.38,50,within_sampled_range,II,140,83.33333333333334,runs/yin_latest_vgg_20260927/transfer/results/r21vgg2k_vgg16_bn_aa5_s42/faces_cfdWM64/faces_cfdWM64/results.csv,II
bin5,VGG2k / bin5,r21vgg2k_vgg16_bn_aa5_s42,face_transfer,124,two_cross,CFD WM64,Faces,0.36,0.38,50,within_sampled_range,II,141,83.33333333333334,runs/yin_latest_vgg_20260927/transfer/results/r21vgg2k_vgg16_bn_aa5_s42/faces_cfdWM64/faces_cfdWM64/results.csv,II
bin5,VGG2k / bin5,r21vgg2k_vgg16_bn_aa5_s42,face_transfer,124,two_cross,CFD WM64,Faces,0.36,0.38,50,within_sampled_range,II,142,79.16666666666666,runs/yin_latest_vgg_20260927/transfer/results/r21vgg2k_vgg16_bn_aa5_s42/faces_cfdWM64/faces_cfdWM64/results.csv,II
bin5,VGG2k / bin5,r21vgg2k_vgg16_bn_aa5_s42,face_transfer,124,two_cross,CFD WM64,Faces,0.36,0.38,50,within_sampled_range,II,143,83.33333333333334,runs/yin_latest_vgg_20260927/transfer/results/r21vgg2k_vgg16_bn_aa5_s42/faces_cfdWM64/faces_cfdWM64/results.csv,II
bin5,VGG2k / bin5,r21vgg2k_vgg16_bn_aa5_s42,face_transfer,124,two_cross,CFD WM64,Faces,0.36,0.38,50,within_sampled_range,II,144,75.0,runs/yin_latest_vgg_20260927/transfer/results/r21vgg2k_vgg16_bn_aa5_s42/faces_cfdWM64/faces_cfdWM64/results.csv,II
bin5,VGG2k / bin5,r21vgg2k_vgg16_bn_aa5_s42,face_transfer,124,two_cross,CFD WM64,Faces,0.36,0.38,50,within_sampled_range,II,145,87.5,runs/yin_latest_vgg_20260927/transfer/results/r21vgg2k_vgg16_bn_aa5_s42/faces_cfdWM64/faces_cfdWM64/results.csv,II
bin5,VGG2k / bin5,r21vgg2k_vgg16_bn_aa5_s42,face_transfer,124,two_cross,CFD WM64,Faces,0.36,0.38,50,within_sampled_range,II,146,79.16666666666666,runs/yin_latest_vgg_20260927/transfer/results/r21vgg2k_vgg16_bn_aa5_s42/faces_cfdWM64/faces_cfdWM64/results.csv,II
bin5,VGG2k / bin5,r21vgg2k_vgg16_bn_aa5_s42,face_transfer,124,two_cross,CFD WM64,Faces,0.36,0.38,50,within_sampled_range,II,147,75.0,runs/yin_latest_vgg_20260927/transfer/results/r21vgg2k_vgg16_bn_aa5_s42/faces_cfdWM64/faces_cfdWM64/results.csv,II
bin5,VGG2k / bin5,r21vgg2k_vgg16_bn_aa5_s42,face_transfer,124,two_cross,CFD WM64,Faces,0.36,0.38,50,within_sampled_range,II,148,70.83333333333334,runs/yin_latest_vgg_20260927/transfer/results/r21vgg2k_vgg16_bn_aa5_s42/faces_cfdWM64/faces_cfdWM64/results.csv,II
bin5,VGG2k / bin5,r21vgg2k_vgg16_bn_aa5_s42,face_transfer,124,two_cross,CFD WM64,Faces,0.36,0.38,50,within_sampled_range,II,149,91.66666666666666,runs/yin_latest_vgg_20260927/transfer/results/r21vgg2k_vgg16_bn_aa5_s42/faces_cfdWM64/faces_cfdWM64/results.csv,II
bin5,VGG2k / bin5,r21vgg2k_vgg16_bn_aa5_s42,face_transfer,124,two_cross,CFD WM64,Faces,0.36,0.38,50,within_sampled_range,II,150,75.0,runs/yin_latest_vgg_20260927/transfer/results/r21vgg2k_vgg16_bn_aa5_s42/faces_cfdWM64/faces_cfdWM64/results.csv,II
bin5,VGG2k / bin5,r21vgg2k_vgg16_bn_aa5_s42,face_transfer,124,two_cross,CFD WM64,Faces,0.36,0.38,50,within_sampled_range,UI,101,83.33333333333334,runs/yin_latest_vgg_20260927/transfer/results/r21vgg2k_vgg16_bn_aa5_s42/faces_cfdWM64/faces_cfdWM64/results.csv,UI_cross
bin5,VGG2k / bin5,r21vgg2k_vgg16_bn_aa5_s42,face_transfer,124,two_cross,CFD WM64,Faces,0.36,0.38,50,within_sampled_range,UI,102,91.66666666666666,runs/yin_latest_vgg_20260927/transfer/results/r21vgg2k_vgg16_bn_aa5_s42/faces_cfdWM64/faces_cfdWM64/results.csv,UI_cross
bin5,VGG2k / bin5,r21vgg2k_vgg16_bn_aa5_s42,face_transfer,124,two_cross,CFD WM64,Faces,0.36,0.38,50,within_sampled_range,UI,103,95.83333333333334,runs/yin_latest_vgg_20260927/transfer/results/r21vgg2k_vgg16_bn_aa5_s42/faces_cfdWM64/faces_cfdWM64/results.csv,UI_cross
bin5,VGG2k / bin5,r21vgg2k_vgg16_bn_aa5_s42,face_transfer,124,two_cross,CFD WM64,Faces,0.36,0.38,50,within_sampled_range,UI,104,95.83333333333334,runs/yin_latest_vgg_20260927/transfer/results/r21vgg2k_vgg16_bn_aa5_s42/faces_cfdWM64/faces_cfdWM64/results.csv,UI_cross
bin5,VGG2k / bin5,r21vgg2k_vgg16_bn_aa5_s42,face_transfer,124,two_cross,CFD WM64,Faces,0.36,0.38,50,within_sampled_range,UI,105,91.66666666666666,runs/yin_latest_vgg_20260927/transfer/results/r21vgg2k_vgg16_bn_aa5_s42/faces_cfdWM64/faces_cfdWM64/results.csv,UI_cross
bin5,VGG2k / bin5,r21vgg2k_vgg16_bn_aa5_s42,face_transfer,124,two_cross,CFD WM64,Faces,0.36,0.38,50,within_sampled_range,UI,106,91.66666666666666,runs/yin_latest_vgg_20260927/transfer/results/r21vgg2k_vgg16_bn_aa5_s42/faces_cfdWM64/faces_cfdWM64/results.csv,UI_cross
bin5,VGG2k / bin5,r21vgg2k_vgg16_bn_aa5_s42,face_transfer,124,two_cross,CFD WM64,Faces,0.36,0.38,50,within_sampled_range,UI,107,83.33333333333334,runs/yin_latest_vgg_20260927/transfer/results/r21vgg2k_vgg16_bn_aa5_s42/faces_cfdWM64/faces_cfdWM64/results.csv,UI_cross
bin5,VGG2k / bin5,r21vgg2k_vgg16_bn_aa5_s42,face_transfer,124,two_cross,CFD WM64,Faces,0.36,0.38,50,within_sampled_range,UI,108,87.5,runs/yin_latest_vgg_20260927/transfer/results/r21vgg2k_vgg16_bn_aa5_s42/faces_cfdWM64/faces_cfdWM64/results.csv,UI_cross
bin5,VGG2k / bin5,r21vgg2k_vgg16_bn_aa5_s42,face_transfer,124,two_cross,CFD WM64,Faces,0.36,0.38,50,within_sampled_range,UI,109,83.33333333333334,runs/yin_latest_vgg_20260927/transfer/results/r21vgg2k_vgg16_bn_aa5_s42/faces_cfdWM64/faces_cfdWM64/results.csv,UI_cross
bin5,VGG2k / bin5,r21vgg2k_vgg16_bn_aa5_s42,face_transfer,124,two_cross,CFD WM64,Faces,0.36,0.38,50,within_sampled_range,UI,110,87.5,runs/yin_latest_vgg_20260927/transfer/results/r21vgg2k_vgg16_bn_aa5_s42/faces_cfdWM64/faces_cfdWM64/results.csv,UI_cross
bin5,VGG2k / bin5,r21vgg2k_vgg16_bn_aa5_s42,face_transfer,124,two_cross,CFD WM64,Faces,0.36,0.38,50,within_sampled_range,UI,111,79.16666666666666,runs/yin_latest_vgg_20260927/transfer/results/r21vgg2k_vgg16_bn_aa5_s42/faces_cfdWM64/faces_cfdWM64/results.csv,UI_cross
bin5,VGG2k / bin5,r21vgg2k_vgg16_bn_aa5_s42,face_transfer,124,two_cross,CFD WM64,Faces,0.36,0.38,50,within_sampled_range,UI,112,83.33333333333334,runs/yin_latest_vgg_20260927/transfer/results/r21vgg2k_vgg16_bn_aa5_s42/faces_cfdWM64/faces_cfdWM64/results.csv,UI_cross
bin5,VGG2k / bin5,r21vgg2k_vgg16_bn_aa5_s42,face_transfer,124,two_cross,CFD WM64,Faces,0.36,0.38,50,within_sampled_range,UI,113,75.0,runs/yin_latest_vgg_20260927/transfer/results/r21vgg2k_vgg16_bn_aa5_s42/faces_cfdWM64/faces_cfdWM64/results.csv,UI_cross
bin5,VGG2k / bin5,r21vgg2k_vgg16_bn_aa5_s42,face_transfer,124,two_cross,CFD WM64,Faces,0.36,0.38,50,within_sampled_range,UI,114,91.66666666666666,runs/yin_latest_vgg_20260927/transfer/results/r21vgg2k_vgg16_bn_aa5_s42/faces_cfdWM64/faces_cfdWM64/results.csv,UI_cross
bin5,VGG2k / bin5,r21vgg2k_vgg16_bn_aa5_s42,face_transfer,124,two_cross,CFD WM64,Faces,0.36,0.38,50,within_sampled_range,UI,115,83.33333333333334,runs/yin_latest_vgg_20260927/transfer/results/r21vgg2k_vgg16_bn_aa5_s42/faces_cfdWM64/faces_cfdWM64/results.csv,UI_cross
bin5,VGG2k / bin5,r21vgg2k_vgg16_bn_aa5_s42,face_transfer,124,two_cross,CFD WM64,Faces,0.36,0.38,50,within_sampled_range,UI,116,91.66666666666666,runs/yin_latest_vgg_20260927/transfer/results/r21vgg2k_vgg16_bn_aa5_s42/faces_cfdWM64/faces_cfdWM64/results.csv,UI_cross
bin5,VGG2k / bin5,r21vgg2k_vgg16_bn_aa5_s42,face_transfer,124,two_cross,CFD WM64,Faces,0.36,0.38,50,within_sampled_range,UI,117,87.5,runs/yin_latest_vgg_20260927/transfer/results/r21vgg2k_vgg16_bn_aa5_s42/faces_cfdWM64/faces_cfdWM64/results.csv,UI_cross
bin5,VGG2k / bin5,r21vgg2k_vgg16_bn_aa5_s42,face_transfer,124,two_cross,CFD WM64,Faces,0.36,0.38,50,within_sampled_range,UI,118,79.16666666666666,runs/yin_latest_vgg_20260927/transfer/results/r21vgg2k_vgg16_bn_aa5_s42/faces_cfdWM64/faces_cfdWM64/results.csv,UI_cross
bin5,VGG2k / bin5,r21vgg2k_vgg16_bn_aa5_s42,face_transfer,124,two_cross,CFD WM64,Faces,0.36,0.38,50,within_sampled_range,UI,119,95.83333333333334,runs/yin_latest_vgg_20260927/transfer/results/r21vgg2k_vgg16_bn_aa5_s42/faces_cfdWM64/faces_cfdWM64/results.csv,UI_cross
bin5,VGG2k / bin5,r21vgg2k_vgg16_bn_aa5_s42,face_transfer,124,two_cross,CFD WM64,Faces,0.36,0.38,50,within_sampled_range,UI,120,91.66666666666666,runs/yin_latest_vgg_20260927/transfer/results/r21vgg2k_vgg16_bn_aa5_s42/faces_cfdWM64/faces_cfdWM64/results.csv,UI_cross
bin5,VGG2k / bin5,r21vgg2k_vgg16_bn_aa5_s42,face_transfer,124,two_cross,CFD WM64,Faces,0.36,0.38,50,within_sampled_range,UI,121,95.83333333333334,runs/yin_latest_vgg_20260927/transfer/results/r21vgg2k_vgg16_bn_aa5_s42/faces_cfdWM64/faces_cfdWM64/results.csv,UI_cross
bin5,VGG2k / bin5,r21vgg2k_vgg16_bn_aa5_s42,face_transfer,124,two_cross,CFD WM64,Faces,0.36,0.38,50,within_sampled_range,UI,122,79.16666666666666,runs/yin_latest_vgg_20260927/transfer/results/r21vgg2k_vgg16_bn_aa5_s42/faces_cfdWM64/faces_cfdWM64/results.csv,UI_cross
bin5,VGG2k / bin5,r21vgg2k_vgg16_bn_aa5_s42,face_transfer,124,two_cross,CFD WM64,Faces,0.36,0.38,50,within_sampled_range,UI,123,79.16666666666666,runs/yin_latest_vgg_20260927/transfer/results/r21vgg2k_vgg16_bn_aa5_s42/faces_cfdWM64/faces_cfdWM64/results.csv,UI_cross
bin5,VGG2k / bin5,r21vgg2k_vgg16_bn_aa5_s42,face_transfer,124,two_cross,CFD WM64,Faces,0.36,0.38,50,within_sampled_range,UI,124,87.5,runs/yin_latest_vgg_20260927/transfer/results/r21vgg2k_vgg16_bn_aa5_s42/faces_cfdWM64/faces_cfdWM64/results.csv,UI_cross
bin5,VGG2k / bin5,r21vgg2k_vgg16_bn_aa5_s42,face_transfer,124,two_cross,CFD WM64,Faces,0.36,0.38,50,within_sampled_range,UI,125,91.66666666666666,runs/yin_latest_vgg_20260927/transfer/results/r21vgg2k_vgg16_bn_aa5_s42/faces_cfdWM64/faces_cfdWM64/results.csv,UI_cross
bin5,VGG2k / bin5,r21vgg2k_vgg16_bn_aa5_s42,face_transfer,124,two_cross,CFD WM64,Faces,0.36,0.38,50,within_sampled_range,UI,126,83.33333333333334,runs/yin_latest_vgg_20260927/transfer/results/r21vgg2k_vgg16_bn_aa5_s42/faces_cfdWM64/faces_cfdWM64/results.csv,UI_cross
bin5,VGG2k / bin5,r21vgg2k_vgg16_bn_aa5_s42,face_transfer,124,two_cross,CFD WM64,Faces,0.36,0.38,50,within_sampled_range,UI,127,87.5,runs/yin_latest_vgg_20260927/transfer/results/r21vgg2k_vgg16_bn_aa5_s42/faces_cfdWM64/faces_cfdWM64/results.csv,UI_cross
bin5,VGG2k / bin5,r21vgg2k_vgg16_bn_aa5_s42,face_transfer,124,two_cross,CFD WM64,Faces,0.36,0.38,50,within_sampled_range,UI,128,83.33333333333334,runs/yin_latest_vgg_20260927/transfer/results/r21vgg2k_vgg16_bn_aa5_s42/faces_cfdWM64/faces_cfdWM64/results.csv,UI_cross
bin5,VGG2k / bin5,r21vgg2k_vgg16_bn_aa5_s42,face_transfer,124,two_cross,CFD WM64,Faces,0.36,0.38,50,within_sampled_range,UI,129,95.83333333333334,runs/yin_latest_vgg_20260927/transfer/results/r21vgg2k_vgg16_bn_aa5_s42/faces_cfdWM64/faces_cfdWM64/results.csv,UI_cross
bin5,VGG2k / bin5,r21vgg2k_vgg16_bn_aa5_s42,face_transfer,124,two_cross,CFD WM64,Faces,0.36,0.38,50,within_sampled_range,UI,130,91.66666666666666,runs/yin_latest_vgg_20260927/transfer/results/r21vgg2k_vgg16_bn_aa5_s42/faces_cfdWM64/faces_cfdWM64/results.csv,UI_cross
bin5,VGG2k / bin5,r21vgg2k_vgg16_bn_aa5_s42,face_transfer,124,two_cross,CFD WM64,Faces,0.36,0.38,50,within_sampled_range,UI,131,83.33333333333334,runs/yin_latest_vgg_20260927/transfer/results/r21vgg2k_vgg16_bn_aa5_s42/faces_cfdWM64/faces_cfdWM64/results.csv,UI_cross
bin5,VGG2k / bin5,r21vgg2k_vgg16_bn_aa5_s42,face_transfer,124,two_cross,CFD WM64,Faces,0.36,0.38,50,within_sampled_range,UI,132,91.66666666666666,runs/yin_latest_vgg_20260927/transfer/results/r21vgg2k_vgg16_bn_aa5_s42/faces_cfdWM64/faces_cfdWM64/results.csv,UI_cross
bin5,VGG2k / bin5,r21vgg2k_vgg16_bn_aa5_s42,face_transfer,124,two_cross,CFD WM64,Faces,0.36,0.38,50,within_sampled_range,UI,133,91.66666666666666,runs/yin_latest_vgg_20260927/transfer/results/r21vgg2k_vgg16_bn_aa5_s42/faces_cfdWM64/faces_cfdWM64/results.csv,UI_cross
bin5,VGG2k / bin5,r21vgg2k_vgg16_bn_aa5_s42,face_transfer,124,two_cross,CFD WM64,Faces,0.36,0.38,50,within_sampled_range,UI,134,83.33333333333334,runs/yin_latest_vgg_20260927/transfer/results/r21vgg2k_vgg16_bn_aa5_s42/faces_cfdWM64/faces_cfdWM64/results.csv,UI_cross
bin5,VGG2k / bin5,r21vgg2k_vgg16_bn_aa5_s42,face_transfer,124,two_cross,CFD WM64,Faces,0.36,0.38,50,within_sampled_range,UI,135,79.16666666666666,runs/yin_latest_vgg_20260927/transfer/results/r21vgg2k_vgg16_bn_aa5_s42/faces_cfdWM64/faces_cfdWM64/results.csv,UI_cross
bin5,VGG2k / bin5,r21vgg2k_vgg16_bn_aa5_s42,face_transfer,124,two_cross,CFD WM64,Faces,0.36,0.38,50,within_sampled_range,UI,136,83.33333333333334,runs/yin_latest_vgg_20260927/transfer/results/r21vgg2k_vgg16_bn_aa5_s42/faces_cfdWM64/faces_cfdWM64/results.csv,UI_cross
bin5,VGG2k / bin5,r21vgg2k_vgg16_bn_aa5_s42,face_transfer,124,two_cross,CFD WM64,Faces,0.36,0.38,50,within_sampled_range,UI,137,95.83333333333334,runs/yin_latest_vgg_20260927/transfer/results/r21vgg2k_vgg16_bn_aa5_s42/faces_cfdWM64/faces_cfdWM64/results.csv,UI_cross
bin5,VGG2k / bin5,r21vgg2k_vgg16_bn_aa5_s42,face_transfer,124,two_cross,CFD WM64,Faces,0.36,0.38,50,within_sampled_range,UI,138,100.0,runs/yin_latest_vgg_20260927/transfer/results/r21vgg2k_vgg16_bn_aa5_s42/faces_cfdWM64/faces_cfdWM64/results.csv,UI_cross
bin5,VGG2k / bin5,r21vgg2k_vgg16_bn_aa5_s42,face_transfer,124,two_cross,CFD WM64,Faces,0.36,0.38,50,within_sampled_range,UI,139,83.33333333333334,runs/yin_latest_vgg_20260927/transfer/results/r21vgg2k_vgg16_bn_aa5_s42/faces_cfdWM64/faces_cfdWM64/results.csv,UI_cross
bin5,VGG2k / bin5,r21vgg2k_vgg16_bn_aa5_s42,face_transfer,124,two_cross,CFD WM64,Faces,0.36,0.38,50,within_sampled_range,UI,140,75.0,runs/yin_latest_vgg_20260927/transfer/results/r21vgg2k_vgg16_bn_aa5_s42/faces_cfdWM64/faces_cfdWM64/results.csv,UI_cross
bin5,VGG2k / bin5,r21vgg2k_vgg16_bn_aa5_s42,face_transfer,124,two_cross,CFD WM64,Faces,0.36,0.38,50,within_sampled_range,UI,141,91.66666666666666,runs/yin_latest_vgg_20260927/transfer/results/r21vgg2k_vgg16_bn_aa5_s42/faces_cfdWM64/faces_cfdWM64/results.csv,UI_cross
bin5,VGG2k / bin5,r21vgg2k_vgg16_bn_aa5_s42,face_transfer,124,two_cross,CFD WM64,Faces,0.36,0.38,50,within_sampled_range,UI,142,95.83333333333334,runs/yin_latest_vgg_20260927/transfer/results/r21vgg2k_vgg16_bn_aa5_s42/faces_cfdWM64/faces_cfdWM64/results.csv,UI_cross
bin5,VGG2k / bin5,r21vgg2k_vgg16_bn_aa5_s42,face_transfer,124,two_cross,CFD WM64,Faces,0.36,0.38,50,within_sampled_range,UI,143,91.66666666666666,runs/yin_latest_vgg_20260927/transfer/results/r21vgg2k_vgg16_bn_aa5_s42/faces_cfdWM64/faces_cfdWM64/results.csv,UI_cross
bin5,VGG2k / bin5,r21vgg2k_vgg16_bn_aa5_s42,face_transfer,124,two_cross,CFD WM64,Faces,0.36,0.38,50,within_sampled_range,UI,144,87.5,runs/yin_latest_vgg_20260927/transfer/results/r21vgg2k_vgg16_bn_aa5_s42/faces_cfdWM64/faces_cfdWM64/results.csv,UI_cross
bin5,VGG2k / bin5,r21vgg2k_vgg16_bn_aa5_s42,face_transfer,124,two_cross,CFD WM64,Faces,0.36,0.38,50,within_sampled_range,UI,145,83.33333333333334,runs/yin_latest_vgg_20260927/transfer/results/r21vgg2k_vgg16_bn_aa5_s42/faces_cfdWM64/faces_cfdWM64/results.csv,UI_cross
bin5,VGG2k / bin5,r21vgg2k_vgg16_bn_aa5_s42,face_transfer,124,two_cross,CFD WM64,Faces,0.36,0.38,50,within_sampled_range,UI,146,87.5,runs/yin_latest_vgg_20260927/transfer/results/r21vgg2k_vgg16_bn_aa5_s42/faces_cfdWM64/faces_cfdWM64/results.csv,UI_cross
bin5,VGG2k / bin5,r21vgg2k_vgg16_bn_aa5_s42,face_transfer,124,two_cross,CFD WM64,Faces,0.36,0.38,50,within_sampled_range,UI,147,91.66666666666666,runs/yin_latest_vgg_20260927/transfer/results/r21vgg2k_vgg16_bn_aa5_s42/faces_cfdWM64/faces_cfdWM64/results.csv,UI_cross
bin5,VGG2k / bin5,r21vgg2k_vgg16_bn_aa5_s42,face_transfer,124,two_cross,CFD WM64,Faces,0.36,0.38,50,within_sampled_range,UI,148,87.5,runs/yin_latest_vgg_20260927/transfer/results/r21vgg2k_vgg16_bn_aa5_s42/faces_cfdWM64/faces_cfdWM64/results.csv,UI_cross
bin5,VGG2k / bin5,r21vgg2k_vgg16_bn_aa5_s42,face_transfer,124,two_cross,CFD WM64,Faces,0.36,0.38,50,within_sampled_range,UI,149,79.16666666666666,runs/yin_latest_vgg_20260927/transfer/results/r21vgg2k_vgg16_bn_aa5_s42/faces_cfdWM64/faces_cfdWM64/results.csv,UI_cross
bin5,VGG2k / bin5,r21vgg2k_vgg16_bn_aa5_s42,face_transfer,124,two_cross,CFD WM64,Faces,0.36,0.38,50,within_sampled_range,UI,150,83.33333333333334,runs/yin_latest_vgg_20260927/transfer/results/r21vgg2k_vgg16_bn_aa5_s42/faces_cfdWM64/faces_cfdWM64/results.csv,UI_cross
bin5,VGG2k / bin5,r21vgg2k_vgg16_bn_aa5_s42,face_transfer,124,two_cross,CFD WM64,Faces,0.36,0.38,50,within_sampled_range,IU,101,95.83333333333334,runs/yin_latest_vgg_20260927/transfer/results/r21vgg2k_vgg16_bn_aa5_s42/faces_cfdWM64/faces_cfdWM64/results.csv,IU
bin5,VGG2k / bin5,r21vgg2k_vgg16_bn_aa5_s42,face_transfer,124,two_cross,CFD WM64,Faces,0.36,0.38,50,within_sampled_range,IU,102,95.83333333333334,runs/yin_latest_vgg_20260927/transfer/results/r21vgg2k_vgg16_bn_aa5_s42/faces_cfdWM64/faces_cfdWM64/results.csv,IU
bin5,VGG2k / bin5,r21vgg2k_vgg16_bn_aa5_s42,face_transfer,124,two_cross,CFD WM64,Faces,0.36,0.38,50,within_sampled_range,IU,103,95.83333333333334,runs/yin_latest_vgg_20260927/transfer/results/r21vgg2k_vgg16_bn_aa5_s42/faces_cfdWM64/faces_cfdWM64/results.csv,IU
bin5,VGG2k / bin5,r21vgg2k_vgg16_bn_aa5_s42,face_transfer,124,two_cross,CFD WM64,Faces,0.36,0.38,50,within_sampled_range,IU,104,91.66666666666666,runs/yin_latest_vgg_20260927/transfer/results/r21vgg2k_vgg16_bn_aa5_s42/faces_cfdWM64/faces_cfdWM64/results.csv,IU
bin5,VGG2k / bin5,r21vgg2k_vgg16_bn_aa5_s42,face_transfer,124,two_cross,CFD WM64,Faces,0.36,0.38,50,within_sampled_range,IU,105,83.33333333333334,runs/yin_latest_vgg_20260927/transfer/results/r21vgg2k_vgg16_bn_aa5_s42/faces_cfdWM64/faces_cfdWM64/results.csv,IU
bin5,VGG2k / bin5,r21vgg2k_vgg16_bn_aa5_s42,face_transfer,124,two_cross,CFD WM64,Faces,0.36,0.38,50,within_sampled_range,IU,106,95.83333333333334,runs/yin_latest_vgg_20260927/transfer/results/r21vgg2k_vgg16_bn_aa5_s42/faces_cfdWM64/faces_cfdWM64/results.csv,IU
bin5,VGG2k / bin5,r21vgg2k_vgg16_bn_aa5_s42,face_transfer,124,two_cross,CFD WM64,Faces,0.36,0.38,50,within_sampled_range,IU,107,83.33333333333334,runs/yin_latest_vgg_20260927/transfer/results/r21vgg2k_vgg16_bn_aa5_s42/faces_cfdWM64/faces_cfdWM64/results.csv,IU
bin5,VGG2k / bin5,r21vgg2k_vgg16_bn_aa5_s42,face_transfer,124,two_cross,CFD WM64,Faces,0.36,0.38,50,within_sampled_range,IU,108,91.66666666666666,runs/yin_latest_vgg_20260927/transfer/results/r21vgg2k_vgg16_bn_aa5_s42/faces_cfdWM64/faces_cfdWM64/results.csv,IU
bin5,VGG2k / bin5,r21vgg2k_vgg16_bn_aa5_s42,face_transfer,124,two_cross,CFD WM64,Faces,0.36,0.38,50,within_sampled_range,IU,109,83.33333333333334,runs/yin_latest_vgg_20260927/transfer/results/r21vgg2k_vgg16_bn_aa5_s42/faces_cfdWM64/faces_cfdWM64/results.csv,IU
bin5,VGG2k / bin5,r21vgg2k_vgg16_bn_aa5_s42,face_transfer,124,two_cross,CFD WM64,Faces,0.36,0.38,50,within_sampled_range,IU,110,83.33333333333334,runs/yin_latest_vgg_20260927/transfer/results/r21vgg2k_vgg16_bn_aa5_s42/faces_cfdWM64/faces_cfdWM64/results.csv,IU
bin5,VGG2k / bin5,r21vgg2k_vgg16_bn_aa5_s42,face_transfer,124,two_cross,CFD WM64,Faces,0.36,0.38,50,within_sampled_range,IU,111,75.0,runs/yin_latest_vgg_20260927/transfer/results/r21vgg2k_vgg16_bn_aa5_s42/faces_cfdWM64/faces_cfdWM64/results.csv,IU
bin5,VGG2k / bin5,r21vgg2k_vgg16_bn_aa5_s42,face_transfer,124,two_cross,CFD WM64,Faces,0.36,0.38,50,within_sampled_range,IU,112,87.5,runs/yin_latest_vgg_20260927/transfer/results/r21vgg2k_vgg16_bn_aa5_s42/faces_cfdWM64/faces_cfdWM64/results.csv,IU
bin5,VGG2k / bin5,r21vgg2k_vgg16_bn_aa5_s42,face_transfer,124,two_cross,CFD WM64,Faces,0.36,0.38,50,within_sampled_range,IU,113,83.33333333333334,runs/yin_latest_vgg_20260927/transfer/results/r21vgg2k_vgg16_bn_aa5_s42/faces_cfdWM64/faces_cfdWM64/results.csv,IU
bin5,VGG2k / bin5,r21vgg2k_vgg16_bn_aa5_s42,face_transfer,124,two_cross,CFD WM64,Faces,0.36,0.38,50,within_sampled_range,IU,114,83.33333333333334,runs/yin_latest_vgg_20260927/transfer/results/r21vgg2k_vgg16_bn_aa5_s42/faces_cfdWM64/faces_cfdWM64/results.csv,IU
bin5,VGG2k / bin5,r21vgg2k_vgg16_bn_aa5_s42,face_transfer,124,two_cross,CFD WM64,Faces,0.36,0.38,50,within_sampled_range,IU,115,87.5,runs/yin_latest_vgg_20260927/transfer/results/r21vgg2k_vgg16_bn_aa5_s42/faces_cfdWM64/faces_cfdWM64/results.csv,IU
bin5,VGG2k / bin5,r21vgg2k_vgg16_bn_aa5_s42,face_transfer,124,two_cross,CFD WM64,Faces,0.36,0.38,50,within_sampled_range,IU,116,83.33333333333334,runs/yin_latest_vgg_20260927/transfer/results/r21vgg2k_vgg16_bn_aa5_s42/faces_cfdWM64/faces_cfdWM64/results.csv,IU
bin5,VGG2k / bin5,r21vgg2k_vgg16_bn_aa5_s42,face_transfer,124,two_cross,CFD WM64,Faces,0.36,0.38,50,within_sampled_range,IU,117,83.33333333333334,runs/yin_latest_vgg_20260927/transfer/results/r21vgg2k_vgg16_bn_aa5_s42/faces_cfdWM64/faces_cfdWM64/results.csv,IU
bin5,VGG2k / bin5,r21vgg2k_vgg16_bn_aa5_s42,face_transfer,124,two_cross,CFD WM64,Faces,0.36,0.38,50,within_sampled_range,IU,118,79.16666666666666,runs/yin_latest_vgg_20260927/transfer/results/r21vgg2k_vgg16_bn_aa5_s42/faces_cfdWM64/faces_cfdWM64/results.csv,IU
bin5,VGG2k / bin5,r21vgg2k_vgg16_bn_aa5_s42,face_transfer,124,two_cross,CFD WM64,Faces,0.36,0.38,50,within_sampled_range,IU,119,91.66666666666666,runs/yin_latest_vgg_20260927/transfer/results/r21vgg2k_vgg16_bn_aa5_s42/faces_cfdWM64/faces_cfdWM64/results.csv,IU
bin5,VGG2k / bin5,r21vgg2k_vgg16_bn_aa5_s42,face_transfer,124,two_cross,CFD WM64,Faces,0.36,0.38,50,within_sampled_range,IU,120,83.33333333333334,runs/yin_latest_vgg_20260927/transfer/results/r21vgg2k_vgg16_bn_aa5_s42/faces_cfdWM64/faces_cfdWM64/results.csv,IU
bin5,VGG2k / bin5,r21vgg2k_vgg16_bn_aa5_s42,face_transfer,124,two_cross,CFD WM64,Faces,0.36,0.38,50,within_sampled_range,IU,121,83.33333333333334,runs/yin_latest_vgg_20260927/transfer/results/r21vgg2k_vgg16_bn_aa5_s42/faces_cfdWM64/faces_cfdWM64/results.csv,IU
bin5,VGG2k / bin5,r21vgg2k_vgg16_bn_aa5_s42,face_transfer,124,two_cross,CFD WM64,Faces,0.36,0.38,50,within_sampled_range,IU,122,79.16666666666666,runs/yin_latest_vgg_20260927/transfer/results/r21vgg2k_vgg16_bn_aa5_s42/faces_cfdWM64/faces_cfdWM64/results.csv,IU
bin5,VGG2k / bin5,r21vgg2k_vgg16_bn_aa5_s42,face_transfer,124,two_cross,CFD WM64,Faces,0.36,0.38,50,within_sampled_range,IU,123,91.66666666666666,runs/yin_latest_vgg_20260927/transfer/results/r21vgg2k_vgg16_bn_aa5_s42/faces_cfdWM64/faces_cfdWM64/results.csv,IU
bin5,VGG2k / bin5,r21vgg2k_vgg16_bn_aa5_s42,face_transfer,124,two_cross,CFD WM64,Faces,0.36,0.38,50,within_sampled_range,IU,124,87.5,runs/yin_latest_vgg_20260927/transfer/results/r21vgg2k_vgg16_bn_aa5_s42/faces_cfdWM64/faces_cfdWM64/results.csv,IU
bin5,VGG2k / bin5,r21vgg2k_vgg16_bn_aa5_s42,face_transfer,124,two_cross,CFD WM64,Faces,0.36,0.38,50,within_sampled_range,IU,125,83.33333333333334,runs/yin_latest_vgg_20260927/transfer/results/r21vgg2k_vgg16_bn_aa5_s42/faces_cfdWM64/faces_cfdWM64/results.csv,IU
bin5,VGG2k / bin5,r21vgg2k_vgg16_bn_aa5_s42,face_transfer,124,two_cross,CFD WM64,Faces,0.36,0.38,50,within_sampled_range,IU,126,91.66666666666666,runs/yin_latest_vgg_20260927/transfer/results/r21vgg2k_vgg16_bn_aa5_s42/faces_cfdWM64/faces_cfdWM64/results.csv,IU
bin5,VGG2k / bin5,r21vgg2k_vgg16_bn_aa5_s42,face_transfer,124,two_cross,CFD WM64,Faces,0.36,0.38,50,within_sampled_range,IU,127,87.5,runs/yin_latest_vgg_20260927/transfer/results/r21vgg2k_vgg16_bn_aa5_s42/faces_cfdWM64/faces_cfdWM64/results.csv,IU
bin5,VGG2k / bin5,r21vgg2k_vgg16_bn_aa5_s42,face_transfer,124,two_cross,CFD WM64,Faces,0.36,0.38,50,within_sampled_range,IU,128,83.33333333333334,runs/yin_latest_vgg_20260927/transfer/results/r21vgg2k_vgg16_bn_aa5_s42/faces_cfdWM64/faces_cfdWM64/results.csv,IU
bin5,VGG2k / bin5,r21vgg2k_vgg16_bn_aa5_s42,face_transfer,124,two_cross,CFD WM64,Faces,0.36,0.38,50,within_sampled_range,IU,129,87.5,runs/yin_latest_vgg_20260927/transfer/results/r21vgg2k_vgg16_bn_aa5_s42/faces_cfdWM64/faces_cfdWM64/results.csv,IU
bin5,VGG2k / bin5,r21vgg2k_vgg16_bn_aa5_s42,face_transfer,124,two_cross,CFD WM64,Faces,0.36,0.38,50,within_sampled_range,IU,130,87.5,runs/yin_latest_vgg_20260927/transfer/results/r21vgg2k_vgg16_bn_aa5_s42/faces_cfdWM64/faces_cfdWM64/results.csv,IU
bin5,VGG2k / bin5,r21vgg2k_vgg16_bn_aa5_s42,face_transfer,124,two_cross,CFD WM64,Faces,0.36,0.38,50,within_sampled_range,IU,131,79.16666666666666,runs/yin_latest_vgg_20260927/transfer/results/r21vgg2k_vgg16_bn_aa5_s42/faces_cfdWM64/faces_cfdWM64/results.csv,IU
bin5,VGG2k / bin5,r21vgg2k_vgg16_bn_aa5_s42,face_transfer,124,two_cross,CFD WM64,Faces,0.36,0.38,50,within_sampled_range,IU,132,79.16666666666666,runs/yin_latest_vgg_20260927/transfer/results/r21vgg2k_vgg16_bn_aa5_s42/faces_cfdWM64/faces_cfdWM64/results.csv,IU
bin5,VGG2k / bin5,r21vgg2k_vgg16_bn_aa5_s42,face_transfer,124,two_cross,CFD WM64,Faces,0.36,0.38,50,within_sampled_range,IU,133,83.33333333333334,runs/yin_latest_vgg_20260927/transfer/results/r21vgg2k_vgg16_bn_aa5_s42/faces_cfdWM64/faces_cfdWM64/results.csv,IU
bin5,VGG2k / bin5,r21vgg2k_vgg16_bn_aa5_s42,face_transfer,124,two_cross,CFD WM64,Faces,0.36,0.38,50,within_sampled_range,IU,134,79.16666666666666,runs/yin_latest_vgg_20260927/transfer/results/r21vgg2k_vgg16_bn_aa5_s42/faces_cfdWM64/faces_cfdWM64/results.csv,IU
bin5,VGG2k / bin5,r21vgg2k_vgg16_bn_aa5_s42,face_transfer,124,two_cross,CFD WM64,Faces,0.36,0.38,50,within_sampled_range,IU,135,70.83333333333334,runs/yin_latest_vgg_20260927/transfer/results/r21vgg2k_vgg16_bn_aa5_s42/faces_cfdWM64/faces_cfdWM64/results.csv,IU
bin5,VGG2k / bin5,r21vgg2k_vgg16_bn_aa5_s42,face_transfer,124,two_cross,CFD WM64,Faces,0.36,0.38,50,within_sampled_range,IU,136,79.16666666666666,runs/yin_latest_vgg_20260927/transfer/results/r21vgg2k_vgg16_bn_aa5_s42/faces_cfdWM64/faces_cfdWM64/results.csv,IU
bin5,VGG2k / bin5,r21vgg2k_vgg16_bn_aa5_s42,face_transfer,124,two_cross,CFD WM64,Faces,0.36,0.38,50,within_sampled_range,IU,137,95.83333333333334,runs/yin_latest_vgg_20260927/transfer/results/r21vgg2k_vgg16_bn_aa5_s42/faces_cfdWM64/faces_cfdWM64/results.csv,IU
bin5,VGG2k / bin5,r21vgg2k_vgg16_bn_aa5_s42,face_transfer,124,two_cross,CFD WM64,Faces,0.36,0.38,50,within_sampled_range,IU,138,95.83333333333334,runs/yin_latest_vgg_20260927/transfer/results/r21vgg2k_vgg16_bn_aa5_s42/faces_cfdWM64/faces_cfdWM64/results.csv,IU
bin5,VGG2k / bin5,r21vgg2k_vgg16_bn_aa5_s42,face_transfer,124,two_cross,CFD WM64,Faces,0.36,0.38,50,within_sampled_range,IU,139,91.66666666666666,runs/yin_latest_vgg_20260927/transfer/results/r21vgg2k_vgg16_bn_aa5_s42/faces_cfdWM64/faces_cfdWM64/results.csv,IU
bin5,VGG2k / bin5,r21vgg2k_vgg16_bn_aa5_s42,face_transfer,124,two_cross,CFD WM64,Faces,0.36,0.38,50,within_sampled_range,IU,140,83.33333333333334,runs/yin_latest_vgg_20260927/transfer/results/r21vgg2k_vgg16_bn_aa5_s42/faces_cfdWM64/faces_cfdWM64/results.csv,IU
bin5,VGG2k / bin5,r21vgg2k_vgg16_bn_aa5_s42,face_transfer,124,two_cross,CFD WM64,Faces,0.36,0.38,50,within_sampled_range,IU,141,91.66666666666666,runs/yin_latest_vgg_20260927/transfer/results/r21vgg2k_vgg16_bn_aa5_s42/faces_cfdWM64/faces_cfdWM64/results.csv,IU
bin5,VGG2k / bin5,r21vgg2k_vgg16_bn_aa5_s42,face_transfer,124,two_cross,CFD WM64,Faces,0.36,0.38,50,within_sampled_range,IU,142,87.5,runs/yin_latest_vgg_20260927/transfer/results/r21vgg2k_vgg16_bn_aa5_s42/faces_cfdWM64/faces_cfdWM64/results.csv,IU
bin5,VGG2k / bin5,r21vgg2k_vgg16_bn_aa5_s42,face_transfer,124,two_cross,CFD WM64,Faces,0.36,0.38,50,within_sampled_range,IU,143,70.83333333333334,runs/yin_latest_vgg_20260927/transfer/results/r21vgg2k_vgg16_bn_aa5_s42/faces_cfdWM64/faces_cfdWM64/results.csv,IU
bin5,VGG2k / bin5,r21vgg2k_vgg16_bn_aa5_s42,face_transfer,124,two_cross,CFD WM64,Faces,0.36,0.38,50,within_sampled_range,IU,144,87.5,runs/yin_latest_vgg_20260927/transfer/results/r21vgg2k_vgg16_bn_aa5_s42/faces_cfdWM64/faces_cfdWM64/results.csv,IU
bin5,VGG2k / bin5,r21vgg2k_vgg16_bn_aa5_s42,face_transfer,124,two_cross,CFD WM64,Faces,0.36,0.38,50,within_sampled_range,IU,145,87.5,runs/yin_latest_vgg_20260927/transfer/results/r21vgg2k_vgg16_bn_aa5_s42/faces_cfdWM64/faces_cfdWM64/results.csv,IU
bin5,VGG2k / bin5,r21vgg2k_vgg16_bn_aa5_s42,face_transfer,124,two_cross,CFD WM64,Faces,0.36,0.38,50,within_sampled_range,IU,146,83.33333333333334,runs/yin_latest_vgg_20260927/transfer/results/r21vgg2k_vgg16_bn_aa5_s42/faces_cfdWM64/faces_cfdWM64/results.csv,IU
bin5,VGG2k / bin5,r21vgg2k_vgg16_bn_aa5_s42,face_transfer,124,two_cross,CFD WM64,Faces,0.36,0.38,50,within_sampled_range,IU,147,75.0,runs/yin_latest_vgg_20260927/transfer/results/r21vgg2k_vgg16_bn_aa5_s42/faces_cfdWM64/faces_cfdWM64/results.csv,IU
bin5,VGG2k / bin5,r21vgg2k_vgg16_bn_aa5_s42,face_transfer,124,two_cross,CFD WM64,Faces,0.36,0.38,50,within_sampled_range,IU,148,66.66666666666666,runs/yin_latest_vgg_20260927/transfer/results/r21vgg2k_vgg16_bn_aa5_s42/faces_cfdWM64/faces_cfdWM64/results.csv,IU
bin5,VGG2k / bin5,r21vgg2k_vgg16_bn_aa5_s42,face_transfer,124,two_cross,CFD WM64,Faces,0.36,0.38,50,within_sampled_range,IU,149,79.16666666666666,runs/yin_latest_vgg_20260927/transfer/results/r21vgg2k_vgg16_bn_aa5_s42/faces_cfdWM64/faces_cfdWM64/results.csv,IU
bin5,VGG2k / bin5,r21vgg2k_vgg16_bn_aa5_s42,face_transfer,124,two_cross,CFD WM64,Faces,0.36,0.38,50,within_sampled_range,IU,150,91.66666666666666,runs/yin_latest_vgg_20260927/transfer/results/r21vgg2k_vgg16_bn_aa5_s42/faces_cfdWM64/faces_cfdWM64/results.csv,IU
bin5,VGG2k / bin5,r21vgg2k_vgg16_bn_aa5_s42,face_transfer,124,two_shared_ui,CFD WM64,Faces,0.36,0.38,50,within_sampled_range,UU,101,100.0,runs/yin_latest_vgg_20260927/transfer/results/r21vgg2k_vgg16_bn_aa5_s42/faces_cfdWM64/faces_cfdWM64/results.csv,UU
bin5,VGG2k / bin5,r21vgg2k_vgg16_bn_aa5_s42,face_transfer,124,two_shared_ui,CFD WM64,Faces,0.36,0.38,50,within_sampled_range,UU,102,95.83333333333334,runs/yin_latest_vgg_20260927/transfer/results/r21vgg2k_vgg16_bn_aa5_s42/faces_cfdWM64/faces_cfdWM64/results.csv,UU
bin5,VGG2k / bin5,r21vgg2k_vgg16_bn_aa5_s42,face_transfer,124,two_shared_ui,CFD WM64,Faces,0.36,0.38,50,within_sampled_range,UU,103,100.0,runs/yin_latest_vgg_20260927/transfer/results/r21vgg2k_vgg16_bn_aa5_s42/faces_cfdWM64/faces_cfdWM64/results.csv,UU
bin5,VGG2k / bin5,r21vgg2k_vgg16_bn_aa5_s42,face_transfer,124,two_shared_ui,CFD WM64,Faces,0.36,0.38,50,within_sampled_range,UU,104,100.0,runs/yin_latest_vgg_20260927/transfer/results/r21vgg2k_vgg16_bn_aa5_s42/faces_cfdWM64/faces_cfdWM64/results.csv,UU
bin5,VGG2k / bin5,r21vgg2k_vgg16_bn_aa5_s42,face_transfer,124,two_shared_ui,CFD WM64,Faces,0.36,0.38,50,within_sampled_range,UU,105,100.0,runs/yin_latest_vgg_20260927/transfer/results/r21vgg2k_vgg16_bn_aa5_s42/faces_cfdWM64/faces_cfdWM64/results.csv,UU
bin5,VGG2k / bin5,r21vgg2k_vgg16_bn_aa5_s42,face_transfer,124,two_shared_ui,CFD WM64,Faces,0.36,0.38,50,within_sampled_range,UU,106,95.83333333333334,runs/yin_latest_vgg_20260927/transfer/results/r21vgg2k_vgg16_bn_aa5_s42/faces_cfdWM64/faces_cfdWM64/results.csv,UU
bin5,VGG2k / bin5,r21vgg2k_vgg16_bn_aa5_s42,face_transfer,124,two_shared_ui,CFD WM64,Faces,0.36,0.38,50,within_sampled_range,UU,107,95.83333333333334,runs/yin_latest_vgg_20260927/transfer/results/r21vgg2k_vgg16_bn_aa5_s42/faces_cfdWM64/faces_cfdWM64/results.csv,UU
bin5,VGG2k / bin5,r21vgg2k_vgg16_bn_aa5_s42,face_transfer,124,two_shared_ui,CFD WM64,Faces,0.36,0.38,50,within_sampled_range,UU,108,95.83333333333334,runs/yin_latest_vgg_20260927/transfer/results/r21vgg2k_vgg16_bn_aa5_s42/faces_cfdWM64/faces_cfdWM64/results.csv,UU
bin5,VGG2k / bin5,r21vgg2k_vgg16_bn_aa5_s42,face_transfer,124,two_shared_ui,CFD WM64,Faces,0.36,0.38,50,within_sampled_range,UU,109,91.66666666666666,runs/yin_latest_vgg_20260927/transfer/results/r21vgg2k_vgg16_bn_aa5_s42/faces_cfdWM64/faces_cfdWM64/results.csv,UU
bin5,VGG2k / bin5,r21vgg2k_vgg16_bn_aa5_s42,face_transfer,124,two_shared_ui,CFD WM64,Faces,0.36,0.38,50,within_sampled_range,UU,110,91.66666666666666,runs/yin_latest_vgg_20260927/transfer/results/r21vgg2k_vgg16_bn_aa5_s42/faces_cfdWM64/faces_cfdWM64/results.csv,UU
bin5,VGG2k / bin5,r21vgg2k_vgg16_bn_aa5_s42,face_transfer,124,two_shared_ui,CFD WM64,Faces,0.36,0.38,50,within_sampled_range,UU,111,87.5,runs/yin_latest_vgg_20260927/transfer/results/r21vgg2k_vgg16_bn_aa5_s42/faces_cfdWM64/faces_cfdWM64/results.csv,UU
bin5,VGG2k / bin5,r21vgg2k_vgg16_bn_aa5_s42,face_transfer,124,two_shared_ui,CFD WM64,Faces,0.36,0.38,50,within_sampled_range,UU,112,100.0,runs/yin_latest_vgg_20260927/transfer/results/r21vgg2k_vgg16_bn_aa5_s42/faces_cfdWM64/faces_cfdWM64/results.csv,UU
bin5,VGG2k / bin5,r21vgg2k_vgg16_bn_aa5_s42,face_transfer,124,two_shared_ui,CFD WM64,Faces,0.36,0.38,50,within_sampled_range,UU,113,100.0,runs/yin_latest_vgg_20260927/transfer/results/r21vgg2k_vgg16_bn_aa5_s42/faces_cfdWM64/faces_cfdWM64/results.csv,UU
bin5,VGG2k / bin5,r21vgg2k_vgg16_bn_aa5_s42,face_transfer,124,two_shared_ui,CFD WM64,Faces,0.36,0.38,50,within_sampled_range,UU,114,100.0,runs/yin_latest_vgg_20260927/transfer/results/r21vgg2k_vgg16_bn_aa5_s42/faces_cfdWM64/faces_cfdWM64/results.csv,UU
bin5,VGG2k / bin5,r21vgg2k_vgg16_bn_aa5_s42,face_transfer,124,two_shared_ui,CFD WM64,Faces,0.36,0.38,50,within_sampled_range,UU,115,95.83333333333334,runs/yin_latest_vgg_20260927/transfer/results/r21vgg2k_vgg16_bn_aa5_s42/faces_cfdWM64/faces_cfdWM64/results.csv,UU
bin5,VGG2k / bin5,r21vgg2k_vgg16_bn_aa5_s42,face_transfer,124,two_shared_ui,CFD WM64,Faces,0.36,0.38,50,within_sampled_range,UU,116,100.0,runs/yin_latest_vgg_20260927/transfer/results/r21vgg2k_vgg16_bn_aa5_s42/faces_cfdWM64/faces_cfdWM64/results.csv,UU
bin5,VGG2k / bin5,r21vgg2k_vgg16_bn_aa5_s42,face_transfer,124,two_shared_ui,CFD WM64,Faces,0.36,0.38,50,within_sampled_range,UU,117,87.5,runs/yin_latest_vgg_20260927/transfer/results/r21vgg2k_vgg16_bn_aa5_s42/faces_cfdWM64/faces_cfdWM64/results.csv,UU
bin5,VGG2k / bin5,r21vgg2k_vgg16_bn_aa5_s42,face_transfer,124,two_shared_ui,CFD WM64,Faces,0.36,0.38,50,within_sampled_range,UU,118,95.83333333333334,runs/yin_latest_vgg_20260927/transfer/results/r21vgg2k_vgg16_bn_aa5_s42/faces_cfdWM64/faces_cfdWM64/results.csv,UU
bin5,VGG2k / bin5,r21vgg2k_vgg16_bn_aa5_s42,face_transfer,124,two_shared_ui,CFD WM64,Faces,0.36,0.38,50,within_sampled_range,UU,119,95.83333333333334,runs/yin_latest_vgg_20260927/transfer/results/r21vgg2k_vgg16_bn_aa5_s42/faces_cfdWM64/faces_cfdWM64/results.csv,UU
bin5,VGG2k / bin5,r21vgg2k_vgg16_bn_aa5_s42,face_transfer,124,two_shared_ui,CFD WM64,Faces,0.36,0.38,50,within_sampled_range,UU,120,95.83333333333334,runs/yin_latest_vgg_20260927/transfer/results/r21vgg2k_vgg16_bn_aa5_s42/faces_cfdWM64/faces_cfdWM64/results.csv,UU
bin5,VGG2k / bin5,r21vgg2k_vgg16_bn_aa5_s42,face_transfer,124,two_shared_ui,CFD WM64,Faces,0.36,0.38,50,within_sampled_range,UU,121,91.66666666666666,runs/yin_latest_vgg_20260927/transfer/results/r21vgg2k_vgg16_bn_aa5_s42/faces_cfdWM64/faces_cfdWM64/results.csv,UU
bin5,VGG2k / bin5,r21vgg2k_vgg16_bn_aa5_s42,face_transfer,124,two_shared_ui,CFD WM64,Faces,0.36,0.38,50,within_sampled_range,UU,122,95.83333333333334,runs/yin_latest_vgg_20260927/transfer/results/r21vgg2k_vgg16_bn_aa5_s42/faces_cfdWM64/faces_cfdWM64/results.csv,UU
bin5,VGG2k / bin5,r21vgg2k_vgg16_bn_aa5_s42,face_transfer,124,two_shared_ui,CFD WM64,Faces,0.36,0.38,50,within_sampled_range,UU,123,95.83333333333334,runs/yin_latest_vgg_20260927/transfer/results/r21vgg2k_vgg16_bn_aa5_s42/faces_cfdWM64/faces_cfdWM64/results.csv,UU
bin5,VGG2k / bin5,r21vgg2k_vgg16_bn_aa5_s42,face_transfer,124,two_shared_ui,CFD WM64,Faces,0.36,0.38,50,within_sampled_range,UU,124,100.0,runs/yin_latest_vgg_20260927/transfer/results/r21vgg2k_vgg16_bn_aa5_s42/faces_cfdWM64/faces_cfdWM64/results.csv,UU
bin5,VGG2k / bin5,r21vgg2k_vgg16_bn_aa5_s42,face_transfer,124,two_shared_ui,CFD WM64,Faces,0.36,0.38,50,within_sampled_range,UU,125,95.83333333333334,runs/yin_latest_vgg_20260927/transfer/results/r21vgg2k_vgg16_bn_aa5_s42/faces_cfdWM64/faces_cfdWM64/results.csv,UU
bin5,VGG2k / bin5,r21vgg2k_vgg16_bn_aa5_s42,face_transfer,124,two_shared_ui,CFD WM64,Faces,0.36,0.38,50,within_sampled_range,UU,126,95.83333333333334,runs/yin_latest_vgg_20260927/transfer/results/r21vgg2k_vgg16_bn_aa5_s42/faces_cfdWM64/faces_cfdWM64/results.csv,UU
bin5,VGG2k / bin5,r21vgg2k_vgg16_bn_aa5_s42,face_transfer,124,two_shared_ui,CFD WM64,Faces,0.36,0.38,50,within_sampled_range,UU,127,95.83333333333334,runs/yin_latest_vgg_20260927/transfer/results/r21vgg2k_vgg16_bn_aa5_s42/faces_cfdWM64/faces_cfdWM64/results.csv,UU
bin5,VGG2k / bin5,r21vgg2k_vgg16_bn_aa5_s42,face_transfer,124,two_shared_ui,CFD WM64,Faces,0.36,0.38,50,within_sampled_range,UU,128,100.0,runs/yin_latest_vgg_20260927/transfer/results/r21vgg2k_vgg16_bn_aa5_s42/faces_cfdWM64/faces_cfdWM64/results.csv,UU
bin5,VGG2k / bin5,r21vgg2k_vgg16_bn_aa5_s42,face_transfer,124,two_shared_ui,CFD WM64,Faces,0.36,0.38,50,within_sampled_range,UU,129,100.0,runs/yin_latest_vgg_20260927/transfer/results/r21vgg2k_vgg16_bn_aa5_s42/faces_cfdWM64/faces_cfdWM64/results.csv,UU
bin5,VGG2k / bin5,r21vgg2k_vgg16_bn_aa5_s42,face_transfer,124,two_shared_ui,CFD WM64,Faces,0.36,0.38,50,within_sampled_range,UU,130,100.0,runs/yin_latest_vgg_20260927/transfer/results/r21vgg2k_vgg16_bn_aa5_s42/faces_cfdWM64/faces_cfdWM64/results.csv,UU
bin5,VGG2k / bin5,r21vgg2k_vgg16_bn_aa5_s42,face_transfer,124,two_shared_ui,CFD WM64,Faces,0.36,0.38,50,within_sampled_range,UU,131,95.83333333333334,runs/yin_latest_vgg_20260927/transfer/results/r21vgg2k_vgg16_bn_aa5_s42/faces_cfdWM64/faces_cfdWM64/results.csv,UU
bin5,VGG2k / bin5,r21vgg2k_vgg16_bn_aa5_s42,face_transfer,124,two_shared_ui,CFD WM64,Faces,0.36,0.38,50,within_sampled_range,UU,132,100.0,runs/yin_latest_vgg_20260927/transfer/results/r21vgg2k_vgg16_bn_aa5_s42/faces_cfdWM64/faces_cfdWM64/results.csv,UU
bin5,VGG2k / bin5,r21vgg2k_vgg16_bn_aa5_s42,face_transfer,124,two_shared_ui,CFD WM64,Faces,0.36,0.38,50,within_sampled_range,UU,133,95.83333333333334,runs/yin_latest_vgg_20260927/transfer/results/r21vgg2k_vgg16_bn_aa5_s42/faces_cfdWM64/faces_cfdWM64/results.csv,UU
bin5,VGG2k / bin5,r21vgg2k_vgg16_bn_aa5_s42,face_transfer,124,two_shared_ui,CFD WM64,Faces,0.36,0.38,50,within_sampled_range,UU,134,95.83333333333334,runs/yin_latest_vgg_20260927/transfer/results/r21vgg2k_vgg16_bn_aa5_s42/faces_cfdWM64/faces_cfdWM64/results.csv,UU
bin5,VGG2k / bin5,r21vgg2k_vgg16_bn_aa5_s42,face_transfer,124,two_shared_ui,CFD WM64,Faces,0.36,0.38,50,within_sampled_range,UU,135,95.83333333333334,runs/yin_latest_vgg_20260927/transfer/results/r21vgg2k_vgg16_bn_aa5_s42/faces_cfdWM64/faces_cfdWM64/results.csv,UU
bin5,VGG2k / bin5,r21vgg2k_vgg16_bn_aa5_s42,face_transfer,124,two_shared_ui,CFD WM64,Faces,0.36,0.38,50,within_sampled_range,UU,136,100.0,runs/yin_latest_vgg_20260927/transfer/results/r21vgg2k_vgg16_bn_aa5_s42/faces_cfdWM64/faces_cfdWM64/results.csv,UU
bin5,VGG2k / bin5,r21vgg2k_vgg16_bn_aa5_s42,face_transfer,124,two_shared_ui,CFD WM64,Faces,0.36,0.38,50,within_sampled_range,UU,137,95.83333333333334,runs/yin_latest_vgg_20260927/transfer/results/r21vgg2k_vgg16_bn_aa5_s42/faces_cfdWM64/faces_cfdWM64/results.csv,UU
bin5,VGG2k / bin5,r21vgg2k_vgg16_bn_aa5_s42,face_transfer,124,two_shared_ui,CFD WM64,Faces,0.36,0.38,50,within_sampled_range,UU,138,100.0,runs/yin_latest_vgg_20260927/transfer/results/r21vgg2k_vgg16_bn_aa5_s42/faces_cfdWM64/faces_cfdWM64/results.csv,UU
bin5,VGG2k / bin5,r21vgg2k_vgg16_bn_aa5_s42,face_transfer,124,two_shared_ui,CFD WM64,Faces,0.36,0.38,50,within_sampled_range,UU,139,95.83333333333334,runs/yin_latest_vgg_20260927/transfer/results/r21vgg2k_vgg16_bn_aa5_s42/faces_cfdWM64/faces_cfdWM64/results.csv,UU
bin5,VGG2k / bin5,r21vgg2k_vgg16_bn_aa5_s42,face_transfer,124,two_shared_ui,CFD WM64,Faces,0.36,0.38,50,within_sampled_range,UU,140,91.66666666666666,runs/yin_latest_vgg_20260927/transfer/results/r21vgg2k_vgg16_bn_aa5_s42/faces_cfdWM64/faces_cfdWM64/results.csv,UU
bin5,VGG2k / bin5,r21vgg2k_vgg16_bn_aa5_s42,face_transfer,124,two_shared_ui,CFD WM64,Faces,0.36,0.38,50,within_sampled_range,UU,141,100.0,runs/yin_latest_vgg_20260927/transfer/results/r21vgg2k_vgg16_bn_aa5_s42/faces_cfdWM64/faces_cfdWM64/results.csv,UU
bin5,VGG2k / bin5,r21vgg2k_vgg16_bn_aa5_s42,face_transfer,124,two_shared_ui,CFD WM64,Faces,0.36,0.38,50,within_sampled_range,UU,142,95.83333333333334,runs/yin_latest_vgg_20260927/transfer/results/r21vgg2k_vgg16_bn_aa5_s42/faces_cfdWM64/faces_cfdWM64/results.csv,UU
bin5,VGG2k / bin5,r21vgg2k_vgg16_bn_aa5_s42,face_transfer,124,two_shared_ui,CFD WM64,Faces,0.36,0.38,50,within_sampled_range,UU,143,100.0,runs/yin_latest_vgg_20260927/transfer/results/r21vgg2k_vgg16_bn_aa5_s42/faces_cfdWM64/faces_cfdWM64/results.csv,UU
bin5,VGG2k / bin5,r21vgg2k_vgg16_bn_aa5_s42,face_transfer,124,two_shared_ui,CFD WM64,Faces,0.36,0.38,50,within_sampled_range,UU,144,100.0,runs/yin_latest_vgg_20260927/transfer/results/r21vgg2k_vgg16_bn_aa5_s42/faces_cfdWM64/faces_cfdWM64/results.csv,UU
bin5,VGG2k / bin5,r21vgg2k_vgg16_bn_aa5_s42,face_transfer,124,two_shared_ui,CFD WM64,Faces,0.36,0.38,50,within_sampled_range,UU,145,95.83333333333334,runs/yin_latest_vgg_20260927/transfer/results/r21vgg2k_vgg16_bn_aa5_s42/faces_cfdWM64/faces_cfdWM64/results.csv,UU
bin5,VGG2k / bin5,r21vgg2k_vgg16_bn_aa5_s42,face_transfer,124,two_shared_ui,CFD WM64,Faces,0.36,0.38,50,within_sampled_range,UU,146,95.83333333333334,runs/yin_latest_vgg_20260927/transfer/results/r21vgg2k_vgg16_bn_aa5_s42/faces_cfdWM64/faces_cfdWM64/results.csv,UU
bin5,VGG2k / bin5,r21vgg2k_vgg16_bn_aa5_s42,face_transfer,124,two_shared_ui,CFD WM64,Faces,0.36,0.38,50,within_sampled_range,UU,147,91.66666666666666,runs/yin_latest_vgg_20260927/transfer/results/r21vgg2k_vgg16_bn_aa5_s42/faces_cfdWM64/faces_cfdWM64/results.csv,UU
bin5,VGG2k / bin5,r21vgg2k_vgg16_bn_aa5_s42,face_transfer,124,two_shared_ui,CFD WM64,Faces,0.36,0.38,50,within_sampled_range,UU,148,100.0,runs/yin_latest_vgg_20260927/transfer/results/r21vgg2k_vgg16_bn_aa5_s42/faces_cfdWM64/faces_cfdWM64/results.csv,UU
bin5,VGG2k / bin5,r21vgg2k_vgg16_bn_aa5_s42,face_transfer,124,two_shared_ui,CFD WM64,Faces,0.36,0.38,50,within_sampled_range,UU,149,87.5,runs/yin_latest_vgg_20260927/transfer/results/r21vgg2k_vgg16_bn_aa5_s42/faces_cfdWM64/faces_cfdWM64/results.csv,UU
bin5,VGG2k / bin5,r21vgg2k_vgg16_bn_aa5_s42,face_transfer,124,two_shared_ui,CFD WM64,Faces,0.36,0.38,50,within_sampled_range,UU,150,100.0,runs/yin_latest_vgg_20260927/transfer/results/r21vgg2k_vgg16_bn_aa5_s42/faces_cfdWM64/faces_cfdWM64/results.csv,UU
bin5,VGG2k / bin5,r21vgg2k_vgg16_bn_aa5_s42,face_transfer,124,two_shared_ui,CFD WM64,Faces,0.36,0.38,50,within_sampled_range,II,101,91.66666666666666,runs/yin_latest_vgg_20260927/transfer/results/r21vgg2k_vgg16_bn_aa5_s42/faces_cfdWM64/faces_cfdWM64/results.csv,II
bin5,VGG2k / bin5,r21vgg2k_vgg16_bn_aa5_s42,face_transfer,124,two_shared_ui,CFD WM64,Faces,0.36,0.38,50,within_sampled_range,II,102,87.5,runs/yin_latest_vgg_20260927/transfer/results/r21vgg2k_vgg16_bn_aa5_s42/faces_cfdWM64/faces_cfdWM64/results.csv,II
bin5,VGG2k / bin5,r21vgg2k_vgg16_bn_aa5_s42,face_transfer,124,two_shared_ui,CFD WM64,Faces,0.36,0.38,50,within_sampled_range,II,103,95.83333333333334,runs/yin_latest_vgg_20260927/transfer/results/r21vgg2k_vgg16_bn_aa5_s42/faces_cfdWM64/faces_cfdWM64/results.csv,II
bin5,VGG2k / bin5,r21vgg2k_vgg16_bn_aa5_s42,face_transfer,124,two_shared_ui,CFD WM64,Faces,0.36,0.38,50,within_sampled_range,II,104,87.5,runs/yin_latest_vgg_20260927/transfer/results/r21vgg2k_vgg16_bn_aa5_s42/faces_cfdWM64/faces_cfdWM64/results.csv,II
bin5,VGG2k / bin5,r21vgg2k_vgg16_bn_aa5_s42,face_transfer,124,two_shared_ui,CFD WM64,Faces,0.36,0.38,50,within_sampled_range,II,105,83.33333333333334,runs/yin_latest_vgg_20260927/transfer/results/r21vgg2k_vgg16_bn_aa5_s42/faces_cfdWM64/faces_cfdWM64/results.csv,II
bin5,VGG2k / bin5,r21vgg2k_vgg16_bn_aa5_s42,face_transfer,124,two_shared_ui,CFD WM64,Faces,0.36,0.38,50,within_sampled_range,II,106,75.0,runs/yin_latest_vgg_20260927/transfer/results/r21vgg2k_vgg16_bn_aa5_s42/faces_cfdWM64/faces_cfdWM64/results.csv,II
bin5,VGG2k / bin5,r21vgg2k_vgg16_bn_aa5_s42,face_transfer,124,two_shared_ui,CFD WM64,Faces,0.36,0.38,50,within_sampled_range,II,107,91.66666666666666,runs/yin_latest_vgg_20260927/transfer/results/r21vgg2k_vgg16_bn_aa5_s42/faces_cfdWM64/faces_cfdWM64/results.csv,II
bin5,VGG2k / bin5,r21vgg2k_vgg16_bn_aa5_s42,face_transfer,124,two_shared_ui,CFD WM64,Faces,0.36,0.38,50,within_sampled_range,II,108,95.83333333333334,runs/yin_latest_vgg_20260927/transfer/results/r21vgg2k_vgg16_bn_aa5_s42/faces_cfdWM64/faces_cfdWM64/results.csv,II
bin5,VGG2k / bin5,r21vgg2k_vgg16_bn_aa5_s42,face_transfer,124,two_shared_ui,CFD WM64,Faces,0.36,0.38,50,within_sampled_range,II,109,83.33333333333334,runs/yin_latest_vgg_20260927/transfer/results/r21vgg2k_vgg16_bn_aa5_s42/faces_cfdWM64/faces_cfdWM64/results.csv,II
bin5,VGG2k / bin5,r21vgg2k_vgg16_bn_aa5_s42,face_transfer,124,two_shared_ui,CFD WM64,Faces,0.36,0.38,50,within_sampled_range,II,110,70.83333333333334,runs/yin_latest_vgg_20260927/transfer/results/r21vgg2k_vgg16_bn_aa5_s42/faces_cfdWM64/faces_cfdWM64/results.csv,II
bin5,VGG2k / bin5,r21vgg2k_vgg16_bn_aa5_s42,face_transfer,124,two_shared_ui,CFD WM64,Faces,0.36,0.38,50,within_sampled_range,II,111,83.33333333333334,runs/yin_latest_vgg_20260927/transfer/results/r21vgg2k_vgg16_bn_aa5_s42/faces_cfdWM64/faces_cfdWM64/results.csv,II
bin5,VGG2k / bin5,r21vgg2k_vgg16_bn_aa5_s42,face_transfer,124,two_shared_ui,CFD WM64,Faces,0.36,0.38,50,within_sampled_range,II,112,87.5,runs/yin_latest_vgg_20260927/transfer/results/r21vgg2k_vgg16_bn_aa5_s42/faces_cfdWM64/faces_cfdWM64/results.csv,II
bin5,VGG2k / bin5,r21vgg2k_vgg16_bn_aa5_s42,face_transfer,124,two_shared_ui,CFD WM64,Faces,0.36,0.38,50,within_sampled_range,II,113,70.83333333333334,runs/yin_latest_vgg_20260927/transfer/results/r21vgg2k_vgg16_bn_aa5_s42/faces_cfdWM64/faces_cfdWM64/results.csv,II
bin5,VGG2k / bin5,r21vgg2k_vgg16_bn_aa5_s42,face_transfer,124,two_shared_ui,CFD WM64,Faces,0.36,0.38,50,within_sampled_range,II,114,87.5,runs/yin_latest_vgg_20260927/transfer/results/r21vgg2k_vgg16_bn_aa5_s42/faces_cfdWM64/faces_cfdWM64/results.csv,II
bin5,VGG2k / bin5,r21vgg2k_vgg16_bn_aa5_s42,face_transfer,124,two_shared_ui,CFD WM64,Faces,0.36,0.38,50,within_sampled_range,II,115,75.0,runs/yin_latest_vgg_20260927/transfer/results/r21vgg2k_vgg16_bn_aa5_s42/faces_cfdWM64/faces_cfdWM64/results.csv,II
bin5,VGG2k / bin5,r21vgg2k_vgg16_bn_aa5_s42,face_transfer,124,two_shared_ui,CFD WM64,Faces,0.36,0.38,50,within_sampled_range,II,116,83.33333333333334,runs/yin_latest_vgg_20260927/transfer/results/r21vgg2k_vgg16_bn_aa5_s42/faces_cfdWM64/faces_cfdWM64/results.csv,II
bin5,VGG2k / bin5,r21vgg2k_vgg16_bn_aa5_s42,face_transfer,124,two_shared_ui,CFD WM64,Faces,0.36,0.38,50,within_sampled_range,II,117,83.33333333333334,runs/yin_latest_vgg_20260927/transfer/results/r21vgg2k_vgg16_bn_aa5_s42/faces_cfdWM64/faces_cfdWM64/results.csv,II
bin5,VGG2k / bin5,r21vgg2k_vgg16_bn_aa5_s42,face_transfer,124,two_shared_ui,CFD WM64,Faces,0.36,0.38,50,within_sampled_range,II,118,87.5,runs/yin_latest_vgg_20260927/transfer/results/r21vgg2k_vgg16_bn_aa5_s42/faces_cfdWM64/faces_cfdWM64/results.csv,II
bin5,VGG2k / bin5,r21vgg2k_vgg16_bn_aa5_s42,face_transfer,124,two_shared_ui,CFD WM64,Faces,0.36,0.38,50,within_sampled_range,II,119,75.0,runs/yin_latest_vgg_20260927/transfer/results/r21vgg2k_vgg16_bn_aa5_s42/faces_cfdWM64/faces_cfdWM64/results.csv,II
bin5,VGG2k / bin5,r21vgg2k_vgg16_bn_aa5_s42,face_transfer,124,two_shared_ui,CFD WM64,Faces,0.36,0.38,50,within_sampled_range,II,120,83.33333333333334,runs/yin_latest_vgg_20260927/transfer/results/r21vgg2k_vgg16_bn_aa5_s42/faces_cfdWM64/faces_cfdWM64/results.csv,II
bin5,VGG2k / bin5,r21vgg2k_vgg16_bn_aa5_s42,face_transfer,124,two_shared_ui,CFD WM64,Faces,0.36,0.38,50,within_sampled_range,II,121,75.0,runs/yin_latest_vgg_20260927/transfer/results/r21vgg2k_vgg16_bn_aa5_s42/faces_cfdWM64/faces_cfdWM64/results.csv,II
bin5,VGG2k / bin5,r21vgg2k_vgg16_bn_aa5_s42,face_transfer,124,two_shared_ui,CFD WM64,Faces,0.36,0.38,50,within_sampled_range,II,122,83.33333333333334,runs/yin_latest_vgg_20260927/transfer/results/r21vgg2k_vgg16_bn_aa5_s42/faces_cfdWM64/faces_cfdWM64/results.csv,II
bin5,VGG2k / bin5,r21vgg2k_vgg16_bn_aa5_s42,face_transfer,124,two_shared_ui,CFD WM64,Faces,0.36,0.38,50,within_sampled_range,II,123,75.0,runs/yin_latest_vgg_20260927/transfer/results/r21vgg2k_vgg16_bn_aa5_s42/faces_cfdWM64/faces_cfdWM64/results.csv,II
bin5,VGG2k / bin5,r21vgg2k_vgg16_bn_aa5_s42,face_transfer,124,two_shared_ui,CFD WM64,Faces,0.36,0.38,50,within_sampled_range,II,124,87.5,runs/yin_latest_vgg_20260927/transfer/results/r21vgg2k_vgg16_bn_aa5_s42/faces_cfdWM64/faces_cfdWM64/results.csv,II
bin5,VGG2k / bin5,r21vgg2k_vgg16_bn_aa5_s42,face_transfer,124,two_shared_ui,CFD WM64,Faces,0.36,0.38,50,within_sampled_range,II,125,87.5,runs/yin_latest_vgg_20260927/transfer/results/r21vgg2k_vgg16_bn_aa5_s42/faces_cfdWM64/faces_cfdWM64/results.csv,II
bin5,VGG2k / bin5,r21vgg2k_vgg16_bn_aa5_s42,face_transfer,124,two_shared_ui,CFD WM64,Faces,0.36,0.38,50,within_sampled_range,II,126,79.16666666666666,runs/yin_latest_vgg_20260927/transfer/results/r21vgg2k_vgg16_bn_aa5_s42/faces_cfdWM64/faces_cfdWM64/results.csv,II
bin5,VGG2k / bin5,r21vgg2k_vgg16_bn_aa5_s42,face_transfer,124,two_shared_ui,CFD WM64,Faces,0.36,0.38,50,within_sampled_range,II,127,79.16666666666666,runs/yin_latest_vgg_20260927/transfer/results/r21vgg2k_vgg16_bn_aa5_s42/faces_cfdWM64/faces_cfdWM64/results.csv,II
bin5,VGG2k / bin5,r21vgg2k_vgg16_bn_aa5_s42,face_transfer,124,two_shared_ui,CFD WM64,Faces,0.36,0.38,50,within_sampled_range,II,128,91.66666666666666,runs/yin_latest_vgg_20260927/transfer/results/r21vgg2k_vgg16_bn_aa5_s42/faces_cfdWM64/faces_cfdWM64/results.csv,II
bin5,VGG2k / bin5,r21vgg2k_vgg16_bn_aa5_s42,face_transfer,124,two_shared_ui,CFD WM64,Faces,0.36,0.38,50,within_sampled_range,II,129,95.83333333333334,runs/yin_latest_vgg_20260927/transfer/results/r21vgg2k_vgg16_bn_aa5_s42/faces_cfdWM64/faces_cfdWM64/results.csv,II
bin5,VGG2k / bin5,r21vgg2k_vgg16_bn_aa5_s42,face_transfer,124,two_shared_ui,CFD WM64,Faces,0.36,0.38,50,within_sampled_range,II,130,87.5,runs/yin_latest_vgg_20260927/transfer/results/r21vgg2k_vgg16_bn_aa5_s42/faces_cfdWM64/faces_cfdWM64/results.csv,II
bin5,VGG2k / bin5,r21vgg2k_vgg16_bn_aa5_s42,face_transfer,124,two_shared_ui,CFD WM64,Faces,0.36,0.38,50,within_sampled_range,II,131,75.0,runs/yin_latest_vgg_20260927/transfer/results/r21vgg2k_vgg16_bn_aa5_s42/faces_cfdWM64/faces_cfdWM64/results.csv,II
bin5,VGG2k / bin5,r21vgg2k_vgg16_bn_aa5_s42,face_transfer,124,two_shared_ui,CFD WM64,Faces,0.36,0.38,50,within_sampled_range,II,132,91.66666666666666,runs/yin_latest_vgg_20260927/transfer/results/r21vgg2k_vgg16_bn_aa5_s42/faces_cfdWM64/faces_cfdWM64/results.csv,II
bin5,VGG2k / bin5,r21vgg2k_vgg16_bn_aa5_s42,face_transfer,124,two_shared_ui,CFD WM64,Faces,0.36,0.38,50,within_sampled_range,II,133,70.83333333333334,runs/yin_latest_vgg_20260927/transfer/results/r21vgg2k_vgg16_bn_aa5_s42/faces_cfdWM64/faces_cfdWM64/results.csv,II
bin5,VGG2k / bin5,r21vgg2k_vgg16_bn_aa5_s42,face_transfer,124,two_shared_ui,CFD WM64,Faces,0.36,0.38,50,within_sampled_range,II,134,70.83333333333334,runs/yin_latest_vgg_20260927/transfer/results/r21vgg2k_vgg16_bn_aa5_s42/faces_cfdWM64/faces_cfdWM64/results.csv,II
bin5,VGG2k / bin5,r21vgg2k_vgg16_bn_aa5_s42,face_transfer,124,two_shared_ui,CFD WM64,Faces,0.36,0.38,50,within_sampled_range,II,135,75.0,runs/yin_latest_vgg_20260927/transfer/results/r21vgg2k_vgg16_bn_aa5_s42/faces_cfdWM64/faces_cfdWM64/results.csv,II
bin5,VGG2k / bin5,r21vgg2k_vgg16_bn_aa5_s42,face_transfer,124,two_shared_ui,CFD WM64,Faces,0.36,0.38,50,within_sampled_range,II,136,83.33333333333334,runs/yin_latest_vgg_20260927/transfer/results/r21vgg2k_vgg16_bn_aa5_s42/faces_cfdWM64/faces_cfdWM64/results.csv,II
bin5,VGG2k / bin5,r21vgg2k_vgg16_bn_aa5_s42,face_transfer,124,two_shared_ui,CFD WM64,Faces,0.36,0.38,50,within_sampled_range,II,137,79.16666666666666,runs/yin_latest_vgg_20260927/transfer/results/r21vgg2k_vgg16_bn_aa5_s42/faces_cfdWM64/faces_cfdWM64/results.csv,II
bin5,VGG2k / bin5,r21vgg2k_vgg16_bn_aa5_s42,face_transfer,124,two_shared_ui,CFD WM64,Faces,0.36,0.38,50,within_sampled_range,II,138,87.5,runs/yin_latest_vgg_20260927/transfer/results/r21vgg2k_vgg16_bn_aa5_s42/faces_cfdWM64/faces_cfdWM64/results.csv,II
bin5,VGG2k / bin5,r21vgg2k_vgg16_bn_aa5_s42,face_transfer,124,two_shared_ui,CFD WM64,Faces,0.36,0.38,50,within_sampled_range,II,139,79.16666666666666,runs/yin_latest_vgg_20260927/transfer/results/r21vgg2k_vgg16_bn_aa5_s42/faces_cfdWM64/faces_cfdWM64/results.csv,II
bin5,VGG2k / bin5,r21vgg2k_vgg16_bn_aa5_s42,face_transfer,124,two_shared_ui,CFD WM64,Faces,0.36,0.38,50,within_sampled_range,II,140,83.33333333333334,runs/yin_latest_vgg_20260927/transfer/results/r21vgg2k_vgg16_bn_aa5_s42/faces_cfdWM64/faces_cfdWM64/results.csv,II
bin5,VGG2k / bin5,r21vgg2k_vgg16_bn_aa5_s42,face_transfer,124,two_shared_ui,CFD WM64,Faces,0.36,0.38,50,within_sampled_range,II,141,83.33333333333334,runs/yin_latest_vgg_20260927/transfer/results/r21vgg2k_vgg16_bn_aa5_s42/faces_cfdWM64/faces_cfdWM64/results.csv,II
bin5,VGG2k / bin5,r21vgg2k_vgg16_bn_aa5_s42,face_transfer,124,two_shared_ui,CFD WM64,Faces,0.36,0.38,50,within_sampled_range,II,142,79.16666666666666,runs/yin_latest_vgg_20260927/transfer/results/r21vgg2k_vgg16_bn_aa5_s42/faces_cfdWM64/faces_cfdWM64/results.csv,II
bin5,VGG2k / bin5,r21vgg2k_vgg16_bn_aa5_s42,face_transfer,124,two_shared_ui,CFD WM64,Faces,0.36,0.38,50,within_sampled_range,II,143,83.33333333333334,runs/yin_latest_vgg_20260927/transfer/results/r21vgg2k_vgg16_bn_aa5_s42/faces_cfdWM64/faces_cfdWM64/results.csv,II
bin5,VGG2k / bin5,r21vgg2k_vgg16_bn_aa5_s42,face_transfer,124,two_shared_ui,CFD WM64,Faces,0.36,0.38,50,within_sampled_range,II,144,75.0,runs/yin_latest_vgg_20260927/transfer/results/r21vgg2k_vgg16_bn_aa5_s42/faces_cfdWM64/faces_cfdWM64/results.csv,II
bin5,VGG2k / bin5,r21vgg2k_vgg16_bn_aa5_s42,face_transfer,124,two_shared_ui,CFD WM64,Faces,0.36,0.38,50,within_sampled_range,II,145,87.5,runs/yin_latest_vgg_20260927/transfer/results/r21vgg2k_vgg16_bn_aa5_s42/faces_cfdWM64/faces_cfdWM64/results.csv,II
bin5,VGG2k / bin5,r21vgg2k_vgg16_bn_aa5_s42,face_transfer,124,two_shared_ui,CFD WM64,Faces,0.36,0.38,50,within_sampled_range,II,146,79.16666666666666,runs/yin_latest_vgg_20260927/transfer/results/r21vgg2k_vgg16_bn_aa5_s42/faces_cfdWM64/faces_cfdWM64/results.csv,II
bin5,VGG2k / bin5,r21vgg2k_vgg16_bn_aa5_s42,face_transfer,124,two_shared_ui,CFD WM64,Faces,0.36,0.38,50,within_sampled_range,II,147,75.0,runs/yin_latest_vgg_20260927/transfer/results/r21vgg2k_vgg16_bn_aa5_s42/faces_cfdWM64/faces_cfdWM64/results.csv,II
bin5,VGG2k / bin5,r21vgg2k_vgg16_bn_aa5_s42,face_transfer,124,two_shared_ui,CFD WM64,Faces,0.36,0.38,50,within_sampled_range,II,148,70.83333333333334,runs/yin_latest_vgg_20260927/transfer/results/r21vgg2k_vgg16_bn_aa5_s42/faces_cfdWM64/faces_cfdWM64/results.csv,II
bin5,VGG2k / bin5,r21vgg2k_vgg16_bn_aa5_s42,face_transfer,124,two_shared_ui,CFD WM64,Faces,0.36,0.38,50,within_sampled_range,II,149,91.66666666666666,runs/yin_latest_vgg_20260927/transfer/results/r21vgg2k_vgg16_bn_aa5_s42/faces_cfdWM64/faces_cfdWM64/results.csv,II
bin5,VGG2k / bin5,r21vgg2k_vgg16_bn_aa5_s42,face_transfer,124,two_shared_ui,CFD WM64,Faces,0.36,0.38,50,within_sampled_range,II,150,75.0,runs/yin_latest_vgg_20260927/transfer/results/r21vgg2k_vgg16_bn_aa5_s42/faces_cfdWM64/faces_cfdWM64/results.csv,II
bin5,VGG2k / bin5,r21vgg2k_vgg16_bn_aa5_s42,face_transfer,124,two_shared_ui,CFD WM64,Faces,0.36,0.38,50,within_sampled_range,UI,101,91.66666666666666,runs/yin_latest_vgg_20260927/transfer/results/r21vgg2k_vgg16_bn_aa5_s42/faces_cfdWM64/faces_cfdWM64/results.csv,UI_shared
bin5,VGG2k / bin5,r21vgg2k_vgg16_bn_aa5_s42,face_transfer,124,two_shared_ui,CFD WM64,Faces,0.36,0.38,50,within_sampled_range,UI,102,95.83333333333334,runs/yin_latest_vgg_20260927/transfer/results/r21vgg2k_vgg16_bn_aa5_s42/faces_cfdWM64/faces_cfdWM64/results.csv,UI_shared
bin5,VGG2k / bin5,r21vgg2k_vgg16_bn_aa5_s42,face_transfer,124,two_shared_ui,CFD WM64,Faces,0.36,0.38,50,within_sampled_range,UI,103,95.83333333333334,runs/yin_latest_vgg_20260927/transfer/results/r21vgg2k_vgg16_bn_aa5_s42/faces_cfdWM64/faces_cfdWM64/results.csv,UI_shared
bin5,VGG2k / bin5,r21vgg2k_vgg16_bn_aa5_s42,face_transfer,124,two_shared_ui,CFD WM64,Faces,0.36,0.38,50,within_sampled_range,UI,104,95.83333333333334,runs/yin_latest_vgg_20260927/transfer/results/r21vgg2k_vgg16_bn_aa5_s42/faces_cfdWM64/faces_cfdWM64/results.csv,UI_shared
bin5,VGG2k / bin5,r21vgg2k_vgg16_bn_aa5_s42,face_transfer,124,two_shared_ui,CFD WM64,Faces,0.36,0.38,50,within_sampled_range,UI,105,95.83333333333334,runs/yin_latest_vgg_20260927/transfer/results/r21vgg2k_vgg16_bn_aa5_s42/faces_cfdWM64/faces_cfdWM64/results.csv,UI_shared
bin5,VGG2k / bin5,r21vgg2k_vgg16_bn_aa5_s42,face_transfer,124,two_shared_ui,CFD WM64,Faces,0.36,0.38,50,within_sampled_range,UI,106,91.66666666666666,runs/yin_latest_vgg_20260927/transfer/results/r21vgg2k_vgg16_bn_aa5_s42/faces_cfdWM64/faces_cfdWM64/results.csv,UI_shared
bin5,VGG2k / bin5,r21vgg2k_vgg16_bn_aa5_s42,face_transfer,124,two_shared_ui,CFD WM64,Faces,0.36,0.38,50,within_sampled_range,UI,107,83.33333333333334,runs/yin_latest_vgg_20260927/transfer/results/r21vgg2k_vgg16_bn_aa5_s42/faces_cfdWM64/faces_cfdWM64/results.csv,UI_shared
bin5,VGG2k / bin5,r21vgg2k_vgg16_bn_aa5_s42,face_transfer,124,two_shared_ui,CFD WM64,Faces,0.36,0.38,50,within_sampled_range,UI,108,91.66666666666666,runs/yin_latest_vgg_20260927/transfer/results/r21vgg2k_vgg16_bn_aa5_s42/faces_cfdWM64/faces_cfdWM64/results.csv,UI_shared
bin5,VGG2k / bin5,r21vgg2k_vgg16_bn_aa5_s42,face_transfer,124,two_shared_ui,CFD WM64,Faces,0.36,0.38,50,within_sampled_range,UI,109,87.5,runs/yin_latest_vgg_20260927/transfer/results/r21vgg2k_vgg16_bn_aa5_s42/faces_cfdWM64/faces_cfdWM64/results.csv,UI_shared
bin5,VGG2k / bin5,r21vgg2k_vgg16_bn_aa5_s42,face_transfer,124,two_shared_ui,CFD WM64,Faces,0.36,0.38,50,within_sampled_range,UI,110,91.66666666666666,runs/yin_latest_vgg_20260927/transfer/results/r21vgg2k_vgg16_bn_aa5_s42/faces_cfdWM64/faces_cfdWM64/results.csv,UI_shared
bin5,VGG2k / bin5,r21vgg2k_vgg16_bn_aa5_s42,face_transfer,124,two_shared_ui,CFD WM64,Faces,0.36,0.38,50,within_sampled_range,UI,111,87.5,runs/yin_latest_vgg_20260927/transfer/results/r21vgg2k_vgg16_bn_aa5_s42/faces_cfdWM64/faces_cfdWM64/results.csv,UI_shared
bin5,VGG2k / bin5,r21vgg2k_vgg16_bn_aa5_s42,face_transfer,124,two_shared_ui,CFD WM64,Faces,0.36,0.38,50,within_sampled_range,UI,112,91.66666666666666,runs/yin_latest_vgg_20260927/transfer/results/r21vgg2k_vgg16_bn_aa5_s42/faces_cfdWM64/faces_cfdWM64/results.csv,UI_shared
bin5,VGG2k / bin5,r21vgg2k_vgg16_bn_aa5_s42,face_transfer,124,two_shared_ui,CFD WM64,Faces,0.36,0.38,50,within_sampled_range,UI,113,83.33333333333334,runs/yin_latest_vgg_20260927/transfer/results/r21vgg2k_vgg16_bn_aa5_s42/faces_cfdWM64/faces_cfdWM64/results.csv,UI_shared
bin5,VGG2k / bin5,r21vgg2k_vgg16_bn_aa5_s42,face_transfer,124,two_shared_ui,CFD WM64,Faces,0.36,0.38,50,within_sampled_range,UI,114,95.83333333333334,runs/yin_latest_vgg_20260927/transfer/results/r21vgg2k_vgg16_bn_aa5_s42/faces_cfdWM64/faces_cfdWM64/results.csv,UI_shared
bin5,VGG2k / bin5,r21vgg2k_vgg16_bn_aa5_s42,face_transfer,124,two_shared_ui,CFD WM64,Faces,0.36,0.38,50,within_sampled_range,UI,115,95.83333333333334,runs/yin_latest_vgg_20260927/transfer/results/r21vgg2k_vgg16_bn_aa5_s42/faces_cfdWM64/faces_cfdWM64/results.csv,UI_shared
bin5,VGG2k / bin5,r21vgg2k_vgg16_bn_aa5_s42,face_transfer,124,two_shared_ui,CFD WM64,Faces,0.36,0.38,50,within_sampled_range,UI,116,87.5,runs/yin_latest_vgg_20260927/transfer/results/r21vgg2k_vgg16_bn_aa5_s42/faces_cfdWM64/faces_cfdWM64/results.csv,UI_shared
bin5,VGG2k / bin5,r21vgg2k_vgg16_bn_aa5_s42,face_transfer,124,two_shared_ui,CFD WM64,Faces,0.36,0.38,50,within_sampled_range,UI,117,87.5,runs/yin_latest_vgg_20260927/transfer/results/r21vgg2k_vgg16_bn_aa5_s42/faces_cfdWM64/faces_cfdWM64/results.csv,UI_shared
bin5,VGG2k / bin5,r21vgg2k_vgg16_bn_aa5_s42,face_transfer,124,two_shared_ui,CFD WM64,Faces,0.36,0.38,50,within_sampled_range,UI,118,83.33333333333334,runs/yin_latest_vgg_20260927/transfer/results/r21vgg2k_vgg16_bn_aa5_s42/faces_cfdWM64/faces_cfdWM64/results.csv,UI_shared
bin5,VGG2k / bin5,r21vgg2k_vgg16_bn_aa5_s42,face_transfer,124,two_shared_ui,CFD WM64,Faces,0.36,0.38,50,within_sampled_range,UI,119,91.66666666666666,runs/yin_latest_vgg_20260927/transfer/results/r21vgg2k_vgg16_bn_aa5_s42/faces_cfdWM64/faces_cfdWM64/results.csv,UI_shared
bin5,VGG2k / bin5,r21vgg2k_vgg16_bn_aa5_s42,face_transfer,124,two_shared_ui,CFD WM64,Faces,0.36,0.38,50,within_sampled_range,UI,120,100.0,runs/yin_latest_vgg_20260927/transfer/results/r21vgg2k_vgg16_bn_aa5_s42/faces_cfdWM64/faces_cfdWM64/results.csv,UI_shared
bin5,VGG2k / bin5,r21vgg2k_vgg16_bn_aa5_s42,face_transfer,124,two_shared_ui,CFD WM64,Faces,0.36,0.38,50,within_sampled_range,UI,121,95.83333333333334,runs/yin_latest_vgg_20260927/transfer/results/r21vgg2k_vgg16_bn_aa5_s42/faces_cfdWM64/faces_cfdWM64/results.csv,UI_shared
bin5,VGG2k / bin5,r21vgg2k_vgg16_bn_aa5_s42,face_transfer,124,two_shared_ui,CFD WM64,Faces,0.36,0.38,50,within_sampled_range,UI,122,79.16666666666666,runs/yin_latest_vgg_20260927/transfer/results/r21vgg2k_vgg16_bn_aa5_s42/faces_cfdWM64/faces_cfdWM64/results.csv,UI_shared
bin5,VGG2k / bin5,r21vgg2k_vgg16_bn_aa5_s42,face_transfer,124,two_shared_ui,CFD WM64,Faces,0.36,0.38,50,within_sampled_range,UI,123,79.16666666666666,runs/yin_latest_vgg_20260927/transfer/results/r21vgg2k_vgg16_bn_aa5_s42/faces_cfdWM64/faces_cfdWM64/results.csv,UI_shared
bin5,VGG2k / bin5,r21vgg2k_vgg16_bn_aa5_s42,face_transfer,124,two_shared_ui,CFD WM64,Faces,0.36,0.38,50,within_sampled_range,UI,124,87.5,runs/yin_latest_vgg_20260927/transfer/results/r21vgg2k_vgg16_bn_aa5_s42/faces_cfdWM64/faces_cfdWM64/results.csv,UI_shared
bin5,VGG2k / bin5,r21vgg2k_vgg16_bn_aa5_s42,face_transfer,124,two_shared_ui,CFD WM64,Faces,0.36,0.38,50,within_sampled_range,UI,125,91.66666666666666,runs/yin_latest_vgg_20260927/transfer/results/r21vgg2k_vgg16_bn_aa5_s42/faces_cfdWM64/faces_cfdWM64/results.csv,UI_shared
bin5,VGG2k / bin5,r21vgg2k_vgg16_bn_aa5_s42,face_transfer,124,two_shared_ui,CFD WM64,Faces,0.36,0.38,50,within_sampled_range,UI,126,91.66666666666666,runs/yin_latest_vgg_20260927/transfer/results/r21vgg2k_vgg16_bn_aa5_s42/faces_cfdWM64/faces_cfdWM64/results.csv,UI_shared
bin5,VGG2k / bin5,r21vgg2k_vgg16_bn_aa5_s42,face_transfer,124,two_shared_ui,CFD WM64,Faces,0.36,0.38,50,within_sampled_range,UI,127,87.5,runs/yin_latest_vgg_20260927/transfer/results/r21vgg2k_vgg16_bn_aa5_s42/faces_cfdWM64/faces_cfdWM64/results.csv,UI_shared
bin5,VGG2k / bin5,r21vgg2k_vgg16_bn_aa5_s42,face_transfer,124,two_shared_ui,CFD WM64,Faces,0.36,0.38,50,within_sampled_range,UI,128,79.16666666666666,runs/yin_latest_vgg_20260927/transfer/results/r21vgg2k_vgg16_bn_aa5_s42/faces_cfdWM64/faces_cfdWM64/results.csv,UI_shared
bin5,VGG2k / bin5,r21vgg2k_vgg16_bn_aa5_s42,face_transfer,124,two_shared_ui,CFD WM64,Faces,0.36,0.38,50,within_sampled_range,UI,129,95.83333333333334,runs/yin_latest_vgg_20260927/transfer/results/r21vgg2k_vgg16_bn_aa5_s42/faces_cfdWM64/faces_cfdWM64/results.csv,UI_shared
bin5,VGG2k / bin5,r21vgg2k_vgg16_bn_aa5_s42,face_transfer,124,two_shared_ui,CFD WM64,Faces,0.36,0.38,50,within_sampled_range,UI,130,95.83333333333334,runs/yin_latest_vgg_20260927/transfer/results/r21vgg2k_vgg16_bn_aa5_s42/faces_cfdWM64/faces_cfdWM64/results.csv,UI_shared
bin5,VGG2k / bin5,r21vgg2k_vgg16_bn_aa5_s42,face_transfer,124,two_shared_ui,CFD WM64,Faces,0.36,0.38,50,within_sampled_range,UI,131,83.33333333333334,runs/yin_latest_vgg_20260927/transfer/results/r21vgg2k_vgg16_bn_aa5_s42/faces_cfdWM64/faces_cfdWM64/results.csv,UI_shared
bin5,VGG2k / bin5,r21vgg2k_vgg16_bn_aa5_s42,face_transfer,124,two_shared_ui,CFD WM64,Faces,0.36,0.38,50,within_sampled_range,UI,132,95.83333333333334,runs/yin_latest_vgg_20260927/transfer/results/r21vgg2k_vgg16_bn_aa5_s42/faces_cfdWM64/faces_cfdWM64/results.csv,UI_shared
bin5,VGG2k / bin5,r21vgg2k_vgg16_bn_aa5_s42,face_transfer,124,two_shared_ui,CFD WM64,Faces,0.36,0.38,50,within_sampled_range,UI,133,91.66666666666666,runs/yin_latest_vgg_20260927/transfer/results/r21vgg2k_vgg16_bn_aa5_s42/faces_cfdWM64/faces_cfdWM64/results.csv,UI_shared
bin5,VGG2k / bin5,r21vgg2k_vgg16_bn_aa5_s42,face_transfer,124,two_shared_ui,CFD WM64,Faces,0.36,0.38,50,within_sampled_range,UI,134,100.0,runs/yin_latest_vgg_20260927/transfer/results/r21vgg2k_vgg16_bn_aa5_s42/faces_cfdWM64/faces_cfdWM64/results.csv,UI_shared
bin5,VGG2k / bin5,r21vgg2k_vgg16_bn_aa5_s42,face_transfer,124,two_shared_ui,CFD WM64,Faces,0.36,0.38,50,within_sampled_range,UI,135,91.66666666666666,runs/yin_latest_vgg_20260927/transfer/results/r21vgg2k_vgg16_bn_aa5_s42/faces_cfdWM64/faces_cfdWM64/results.csv,UI_shared
bin5,VGG2k / bin5,r21vgg2k_vgg16_bn_aa5_s42,face_transfer,124,two_shared_ui,CFD WM64,Faces,0.36,0.38,50,within_sampled_range,UI,136,83.33333333333334,runs/yin_latest_vgg_20260927/transfer/results/r21vgg2k_vgg16_bn_aa5_s42/faces_cfdWM64/faces_cfdWM64/results.csv,UI_shared
bin5,VGG2k / bin5,r21vgg2k_vgg16_bn_aa5_s42,face_transfer,124,two_shared_ui,CFD WM64,Faces,0.36,0.38,50,within_sampled_range,UI,137,100.0,runs/yin_latest_vgg_20260927/transfer/results/r21vgg2k_vgg16_bn_aa5_s42/faces_cfdWM64/faces_cfdWM64/results.csv,UI_shared
bin5,VGG2k / bin5,r21vgg2k_vgg16_bn_aa5_s42,face_transfer,124,two_shared_ui,CFD WM64,Faces,0.36,0.38,50,within_sampled_range,UI,138,95.83333333333334,runs/yin_latest_vgg_20260927/transfer/results/r21vgg2k_vgg16_bn_aa5_s42/faces_cfdWM64/faces_cfdWM64/results.csv,UI_shared
bin5,VGG2k / bin5,r21vgg2k_vgg16_bn_aa5_s42,face_transfer,124,two_shared_ui,CFD WM64,Faces,0.36,0.38,50,within_sampled_range,UI,139,95.83333333333334,runs/yin_latest_vgg_20260927/transfer/results/r21vgg2k_vgg16_bn_aa5_s42/faces_cfdWM64/faces_cfdWM64/results.csv,UI_shared
bin5,VGG2k / bin5,r21vgg2k_vgg16_bn_aa5_s42,face_transfer,124,two_shared_ui,CFD WM64,Faces,0.36,0.38,50,within_sampled_range,UI,140,79.16666666666666,runs/yin_latest_vgg_20260927/transfer/results/r21vgg2k_vgg16_bn_aa5_s42/faces_cfdWM64/faces_cfdWM64/results.csv,UI_shared
bin5,VGG2k / bin5,r21vgg2k_vgg16_bn_aa5_s42,face_transfer,124,two_shared_ui,CFD WM64,Faces,0.36,0.38,50,within_sampled_range,UI,141,87.5,runs/yin_latest_vgg_20260927/transfer/results/r21vgg2k_vgg16_bn_aa5_s42/faces_cfdWM64/faces_cfdWM64/results.csv,UI_shared
bin5,VGG2k / bin5,r21vgg2k_vgg16_bn_aa5_s42,face_transfer,124,two_shared_ui,CFD WM64,Faces,0.36,0.38,50,within_sampled_range,UI,142,95.83333333333334,runs/yin_latest_vgg_20260927/transfer/results/r21vgg2k_vgg16_bn_aa5_s42/faces_cfdWM64/faces_cfdWM64/results.csv,UI_shared
bin5,VGG2k / bin5,r21vgg2k_vgg16_bn_aa5_s42,face_transfer,124,two_shared_ui,CFD WM64,Faces,0.36,0.38,50,within_sampled_range,UI,143,91.66666666666666,runs/yin_latest_vgg_20260927/transfer/results/r21vgg2k_vgg16_bn_aa5_s42/faces_cfdWM64/faces_cfdWM64/results.csv,UI_shared
bin5,VGG2k / bin5,r21vgg2k_vgg16_bn_aa5_s42,face_transfer,124,two_shared_ui,CFD WM64,Faces,0.36,0.38,50,within_sampled_range,UI,144,87.5,runs/yin_latest_vgg_20260927/transfer/results/r21vgg2k_vgg16_bn_aa5_s42/faces_cfdWM64/faces_cfdWM64/results.csv,UI_shared
bin5,VGG2k / bin5,r21vgg2k_vgg16_bn_aa5_s42,face_transfer,124,two_shared_ui,CFD WM64,Faces,0.36,0.38,50,within_sampled_range,UI,145,83.33333333333334,runs/yin_latest_vgg_20260927/transfer/results/r21vgg2k_vgg16_bn_aa5_s42/faces_cfdWM64/faces_cfdWM64/results.csv,UI_shared
bin5,VGG2k / bin5,r21vgg2k_vgg16_bn_aa5_s42,face_transfer,124,two_shared_ui,CFD WM64,Faces,0.36,0.38,50,within_sampled_range,UI,146,91.66666666666666,runs/yin_latest_vgg_20260927/transfer/results/r21vgg2k_vgg16_bn_aa5_s42/faces_cfdWM64/faces_cfdWM64/results.csv,UI_shared
bin5,VGG2k / bin5,r21vgg2k_vgg16_bn_aa5_s42,face_transfer,124,two_shared_ui,CFD WM64,Faces,0.36,0.38,50,within_sampled_range,UI,147,95.83333333333334,runs/yin_latest_vgg_20260927/transfer/results/r21vgg2k_vgg16_bn_aa5_s42/faces_cfdWM64/faces_cfdWM64/results.csv,UI_shared
bin5,VGG2k / bin5,r21vgg2k_vgg16_bn_aa5_s42,face_transfer,124,two_shared_ui,CFD WM64,Faces,0.36,0.38,50,within_sampled_range,UI,148,91.66666666666666,runs/yin_latest_vgg_20260927/transfer/results/r21vgg2k_vgg16_bn_aa5_s42/faces_cfdWM64/faces_cfdWM64/results.csv,UI_shared
bin5,VGG2k / bin5,r21vgg2k_vgg16_bn_aa5_s42,face_transfer,124,two_shared_ui,CFD WM64,Faces,0.36,0.38,50,within_sampled_range,UI,149,79.16666666666666,runs/yin_latest_vgg_20260927/transfer/results/r21vgg2k_vgg16_bn_aa5_s42/faces_cfdWM64/faces_cfdWM64/results.csv,UI_shared
bin5,VGG2k / bin5,r21vgg2k_vgg16_bn_aa5_s42,face_transfer,124,two_shared_ui,CFD WM64,Faces,0.36,0.38,50,within_sampled_range,UI,150,87.5,runs/yin_latest_vgg_20260927/transfer/results/r21vgg2k_vgg16_bn_aa5_s42/faces_cfdWM64/faces_cfdWM64/results.csv,UI_shared
bin5,VGG2k / bin5,r21vgg2k_vgg16_bn_aa5_s42,face_transfer,124,two_shared_ui,CFD WM64,Faces,0.36,0.38,50,within_sampled_range,IU,101,95.83333333333334,runs/yin_latest_vgg_20260927/transfer/results/r21vgg2k_vgg16_bn_aa5_s42/faces_cfdWM64/faces_cfdWM64/results.csv,IU
bin5,VGG2k / bin5,r21vgg2k_vgg16_bn_aa5_s42,face_transfer,124,two_shared_ui,CFD WM64,Faces,0.36,0.38,50,within_sampled_range,IU,102,95.83333333333334,runs/yin_latest_vgg_20260927/transfer/results/r21vgg2k_vgg16_bn_aa5_s42/faces_cfdWM64/faces_cfdWM64/results.csv,IU
bin5,VGG2k / bin5,r21vgg2k_vgg16_bn_aa5_s42,face_transfer,124,two_shared_ui,CFD WM64,Faces,0.36,0.38,50,within_sampled_range,IU,103,95.83333333333334,runs/yin_latest_vgg_20260927/transfer/results/r21vgg2k_vgg16_bn_aa5_s42/faces_cfdWM64/faces_cfdWM64/results.csv,IU
bin5,VGG2k / bin5,r21vgg2k_vgg16_bn_aa5_s42,face_transfer,124,two_shared_ui,CFD WM64,Faces,0.36,0.38,50,within_sampled_range,IU,104,91.66666666666666,runs/yin_latest_vgg_20260927/transfer/results/r21vgg2k_vgg16_bn_aa5_s42/faces_cfdWM64/faces_cfdWM64/results.csv,IU
bin5,VGG2k / bin5,r21vgg2k_vgg16_bn_aa5_s42,face_transfer,124,two_shared_ui,CFD WM64,Faces,0.36,0.38,50,within_sampled_range,IU,105,83.33333333333334,runs/yin_latest_vgg_20260927/transfer/results/r21vgg2k_vgg16_bn_aa5_s42/faces_cfdWM64/faces_cfdWM64/results.csv,IU
bin5,VGG2k / bin5,r21vgg2k_vgg16_bn_aa5_s42,face_transfer,124,two_shared_ui,CFD WM64,Faces,0.36,0.38,50,within_sampled_range,IU,106,95.83333333333334,runs/yin_latest_vgg_20260927/transfer/results/r21vgg2k_vgg16_bn_aa5_s42/faces_cfdWM64/faces_cfdWM64/results.csv,IU
bin5,VGG2k / bin5,r21vgg2k_vgg16_bn_aa5_s42,face_transfer,124,two_shared_ui,CFD WM64,Faces,0.36,0.38,50,within_sampled_range,IU,107,83.33333333333334,runs/yin_latest_vgg_20260927/transfer/results/r21vgg2k_vgg16_bn_aa5_s42/faces_cfdWM64/faces_cfdWM64/results.csv,IU
bin5,VGG2k / bin5,r21vgg2k_vgg16_bn_aa5_s42,face_transfer,124,two_shared_ui,CFD WM64,Faces,0.36,0.38,50,within_sampled_range,IU,108,91.66666666666666,runs/yin_latest_vgg_20260927/transfer/results/r21vgg2k_vgg16_bn_aa5_s42/faces_cfdWM64/faces_cfdWM64/results.csv,IU
bin5,VGG2k / bin5,r21vgg2k_vgg16_bn_aa5_s42,face_transfer,124,two_shared_ui,CFD WM64,Faces,0.36,0.38,50,within_sampled_range,IU,109,83.33333333333334,runs/yin_latest_vgg_20260927/transfer/results/r21vgg2k_vgg16_bn_aa5_s42/faces_cfdWM64/faces_cfdWM64/results.csv,IU
bin5,VGG2k / bin5,r21vgg2k_vgg16_bn_aa5_s42,face_transfer,124,two_shared_ui,CFD WM64,Faces,0.36,0.38,50,within_sampled_range,IU,110,83.33333333333334,runs/yin_latest_vgg_20260927/transfer/results/r21vgg2k_vgg16_bn_aa5_s42/faces_cfdWM64/faces_cfdWM64/results.csv,IU
bin5,VGG2k / bin5,r21vgg2k_vgg16_bn_aa5_s42,face_transfer,124,two_shared_ui,CFD WM64,Faces,0.36,0.38,50,within_sampled_range,IU,111,75.0,runs/yin_latest_vgg_20260927/transfer/results/r21vgg2k_vgg16_bn_aa5_s42/faces_cfdWM64/faces_cfdWM64/results.csv,IU
bin5,VGG2k / bin5,r21vgg2k_vgg16_bn_aa5_s42,face_transfer,124,two_shared_ui,CFD WM64,Faces,0.36,0.38,50,within_sampled_range,IU,112,87.5,runs/yin_latest_vgg_20260927/transfer/results/r21vgg2k_vgg16_bn_aa5_s42/faces_cfdWM64/faces_cfdWM64/results.csv,IU
bin5,VGG2k / bin5,r21vgg2k_vgg16_bn_aa5_s42,face_transfer,124,two_shared_ui,CFD WM64,Faces,0.36,0.38,50,within_sampled_range,IU,113,83.33333333333334,runs/yin_latest_vgg_20260927/transfer/results/r21vgg2k_vgg16_bn_aa5_s42/faces_cfdWM64/faces_cfdWM64/results.csv,IU
bin5,VGG2k / bin5,r21vgg2k_vgg16_bn_aa5_s42,face_transfer,124,two_shared_ui,CFD WM64,Faces,0.36,0.38,50,within_sampled_range,IU,114,83.33333333333334,runs/yin_latest_vgg_20260927/transfer/results/r21vgg2k_vgg16_bn_aa5_s42/faces_cfdWM64/faces_cfdWM64/results.csv,IU
bin5,VGG2k / bin5,r21vgg2k_vgg16_bn_aa5_s42,face_transfer,124,two_shared_ui,CFD WM64,Faces,0.36,0.38,50,within_sampled_range,IU,115,87.5,runs/yin_latest_vgg_20260927/transfer/results/r21vgg2k_vgg16_bn_aa5_s42/faces_cfdWM64/faces_cfdWM64/results.csv,IU
bin5,VGG2k / bin5,r21vgg2k_vgg16_bn_aa5_s42,face_transfer,124,two_shared_ui,CFD WM64,Faces,0.36,0.38,50,within_sampled_range,IU,116,83.33333333333334,runs/yin_latest_vgg_20260927/transfer/results/r21vgg2k_vgg16_bn_aa5_s42/faces_cfdWM64/faces_cfdWM64/results.csv,IU
bin5,VGG2k / bin5,r21vgg2k_vgg16_bn_aa5_s42,face_transfer,124,two_shared_ui,CFD WM64,Faces,0.36,0.38,50,within_sampled_range,IU,117,83.33333333333334,runs/yin_latest_vgg_20260927/transfer/results/r21vgg2k_vgg16_bn_aa5_s42/faces_cfdWM64/faces_cfdWM64/results.csv,IU
bin5,VGG2k / bin5,r21vgg2k_vgg16_bn_aa5_s42,face_transfer,124,two_shared_ui,CFD WM64,Faces,0.36,0.38,50,within_sampled_range,IU,118,79.16666666666666,runs/yin_latest_vgg_20260927/transfer/results/r21vgg2k_vgg16_bn_aa5_s42/faces_cfdWM64/faces_cfdWM64/results.csv,IU
bin5,VGG2k / bin5,r21vgg2k_vgg16_bn_aa5_s42,face_transfer,124,two_shared_ui,CFD WM64,Faces,0.36,0.38,50,within_sampled_range,IU,119,91.66666666666666,runs/yin_latest_vgg_20260927/transfer/results/r21vgg2k_vgg16_bn_aa5_s42/faces_cfdWM64/faces_cfdWM64/results.csv,IU
bin5,VGG2k / bin5,r21vgg2k_vgg16_bn_aa5_s42,face_transfer,124,two_shared_ui,CFD WM64,Faces,0.36,0.38,50,within_sampled_range,IU,120,83.33333333333334,runs/yin_latest_vgg_20260927/transfer/results/r21vgg2k_vgg16_bn_aa5_s42/faces_cfdWM64/faces_cfdWM64/results.csv,IU
bin5,VGG2k / bin5,r21vgg2k_vgg16_bn_aa5_s42,face_transfer,124,two_shared_ui,CFD WM64,Faces,0.36,0.38,50,within_sampled_range,IU,121,83.33333333333334,runs/yin_latest_vgg_20260927/transfer/results/r21vgg2k_vgg16_bn_aa5_s42/faces_cfdWM64/faces_cfdWM64/results.csv,IU
bin5,VGG2k / bin5,r21vgg2k_vgg16_bn_aa5_s42,face_transfer,124,two_shared_ui,CFD WM64,Faces,0.36,0.38,50,within_sampled_range,IU,122,79.16666666666666,runs/yin_latest_vgg_20260927/transfer/results/r21vgg2k_vgg16_bn_aa5_s42/faces_cfdWM64/faces_cfdWM64/results.csv,IU
bin5,VGG2k / bin5,r21vgg2k_vgg16_bn_aa5_s42,face_transfer,124,two_shared_ui,CFD WM64,Faces,0.36,0.38,50,within_sampled_range,IU,123,91.66666666666666,runs/yin_latest_vgg_20260927/transfer/results/r21vgg2k_vgg16_bn_aa5_s42/faces_cfdWM64/faces_cfdWM64/results.csv,IU
bin5,VGG2k / bin5,r21vgg2k_vgg16_bn_aa5_s42,face_transfer,124,two_shared_ui,CFD WM64,Faces,0.36,0.38,50,within_sampled_range,IU,124,87.5,runs/yin_latest_vgg_20260927/transfer/results/r21vgg2k_vgg16_bn_aa5_s42/faces_cfdWM64/faces_cfdWM64/results.csv,IU
bin5,VGG2k / bin5,r21vgg2k_vgg16_bn_aa5_s42,face_transfer,124,two_shared_ui,CFD WM64,Faces,0.36,0.38,50,within_sampled_range,IU,125,83.33333333333334,runs/yin_latest_vgg_20260927/transfer/results/r21vgg2k_vgg16_bn_aa5_s42/faces_cfdWM64/faces_cfdWM64/results.csv,IU
bin5,VGG2k / bin5,r21vgg2k_vgg16_bn_aa5_s42,face_transfer,124,two_shared_ui,CFD WM64,Faces,0.36,0.38,50,within_sampled_range,IU,126,91.66666666666666,runs/yin_latest_vgg_20260927/transfer/results/r21vgg2k_vgg16_bn_aa5_s42/faces_cfdWM64/faces_cfdWM64/results.csv,IU
bin5,VGG2k / bin5,r21vgg2k_vgg16_bn_aa5_s42,face_transfer,124,two_shared_ui,CFD WM64,Faces,0.36,0.38,50,within_sampled_range,IU,127,87.5,runs/yin_latest_vgg_20260927/transfer/results/r21vgg2k_vgg16_bn_aa5_s42/faces_cfdWM64/faces_cfdWM64/results.csv,IU
bin5,VGG2k / bin5,r21vgg2k_vgg16_bn_aa5_s42,face_transfer,124,two_shared_ui,CFD WM64,Faces,0.36,0.38,50,within_sampled_range,IU,128,83.33333333333334,runs/yin_latest_vgg_20260927/transfer/results/r21vgg2k_vgg16_bn_aa5_s42/faces_cfdWM64/faces_cfdWM64/results.csv,IU
bin5,VGG2k / bin5,r21vgg2k_vgg16_bn_aa5_s42,face_transfer,124,two_shared_ui,CFD WM64,Faces,0.36,0.38,50,within_sampled_range,IU,129,87.5,runs/yin_latest_vgg_20260927/transfer/results/r21vgg2k_vgg16_bn_aa5_s42/faces_cfdWM64/faces_cfdWM64/results.csv,IU
bin5,VGG2k / bin5,r21vgg2k_vgg16_bn_aa5_s42,face_transfer,124,two_shared_ui,CFD WM64,Faces,0.36,0.38,50,within_sampled_range,IU,130,87.5,runs/yin_latest_vgg_20260927/transfer/results/r21vgg2k_vgg16_bn_aa5_s42/faces_cfdWM64/faces_cfdWM64/results.csv,IU
bin5,VGG2k / bin5,r21vgg2k_vgg16_bn_aa5_s42,face_transfer,124,two_shared_ui,CFD WM64,Faces,0.36,0.38,50,within_sampled_range,IU,131,79.16666666666666,runs/yin_latest_vgg_20260927/transfer/results/r21vgg2k_vgg16_bn_aa5_s42/faces_cfdWM64/faces_cfdWM64/results.csv,IU
bin5,VGG2k / bin5,r21vgg2k_vgg16_bn_aa5_s42,face_transfer,124,two_shared_ui,CFD WM64,Faces,0.36,0.38,50,within_sampled_range,IU,132,79.16666666666666,runs/yin_latest_vgg_20260927/transfer/results/r21vgg2k_vgg16_bn_aa5_s42/faces_cfdWM64/faces_cfdWM64/results.csv,IU
bin5,VGG2k / bin5,r21vgg2k_vgg16_bn_aa5_s42,face_transfer,124,two_shared_ui,CFD WM64,Faces,0.36,0.38,50,within_sampled_range,IU,133,83.33333333333334,runs/yin_latest_vgg_20260927/transfer/results/r21vgg2k_vgg16_bn_aa5_s42/faces_cfdWM64/faces_cfdWM64/results.csv,IU
bin5,VGG2k / bin5,r21vgg2k_vgg16_bn_aa5_s42,face_transfer,124,two_shared_ui,CFD WM64,Faces,0.36,0.38,50,within_sampled_range,IU,134,79.16666666666666,runs/yin_latest_vgg_20260927/transfer/results/r21vgg2k_vgg16_bn_aa5_s42/faces_cfdWM64/faces_cfdWM64/results.csv,IU
bin5,VGG2k / bin5,r21vgg2k_vgg16_bn_aa5_s42,face_transfer,124,two_shared_ui,CFD WM64,Faces,0.36,0.38,50,within_sampled_range,IU,135,70.83333333333334,runs/yin_latest_vgg_20260927/transfer/results/r21vgg2k_vgg16_bn_aa5_s42/faces_cfdWM64/faces_cfdWM64/results.csv,IU
bin5,VGG2k / bin5,r21vgg2k_vgg16_bn_aa5_s42,face_transfer,124,two_shared_ui,CFD WM64,Faces,0.36,0.38,50,within_sampled_range,IU,136,79.16666666666666,runs/yin_latest_vgg_20260927/transfer/results/r21vgg2k_vgg16_bn_aa5_s42/faces_cfdWM64/faces_cfdWM64/results.csv,IU
bin5,VGG2k / bin5,r21vgg2k_vgg16_bn_aa5_s42,face_transfer,124,two_shared_ui,CFD WM64,Faces,0.36,0.38,50,within_sampled_range,IU,137,95.83333333333334,runs/yin_latest_vgg_20260927/transfer/results/r21vgg2k_vgg16_bn_aa5_s42/faces_cfdWM64/faces_cfdWM64/results.csv,IU
bin5,VGG2k / bin5,r21vgg2k_vgg16_bn_aa5_s42,face_transfer,124,two_shared_ui,CFD WM64,Faces,0.36,0.38,50,within_sampled_range,IU,138,95.83333333333334,runs/yin_latest_vgg_20260927/transfer/results/r21vgg2k_vgg16_bn_aa5_s42/faces_cfdWM64/faces_cfdWM64/results.csv,IU
bin5,VGG2k / bin5,r21vgg2k_vgg16_bn_aa5_s42,face_transfer,124,two_shared_ui,CFD WM64,Faces,0.36,0.38,50,within_sampled_range,IU,139,91.66666666666666,runs/yin_latest_vgg_20260927/transfer/results/r21vgg2k_vgg16_bn_aa5_s42/faces_cfdWM64/faces_cfdWM64/results.csv,IU
bin5,VGG2k / bin5,r21vgg2k_vgg16_bn_aa5_s42,face_transfer,124,two_shared_ui,CFD WM64,Faces,0.36,0.38,50,within_sampled_range,IU,140,83.33333333333334,runs/yin_latest_vgg_20260927/transfer/results/r21vgg2k_vgg16_bn_aa5_s42/faces_cfdWM64/faces_cfdWM64/results.csv,IU
bin5,VGG2k / bin5,r21vgg2k_vgg16_bn_aa5_s42,face_transfer,124,two_shared_ui,CFD WM64,Faces,0.36,0.38,50,within_sampled_range,IU,141,91.66666666666666,runs/yin_latest_vgg_20260927/transfer/results/r21vgg2k_vgg16_bn_aa5_s42/faces_cfdWM64/faces_cfdWM64/results.csv,IU
bin5,VGG2k / bin5,r21vgg2k_vgg16_bn_aa5_s42,face_transfer,124,two_shared_ui,CFD WM64,Faces,0.36,0.38,50,within_sampled_range,IU,142,87.5,runs/yin_latest_vgg_20260927/transfer/results/r21vgg2k_vgg16_bn_aa5_s42/faces_cfdWM64/faces_cfdWM64/results.csv,IU
bin5,VGG2k / bin5,r21vgg2k_vgg16_bn_aa5_s42,face_transfer,124,two_shared_ui,CFD WM64,Faces,0.36,0.38,50,within_sampled_range,IU,143,70.83333333333334,runs/yin_latest_vgg_20260927/transfer/results/r21vgg2k_vgg16_bn_aa5_s42/faces_cfdWM64/faces_cfdWM64/results.csv,IU
bin5,VGG2k / bin5,r21vgg2k_vgg16_bn_aa5_s42,face_transfer,124,two_shared_ui,CFD WM64,Faces,0.36,0.38,50,within_sampled_range,IU,144,87.5,runs/yin_latest_vgg_20260927/transfer/results/r21vgg2k_vgg16_bn_aa5_s42/faces_cfdWM64/faces_cfdWM64/results.csv,IU
bin5,VGG2k / bin5,r21vgg2k_vgg16_bn_aa5_s42,face_transfer,124,two_shared_ui,CFD WM64,Faces,0.36,0.38,50,within_sampled_range,IU,145,87.5,runs/yin_latest_vgg_20260927/transfer/results/r21vgg2k_vgg16_bn_aa5_s42/faces_cfdWM64/faces_cfdWM64/results.csv,IU
bin5,VGG2k / bin5,r21vgg2k_vgg16_bn_aa5_s42,face_transfer,124,two_shared_ui,CFD WM64,Faces,0.36,0.38,50,within_sampled_range,IU,146,83.33333333333334,runs/yin_latest_vgg_20260927/transfer/results/r21vgg2k_vgg16_bn_aa5_s42/faces_cfdWM64/faces_cfdWM64/results.csv,IU
bin5,VGG2k / bin5,r21vgg2k_vgg16_bn_aa5_s42,face_transfer,124,two_shared_ui,CFD WM64,Faces,0.36,0.38,50,within_sampled_range,IU,147,75.0,runs/yin_latest_vgg_20260927/transfer/results/r21vgg2k_vgg16_bn_aa5_s42/faces_cfdWM64/faces_cfdWM64/results.csv,IU
bin5,VGG2k / bin5,r21vgg2k_vgg16_bn_aa5_s42,face_transfer,124,two_shared_ui,CFD WM64,Faces,0.36,0.38,50,within_sampled_range,IU,148,66.66666666666666,runs/yin_latest_vgg_20260927/transfer/results/r21vgg2k_vgg16_bn_aa5_s42/faces_cfdWM64/faces_cfdWM64/results.csv,IU
bin5,VGG2k / bin5,r21vgg2k_vgg16_bn_aa5_s42,face_transfer,124,two_shared_ui,CFD WM64,Faces,0.36,0.38,50,within_sampled_range,IU,149,79.16666666666666,runs/yin_latest_vgg_20260927/transfer/results/r21vgg2k_vgg16_bn_aa5_s42/faces_cfdWM64/faces_cfdWM64/results.csv,IU
bin5,VGG2k / bin5,r21vgg2k_vgg16_bn_aa5_s42,face_transfer,124,two_shared_ui,CFD WM64,Faces,0.36,0.38,50,within_sampled_range,IU,150,91.66666666666666,runs/yin_latest_vgg_20260927/transfer/results/r21vgg2k_vgg16_bn_aa5_s42/faces_cfdWM64/faces_cfdWM64/results.csv,IU
bin5,VGG2k / bin5,r21vgg2k_vgg16_bn_aa5_s42,face_transfer,124,single_uu,CFD WM64,Objects,0.36,,50,within_sampled_range,UU,101,100.0,runs/yin_latest_vgg_20260927/single_noise/r21vgg2k_vgg16_bn_aa5_s42/faces_cfdWM64/objects/results.csv,UU
bin5,VGG2k / bin5,r21vgg2k_vgg16_bn_aa5_s42,face_transfer,124,single_uu,CFD WM64,Objects,0.36,,50,within_sampled_range,UU,102,95.83333333333334,runs/yin_latest_vgg_20260927/single_noise/r21vgg2k_vgg16_bn_aa5_s42/faces_cfdWM64/objects/results.csv,UU
bin5,VGG2k / bin5,r21vgg2k_vgg16_bn_aa5_s42,face_transfer,124,single_uu,CFD WM64,Objects,0.36,,50,within_sampled_range,UU,103,100.0,runs/yin_latest_vgg_20260927/single_noise/r21vgg2k_vgg16_bn_aa5_s42/faces_cfdWM64/objects/results.csv,UU
bin5,VGG2k / bin5,r21vgg2k_vgg16_bn_aa5_s42,face_transfer,124,single_uu,CFD WM64,Objects,0.36,,50,within_sampled_range,UU,104,100.0,runs/yin_latest_vgg_20260927/single_noise/r21vgg2k_vgg16_bn_aa5_s42/faces_cfdWM64/objects/results.csv,UU
bin5,VGG2k / bin5,r21vgg2k_vgg16_bn_aa5_s42,face_transfer,124,single_uu,CFD WM64,Objects,0.36,,50,within_sampled_range,UU,105,95.83333333333334,runs/yin_latest_vgg_20260927/single_noise/r21vgg2k_vgg16_bn_aa5_s42/faces_cfdWM64/objects/results.csv,UU
bin5,VGG2k / bin5,r21vgg2k_vgg16_bn_aa5_s42,face_transfer,124,single_uu,CFD WM64,Objects,0.36,,50,within_sampled_range,UU,106,95.83333333333334,runs/yin_latest_vgg_20260927/single_noise/r21vgg2k_vgg16_bn_aa5_s42/faces_cfdWM64/objects/results.csv,UU
bin5,VGG2k / bin5,r21vgg2k_vgg16_bn_aa5_s42,face_transfer,124,single_uu,CFD WM64,Objects,0.36,,50,within_sampled_range,UU,107,95.83333333333334,runs/yin_latest_vgg_20260927/single_noise/r21vgg2k_vgg16_bn_aa5_s42/faces_cfdWM64/objects/results.csv,UU
bin5,VGG2k / bin5,r21vgg2k_vgg16_bn_aa5_s42,face_transfer,124,single_uu,CFD WM64,Objects,0.36,,50,within_sampled_range,UU,108,83.33333333333334,runs/yin_latest_vgg_20260927/single_noise/r21vgg2k_vgg16_bn_aa5_s42/faces_cfdWM64/objects/results.csv,UU
bin5,VGG2k / bin5,r21vgg2k_vgg16_bn_aa5_s42,face_transfer,124,single_uu,CFD WM64,Objects,0.36,,50,within_sampled_range,UU,109,91.66666666666666,runs/yin_latest_vgg_20260927/single_noise/r21vgg2k_vgg16_bn_aa5_s42/faces_cfdWM64/objects/results.csv,UU
bin5,VGG2k / bin5,r21vgg2k_vgg16_bn_aa5_s42,face_transfer,124,single_uu,CFD WM64,Objects,0.36,,50,within_sampled_range,UU,110,83.33333333333334,runs/yin_latest_vgg_20260927/single_noise/r21vgg2k_vgg16_bn_aa5_s42/faces_cfdWM64/objects/results.csv,UU
bin5,VGG2k / bin5,r21vgg2k_vgg16_bn_aa5_s42,face_transfer,124,single_uu,CFD WM64,Objects,0.36,,50,within_sampled_range,UU,111,91.66666666666666,runs/yin_latest_vgg_20260927/single_noise/r21vgg2k_vgg16_bn_aa5_s42/faces_cfdWM64/objects/results.csv,UU
bin5,VGG2k / bin5,r21vgg2k_vgg16_bn_aa5_s42,face_transfer,124,single_uu,CFD WM64,Objects,0.36,,50,within_sampled_range,UU,112,100.0,runs/yin_latest_vgg_20260927/single_noise/r21vgg2k_vgg16_bn_aa5_s42/faces_cfdWM64/objects/results.csv,UU
bin5,VGG2k / bin5,r21vgg2k_vgg16_bn_aa5_s42,face_transfer,124,single_uu,CFD WM64,Objects,0.36,,50,within_sampled_range,UU,113,100.0,runs/yin_latest_vgg_20260927/single_noise/r21vgg2k_vgg16_bn_aa5_s42/faces_cfdWM64/objects/results.csv,UU
bin5,VGG2k / bin5,r21vgg2k_vgg16_bn_aa5_s42,face_transfer,124,single_uu,CFD WM64,Objects,0.36,,50,within_sampled_range,UU,114,91.66666666666666,runs/yin_latest_vgg_20260927/single_noise/r21vgg2k_vgg16_bn_aa5_s42/faces_cfdWM64/objects/results.csv,UU
bin5,VGG2k / bin5,r21vgg2k_vgg16_bn_aa5_s42,face_transfer,124,single_uu,CFD WM64,Objects,0.36,,50,within_sampled_range,UU,115,95.83333333333334,runs/yin_latest_vgg_20260927/single_noise/r21vgg2k_vgg16_bn_aa5_s42/faces_cfdWM64/objects/results.csv,UU
bin5,VGG2k / bin5,r21vgg2k_vgg16_bn_aa5_s42,face_transfer,124,single_uu,CFD WM64,Objects,0.36,,50,within_sampled_range,UU,116,91.66666666666666,runs/yin_latest_vgg_20260927/single_noise/r21vgg2k_vgg16_bn_aa5_s42/faces_cfdWM64/objects/results.csv,UU
bin5,VGG2k / bin5,r21vgg2k_vgg16_bn_aa5_s42,face_transfer,124,single_uu,CFD WM64,Objects,0.36,,50,within_sampled_range,UU,117,100.0,runs/yin_latest_vgg_20260927/single_noise/r21vgg2k_vgg16_bn_aa5_s42/faces_cfdWM64/objects/results.csv,UU
bin5,VGG2k / bin5,r21vgg2k_vgg16_bn_aa5_s42,face_transfer,124,single_uu,CFD WM64,Objects,0.36,,50,within_sampled_range,UU,118,95.83333333333334,runs/yin_latest_vgg_20260927/single_noise/r21vgg2k_vgg16_bn_aa5_s42/faces_cfdWM64/objects/results.csv,UU
bin5,VGG2k / bin5,r21vgg2k_vgg16_bn_aa5_s42,face_transfer,124,single_uu,CFD WM64,Objects,0.36,,50,within_sampled_range,UU,119,100.0,runs/yin_latest_vgg_20260927/single_noise/r21vgg2k_vgg16_bn_aa5_s42/faces_cfdWM64/objects/results.csv,UU
bin5,VGG2k / bin5,r21vgg2k_vgg16_bn_aa5_s42,face_transfer,124,single_uu,CFD WM64,Objects,0.36,,50,within_sampled_range,UU,120,91.66666666666666,runs/yin_latest_vgg_20260927/single_noise/r21vgg2k_vgg16_bn_aa5_s42/faces_cfdWM64/objects/results.csv,UU
bin5,VGG2k / bin5,r21vgg2k_vgg16_bn_aa5_s42,face_transfer,124,single_uu,CFD WM64,Objects,0.36,,50,within_sampled_range,UU,121,83.33333333333334,runs/yin_latest_vgg_20260927/single_noise/r21vgg2k_vgg16_bn_aa5_s42/faces_cfdWM64/objects/results.csv,UU
bin5,VGG2k / bin5,r21vgg2k_vgg16_bn_aa5_s42,face_transfer,124,single_uu,CFD WM64,Objects,0.36,,50,within_sampled_range,UU,122,95.83333333333334,runs/yin_latest_vgg_20260927/single_noise/r21vgg2k_vgg16_bn_aa5_s42/faces_cfdWM64/objects/results.csv,UU
bin5,VGG2k / bin5,r21vgg2k_vgg16_bn_aa5_s42,face_transfer,124,single_uu,CFD WM64,Objects,0.36,,50,within_sampled_range,UU,123,91.66666666666666,runs/yin_latest_vgg_20260927/single_noise/r21vgg2k_vgg16_bn_aa5_s42/faces_cfdWM64/objects/results.csv,UU
bin5,VGG2k / bin5,r21vgg2k_vgg16_bn_aa5_s42,face_transfer,124,single_uu,CFD WM64,Objects,0.36,,50,within_sampled_range,UU,124,95.83333333333334,runs/yin_latest_vgg_20260927/single_noise/r21vgg2k_vgg16_bn_aa5_s42/faces_cfdWM64/objects/results.csv,UU
bin5,VGG2k / bin5,r21vgg2k_vgg16_bn_aa5_s42,face_transfer,124,single_uu,CFD WM64,Objects,0.36,,50,within_sampled_range,UU,125,91.66666666666666,runs/yin_latest_vgg_20260927/single_noise/r21vgg2k_vgg16_bn_aa5_s42/faces_cfdWM64/objects/results.csv,UU
bin5,VGG2k / bin5,r21vgg2k_vgg16_bn_aa5_s42,face_transfer,124,single_uu,CFD WM64,Objects,0.36,,50,within_sampled_range,UU,126,95.83333333333334,runs/yin_latest_vgg_20260927/single_noise/r21vgg2k_vgg16_bn_aa5_s42/faces_cfdWM64/objects/results.csv,UU
bin5,VGG2k / bin5,r21vgg2k_vgg16_bn_aa5_s42,face_transfer,124,single_uu,CFD WM64,Objects,0.36,,50,within_sampled_range,UU,127,95.83333333333334,runs/yin_latest_vgg_20260927/single_noise/r21vgg2k_vgg16_bn_aa5_s42/faces_cfdWM64/objects/results.csv,UU
bin5,VGG2k / bin5,r21vgg2k_vgg16_bn_aa5_s42,face_transfer,124,single_uu,CFD WM64,Objects,0.36,,50,within_sampled_range,UU,128,95.83333333333334,runs/yin_latest_vgg_20260927/single_noise/r21vgg2k_vgg16_bn_aa5_s42/faces_cfdWM64/objects/results.csv,UU
bin5,VGG2k / bin5,r21vgg2k_vgg16_bn_aa5_s42,face_transfer,124,single_uu,CFD WM64,Objects,0.36,,50,within_sampled_range,UU,129,100.0,runs/yin_latest_vgg_20260927/single_noise/r21vgg2k_vgg16_bn_aa5_s42/faces_cfdWM64/objects/results.csv,UU
bin5,VGG2k / bin5,r21vgg2k_vgg16_bn_aa5_s42,face_transfer,124,single_uu,CFD WM64,Objects,0.36,,50,within_sampled_range,UU,130,100.0,runs/yin_latest_vgg_20260927/single_noise/r21vgg2k_vgg16_bn_aa5_s42/faces_cfdWM64/objects/results.csv,UU
bin5,VGG2k / bin5,r21vgg2k_vgg16_bn_aa5_s42,face_transfer,124,single_uu,CFD WM64,Objects,0.36,,50,within_sampled_range,UU,131,100.0,runs/yin_latest_vgg_20260927/single_noise/r21vgg2k_vgg16_bn_aa5_s42/faces_cfdWM64/objects/results.csv,UU
bin5,VGG2k / bin5,r21vgg2k_vgg16_bn_aa5_s42,face_transfer,124,single_uu,CFD WM64,Objects,0.36,,50,within_sampled_range,UU,132,100.0,runs/yin_latest_vgg_20260927/single_noise/r21vgg2k_vgg16_bn_aa5_s42/faces_cfdWM64/objects/results.csv,UU
bin5,VGG2k / bin5,r21vgg2k_vgg16_bn_aa5_s42,face_transfer,124,single_uu,CFD WM64,Objects,0.36,,50,within_sampled_range,UU,133,95.83333333333334,runs/yin_latest_vgg_20260927/single_noise/r21vgg2k_vgg16_bn_aa5_s42/faces_cfdWM64/objects/results.csv,UU
bin5,VGG2k / bin5,r21vgg2k_vgg16_bn_aa5_s42,face_transfer,124,single_uu,CFD WM64,Objects,0.36,,50,within_sampled_range,UU,134,91.66666666666666,runs/yin_latest_vgg_20260927/single_noise/r21vgg2k_vgg16_bn_aa5_s42/faces_cfdWM64/objects/results.csv,UU
bin5,VGG2k / bin5,r21vgg2k_vgg16_bn_aa5_s42,face_transfer,124,single_uu,CFD WM64,Objects,0.36,,50,within_sampled_range,UU,135,91.66666666666666,runs/yin_latest_vgg_20260927/single_noise/r21vgg2k_vgg16_bn_aa5_s42/faces_cfdWM64/objects/results.csv,UU
bin5,VGG2k / bin5,r21vgg2k_vgg16_bn_aa5_s42,face_transfer,124,single_uu,CFD WM64,Objects,0.36,,50,within_sampled_range,UU,136,91.66666666666666,runs/yin_latest_vgg_20260927/single_noise/r21vgg2k_vgg16_bn_aa5_s42/faces_cfdWM64/objects/results.csv,UU
bin5,VGG2k / bin5,r21vgg2k_vgg16_bn_aa5_s42,face_transfer,124,single_uu,CFD WM64,Objects,0.36,,50,within_sampled_range,UU,137,95.83333333333334,runs/yin_latest_vgg_20260927/single_noise/r21vgg2k_vgg16_bn_aa5_s42/faces_cfdWM64/objects/results.csv,UU
bin5,VGG2k / bin5,r21vgg2k_vgg16_bn_aa5_s42,face_transfer,124,single_uu,CFD WM64,Objects,0.36,,50,within_sampled_range,UU,138,100.0,runs/yin_latest_vgg_20260927/single_noise/r21vgg2k_vgg16_bn_aa5_s42/faces_cfdWM64/objects/results.csv,UU
bin5,VGG2k / bin5,r21vgg2k_vgg16_bn_aa5_s42,face_transfer,124,single_uu,CFD WM64,Objects,0.36,,50,within_sampled_range,UU,139,91.66666666666666,runs/yin_latest_vgg_20260927/single_noise/r21vgg2k_vgg16_bn_aa5_s42/faces_cfdWM64/objects/results.csv,UU
bin5,VGG2k / bin5,r21vgg2k_vgg16_bn_aa5_s42,face_transfer,124,single_uu,CFD WM64,Objects,0.36,,50,within_sampled_range,UU,140,95.83333333333334,runs/yin_latest_vgg_20260927/single_noise/r21vgg2k_vgg16_bn_aa5_s42/faces_cfdWM64/objects/results.csv,UU
bin5,VGG2k / bin5,r21vgg2k_vgg16_bn_aa5_s42,face_transfer,124,single_uu,CFD WM64,Objects,0.36,,50,within_sampled_range,UU,141,95.83333333333334,runs/yin_latest_vgg_20260927/single_noise/r21vgg2k_vgg16_bn_aa5_s42/faces_cfdWM64/objects/results.csv,UU
bin5,VGG2k / bin5,r21vgg2k_vgg16_bn_aa5_s42,face_transfer,124,single_uu,CFD WM64,Objects,0.36,,50,within_sampled_range,UU,142,100.0,runs/yin_latest_vgg_20260927/single_noise/r21vgg2k_vgg16_bn_aa5_s42/faces_cfdWM64/objects/results.csv,UU
bin5,VGG2k / bin5,r21vgg2k_vgg16_bn_aa5_s42,face_transfer,124,single_uu,CFD WM64,Objects,0.36,,50,within_sampled_range,UU,143,91.66666666666666,runs/yin_latest_vgg_20260927/single_noise/r21vgg2k_vgg16_bn_aa5_s42/faces_cfdWM64/objects/results.csv,UU
bin5,VGG2k / bin5,r21vgg2k_vgg16_bn_aa5_s42,face_transfer,124,single_uu,CFD WM64,Objects,0.36,,50,within_sampled_range,UU,144,100.0,runs/yin_latest_vgg_20260927/single_noise/r21vgg2k_vgg16_bn_aa5_s42/faces_cfdWM64/objects/results.csv,UU
bin5,VGG2k / bin5,r21vgg2k_vgg16_bn_aa5_s42,face_transfer,124,single_uu,CFD WM64,Objects,0.36,,50,within_sampled_range,UU,145,100.0,runs/yin_latest_vgg_20260927/single_noise/r21vgg2k_vgg16_bn_aa5_s42/faces_cfdWM64/objects/results.csv,UU
bin5,VGG2k / bin5,r21vgg2k_vgg16_bn_aa5_s42,face_transfer,124,single_uu,CFD WM64,Objects,0.36,,50,within_sampled_range,UU,146,100.0,runs/yin_latest_vgg_20260927/single_noise/r21vgg2k_vgg16_bn_aa5_s42/faces_cfdWM64/objects/results.csv,UU
bin5,VGG2k / bin5,r21vgg2k_vgg16_bn_aa5_s42,face_transfer,124,single_uu,CFD WM64,Objects,0.36,,50,within_sampled_range,UU,147,95.83333333333334,runs/yin_latest_vgg_20260927/single_noise/r21vgg2k_vgg16_bn_aa5_s42/faces_cfdWM64/objects/results.csv,UU
bin5,VGG2k / bin5,r21vgg2k_vgg16_bn_aa5_s42,face_transfer,124,single_uu,CFD WM64,Objects,0.36,,50,within_sampled_range,UU,148,100.0,runs/yin_latest_vgg_20260927/single_noise/r21vgg2k_vgg16_bn_aa5_s42/faces_cfdWM64/objects/results.csv,UU
bin5,VGG2k / bin5,r21vgg2k_vgg16_bn_aa5_s42,face_transfer,124,single_uu,CFD WM64,Objects,0.36,,50,within_sampled_range,UU,149,91.66666666666666,runs/yin_latest_vgg_20260927/single_noise/r21vgg2k_vgg16_bn_aa5_s42/faces_cfdWM64/objects/results.csv,UU
bin5,VGG2k / bin5,r21vgg2k_vgg16_bn_aa5_s42,face_transfer,124,single_uu,CFD WM64,Objects,0.36,,50,within_sampled_range,UU,150,100.0,runs/yin_latest_vgg_20260927/single_noise/r21vgg2k_vgg16_bn_aa5_s42/faces_cfdWM64/objects/results.csv,UU
bin5,VGG2k / bin5,r21vgg2k_vgg16_bn_aa5_s42,face_transfer,124,single_uu,CFD WM64,Objects,0.36,,50,within_sampled_range,II,101,87.5,runs/yin_latest_vgg_20260927/single_noise/r21vgg2k_vgg16_bn_aa5_s42/faces_cfdWM64/objects/results.csv,II
bin5,VGG2k / bin5,r21vgg2k_vgg16_bn_aa5_s42,face_transfer,124,single_uu,CFD WM64,Objects,0.36,,50,within_sampled_range,II,102,95.83333333333334,runs/yin_latest_vgg_20260927/single_noise/r21vgg2k_vgg16_bn_aa5_s42/faces_cfdWM64/objects/results.csv,II
bin5,VGG2k / bin5,r21vgg2k_vgg16_bn_aa5_s42,face_transfer,124,single_uu,CFD WM64,Objects,0.36,,50,within_sampled_range,II,103,91.66666666666666,runs/yin_latest_vgg_20260927/single_noise/r21vgg2k_vgg16_bn_aa5_s42/faces_cfdWM64/objects/results.csv,II
bin5,VGG2k / bin5,r21vgg2k_vgg16_bn_aa5_s42,face_transfer,124,single_uu,CFD WM64,Objects,0.36,,50,within_sampled_range,II,104,95.83333333333334,runs/yin_latest_vgg_20260927/single_noise/r21vgg2k_vgg16_bn_aa5_s42/faces_cfdWM64/objects/results.csv,II
bin5,VGG2k / bin5,r21vgg2k_vgg16_bn_aa5_s42,face_transfer,124,single_uu,CFD WM64,Objects,0.36,,50,within_sampled_range,II,105,91.66666666666666,runs/yin_latest_vgg_20260927/single_noise/r21vgg2k_vgg16_bn_aa5_s42/faces_cfdWM64/objects/results.csv,II
bin5,VGG2k / bin5,r21vgg2k_vgg16_bn_aa5_s42,face_transfer,124,single_uu,CFD WM64,Objects,0.36,,50,within_sampled_range,II,106,91.66666666666666,runs/yin_latest_vgg_20260927/single_noise/r21vgg2k_vgg16_bn_aa5_s42/faces_cfdWM64/objects/results.csv,II
bin5,VGG2k / bin5,r21vgg2k_vgg16_bn_aa5_s42,face_transfer,124,single_uu,CFD WM64,Objects,0.36,,50,within_sampled_range,II,107,91.66666666666666,runs/yin_latest_vgg_20260927/single_noise/r21vgg2k_vgg16_bn_aa5_s42/faces_cfdWM64/objects/results.csv,II
bin5,VGG2k / bin5,r21vgg2k_vgg16_bn_aa5_s42,face_transfer,124,single_uu,CFD WM64,Objects,0.36,,50,within_sampled_range,II,108,91.66666666666666,runs/yin_latest_vgg_20260927/single_noise/r21vgg2k_vgg16_bn_aa5_s42/faces_cfdWM64/objects/results.csv,II
bin5,VGG2k / bin5,r21vgg2k_vgg16_bn_aa5_s42,face_transfer,124,single_uu,CFD WM64,Objects,0.36,,50,within_sampled_range,II,109,87.5,runs/yin_latest_vgg_20260927/single_noise/r21vgg2k_vgg16_bn_aa5_s42/faces_cfdWM64/objects/results.csv,II
bin5,VGG2k / bin5,r21vgg2k_vgg16_bn_aa5_s42,face_transfer,124,single_uu,CFD WM64,Objects,0.36,,50,within_sampled_range,II,110,91.66666666666666,runs/yin_latest_vgg_20260927/single_noise/r21vgg2k_vgg16_bn_aa5_s42/faces_cfdWM64/objects/results.csv,II
bin5,VGG2k / bin5,r21vgg2k_vgg16_bn_aa5_s42,face_transfer,124,single_uu,CFD WM64,Objects,0.36,,50,within_sampled_range,II,111,91.66666666666666,runs/yin_latest_vgg_20260927/single_noise/r21vgg2k_vgg16_bn_aa5_s42/faces_cfdWM64/objects/results.csv,II
bin5,VGG2k / bin5,r21vgg2k_vgg16_bn_aa5_s42,face_transfer,124,single_uu,CFD WM64,Objects,0.36,,50,within_sampled_range,II,112,91.66666666666666,runs/yin_latest_vgg_20260927/single_noise/r21vgg2k_vgg16_bn_aa5_s42/faces_cfdWM64/objects/results.csv,II
bin5,VGG2k / bin5,r21vgg2k_vgg16_bn_aa5_s42,face_transfer,124,single_uu,CFD WM64,Objects,0.36,,50,within_sampled_range,II,113,91.66666666666666,runs/yin_latest_vgg_20260927/single_noise/r21vgg2k_vgg16_bn_aa5_s42/faces_cfdWM64/objects/results.csv,II
bin5,VGG2k / bin5,r21vgg2k_vgg16_bn_aa5_s42,face_transfer,124,single_uu,CFD WM64,Objects,0.36,,50,within_sampled_range,II,114,100.0,runs/yin_latest_vgg_20260927/single_noise/r21vgg2k_vgg16_bn_aa5_s42/faces_cfdWM64/objects/results.csv,II
bin5,VGG2k / bin5,r21vgg2k_vgg16_bn_aa5_s42,face_transfer,124,single_uu,CFD WM64,Objects,0.36,,50,within_sampled_range,II,115,100.0,runs/yin_latest_vgg_20260927/single_noise/r21vgg2k_vgg16_bn_aa5_s42/faces_cfdWM64/objects/results.csv,II
bin5,VGG2k / bin5,r21vgg2k_vgg16_bn_aa5_s42,face_transfer,124,single_uu,CFD WM64,Objects,0.36,,50,within_sampled_range,II,116,95.83333333333334,runs/yin_latest_vgg_20260927/single_noise/r21vgg2k_vgg16_bn_aa5_s42/faces_cfdWM64/objects/results.csv,II
bin5,VGG2k / bin5,r21vgg2k_vgg16_bn_aa5_s42,face_transfer,124,single_uu,CFD WM64,Objects,0.36,,50,within_sampled_range,II,117,91.66666666666666,runs/yin_latest_vgg_20260927/single_noise/r21vgg2k_vgg16_bn_aa5_s42/faces_cfdWM64/objects/results.csv,II
bin5,VGG2k / bin5,r21vgg2k_vgg16_bn_aa5_s42,face_transfer,124,single_uu,CFD WM64,Objects,0.36,,50,within_sampled_range,II,118,95.83333333333334,runs/yin_latest_vgg_20260927/single_noise/r21vgg2k_vgg16_bn_aa5_s42/faces_cfdWM64/objects/results.csv,II
bin5,VGG2k / bin5,r21vgg2k_vgg16_bn_aa5_s42,face_transfer,124,single_uu,CFD WM64,Objects,0.36,,50,within_sampled_range,II,119,95.83333333333334,runs/yin_latest_vgg_20260927/single_noise/r21vgg2k_vgg16_bn_aa5_s42/faces_cfdWM64/objects/results.csv,II
bin5,VGG2k / bin5,r21vgg2k_vgg16_bn_aa5_s42,face_transfer,124,single_uu,CFD WM64,Objects,0.36,,50,within_sampled_range,II,120,83.33333333333334,runs/yin_latest_vgg_20260927/single_noise/r21vgg2k_vgg16_bn_aa5_s42/faces_cfdWM64/objects/results.csv,II
bin5,VGG2k / bin5,r21vgg2k_vgg16_bn_aa5_s42,face_transfer,124,single_uu,CFD WM64,Objects,0.36,,50,within_sampled_range,II,121,87.5,runs/yin_latest_vgg_20260927/single_noise/r21vgg2k_vgg16_bn_aa5_s42/faces_cfdWM64/objects/results.csv,II
bin5,VGG2k / bin5,r21vgg2k_vgg16_bn_aa5_s42,face_transfer,124,single_uu,CFD WM64,Objects,0.36,,50,within_sampled_range,II,122,91.66666666666666,runs/yin_latest_vgg_20260927/single_noise/r21vgg2k_vgg16_bn_aa5_s42/faces_cfdWM64/objects/results.csv,II
bin5,VGG2k / bin5,r21vgg2k_vgg16_bn_aa5_s42,face_transfer,124,single_uu,CFD WM64,Objects,0.36,,50,within_sampled_range,II,123,91.66666666666666,runs/yin_latest_vgg_20260927/single_noise/r21vgg2k_vgg16_bn_aa5_s42/faces_cfdWM64/objects/results.csv,II
bin5,VGG2k / bin5,r21vgg2k_vgg16_bn_aa5_s42,face_transfer,124,single_uu,CFD WM64,Objects,0.36,,50,within_sampled_range,II,124,87.5,runs/yin_latest_vgg_20260927/single_noise/r21vgg2k_vgg16_bn_aa5_s42/faces_cfdWM64/objects/results.csv,II
bin5,VGG2k / bin5,r21vgg2k_vgg16_bn_aa5_s42,face_transfer,124,single_uu,CFD WM64,Objects,0.36,,50,within_sampled_range,II,125,95.83333333333334,runs/yin_latest_vgg_20260927/single_noise/r21vgg2k_vgg16_bn_aa5_s42/faces_cfdWM64/objects/results.csv,II
bin5,VGG2k / bin5,r21vgg2k_vgg16_bn_aa5_s42,face_transfer,124,single_uu,CFD WM64,Objects,0.36,,50,within_sampled_range,II,126,95.83333333333334,runs/yin_latest_vgg_20260927/single_noise/r21vgg2k_vgg16_bn_aa5_s42/faces_cfdWM64/objects/results.csv,II
bin5,VGG2k / bin5,r21vgg2k_vgg16_bn_aa5_s42,face_transfer,124,single_uu,CFD WM64,Objects,0.36,,50,within_sampled_range,II,127,95.83333333333334,runs/yin_latest_vgg_20260927/single_noise/r21vgg2k_vgg16_bn_aa5_s42/faces_cfdWM64/objects/results.csv,II
bin5,VGG2k / bin5,r21vgg2k_vgg16_bn_aa5_s42,face_transfer,124,single_uu,CFD WM64,Objects,0.36,,50,within_sampled_range,II,128,91.66666666666666,runs/yin_latest_vgg_20260927/single_noise/r21vgg2k_vgg16_bn_aa5_s42/faces_cfdWM64/objects/results.csv,II
bin5,VGG2k / bin5,r21vgg2k_vgg16_bn_aa5_s42,face_transfer,124,single_uu,CFD WM64,Objects,0.36,,50,within_sampled_range,II,129,100.0,runs/yin_latest_vgg_20260927/single_noise/r21vgg2k_vgg16_bn_aa5_s42/faces_cfdWM64/objects/results.csv,II
bin5,VGG2k / bin5,r21vgg2k_vgg16_bn_aa5_s42,face_transfer,124,single_uu,CFD WM64,Objects,0.36,,50,within_sampled_range,II,130,100.0,runs/yin_latest_vgg_20260927/single_noise/r21vgg2k_vgg16_bn_aa5_s42/faces_cfdWM64/objects/results.csv,II
bin5,VGG2k / bin5,r21vgg2k_vgg16_bn_aa5_s42,face_transfer,124,single_uu,CFD WM64,Objects,0.36,,50,within_sampled_range,II,131,95.83333333333334,runs/yin_latest_vgg_20260927/single_noise/r21vgg2k_vgg16_bn_aa5_s42/faces_cfdWM64/objects/results.csv,II
bin5,VGG2k / bin5,r21vgg2k_vgg16_bn_aa5_s42,face_transfer,124,single_uu,CFD WM64,Objects,0.36,,50,within_sampled_range,II,132,91.66666666666666,runs/yin_latest_vgg_20260927/single_noise/r21vgg2k_vgg16_bn_aa5_s42/faces_cfdWM64/objects/results.csv,II
bin5,VGG2k / bin5,r21vgg2k_vgg16_bn_aa5_s42,face_transfer,124,single_uu,CFD WM64,Objects,0.36,,50,within_sampled_range,II,133,91.66666666666666,runs/yin_latest_vgg_20260927/single_noise/r21vgg2k_vgg16_bn_aa5_s42/faces_cfdWM64/objects/results.csv,II
bin5,VGG2k / bin5,r21vgg2k_vgg16_bn_aa5_s42,face_transfer,124,single_uu,CFD WM64,Objects,0.36,,50,within_sampled_range,II,134,83.33333333333334,runs/yin_latest_vgg_20260927/single_noise/r21vgg2k_vgg16_bn_aa5_s42/faces_cfdWM64/objects/results.csv,II
bin5,VGG2k / bin5,r21vgg2k_vgg16_bn_aa5_s42,face_transfer,124,single_uu,CFD WM64,Objects,0.36,,50,within_sampled_range,II,135,87.5,runs/yin_latest_vgg_20260927/single_noise/r21vgg2k_vgg16_bn_aa5_s42/faces_cfdWM64/objects/results.csv,II
bin5,VGG2k / bin5,r21vgg2k_vgg16_bn_aa5_s42,face_transfer,124,single_uu,CFD WM64,Objects,0.36,,50,within_sampled_range,II,136,87.5,runs/yin_latest_vgg_20260927/single_noise/r21vgg2k_vgg16_bn_aa5_s42/faces_cfdWM64/objects/results.csv,II
bin5,VGG2k / bin5,r21vgg2k_vgg16_bn_aa5_s42,face_transfer,124,single_uu,CFD WM64,Objects,0.36,,50,within_sampled_range,II,137,91.66666666666666,runs/yin_latest_vgg_20260927/single_noise/r21vgg2k_vgg16_bn_aa5_s42/faces_cfdWM64/objects/results.csv,II
bin5,VGG2k / bin5,r21vgg2k_vgg16_bn_aa5_s42,face_transfer,124,single_uu,CFD WM64,Objects,0.36,,50,within_sampled_range,II,138,83.33333333333334,runs/yin_latest_vgg_20260927/single_noise/r21vgg2k_vgg16_bn_aa5_s42/faces_cfdWM64/objects/results.csv,II
bin5,VGG2k / bin5,r21vgg2k_vgg16_bn_aa5_s42,face_transfer,124,single_uu,CFD WM64,Objects,0.36,,50,within_sampled_range,II,139,87.5,runs/yin_latest_vgg_20260927/single_noise/r21vgg2k_vgg16_bn_aa5_s42/faces_cfdWM64/objects/results.csv,II
bin5,VGG2k / bin5,r21vgg2k_vgg16_bn_aa5_s42,face_transfer,124,single_uu,CFD WM64,Objects,0.36,,50,within_sampled_range,II,140,95.83333333333334,runs/yin_latest_vgg_20260927/single_noise/r21vgg2k_vgg16_bn_aa5_s42/faces_cfdWM64/objects/results.csv,II
bin5,VGG2k / bin5,r21vgg2k_vgg16_bn_aa5_s42,face_transfer,124,single_uu,CFD WM64,Objects,0.36,,50,within_sampled_range,II,141,87.5,runs/yin_latest_vgg_20260927/single_noise/r21vgg2k_vgg16_bn_aa5_s42/faces_cfdWM64/objects/results.csv,II
bin5,VGG2k / bin5,r21vgg2k_vgg16_bn_aa5_s42,face_transfer,124,single_uu,CFD WM64,Objects,0.36,,50,within_sampled_range,II,142,95.83333333333334,runs/yin_latest_vgg_20260927/single_noise/r21vgg2k_vgg16_bn_aa5_s42/faces_cfdWM64/objects/results.csv,II
bin5,VGG2k / bin5,r21vgg2k_vgg16_bn_aa5_s42,face_transfer,124,single_uu,CFD WM64,Objects,0.36,,50,within_sampled_range,II,143,87.5,runs/yin_latest_vgg_20260927/single_noise/r21vgg2k_vgg16_bn_aa5_s42/faces_cfdWM64/objects/results.csv,II
bin5,VGG2k / bin5,r21vgg2k_vgg16_bn_aa5_s42,face_transfer,124,single_uu,CFD WM64,Objects,0.36,,50,within_sampled_range,II,144,95.83333333333334,runs/yin_latest_vgg_20260927/single_noise/r21vgg2k_vgg16_bn_aa5_s42/faces_cfdWM64/objects/results.csv,II
bin5,VGG2k / bin5,r21vgg2k_vgg16_bn_aa5_s42,face_transfer,124,single_uu,CFD WM64,Objects,0.36,,50,within_sampled_range,II,145,95.83333333333334,runs/yin_latest_vgg_20260927/single_noise/r21vgg2k_vgg16_bn_aa5_s42/faces_cfdWM64/objects/results.csv,II
bin5,VGG2k / bin5,r21vgg2k_vgg16_bn_aa5_s42,face_transfer,124,single_uu,CFD WM64,Objects,0.36,,50,within_sampled_range,II,146,100.0,runs/yin_latest_vgg_20260927/single_noise/r21vgg2k_vgg16_bn_aa5_s42/faces_cfdWM64/objects/results.csv,II
bin5,VGG2k / bin5,r21vgg2k_vgg16_bn_aa5_s42,face_transfer,124,single_uu,CFD WM64,Objects,0.36,,50,within_sampled_range,II,147,100.0,runs/yin_latest_vgg_20260927/single_noise/r21vgg2k_vgg16_bn_aa5_s42/faces_cfdWM64/objects/results.csv,II
bin5,VGG2k / bin5,r21vgg2k_vgg16_bn_aa5_s42,face_transfer,124,single_uu,CFD WM64,Objects,0.36,,50,within_sampled_range,II,148,83.33333333333334,runs/yin_latest_vgg_20260927/single_noise/r21vgg2k_vgg16_bn_aa5_s42/faces_cfdWM64/objects/results.csv,II
bin5,VGG2k / bin5,r21vgg2k_vgg16_bn_aa5_s42,face_transfer,124,single_uu,CFD WM64,Objects,0.36,,50,within_sampled_range,II,149,91.66666666666666,runs/yin_latest_vgg_20260927/single_noise/r21vgg2k_vgg16_bn_aa5_s42/faces_cfdWM64/objects/results.csv,II
bin5,VGG2k / bin5,r21vgg2k_vgg16_bn_aa5_s42,face_transfer,124,single_uu,CFD WM64,Objects,0.36,,50,within_sampled_range,II,150,95.83333333333334,runs/yin_latest_vgg_20260927/single_noise/r21vgg2k_vgg16_bn_aa5_s42/faces_cfdWM64/objects/results.csv,II
bin5,VGG2k / bin5,r21vgg2k_vgg16_bn_aa5_s42,face_transfer,124,single_uu,CFD WM64,Objects,0.36,,50,within_sampled_range,UI,101,91.66666666666666,runs/yin_latest_vgg_20260927/single_noise/r21vgg2k_vgg16_bn_aa5_s42/faces_cfdWM64/objects/results.csv,UI
bin5,VGG2k / bin5,r21vgg2k_vgg16_bn_aa5_s42,face_transfer,124,single_uu,CFD WM64,Objects,0.36,,50,within_sampled_range,UI,102,87.5,runs/yin_latest_vgg_20260927/single_noise/r21vgg2k_vgg16_bn_aa5_s42/faces_cfdWM64/objects/results.csv,UI
bin5,VGG2k / bin5,r21vgg2k_vgg16_bn_aa5_s42,face_transfer,124,single_uu,CFD WM64,Objects,0.36,,50,within_sampled_range,UI,103,87.5,runs/yin_latest_vgg_20260927/single_noise/r21vgg2k_vgg16_bn_aa5_s42/faces_cfdWM64/objects/results.csv,UI
bin5,VGG2k / bin5,r21vgg2k_vgg16_bn_aa5_s42,face_transfer,124,single_uu,CFD WM64,Objects,0.36,,50,within_sampled_range,UI,104,95.83333333333334,runs/yin_latest_vgg_20260927/single_noise/r21vgg2k_vgg16_bn_aa5_s42/faces_cfdWM64/objects/results.csv,UI
bin5,VGG2k / bin5,r21vgg2k_vgg16_bn_aa5_s42,face_transfer,124,single_uu,CFD WM64,Objects,0.36,,50,within_sampled_range,UI,105,75.0,runs/yin_latest_vgg_20260927/single_noise/r21vgg2k_vgg16_bn_aa5_s42/faces_cfdWM64/objects/results.csv,UI
bin5,VGG2k / bin5,r21vgg2k_vgg16_bn_aa5_s42,face_transfer,124,single_uu,CFD WM64,Objects,0.36,,50,within_sampled_range,UI,106,91.66666666666666,runs/yin_latest_vgg_20260927/single_noise/r21vgg2k_vgg16_bn_aa5_s42/faces_cfdWM64/objects/results.csv,UI
bin5,VGG2k / bin5,r21vgg2k_vgg16_bn_aa5_s42,face_transfer,124,single_uu,CFD WM64,Objects,0.36,,50,within_sampled_range,UI,107,91.66666666666666,runs/yin_latest_vgg_20260927/single_noise/r21vgg2k_vgg16_bn_aa5_s42/faces_cfdWM64/objects/results.csv,UI
bin5,VGG2k / bin5,r21vgg2k_vgg16_bn_aa5_s42,face_transfer,124,single_uu,CFD WM64,Objects,0.36,,50,within_sampled_range,UI,108,83.33333333333334,runs/yin_latest_vgg_20260927/single_noise/r21vgg2k_vgg16_bn_aa5_s42/faces_cfdWM64/objects/results.csv,UI
bin5,VGG2k / bin5,r21vgg2k_vgg16_bn_aa5_s42,face_transfer,124,single_uu,CFD WM64,Objects,0.36,,50,within_sampled_range,UI,109,91.66666666666666,runs/yin_latest_vgg_20260927/single_noise/r21vgg2k_vgg16_bn_aa5_s42/faces_cfdWM64/objects/results.csv,UI
bin5,VGG2k / bin5,r21vgg2k_vgg16_bn_aa5_s42,face_transfer,124,single_uu,CFD WM64,Objects,0.36,,50,within_sampled_range,UI,110,79.16666666666666,runs/yin_latest_vgg_20260927/single_noise/r21vgg2k_vgg16_bn_aa5_s42/faces_cfdWM64/objects/results.csv,UI
bin5,VGG2k / bin5,r21vgg2k_vgg16_bn_aa5_s42,face_transfer,124,single_uu,CFD WM64,Objects,0.36,,50,within_sampled_range,UI,111,87.5,runs/yin_latest_vgg_20260927/single_noise/r21vgg2k_vgg16_bn_aa5_s42/faces_cfdWM64/objects/results.csv,UI
bin5,VGG2k / bin5,r21vgg2k_vgg16_bn_aa5_s42,face_transfer,124,single_uu,CFD WM64,Objects,0.36,,50,within_sampled_range,UI,112,91.66666666666666,runs/yin_latest_vgg_20260927/single_noise/r21vgg2k_vgg16_bn_aa5_s42/faces_cfdWM64/objects/results.csv,UI
bin5,VGG2k / bin5,r21vgg2k_vgg16_bn_aa5_s42,face_transfer,124,single_uu,CFD WM64,Objects,0.36,,50,within_sampled_range,UI,113,91.66666666666666,runs/yin_latest_vgg_20260927/single_noise/r21vgg2k_vgg16_bn_aa5_s42/faces_cfdWM64/objects/results.csv,UI
bin5,VGG2k / bin5,r21vgg2k_vgg16_bn_aa5_s42,face_transfer,124,single_uu,CFD WM64,Objects,0.36,,50,within_sampled_range,UI,114,95.83333333333334,runs/yin_latest_vgg_20260927/single_noise/r21vgg2k_vgg16_bn_aa5_s42/faces_cfdWM64/objects/results.csv,UI
bin5,VGG2k / bin5,r21vgg2k_vgg16_bn_aa5_s42,face_transfer,124,single_uu,CFD WM64,Objects,0.36,,50,within_sampled_range,UI,115,95.83333333333334,runs/yin_latest_vgg_20260927/single_noise/r21vgg2k_vgg16_bn_aa5_s42/faces_cfdWM64/objects/results.csv,UI
bin5,VGG2k / bin5,r21vgg2k_vgg16_bn_aa5_s42,face_transfer,124,single_uu,CFD WM64,Objects,0.36,,50,within_sampled_range,UI,116,91.66666666666666,runs/yin_latest_vgg_20260927/single_noise/r21vgg2k_vgg16_bn_aa5_s42/faces_cfdWM64/objects/results.csv,UI
bin5,VGG2k / bin5,r21vgg2k_vgg16_bn_aa5_s42,face_transfer,124,single_uu,CFD WM64,Objects,0.36,,50,within_sampled_range,UI,117,95.83333333333334,runs/yin_latest_vgg_20260927/single_noise/r21vgg2k_vgg16_bn_aa5_s42/faces_cfdWM64/objects/results.csv,UI
bin5,VGG2k / bin5,r21vgg2k_vgg16_bn_aa5_s42,face_transfer,124,single_uu,CFD WM64,Objects,0.36,,50,within_sampled_range,UI,118,95.83333333333334,runs/yin_latest_vgg_20260927/single_noise/r21vgg2k_vgg16_bn_aa5_s42/faces_cfdWM64/objects/results.csv,UI
bin5,VGG2k / bin5,r21vgg2k_vgg16_bn_aa5_s42,face_transfer,124,single_uu,CFD WM64,Objects,0.36,,50,within_sampled_range,UI,119,95.83333333333334,runs/yin_latest_vgg_20260927/single_noise/r21vgg2k_vgg16_bn_aa5_s42/faces_cfdWM64/objects/results.csv,UI
bin5,VGG2k / bin5,r21vgg2k_vgg16_bn_aa5_s42,face_transfer,124,single_uu,CFD WM64,Objects,0.36,,50,within_sampled_range,UI,120,91.66666666666666,runs/yin_latest_vgg_20260927/single_noise/r21vgg2k_vgg16_bn_aa5_s42/faces_cfdWM64/objects/results.csv,UI
bin5,VGG2k / bin5,r21vgg2k_vgg16_bn_aa5_s42,face_transfer,124,single_uu,CFD WM64,Objects,0.36,,50,within_sampled_range,UI,121,83.33333333333334,runs/yin_latest_vgg_20260927/single_noise/r21vgg2k_vgg16_bn_aa5_s42/faces_cfdWM64/objects/results.csv,UI
bin5,VGG2k / bin5,r21vgg2k_vgg16_bn_aa5_s42,face_transfer,124,single_uu,CFD WM64,Objects,0.36,,50,within_sampled_range,UI,122,75.0,runs/yin_latest_vgg_20260927/single_noise/r21vgg2k_vgg16_bn_aa5_s42/faces_cfdWM64/objects/results.csv,UI
bin5,VGG2k / bin5,r21vgg2k_vgg16_bn_aa5_s42,face_transfer,124,single_uu,CFD WM64,Objects,0.36,,50,within_sampled_range,UI,123,79.16666666666666,runs/yin_latest_vgg_20260927/single_noise/r21vgg2k_vgg16_bn_aa5_s42/faces_cfdWM64/objects/results.csv,UI
bin5,VGG2k / bin5,r21vgg2k_vgg16_bn_aa5_s42,face_transfer,124,single_uu,CFD WM64,Objects,0.36,,50,within_sampled_range,UI,124,83.33333333333334,runs/yin_latest_vgg_20260927/single_noise/r21vgg2k_vgg16_bn_aa5_s42/faces_cfdWM64/objects/results.csv,UI
bin5,VGG2k / bin5,r21vgg2k_vgg16_bn_aa5_s42,face_transfer,124,single_uu,CFD WM64,Objects,0.36,,50,within_sampled_range,UI,125,100.0,runs/yin_latest_vgg_20260927/single_noise/r21vgg2k_vgg16_bn_aa5_s42/faces_cfdWM64/objects/results.csv,UI
bin5,VGG2k / bin5,r21vgg2k_vgg16_bn_aa5_s42,face_transfer,124,single_uu,CFD WM64,Objects,0.36,,50,within_sampled_range,UI,126,95.83333333333334,runs/yin_latest_vgg_20260927/single_noise/r21vgg2k_vgg16_bn_aa5_s42/faces_cfdWM64/objects/results.csv,UI
bin5,VGG2k / bin5,r21vgg2k_vgg16_bn_aa5_s42,face_transfer,124,single_uu,CFD WM64,Objects,0.36,,50,within_sampled_range,UI,127,91.66666666666666,runs/yin_latest_vgg_20260927/single_noise/r21vgg2k_vgg16_bn_aa5_s42/faces_cfdWM64/objects/results.csv,UI
bin5,VGG2k / bin5,r21vgg2k_vgg16_bn_aa5_s42,face_transfer,124,single_uu,CFD WM64,Objects,0.36,,50,within_sampled_range,UI,128,95.83333333333334,runs/yin_latest_vgg_20260927/single_noise/r21vgg2k_vgg16_bn_aa5_s42/faces_cfdWM64/objects/results.csv,UI
bin5,VGG2k / bin5,r21vgg2k_vgg16_bn_aa5_s42,face_transfer,124,single_uu,CFD WM64,Objects,0.36,,50,within_sampled_range,UI,129,100.0,runs/yin_latest_vgg_20260927/single_noise/r21vgg2k_vgg16_bn_aa5_s42/faces_cfdWM64/objects/results.csv,UI
bin5,VGG2k / bin5,r21vgg2k_vgg16_bn_aa5_s42,face_transfer,124,single_uu,CFD WM64,Objects,0.36,,50,within_sampled_range,UI,130,91.66666666666666,runs/yin_latest_vgg_20260927/single_noise/r21vgg2k_vgg16_bn_aa5_s42/faces_cfdWM64/objects/results.csv,UI
bin5,VGG2k / bin5,r21vgg2k_vgg16_bn_aa5_s42,face_transfer,124,single_uu,CFD WM64,Objects,0.36,,50,within_sampled_range,UI,131,91.66666666666666,runs/yin_latest_vgg_20260927/single_noise/r21vgg2k_vgg16_bn_aa5_s42/faces_cfdWM64/objects/results.csv,UI
bin5,VGG2k / bin5,r21vgg2k_vgg16_bn_aa5_s42,face_transfer,124,single_uu,CFD WM64,Objects,0.36,,50,within_sampled_range,UI,132,87.5,runs/yin_latest_vgg_20260927/single_noise/r21vgg2k_vgg16_bn_aa5_s42/faces_cfdWM64/objects/results.csv,UI
bin5,VGG2k / bin5,r21vgg2k_vgg16_bn_aa5_s42,face_transfer,124,single_uu,CFD WM64,Objects,0.36,,50,within_sampled_range,UI,133,100.0,runs/yin_latest_vgg_20260927/single_noise/r21vgg2k_vgg16_bn_aa5_s42/faces_cfdWM64/objects/results.csv,UI
bin5,VGG2k / bin5,r21vgg2k_vgg16_bn_aa5_s42,face_transfer,124,single_uu,CFD WM64,Objects,0.36,,50,within_sampled_range,UI,134,87.5,runs/yin_latest_vgg_20260927/single_noise/r21vgg2k_vgg16_bn_aa5_s42/faces_cfdWM64/objects/results.csv,UI
bin5,VGG2k / bin5,r21vgg2k_vgg16_bn_aa5_s42,face_transfer,124,single_uu,CFD WM64,Objects,0.36,,50,within_sampled_range,UI,135,87.5,runs/yin_latest_vgg_20260927/single_noise/r21vgg2k_vgg16_bn_aa5_s42/faces_cfdWM64/objects/results.csv,UI
bin5,VGG2k / bin5,r21vgg2k_vgg16_bn_aa5_s42,face_transfer,124,single_uu,CFD WM64,Objects,0.36,,50,within_sampled_range,UI,136,91.66666666666666,runs/yin_latest_vgg_20260927/single_noise/r21vgg2k_vgg16_bn_aa5_s42/faces_cfdWM64/objects/results.csv,UI
bin5,VGG2k / bin5,r21vgg2k_vgg16_bn_aa5_s42,face_transfer,124,single_uu,CFD WM64,Objects,0.36,,50,within_sampled_range,UI,137,91.66666666666666,runs/yin_latest_vgg_20260927/single_noise/r21vgg2k_vgg16_bn_aa5_s42/faces_cfdWM64/objects/results.csv,UI
bin5,VGG2k / bin5,r21vgg2k_vgg16_bn_aa5_s42,face_transfer,124,single_uu,CFD WM64,Objects,0.36,,50,within_sampled_range,UI,138,87.5,runs/yin_latest_vgg_20260927/single_noise/r21vgg2k_vgg16_bn_aa5_s42/faces_cfdWM64/objects/results.csv,UI
bin5,VGG2k / bin5,r21vgg2k_vgg16_bn_aa5_s42,face_transfer,124,single_uu,CFD WM64,Objects,0.36,,50,within_sampled_range,UI,139,83.33333333333334,runs/yin_latest_vgg_20260927/single_noise/r21vgg2k_vgg16_bn_aa5_s42/faces_cfdWM64/objects/results.csv,UI
bin5,VGG2k / bin5,r21vgg2k_vgg16_bn_aa5_s42,face_transfer,124,single_uu,CFD WM64,Objects,0.36,,50,within_sampled_range,UI,140,79.16666666666666,runs/yin_latest_vgg_20260927/single_noise/r21vgg2k_vgg16_bn_aa5_s42/faces_cfdWM64/objects/results.csv,UI
bin5,VGG2k / bin5,r21vgg2k_vgg16_bn_aa5_s42,face_transfer,124,single_uu,CFD WM64,Objects,0.36,,50,within_sampled_range,UI,141,83.33333333333334,runs/yin_latest_vgg_20260927/single_noise/r21vgg2k_vgg16_bn_aa5_s42/faces_cfdWM64/objects/results.csv,UI
bin5,VGG2k / bin5,r21vgg2k_vgg16_bn_aa5_s42,face_transfer,124,single_uu,CFD WM64,Objects,0.36,,50,within_sampled_range,UI,142,91.66666666666666,runs/yin_latest_vgg_20260927/single_noise/r21vgg2k_vgg16_bn_aa5_s42/faces_cfdWM64/objects/results.csv,UI
bin5,VGG2k / bin5,r21vgg2k_vgg16_bn_aa5_s42,face_transfer,124,single_uu,CFD WM64,Objects,0.36,,50,within_sampled_range,UI,143,87.5,runs/yin_latest_vgg_20260927/single_noise/r21vgg2k_vgg16_bn_aa5_s42/faces_cfdWM64/objects/results.csv,UI
bin5,VGG2k / bin5,r21vgg2k_vgg16_bn_aa5_s42,face_transfer,124,single_uu,CFD WM64,Objects,0.36,,50,within_sampled_range,UI,144,91.66666666666666,runs/yin_latest_vgg_20260927/single_noise/r21vgg2k_vgg16_bn_aa5_s42/faces_cfdWM64/objects/results.csv,UI
bin5,VGG2k / bin5,r21vgg2k_vgg16_bn_aa5_s42,face_transfer,124,single_uu,CFD WM64,Objects,0.36,,50,within_sampled_range,UI,145,87.5,runs/yin_latest_vgg_20260927/single_noise/r21vgg2k_vgg16_bn_aa5_s42/faces_cfdWM64/objects/results.csv,UI
bin5,VGG2k / bin5,r21vgg2k_vgg16_bn_aa5_s42,face_transfer,124,single_uu,CFD WM64,Objects,0.36,,50,within_sampled_range,UI,146,95.83333333333334,runs/yin_latest_vgg_20260927/single_noise/r21vgg2k_vgg16_bn_aa5_s42/faces_cfdWM64/objects/results.csv,UI
bin5,VGG2k / bin5,r21vgg2k_vgg16_bn_aa5_s42,face_transfer,124,single_uu,CFD WM64,Objects,0.36,,50,within_sampled_range,UI,147,95.83333333333334,runs/yin_latest_vgg_20260927/single_noise/r21vgg2k_vgg16_bn_aa5_s42/faces_cfdWM64/objects/results.csv,UI
bin5,VGG2k / bin5,r21vgg2k_vgg16_bn_aa5_s42,face_transfer,124,single_uu,CFD WM64,Objects,0.36,,50,within_sampled_range,UI,148,95.83333333333334,runs/yin_latest_vgg_20260927/single_noise/r21vgg2k_vgg16_bn_aa5_s42/faces_cfdWM64/objects/results.csv,UI
bin5,VGG2k / bin5,r21vgg2k_vgg16_bn_aa5_s42,face_transfer,124,single_uu,CFD WM64,Objects,0.36,,50,within_sampled_range,UI,149,91.66666666666666,runs/yin_latest_vgg_20260927/single_noise/r21vgg2k_vgg16_bn_aa5_s42/faces_cfdWM64/objects/results.csv,UI
bin5,VGG2k / bin5,r21vgg2k_vgg16_bn_aa5_s42,face_transfer,124,single_uu,CFD WM64,Objects,0.36,,50,within_sampled_range,UI,150,83.33333333333334,runs/yin_latest_vgg_20260927/single_noise/r21vgg2k_vgg16_bn_aa5_s42/faces_cfdWM64/objects/results.csv,UI
bin5,VGG2k / bin5,r21vgg2k_vgg16_bn_aa5_s42,face_transfer,124,single_uu,CFD WM64,Objects,0.36,,50,within_sampled_range,IU,101,91.66666666666666,runs/yin_latest_vgg_20260927/single_noise/r21vgg2k_vgg16_bn_aa5_s42/faces_cfdWM64/objects/results.csv,IU
bin5,VGG2k / bin5,r21vgg2k_vgg16_bn_aa5_s42,face_transfer,124,single_uu,CFD WM64,Objects,0.36,,50,within_sampled_range,IU,102,95.83333333333334,runs/yin_latest_vgg_20260927/single_noise/r21vgg2k_vgg16_bn_aa5_s42/faces_cfdWM64/objects/results.csv,IU
bin5,VGG2k / bin5,r21vgg2k_vgg16_bn_aa5_s42,face_transfer,124,single_uu,CFD WM64,Objects,0.36,,50,within_sampled_range,IU,103,91.66666666666666,runs/yin_latest_vgg_20260927/single_noise/r21vgg2k_vgg16_bn_aa5_s42/faces_cfdWM64/objects/results.csv,IU
bin5,VGG2k / bin5,r21vgg2k_vgg16_bn_aa5_s42,face_transfer,124,single_uu,CFD WM64,Objects,0.36,,50,within_sampled_range,IU,104,95.83333333333334,runs/yin_latest_vgg_20260927/single_noise/r21vgg2k_vgg16_bn_aa5_s42/faces_cfdWM64/objects/results.csv,IU
bin5,VGG2k / bin5,r21vgg2k_vgg16_bn_aa5_s42,face_transfer,124,single_uu,CFD WM64,Objects,0.36,,50,within_sampled_range,IU,105,87.5,runs/yin_latest_vgg_20260927/single_noise/r21vgg2k_vgg16_bn_aa5_s42/faces_cfdWM64/objects/results.csv,IU
bin5,VGG2k / bin5,r21vgg2k_vgg16_bn_aa5_s42,face_transfer,124,single_uu,CFD WM64,Objects,0.36,,50,within_sampled_range,IU,106,91.66666666666666,runs/yin_latest_vgg_20260927/single_noise/r21vgg2k_vgg16_bn_aa5_s42/faces_cfdWM64/objects/results.csv,IU
bin5,VGG2k / bin5,r21vgg2k_vgg16_bn_aa5_s42,face_transfer,124,single_uu,CFD WM64,Objects,0.36,,50,within_sampled_range,IU,107,87.5,runs/yin_latest_vgg_20260927/single_noise/r21vgg2k_vgg16_bn_aa5_s42/faces_cfdWM64/objects/results.csv,IU
bin5,VGG2k / bin5,r21vgg2k_vgg16_bn_aa5_s42,face_transfer,124,single_uu,CFD WM64,Objects,0.36,,50,within_sampled_range,IU,108,87.5,runs/yin_latest_vgg_20260927/single_noise/r21vgg2k_vgg16_bn_aa5_s42/faces_cfdWM64/objects/results.csv,IU
bin5,VGG2k / bin5,r21vgg2k_vgg16_bn_aa5_s42,face_transfer,124,single_uu,CFD WM64,Objects,0.36,,50,within_sampled_range,IU,109,91.66666666666666,runs/yin_latest_vgg_20260927/single_noise/r21vgg2k_vgg16_bn_aa5_s42/faces_cfdWM64/objects/results.csv,IU
bin5,VGG2k / bin5,r21vgg2k_vgg16_bn_aa5_s42,face_transfer,124,single_uu,CFD WM64,Objects,0.36,,50,within_sampled_range,IU,110,87.5,runs/yin_latest_vgg_20260927/single_noise/r21vgg2k_vgg16_bn_aa5_s42/faces_cfdWM64/objects/results.csv,IU
bin5,VGG2k / bin5,r21vgg2k_vgg16_bn_aa5_s42,face_transfer,124,single_uu,CFD WM64,Objects,0.36,,50,within_sampled_range,IU,111,87.5,runs/yin_latest_vgg_20260927/single_noise/r21vgg2k_vgg16_bn_aa5_s42/faces_cfdWM64/objects/results.csv,IU
bin5,VGG2k / bin5,r21vgg2k_vgg16_bn_aa5_s42,face_transfer,124,single_uu,CFD WM64,Objects,0.36,,50,within_sampled_range,IU,112,91.66666666666666,runs/yin_latest_vgg_20260927/single_noise/r21vgg2k_vgg16_bn_aa5_s42/faces_cfdWM64/objects/results.csv,IU
bin5,VGG2k / bin5,r21vgg2k_vgg16_bn_aa5_s42,face_transfer,124,single_uu,CFD WM64,Objects,0.36,,50,within_sampled_range,IU,113,91.66666666666666,runs/yin_latest_vgg_20260927/single_noise/r21vgg2k_vgg16_bn_aa5_s42/faces_cfdWM64/objects/results.csv,IU
bin5,VGG2k / bin5,r21vgg2k_vgg16_bn_aa5_s42,face_transfer,124,single_uu,CFD WM64,Objects,0.36,,50,within_sampled_range,IU,114,100.0,runs/yin_latest_vgg_20260927/single_noise/r21vgg2k_vgg16_bn_aa5_s42/faces_cfdWM64/objects/results.csv,IU
bin5,VGG2k / bin5,r21vgg2k_vgg16_bn_aa5_s42,face_transfer,124,single_uu,CFD WM64,Objects,0.36,,50,within_sampled_range,IU,115,95.83333333333334,runs/yin_latest_vgg_20260927/single_noise/r21vgg2k_vgg16_bn_aa5_s42/faces_cfdWM64/objects/results.csv,IU
bin5,VGG2k / bin5,r21vgg2k_vgg16_bn_aa5_s42,face_transfer,124,single_uu,CFD WM64,Objects,0.36,,50,within_sampled_range,IU,116,91.66666666666666,runs/yin_latest_vgg_20260927/single_noise/r21vgg2k_vgg16_bn_aa5_s42/faces_cfdWM64/objects/results.csv,IU
bin5,VGG2k / bin5,r21vgg2k_vgg16_bn_aa5_s42,face_transfer,124,single_uu,CFD WM64,Objects,0.36,,50,within_sampled_range,IU,117,91.66666666666666,runs/yin_latest_vgg_20260927/single_noise/r21vgg2k_vgg16_bn_aa5_s42/faces_cfdWM64/objects/results.csv,IU
bin5,VGG2k / bin5,r21vgg2k_vgg16_bn_aa5_s42,face_transfer,124,single_uu,CFD WM64,Objects,0.36,,50,within_sampled_range,IU,118,95.83333333333334,runs/yin_latest_vgg_20260927/single_noise/r21vgg2k_vgg16_bn_aa5_s42/faces_cfdWM64/objects/results.csv,IU
bin5,VGG2k / bin5,r21vgg2k_vgg16_bn_aa5_s42,face_transfer,124,single_uu,CFD WM64,Objects,0.36,,50,within_sampled_range,IU,119,100.0,runs/yin_latest_vgg_20260927/single_noise/r21vgg2k_vgg16_bn_aa5_s42/faces_cfdWM64/objects/results.csv,IU
bin5,VGG2k / bin5,r21vgg2k_vgg16_bn_aa5_s42,face_transfer,124,single_uu,CFD WM64,Objects,0.36,,50,within_sampled_range,IU,120,87.5,runs/yin_latest_vgg_20260927/single_noise/r21vgg2k_vgg16_bn_aa5_s42/faces_cfdWM64/objects/results.csv,IU
bin5,VGG2k / bin5,r21vgg2k_vgg16_bn_aa5_s42,face_transfer,124,single_uu,CFD WM64,Objects,0.36,,50,within_sampled_range,IU,121,95.83333333333334,runs/yin_latest_vgg_20260927/single_noise/r21vgg2k_vgg16_bn_aa5_s42/faces_cfdWM64/objects/results.csv,IU
bin5,VGG2k / bin5,r21vgg2k_vgg16_bn_aa5_s42,face_transfer,124,single_uu,CFD WM64,Objects,0.36,,50,within_sampled_range,IU,122,87.5,runs/yin_latest_vgg_20260927/single_noise/r21vgg2k_vgg16_bn_aa5_s42/faces_cfdWM64/objects/results.csv,IU
bin5,VGG2k / bin5,r21vgg2k_vgg16_bn_aa5_s42,face_transfer,124,single_uu,CFD WM64,Objects,0.36,,50,within_sampled_range,IU,123,91.66666666666666,runs/yin_latest_vgg_20260927/single_noise/r21vgg2k_vgg16_bn_aa5_s42/faces_cfdWM64/objects/results.csv,IU
bin5,VGG2k / bin5,r21vgg2k_vgg16_bn_aa5_s42,face_transfer,124,single_uu,CFD WM64,Objects,0.36,,50,within_sampled_range,IU,124,91.66666666666666,runs/yin_latest_vgg_20260927/single_noise/r21vgg2k_vgg16_bn_aa5_s42/faces_cfdWM64/objects/results.csv,IU
bin5,VGG2k / bin5,r21vgg2k_vgg16_bn_aa5_s42,face_transfer,124,single_uu,CFD WM64,Objects,0.36,,50,within_sampled_range,IU,125,91.66666666666666,runs/yin_latest_vgg_20260927/single_noise/r21vgg2k_vgg16_bn_aa5_s42/faces_cfdWM64/objects/results.csv,IU
bin5,VGG2k / bin5,r21vgg2k_vgg16_bn_aa5_s42,face_transfer,124,single_uu,CFD WM64,Objects,0.36,,50,within_sampled_range,IU,126,95.83333333333334,runs/yin_latest_vgg_20260927/single_noise/r21vgg2k_vgg16_bn_aa5_s42/faces_cfdWM64/objects/results.csv,IU
bin5,VGG2k / bin5,r21vgg2k_vgg16_bn_aa5_s42,face_transfer,124,single_uu,CFD WM64,Objects,0.36,,50,within_sampled_range,IU,127,100.0,runs/yin_latest_vgg_20260927/single_noise/r21vgg2k_vgg16_bn_aa5_s42/faces_cfdWM64/objects/results.csv,IU
bin5,VGG2k / bin5,r21vgg2k_vgg16_bn_aa5_s42,face_transfer,124,single_uu,CFD WM64,Objects,0.36,,50,within_sampled_range,IU,128,95.83333333333334,runs/yin_latest_vgg_20260927/single_noise/r21vgg2k_vgg16_bn_aa5_s42/faces_cfdWM64/objects/results.csv,IU
bin5,VGG2k / bin5,r21vgg2k_vgg16_bn_aa5_s42,face_transfer,124,single_uu,CFD WM64,Objects,0.36,,50,within_sampled_range,IU,129,100.0,runs/yin_latest_vgg_20260927/single_noise/r21vgg2k_vgg16_bn_aa5_s42/faces_cfdWM64/objects/results.csv,IU
bin5,VGG2k / bin5,r21vgg2k_vgg16_bn_aa5_s42,face_transfer,124,single_uu,CFD WM64,Objects,0.36,,50,within_sampled_range,IU,130,100.0,runs/yin_latest_vgg_20260927/single_noise/r21vgg2k_vgg16_bn_aa5_s42/faces_cfdWM64/objects/results.csv,IU
bin5,VGG2k / bin5,r21vgg2k_vgg16_bn_aa5_s42,face_transfer,124,single_uu,CFD WM64,Objects,0.36,,50,within_sampled_range,IU,131,91.66666666666666,runs/yin_latest_vgg_20260927/single_noise/r21vgg2k_vgg16_bn_aa5_s42/faces_cfdWM64/objects/results.csv,IU
bin5,VGG2k / bin5,r21vgg2k_vgg16_bn_aa5_s42,face_transfer,124,single_uu,CFD WM64,Objects,0.36,,50,within_sampled_range,IU,132,95.83333333333334,runs/yin_latest_vgg_20260927/single_noise/r21vgg2k_vgg16_bn_aa5_s42/faces_cfdWM64/objects/results.csv,IU
bin5,VGG2k / bin5,r21vgg2k_vgg16_bn_aa5_s42,face_transfer,124,single_uu,CFD WM64,Objects,0.36,,50,within_sampled_range,IU,133,87.5,runs/yin_latest_vgg_20260927/single_noise/r21vgg2k_vgg16_bn_aa5_s42/faces_cfdWM64/objects/results.csv,IU
bin5,VGG2k / bin5,r21vgg2k_vgg16_bn_aa5_s42,face_transfer,124,single_uu,CFD WM64,Objects,0.36,,50,within_sampled_range,IU,134,87.5,runs/yin_latest_vgg_20260927/single_noise/r21vgg2k_vgg16_bn_aa5_s42/faces_cfdWM64/objects/results.csv,IU
bin5,VGG2k / bin5,r21vgg2k_vgg16_bn_aa5_s42,face_transfer,124,single_uu,CFD WM64,Objects,0.36,,50,within_sampled_range,IU,135,91.66666666666666,runs/yin_latest_vgg_20260927/single_noise/r21vgg2k_vgg16_bn_aa5_s42/faces_cfdWM64/objects/results.csv,IU
bin5,VGG2k / bin5,r21vgg2k_vgg16_bn_aa5_s42,face_transfer,124,single_uu,CFD WM64,Objects,0.36,,50,within_sampled_range,IU,136,100.0,runs/yin_latest_vgg_20260927/single_noise/r21vgg2k_vgg16_bn_aa5_s42/faces_cfdWM64/objects/results.csv,IU
bin5,VGG2k / bin5,r21vgg2k_vgg16_bn_aa5_s42,face_transfer,124,single_uu,CFD WM64,Objects,0.36,,50,within_sampled_range,IU,137,100.0,runs/yin_latest_vgg_20260927/single_noise/r21vgg2k_vgg16_bn_aa5_s42/faces_cfdWM64/objects/results.csv,IU
bin5,VGG2k / bin5,r21vgg2k_vgg16_bn_aa5_s42,face_transfer,124,single_uu,CFD WM64,Objects,0.36,,50,within_sampled_range,IU,138,95.83333333333334,runs/yin_latest_vgg_20260927/single_noise/r21vgg2k_vgg16_bn_aa5_s42/faces_cfdWM64/objects/results.csv,IU
bin5,VGG2k / bin5,r21vgg2k_vgg16_bn_aa5_s42,face_transfer,124,single_uu,CFD WM64,Objects,0.36,,50,within_sampled_range,IU,139,87.5,runs/yin_latest_vgg_20260927/single_noise/r21vgg2k_vgg16_bn_aa5_s42/faces_cfdWM64/objects/results.csv,IU
bin5,VGG2k / bin5,r21vgg2k_vgg16_bn_aa5_s42,face_transfer,124,single_uu,CFD WM64,Objects,0.36,,50,within_sampled_range,IU,140,95.83333333333334,runs/yin_latest_vgg_20260927/single_noise/r21vgg2k_vgg16_bn_aa5_s42/faces_cfdWM64/objects/results.csv,IU
bin5,VGG2k / bin5,r21vgg2k_vgg16_bn_aa5_s42,face_transfer,124,single_uu,CFD WM64,Objects,0.36,,50,within_sampled_range,IU,141,87.5,runs/yin_latest_vgg_20260927/single_noise/r21vgg2k_vgg16_bn_aa5_s42/faces_cfdWM64/objects/results.csv,IU
bin5,VGG2k / bin5,r21vgg2k_vgg16_bn_aa5_s42,face_transfer,124,single_uu,CFD WM64,Objects,0.36,,50,within_sampled_range,IU,142,91.66666666666666,runs/yin_latest_vgg_20260927/single_noise/r21vgg2k_vgg16_bn_aa5_s42/faces_cfdWM64/objects/results.csv,IU
bin5,VGG2k / bin5,r21vgg2k_vgg16_bn_aa5_s42,face_transfer,124,single_uu,CFD WM64,Objects,0.36,,50,within_sampled_range,IU,143,95.83333333333334,runs/yin_latest_vgg_20260927/single_noise/r21vgg2k_vgg16_bn_aa5_s42/faces_cfdWM64/objects/results.csv,IU
bin5,VGG2k / bin5,r21vgg2k_vgg16_bn_aa5_s42,face_transfer,124,single_uu,CFD WM64,Objects,0.36,,50,within_sampled_range,IU,144,95.83333333333334,runs/yin_latest_vgg_20260927/single_noise/r21vgg2k_vgg16_bn_aa5_s42/faces_cfdWM64/objects/results.csv,IU
bin5,VGG2k / bin5,r21vgg2k_vgg16_bn_aa5_s42,face_transfer,124,single_uu,CFD WM64,Objects,0.36,,50,within_sampled_range,IU,145,95.83333333333334,runs/yin_latest_vgg_20260927/single_noise/r21vgg2k_vgg16_bn_aa5_s42/faces_cfdWM64/objects/results.csv,IU
bin5,VGG2k / bin5,r21vgg2k_vgg16_bn_aa5_s42,face_transfer,124,single_uu,CFD WM64,Objects,0.36,,50,within_sampled_range,IU,146,95.83333333333334,runs/yin_latest_vgg_20260927/single_noise/r21vgg2k_vgg16_bn_aa5_s42/faces_cfdWM64/objects/results.csv,IU
bin5,VGG2k / bin5,r21vgg2k_vgg16_bn_aa5_s42,face_transfer,124,single_uu,CFD WM64,Objects,0.36,,50,within_sampled_range,IU,147,100.0,runs/yin_latest_vgg_20260927/single_noise/r21vgg2k_vgg16_bn_aa5_s42/faces_cfdWM64/objects/results.csv,IU
bin5,VGG2k / bin5,r21vgg2k_vgg16_bn_aa5_s42,face_transfer,124,single_uu,CFD WM64,Objects,0.36,,50,within_sampled_range,IU,148,83.33333333333334,runs/yin_latest_vgg_20260927/single_noise/r21vgg2k_vgg16_bn_aa5_s42/faces_cfdWM64/objects/results.csv,IU
bin5,VGG2k / bin5,r21vgg2k_vgg16_bn_aa5_s42,face_transfer,124,single_uu,CFD WM64,Objects,0.36,,50,within_sampled_range,IU,149,91.66666666666666,runs/yin_latest_vgg_20260927/single_noise/r21vgg2k_vgg16_bn_aa5_s42/faces_cfdWM64/objects/results.csv,IU
bin5,VGG2k / bin5,r21vgg2k_vgg16_bn_aa5_s42,face_transfer,124,single_uu,CFD WM64,Objects,0.36,,50,within_sampled_range,IU,150,100.0,runs/yin_latest_vgg_20260927/single_noise/r21vgg2k_vgg16_bn_aa5_s42/faces_cfdWM64/objects/results.csv,IU
bin5,VGG2k / bin5,r21vgg2k_vgg16_bn_aa5_s42,face_transfer,124,two_cross,CFD WM64,Objects,0.36,0.38,50,within_sampled_range,UU,101,100.0,runs/yin_latest_vgg_20260927/transfer/results/r21vgg2k_vgg16_bn_aa5_s42/faces_cfdWM64/objects/results.csv,UU
bin5,VGG2k / bin5,r21vgg2k_vgg16_bn_aa5_s42,face_transfer,124,two_cross,CFD WM64,Objects,0.36,0.38,50,within_sampled_range,UU,102,95.83333333333334,runs/yin_latest_vgg_20260927/transfer/results/r21vgg2k_vgg16_bn_aa5_s42/faces_cfdWM64/objects/results.csv,UU
bin5,VGG2k / bin5,r21vgg2k_vgg16_bn_aa5_s42,face_transfer,124,two_cross,CFD WM64,Objects,0.36,0.38,50,within_sampled_range,UU,103,100.0,runs/yin_latest_vgg_20260927/transfer/results/r21vgg2k_vgg16_bn_aa5_s42/faces_cfdWM64/objects/results.csv,UU
bin5,VGG2k / bin5,r21vgg2k_vgg16_bn_aa5_s42,face_transfer,124,two_cross,CFD WM64,Objects,0.36,0.38,50,within_sampled_range,UU,104,100.0,runs/yin_latest_vgg_20260927/transfer/results/r21vgg2k_vgg16_bn_aa5_s42/faces_cfdWM64/objects/results.csv,UU
bin5,VGG2k / bin5,r21vgg2k_vgg16_bn_aa5_s42,face_transfer,124,two_cross,CFD WM64,Objects,0.36,0.38,50,within_sampled_range,UU,105,95.83333333333334,runs/yin_latest_vgg_20260927/transfer/results/r21vgg2k_vgg16_bn_aa5_s42/faces_cfdWM64/objects/results.csv,UU
bin5,VGG2k / bin5,r21vgg2k_vgg16_bn_aa5_s42,face_transfer,124,two_cross,CFD WM64,Objects,0.36,0.38,50,within_sampled_range,UU,106,95.83333333333334,runs/yin_latest_vgg_20260927/transfer/results/r21vgg2k_vgg16_bn_aa5_s42/faces_cfdWM64/objects/results.csv,UU
bin5,VGG2k / bin5,r21vgg2k_vgg16_bn_aa5_s42,face_transfer,124,two_cross,CFD WM64,Objects,0.36,0.38,50,within_sampled_range,UU,107,95.83333333333334,runs/yin_latest_vgg_20260927/transfer/results/r21vgg2k_vgg16_bn_aa5_s42/faces_cfdWM64/objects/results.csv,UU
bin5,VGG2k / bin5,r21vgg2k_vgg16_bn_aa5_s42,face_transfer,124,two_cross,CFD WM64,Objects,0.36,0.38,50,within_sampled_range,UU,108,83.33333333333334,runs/yin_latest_vgg_20260927/transfer/results/r21vgg2k_vgg16_bn_aa5_s42/faces_cfdWM64/objects/results.csv,UU
bin5,VGG2k / bin5,r21vgg2k_vgg16_bn_aa5_s42,face_transfer,124,two_cross,CFD WM64,Objects,0.36,0.38,50,within_sampled_range,UU,109,91.66666666666666,runs/yin_latest_vgg_20260927/transfer/results/r21vgg2k_vgg16_bn_aa5_s42/faces_cfdWM64/objects/results.csv,UU
bin5,VGG2k / bin5,r21vgg2k_vgg16_bn_aa5_s42,face_transfer,124,two_cross,CFD WM64,Objects,0.36,0.38,50,within_sampled_range,UU,110,83.33333333333334,runs/yin_latest_vgg_20260927/transfer/results/r21vgg2k_vgg16_bn_aa5_s42/faces_cfdWM64/objects/results.csv,UU
bin5,VGG2k / bin5,r21vgg2k_vgg16_bn_aa5_s42,face_transfer,124,two_cross,CFD WM64,Objects,0.36,0.38,50,within_sampled_range,UU,111,91.66666666666666,runs/yin_latest_vgg_20260927/transfer/results/r21vgg2k_vgg16_bn_aa5_s42/faces_cfdWM64/objects/results.csv,UU
bin5,VGG2k / bin5,r21vgg2k_vgg16_bn_aa5_s42,face_transfer,124,two_cross,CFD WM64,Objects,0.36,0.38,50,within_sampled_range,UU,112,100.0,runs/yin_latest_vgg_20260927/transfer/results/r21vgg2k_vgg16_bn_aa5_s42/faces_cfdWM64/objects/results.csv,UU
bin5,VGG2k / bin5,r21vgg2k_vgg16_bn_aa5_s42,face_transfer,124,two_cross,CFD WM64,Objects,0.36,0.38,50,within_sampled_range,UU,113,100.0,runs/yin_latest_vgg_20260927/transfer/results/r21vgg2k_vgg16_bn_aa5_s42/faces_cfdWM64/objects/results.csv,UU
bin5,VGG2k / bin5,r21vgg2k_vgg16_bn_aa5_s42,face_transfer,124,two_cross,CFD WM64,Objects,0.36,0.38,50,within_sampled_range,UU,114,91.66666666666666,runs/yin_latest_vgg_20260927/transfer/results/r21vgg2k_vgg16_bn_aa5_s42/faces_cfdWM64/objects/results.csv,UU
bin5,VGG2k / bin5,r21vgg2k_vgg16_bn_aa5_s42,face_transfer,124,two_cross,CFD WM64,Objects,0.36,0.38,50,within_sampled_range,UU,115,95.83333333333334,runs/yin_latest_vgg_20260927/transfer/results/r21vgg2k_vgg16_bn_aa5_s42/faces_cfdWM64/objects/results.csv,UU
bin5,VGG2k / bin5,r21vgg2k_vgg16_bn_aa5_s42,face_transfer,124,two_cross,CFD WM64,Objects,0.36,0.38,50,within_sampled_range,UU,116,91.66666666666666,runs/yin_latest_vgg_20260927/transfer/results/r21vgg2k_vgg16_bn_aa5_s42/faces_cfdWM64/objects/results.csv,UU
bin5,VGG2k / bin5,r21vgg2k_vgg16_bn_aa5_s42,face_transfer,124,two_cross,CFD WM64,Objects,0.36,0.38,50,within_sampled_range,UU,117,100.0,runs/yin_latest_vgg_20260927/transfer/results/r21vgg2k_vgg16_bn_aa5_s42/faces_cfdWM64/objects/results.csv,UU
bin5,VGG2k / bin5,r21vgg2k_vgg16_bn_aa5_s42,face_transfer,124,two_cross,CFD WM64,Objects,0.36,0.38,50,within_sampled_range,UU,118,95.83333333333334,runs/yin_latest_vgg_20260927/transfer/results/r21vgg2k_vgg16_bn_aa5_s42/faces_cfdWM64/objects/results.csv,UU
bin5,VGG2k / bin5,r21vgg2k_vgg16_bn_aa5_s42,face_transfer,124,two_cross,CFD WM64,Objects,0.36,0.38,50,within_sampled_range,UU,119,100.0,runs/yin_latest_vgg_20260927/transfer/results/r21vgg2k_vgg16_bn_aa5_s42/faces_cfdWM64/objects/results.csv,UU
bin5,VGG2k / bin5,r21vgg2k_vgg16_bn_aa5_s42,face_transfer,124,two_cross,CFD WM64,Objects,0.36,0.38,50,within_sampled_range,UU,120,91.66666666666666,runs/yin_latest_vgg_20260927/transfer/results/r21vgg2k_vgg16_bn_aa5_s42/faces_cfdWM64/objects/results.csv,UU
bin5,VGG2k / bin5,r21vgg2k_vgg16_bn_aa5_s42,face_transfer,124,two_cross,CFD WM64,Objects,0.36,0.38,50,within_sampled_range,UU,121,83.33333333333334,runs/yin_latest_vgg_20260927/transfer/results/r21vgg2k_vgg16_bn_aa5_s42/faces_cfdWM64/objects/results.csv,UU
bin5,VGG2k / bin5,r21vgg2k_vgg16_bn_aa5_s42,face_transfer,124,two_cross,CFD WM64,Objects,0.36,0.38,50,within_sampled_range,UU,122,95.83333333333334,runs/yin_latest_vgg_20260927/transfer/results/r21vgg2k_vgg16_bn_aa5_s42/faces_cfdWM64/objects/results.csv,UU
bin5,VGG2k / bin5,r21vgg2k_vgg16_bn_aa5_s42,face_transfer,124,two_cross,CFD WM64,Objects,0.36,0.38,50,within_sampled_range,UU,123,91.66666666666666,runs/yin_latest_vgg_20260927/transfer/results/r21vgg2k_vgg16_bn_aa5_s42/faces_cfdWM64/objects/results.csv,UU
bin5,VGG2k / bin5,r21vgg2k_vgg16_bn_aa5_s42,face_transfer,124,two_cross,CFD WM64,Objects,0.36,0.38,50,within_sampled_range,UU,124,95.83333333333334,runs/yin_latest_vgg_20260927/transfer/results/r21vgg2k_vgg16_bn_aa5_s42/faces_cfdWM64/objects/results.csv,UU
bin5,VGG2k / bin5,r21vgg2k_vgg16_bn_aa5_s42,face_transfer,124,two_cross,CFD WM64,Objects,0.36,0.38,50,within_sampled_range,UU,125,91.66666666666666,runs/yin_latest_vgg_20260927/transfer/results/r21vgg2k_vgg16_bn_aa5_s42/faces_cfdWM64/objects/results.csv,UU
bin5,VGG2k / bin5,r21vgg2k_vgg16_bn_aa5_s42,face_transfer,124,two_cross,CFD WM64,Objects,0.36,0.38,50,within_sampled_range,UU,126,95.83333333333334,runs/yin_latest_vgg_20260927/transfer/results/r21vgg2k_vgg16_bn_aa5_s42/faces_cfdWM64/objects/results.csv,UU
bin5,VGG2k / bin5,r21vgg2k_vgg16_bn_aa5_s42,face_transfer,124,two_cross,CFD WM64,Objects,0.36,0.38,50,within_sampled_range,UU,127,95.83333333333334,runs/yin_latest_vgg_20260927/transfer/results/r21vgg2k_vgg16_bn_aa5_s42/faces_cfdWM64/objects/results.csv,UU
bin5,VGG2k / bin5,r21vgg2k_vgg16_bn_aa5_s42,face_transfer,124,two_cross,CFD WM64,Objects,0.36,0.38,50,within_sampled_range,UU,128,95.83333333333334,runs/yin_latest_vgg_20260927/transfer/results/r21vgg2k_vgg16_bn_aa5_s42/faces_cfdWM64/objects/results.csv,UU
bin5,VGG2k / bin5,r21vgg2k_vgg16_bn_aa5_s42,face_transfer,124,two_cross,CFD WM64,Objects,0.36,0.38,50,within_sampled_range,UU,129,100.0,runs/yin_latest_vgg_20260927/transfer/results/r21vgg2k_vgg16_bn_aa5_s42/faces_cfdWM64/objects/results.csv,UU
bin5,VGG2k / bin5,r21vgg2k_vgg16_bn_aa5_s42,face_transfer,124,two_cross,CFD WM64,Objects,0.36,0.38,50,within_sampled_range,UU,130,100.0,runs/yin_latest_vgg_20260927/transfer/results/r21vgg2k_vgg16_bn_aa5_s42/faces_cfdWM64/objects/results.csv,UU
bin5,VGG2k / bin5,r21vgg2k_vgg16_bn_aa5_s42,face_transfer,124,two_cross,CFD WM64,Objects,0.36,0.38,50,within_sampled_range,UU,131,100.0,runs/yin_latest_vgg_20260927/transfer/results/r21vgg2k_vgg16_bn_aa5_s42/faces_cfdWM64/objects/results.csv,UU
bin5,VGG2k / bin5,r21vgg2k_vgg16_bn_aa5_s42,face_transfer,124,two_cross,CFD WM64,Objects,0.36,0.38,50,within_sampled_range,UU,132,100.0,runs/yin_latest_vgg_20260927/transfer/results/r21vgg2k_vgg16_bn_aa5_s42/faces_cfdWM64/objects/results.csv,UU
bin5,VGG2k / bin5,r21vgg2k_vgg16_bn_aa5_s42,face_transfer,124,two_cross,CFD WM64,Objects,0.36,0.38,50,within_sampled_range,UU,133,95.83333333333334,runs/yin_latest_vgg_20260927/transfer/results/r21vgg2k_vgg16_bn_aa5_s42/faces_cfdWM64/objects/results.csv,UU
bin5,VGG2k / bin5,r21vgg2k_vgg16_bn_aa5_s42,face_transfer,124,two_cross,CFD WM64,Objects,0.36,0.38,50,within_sampled_range,UU,134,91.66666666666666,runs/yin_latest_vgg_20260927/transfer/results/r21vgg2k_vgg16_bn_aa5_s42/faces_cfdWM64/objects/results.csv,UU
bin5,VGG2k / bin5,r21vgg2k_vgg16_bn_aa5_s42,face_transfer,124,two_cross,CFD WM64,Objects,0.36,0.38,50,within_sampled_range,UU,135,91.66666666666666,runs/yin_latest_vgg_20260927/transfer/results/r21vgg2k_vgg16_bn_aa5_s42/faces_cfdWM64/objects/results.csv,UU
bin5,VGG2k / bin5,r21vgg2k_vgg16_bn_aa5_s42,face_transfer,124,two_cross,CFD WM64,Objects,0.36,0.38,50,within_sampled_range,UU,136,91.66666666666666,runs/yin_latest_vgg_20260927/transfer/results/r21vgg2k_vgg16_bn_aa5_s42/faces_cfdWM64/objects/results.csv,UU
bin5,VGG2k / bin5,r21vgg2k_vgg16_bn_aa5_s42,face_transfer,124,two_cross,CFD WM64,Objects,0.36,0.38,50,within_sampled_range,UU,137,95.83333333333334,runs/yin_latest_vgg_20260927/transfer/results/r21vgg2k_vgg16_bn_aa5_s42/faces_cfdWM64/objects/results.csv,UU
bin5,VGG2k / bin5,r21vgg2k_vgg16_bn_aa5_s42,face_transfer,124,two_cross,CFD WM64,Objects,0.36,0.38,50,within_sampled_range,UU,138,100.0,runs/yin_latest_vgg_20260927/transfer/results/r21vgg2k_vgg16_bn_aa5_s42/faces_cfdWM64/objects/results.csv,UU
bin5,VGG2k / bin5,r21vgg2k_vgg16_bn_aa5_s42,face_transfer,124,two_cross,CFD WM64,Objects,0.36,0.38,50,within_sampled_range,UU,139,91.66666666666666,runs/yin_latest_vgg_20260927/transfer/results/r21vgg2k_vgg16_bn_aa5_s42/faces_cfdWM64/objects/results.csv,UU
bin5,VGG2k / bin5,r21vgg2k_vgg16_bn_aa5_s42,face_transfer,124,two_cross,CFD WM64,Objects,0.36,0.38,50,within_sampled_range,UU,140,95.83333333333334,runs/yin_latest_vgg_20260927/transfer/results/r21vgg2k_vgg16_bn_aa5_s42/faces_cfdWM64/objects/results.csv,UU
bin5,VGG2k / bin5,r21vgg2k_vgg16_bn_aa5_s42,face_transfer,124,two_cross,CFD WM64,Objects,0.36,0.38,50,within_sampled_range,UU,141,95.83333333333334,runs/yin_latest_vgg_20260927/transfer/results/r21vgg2k_vgg16_bn_aa5_s42/faces_cfdWM64/objects/results.csv,UU
bin5,VGG2k / bin5,r21vgg2k_vgg16_bn_aa5_s42,face_transfer,124,two_cross,CFD WM64,Objects,0.36,0.38,50,within_sampled_range,UU,142,100.0,runs/yin_latest_vgg_20260927/transfer/results/r21vgg2k_vgg16_bn_aa5_s42/faces_cfdWM64/objects/results.csv,UU
bin5,VGG2k / bin5,r21vgg2k_vgg16_bn_aa5_s42,face_transfer,124,two_cross,CFD WM64,Objects,0.36,0.38,50,within_sampled_range,UU,143,91.66666666666666,runs/yin_latest_vgg_20260927/transfer/results/r21vgg2k_vgg16_bn_aa5_s42/faces_cfdWM64/objects/results.csv,UU
bin5,VGG2k / bin5,r21vgg2k_vgg16_bn_aa5_s42,face_transfer,124,two_cross,CFD WM64,Objects,0.36,0.38,50,within_sampled_range,UU,144,100.0,runs/yin_latest_vgg_20260927/transfer/results/r21vgg2k_vgg16_bn_aa5_s42/faces_cfdWM64/objects/results.csv,UU
bin5,VGG2k / bin5,r21vgg2k_vgg16_bn_aa5_s42,face_transfer,124,two_cross,CFD WM64,Objects,0.36,0.38,50,within_sampled_range,UU,145,100.0,runs/yin_latest_vgg_20260927/transfer/results/r21vgg2k_vgg16_bn_aa5_s42/faces_cfdWM64/objects/results.csv,UU
bin5,VGG2k / bin5,r21vgg2k_vgg16_bn_aa5_s42,face_transfer,124,two_cross,CFD WM64,Objects,0.36,0.38,50,within_sampled_range,UU,146,100.0,runs/yin_latest_vgg_20260927/transfer/results/r21vgg2k_vgg16_bn_aa5_s42/faces_cfdWM64/objects/results.csv,UU
bin5,VGG2k / bin5,r21vgg2k_vgg16_bn_aa5_s42,face_transfer,124,two_cross,CFD WM64,Objects,0.36,0.38,50,within_sampled_range,UU,147,95.83333333333334,runs/yin_latest_vgg_20260927/transfer/results/r21vgg2k_vgg16_bn_aa5_s42/faces_cfdWM64/objects/results.csv,UU
bin5,VGG2k / bin5,r21vgg2k_vgg16_bn_aa5_s42,face_transfer,124,two_cross,CFD WM64,Objects,0.36,0.38,50,within_sampled_range,UU,148,100.0,runs/yin_latest_vgg_20260927/transfer/results/r21vgg2k_vgg16_bn_aa5_s42/faces_cfdWM64/objects/results.csv,UU
bin5,VGG2k / bin5,r21vgg2k_vgg16_bn_aa5_s42,face_transfer,124,two_cross,CFD WM64,Objects,0.36,0.38,50,within_sampled_range,UU,149,91.66666666666666,runs/yin_latest_vgg_20260927/transfer/results/r21vgg2k_vgg16_bn_aa5_s42/faces_cfdWM64/objects/results.csv,UU
bin5,VGG2k / bin5,r21vgg2k_vgg16_bn_aa5_s42,face_transfer,124,two_cross,CFD WM64,Objects,0.36,0.38,50,within_sampled_range,UU,150,100.0,runs/yin_latest_vgg_20260927/transfer/results/r21vgg2k_vgg16_bn_aa5_s42/faces_cfdWM64/objects/results.csv,UU
bin5,VGG2k / bin5,r21vgg2k_vgg16_bn_aa5_s42,face_transfer,124,two_cross,CFD WM64,Objects,0.36,0.38,50,within_sampled_range,II,101,83.33333333333334,runs/yin_latest_vgg_20260927/transfer/results/r21vgg2k_vgg16_bn_aa5_s42/faces_cfdWM64/objects/results.csv,II
bin5,VGG2k / bin5,r21vgg2k_vgg16_bn_aa5_s42,face_transfer,124,two_cross,CFD WM64,Objects,0.36,0.38,50,within_sampled_range,II,102,91.66666666666666,runs/yin_latest_vgg_20260927/transfer/results/r21vgg2k_vgg16_bn_aa5_s42/faces_cfdWM64/objects/results.csv,II
bin5,VGG2k / bin5,r21vgg2k_vgg16_bn_aa5_s42,face_transfer,124,two_cross,CFD WM64,Objects,0.36,0.38,50,within_sampled_range,II,103,87.5,runs/yin_latest_vgg_20260927/transfer/results/r21vgg2k_vgg16_bn_aa5_s42/faces_cfdWM64/objects/results.csv,II
bin5,VGG2k / bin5,r21vgg2k_vgg16_bn_aa5_s42,face_transfer,124,two_cross,CFD WM64,Objects,0.36,0.38,50,within_sampled_range,II,104,91.66666666666666,runs/yin_latest_vgg_20260927/transfer/results/r21vgg2k_vgg16_bn_aa5_s42/faces_cfdWM64/objects/results.csv,II
bin5,VGG2k / bin5,r21vgg2k_vgg16_bn_aa5_s42,face_transfer,124,two_cross,CFD WM64,Objects,0.36,0.38,50,within_sampled_range,II,105,79.16666666666666,runs/yin_latest_vgg_20260927/transfer/results/r21vgg2k_vgg16_bn_aa5_s42/faces_cfdWM64/objects/results.csv,II
bin5,VGG2k / bin5,r21vgg2k_vgg16_bn_aa5_s42,face_transfer,124,two_cross,CFD WM64,Objects,0.36,0.38,50,within_sampled_range,II,106,91.66666666666666,runs/yin_latest_vgg_20260927/transfer/results/r21vgg2k_vgg16_bn_aa5_s42/faces_cfdWM64/objects/results.csv,II
bin5,VGG2k / bin5,r21vgg2k_vgg16_bn_aa5_s42,face_transfer,124,two_cross,CFD WM64,Objects,0.36,0.38,50,within_sampled_range,II,107,95.83333333333334,runs/yin_latest_vgg_20260927/transfer/results/r21vgg2k_vgg16_bn_aa5_s42/faces_cfdWM64/objects/results.csv,II
bin5,VGG2k / bin5,r21vgg2k_vgg16_bn_aa5_s42,face_transfer,124,two_cross,CFD WM64,Objects,0.36,0.38,50,within_sampled_range,II,108,83.33333333333334,runs/yin_latest_vgg_20260927/transfer/results/r21vgg2k_vgg16_bn_aa5_s42/faces_cfdWM64/objects/results.csv,II
bin5,VGG2k / bin5,r21vgg2k_vgg16_bn_aa5_s42,face_transfer,124,two_cross,CFD WM64,Objects,0.36,0.38,50,within_sampled_range,II,109,75.0,runs/yin_latest_vgg_20260927/transfer/results/r21vgg2k_vgg16_bn_aa5_s42/faces_cfdWM64/objects/results.csv,II
bin5,VGG2k / bin5,r21vgg2k_vgg16_bn_aa5_s42,face_transfer,124,two_cross,CFD WM64,Objects,0.36,0.38,50,within_sampled_range,II,110,91.66666666666666,runs/yin_latest_vgg_20260927/transfer/results/r21vgg2k_vgg16_bn_aa5_s42/faces_cfdWM64/objects/results.csv,II
bin5,VGG2k / bin5,r21vgg2k_vgg16_bn_aa5_s42,face_transfer,124,two_cross,CFD WM64,Objects,0.36,0.38,50,within_sampled_range,II,111,83.33333333333334,runs/yin_latest_vgg_20260927/transfer/results/r21vgg2k_vgg16_bn_aa5_s42/faces_cfdWM64/objects/results.csv,II
bin5,VGG2k / bin5,r21vgg2k_vgg16_bn_aa5_s42,face_transfer,124,two_cross,CFD WM64,Objects,0.36,0.38,50,within_sampled_range,II,112,91.66666666666666,runs/yin_latest_vgg_20260927/transfer/results/r21vgg2k_vgg16_bn_aa5_s42/faces_cfdWM64/objects/results.csv,II
bin5,VGG2k / bin5,r21vgg2k_vgg16_bn_aa5_s42,face_transfer,124,two_cross,CFD WM64,Objects,0.36,0.38,50,within_sampled_range,II,113,91.66666666666666,runs/yin_latest_vgg_20260927/transfer/results/r21vgg2k_vgg16_bn_aa5_s42/faces_cfdWM64/objects/results.csv,II
bin5,VGG2k / bin5,r21vgg2k_vgg16_bn_aa5_s42,face_transfer,124,two_cross,CFD WM64,Objects,0.36,0.38,50,within_sampled_range,II,114,100.0,runs/yin_latest_vgg_20260927/transfer/results/r21vgg2k_vgg16_bn_aa5_s42/faces_cfdWM64/objects/results.csv,II
bin5,VGG2k / bin5,r21vgg2k_vgg16_bn_aa5_s42,face_transfer,124,two_cross,CFD WM64,Objects,0.36,0.38,50,within_sampled_range,II,115,91.66666666666666,runs/yin_latest_vgg_20260927/transfer/results/r21vgg2k_vgg16_bn_aa5_s42/faces_cfdWM64/objects/results.csv,II
bin5,VGG2k / bin5,r21vgg2k_vgg16_bn_aa5_s42,face_transfer,124,two_cross,CFD WM64,Objects,0.36,0.38,50,within_sampled_range,II,116,83.33333333333334,runs/yin_latest_vgg_20260927/transfer/results/r21vgg2k_vgg16_bn_aa5_s42/faces_cfdWM64/objects/results.csv,II
bin5,VGG2k / bin5,r21vgg2k_vgg16_bn_aa5_s42,face_transfer,124,two_cross,CFD WM64,Objects,0.36,0.38,50,within_sampled_range,II,117,87.5,runs/yin_latest_vgg_20260927/transfer/results/r21vgg2k_vgg16_bn_aa5_s42/faces_cfdWM64/objects/results.csv,II
bin5,VGG2k / bin5,r21vgg2k_vgg16_bn_aa5_s42,face_transfer,124,two_cross,CFD WM64,Objects,0.36,0.38,50,within_sampled_range,II,118,95.83333333333334,runs/yin_latest_vgg_20260927/transfer/results/r21vgg2k_vgg16_bn_aa5_s42/faces_cfdWM64/objects/results.csv,II
bin5,VGG2k / bin5,r21vgg2k_vgg16_bn_aa5_s42,face_transfer,124,two_cross,CFD WM64,Objects,0.36,0.38,50,within_sampled_range,II,119,87.5,runs/yin_latest_vgg_20260927/transfer/results/r21vgg2k_vgg16_bn_aa5_s42/faces_cfdWM64/objects/results.csv,II
bin5,VGG2k / bin5,r21vgg2k_vgg16_bn_aa5_s42,face_transfer,124,two_cross,CFD WM64,Objects,0.36,0.38,50,within_sampled_range,II,120,83.33333333333334,runs/yin_latest_vgg_20260927/transfer/results/r21vgg2k_vgg16_bn_aa5_s42/faces_cfdWM64/objects/results.csv,II
bin5,VGG2k / bin5,r21vgg2k_vgg16_bn_aa5_s42,face_transfer,124,two_cross,CFD WM64,Objects,0.36,0.38,50,within_sampled_range,II,121,83.33333333333334,runs/yin_latest_vgg_20260927/transfer/results/r21vgg2k_vgg16_bn_aa5_s42/faces_cfdWM64/objects/results.csv,II
bin5,VGG2k / bin5,r21vgg2k_vgg16_bn_aa5_s42,face_transfer,124,two_cross,CFD WM64,Objects,0.36,0.38,50,within_sampled_range,II,122,83.33333333333334,runs/yin_latest_vgg_20260927/transfer/results/r21vgg2k_vgg16_bn_aa5_s42/faces_cfdWM64/objects/results.csv,II
bin5,VGG2k / bin5,r21vgg2k_vgg16_bn_aa5_s42,face_transfer,124,two_cross,CFD WM64,Objects,0.36,0.38,50,within_sampled_range,II,123,95.83333333333334,runs/yin_latest_vgg_20260927/transfer/results/r21vgg2k_vgg16_bn_aa5_s42/faces_cfdWM64/objects/results.csv,II
bin5,VGG2k / bin5,r21vgg2k_vgg16_bn_aa5_s42,face_transfer,124,two_cross,CFD WM64,Objects,0.36,0.38,50,within_sampled_range,II,124,87.5,runs/yin_latest_vgg_20260927/transfer/results/r21vgg2k_vgg16_bn_aa5_s42/faces_cfdWM64/objects/results.csv,II
bin5,VGG2k / bin5,r21vgg2k_vgg16_bn_aa5_s42,face_transfer,124,two_cross,CFD WM64,Objects,0.36,0.38,50,within_sampled_range,II,125,91.66666666666666,runs/yin_latest_vgg_20260927/transfer/results/r21vgg2k_vgg16_bn_aa5_s42/faces_cfdWM64/objects/results.csv,II
bin5,VGG2k / bin5,r21vgg2k_vgg16_bn_aa5_s42,face_transfer,124,two_cross,CFD WM64,Objects,0.36,0.38,50,within_sampled_range,II,126,95.83333333333334,runs/yin_latest_vgg_20260927/transfer/results/r21vgg2k_vgg16_bn_aa5_s42/faces_cfdWM64/objects/results.csv,II
bin5,VGG2k / bin5,r21vgg2k_vgg16_bn_aa5_s42,face_transfer,124,two_cross,CFD WM64,Objects,0.36,0.38,50,within_sampled_range,II,127,87.5,runs/yin_latest_vgg_20260927/transfer/results/r21vgg2k_vgg16_bn_aa5_s42/faces_cfdWM64/objects/results.csv,II
bin5,VGG2k / bin5,r21vgg2k_vgg16_bn_aa5_s42,face_transfer,124,two_cross,CFD WM64,Objects,0.36,0.38,50,within_sampled_range,II,128,91.66666666666666,runs/yin_latest_vgg_20260927/transfer/results/r21vgg2k_vgg16_bn_aa5_s42/faces_cfdWM64/objects/results.csv,II
bin5,VGG2k / bin5,r21vgg2k_vgg16_bn_aa5_s42,face_transfer,124,two_cross,CFD WM64,Objects,0.36,0.38,50,within_sampled_range,II,129,91.66666666666666,runs/yin_latest_vgg_20260927/transfer/results/r21vgg2k_vgg16_bn_aa5_s42/faces_cfdWM64/objects/results.csv,II
bin5,VGG2k / bin5,r21vgg2k_vgg16_bn_aa5_s42,face_transfer,124,two_cross,CFD WM64,Objects,0.36,0.38,50,within_sampled_range,II,130,95.83333333333334,runs/yin_latest_vgg_20260927/transfer/results/r21vgg2k_vgg16_bn_aa5_s42/faces_cfdWM64/objects/results.csv,II
bin5,VGG2k / bin5,r21vgg2k_vgg16_bn_aa5_s42,face_transfer,124,two_cross,CFD WM64,Objects,0.36,0.38,50,within_sampled_range,II,131,91.66666666666666,runs/yin_latest_vgg_20260927/transfer/results/r21vgg2k_vgg16_bn_aa5_s42/faces_cfdWM64/objects/results.csv,II
bin5,VGG2k / bin5,r21vgg2k_vgg16_bn_aa5_s42,face_transfer,124,two_cross,CFD WM64,Objects,0.36,0.38,50,within_sampled_range,II,132,95.83333333333334,runs/yin_latest_vgg_20260927/transfer/results/r21vgg2k_vgg16_bn_aa5_s42/faces_cfdWM64/objects/results.csv,II
bin5,VGG2k / bin5,r21vgg2k_vgg16_bn_aa5_s42,face_transfer,124,two_cross,CFD WM64,Objects,0.36,0.38,50,within_sampled_range,II,133,87.5,runs/yin_latest_vgg_20260927/transfer/results/r21vgg2k_vgg16_bn_aa5_s42/faces_cfdWM64/objects/results.csv,II
bin5,VGG2k / bin5,r21vgg2k_vgg16_bn_aa5_s42,face_transfer,124,two_cross,CFD WM64,Objects,0.36,0.38,50,within_sampled_range,II,134,91.66666666666666,runs/yin_latest_vgg_20260927/transfer/results/r21vgg2k_vgg16_bn_aa5_s42/faces_cfdWM64/objects/results.csv,II
bin5,VGG2k / bin5,r21vgg2k_vgg16_bn_aa5_s42,face_transfer,124,two_cross,CFD WM64,Objects,0.36,0.38,50,within_sampled_range,II,135,91.66666666666666,runs/yin_latest_vgg_20260927/transfer/results/r21vgg2k_vgg16_bn_aa5_s42/faces_cfdWM64/objects/results.csv,II
bin5,VGG2k / bin5,r21vgg2k_vgg16_bn_aa5_s42,face_transfer,124,two_cross,CFD WM64,Objects,0.36,0.38,50,within_sampled_range,II,136,87.5,runs/yin_latest_vgg_20260927/transfer/results/r21vgg2k_vgg16_bn_aa5_s42/faces_cfdWM64/objects/results.csv,II
bin5,VGG2k / bin5,r21vgg2k_vgg16_bn_aa5_s42,face_transfer,124,two_cross,CFD WM64,Objects,0.36,0.38,50,within_sampled_range,II,137,91.66666666666666,runs/yin_latest_vgg_20260927/transfer/results/r21vgg2k_vgg16_bn_aa5_s42/faces_cfdWM64/objects/results.csv,II
bin5,VGG2k / bin5,r21vgg2k_vgg16_bn_aa5_s42,face_transfer,124,two_cross,CFD WM64,Objects,0.36,0.38,50,within_sampled_range,II,138,87.5,runs/yin_latest_vgg_20260927/transfer/results/r21vgg2k_vgg16_bn_aa5_s42/faces_cfdWM64/objects/results.csv,II
bin5,VGG2k / bin5,r21vgg2k_vgg16_bn_aa5_s42,face_transfer,124,two_cross,CFD WM64,Objects,0.36,0.38,50,within_sampled_range,II,139,83.33333333333334,runs/yin_latest_vgg_20260927/transfer/results/r21vgg2k_vgg16_bn_aa5_s42/faces_cfdWM64/objects/results.csv,II
bin5,VGG2k / bin5,r21vgg2k_vgg16_bn_aa5_s42,face_transfer,124,two_cross,CFD WM64,Objects,0.36,0.38,50,within_sampled_range,II,140,83.33333333333334,runs/yin_latest_vgg_20260927/transfer/results/r21vgg2k_vgg16_bn_aa5_s42/faces_cfdWM64/objects/results.csv,II
bin5,VGG2k / bin5,r21vgg2k_vgg16_bn_aa5_s42,face_transfer,124,two_cross,CFD WM64,Objects,0.36,0.38,50,within_sampled_range,II,141,83.33333333333334,runs/yin_latest_vgg_20260927/transfer/results/r21vgg2k_vgg16_bn_aa5_s42/faces_cfdWM64/objects/results.csv,II
bin5,VGG2k / bin5,r21vgg2k_vgg16_bn_aa5_s42,face_transfer,124,two_cross,CFD WM64,Objects,0.36,0.38,50,within_sampled_range,II,142,95.83333333333334,runs/yin_latest_vgg_20260927/transfer/results/r21vgg2k_vgg16_bn_aa5_s42/faces_cfdWM64/objects/results.csv,II
bin5,VGG2k / bin5,r21vgg2k_vgg16_bn_aa5_s42,face_transfer,124,two_cross,CFD WM64,Objects,0.36,0.38,50,within_sampled_range,II,143,87.5,runs/yin_latest_vgg_20260927/transfer/results/r21vgg2k_vgg16_bn_aa5_s42/faces_cfdWM64/objects/results.csv,II
bin5,VGG2k / bin5,r21vgg2k_vgg16_bn_aa5_s42,face_transfer,124,two_cross,CFD WM64,Objects,0.36,0.38,50,within_sampled_range,II,144,91.66666666666666,runs/yin_latest_vgg_20260927/transfer/results/r21vgg2k_vgg16_bn_aa5_s42/faces_cfdWM64/objects/results.csv,II
bin5,VGG2k / bin5,r21vgg2k_vgg16_bn_aa5_s42,face_transfer,124,two_cross,CFD WM64,Objects,0.36,0.38,50,within_sampled_range,II,145,91.66666666666666,runs/yin_latest_vgg_20260927/transfer/results/r21vgg2k_vgg16_bn_aa5_s42/faces_cfdWM64/objects/results.csv,II
bin5,VGG2k / bin5,r21vgg2k_vgg16_bn_aa5_s42,face_transfer,124,two_cross,CFD WM64,Objects,0.36,0.38,50,within_sampled_range,II,146,95.83333333333334,runs/yin_latest_vgg_20260927/transfer/results/r21vgg2k_vgg16_bn_aa5_s42/faces_cfdWM64/objects/results.csv,II
bin5,VGG2k / bin5,r21vgg2k_vgg16_bn_aa5_s42,face_transfer,124,two_cross,CFD WM64,Objects,0.36,0.38,50,within_sampled_range,II,147,91.66666666666666,runs/yin_latest_vgg_20260927/transfer/results/r21vgg2k_vgg16_bn_aa5_s42/faces_cfdWM64/objects/results.csv,II
bin5,VGG2k / bin5,r21vgg2k_vgg16_bn_aa5_s42,face_transfer,124,two_cross,CFD WM64,Objects,0.36,0.38,50,within_sampled_range,II,148,83.33333333333334,runs/yin_latest_vgg_20260927/transfer/results/r21vgg2k_vgg16_bn_aa5_s42/faces_cfdWM64/objects/results.csv,II
bin5,VGG2k / bin5,r21vgg2k_vgg16_bn_aa5_s42,face_transfer,124,two_cross,CFD WM64,Objects,0.36,0.38,50,within_sampled_range,II,149,79.16666666666666,runs/yin_latest_vgg_20260927/transfer/results/r21vgg2k_vgg16_bn_aa5_s42/faces_cfdWM64/objects/results.csv,II
bin5,VGG2k / bin5,r21vgg2k_vgg16_bn_aa5_s42,face_transfer,124,two_cross,CFD WM64,Objects,0.36,0.38,50,within_sampled_range,II,150,79.16666666666666,runs/yin_latest_vgg_20260927/transfer/results/r21vgg2k_vgg16_bn_aa5_s42/faces_cfdWM64/objects/results.csv,II
bin5,VGG2k / bin5,r21vgg2k_vgg16_bn_aa5_s42,face_transfer,124,two_cross,CFD WM64,Objects,0.36,0.38,50,within_sampled_range,UI,101,87.5,runs/yin_latest_vgg_20260927/transfer/results/r21vgg2k_vgg16_bn_aa5_s42/faces_cfdWM64/objects/results.csv,UI_cross
bin5,VGG2k / bin5,r21vgg2k_vgg16_bn_aa5_s42,face_transfer,124,two_cross,CFD WM64,Objects,0.36,0.38,50,within_sampled_range,UI,102,87.5,runs/yin_latest_vgg_20260927/transfer/results/r21vgg2k_vgg16_bn_aa5_s42/faces_cfdWM64/objects/results.csv,UI_cross
bin5,VGG2k / bin5,r21vgg2k_vgg16_bn_aa5_s42,face_transfer,124,two_cross,CFD WM64,Objects,0.36,0.38,50,within_sampled_range,UI,103,87.5,runs/yin_latest_vgg_20260927/transfer/results/r21vgg2k_vgg16_bn_aa5_s42/faces_cfdWM64/objects/results.csv,UI_cross
bin5,VGG2k / bin5,r21vgg2k_vgg16_bn_aa5_s42,face_transfer,124,two_cross,CFD WM64,Objects,0.36,0.38,50,within_sampled_range,UI,104,95.83333333333334,runs/yin_latest_vgg_20260927/transfer/results/r21vgg2k_vgg16_bn_aa5_s42/faces_cfdWM64/objects/results.csv,UI_cross
bin5,VGG2k / bin5,r21vgg2k_vgg16_bn_aa5_s42,face_transfer,124,two_cross,CFD WM64,Objects,0.36,0.38,50,within_sampled_range,UI,105,75.0,runs/yin_latest_vgg_20260927/transfer/results/r21vgg2k_vgg16_bn_aa5_s42/faces_cfdWM64/objects/results.csv,UI_cross
bin5,VGG2k / bin5,r21vgg2k_vgg16_bn_aa5_s42,face_transfer,124,two_cross,CFD WM64,Objects,0.36,0.38,50,within_sampled_range,UI,106,91.66666666666666,runs/yin_latest_vgg_20260927/transfer/results/r21vgg2k_vgg16_bn_aa5_s42/faces_cfdWM64/objects/results.csv,UI_cross
bin5,VGG2k / bin5,r21vgg2k_vgg16_bn_aa5_s42,face_transfer,124,two_cross,CFD WM64,Objects,0.36,0.38,50,within_sampled_range,UI,107,91.66666666666666,runs/yin_latest_vgg_20260927/transfer/results/r21vgg2k_vgg16_bn_aa5_s42/faces_cfdWM64/objects/results.csv,UI_cross
bin5,VGG2k / bin5,r21vgg2k_vgg16_bn_aa5_s42,face_transfer,124,two_cross,CFD WM64,Objects,0.36,0.38,50,within_sampled_range,UI,108,87.5,runs/yin_latest_vgg_20260927/transfer/results/r21vgg2k_vgg16_bn_aa5_s42/faces_cfdWM64/objects/results.csv,UI_cross
bin5,VGG2k / bin5,r21vgg2k_vgg16_bn_aa5_s42,face_transfer,124,two_cross,CFD WM64,Objects,0.36,0.38,50,within_sampled_range,UI,109,95.83333333333334,runs/yin_latest_vgg_20260927/transfer/results/r21vgg2k_vgg16_bn_aa5_s42/faces_cfdWM64/objects/results.csv,UI_cross
bin5,VGG2k / bin5,r21vgg2k_vgg16_bn_aa5_s42,face_transfer,124,two_cross,CFD WM64,Objects,0.36,0.38,50,within_sampled_range,UI,110,79.16666666666666,runs/yin_latest_vgg_20260927/transfer/results/r21vgg2k_vgg16_bn_aa5_s42/faces_cfdWM64/objects/results.csv,UI_cross
bin5,VGG2k / bin5,r21vgg2k_vgg16_bn_aa5_s42,face_transfer,124,two_cross,CFD WM64,Objects,0.36,0.38,50,within_sampled_range,UI,111,87.5,runs/yin_latest_vgg_20260927/transfer/results/r21vgg2k_vgg16_bn_aa5_s42/faces_cfdWM64/objects/results.csv,UI_cross
bin5,VGG2k / bin5,r21vgg2k_vgg16_bn_aa5_s42,face_transfer,124,two_cross,CFD WM64,Objects,0.36,0.38,50,within_sampled_range,UI,112,95.83333333333334,runs/yin_latest_vgg_20260927/transfer/results/r21vgg2k_vgg16_bn_aa5_s42/faces_cfdWM64/objects/results.csv,UI_cross
bin5,VGG2k / bin5,r21vgg2k_vgg16_bn_aa5_s42,face_transfer,124,two_cross,CFD WM64,Objects,0.36,0.38,50,within_sampled_range,UI,113,87.5,runs/yin_latest_vgg_20260927/transfer/results/r21vgg2k_vgg16_bn_aa5_s42/faces_cfdWM64/objects/results.csv,UI_cross
bin5,VGG2k / bin5,r21vgg2k_vgg16_bn_aa5_s42,face_transfer,124,two_cross,CFD WM64,Objects,0.36,0.38,50,within_sampled_range,UI,114,100.0,runs/yin_latest_vgg_20260927/transfer/results/r21vgg2k_vgg16_bn_aa5_s42/faces_cfdWM64/objects/results.csv,UI_cross
bin5,VGG2k / bin5,r21vgg2k_vgg16_bn_aa5_s42,face_transfer,124,two_cross,CFD WM64,Objects,0.36,0.38,50,within_sampled_range,UI,115,95.83333333333334,runs/yin_latest_vgg_20260927/transfer/results/r21vgg2k_vgg16_bn_aa5_s42/faces_cfdWM64/objects/results.csv,UI_cross
bin5,VGG2k / bin5,r21vgg2k_vgg16_bn_aa5_s42,face_transfer,124,two_cross,CFD WM64,Objects,0.36,0.38,50,within_sampled_range,UI,116,91.66666666666666,runs/yin_latest_vgg_20260927/transfer/results/r21vgg2k_vgg16_bn_aa5_s42/faces_cfdWM64/objects/results.csv,UI_cross
bin5,VGG2k / bin5,r21vgg2k_vgg16_bn_aa5_s42,face_transfer,124,two_cross,CFD WM64,Objects,0.36,0.38,50,within_sampled_range,UI,117,87.5,runs/yin_latest_vgg_20260927/transfer/results/r21vgg2k_vgg16_bn_aa5_s42/faces_cfdWM64/objects/results.csv,UI_cross
bin5,VGG2k / bin5,r21vgg2k_vgg16_bn_aa5_s42,face_transfer,124,two_cross,CFD WM64,Objects,0.36,0.38,50,within_sampled_range,UI,118,91.66666666666666,runs/yin_latest_vgg_20260927/transfer/results/r21vgg2k_vgg16_bn_aa5_s42/faces_cfdWM64/objects/results.csv,UI_cross
bin5,VGG2k / bin5,r21vgg2k_vgg16_bn_aa5_s42,face_transfer,124,two_cross,CFD WM64,Objects,0.36,0.38,50,within_sampled_range,UI,119,100.0,runs/yin_latest_vgg_20260927/transfer/results/r21vgg2k_vgg16_bn_aa5_s42/faces_cfdWM64/objects/results.csv,UI_cross
bin5,VGG2k / bin5,r21vgg2k_vgg16_bn_aa5_s42,face_transfer,124,two_cross,CFD WM64,Objects,0.36,0.38,50,within_sampled_range,UI,120,87.5,runs/yin_latest_vgg_20260927/transfer/results/r21vgg2k_vgg16_bn_aa5_s42/faces_cfdWM64/objects/results.csv,UI_cross
bin5,VGG2k / bin5,r21vgg2k_vgg16_bn_aa5_s42,face_transfer,124,two_cross,CFD WM64,Objects,0.36,0.38,50,within_sampled_range,UI,121,87.5,runs/yin_latest_vgg_20260927/transfer/results/r21vgg2k_vgg16_bn_aa5_s42/faces_cfdWM64/objects/results.csv,UI_cross
bin5,VGG2k / bin5,r21vgg2k_vgg16_bn_aa5_s42,face_transfer,124,two_cross,CFD WM64,Objects,0.36,0.38,50,within_sampled_range,UI,122,75.0,runs/yin_latest_vgg_20260927/transfer/results/r21vgg2k_vgg16_bn_aa5_s42/faces_cfdWM64/objects/results.csv,UI_cross
bin5,VGG2k / bin5,r21vgg2k_vgg16_bn_aa5_s42,face_transfer,124,two_cross,CFD WM64,Objects,0.36,0.38,50,within_sampled_range,UI,123,83.33333333333334,runs/yin_latest_vgg_20260927/transfer/results/r21vgg2k_vgg16_bn_aa5_s42/faces_cfdWM64/objects/results.csv,UI_cross
bin5,VGG2k / bin5,r21vgg2k_vgg16_bn_aa5_s42,face_transfer,124,two_cross,CFD WM64,Objects,0.36,0.38,50,within_sampled_range,UI,124,79.16666666666666,runs/yin_latest_vgg_20260927/transfer/results/r21vgg2k_vgg16_bn_aa5_s42/faces_cfdWM64/objects/results.csv,UI_cross
bin5,VGG2k / bin5,r21vgg2k_vgg16_bn_aa5_s42,face_transfer,124,two_cross,CFD WM64,Objects,0.36,0.38,50,within_sampled_range,UI,125,100.0,runs/yin_latest_vgg_20260927/transfer/results/r21vgg2k_vgg16_bn_aa5_s42/faces_cfdWM64/objects/results.csv,UI_cross
bin5,VGG2k / bin5,r21vgg2k_vgg16_bn_aa5_s42,face_transfer,124,two_cross,CFD WM64,Objects,0.36,0.38,50,within_sampled_range,UI,126,95.83333333333334,runs/yin_latest_vgg_20260927/transfer/results/r21vgg2k_vgg16_bn_aa5_s42/faces_cfdWM64/objects/results.csv,UI_cross
bin5,VGG2k / bin5,r21vgg2k_vgg16_bn_aa5_s42,face_transfer,124,two_cross,CFD WM64,Objects,0.36,0.38,50,within_sampled_range,UI,127,87.5,runs/yin_latest_vgg_20260927/transfer/results/r21vgg2k_vgg16_bn_aa5_s42/faces_cfdWM64/objects/results.csv,UI_cross
bin5,VGG2k / bin5,r21vgg2k_vgg16_bn_aa5_s42,face_transfer,124,two_cross,CFD WM64,Objects,0.36,0.38,50,within_sampled_range,UI,128,95.83333333333334,runs/yin_latest_vgg_20260927/transfer/results/r21vgg2k_vgg16_bn_aa5_s42/faces_cfdWM64/objects/results.csv,UI_cross
bin5,VGG2k / bin5,r21vgg2k_vgg16_bn_aa5_s42,face_transfer,124,two_cross,CFD WM64,Objects,0.36,0.38,50,within_sampled_range,UI,129,95.83333333333334,runs/yin_latest_vgg_20260927/transfer/results/r21vgg2k_vgg16_bn_aa5_s42/faces_cfdWM64/objects/results.csv,UI_cross
bin5,VGG2k / bin5,r21vgg2k_vgg16_bn_aa5_s42,face_transfer,124,two_cross,CFD WM64,Objects,0.36,0.38,50,within_sampled_range,UI,130,91.66666666666666,runs/yin_latest_vgg_20260927/transfer/results/r21vgg2k_vgg16_bn_aa5_s42/faces_cfdWM64/objects/results.csv,UI_cross
bin5,VGG2k / bin5,r21vgg2k_vgg16_bn_aa5_s42,face_transfer,124,two_cross,CFD WM64,Objects,0.36,0.38,50,within_sampled_range,UI,131,91.66666666666666,runs/yin_latest_vgg_20260927/transfer/results/r21vgg2k_vgg16_bn_aa5_s42/faces_cfdWM64/objects/results.csv,UI_cross
bin5,VGG2k / bin5,r21vgg2k_vgg16_bn_aa5_s42,face_transfer,124,two_cross,CFD WM64,Objects,0.36,0.38,50,within_sampled_range,UI,132,83.33333333333334,runs/yin_latest_vgg_20260927/transfer/results/r21vgg2k_vgg16_bn_aa5_s42/faces_cfdWM64/objects/results.csv,UI_cross
bin5,VGG2k / bin5,r21vgg2k_vgg16_bn_aa5_s42,face_transfer,124,two_cross,CFD WM64,Objects,0.36,0.38,50,within_sampled_range,UI,133,95.83333333333334,runs/yin_latest_vgg_20260927/transfer/results/r21vgg2k_vgg16_bn_aa5_s42/faces_cfdWM64/objects/results.csv,UI_cross
bin5,VGG2k / bin5,r21vgg2k_vgg16_bn_aa5_s42,face_transfer,124,two_cross,CFD WM64,Objects,0.36,0.38,50,within_sampled_range,UI,134,87.5,runs/yin_latest_vgg_20260927/transfer/results/r21vgg2k_vgg16_bn_aa5_s42/faces_cfdWM64/objects/results.csv,UI_cross
bin5,VGG2k / bin5,r21vgg2k_vgg16_bn_aa5_s42,face_transfer,124,two_cross,CFD WM64,Objects,0.36,0.38,50,within_sampled_range,UI,135,87.5,runs/yin_latest_vgg_20260927/transfer/results/r21vgg2k_vgg16_bn_aa5_s42/faces_cfdWM64/objects/results.csv,UI_cross
bin5,VGG2k / bin5,r21vgg2k_vgg16_bn_aa5_s42,face_transfer,124,two_cross,CFD WM64,Objects,0.36,0.38,50,within_sampled_range,UI,136,91.66666666666666,runs/yin_latest_vgg_20260927/transfer/results/r21vgg2k_vgg16_bn_aa5_s42/faces_cfdWM64/objects/results.csv,UI_cross
bin5,VGG2k / bin5,r21vgg2k_vgg16_bn_aa5_s42,face_transfer,124,two_cross,CFD WM64,Objects,0.36,0.38,50,within_sampled_range,UI,137,87.5,runs/yin_latest_vgg_20260927/transfer/results/r21vgg2k_vgg16_bn_aa5_s42/faces_cfdWM64/objects/results.csv,UI_cross
bin5,VGG2k / bin5,r21vgg2k_vgg16_bn_aa5_s42,face_transfer,124,two_cross,CFD WM64,Objects,0.36,0.38,50,within_sampled_range,UI,138,79.16666666666666,runs/yin_latest_vgg_20260927/transfer/results/r21vgg2k_vgg16_bn_aa5_s42/faces_cfdWM64/objects/results.csv,UI_cross
bin5,VGG2k / bin5,r21vgg2k_vgg16_bn_aa5_s42,face_transfer,124,two_cross,CFD WM64,Objects,0.36,0.38,50,within_sampled_range,UI,139,91.66666666666666,runs/yin_latest_vgg_20260927/transfer/results/r21vgg2k_vgg16_bn_aa5_s42/faces_cfdWM64/objects/results.csv,UI_cross
bin5,VGG2k / bin5,r21vgg2k_vgg16_bn_aa5_s42,face_transfer,124,two_cross,CFD WM64,Objects,0.36,0.38,50,within_sampled_range,UI,140,79.16666666666666,runs/yin_latest_vgg_20260927/transfer/results/r21vgg2k_vgg16_bn_aa5_s42/faces_cfdWM64/objects/results.csv,UI_cross
bin5,VGG2k / bin5,r21vgg2k_vgg16_bn_aa5_s42,face_transfer,124,two_cross,CFD WM64,Objects,0.36,0.38,50,within_sampled_range,UI,141,83.33333333333334,runs/yin_latest_vgg_20260927/transfer/results/r21vgg2k_vgg16_bn_aa5_s42/faces_cfdWM64/objects/results.csv,UI_cross
bin5,VGG2k / bin5,r21vgg2k_vgg16_bn_aa5_s42,face_transfer,124,two_cross,CFD WM64,Objects,0.36,0.38,50,within_sampled_range,UI,142,91.66666666666666,runs/yin_latest_vgg_20260927/transfer/results/r21vgg2k_vgg16_bn_aa5_s42/faces_cfdWM64/objects/results.csv,UI_cross
bin5,VGG2k / bin5,r21vgg2k_vgg16_bn_aa5_s42,face_transfer,124,two_cross,CFD WM64,Objects,0.36,0.38,50,within_sampled_range,UI,143,79.16666666666666,runs/yin_latest_vgg_20260927/transfer/results/r21vgg2k_vgg16_bn_aa5_s42/faces_cfdWM64/objects/results.csv,UI_cross
bin5,VGG2k / bin5,r21vgg2k_vgg16_bn_aa5_s42,face_transfer,124,two_cross,CFD WM64,Objects,0.36,0.38,50,within_sampled_range,UI,144,91.66666666666666,runs/yin_latest_vgg_20260927/transfer/results/r21vgg2k_vgg16_bn_aa5_s42/faces_cfdWM64/objects/results.csv,UI_cross
bin5,VGG2k / bin5,r21vgg2k_vgg16_bn_aa5_s42,face_transfer,124,two_cross,CFD WM64,Objects,0.36,0.38,50,within_sampled_range,UI,145,87.5,runs/yin_latest_vgg_20260927/transfer/results/r21vgg2k_vgg16_bn_aa5_s42/faces_cfdWM64/objects/results.csv,UI_cross
bin5,VGG2k / bin5,r21vgg2k_vgg16_bn_aa5_s42,face_transfer,124,two_cross,CFD WM64,Objects,0.36,0.38,50,within_sampled_range,UI,146,91.66666666666666,runs/yin_latest_vgg_20260927/transfer/results/r21vgg2k_vgg16_bn_aa5_s42/faces_cfdWM64/objects/results.csv,UI_cross
bin5,VGG2k / bin5,r21vgg2k_vgg16_bn_aa5_s42,face_transfer,124,two_cross,CFD WM64,Objects,0.36,0.38,50,within_sampled_range,UI,147,91.66666666666666,runs/yin_latest_vgg_20260927/transfer/results/r21vgg2k_vgg16_bn_aa5_s42/faces_cfdWM64/objects/results.csv,UI_cross
bin5,VGG2k / bin5,r21vgg2k_vgg16_bn_aa5_s42,face_transfer,124,two_cross,CFD WM64,Objects,0.36,0.38,50,within_sampled_range,UI,148,91.66666666666666,runs/yin_latest_vgg_20260927/transfer/results/r21vgg2k_vgg16_bn_aa5_s42/faces_cfdWM64/objects/results.csv,UI_cross
bin5,VGG2k / bin5,r21vgg2k_vgg16_bn_aa5_s42,face_transfer,124,two_cross,CFD WM64,Objects,0.36,0.38,50,within_sampled_range,UI,149,87.5,runs/yin_latest_vgg_20260927/transfer/results/r21vgg2k_vgg16_bn_aa5_s42/faces_cfdWM64/objects/results.csv,UI_cross
bin5,VGG2k / bin5,r21vgg2k_vgg16_bn_aa5_s42,face_transfer,124,two_cross,CFD WM64,Objects,0.36,0.38,50,within_sampled_range,UI,150,83.33333333333334,runs/yin_latest_vgg_20260927/transfer/results/r21vgg2k_vgg16_bn_aa5_s42/faces_cfdWM64/objects/results.csv,UI_cross
bin5,VGG2k / bin5,r21vgg2k_vgg16_bn_aa5_s42,face_transfer,124,two_cross,CFD WM64,Objects,0.36,0.38,50,within_sampled_range,IU,101,87.5,runs/yin_latest_vgg_20260927/transfer/results/r21vgg2k_vgg16_bn_aa5_s42/faces_cfdWM64/objects/results.csv,IU
bin5,VGG2k / bin5,r21vgg2k_vgg16_bn_aa5_s42,face_transfer,124,two_cross,CFD WM64,Objects,0.36,0.38,50,within_sampled_range,IU,102,91.66666666666666,runs/yin_latest_vgg_20260927/transfer/results/r21vgg2k_vgg16_bn_aa5_s42/faces_cfdWM64/objects/results.csv,IU
bin5,VGG2k / bin5,r21vgg2k_vgg16_bn_aa5_s42,face_transfer,124,two_cross,CFD WM64,Objects,0.36,0.38,50,within_sampled_range,IU,103,91.66666666666666,runs/yin_latest_vgg_20260927/transfer/results/r21vgg2k_vgg16_bn_aa5_s42/faces_cfdWM64/objects/results.csv,IU
bin5,VGG2k / bin5,r21vgg2k_vgg16_bn_aa5_s42,face_transfer,124,two_cross,CFD WM64,Objects,0.36,0.38,50,within_sampled_range,IU,104,95.83333333333334,runs/yin_latest_vgg_20260927/transfer/results/r21vgg2k_vgg16_bn_aa5_s42/faces_cfdWM64/objects/results.csv,IU
bin5,VGG2k / bin5,r21vgg2k_vgg16_bn_aa5_s42,face_transfer,124,two_cross,CFD WM64,Objects,0.36,0.38,50,within_sampled_range,IU,105,87.5,runs/yin_latest_vgg_20260927/transfer/results/r21vgg2k_vgg16_bn_aa5_s42/faces_cfdWM64/objects/results.csv,IU
bin5,VGG2k / bin5,r21vgg2k_vgg16_bn_aa5_s42,face_transfer,124,two_cross,CFD WM64,Objects,0.36,0.38,50,within_sampled_range,IU,106,91.66666666666666,runs/yin_latest_vgg_20260927/transfer/results/r21vgg2k_vgg16_bn_aa5_s42/faces_cfdWM64/objects/results.csv,IU
bin5,VGG2k / bin5,r21vgg2k_vgg16_bn_aa5_s42,face_transfer,124,two_cross,CFD WM64,Objects,0.36,0.38,50,within_sampled_range,IU,107,87.5,runs/yin_latest_vgg_20260927/transfer/results/r21vgg2k_vgg16_bn_aa5_s42/faces_cfdWM64/objects/results.csv,IU
bin5,VGG2k / bin5,r21vgg2k_vgg16_bn_aa5_s42,face_transfer,124,two_cross,CFD WM64,Objects,0.36,0.38,50,within_sampled_range,IU,108,83.33333333333334,runs/yin_latest_vgg_20260927/transfer/results/r21vgg2k_vgg16_bn_aa5_s42/faces_cfdWM64/objects/results.csv,IU
bin5,VGG2k / bin5,r21vgg2k_vgg16_bn_aa5_s42,face_transfer,124,two_cross,CFD WM64,Objects,0.36,0.38,50,within_sampled_range,IU,109,87.5,runs/yin_latest_vgg_20260927/transfer/results/r21vgg2k_vgg16_bn_aa5_s42/faces_cfdWM64/objects/results.csv,IU
bin5,VGG2k / bin5,r21vgg2k_vgg16_bn_aa5_s42,face_transfer,124,two_cross,CFD WM64,Objects,0.36,0.38,50,within_sampled_range,IU,110,91.66666666666666,runs/yin_latest_vgg_20260927/transfer/results/r21vgg2k_vgg16_bn_aa5_s42/faces_cfdWM64/objects/results.csv,IU
bin5,VGG2k / bin5,r21vgg2k_vgg16_bn_aa5_s42,face_transfer,124,two_cross,CFD WM64,Objects,0.36,0.38,50,within_sampled_range,IU,111,83.33333333333334,runs/yin_latest_vgg_20260927/transfer/results/r21vgg2k_vgg16_bn_aa5_s42/faces_cfdWM64/objects/results.csv,IU
bin5,VGG2k / bin5,r21vgg2k_vgg16_bn_aa5_s42,face_transfer,124,two_cross,CFD WM64,Objects,0.36,0.38,50,within_sampled_range,IU,112,91.66666666666666,runs/yin_latest_vgg_20260927/transfer/results/r21vgg2k_vgg16_bn_aa5_s42/faces_cfdWM64/objects/results.csv,IU
bin5,VGG2k / bin5,r21vgg2k_vgg16_bn_aa5_s42,face_transfer,124,two_cross,CFD WM64,Objects,0.36,0.38,50,within_sampled_range,IU,113,83.33333333333334,runs/yin_latest_vgg_20260927/transfer/results/r21vgg2k_vgg16_bn_aa5_s42/faces_cfdWM64/objects/results.csv,IU
bin5,VGG2k / bin5,r21vgg2k_vgg16_bn_aa5_s42,face_transfer,124,two_cross,CFD WM64,Objects,0.36,0.38,50,within_sampled_range,IU,114,87.5,runs/yin_latest_vgg_20260927/transfer/results/r21vgg2k_vgg16_bn_aa5_s42/faces_cfdWM64/objects/results.csv,IU
bin5,VGG2k / bin5,r21vgg2k_vgg16_bn_aa5_s42,face_transfer,124,two_cross,CFD WM64,Objects,0.36,0.38,50,within_sampled_range,IU,115,91.66666666666666,runs/yin_latest_vgg_20260927/transfer/results/r21vgg2k_vgg16_bn_aa5_s42/faces_cfdWM64/objects/results.csv,IU
bin5,VGG2k / bin5,r21vgg2k_vgg16_bn_aa5_s42,face_transfer,124,two_cross,CFD WM64,Objects,0.36,0.38,50,within_sampled_range,IU,116,87.5,runs/yin_latest_vgg_20260927/transfer/results/r21vgg2k_vgg16_bn_aa5_s42/faces_cfdWM64/objects/results.csv,IU
bin5,VGG2k / bin5,r21vgg2k_vgg16_bn_aa5_s42,face_transfer,124,two_cross,CFD WM64,Objects,0.36,0.38,50,within_sampled_range,IU,117,83.33333333333334,runs/yin_latest_vgg_20260927/transfer/results/r21vgg2k_vgg16_bn_aa5_s42/faces_cfdWM64/objects/results.csv,IU
bin5,VGG2k / bin5,r21vgg2k_vgg16_bn_aa5_s42,face_transfer,124,two_cross,CFD WM64,Objects,0.36,0.38,50,within_sampled_range,IU,118,100.0,runs/yin_latest_vgg_20260927/transfer/results/r21vgg2k_vgg16_bn_aa5_s42/faces_cfdWM64/objects/results.csv,IU
bin5,VGG2k / bin5,r21vgg2k_vgg16_bn_aa5_s42,face_transfer,124,two_cross,CFD WM64,Objects,0.36,0.38,50,within_sampled_range,IU,119,100.0,runs/yin_latest_vgg_20260927/transfer/results/r21vgg2k_vgg16_bn_aa5_s42/faces_cfdWM64/objects/results.csv,IU
bin5,VGG2k / bin5,r21vgg2k_vgg16_bn_aa5_s42,face_transfer,124,two_cross,CFD WM64,Objects,0.36,0.38,50,within_sampled_range,IU,120,91.66666666666666,runs/yin_latest_vgg_20260927/transfer/results/r21vgg2k_vgg16_bn_aa5_s42/faces_cfdWM64/objects/results.csv,IU
bin5,VGG2k / bin5,r21vgg2k_vgg16_bn_aa5_s42,face_transfer,124,two_cross,CFD WM64,Objects,0.36,0.38,50,within_sampled_range,IU,121,95.83333333333334,runs/yin_latest_vgg_20260927/transfer/results/r21vgg2k_vgg16_bn_aa5_s42/faces_cfdWM64/objects/results.csv,IU
bin5,VGG2k / bin5,r21vgg2k_vgg16_bn_aa5_s42,face_transfer,124,two_cross,CFD WM64,Objects,0.36,0.38,50,within_sampled_range,IU,122,87.5,runs/yin_latest_vgg_20260927/transfer/results/r21vgg2k_vgg16_bn_aa5_s42/faces_cfdWM64/objects/results.csv,IU
bin5,VGG2k / bin5,r21vgg2k_vgg16_bn_aa5_s42,face_transfer,124,two_cross,CFD WM64,Objects,0.36,0.38,50,within_sampled_range,IU,123,91.66666666666666,runs/yin_latest_vgg_20260927/transfer/results/r21vgg2k_vgg16_bn_aa5_s42/faces_cfdWM64/objects/results.csv,IU
bin5,VGG2k / bin5,r21vgg2k_vgg16_bn_aa5_s42,face_transfer,124,two_cross,CFD WM64,Objects,0.36,0.38,50,within_sampled_range,IU,124,91.66666666666666,runs/yin_latest_vgg_20260927/transfer/results/r21vgg2k_vgg16_bn_aa5_s42/faces_cfdWM64/objects/results.csv,IU
bin5,VGG2k / bin5,r21vgg2k_vgg16_bn_aa5_s42,face_transfer,124,two_cross,CFD WM64,Objects,0.36,0.38,50,within_sampled_range,IU,125,91.66666666666666,runs/yin_latest_vgg_20260927/transfer/results/r21vgg2k_vgg16_bn_aa5_s42/faces_cfdWM64/objects/results.csv,IU
bin5,VGG2k / bin5,r21vgg2k_vgg16_bn_aa5_s42,face_transfer,124,two_cross,CFD WM64,Objects,0.36,0.38,50,within_sampled_range,IU,126,95.83333333333334,runs/yin_latest_vgg_20260927/transfer/results/r21vgg2k_vgg16_bn_aa5_s42/faces_cfdWM64/objects/results.csv,IU
bin5,VGG2k / bin5,r21vgg2k_vgg16_bn_aa5_s42,face_transfer,124,two_cross,CFD WM64,Objects,0.36,0.38,50,within_sampled_range,IU,127,87.5,runs/yin_latest_vgg_20260927/transfer/results/r21vgg2k_vgg16_bn_aa5_s42/faces_cfdWM64/objects/results.csv,IU
bin5,VGG2k / bin5,r21vgg2k_vgg16_bn_aa5_s42,face_transfer,124,two_cross,CFD WM64,Objects,0.36,0.38,50,within_sampled_range,IU,128,95.83333333333334,runs/yin_latest_vgg_20260927/transfer/results/r21vgg2k_vgg16_bn_aa5_s42/faces_cfdWM64/objects/results.csv,IU
bin5,VGG2k / bin5,r21vgg2k_vgg16_bn_aa5_s42,face_transfer,124,two_cross,CFD WM64,Objects,0.36,0.38,50,within_sampled_range,IU,129,95.83333333333334,runs/yin_latest_vgg_20260927/transfer/results/r21vgg2k_vgg16_bn_aa5_s42/faces_cfdWM64/objects/results.csv,IU
bin5,VGG2k / bin5,r21vgg2k_vgg16_bn_aa5_s42,face_transfer,124,two_cross,CFD WM64,Objects,0.36,0.38,50,within_sampled_range,IU,130,91.66666666666666,runs/yin_latest_vgg_20260927/transfer/results/r21vgg2k_vgg16_bn_aa5_s42/faces_cfdWM64/objects/results.csv,IU
bin5,VGG2k / bin5,r21vgg2k_vgg16_bn_aa5_s42,face_transfer,124,two_cross,CFD WM64,Objects,0.36,0.38,50,within_sampled_range,IU,131,91.66666666666666,runs/yin_latest_vgg_20260927/transfer/results/r21vgg2k_vgg16_bn_aa5_s42/faces_cfdWM64/objects/results.csv,IU
bin5,VGG2k / bin5,r21vgg2k_vgg16_bn_aa5_s42,face_transfer,124,two_cross,CFD WM64,Objects,0.36,0.38,50,within_sampled_range,IU,132,91.66666666666666,runs/yin_latest_vgg_20260927/transfer/results/r21vgg2k_vgg16_bn_aa5_s42/faces_cfdWM64/objects/results.csv,IU
bin5,VGG2k / bin5,r21vgg2k_vgg16_bn_aa5_s42,face_transfer,124,two_cross,CFD WM64,Objects,0.36,0.38,50,within_sampled_range,IU,133,83.33333333333334,runs/yin_latest_vgg_20260927/transfer/results/r21vgg2k_vgg16_bn_aa5_s42/faces_cfdWM64/objects/results.csv,IU
bin5,VGG2k / bin5,r21vgg2k_vgg16_bn_aa5_s42,face_transfer,124,two_cross,CFD WM64,Objects,0.36,0.38,50,within_sampled_range,IU,134,83.33333333333334,runs/yin_latest_vgg_20260927/transfer/results/r21vgg2k_vgg16_bn_aa5_s42/faces_cfdWM64/objects/results.csv,IU
bin5,VGG2k / bin5,r21vgg2k_vgg16_bn_aa5_s42,face_transfer,124,two_cross,CFD WM64,Objects,0.36,0.38,50,within_sampled_range,IU,135,91.66666666666666,runs/yin_latest_vgg_20260927/transfer/results/r21vgg2k_vgg16_bn_aa5_s42/faces_cfdWM64/objects/results.csv,IU
bin5,VGG2k / bin5,r21vgg2k_vgg16_bn_aa5_s42,face_transfer,124,two_cross,CFD WM64,Objects,0.36,0.38,50,within_sampled_range,IU,136,100.0,runs/yin_latest_vgg_20260927/transfer/results/r21vgg2k_vgg16_bn_aa5_s42/faces_cfdWM64/objects/results.csv,IU
bin5,VGG2k / bin5,r21vgg2k_vgg16_bn_aa5_s42,face_transfer,124,two_cross,CFD WM64,Objects,0.36,0.38,50,within_sampled_range,IU,137,95.83333333333334,runs/yin_latest_vgg_20260927/transfer/results/r21vgg2k_vgg16_bn_aa5_s42/faces_cfdWM64/objects/results.csv,IU
bin5,VGG2k / bin5,r21vgg2k_vgg16_bn_aa5_s42,face_transfer,124,two_cross,CFD WM64,Objects,0.36,0.38,50,within_sampled_range,IU,138,95.83333333333334,runs/yin_latest_vgg_20260927/transfer/results/r21vgg2k_vgg16_bn_aa5_s42/faces_cfdWM64/objects/results.csv,IU
bin5,VGG2k / bin5,r21vgg2k_vgg16_bn_aa5_s42,face_transfer,124,two_cross,CFD WM64,Objects,0.36,0.38,50,within_sampled_range,IU,139,83.33333333333334,runs/yin_latest_vgg_20260927/transfer/results/r21vgg2k_vgg16_bn_aa5_s42/faces_cfdWM64/objects/results.csv,IU
bin5,VGG2k / bin5,r21vgg2k_vgg16_bn_aa5_s42,face_transfer,124,two_cross,CFD WM64,Objects,0.36,0.38,50,within_sampled_range,IU,140,87.5,runs/yin_latest_vgg_20260927/transfer/results/r21vgg2k_vgg16_bn_aa5_s42/faces_cfdWM64/objects/results.csv,IU
bin5,VGG2k / bin5,r21vgg2k_vgg16_bn_aa5_s42,face_transfer,124,two_cross,CFD WM64,Objects,0.36,0.38,50,within_sampled_range,IU,141,87.5,runs/yin_latest_vgg_20260927/transfer/results/r21vgg2k_vgg16_bn_aa5_s42/faces_cfdWM64/objects/results.csv,IU
bin5,VGG2k / bin5,r21vgg2k_vgg16_bn_aa5_s42,face_transfer,124,two_cross,CFD WM64,Objects,0.36,0.38,50,within_sampled_range,IU,142,87.5,runs/yin_latest_vgg_20260927/transfer/results/r21vgg2k_vgg16_bn_aa5_s42/faces_cfdWM64/objects/results.csv,IU
bin5,VGG2k / bin5,r21vgg2k_vgg16_bn_aa5_s42,face_transfer,124,two_cross,CFD WM64,Objects,0.36,0.38,50,within_sampled_range,IU,143,87.5,runs/yin_latest_vgg_20260927/transfer/results/r21vgg2k_vgg16_bn_aa5_s42/faces_cfdWM64/objects/results.csv,IU
bin5,VGG2k / bin5,r21vgg2k_vgg16_bn_aa5_s42,face_transfer,124,two_cross,CFD WM64,Objects,0.36,0.38,50,within_sampled_range,IU,144,91.66666666666666,runs/yin_latest_vgg_20260927/transfer/results/r21vgg2k_vgg16_bn_aa5_s42/faces_cfdWM64/objects/results.csv,IU
bin5,VGG2k / bin5,r21vgg2k_vgg16_bn_aa5_s42,face_transfer,124,two_cross,CFD WM64,Objects,0.36,0.38,50,within_sampled_range,IU,145,95.83333333333334,runs/yin_latest_vgg_20260927/transfer/results/r21vgg2k_vgg16_bn_aa5_s42/faces_cfdWM64/objects/results.csv,IU
bin5,VGG2k / bin5,r21vgg2k_vgg16_bn_aa5_s42,face_transfer,124,two_cross,CFD WM64,Objects,0.36,0.38,50,within_sampled_range,IU,146,95.83333333333334,runs/yin_latest_vgg_20260927/transfer/results/r21vgg2k_vgg16_bn_aa5_s42/faces_cfdWM64/objects/results.csv,IU
bin5,VGG2k / bin5,r21vgg2k_vgg16_bn_aa5_s42,face_transfer,124,two_cross,CFD WM64,Objects,0.36,0.38,50,within_sampled_range,IU,147,100.0,runs/yin_latest_vgg_20260927/transfer/results/r21vgg2k_vgg16_bn_aa5_s42/faces_cfdWM64/objects/results.csv,IU
bin5,VGG2k / bin5,r21vgg2k_vgg16_bn_aa5_s42,face_transfer,124,two_cross,CFD WM64,Objects,0.36,0.38,50,within_sampled_range,IU,148,79.16666666666666,runs/yin_latest_vgg_20260927/transfer/results/r21vgg2k_vgg16_bn_aa5_s42/faces_cfdWM64/objects/results.csv,IU
bin5,VGG2k / bin5,r21vgg2k_vgg16_bn_aa5_s42,face_transfer,124,two_cross,CFD WM64,Objects,0.36,0.38,50,within_sampled_range,IU,149,91.66666666666666,runs/yin_latest_vgg_20260927/transfer/results/r21vgg2k_vgg16_bn_aa5_s42/faces_cfdWM64/objects/results.csv,IU
bin5,VGG2k / bin5,r21vgg2k_vgg16_bn_aa5_s42,face_transfer,124,two_cross,CFD WM64,Objects,0.36,0.38,50,within_sampled_range,IU,150,100.0,runs/yin_latest_vgg_20260927/transfer/results/r21vgg2k_vgg16_bn_aa5_s42/faces_cfdWM64/objects/results.csv,IU
bin5,VGG2k / bin5,r21vgg2k_vgg16_bn_aa5_s42,face_transfer,124,two_shared_ui,CFD WM64,Objects,0.36,0.38,50,within_sampled_range,UU,101,100.0,runs/yin_latest_vgg_20260927/transfer/results/r21vgg2k_vgg16_bn_aa5_s42/faces_cfdWM64/objects/results.csv,UU
bin5,VGG2k / bin5,r21vgg2k_vgg16_bn_aa5_s42,face_transfer,124,two_shared_ui,CFD WM64,Objects,0.36,0.38,50,within_sampled_range,UU,102,95.83333333333334,runs/yin_latest_vgg_20260927/transfer/results/r21vgg2k_vgg16_bn_aa5_s42/faces_cfdWM64/objects/results.csv,UU
bin5,VGG2k / bin5,r21vgg2k_vgg16_bn_aa5_s42,face_transfer,124,two_shared_ui,CFD WM64,Objects,0.36,0.38,50,within_sampled_range,UU,103,100.0,runs/yin_latest_vgg_20260927/transfer/results/r21vgg2k_vgg16_bn_aa5_s42/faces_cfdWM64/objects/results.csv,UU
bin5,VGG2k / bin5,r21vgg2k_vgg16_bn_aa5_s42,face_transfer,124,two_shared_ui,CFD WM64,Objects,0.36,0.38,50,within_sampled_range,UU,104,100.0,runs/yin_latest_vgg_20260927/transfer/results/r21vgg2k_vgg16_bn_aa5_s42/faces_cfdWM64/objects/results.csv,UU
bin5,VGG2k / bin5,r21vgg2k_vgg16_bn_aa5_s42,face_transfer,124,two_shared_ui,CFD WM64,Objects,0.36,0.38,50,within_sampled_range,UU,105,95.83333333333334,runs/yin_latest_vgg_20260927/transfer/results/r21vgg2k_vgg16_bn_aa5_s42/faces_cfdWM64/objects/results.csv,UU
bin5,VGG2k / bin5,r21vgg2k_vgg16_bn_aa5_s42,face_transfer,124,two_shared_ui,CFD WM64,Objects,0.36,0.38,50,within_sampled_range,UU,106,95.83333333333334,runs/yin_latest_vgg_20260927/transfer/results/r21vgg2k_vgg16_bn_aa5_s42/faces_cfdWM64/objects/results.csv,UU
bin5,VGG2k / bin5,r21vgg2k_vgg16_bn_aa5_s42,face_transfer,124,two_shared_ui,CFD WM64,Objects,0.36,0.38,50,within_sampled_range,UU,107,95.83333333333334,runs/yin_latest_vgg_20260927/transfer/results/r21vgg2k_vgg16_bn_aa5_s42/faces_cfdWM64/objects/results.csv,UU
bin5,VGG2k / bin5,r21vgg2k_vgg16_bn_aa5_s42,face_transfer,124,two_shared_ui,CFD WM64,Objects,0.36,0.38,50,within_sampled_range,UU,108,83.33333333333334,runs/yin_latest_vgg_20260927/transfer/results/r21vgg2k_vgg16_bn_aa5_s42/faces_cfdWM64/objects/results.csv,UU
bin5,VGG2k / bin5,r21vgg2k_vgg16_bn_aa5_s42,face_transfer,124,two_shared_ui,CFD WM64,Objects,0.36,0.38,50,within_sampled_range,UU,109,91.66666666666666,runs/yin_latest_vgg_20260927/transfer/results/r21vgg2k_vgg16_bn_aa5_s42/faces_cfdWM64/objects/results.csv,UU
bin5,VGG2k / bin5,r21vgg2k_vgg16_bn_aa5_s42,face_transfer,124,two_shared_ui,CFD WM64,Objects,0.36,0.38,50,within_sampled_range,UU,110,83.33333333333334,runs/yin_latest_vgg_20260927/transfer/results/r21vgg2k_vgg16_bn_aa5_s42/faces_cfdWM64/objects/results.csv,UU
bin5,VGG2k / bin5,r21vgg2k_vgg16_bn_aa5_s42,face_transfer,124,two_shared_ui,CFD WM64,Objects,0.36,0.38,50,within_sampled_range,UU,111,91.66666666666666,runs/yin_latest_vgg_20260927/transfer/results/r21vgg2k_vgg16_bn_aa5_s42/faces_cfdWM64/objects/results.csv,UU
bin5,VGG2k / bin5,r21vgg2k_vgg16_bn_aa5_s42,face_transfer,124,two_shared_ui,CFD WM64,Objects,0.36,0.38,50,within_sampled_range,UU,112,100.0,runs/yin_latest_vgg_20260927/transfer/results/r21vgg2k_vgg16_bn_aa5_s42/faces_cfdWM64/objects/results.csv,UU
bin5,VGG2k / bin5,r21vgg2k_vgg16_bn_aa5_s42,face_transfer,124,two_shared_ui,CFD WM64,Objects,0.36,0.38,50,within_sampled_range,UU,113,100.0,runs/yin_latest_vgg_20260927/transfer/results/r21vgg2k_vgg16_bn_aa5_s42/faces_cfdWM64/objects/results.csv,UU
bin5,VGG2k / bin5,r21vgg2k_vgg16_bn_aa5_s42,face_transfer,124,two_shared_ui,CFD WM64,Objects,0.36,0.38,50,within_sampled_range,UU,114,91.66666666666666,runs/yin_latest_vgg_20260927/transfer/results/r21vgg2k_vgg16_bn_aa5_s42/faces_cfdWM64/objects/results.csv,UU
bin5,VGG2k / bin5,r21vgg2k_vgg16_bn_aa5_s42,face_transfer,124,two_shared_ui,CFD WM64,Objects,0.36,0.38,50,within_sampled_range,UU,115,95.83333333333334,runs/yin_latest_vgg_20260927/transfer/results/r21vgg2k_vgg16_bn_aa5_s42/faces_cfdWM64/objects/results.csv,UU
bin5,VGG2k / bin5,r21vgg2k_vgg16_bn_aa5_s42,face_transfer,124,two_shared_ui,CFD WM64,Objects,0.36,0.38,50,within_sampled_range,UU,116,91.66666666666666,runs/yin_latest_vgg_20260927/transfer/results/r21vgg2k_vgg16_bn_aa5_s42/faces_cfdWM64/objects/results.csv,UU
bin5,VGG2k / bin5,r21vgg2k_vgg16_bn_aa5_s42,face_transfer,124,two_shared_ui,CFD WM64,Objects,0.36,0.38,50,within_sampled_range,UU,117,100.0,runs/yin_latest_vgg_20260927/transfer/results/r21vgg2k_vgg16_bn_aa5_s42/faces_cfdWM64/objects/results.csv,UU
bin5,VGG2k / bin5,r21vgg2k_vgg16_bn_aa5_s42,face_transfer,124,two_shared_ui,CFD WM64,Objects,0.36,0.38,50,within_sampled_range,UU,118,95.83333333333334,runs/yin_latest_vgg_20260927/transfer/results/r21vgg2k_vgg16_bn_aa5_s42/faces_cfdWM64/objects/results.csv,UU
bin5,VGG2k / bin5,r21vgg2k_vgg16_bn_aa5_s42,face_transfer,124,two_shared_ui,CFD WM64,Objects,0.36,0.38,50,within_sampled_range,UU,119,100.0,runs/yin_latest_vgg_20260927/transfer/results/r21vgg2k_vgg16_bn_aa5_s42/faces_cfdWM64/objects/results.csv,UU
bin5,VGG2k / bin5,r21vgg2k_vgg16_bn_aa5_s42,face_transfer,124,two_shared_ui,CFD WM64,Objects,0.36,0.38,50,within_sampled_range,UU,120,91.66666666666666,runs/yin_latest_vgg_20260927/transfer/results/r21vgg2k_vgg16_bn_aa5_s42/faces_cfdWM64/objects/results.csv,UU
bin5,VGG2k / bin5,r21vgg2k_vgg16_bn_aa5_s42,face_transfer,124,two_shared_ui,CFD WM64,Objects,0.36,0.38,50,within_sampled_range,UU,121,83.33333333333334,runs/yin_latest_vgg_20260927/transfer/results/r21vgg2k_vgg16_bn_aa5_s42/faces_cfdWM64/objects/results.csv,UU
bin5,VGG2k / bin5,r21vgg2k_vgg16_bn_aa5_s42,face_transfer,124,two_shared_ui,CFD WM64,Objects,0.36,0.38,50,within_sampled_range,UU,122,95.83333333333334,runs/yin_latest_vgg_20260927/transfer/results/r21vgg2k_vgg16_bn_aa5_s42/faces_cfdWM64/objects/results.csv,UU
bin5,VGG2k / bin5,r21vgg2k_vgg16_bn_aa5_s42,face_transfer,124,two_shared_ui,CFD WM64,Objects,0.36,0.38,50,within_sampled_range,UU,123,91.66666666666666,runs/yin_latest_vgg_20260927/transfer/results/r21vgg2k_vgg16_bn_aa5_s42/faces_cfdWM64/objects/results.csv,UU
bin5,VGG2k / bin5,r21vgg2k_vgg16_bn_aa5_s42,face_transfer,124,two_shared_ui,CFD WM64,Objects,0.36,0.38,50,within_sampled_range,UU,124,95.83333333333334,runs/yin_latest_vgg_20260927/transfer/results/r21vgg2k_vgg16_bn_aa5_s42/faces_cfdWM64/objects/results.csv,UU
bin5,VGG2k / bin5,r21vgg2k_vgg16_bn_aa5_s42,face_transfer,124,two_shared_ui,CFD WM64,Objects,0.36,0.38,50,within_sampled_range,UU,125,91.66666666666666,runs/yin_latest_vgg_20260927/transfer/results/r21vgg2k_vgg16_bn_aa5_s42/faces_cfdWM64/objects/results.csv,UU
bin5,VGG2k / bin5,r21vgg2k_vgg16_bn_aa5_s42,face_transfer,124,two_shared_ui,CFD WM64,Objects,0.36,0.38,50,within_sampled_range,UU,126,95.83333333333334,runs/yin_latest_vgg_20260927/transfer/results/r21vgg2k_vgg16_bn_aa5_s42/faces_cfdWM64/objects/results.csv,UU
bin5,VGG2k / bin5,r21vgg2k_vgg16_bn_aa5_s42,face_transfer,124,two_shared_ui,CFD WM64,Objects,0.36,0.38,50,within_sampled_range,UU,127,95.83333333333334,runs/yin_latest_vgg_20260927/transfer/results/r21vgg2k_vgg16_bn_aa5_s42/faces_cfdWM64/objects/results.csv,UU
bin5,VGG2k / bin5,r21vgg2k_vgg16_bn_aa5_s42,face_transfer,124,two_shared_ui,CFD WM64,Objects,0.36,0.38,50,within_sampled_range,UU,128,95.83333333333334,runs/yin_latest_vgg_20260927/transfer/results/r21vgg2k_vgg16_bn_aa5_s42/faces_cfdWM64/objects/results.csv,UU
bin5,VGG2k / bin5,r21vgg2k_vgg16_bn_aa5_s42,face_transfer,124,two_shared_ui,CFD WM64,Objects,0.36,0.38,50,within_sampled_range,UU,129,100.0,runs/yin_latest_vgg_20260927/transfer/results/r21vgg2k_vgg16_bn_aa5_s42/faces_cfdWM64/objects/results.csv,UU
bin5,VGG2k / bin5,r21vgg2k_vgg16_bn_aa5_s42,face_transfer,124,two_shared_ui,CFD WM64,Objects,0.36,0.38,50,within_sampled_range,UU,130,100.0,runs/yin_latest_vgg_20260927/transfer/results/r21vgg2k_vgg16_bn_aa5_s42/faces_cfdWM64/objects/results.csv,UU
bin5,VGG2k / bin5,r21vgg2k_vgg16_bn_aa5_s42,face_transfer,124,two_shared_ui,CFD WM64,Objects,0.36,0.38,50,within_sampled_range,UU,131,100.0,runs/yin_latest_vgg_20260927/transfer/results/r21vgg2k_vgg16_bn_aa5_s42/faces_cfdWM64/objects/results.csv,UU
bin5,VGG2k / bin5,r21vgg2k_vgg16_bn_aa5_s42,face_transfer,124,two_shared_ui,CFD WM64,Objects,0.36,0.38,50,within_sampled_range,UU,132,100.0,runs/yin_latest_vgg_20260927/transfer/results/r21vgg2k_vgg16_bn_aa5_s42/faces_cfdWM64/objects/results.csv,UU
bin5,VGG2k / bin5,r21vgg2k_vgg16_bn_aa5_s42,face_transfer,124,two_shared_ui,CFD WM64,Objects,0.36,0.38,50,within_sampled_range,UU,133,95.83333333333334,runs/yin_latest_vgg_20260927/transfer/results/r21vgg2k_vgg16_bn_aa5_s42/faces_cfdWM64/objects/results.csv,UU
bin5,VGG2k / bin5,r21vgg2k_vgg16_bn_aa5_s42,face_transfer,124,two_shared_ui,CFD WM64,Objects,0.36,0.38,50,within_sampled_range,UU,134,91.66666666666666,runs/yin_latest_vgg_20260927/transfer/results/r21vgg2k_vgg16_bn_aa5_s42/faces_cfdWM64/objects/results.csv,UU
bin5,VGG2k / bin5,r21vgg2k_vgg16_bn_aa5_s42,face_transfer,124,two_shared_ui,CFD WM64,Objects,0.36,0.38,50,within_sampled_range,UU,135,91.66666666666666,runs/yin_latest_vgg_20260927/transfer/results/r21vgg2k_vgg16_bn_aa5_s42/faces_cfdWM64/objects/results.csv,UU
bin5,VGG2k / bin5,r21vgg2k_vgg16_bn_aa5_s42,face_transfer,124,two_shared_ui,CFD WM64,Objects,0.36,0.38,50,within_sampled_range,UU,136,91.66666666666666,runs/yin_latest_vgg_20260927/transfer/results/r21vgg2k_vgg16_bn_aa5_s42/faces_cfdWM64/objects/results.csv,UU
bin5,VGG2k / bin5,r21vgg2k_vgg16_bn_aa5_s42,face_transfer,124,two_shared_ui,CFD WM64,Objects,0.36,0.38,50,within_sampled_range,UU,137,95.83333333333334,runs/yin_latest_vgg_20260927/transfer/results/r21vgg2k_vgg16_bn_aa5_s42/faces_cfdWM64/objects/results.csv,UU
bin5,VGG2k / bin5,r21vgg2k_vgg16_bn_aa5_s42,face_transfer,124,two_shared_ui,CFD WM64,Objects,0.36,0.38,50,within_sampled_range,UU,138,100.0,runs/yin_latest_vgg_20260927/transfer/results/r21vgg2k_vgg16_bn_aa5_s42/faces_cfdWM64/objects/results.csv,UU
bin5,VGG2k / bin5,r21vgg2k_vgg16_bn_aa5_s42,face_transfer,124,two_shared_ui,CFD WM64,Objects,0.36,0.38,50,within_sampled_range,UU,139,91.66666666666666,runs/yin_latest_vgg_20260927/transfer/results/r21vgg2k_vgg16_bn_aa5_s42/faces_cfdWM64/objects/results.csv,UU
bin5,VGG2k / bin5,r21vgg2k_vgg16_bn_aa5_s42,face_transfer,124,two_shared_ui,CFD WM64,Objects,0.36,0.38,50,within_sampled_range,UU,140,95.83333333333334,runs/yin_latest_vgg_20260927/transfer/results/r21vgg2k_vgg16_bn_aa5_s42/faces_cfdWM64/objects/results.csv,UU
bin5,VGG2k / bin5,r21vgg2k_vgg16_bn_aa5_s42,face_transfer,124,two_shared_ui,CFD WM64,Objects,0.36,0.38,50,within_sampled_range,UU,141,95.83333333333334,runs/yin_latest_vgg_20260927/transfer/results/r21vgg2k_vgg16_bn_aa5_s42/faces_cfdWM64/objects/results.csv,UU
bin5,VGG2k / bin5,r21vgg2k_vgg16_bn_aa5_s42,face_transfer,124,two_shared_ui,CFD WM64,Objects,0.36,0.38,50,within_sampled_range,UU,142,100.0,runs/yin_latest_vgg_20260927/transfer/results/r21vgg2k_vgg16_bn_aa5_s42/faces_cfdWM64/objects/results.csv,UU
bin5,VGG2k / bin5,r21vgg2k_vgg16_bn_aa5_s42,face_transfer,124,two_shared_ui,CFD WM64,Objects,0.36,0.38,50,within_sampled_range,UU,143,91.66666666666666,runs/yin_latest_vgg_20260927/transfer/results/r21vgg2k_vgg16_bn_aa5_s42/faces_cfdWM64/objects/results.csv,UU
bin5,VGG2k / bin5,r21vgg2k_vgg16_bn_aa5_s42,face_transfer,124,two_shared_ui,CFD WM64,Objects,0.36,0.38,50,within_sampled_range,UU,144,100.0,runs/yin_latest_vgg_20260927/transfer/results/r21vgg2k_vgg16_bn_aa5_s42/faces_cfdWM64/objects/results.csv,UU
bin5,VGG2k / bin5,r21vgg2k_vgg16_bn_aa5_s42,face_transfer,124,two_shared_ui,CFD WM64,Objects,0.36,0.38,50,within_sampled_range,UU,145,100.0,runs/yin_latest_vgg_20260927/transfer/results/r21vgg2k_vgg16_bn_aa5_s42/faces_cfdWM64/objects/results.csv,UU
bin5,VGG2k / bin5,r21vgg2k_vgg16_bn_aa5_s42,face_transfer,124,two_shared_ui,CFD WM64,Objects,0.36,0.38,50,within_sampled_range,UU,146,100.0,runs/yin_latest_vgg_20260927/transfer/results/r21vgg2k_vgg16_bn_aa5_s42/faces_cfdWM64/objects/results.csv,UU
bin5,VGG2k / bin5,r21vgg2k_vgg16_bn_aa5_s42,face_transfer,124,two_shared_ui,CFD WM64,Objects,0.36,0.38,50,within_sampled_range,UU,147,95.83333333333334,runs/yin_latest_vgg_20260927/transfer/results/r21vgg2k_vgg16_bn_aa5_s42/faces_cfdWM64/objects/results.csv,UU
bin5,VGG2k / bin5,r21vgg2k_vgg16_bn_aa5_s42,face_transfer,124,two_shared_ui,CFD WM64,Objects,0.36,0.38,50,within_sampled_range,UU,148,100.0,runs/yin_latest_vgg_20260927/transfer/results/r21vgg2k_vgg16_bn_aa5_s42/faces_cfdWM64/objects/results.csv,UU
bin5,VGG2k / bin5,r21vgg2k_vgg16_bn_aa5_s42,face_transfer,124,two_shared_ui,CFD WM64,Objects,0.36,0.38,50,within_sampled_range,UU,149,91.66666666666666,runs/yin_latest_vgg_20260927/transfer/results/r21vgg2k_vgg16_bn_aa5_s42/faces_cfdWM64/objects/results.csv,UU
bin5,VGG2k / bin5,r21vgg2k_vgg16_bn_aa5_s42,face_transfer,124,two_shared_ui,CFD WM64,Objects,0.36,0.38,50,within_sampled_range,UU,150,100.0,runs/yin_latest_vgg_20260927/transfer/results/r21vgg2k_vgg16_bn_aa5_s42/faces_cfdWM64/objects/results.csv,UU
bin5,VGG2k / bin5,r21vgg2k_vgg16_bn_aa5_s42,face_transfer,124,two_shared_ui,CFD WM64,Objects,0.36,0.38,50,within_sampled_range,II,101,83.33333333333334,runs/yin_latest_vgg_20260927/transfer/results/r21vgg2k_vgg16_bn_aa5_s42/faces_cfdWM64/objects/results.csv,II
bin5,VGG2k / bin5,r21vgg2k_vgg16_bn_aa5_s42,face_transfer,124,two_shared_ui,CFD WM64,Objects,0.36,0.38,50,within_sampled_range,II,102,91.66666666666666,runs/yin_latest_vgg_20260927/transfer/results/r21vgg2k_vgg16_bn_aa5_s42/faces_cfdWM64/objects/results.csv,II
bin5,VGG2k / bin5,r21vgg2k_vgg16_bn_aa5_s42,face_transfer,124,two_shared_ui,CFD WM64,Objects,0.36,0.38,50,within_sampled_range,II,103,87.5,runs/yin_latest_vgg_20260927/transfer/results/r21vgg2k_vgg16_bn_aa5_s42/faces_cfdWM64/objects/results.csv,II
bin5,VGG2k / bin5,r21vgg2k_vgg16_bn_aa5_s42,face_transfer,124,two_shared_ui,CFD WM64,Objects,0.36,0.38,50,within_sampled_range,II,104,91.66666666666666,runs/yin_latest_vgg_20260927/transfer/results/r21vgg2k_vgg16_bn_aa5_s42/faces_cfdWM64/objects/results.csv,II
bin5,VGG2k / bin5,r21vgg2k_vgg16_bn_aa5_s42,face_transfer,124,two_shared_ui,CFD WM64,Objects,0.36,0.38,50,within_sampled_range,II,105,79.16666666666666,runs/yin_latest_vgg_20260927/transfer/results/r21vgg2k_vgg16_bn_aa5_s42/faces_cfdWM64/objects/results.csv,II
bin5,VGG2k / bin5,r21vgg2k_vgg16_bn_aa5_s42,face_transfer,124,two_shared_ui,CFD WM64,Objects,0.36,0.38,50,within_sampled_range,II,106,91.66666666666666,runs/yin_latest_vgg_20260927/transfer/results/r21vgg2k_vgg16_bn_aa5_s42/faces_cfdWM64/objects/results.csv,II
bin5,VGG2k / bin5,r21vgg2k_vgg16_bn_aa5_s42,face_transfer,124,two_shared_ui,CFD WM64,Objects,0.36,0.38,50,within_sampled_range,II,107,95.83333333333334,runs/yin_latest_vgg_20260927/transfer/results/r21vgg2k_vgg16_bn_aa5_s42/faces_cfdWM64/objects/results.csv,II
bin5,VGG2k / bin5,r21vgg2k_vgg16_bn_aa5_s42,face_transfer,124,two_shared_ui,CFD WM64,Objects,0.36,0.38,50,within_sampled_range,II,108,83.33333333333334,runs/yin_latest_vgg_20260927/transfer/results/r21vgg2k_vgg16_bn_aa5_s42/faces_cfdWM64/objects/results.csv,II
bin5,VGG2k / bin5,r21vgg2k_vgg16_bn_aa5_s42,face_transfer,124,two_shared_ui,CFD WM64,Objects,0.36,0.38,50,within_sampled_range,II,109,75.0,runs/yin_latest_vgg_20260927/transfer/results/r21vgg2k_vgg16_bn_aa5_s42/faces_cfdWM64/objects/results.csv,II
bin5,VGG2k / bin5,r21vgg2k_vgg16_bn_aa5_s42,face_transfer,124,two_shared_ui,CFD WM64,Objects,0.36,0.38,50,within_sampled_range,II,110,91.66666666666666,runs/yin_latest_vgg_20260927/transfer/results/r21vgg2k_vgg16_bn_aa5_s42/faces_cfdWM64/objects/results.csv,II
bin5,VGG2k / bin5,r21vgg2k_vgg16_bn_aa5_s42,face_transfer,124,two_shared_ui,CFD WM64,Objects,0.36,0.38,50,within_sampled_range,II,111,83.33333333333334,runs/yin_latest_vgg_20260927/transfer/results/r21vgg2k_vgg16_bn_aa5_s42/faces_cfdWM64/objects/results.csv,II
bin5,VGG2k / bin5,r21vgg2k_vgg16_bn_aa5_s42,face_transfer,124,two_shared_ui,CFD WM64,Objects,0.36,0.38,50,within_sampled_range,II,112,91.66666666666666,runs/yin_latest_vgg_20260927/transfer/results/r21vgg2k_vgg16_bn_aa5_s42/faces_cfdWM64/objects/results.csv,II
bin5,VGG2k / bin5,r21vgg2k_vgg16_bn_aa5_s42,face_transfer,124,two_shared_ui,CFD WM64,Objects,0.36,0.38,50,within_sampled_range,II,113,91.66666666666666,runs/yin_latest_vgg_20260927/transfer/results/r21vgg2k_vgg16_bn_aa5_s42/faces_cfdWM64/objects/results.csv,II
bin5,VGG2k / bin5,r21vgg2k_vgg16_bn_aa5_s42,face_transfer,124,two_shared_ui,CFD WM64,Objects,0.36,0.38,50,within_sampled_range,II,114,100.0,runs/yin_latest_vgg_20260927/transfer/results/r21vgg2k_vgg16_bn_aa5_s42/faces_cfdWM64/objects/results.csv,II
bin5,VGG2k / bin5,r21vgg2k_vgg16_bn_aa5_s42,face_transfer,124,two_shared_ui,CFD WM64,Objects,0.36,0.38,50,within_sampled_range,II,115,91.66666666666666,runs/yin_latest_vgg_20260927/transfer/results/r21vgg2k_vgg16_bn_aa5_s42/faces_cfdWM64/objects/results.csv,II
bin5,VGG2k / bin5,r21vgg2k_vgg16_bn_aa5_s42,face_transfer,124,two_shared_ui,CFD WM64,Objects,0.36,0.38,50,within_sampled_range,II,116,83.33333333333334,runs/yin_latest_vgg_20260927/transfer/results/r21vgg2k_vgg16_bn_aa5_s42/faces_cfdWM64/objects/results.csv,II
bin5,VGG2k / bin5,r21vgg2k_vgg16_bn_aa5_s42,face_transfer,124,two_shared_ui,CFD WM64,Objects,0.36,0.38,50,within_sampled_range,II,117,87.5,runs/yin_latest_vgg_20260927/transfer/results/r21vgg2k_vgg16_bn_aa5_s42/faces_cfdWM64/objects/results.csv,II
bin5,VGG2k / bin5,r21vgg2k_vgg16_bn_aa5_s42,face_transfer,124,two_shared_ui,CFD WM64,Objects,0.36,0.38,50,within_sampled_range,II,118,95.83333333333334,runs/yin_latest_vgg_20260927/transfer/results/r21vgg2k_vgg16_bn_aa5_s42/faces_cfdWM64/objects/results.csv,II
bin5,VGG2k / bin5,r21vgg2k_vgg16_bn_aa5_s42,face_transfer,124,two_shared_ui,CFD WM64,Objects,0.36,0.38,50,within_sampled_range,II,119,87.5,runs/yin_latest_vgg_20260927/transfer/results/r21vgg2k_vgg16_bn_aa5_s42/faces_cfdWM64/objects/results.csv,II
bin5,VGG2k / bin5,r21vgg2k_vgg16_bn_aa5_s42,face_transfer,124,two_shared_ui,CFD WM64,Objects,0.36,0.38,50,within_sampled_range,II,120,83.33333333333334,runs/yin_latest_vgg_20260927/transfer/results/r21vgg2k_vgg16_bn_aa5_s42/faces_cfdWM64/objects/results.csv,II
bin5,VGG2k / bin5,r21vgg2k_vgg16_bn_aa5_s42,face_transfer,124,two_shared_ui,CFD WM64,Objects,0.36,0.38,50,within_sampled_range,II,121,83.33333333333334,runs/yin_latest_vgg_20260927/transfer/results/r21vgg2k_vgg16_bn_aa5_s42/faces_cfdWM64/objects/results.csv,II
bin5,VGG2k / bin5,r21vgg2k_vgg16_bn_aa5_s42,face_transfer,124,two_shared_ui,CFD WM64,Objects,0.36,0.38,50,within_sampled_range,II,122,83.33333333333334,runs/yin_latest_vgg_20260927/transfer/results/r21vgg2k_vgg16_bn_aa5_s42/faces_cfdWM64/objects/results.csv,II
bin5,VGG2k / bin5,r21vgg2k_vgg16_bn_aa5_s42,face_transfer,124,two_shared_ui,CFD WM64,Objects,0.36,0.38,50,within_sampled_range,II,123,95.83333333333334,runs/yin_latest_vgg_20260927/transfer/results/r21vgg2k_vgg16_bn_aa5_s42/faces_cfdWM64/objects/results.csv,II
bin5,VGG2k / bin5,r21vgg2k_vgg16_bn_aa5_s42,face_transfer,124,two_shared_ui,CFD WM64,Objects,0.36,0.38,50,within_sampled_range,II,124,87.5,runs/yin_latest_vgg_20260927/transfer/results/r21vgg2k_vgg16_bn_aa5_s42/faces_cfdWM64/objects/results.csv,II
bin5,VGG2k / bin5,r21vgg2k_vgg16_bn_aa5_s42,face_transfer,124,two_shared_ui,CFD WM64,Objects,0.36,0.38,50,within_sampled_range,II,125,91.66666666666666,runs/yin_latest_vgg_20260927/transfer/results/r21vgg2k_vgg16_bn_aa5_s42/faces_cfdWM64/objects/results.csv,II
bin5,VGG2k / bin5,r21vgg2k_vgg16_bn_aa5_s42,face_transfer,124,two_shared_ui,CFD WM64,Objects,0.36,0.38,50,within_sampled_range,II,126,95.83333333333334,runs/yin_latest_vgg_20260927/transfer/results/r21vgg2k_vgg16_bn_aa5_s42/faces_cfdWM64/objects/results.csv,II
bin5,VGG2k / bin5,r21vgg2k_vgg16_bn_aa5_s42,face_transfer,124,two_shared_ui,CFD WM64,Objects,0.36,0.38,50,within_sampled_range,II,127,87.5,runs/yin_latest_vgg_20260927/transfer/results/r21vgg2k_vgg16_bn_aa5_s42/faces_cfdWM64/objects/results.csv,II
bin5,VGG2k / bin5,r21vgg2k_vgg16_bn_aa5_s42,face_transfer,124,two_shared_ui,CFD WM64,Objects,0.36,0.38,50,within_sampled_range,II,128,91.66666666666666,runs/yin_latest_vgg_20260927/transfer/results/r21vgg2k_vgg16_bn_aa5_s42/faces_cfdWM64/objects/results.csv,II
bin5,VGG2k / bin5,r21vgg2k_vgg16_bn_aa5_s42,face_transfer,124,two_shared_ui,CFD WM64,Objects,0.36,0.38,50,within_sampled_range,II,129,91.66666666666666,runs/yin_latest_vgg_20260927/transfer/results/r21vgg2k_vgg16_bn_aa5_s42/faces_cfdWM64/objects/results.csv,II
bin5,VGG2k / bin5,r21vgg2k_vgg16_bn_aa5_s42,face_transfer,124,two_shared_ui,CFD WM64,Objects,0.36,0.38,50,within_sampled_range,II,130,95.83333333333334,runs/yin_latest_vgg_20260927/transfer/results/r21vgg2k_vgg16_bn_aa5_s42/faces_cfdWM64/objects/results.csv,II
bin5,VGG2k / bin5,r21vgg2k_vgg16_bn_aa5_s42,face_transfer,124,two_shared_ui,CFD WM64,Objects,0.36,0.38,50,within_sampled_range,II,131,91.66666666666666,runs/yin_latest_vgg_20260927/transfer/results/r21vgg2k_vgg16_bn_aa5_s42/faces_cfdWM64/objects/results.csv,II
bin5,VGG2k / bin5,r21vgg2k_vgg16_bn_aa5_s42,face_transfer,124,two_shared_ui,CFD WM64,Objects,0.36,0.38,50,within_sampled_range,II,132,95.83333333333334,runs/yin_latest_vgg_20260927/transfer/results/r21vgg2k_vgg16_bn_aa5_s42/faces_cfdWM64/objects/results.csv,II
bin5,VGG2k / bin5,r21vgg2k_vgg16_bn_aa5_s42,face_transfer,124,two_shared_ui,CFD WM64,Objects,0.36,0.38,50,within_sampled_range,II,133,87.5,runs/yin_latest_vgg_20260927/transfer/results/r21vgg2k_vgg16_bn_aa5_s42/faces_cfdWM64/objects/results.csv,II
bin5,VGG2k / bin5,r21vgg2k_vgg16_bn_aa5_s42,face_transfer,124,two_shared_ui,CFD WM64,Objects,0.36,0.38,50,within_sampled_range,II,134,91.66666666666666,runs/yin_latest_vgg_20260927/transfer/results/r21vgg2k_vgg16_bn_aa5_s42/faces_cfdWM64/objects/results.csv,II
bin5,VGG2k / bin5,r21vgg2k_vgg16_bn_aa5_s42,face_transfer,124,two_shared_ui,CFD WM64,Objects,0.36,0.38,50,within_sampled_range,II,135,91.66666666666666,runs/yin_latest_vgg_20260927/transfer/results/r21vgg2k_vgg16_bn_aa5_s42/faces_cfdWM64/objects/results.csv,II
bin5,VGG2k / bin5,r21vgg2k_vgg16_bn_aa5_s42,face_transfer,124,two_shared_ui,CFD WM64,Objects,0.36,0.38,50,within_sampled_range,II,136,87.5,runs/yin_latest_vgg_20260927/transfer/results/r21vgg2k_vgg16_bn_aa5_s42/faces_cfdWM64/objects/results.csv,II
bin5,VGG2k / bin5,r21vgg2k_vgg16_bn_aa5_s42,face_transfer,124,two_shared_ui,CFD WM64,Objects,0.36,0.38,50,within_sampled_range,II,137,91.66666666666666,runs/yin_latest_vgg_20260927/transfer/results/r21vgg2k_vgg16_bn_aa5_s42/faces_cfdWM64/objects/results.csv,II
bin5,VGG2k / bin5,r21vgg2k_vgg16_bn_aa5_s42,face_transfer,124,two_shared_ui,CFD WM64,Objects,0.36,0.38,50,within_sampled_range,II,138,87.5,runs/yin_latest_vgg_20260927/transfer/results/r21vgg2k_vgg16_bn_aa5_s42/faces_cfdWM64/objects/results.csv,II
bin5,VGG2k / bin5,r21vgg2k_vgg16_bn_aa5_s42,face_transfer,124,two_shared_ui,CFD WM64,Objects,0.36,0.38,50,within_sampled_range,II,139,83.33333333333334,runs/yin_latest_vgg_20260927/transfer/results/r21vgg2k_vgg16_bn_aa5_s42/faces_cfdWM64/objects/results.csv,II
bin5,VGG2k / bin5,r21vgg2k_vgg16_bn_aa5_s42,face_transfer,124,two_shared_ui,CFD WM64,Objects,0.36,0.38,50,within_sampled_range,II,140,83.33333333333334,runs/yin_latest_vgg_20260927/transfer/results/r21vgg2k_vgg16_bn_aa5_s42/faces_cfdWM64/objects/results.csv,II
bin5,VGG2k / bin5,r21vgg2k_vgg16_bn_aa5_s42,face_transfer,124,two_shared_ui,CFD WM64,Objects,0.36,0.38,50,within_sampled_range,II,141,83.33333333333334,runs/yin_latest_vgg_20260927/transfer/results/r21vgg2k_vgg16_bn_aa5_s42/faces_cfdWM64/objects/results.csv,II
bin5,VGG2k / bin5,r21vgg2k_vgg16_bn_aa5_s42,face_transfer,124,two_shared_ui,CFD WM64,Objects,0.36,0.38,50,within_sampled_range,II,142,95.83333333333334,runs/yin_latest_vgg_20260927/transfer/results/r21vgg2k_vgg16_bn_aa5_s42/faces_cfdWM64/objects/results.csv,II
bin5,VGG2k / bin5,r21vgg2k_vgg16_bn_aa5_s42,face_transfer,124,two_shared_ui,CFD WM64,Objects,0.36,0.38,50,within_sampled_range,II,143,87.5,runs/yin_latest_vgg_20260927/transfer/results/r21vgg2k_vgg16_bn_aa5_s42/faces_cfdWM64/objects/results.csv,II
bin5,VGG2k / bin5,r21vgg2k_vgg16_bn_aa5_s42,face_transfer,124,two_shared_ui,CFD WM64,Objects,0.36,0.38,50,within_sampled_range,II,144,91.66666666666666,runs/yin_latest_vgg_20260927/transfer/results/r21vgg2k_vgg16_bn_aa5_s42/faces_cfdWM64/objects/results.csv,II
bin5,VGG2k / bin5,r21vgg2k_vgg16_bn_aa5_s42,face_transfer,124,two_shared_ui,CFD WM64,Objects,0.36,0.38,50,within_sampled_range,II,145,91.66666666666666,runs/yin_latest_vgg_20260927/transfer/results/r21vgg2k_vgg16_bn_aa5_s42/faces_cfdWM64/objects/results.csv,II
bin5,VGG2k / bin5,r21vgg2k_vgg16_bn_aa5_s42,face_transfer,124,two_shared_ui,CFD WM64,Objects,0.36,0.38,50,within_sampled_range,II,146,95.83333333333334,runs/yin_latest_vgg_20260927/transfer/results/r21vgg2k_vgg16_bn_aa5_s42/faces_cfdWM64/objects/results.csv,II
bin5,VGG2k / bin5,r21vgg2k_vgg16_bn_aa5_s42,face_transfer,124,two_shared_ui,CFD WM64,Objects,0.36,0.38,50,within_sampled_range,II,147,91.66666666666666,runs/yin_latest_vgg_20260927/transfer/results/r21vgg2k_vgg16_bn_aa5_s42/faces_cfdWM64/objects/results.csv,II
bin5,VGG2k / bin5,r21vgg2k_vgg16_bn_aa5_s42,face_transfer,124,two_shared_ui,CFD WM64,Objects,0.36,0.38,50,within_sampled_range,II,148,83.33333333333334,runs/yin_latest_vgg_20260927/transfer/results/r21vgg2k_vgg16_bn_aa5_s42/faces_cfdWM64/objects/results.csv,II
bin5,VGG2k / bin5,r21vgg2k_vgg16_bn_aa5_s42,face_transfer,124,two_shared_ui,CFD WM64,Objects,0.36,0.38,50,within_sampled_range,II,149,79.16666666666666,runs/yin_latest_vgg_20260927/transfer/results/r21vgg2k_vgg16_bn_aa5_s42/faces_cfdWM64/objects/results.csv,II
bin5,VGG2k / bin5,r21vgg2k_vgg16_bn_aa5_s42,face_transfer,124,two_shared_ui,CFD WM64,Objects,0.36,0.38,50,within_sampled_range,II,150,79.16666666666666,runs/yin_latest_vgg_20260927/transfer/results/r21vgg2k_vgg16_bn_aa5_s42/faces_cfdWM64/objects/results.csv,II
bin5,VGG2k / bin5,r21vgg2k_vgg16_bn_aa5_s42,face_transfer,124,two_shared_ui,CFD WM64,Objects,0.36,0.38,50,within_sampled_range,UI,101,91.66666666666666,runs/yin_latest_vgg_20260927/transfer/results/r21vgg2k_vgg16_bn_aa5_s42/faces_cfdWM64/objects/results.csv,UI_shared
bin5,VGG2k / bin5,r21vgg2k_vgg16_bn_aa5_s42,face_transfer,124,two_shared_ui,CFD WM64,Objects,0.36,0.38,50,within_sampled_range,UI,102,87.5,runs/yin_latest_vgg_20260927/transfer/results/r21vgg2k_vgg16_bn_aa5_s42/faces_cfdWM64/objects/results.csv,UI_shared
bin5,VGG2k / bin5,r21vgg2k_vgg16_bn_aa5_s42,face_transfer,124,two_shared_ui,CFD WM64,Objects,0.36,0.38,50,within_sampled_range,UI,103,87.5,runs/yin_latest_vgg_20260927/transfer/results/r21vgg2k_vgg16_bn_aa5_s42/faces_cfdWM64/objects/results.csv,UI_shared
bin5,VGG2k / bin5,r21vgg2k_vgg16_bn_aa5_s42,face_transfer,124,two_shared_ui,CFD WM64,Objects,0.36,0.38,50,within_sampled_range,UI,104,95.83333333333334,runs/yin_latest_vgg_20260927/transfer/results/r21vgg2k_vgg16_bn_aa5_s42/faces_cfdWM64/objects/results.csv,UI_shared
bin5,VGG2k / bin5,r21vgg2k_vgg16_bn_aa5_s42,face_transfer,124,two_shared_ui,CFD WM64,Objects,0.36,0.38,50,within_sampled_range,UI,105,75.0,runs/yin_latest_vgg_20260927/transfer/results/r21vgg2k_vgg16_bn_aa5_s42/faces_cfdWM64/objects/results.csv,UI_shared
bin5,VGG2k / bin5,r21vgg2k_vgg16_bn_aa5_s42,face_transfer,124,two_shared_ui,CFD WM64,Objects,0.36,0.38,50,within_sampled_range,UI,106,91.66666666666666,runs/yin_latest_vgg_20260927/transfer/results/r21vgg2k_vgg16_bn_aa5_s42/faces_cfdWM64/objects/results.csv,UI_shared
bin5,VGG2k / bin5,r21vgg2k_vgg16_bn_aa5_s42,face_transfer,124,two_shared_ui,CFD WM64,Objects,0.36,0.38,50,within_sampled_range,UI,107,91.66666666666666,runs/yin_latest_vgg_20260927/transfer/results/r21vgg2k_vgg16_bn_aa5_s42/faces_cfdWM64/objects/results.csv,UI_shared
bin5,VGG2k / bin5,r21vgg2k_vgg16_bn_aa5_s42,face_transfer,124,two_shared_ui,CFD WM64,Objects,0.36,0.38,50,within_sampled_range,UI,108,83.33333333333334,runs/yin_latest_vgg_20260927/transfer/results/r21vgg2k_vgg16_bn_aa5_s42/faces_cfdWM64/objects/results.csv,UI_shared
bin5,VGG2k / bin5,r21vgg2k_vgg16_bn_aa5_s42,face_transfer,124,two_shared_ui,CFD WM64,Objects,0.36,0.38,50,within_sampled_range,UI,109,91.66666666666666,runs/yin_latest_vgg_20260927/transfer/results/r21vgg2k_vgg16_bn_aa5_s42/faces_cfdWM64/objects/results.csv,UI_shared
bin5,VGG2k / bin5,r21vgg2k_vgg16_bn_aa5_s42,face_transfer,124,two_shared_ui,CFD WM64,Objects,0.36,0.38,50,within_sampled_range,UI,110,79.16666666666666,runs/yin_latest_vgg_20260927/transfer/results/r21vgg2k_vgg16_bn_aa5_s42/faces_cfdWM64/objects/results.csv,UI_shared
bin5,VGG2k / bin5,r21vgg2k_vgg16_bn_aa5_s42,face_transfer,124,two_shared_ui,CFD WM64,Objects,0.36,0.38,50,within_sampled_range,UI,111,87.5,runs/yin_latest_vgg_20260927/transfer/results/r21vgg2k_vgg16_bn_aa5_s42/faces_cfdWM64/objects/results.csv,UI_shared
bin5,VGG2k / bin5,r21vgg2k_vgg16_bn_aa5_s42,face_transfer,124,two_shared_ui,CFD WM64,Objects,0.36,0.38,50,within_sampled_range,UI,112,91.66666666666666,runs/yin_latest_vgg_20260927/transfer/results/r21vgg2k_vgg16_bn_aa5_s42/faces_cfdWM64/objects/results.csv,UI_shared
bin5,VGG2k / bin5,r21vgg2k_vgg16_bn_aa5_s42,face_transfer,124,two_shared_ui,CFD WM64,Objects,0.36,0.38,50,within_sampled_range,UI,113,91.66666666666666,runs/yin_latest_vgg_20260927/transfer/results/r21vgg2k_vgg16_bn_aa5_s42/faces_cfdWM64/objects/results.csv,UI_shared
bin5,VGG2k / bin5,r21vgg2k_vgg16_bn_aa5_s42,face_transfer,124,two_shared_ui,CFD WM64,Objects,0.36,0.38,50,within_sampled_range,UI,114,95.83333333333334,runs/yin_latest_vgg_20260927/transfer/results/r21vgg2k_vgg16_bn_aa5_s42/faces_cfdWM64/objects/results.csv,UI_shared
bin5,VGG2k / bin5,r21vgg2k_vgg16_bn_aa5_s42,face_transfer,124,two_shared_ui,CFD WM64,Objects,0.36,0.38,50,within_sampled_range,UI,115,95.83333333333334,runs/yin_latest_vgg_20260927/transfer/results/r21vgg2k_vgg16_bn_aa5_s42/faces_cfdWM64/objects/results.csv,UI_shared
bin5,VGG2k / bin5,r21vgg2k_vgg16_bn_aa5_s42,face_transfer,124,two_shared_ui,CFD WM64,Objects,0.36,0.38,50,within_sampled_range,UI,116,91.66666666666666,runs/yin_latest_vgg_20260927/transfer/results/r21vgg2k_vgg16_bn_aa5_s42/faces_cfdWM64/objects/results.csv,UI_shared
bin5,VGG2k / bin5,r21vgg2k_vgg16_bn_aa5_s42,face_transfer,124,two_shared_ui,CFD WM64,Objects,0.36,0.38,50,within_sampled_range,UI,117,95.83333333333334,runs/yin_latest_vgg_20260927/transfer/results/r21vgg2k_vgg16_bn_aa5_s42/faces_cfdWM64/objects/results.csv,UI_shared
bin5,VGG2k / bin5,r21vgg2k_vgg16_bn_aa5_s42,face_transfer,124,two_shared_ui,CFD WM64,Objects,0.36,0.38,50,within_sampled_range,UI,118,95.83333333333334,runs/yin_latest_vgg_20260927/transfer/results/r21vgg2k_vgg16_bn_aa5_s42/faces_cfdWM64/objects/results.csv,UI_shared
bin5,VGG2k / bin5,r21vgg2k_vgg16_bn_aa5_s42,face_transfer,124,two_shared_ui,CFD WM64,Objects,0.36,0.38,50,within_sampled_range,UI,119,95.83333333333334,runs/yin_latest_vgg_20260927/transfer/results/r21vgg2k_vgg16_bn_aa5_s42/faces_cfdWM64/objects/results.csv,UI_shared
bin5,VGG2k / bin5,r21vgg2k_vgg16_bn_aa5_s42,face_transfer,124,two_shared_ui,CFD WM64,Objects,0.36,0.38,50,within_sampled_range,UI,120,91.66666666666666,runs/yin_latest_vgg_20260927/transfer/results/r21vgg2k_vgg16_bn_aa5_s42/faces_cfdWM64/objects/results.csv,UI_shared
bin5,VGG2k / bin5,r21vgg2k_vgg16_bn_aa5_s42,face_transfer,124,two_shared_ui,CFD WM64,Objects,0.36,0.38,50,within_sampled_range,UI,121,83.33333333333334,runs/yin_latest_vgg_20260927/transfer/results/r21vgg2k_vgg16_bn_aa5_s42/faces_cfdWM64/objects/results.csv,UI_shared
bin5,VGG2k / bin5,r21vgg2k_vgg16_bn_aa5_s42,face_transfer,124,two_shared_ui,CFD WM64,Objects,0.36,0.38,50,within_sampled_range,UI,122,75.0,runs/yin_latest_vgg_20260927/transfer/results/r21vgg2k_vgg16_bn_aa5_s42/faces_cfdWM64/objects/results.csv,UI_shared
bin5,VGG2k / bin5,r21vgg2k_vgg16_bn_aa5_s42,face_transfer,124,two_shared_ui,CFD WM64,Objects,0.36,0.38,50,within_sampled_range,UI,123,79.16666666666666,runs/yin_latest_vgg_20260927/transfer/results/r21vgg2k_vgg16_bn_aa5_s42/faces_cfdWM64/objects/results.csv,UI_shared
bin5,VGG2k / bin5,r21vgg2k_vgg16_bn_aa5_s42,face_transfer,124,two_shared_ui,CFD WM64,Objects,0.36,0.38,50,within_sampled_range,UI,124,83.33333333333334,runs/yin_latest_vgg_20260927/transfer/results/r21vgg2k_vgg16_bn_aa5_s42/faces_cfdWM64/objects/results.csv,UI_shared
bin5,VGG2k / bin5,r21vgg2k_vgg16_bn_aa5_s42,face_transfer,124,two_shared_ui,CFD WM64,Objects,0.36,0.38,50,within_sampled_range,UI,125,100.0,runs/yin_latest_vgg_20260927/transfer/results/r21vgg2k_vgg16_bn_aa5_s42/faces_cfdWM64/objects/results.csv,UI_shared
bin5,VGG2k / bin5,r21vgg2k_vgg16_bn_aa5_s42,face_transfer,124,two_shared_ui,CFD WM64,Objects,0.36,0.38,50,within_sampled_range,UI,126,95.83333333333334,runs/yin_latest_vgg_20260927/transfer/results/r21vgg2k_vgg16_bn_aa5_s42/faces_cfdWM64/objects/results.csv,UI_shared
bin5,VGG2k / bin5,r21vgg2k_vgg16_bn_aa5_s42,face_transfer,124,two_shared_ui,CFD WM64,Objects,0.36,0.38,50,within_sampled_range,UI,127,91.66666666666666,runs/yin_latest_vgg_20260927/transfer/results/r21vgg2k_vgg16_bn_aa5_s42/faces_cfdWM64/objects/results.csv,UI_shared
bin5,VGG2k / bin5,r21vgg2k_vgg16_bn_aa5_s42,face_transfer,124,two_shared_ui,CFD WM64,Objects,0.36,0.38,50,within_sampled_range,UI,128,95.83333333333334,runs/yin_latest_vgg_20260927/transfer/results/r21vgg2k_vgg16_bn_aa5_s42/faces_cfdWM64/objects/results.csv,UI_shared
bin5,VGG2k / bin5,r21vgg2k_vgg16_bn_aa5_s42,face_transfer,124,two_shared_ui,CFD WM64,Objects,0.36,0.38,50,within_sampled_range,UI,129,100.0,runs/yin_latest_vgg_20260927/transfer/results/r21vgg2k_vgg16_bn_aa5_s42/faces_cfdWM64/objects/results.csv,UI_shared
bin5,VGG2k / bin5,r21vgg2k_vgg16_bn_aa5_s42,face_transfer,124,two_shared_ui,CFD WM64,Objects,0.36,0.38,50,within_sampled_range,UI,130,91.66666666666666,runs/yin_latest_vgg_20260927/transfer/results/r21vgg2k_vgg16_bn_aa5_s42/faces_cfdWM64/objects/results.csv,UI_shared
bin5,VGG2k / bin5,r21vgg2k_vgg16_bn_aa5_s42,face_transfer,124,two_shared_ui,CFD WM64,Objects,0.36,0.38,50,within_sampled_range,UI,131,91.66666666666666,runs/yin_latest_vgg_20260927/transfer/results/r21vgg2k_vgg16_bn_aa5_s42/faces_cfdWM64/objects/results.csv,UI_shared
bin5,VGG2k / bin5,r21vgg2k_vgg16_bn_aa5_s42,face_transfer,124,two_shared_ui,CFD WM64,Objects,0.36,0.38,50,within_sampled_range,UI,132,87.5,runs/yin_latest_vgg_20260927/transfer/results/r21vgg2k_vgg16_bn_aa5_s42/faces_cfdWM64/objects/results.csv,UI_shared
bin5,VGG2k / bin5,r21vgg2k_vgg16_bn_aa5_s42,face_transfer,124,two_shared_ui,CFD WM64,Objects,0.36,0.38,50,within_sampled_range,UI,133,100.0,runs/yin_latest_vgg_20260927/transfer/results/r21vgg2k_vgg16_bn_aa5_s42/faces_cfdWM64/objects/results.csv,UI_shared
bin5,VGG2k / bin5,r21vgg2k_vgg16_bn_aa5_s42,face_transfer,124,two_shared_ui,CFD WM64,Objects,0.36,0.38,50,within_sampled_range,UI,134,87.5,runs/yin_latest_vgg_20260927/transfer/results/r21vgg2k_vgg16_bn_aa5_s42/faces_cfdWM64/objects/results.csv,UI_shared
bin5,VGG2k / bin5,r21vgg2k_vgg16_bn_aa5_s42,face_transfer,124,two_shared_ui,CFD WM64,Objects,0.36,0.38,50,within_sampled_range,UI,135,87.5,runs/yin_latest_vgg_20260927/transfer/results/r21vgg2k_vgg16_bn_aa5_s42/faces_cfdWM64/objects/results.csv,UI_shared
bin5,VGG2k / bin5,r21vgg2k_vgg16_bn_aa5_s42,face_transfer,124,two_shared_ui,CFD WM64,Objects,0.36,0.38,50,within_sampled_range,UI,136,91.66666666666666,runs/yin_latest_vgg_20260927/transfer/results/r21vgg2k_vgg16_bn_aa5_s42/faces_cfdWM64/objects/results.csv,UI_shared
bin5,VGG2k / bin5,r21vgg2k_vgg16_bn_aa5_s42,face_transfer,124,two_shared_ui,CFD WM64,Objects,0.36,0.38,50,within_sampled_range,UI,137,91.66666666666666,runs/yin_latest_vgg_20260927/transfer/results/r21vgg2k_vgg16_bn_aa5_s42/faces_cfdWM64/objects/results.csv,UI_shared
bin5,VGG2k / bin5,r21vgg2k_vgg16_bn_aa5_s42,face_transfer,124,two_shared_ui,CFD WM64,Objects,0.36,0.38,50,within_sampled_range,UI,138,87.5,runs/yin_latest_vgg_20260927/transfer/results/r21vgg2k_vgg16_bn_aa5_s42/faces_cfdWM64/objects/results.csv,UI_shared
bin5,VGG2k / bin5,r21vgg2k_vgg16_bn_aa5_s42,face_transfer,124,two_shared_ui,CFD WM64,Objects,0.36,0.38,50,within_sampled_range,UI,139,83.33333333333334,runs/yin_latest_vgg_20260927/transfer/results/r21vgg2k_vgg16_bn_aa5_s42/faces_cfdWM64/objects/results.csv,UI_shared
bin5,VGG2k / bin5,r21vgg2k_vgg16_bn_aa5_s42,face_transfer,124,two_shared_ui,CFD WM64,Objects,0.36,0.38,50,within_sampled_range,UI,140,79.16666666666666,runs/yin_latest_vgg_20260927/transfer/results/r21vgg2k_vgg16_bn_aa5_s42/faces_cfdWM64/objects/results.csv,UI_shared
bin5,VGG2k / bin5,r21vgg2k_vgg16_bn_aa5_s42,face_transfer,124,two_shared_ui,CFD WM64,Objects,0.36,0.38,50,within_sampled_range,UI,141,83.33333333333334,runs/yin_latest_vgg_20260927/transfer/results/r21vgg2k_vgg16_bn_aa5_s42/faces_cfdWM64/objects/results.csv,UI_shared
bin5,VGG2k / bin5,r21vgg2k_vgg16_bn_aa5_s42,face_transfer,124,two_shared_ui,CFD WM64,Objects,0.36,0.38,50,within_sampled_range,UI,142,91.66666666666666,runs/yin_latest_vgg_20260927/transfer/results/r21vgg2k_vgg16_bn_aa5_s42/faces_cfdWM64/objects/results.csv,UI_shared
bin5,VGG2k / bin5,r21vgg2k_vgg16_bn_aa5_s42,face_transfer,124,two_shared_ui,CFD WM64,Objects,0.36,0.38,50,within_sampled_range,UI,143,87.5,runs/yin_latest_vgg_20260927/transfer/results/r21vgg2k_vgg16_bn_aa5_s42/faces_cfdWM64/objects/results.csv,UI_shared
bin5,VGG2k / bin5,r21vgg2k_vgg16_bn_aa5_s42,face_transfer,124,two_shared_ui,CFD WM64,Objects,0.36,0.38,50,within_sampled_range,UI,144,91.66666666666666,runs/yin_latest_vgg_20260927/transfer/results/r21vgg2k_vgg16_bn_aa5_s42/faces_cfdWM64/objects/results.csv,UI_shared
bin5,VGG2k / bin5,r21vgg2k_vgg16_bn_aa5_s42,face_transfer,124,two_shared_ui,CFD WM64,Objects,0.36,0.38,50,within_sampled_range,UI,145,87.5,runs/yin_latest_vgg_20260927/transfer/results/r21vgg2k_vgg16_bn_aa5_s42/faces_cfdWM64/objects/results.csv,UI_shared
bin5,VGG2k / bin5,r21vgg2k_vgg16_bn_aa5_s42,face_transfer,124,two_shared_ui,CFD WM64,Objects,0.36,0.38,50,within_sampled_range,UI,146,95.83333333333334,runs/yin_latest_vgg_20260927/transfer/results/r21vgg2k_vgg16_bn_aa5_s42/faces_cfdWM64/objects/results.csv,UI_shared
bin5,VGG2k / bin5,r21vgg2k_vgg16_bn_aa5_s42,face_transfer,124,two_shared_ui,CFD WM64,Objects,0.36,0.38,50,within_sampled_range,UI,147,95.83333333333334,runs/yin_latest_vgg_20260927/transfer/results/r21vgg2k_vgg16_bn_aa5_s42/faces_cfdWM64/objects/results.csv,UI_shared
bin5,VGG2k / bin5,r21vgg2k_vgg16_bn_aa5_s42,face_transfer,124,two_shared_ui,CFD WM64,Objects,0.36,0.38,50,within_sampled_range,UI,148,95.83333333333334,runs/yin_latest_vgg_20260927/transfer/results/r21vgg2k_vgg16_bn_aa5_s42/faces_cfdWM64/objects/results.csv,UI_shared
bin5,VGG2k / bin5,r21vgg2k_vgg16_bn_aa5_s42,face_transfer,124,two_shared_ui,CFD WM64,Objects,0.36,0.38,50,within_sampled_range,UI,149,91.66666666666666,runs/yin_latest_vgg_20260927/transfer/results/r21vgg2k_vgg16_bn_aa5_s42/faces_cfdWM64/objects/results.csv,UI_shared
bin5,VGG2k / bin5,r21vgg2k_vgg16_bn_aa5_s42,face_transfer,124,two_shared_ui,CFD WM64,Objects,0.36,0.38,50,within_sampled_range,UI,150,83.33333333333334,runs/yin_latest_vgg_20260927/transfer/results/r21vgg2k_vgg16_bn_aa5_s42/faces_cfdWM64/objects/results.csv,UI_shared
bin5,VGG2k / bin5,r21vgg2k_vgg16_bn_aa5_s42,face_transfer,124,two_shared_ui,CFD WM64,Objects,0.36,0.38,50,within_sampled_range,IU,101,87.5,runs/yin_latest_vgg_20260927/transfer/results/r21vgg2k_vgg16_bn_aa5_s42/faces_cfdWM64/objects/results.csv,IU
bin5,VGG2k / bin5,r21vgg2k_vgg16_bn_aa5_s42,face_transfer,124,two_shared_ui,CFD WM64,Objects,0.36,0.38,50,within_sampled_range,IU,102,91.66666666666666,runs/yin_latest_vgg_20260927/transfer/results/r21vgg2k_vgg16_bn_aa5_s42/faces_cfdWM64/objects/results.csv,IU
bin5,VGG2k / bin5,r21vgg2k_vgg16_bn_aa5_s42,face_transfer,124,two_shared_ui,CFD WM64,Objects,0.36,0.38,50,within_sampled_range,IU,103,91.66666666666666,runs/yin_latest_vgg_20260927/transfer/results/r21vgg2k_vgg16_bn_aa5_s42/faces_cfdWM64/objects/results.csv,IU
bin5,VGG2k / bin5,r21vgg2k_vgg16_bn_aa5_s42,face_transfer,124,two_shared_ui,CFD WM64,Objects,0.36,0.38,50,within_sampled_range,IU,104,95.83333333333334,runs/yin_latest_vgg_20260927/transfer/results/r21vgg2k_vgg16_bn_aa5_s42/faces_cfdWM64/objects/results.csv,IU
bin5,VGG2k / bin5,r21vgg2k_vgg16_bn_aa5_s42,face_transfer,124,two_shared_ui,CFD WM64,Objects,0.36,0.38,50,within_sampled_range,IU,105,87.5,runs/yin_latest_vgg_20260927/transfer/results/r21vgg2k_vgg16_bn_aa5_s42/faces_cfdWM64/objects/results.csv,IU
bin5,VGG2k / bin5,r21vgg2k_vgg16_bn_aa5_s42,face_transfer,124,two_shared_ui,CFD WM64,Objects,0.36,0.38,50,within_sampled_range,IU,106,91.66666666666666,runs/yin_latest_vgg_20260927/transfer/results/r21vgg2k_vgg16_bn_aa5_s42/faces_cfdWM64/objects/results.csv,IU
bin5,VGG2k / bin5,r21vgg2k_vgg16_bn_aa5_s42,face_transfer,124,two_shared_ui,CFD WM64,Objects,0.36,0.38,50,within_sampled_range,IU,107,87.5,runs/yin_latest_vgg_20260927/transfer/results/r21vgg2k_vgg16_bn_aa5_s42/faces_cfdWM64/objects/results.csv,IU
bin5,VGG2k / bin5,r21vgg2k_vgg16_bn_aa5_s42,face_transfer,124,two_shared_ui,CFD WM64,Objects,0.36,0.38,50,within_sampled_range,IU,108,83.33333333333334,runs/yin_latest_vgg_20260927/transfer/results/r21vgg2k_vgg16_bn_aa5_s42/faces_cfdWM64/objects/results.csv,IU
bin5,VGG2k / bin5,r21vgg2k_vgg16_bn_aa5_s42,face_transfer,124,two_shared_ui,CFD WM64,Objects,0.36,0.38,50,within_sampled_range,IU,109,87.5,runs/yin_latest_vgg_20260927/transfer/results/r21vgg2k_vgg16_bn_aa5_s42/faces_cfdWM64/objects/results.csv,IU
bin5,VGG2k / bin5,r21vgg2k_vgg16_bn_aa5_s42,face_transfer,124,two_shared_ui,CFD WM64,Objects,0.36,0.38,50,within_sampled_range,IU,110,91.66666666666666,runs/yin_latest_vgg_20260927/transfer/results/r21vgg2k_vgg16_bn_aa5_s42/faces_cfdWM64/objects/results.csv,IU
bin5,VGG2k / bin5,r21vgg2k_vgg16_bn_aa5_s42,face_transfer,124,two_shared_ui,CFD WM64,Objects,0.36,0.38,50,within_sampled_range,IU,111,83.33333333333334,runs/yin_latest_vgg_20260927/transfer/results/r21vgg2k_vgg16_bn_aa5_s42/faces_cfdWM64/objects/results.csv,IU
bin5,VGG2k / bin5,r21vgg2k_vgg16_bn_aa5_s42,face_transfer,124,two_shared_ui,CFD WM64,Objects,0.36,0.38,50,within_sampled_range,IU,112,91.66666666666666,runs/yin_latest_vgg_20260927/transfer/results/r21vgg2k_vgg16_bn_aa5_s42/faces_cfdWM64/objects/results.csv,IU
bin5,VGG2k / bin5,r21vgg2k_vgg16_bn_aa5_s42,face_transfer,124,two_shared_ui,CFD WM64,Objects,0.36,0.38,50,within_sampled_range,IU,113,83.33333333333334,runs/yin_latest_vgg_20260927/transfer/results/r21vgg2k_vgg16_bn_aa5_s42/faces_cfdWM64/objects/results.csv,IU
bin5,VGG2k / bin5,r21vgg2k_vgg16_bn_aa5_s42,face_transfer,124,two_shared_ui,CFD WM64,Objects,0.36,0.38,50,within_sampled_range,IU,114,87.5,runs/yin_latest_vgg_20260927/transfer/results/r21vgg2k_vgg16_bn_aa5_s42/faces_cfdWM64/objects/results.csv,IU
bin5,VGG2k / bin5,r21vgg2k_vgg16_bn_aa5_s42,face_transfer,124,two_shared_ui,CFD WM64,Objects,0.36,0.38,50,within_sampled_range,IU,115,91.66666666666666,runs/yin_latest_vgg_20260927/transfer/results/r21vgg2k_vgg16_bn_aa5_s42/faces_cfdWM64/objects/results.csv,IU
bin5,VGG2k / bin5,r21vgg2k_vgg16_bn_aa5_s42,face_transfer,124,two_shared_ui,CFD WM64,Objects,0.36,0.38,50,within_sampled_range,IU,116,87.5,runs/yin_latest_vgg_20260927/transfer/results/r21vgg2k_vgg16_bn_aa5_s42/faces_cfdWM64/objects/results.csv,IU
bin5,VGG2k / bin5,r21vgg2k_vgg16_bn_aa5_s42,face_transfer,124,two_shared_ui,CFD WM64,Objects,0.36,0.38,50,within_sampled_range,IU,117,83.33333333333334,runs/yin_latest_vgg_20260927/transfer/results/r21vgg2k_vgg16_bn_aa5_s42/faces_cfdWM64/objects/results.csv,IU
bin5,VGG2k / bin5,r21vgg2k_vgg16_bn_aa5_s42,face_transfer,124,two_shared_ui,CFD WM64,Objects,0.36,0.38,50,within_sampled_range,IU,118,100.0,runs/yin_latest_vgg_20260927/transfer/results/r21vgg2k_vgg16_bn_aa5_s42/faces_cfdWM64/objects/results.csv,IU
bin5,VGG2k / bin5,r21vgg2k_vgg16_bn_aa5_s42,face_transfer,124,two_shared_ui,CFD WM64,Objects,0.36,0.38,50,within_sampled_range,IU,119,100.0,runs/yin_latest_vgg_20260927/transfer/results/r21vgg2k_vgg16_bn_aa5_s42/faces_cfdWM64/objects/results.csv,IU
bin5,VGG2k / bin5,r21vgg2k_vgg16_bn_aa5_s42,face_transfer,124,two_shared_ui,CFD WM64,Objects,0.36,0.38,50,within_sampled_range,IU,120,91.66666666666666,runs/yin_latest_vgg_20260927/transfer/results/r21vgg2k_vgg16_bn_aa5_s42/faces_cfdWM64/objects/results.csv,IU
bin5,VGG2k / bin5,r21vgg2k_vgg16_bn_aa5_s42,face_transfer,124,two_shared_ui,CFD WM64,Objects,0.36,0.38,50,within_sampled_range,IU,121,95.83333333333334,runs/yin_latest_vgg_20260927/transfer/results/r21vgg2k_vgg16_bn_aa5_s42/faces_cfdWM64/objects/results.csv,IU
bin5,VGG2k / bin5,r21vgg2k_vgg16_bn_aa5_s42,face_transfer,124,two_shared_ui,CFD WM64,Objects,0.36,0.38,50,within_sampled_range,IU,122,87.5,runs/yin_latest_vgg_20260927/transfer/results/r21vgg2k_vgg16_bn_aa5_s42/faces_cfdWM64/objects/results.csv,IU
bin5,VGG2k / bin5,r21vgg2k_vgg16_bn_aa5_s42,face_transfer,124,two_shared_ui,CFD WM64,Objects,0.36,0.38,50,within_sampled_range,IU,123,91.66666666666666,runs/yin_latest_vgg_20260927/transfer/results/r21vgg2k_vgg16_bn_aa5_s42/faces_cfdWM64/objects/results.csv,IU
bin5,VGG2k / bin5,r21vgg2k_vgg16_bn_aa5_s42,face_transfer,124,two_shared_ui,CFD WM64,Objects,0.36,0.38,50,within_sampled_range,IU,124,91.66666666666666,runs/yin_latest_vgg_20260927/transfer/results/r21vgg2k_vgg16_bn_aa5_s42/faces_cfdWM64/objects/results.csv,IU
bin5,VGG2k / bin5,r21vgg2k_vgg16_bn_aa5_s42,face_transfer,124,two_shared_ui,CFD WM64,Objects,0.36,0.38,50,within_sampled_range,IU,125,91.66666666666666,runs/yin_latest_vgg_20260927/transfer/results/r21vgg2k_vgg16_bn_aa5_s42/faces_cfdWM64/objects/results.csv,IU
bin5,VGG2k / bin5,r21vgg2k_vgg16_bn_aa5_s42,face_transfer,124,two_shared_ui,CFD WM64,Objects,0.36,0.38,50,within_sampled_range,IU,126,95.83333333333334,runs/yin_latest_vgg_20260927/transfer/results/r21vgg2k_vgg16_bn_aa5_s42/faces_cfdWM64/objects/results.csv,IU
bin5,VGG2k / bin5,r21vgg2k_vgg16_bn_aa5_s42,face_transfer,124,two_shared_ui,CFD WM64,Objects,0.36,0.38,50,within_sampled_range,IU,127,87.5,runs/yin_latest_vgg_20260927/transfer/results/r21vgg2k_vgg16_bn_aa5_s42/faces_cfdWM64/objects/results.csv,IU
bin5,VGG2k / bin5,r21vgg2k_vgg16_bn_aa5_s42,face_transfer,124,two_shared_ui,CFD WM64,Objects,0.36,0.38,50,within_sampled_range,IU,128,95.83333333333334,runs/yin_latest_vgg_20260927/transfer/results/r21vgg2k_vgg16_bn_aa5_s42/faces_cfdWM64/objects/results.csv,IU
bin5,VGG2k / bin5,r21vgg2k_vgg16_bn_aa5_s42,face_transfer,124,two_shared_ui,CFD WM64,Objects,0.36,0.38,50,within_sampled_range,IU,129,95.83333333333334,runs/yin_latest_vgg_20260927/transfer/results/r21vgg2k_vgg16_bn_aa5_s42/faces_cfdWM64/objects/results.csv,IU
bin5,VGG2k / bin5,r21vgg2k_vgg16_bn_aa5_s42,face_transfer,124,two_shared_ui,CFD WM64,Objects,0.36,0.38,50,within_sampled_range,IU,130,91.66666666666666,runs/yin_latest_vgg_20260927/transfer/results/r21vgg2k_vgg16_bn_aa5_s42/faces_cfdWM64/objects/results.csv,IU
bin5,VGG2k / bin5,r21vgg2k_vgg16_bn_aa5_s42,face_transfer,124,two_shared_ui,CFD WM64,Objects,0.36,0.38,50,within_sampled_range,IU,131,91.66666666666666,runs/yin_latest_vgg_20260927/transfer/results/r21vgg2k_vgg16_bn_aa5_s42/faces_cfdWM64/objects/results.csv,IU
bin5,VGG2k / bin5,r21vgg2k_vgg16_bn_aa5_s42,face_transfer,124,two_shared_ui,CFD WM64,Objects,0.36,0.38,50,within_sampled_range,IU,132,91.66666666666666,runs/yin_latest_vgg_20260927/transfer/results/r21vgg2k_vgg16_bn_aa5_s42/faces_cfdWM64/objects/results.csv,IU
bin5,VGG2k / bin5,r21vgg2k_vgg16_bn_aa5_s42,face_transfer,124,two_shared_ui,CFD WM64,Objects,0.36,0.38,50,within_sampled_range,IU,133,83.33333333333334,runs/yin_latest_vgg_20260927/transfer/results/r21vgg2k_vgg16_bn_aa5_s42/faces_cfdWM64/objects/results.csv,IU
bin5,VGG2k / bin5,r21vgg2k_vgg16_bn_aa5_s42,face_transfer,124,two_shared_ui,CFD WM64,Objects,0.36,0.38,50,within_sampled_range,IU,134,83.33333333333334,runs/yin_latest_vgg_20260927/transfer/results/r21vgg2k_vgg16_bn_aa5_s42/faces_cfdWM64/objects/results.csv,IU
bin5,VGG2k / bin5,r21vgg2k_vgg16_bn_aa5_s42,face_transfer,124,two_shared_ui,CFD WM64,Objects,0.36,0.38,50,within_sampled_range,IU,135,91.66666666666666,runs/yin_latest_vgg_20260927/transfer/results/r21vgg2k_vgg16_bn_aa5_s42/faces_cfdWM64/objects/results.csv,IU
bin5,VGG2k / bin5,r21vgg2k_vgg16_bn_aa5_s42,face_transfer,124,two_shared_ui,CFD WM64,Objects,0.36,0.38,50,within_sampled_range,IU,136,100.0,runs/yin_latest_vgg_20260927/transfer/results/r21vgg2k_vgg16_bn_aa5_s42/faces_cfdWM64/objects/results.csv,IU
bin5,VGG2k / bin5,r21vgg2k_vgg16_bn_aa5_s42,face_transfer,124,two_shared_ui,CFD WM64,Objects,0.36,0.38,50,within_sampled_range,IU,137,95.83333333333334,runs/yin_latest_vgg_20260927/transfer/results/r21vgg2k_vgg16_bn_aa5_s42/faces_cfdWM64/objects/results.csv,IU
bin5,VGG2k / bin5,r21vgg2k_vgg16_bn_aa5_s42,face_transfer,124,two_shared_ui,CFD WM64,Objects,0.36,0.38,50,within_sampled_range,IU,138,95.83333333333334,runs/yin_latest_vgg_20260927/transfer/results/r21vgg2k_vgg16_bn_aa5_s42/faces_cfdWM64/objects/results.csv,IU
bin5,VGG2k / bin5,r21vgg2k_vgg16_bn_aa5_s42,face_transfer,124,two_shared_ui,CFD WM64,Objects,0.36,0.38,50,within_sampled_range,IU,139,83.33333333333334,runs/yin_latest_vgg_20260927/transfer/results/r21vgg2k_vgg16_bn_aa5_s42/faces_cfdWM64/objects/results.csv,IU
bin5,VGG2k / bin5,r21vgg2k_vgg16_bn_aa5_s42,face_transfer,124,two_shared_ui,CFD WM64,Objects,0.36,0.38,50,within_sampled_range,IU,140,87.5,runs/yin_latest_vgg_20260927/transfer/results/r21vgg2k_vgg16_bn_aa5_s42/faces_cfdWM64/objects/results.csv,IU
bin5,VGG2k / bin5,r21vgg2k_vgg16_bn_aa5_s42,face_transfer,124,two_shared_ui,CFD WM64,Objects,0.36,0.38,50,within_sampled_range,IU,141,87.5,runs/yin_latest_vgg_20260927/transfer/results/r21vgg2k_vgg16_bn_aa5_s42/faces_cfdWM64/objects/results.csv,IU
bin5,VGG2k / bin5,r21vgg2k_vgg16_bn_aa5_s42,face_transfer,124,two_shared_ui,CFD WM64,Objects,0.36,0.38,50,within_sampled_range,IU,142,87.5,runs/yin_latest_vgg_20260927/transfer/results/r21vgg2k_vgg16_bn_aa5_s42/faces_cfdWM64/objects/results.csv,IU
bin5,VGG2k / bin5,r21vgg2k_vgg16_bn_aa5_s42,face_transfer,124,two_shared_ui,CFD WM64,Objects,0.36,0.38,50,within_sampled_range,IU,143,87.5,runs/yin_latest_vgg_20260927/transfer/results/r21vgg2k_vgg16_bn_aa5_s42/faces_cfdWM64/objects/results.csv,IU
bin5,VGG2k / bin5,r21vgg2k_vgg16_bn_aa5_s42,face_transfer,124,two_shared_ui,CFD WM64,Objects,0.36,0.38,50,within_sampled_range,IU,144,91.66666666666666,runs/yin_latest_vgg_20260927/transfer/results/r21vgg2k_vgg16_bn_aa5_s42/faces_cfdWM64/objects/results.csv,IU
bin5,VGG2k / bin5,r21vgg2k_vgg16_bn_aa5_s42,face_transfer,124,two_shared_ui,CFD WM64,Objects,0.36,0.38,50,within_sampled_range,IU,145,95.83333333333334,runs/yin_latest_vgg_20260927/transfer/results/r21vgg2k_vgg16_bn_aa5_s42/faces_cfdWM64/objects/results.csv,IU
bin5,VGG2k / bin5,r21vgg2k_vgg16_bn_aa5_s42,face_transfer,124,two_shared_ui,CFD WM64,Objects,0.36,0.38,50,within_sampled_range,IU,146,95.83333333333334,runs/yin_latest_vgg_20260927/transfer/results/r21vgg2k_vgg16_bn_aa5_s42/faces_cfdWM64/objects/results.csv,IU
bin5,VGG2k / bin5,r21vgg2k_vgg16_bn_aa5_s42,face_transfer,124,two_shared_ui,CFD WM64,Objects,0.36,0.38,50,within_sampled_range,IU,147,100.0,runs/yin_latest_vgg_20260927/transfer/results/r21vgg2k_vgg16_bn_aa5_s42/faces_cfdWM64/objects/results.csv,IU
bin5,VGG2k / bin5,r21vgg2k_vgg16_bn_aa5_s42,face_transfer,124,two_shared_ui,CFD WM64,Objects,0.36,0.38,50,within_sampled_range,IU,148,79.16666666666666,runs/yin_latest_vgg_20260927/transfer/results/r21vgg2k_vgg16_bn_aa5_s42/faces_cfdWM64/objects/results.csv,IU
bin5,VGG2k / bin5,r21vgg2k_vgg16_bn_aa5_s42,face_transfer,124,two_shared_ui,CFD WM64,Objects,0.36,0.38,50,within_sampled_range,IU,149,91.66666666666666,runs/yin_latest_vgg_20260927/transfer/results/r21vgg2k_vgg16_bn_aa5_s42/faces_cfdWM64/objects/results.csv,IU
bin5,VGG2k / bin5,r21vgg2k_vgg16_bn_aa5_s42,face_transfer,124,two_shared_ui,CFD WM64,Objects,0.36,0.38,50,within_sampled_range,IU,150,100.0,runs/yin_latest_vgg_20260927/transfer/results/r21vgg2k_vgg16_bn_aa5_s42/faces_cfdWM64/objects/results.csv,IU
bin5,VGG2k / bin5,r21vgg2k_vgg16_bn_aa5_s42,face_transfer,124,single_uu,CFD WM64,Houses,0.36,,50,within_sampled_range,UU,101,66.66666666666666,runs/yin_latest_vgg_20260927/single_noise/r21vgg2k_vgg16_bn_aa5_s42/faces_cfdWM64/houses_yin64/results.csv,UU
bin5,VGG2k / bin5,r21vgg2k_vgg16_bn_aa5_s42,face_transfer,124,single_uu,CFD WM64,Houses,0.36,,50,within_sampled_range,UU,102,66.66666666666666,runs/yin_latest_vgg_20260927/single_noise/r21vgg2k_vgg16_bn_aa5_s42/faces_cfdWM64/houses_yin64/results.csv,UU
bin5,VGG2k / bin5,r21vgg2k_vgg16_bn_aa5_s42,face_transfer,124,single_uu,CFD WM64,Houses,0.36,,50,within_sampled_range,UU,103,79.16666666666666,runs/yin_latest_vgg_20260927/single_noise/r21vgg2k_vgg16_bn_aa5_s42/faces_cfdWM64/houses_yin64/results.csv,UU
bin5,VGG2k / bin5,r21vgg2k_vgg16_bn_aa5_s42,face_transfer,124,single_uu,CFD WM64,Houses,0.36,,50,within_sampled_range,UU,104,70.83333333333334,runs/yin_latest_vgg_20260927/single_noise/r21vgg2k_vgg16_bn_aa5_s42/faces_cfdWM64/houses_yin64/results.csv,UU
bin5,VGG2k / bin5,r21vgg2k_vgg16_bn_aa5_s42,face_transfer,124,single_uu,CFD WM64,Houses,0.36,,50,within_sampled_range,UU,105,70.83333333333334,runs/yin_latest_vgg_20260927/single_noise/r21vgg2k_vgg16_bn_aa5_s42/faces_cfdWM64/houses_yin64/results.csv,UU
bin5,VGG2k / bin5,r21vgg2k_vgg16_bn_aa5_s42,face_transfer,124,single_uu,CFD WM64,Houses,0.36,,50,within_sampled_range,UU,106,83.33333333333334,runs/yin_latest_vgg_20260927/single_noise/r21vgg2k_vgg16_bn_aa5_s42/faces_cfdWM64/houses_yin64/results.csv,UU
bin5,VGG2k / bin5,r21vgg2k_vgg16_bn_aa5_s42,face_transfer,124,single_uu,CFD WM64,Houses,0.36,,50,within_sampled_range,UU,107,66.66666666666666,runs/yin_latest_vgg_20260927/single_noise/r21vgg2k_vgg16_bn_aa5_s42/faces_cfdWM64/houses_yin64/results.csv,UU
bin5,VGG2k / bin5,r21vgg2k_vgg16_bn_aa5_s42,face_transfer,124,single_uu,CFD WM64,Houses,0.36,,50,within_sampled_range,UU,108,83.33333333333334,runs/yin_latest_vgg_20260927/single_noise/r21vgg2k_vgg16_bn_aa5_s42/faces_cfdWM64/houses_yin64/results.csv,UU
bin5,VGG2k / bin5,r21vgg2k_vgg16_bn_aa5_s42,face_transfer,124,single_uu,CFD WM64,Houses,0.36,,50,within_sampled_range,UU,109,70.83333333333334,runs/yin_latest_vgg_20260927/single_noise/r21vgg2k_vgg16_bn_aa5_s42/faces_cfdWM64/houses_yin64/results.csv,UU
bin5,VGG2k / bin5,r21vgg2k_vgg16_bn_aa5_s42,face_transfer,124,single_uu,CFD WM64,Houses,0.36,,50,within_sampled_range,UU,110,62.5,runs/yin_latest_vgg_20260927/single_noise/r21vgg2k_vgg16_bn_aa5_s42/faces_cfdWM64/houses_yin64/results.csv,UU
bin5,VGG2k / bin5,r21vgg2k_vgg16_bn_aa5_s42,face_transfer,124,single_uu,CFD WM64,Houses,0.36,,50,within_sampled_range,UU,111,75.0,runs/yin_latest_vgg_20260927/single_noise/r21vgg2k_vgg16_bn_aa5_s42/faces_cfdWM64/houses_yin64/results.csv,UU
bin5,VGG2k / bin5,r21vgg2k_vgg16_bn_aa5_s42,face_transfer,124,single_uu,CFD WM64,Houses,0.36,,50,within_sampled_range,UU,112,66.66666666666666,runs/yin_latest_vgg_20260927/single_noise/r21vgg2k_vgg16_bn_aa5_s42/faces_cfdWM64/houses_yin64/results.csv,UU
bin5,VGG2k / bin5,r21vgg2k_vgg16_bn_aa5_s42,face_transfer,124,single_uu,CFD WM64,Houses,0.36,,50,within_sampled_range,UU,113,83.33333333333334,runs/yin_latest_vgg_20260927/single_noise/r21vgg2k_vgg16_bn_aa5_s42/faces_cfdWM64/houses_yin64/results.csv,UU
bin5,VGG2k / bin5,r21vgg2k_vgg16_bn_aa5_s42,face_transfer,124,single_uu,CFD WM64,Houses,0.36,,50,within_sampled_range,UU,114,79.16666666666666,runs/yin_latest_vgg_20260927/single_noise/r21vgg2k_vgg16_bn_aa5_s42/faces_cfdWM64/houses_yin64/results.csv,UU
bin5,VGG2k / bin5,r21vgg2k_vgg16_bn_aa5_s42,face_transfer,124,single_uu,CFD WM64,Houses,0.36,,50,within_sampled_range,UU,115,54.166666666666664,runs/yin_latest_vgg_20260927/single_noise/r21vgg2k_vgg16_bn_aa5_s42/faces_cfdWM64/houses_yin64/results.csv,UU
bin5,VGG2k / bin5,r21vgg2k_vgg16_bn_aa5_s42,face_transfer,124,single_uu,CFD WM64,Houses,0.36,,50,within_sampled_range,UU,116,75.0,runs/yin_latest_vgg_20260927/single_noise/r21vgg2k_vgg16_bn_aa5_s42/faces_cfdWM64/houses_yin64/results.csv,UU
bin5,VGG2k / bin5,r21vgg2k_vgg16_bn_aa5_s42,face_transfer,124,single_uu,CFD WM64,Houses,0.36,,50,within_sampled_range,UU,117,79.16666666666666,runs/yin_latest_vgg_20260927/single_noise/r21vgg2k_vgg16_bn_aa5_s42/faces_cfdWM64/houses_yin64/results.csv,UU
bin5,VGG2k / bin5,r21vgg2k_vgg16_bn_aa5_s42,face_transfer,124,single_uu,CFD WM64,Houses,0.36,,50,within_sampled_range,UU,118,66.66666666666666,runs/yin_latest_vgg_20260927/single_noise/r21vgg2k_vgg16_bn_aa5_s42/faces_cfdWM64/houses_yin64/results.csv,UU
bin5,VGG2k / bin5,r21vgg2k_vgg16_bn_aa5_s42,face_transfer,124,single_uu,CFD WM64,Houses,0.36,,50,within_sampled_range,UU,119,70.83333333333334,runs/yin_latest_vgg_20260927/single_noise/r21vgg2k_vgg16_bn_aa5_s42/faces_cfdWM64/houses_yin64/results.csv,UU
bin5,VGG2k / bin5,r21vgg2k_vgg16_bn_aa5_s42,face_transfer,124,single_uu,CFD WM64,Houses,0.36,,50,within_sampled_range,UU,120,75.0,runs/yin_latest_vgg_20260927/single_noise/r21vgg2k_vgg16_bn_aa5_s42/faces_cfdWM64/houses_yin64/results.csv,UU
bin5,VGG2k / bin5,r21vgg2k_vgg16_bn_aa5_s42,face_transfer,124,single_uu,CFD WM64,Houses,0.36,,50,within_sampled_range,UU,121,66.66666666666666,runs/yin_latest_vgg_20260927/single_noise/r21vgg2k_vgg16_bn_aa5_s42/faces_cfdWM64/houses_yin64/results.csv,UU
bin5,VGG2k / bin5,r21vgg2k_vgg16_bn_aa5_s42,face_transfer,124,single_uu,CFD WM64,Houses,0.36,,50,within_sampled_range,UU,122,79.16666666666666,runs/yin_latest_vgg_20260927/single_noise/r21vgg2k_vgg16_bn_aa5_s42/faces_cfdWM64/houses_yin64/results.csv,UU
bin5,VGG2k / bin5,r21vgg2k_vgg16_bn_aa5_s42,face_transfer,124,single_uu,CFD WM64,Houses,0.36,,50,within_sampled_range,UU,123,62.5,runs/yin_latest_vgg_20260927/single_noise/r21vgg2k_vgg16_bn_aa5_s42/faces_cfdWM64/houses_yin64/results.csv,UU
bin5,VGG2k / bin5,r21vgg2k_vgg16_bn_aa5_s42,face_transfer,124,single_uu,CFD WM64,Houses,0.36,,50,within_sampled_range,UU,124,62.5,runs/yin_latest_vgg_20260927/single_noise/r21vgg2k_vgg16_bn_aa5_s42/faces_cfdWM64/houses_yin64/results.csv,UU
bin5,VGG2k / bin5,r21vgg2k_vgg16_bn_aa5_s42,face_transfer,124,single_uu,CFD WM64,Houses,0.36,,50,within_sampled_range,UU,125,58.333333333333336,runs/yin_latest_vgg_20260927/single_noise/r21vgg2k_vgg16_bn_aa5_s42/faces_cfdWM64/houses_yin64/results.csv,UU
bin5,VGG2k / bin5,r21vgg2k_vgg16_bn_aa5_s42,face_transfer,124,single_uu,CFD WM64,Houses,0.36,,50,within_sampled_range,UU,126,70.83333333333334,runs/yin_latest_vgg_20260927/single_noise/r21vgg2k_vgg16_bn_aa5_s42/faces_cfdWM64/houses_yin64/results.csv,UU
bin5,VGG2k / bin5,r21vgg2k_vgg16_bn_aa5_s42,face_transfer,124,single_uu,CFD WM64,Houses,0.36,,50,within_sampled_range,UU,127,62.5,runs/yin_latest_vgg_20260927/single_noise/r21vgg2k_vgg16_bn_aa5_s42/faces_cfdWM64/houses_yin64/results.csv,UU
bin5,VGG2k / bin5,r21vgg2k_vgg16_bn_aa5_s42,face_transfer,124,single_uu,CFD WM64,Houses,0.36,,50,within_sampled_range,UU,128,70.83333333333334,runs/yin_latest_vgg_20260927/single_noise/r21vgg2k_vgg16_bn_aa5_s42/faces_cfdWM64/houses_yin64/results.csv,UU
bin5,VGG2k / bin5,r21vgg2k_vgg16_bn_aa5_s42,face_transfer,124,single_uu,CFD WM64,Houses,0.36,,50,within_sampled_range,UU,129,70.83333333333334,runs/yin_latest_vgg_20260927/single_noise/r21vgg2k_vgg16_bn_aa5_s42/faces_cfdWM64/houses_yin64/results.csv,UU
bin5,VGG2k / bin5,r21vgg2k_vgg16_bn_aa5_s42,face_transfer,124,single_uu,CFD WM64,Houses,0.36,,50,within_sampled_range,UU,130,79.16666666666666,runs/yin_latest_vgg_20260927/single_noise/r21vgg2k_vgg16_bn_aa5_s42/faces_cfdWM64/houses_yin64/results.csv,UU
bin5,VGG2k / bin5,r21vgg2k_vgg16_bn_aa5_s42,face_transfer,124,single_uu,CFD WM64,Houses,0.36,,50,within_sampled_range,UU,131,66.66666666666666,runs/yin_latest_vgg_20260927/single_noise/r21vgg2k_vgg16_bn_aa5_s42/faces_cfdWM64/houses_yin64/results.csv,UU
bin5,VGG2k / bin5,r21vgg2k_vgg16_bn_aa5_s42,face_transfer,124,single_uu,CFD WM64,Houses,0.36,,50,within_sampled_range,UU,132,79.16666666666666,runs/yin_latest_vgg_20260927/single_noise/r21vgg2k_vgg16_bn_aa5_s42/faces_cfdWM64/houses_yin64/results.csv,UU
bin5,VGG2k / bin5,r21vgg2k_vgg16_bn_aa5_s42,face_transfer,124,single_uu,CFD WM64,Houses,0.36,,50,within_sampled_range,UU,133,54.166666666666664,runs/yin_latest_vgg_20260927/single_noise/r21vgg2k_vgg16_bn_aa5_s42/faces_cfdWM64/houses_yin64/results.csv,UU
bin5,VGG2k / bin5,r21vgg2k_vgg16_bn_aa5_s42,face_transfer,124,single_uu,CFD WM64,Houses,0.36,,50,within_sampled_range,UU,134,79.16666666666666,runs/yin_latest_vgg_20260927/single_noise/r21vgg2k_vgg16_bn_aa5_s42/faces_cfdWM64/houses_yin64/results.csv,UU
bin5,VGG2k / bin5,r21vgg2k_vgg16_bn_aa5_s42,face_transfer,124,single_uu,CFD WM64,Houses,0.36,,50,within_sampled_range,UU,135,70.83333333333334,runs/yin_latest_vgg_20260927/single_noise/r21vgg2k_vgg16_bn_aa5_s42/faces_cfdWM64/houses_yin64/results.csv,UU
bin5,VGG2k / bin5,r21vgg2k_vgg16_bn_aa5_s42,face_transfer,124,single_uu,CFD WM64,Houses,0.36,,50,within_sampled_range,UU,136,79.16666666666666,runs/yin_latest_vgg_20260927/single_noise/r21vgg2k_vgg16_bn_aa5_s42/faces_cfdWM64/houses_yin64/results.csv,UU
bin5,VGG2k / bin5,r21vgg2k_vgg16_bn_aa5_s42,face_transfer,124,single_uu,CFD WM64,Houses,0.36,,50,within_sampled_range,UU,137,79.16666666666666,runs/yin_latest_vgg_20260927/single_noise/r21vgg2k_vgg16_bn_aa5_s42/faces_cfdWM64/houses_yin64/results.csv,UU
bin5,VGG2k / bin5,r21vgg2k_vgg16_bn_aa5_s42,face_transfer,124,single_uu,CFD WM64,Houses,0.36,,50,within_sampled_range,UU,138,62.5,runs/yin_latest_vgg_20260927/single_noise/r21vgg2k_vgg16_bn_aa5_s42/faces_cfdWM64/houses_yin64/results.csv,UU
bin5,VGG2k / bin5,r21vgg2k_vgg16_bn_aa5_s42,face_transfer,124,single_uu,CFD WM64,Houses,0.36,,50,within_sampled_range,UU,139,75.0,runs/yin_latest_vgg_20260927/single_noise/r21vgg2k_vgg16_bn_aa5_s42/faces_cfdWM64/houses_yin64/results.csv,UU
bin5,VGG2k / bin5,r21vgg2k_vgg16_bn_aa5_s42,face_transfer,124,single_uu,CFD WM64,Houses,0.36,,50,within_sampled_range,UU,140,66.66666666666666,runs/yin_latest_vgg_20260927/single_noise/r21vgg2k_vgg16_bn_aa5_s42/faces_cfdWM64/houses_yin64/results.csv,UU
bin5,VGG2k / bin5,r21vgg2k_vgg16_bn_aa5_s42,face_transfer,124,single_uu,CFD WM64,Houses,0.36,,50,within_sampled_range,UU,141,75.0,runs/yin_latest_vgg_20260927/single_noise/r21vgg2k_vgg16_bn_aa5_s42/faces_cfdWM64/houses_yin64/results.csv,UU
bin5,VGG2k / bin5,r21vgg2k_vgg16_bn_aa5_s42,face_transfer,124,single_uu,CFD WM64,Houses,0.36,,50,within_sampled_range,UU,142,79.16666666666666,runs/yin_latest_vgg_20260927/single_noise/r21vgg2k_vgg16_bn_aa5_s42/faces_cfdWM64/houses_yin64/results.csv,UU
bin5,VGG2k / bin5,r21vgg2k_vgg16_bn_aa5_s42,face_transfer,124,single_uu,CFD WM64,Houses,0.36,,50,within_sampled_range,UU,143,91.66666666666666,runs/yin_latest_vgg_20260927/single_noise/r21vgg2k_vgg16_bn_aa5_s42/faces_cfdWM64/houses_yin64/results.csv,UU
bin5,VGG2k / bin5,r21vgg2k_vgg16_bn_aa5_s42,face_transfer,124,single_uu,CFD WM64,Houses,0.36,,50,within_sampled_range,UU,144,66.66666666666666,runs/yin_latest_vgg_20260927/single_noise/r21vgg2k_vgg16_bn_aa5_s42/faces_cfdWM64/houses_yin64/results.csv,UU
bin5,VGG2k / bin5,r21vgg2k_vgg16_bn_aa5_s42,face_transfer,124,single_uu,CFD WM64,Houses,0.36,,50,within_sampled_range,UU,145,70.83333333333334,runs/yin_latest_vgg_20260927/single_noise/r21vgg2k_vgg16_bn_aa5_s42/faces_cfdWM64/houses_yin64/results.csv,UU
bin5,VGG2k / bin5,r21vgg2k_vgg16_bn_aa5_s42,face_transfer,124,single_uu,CFD WM64,Houses,0.36,,50,within_sampled_range,UU,146,66.66666666666666,runs/yin_latest_vgg_20260927/single_noise/r21vgg2k_vgg16_bn_aa5_s42/faces_cfdWM64/houses_yin64/results.csv,UU
bin5,VGG2k / bin5,r21vgg2k_vgg16_bn_aa5_s42,face_transfer,124,single_uu,CFD WM64,Houses,0.36,,50,within_sampled_range,UU,147,62.5,runs/yin_latest_vgg_20260927/single_noise/r21vgg2k_vgg16_bn_aa5_s42/faces_cfdWM64/houses_yin64/results.csv,UU
bin5,VGG2k / bin5,r21vgg2k_vgg16_bn_aa5_s42,face_transfer,124,single_uu,CFD WM64,Houses,0.36,,50,within_sampled_range,UU,148,79.16666666666666,runs/yin_latest_vgg_20260927/single_noise/r21vgg2k_vgg16_bn_aa5_s42/faces_cfdWM64/houses_yin64/results.csv,UU
bin5,VGG2k / bin5,r21vgg2k_vgg16_bn_aa5_s42,face_transfer,124,single_uu,CFD WM64,Houses,0.36,,50,within_sampled_range,UU,149,62.5,runs/yin_latest_vgg_20260927/single_noise/r21vgg2k_vgg16_bn_aa5_s42/faces_cfdWM64/houses_yin64/results.csv,UU
bin5,VGG2k / bin5,r21vgg2k_vgg16_bn_aa5_s42,face_transfer,124,single_uu,CFD WM64,Houses,0.36,,50,within_sampled_range,UU,150,83.33333333333334,runs/yin_latest_vgg_20260927/single_noise/r21vgg2k_vgg16_bn_aa5_s42/faces_cfdWM64/houses_yin64/results.csv,UU
bin5,VGG2k / bin5,r21vgg2k_vgg16_bn_aa5_s42,face_transfer,124,single_uu,CFD WM64,Houses,0.36,,50,within_sampled_range,II,101,58.333333333333336,runs/yin_latest_vgg_20260927/single_noise/r21vgg2k_vgg16_bn_aa5_s42/faces_cfdWM64/houses_yin64/results.csv,II
bin5,VGG2k / bin5,r21vgg2k_vgg16_bn_aa5_s42,face_transfer,124,single_uu,CFD WM64,Houses,0.36,,50,within_sampled_range,II,102,75.0,runs/yin_latest_vgg_20260927/single_noise/r21vgg2k_vgg16_bn_aa5_s42/faces_cfdWM64/houses_yin64/results.csv,II
bin5,VGG2k / bin5,r21vgg2k_vgg16_bn_aa5_s42,face_transfer,124,single_uu,CFD WM64,Houses,0.36,,50,within_sampled_range,II,103,66.66666666666666,runs/yin_latest_vgg_20260927/single_noise/r21vgg2k_vgg16_bn_aa5_s42/faces_cfdWM64/houses_yin64/results.csv,II
bin5,VGG2k / bin5,r21vgg2k_vgg16_bn_aa5_s42,face_transfer,124,single_uu,CFD WM64,Houses,0.36,,50,within_sampled_range,II,104,70.83333333333334,runs/yin_latest_vgg_20260927/single_noise/r21vgg2k_vgg16_bn_aa5_s42/faces_cfdWM64/houses_yin64/results.csv,II
bin5,VGG2k / bin5,r21vgg2k_vgg16_bn_aa5_s42,face_transfer,124,single_uu,CFD WM64,Houses,0.36,,50,within_sampled_range,II,105,70.83333333333334,runs/yin_latest_vgg_20260927/single_noise/r21vgg2k_vgg16_bn_aa5_s42/faces_cfdWM64/houses_yin64/results.csv,II
bin5,VGG2k / bin5,r21vgg2k_vgg16_bn_aa5_s42,face_transfer,124,single_uu,CFD WM64,Houses,0.36,,50,within_sampled_range,II,106,83.33333333333334,runs/yin_latest_vgg_20260927/single_noise/r21vgg2k_vgg16_bn_aa5_s42/faces_cfdWM64/houses_yin64/results.csv,II
bin5,VGG2k / bin5,r21vgg2k_vgg16_bn_aa5_s42,face_transfer,124,single_uu,CFD WM64,Houses,0.36,,50,within_sampled_range,II,107,79.16666666666666,runs/yin_latest_vgg_20260927/single_noise/r21vgg2k_vgg16_bn_aa5_s42/faces_cfdWM64/houses_yin64/results.csv,II
bin5,VGG2k / bin5,r21vgg2k_vgg16_bn_aa5_s42,face_transfer,124,single_uu,CFD WM64,Houses,0.36,,50,within_sampled_range,II,108,62.5,runs/yin_latest_vgg_20260927/single_noise/r21vgg2k_vgg16_bn_aa5_s42/faces_cfdWM64/houses_yin64/results.csv,II
bin5,VGG2k / bin5,r21vgg2k_vgg16_bn_aa5_s42,face_transfer,124,single_uu,CFD WM64,Houses,0.36,,50,within_sampled_range,II,109,75.0,runs/yin_latest_vgg_20260927/single_noise/r21vgg2k_vgg16_bn_aa5_s42/faces_cfdWM64/houses_yin64/results.csv,II
bin5,VGG2k / bin5,r21vgg2k_vgg16_bn_aa5_s42,face_transfer,124,single_uu,CFD WM64,Houses,0.36,,50,within_sampled_range,II,110,70.83333333333334,runs/yin_latest_vgg_20260927/single_noise/r21vgg2k_vgg16_bn_aa5_s42/faces_cfdWM64/houses_yin64/results.csv,II
bin5,VGG2k / bin5,r21vgg2k_vgg16_bn_aa5_s42,face_transfer,124,single_uu,CFD WM64,Houses,0.36,,50,within_sampled_range,II,111,70.83333333333334,runs/yin_latest_vgg_20260927/single_noise/r21vgg2k_vgg16_bn_aa5_s42/faces_cfdWM64/houses_yin64/results.csv,II
bin5,VGG2k / bin5,r21vgg2k_vgg16_bn_aa5_s42,face_transfer,124,single_uu,CFD WM64,Houses,0.36,,50,within_sampled_range,II,112,70.83333333333334,runs/yin_latest_vgg_20260927/single_noise/r21vgg2k_vgg16_bn_aa5_s42/faces_cfdWM64/houses_yin64/results.csv,II
bin5,VGG2k / bin5,r21vgg2k_vgg16_bn_aa5_s42,face_transfer,124,single_uu,CFD WM64,Houses,0.36,,50,within_sampled_range,II,113,66.66666666666666,runs/yin_latest_vgg_20260927/single_noise/r21vgg2k_vgg16_bn_aa5_s42/faces_cfdWM64/houses_yin64/results.csv,II
bin5,VGG2k / bin5,r21vgg2k_vgg16_bn_aa5_s42,face_transfer,124,single_uu,CFD WM64,Houses,0.36,,50,within_sampled_range,II,114,75.0,runs/yin_latest_vgg_20260927/single_noise/r21vgg2k_vgg16_bn_aa5_s42/faces_cfdWM64/houses_yin64/results.csv,II
bin5,VGG2k / bin5,r21vgg2k_vgg16_bn_aa5_s42,face_transfer,124,single_uu,CFD WM64,Houses,0.36,,50,within_sampled_range,II,115,79.16666666666666,runs/yin_latest_vgg_20260927/single_noise/r21vgg2k_vgg16_bn_aa5_s42/faces_cfdWM64/houses_yin64/results.csv,II
bin5,VGG2k / bin5,r21vgg2k_vgg16_bn_aa5_s42,face_transfer,124,single_uu,CFD WM64,Houses,0.36,,50,within_sampled_range,II,116,79.16666666666666,runs/yin_latest_vgg_20260927/single_noise/r21vgg2k_vgg16_bn_aa5_s42/faces_cfdWM64/houses_yin64/results.csv,II
bin5,VGG2k / bin5,r21vgg2k_vgg16_bn_aa5_s42,face_transfer,124,single_uu,CFD WM64,Houses,0.36,,50,within_sampled_range,II,117,70.83333333333334,runs/yin_latest_vgg_20260927/single_noise/r21vgg2k_vgg16_bn_aa5_s42/faces_cfdWM64/houses_yin64/results.csv,II
bin5,VGG2k / bin5,r21vgg2k_vgg16_bn_aa5_s42,face_transfer,124,single_uu,CFD WM64,Houses,0.36,,50,within_sampled_range,II,118,79.16666666666666,runs/yin_latest_vgg_20260927/single_noise/r21vgg2k_vgg16_bn_aa5_s42/faces_cfdWM64/houses_yin64/results.csv,II
bin5,VGG2k / bin5,r21vgg2k_vgg16_bn_aa5_s42,face_transfer,124,single_uu,CFD WM64,Houses,0.36,,50,within_sampled_range,II,119,70.83333333333334,runs/yin_latest_vgg_20260927/single_noise/r21vgg2k_vgg16_bn_aa5_s42/faces_cfdWM64/houses_yin64/results.csv,II
bin5,VGG2k / bin5,r21vgg2k_vgg16_bn_aa5_s42,face_transfer,124,single_uu,CFD WM64,Houses,0.36,,50,within_sampled_range,II,120,79.16666666666666,runs/yin_latest_vgg_20260927/single_noise/r21vgg2k_vgg16_bn_aa5_s42/faces_cfdWM64/houses_yin64/results.csv,II
bin5,VGG2k / bin5,r21vgg2k_vgg16_bn_aa5_s42,face_transfer,124,single_uu,CFD WM64,Houses,0.36,,50,within_sampled_range,II,121,70.83333333333334,runs/yin_latest_vgg_20260927/single_noise/r21vgg2k_vgg16_bn_aa5_s42/faces_cfdWM64/houses_yin64/results.csv,II
bin5,VGG2k / bin5,r21vgg2k_vgg16_bn_aa5_s42,face_transfer,124,single_uu,CFD WM64,Houses,0.36,,50,within_sampled_range,II,122,58.333333333333336,runs/yin_latest_vgg_20260927/single_noise/r21vgg2k_vgg16_bn_aa5_s42/faces_cfdWM64/houses_yin64/results.csv,II
bin5,VGG2k / bin5,r21vgg2k_vgg16_bn_aa5_s42,face_transfer,124,single_uu,CFD WM64,Houses,0.36,,50,within_sampled_range,II,123,79.16666666666666,runs/yin_latest_vgg_20260927/single_noise/r21vgg2k_vgg16_bn_aa5_s42/faces_cfdWM64/houses_yin64/results.csv,II
bin5,VGG2k / bin5,r21vgg2k_vgg16_bn_aa5_s42,face_transfer,124,single_uu,CFD WM64,Houses,0.36,,50,within_sampled_range,II,124,66.66666666666666,runs/yin_latest_vgg_20260927/single_noise/r21vgg2k_vgg16_bn_aa5_s42/faces_cfdWM64/houses_yin64/results.csv,II
bin5,VGG2k / bin5,r21vgg2k_vgg16_bn_aa5_s42,face_transfer,124,single_uu,CFD WM64,Houses,0.36,,50,within_sampled_range,II,125,70.83333333333334,runs/yin_latest_vgg_20260927/single_noise/r21vgg2k_vgg16_bn_aa5_s42/faces_cfdWM64/houses_yin64/results.csv,II
bin5,VGG2k / bin5,r21vgg2k_vgg16_bn_aa5_s42,face_transfer,124,single_uu,CFD WM64,Houses,0.36,,50,within_sampled_range,II,126,75.0,runs/yin_latest_vgg_20260927/single_noise/r21vgg2k_vgg16_bn_aa5_s42/faces_cfdWM64/houses_yin64/results.csv,II
bin5,VGG2k / bin5,r21vgg2k_vgg16_bn_aa5_s42,face_transfer,124,single_uu,CFD WM64,Houses,0.36,,50,within_sampled_range,II,127,66.66666666666666,runs/yin_latest_vgg_20260927/single_noise/r21vgg2k_vgg16_bn_aa5_s42/faces_cfdWM64/houses_yin64/results.csv,II
bin5,VGG2k / bin5,r21vgg2k_vgg16_bn_aa5_s42,face_transfer,124,single_uu,CFD WM64,Houses,0.36,,50,within_sampled_range,II,128,79.16666666666666,runs/yin_latest_vgg_20260927/single_noise/r21vgg2k_vgg16_bn_aa5_s42/faces_cfdWM64/houses_yin64/results.csv,II
bin5,VGG2k / bin5,r21vgg2k_vgg16_bn_aa5_s42,face_transfer,124,single_uu,CFD WM64,Houses,0.36,,50,within_sampled_range,II,129,87.5,runs/yin_latest_vgg_20260927/single_noise/r21vgg2k_vgg16_bn_aa5_s42/faces_cfdWM64/houses_yin64/results.csv,II
bin5,VGG2k / bin5,r21vgg2k_vgg16_bn_aa5_s42,face_transfer,124,single_uu,CFD WM64,Houses,0.36,,50,within_sampled_range,II,130,83.33333333333334,runs/yin_latest_vgg_20260927/single_noise/r21vgg2k_vgg16_bn_aa5_s42/faces_cfdWM64/houses_yin64/results.csv,II
bin5,VGG2k / bin5,r21vgg2k_vgg16_bn_aa5_s42,face_transfer,124,single_uu,CFD WM64,Houses,0.36,,50,within_sampled_range,II,131,70.83333333333334,runs/yin_latest_vgg_20260927/single_noise/r21vgg2k_vgg16_bn_aa5_s42/faces_cfdWM64/houses_yin64/results.csv,II
bin5,VGG2k / bin5,r21vgg2k_vgg16_bn_aa5_s42,face_transfer,124,single_uu,CFD WM64,Houses,0.36,,50,within_sampled_range,II,132,79.16666666666666,runs/yin_latest_vgg_20260927/single_noise/r21vgg2k_vgg16_bn_aa5_s42/faces_cfdWM64/houses_yin64/results.csv,II
bin5,VGG2k / bin5,r21vgg2k_vgg16_bn_aa5_s42,face_transfer,124,single_uu,CFD WM64,Houses,0.36,,50,within_sampled_range,II,133,70.83333333333334,runs/yin_latest_vgg_20260927/single_noise/r21vgg2k_vgg16_bn_aa5_s42/faces_cfdWM64/houses_yin64/results.csv,II
bin5,VGG2k / bin5,r21vgg2k_vgg16_bn_aa5_s42,face_transfer,124,single_uu,CFD WM64,Houses,0.36,,50,within_sampled_range,II,134,79.16666666666666,runs/yin_latest_vgg_20260927/single_noise/r21vgg2k_vgg16_bn_aa5_s42/faces_cfdWM64/houses_yin64/results.csv,II
bin5,VGG2k / bin5,r21vgg2k_vgg16_bn_aa5_s42,face_transfer,124,single_uu,CFD WM64,Houses,0.36,,50,within_sampled_range,II,135,83.33333333333334,runs/yin_latest_vgg_20260927/single_noise/r21vgg2k_vgg16_bn_aa5_s42/faces_cfdWM64/houses_yin64/results.csv,II
bin5,VGG2k / bin5,r21vgg2k_vgg16_bn_aa5_s42,face_transfer,124,single_uu,CFD WM64,Houses,0.36,,50,within_sampled_range,II,136,70.83333333333334,runs/yin_latest_vgg_20260927/single_noise/r21vgg2k_vgg16_bn_aa5_s42/faces_cfdWM64/houses_yin64/results.csv,II
bin5,VGG2k / bin5,r21vgg2k_vgg16_bn_aa5_s42,face_transfer,124,single_uu,CFD WM64,Houses,0.36,,50,within_sampled_range,II,137,75.0,runs/yin_latest_vgg_20260927/single_noise/r21vgg2k_vgg16_bn_aa5_s42/faces_cfdWM64/houses_yin64/results.csv,II
bin5,VGG2k / bin5,r21vgg2k_vgg16_bn_aa5_s42,face_transfer,124,single_uu,CFD WM64,Houses,0.36,,50,within_sampled_range,II,138,83.33333333333334,runs/yin_latest_vgg_20260927/single_noise/r21vgg2k_vgg16_bn_aa5_s42/faces_cfdWM64/houses_yin64/results.csv,II
bin5,VGG2k / bin5,r21vgg2k_vgg16_bn_aa5_s42,face_transfer,124,single_uu,CFD WM64,Houses,0.36,,50,within_sampled_range,II,139,75.0,runs/yin_latest_vgg_20260927/single_noise/r21vgg2k_vgg16_bn_aa5_s42/faces_cfdWM64/houses_yin64/results.csv,II
bin5,VGG2k / bin5,r21vgg2k_vgg16_bn_aa5_s42,face_transfer,124,single_uu,CFD WM64,Houses,0.36,,50,within_sampled_range,II,140,75.0,runs/yin_latest_vgg_20260927/single_noise/r21vgg2k_vgg16_bn_aa5_s42/faces_cfdWM64/houses_yin64/results.csv,II
bin5,VGG2k / bin5,r21vgg2k_vgg16_bn_aa5_s42,face_transfer,124,single_uu,CFD WM64,Houses,0.36,,50,within_sampled_range,II,141,87.5,runs/yin_latest_vgg_20260927/single_noise/r21vgg2k_vgg16_bn_aa5_s42/faces_cfdWM64/houses_yin64/results.csv,II
bin5,VGG2k / bin5,r21vgg2k_vgg16_bn_aa5_s42,face_transfer,124,single_uu,CFD WM64,Houses,0.36,,50,within_sampled_range,II,142,75.0,runs/yin_latest_vgg_20260927/single_noise/r21vgg2k_vgg16_bn_aa5_s42/faces_cfdWM64/houses_yin64/results.csv,II
bin5,VGG2k / bin5,r21vgg2k_vgg16_bn_aa5_s42,face_transfer,124,single_uu,CFD WM64,Houses,0.36,,50,within_sampled_range,II,143,70.83333333333334,runs/yin_latest_vgg_20260927/single_noise/r21vgg2k_vgg16_bn_aa5_s42/faces_cfdWM64/houses_yin64/results.csv,II
bin5,VGG2k / bin5,r21vgg2k_vgg16_bn_aa5_s42,face_transfer,124,single_uu,CFD WM64,Houses,0.36,,50,within_sampled_range,II,144,79.16666666666666,runs/yin_latest_vgg_20260927/single_noise/r21vgg2k_vgg16_bn_aa5_s42/faces_cfdWM64/houses_yin64/results.csv,II
bin5,VGG2k / bin5,r21vgg2k_vgg16_bn_aa5_s42,face_transfer,124,single_uu,CFD WM64,Houses,0.36,,50,within_sampled_range,II,145,83.33333333333334,runs/yin_latest_vgg_20260927/single_noise/r21vgg2k_vgg16_bn_aa5_s42/faces_cfdWM64/houses_yin64/results.csv,II
bin5,VGG2k / bin5,r21vgg2k_vgg16_bn_aa5_s42,face_transfer,124,single_uu,CFD WM64,Houses,0.36,,50,within_sampled_range,II,146,66.66666666666666,runs/yin_latest_vgg_20260927/single_noise/r21vgg2k_vgg16_bn_aa5_s42/faces_cfdWM64/houses_yin64/results.csv,II
bin5,VGG2k / bin5,r21vgg2k_vgg16_bn_aa5_s42,face_transfer,124,single_uu,CFD WM64,Houses,0.36,,50,within_sampled_range,II,147,70.83333333333334,runs/yin_latest_vgg_20260927/single_noise/r21vgg2k_vgg16_bn_aa5_s42/faces_cfdWM64/houses_yin64/results.csv,II
bin5,VGG2k / bin5,r21vgg2k_vgg16_bn_aa5_s42,face_transfer,124,single_uu,CFD WM64,Houses,0.36,,50,within_sampled_range,II,148,83.33333333333334,runs/yin_latest_vgg_20260927/single_noise/r21vgg2k_vgg16_bn_aa5_s42/faces_cfdWM64/houses_yin64/results.csv,II
bin5,VGG2k / bin5,r21vgg2k_vgg16_bn_aa5_s42,face_transfer,124,single_uu,CFD WM64,Houses,0.36,,50,within_sampled_range,II,149,79.16666666666666,runs/yin_latest_vgg_20260927/single_noise/r21vgg2k_vgg16_bn_aa5_s42/faces_cfdWM64/houses_yin64/results.csv,II
bin5,VGG2k / bin5,r21vgg2k_vgg16_bn_aa5_s42,face_transfer,124,single_uu,CFD WM64,Houses,0.36,,50,within_sampled_range,II,150,91.66666666666666,runs/yin_latest_vgg_20260927/single_noise/r21vgg2k_vgg16_bn_aa5_s42/faces_cfdWM64/houses_yin64/results.csv,II
bin5,VGG2k / bin5,r21vgg2k_vgg16_bn_aa5_s42,face_transfer,124,single_uu,CFD WM64,Houses,0.36,,50,within_sampled_range,UI,101,62.5,runs/yin_latest_vgg_20260927/single_noise/r21vgg2k_vgg16_bn_aa5_s42/faces_cfdWM64/houses_yin64/results.csv,UI
bin5,VGG2k / bin5,r21vgg2k_vgg16_bn_aa5_s42,face_transfer,124,single_uu,CFD WM64,Houses,0.36,,50,within_sampled_range,UI,102,75.0,runs/yin_latest_vgg_20260927/single_noise/r21vgg2k_vgg16_bn_aa5_s42/faces_cfdWM64/houses_yin64/results.csv,UI
bin5,VGG2k / bin5,r21vgg2k_vgg16_bn_aa5_s42,face_transfer,124,single_uu,CFD WM64,Houses,0.36,,50,within_sampled_range,UI,103,87.5,runs/yin_latest_vgg_20260927/single_noise/r21vgg2k_vgg16_bn_aa5_s42/faces_cfdWM64/houses_yin64/results.csv,UI
bin5,VGG2k / bin5,r21vgg2k_vgg16_bn_aa5_s42,face_transfer,124,single_uu,CFD WM64,Houses,0.36,,50,within_sampled_range,UI,104,75.0,runs/yin_latest_vgg_20260927/single_noise/r21vgg2k_vgg16_bn_aa5_s42/faces_cfdWM64/houses_yin64/results.csv,UI
bin5,VGG2k / bin5,r21vgg2k_vgg16_bn_aa5_s42,face_transfer,124,single_uu,CFD WM64,Houses,0.36,,50,within_sampled_range,UI,105,66.66666666666666,runs/yin_latest_vgg_20260927/single_noise/r21vgg2k_vgg16_bn_aa5_s42/faces_cfdWM64/houses_yin64/results.csv,UI
bin5,VGG2k / bin5,r21vgg2k_vgg16_bn_aa5_s42,face_transfer,124,single_uu,CFD WM64,Houses,0.36,,50,within_sampled_range,UI,106,75.0,runs/yin_latest_vgg_20260927/single_noise/r21vgg2k_vgg16_bn_aa5_s42/faces_cfdWM64/houses_yin64/results.csv,UI
bin5,VGG2k / bin5,r21vgg2k_vgg16_bn_aa5_s42,face_transfer,124,single_uu,CFD WM64,Houses,0.36,,50,within_sampled_range,UI,107,70.83333333333334,runs/yin_latest_vgg_20260927/single_noise/r21vgg2k_vgg16_bn_aa5_s42/faces_cfdWM64/houses_yin64/results.csv,UI
bin5,VGG2k / bin5,r21vgg2k_vgg16_bn_aa5_s42,face_transfer,124,single_uu,CFD WM64,Houses,0.36,,50,within_sampled_range,UI,108,62.5,runs/yin_latest_vgg_20260927/single_noise/r21vgg2k_vgg16_bn_aa5_s42/faces_cfdWM64/houses_yin64/results.csv,UI
bin5,VGG2k / bin5,r21vgg2k_vgg16_bn_aa5_s42,face_transfer,124,single_uu,CFD WM64,Houses,0.36,,50,within_sampled_range,UI,109,70.83333333333334,runs/yin_latest_vgg_20260927/single_noise/r21vgg2k_vgg16_bn_aa5_s42/faces_cfdWM64/houses_yin64/results.csv,UI
bin5,VGG2k / bin5,r21vgg2k_vgg16_bn_aa5_s42,face_transfer,124,single_uu,CFD WM64,Houses,0.36,,50,within_sampled_range,UI,110,62.5,runs/yin_latest_vgg_20260927/single_noise/r21vgg2k_vgg16_bn_aa5_s42/faces_cfdWM64/houses_yin64/results.csv,UI
bin5,VGG2k / bin5,r21vgg2k_vgg16_bn_aa5_s42,face_transfer,124,single_uu,CFD WM64,Houses,0.36,,50,within_sampled_range,UI,111,66.66666666666666,runs/yin_latest_vgg_20260927/single_noise/r21vgg2k_vgg16_bn_aa5_s42/faces_cfdWM64/houses_yin64/results.csv,UI
bin5,VGG2k / bin5,r21vgg2k_vgg16_bn_aa5_s42,face_transfer,124,single_uu,CFD WM64,Houses,0.36,,50,within_sampled_range,UI,112,58.333333333333336,runs/yin_latest_vgg_20260927/single_noise/r21vgg2k_vgg16_bn_aa5_s42/faces_cfdWM64/houses_yin64/results.csv,UI
bin5,VGG2k / bin5,r21vgg2k_vgg16_bn_aa5_s42,face_transfer,124,single_uu,CFD WM64,Houses,0.36,,50,within_sampled_range,UI,113,79.16666666666666,runs/yin_latest_vgg_20260927/single_noise/r21vgg2k_vgg16_bn_aa5_s42/faces_cfdWM64/houses_yin64/results.csv,UI
bin5,VGG2k / bin5,r21vgg2k_vgg16_bn_aa5_s42,face_transfer,124,single_uu,CFD WM64,Houses,0.36,,50,within_sampled_range,UI,114,70.83333333333334,runs/yin_latest_vgg_20260927/single_noise/r21vgg2k_vgg16_bn_aa5_s42/faces_cfdWM64/houses_yin64/results.csv,UI
bin5,VGG2k / bin5,r21vgg2k_vgg16_bn_aa5_s42,face_transfer,124,single_uu,CFD WM64,Houses,0.36,,50,within_sampled_range,UI,115,75.0,runs/yin_latest_vgg_20260927/single_noise/r21vgg2k_vgg16_bn_aa5_s42/faces_cfdWM64/houses_yin64/results.csv,UI
bin5,VGG2k / bin5,r21vgg2k_vgg16_bn_aa5_s42,face_transfer,124,single_uu,CFD WM64,Houses,0.36,,50,within_sampled_range,UI,116,87.5,runs/yin_latest_vgg_20260927/single_noise/r21vgg2k_vgg16_bn_aa5_s42/faces_cfdWM64/houses_yin64/results.csv,UI
bin5,VGG2k / bin5,r21vgg2k_vgg16_bn_aa5_s42,face_transfer,124,single_uu,CFD WM64,Houses,0.36,,50,within_sampled_range,UI,117,75.0,runs/yin_latest_vgg_20260927/single_noise/r21vgg2k_vgg16_bn_aa5_s42/faces_cfdWM64/houses_yin64/results.csv,UI
bin5,VGG2k / bin5,r21vgg2k_vgg16_bn_aa5_s42,face_transfer,124,single_uu,CFD WM64,Houses,0.36,,50,within_sampled_range,UI,118,75.0,runs/yin_latest_vgg_20260927/single_noise/r21vgg2k_vgg16_bn_aa5_s42/faces_cfdWM64/houses_yin64/results.csv,UI
bin5,VGG2k / bin5,r21vgg2k_vgg16_bn_aa5_s42,face_transfer,124,single_uu,CFD WM64,Houses,0.36,,50,within_sampled_range,UI,119,62.5,runs/yin_latest_vgg_20260927/single_noise/r21vgg2k_vgg16_bn_aa5_s42/faces_cfdWM64/houses_yin64/results.csv,UI
bin5,VGG2k / bin5,r21vgg2k_vgg16_bn_aa5_s42,face_transfer,124,single_uu,CFD WM64,Houses,0.36,,50,within_sampled_range,UI,120,70.83333333333334,runs/yin_latest_vgg_20260927/single_noise/r21vgg2k_vgg16_bn_aa5_s42/faces_cfdWM64/houses_yin64/results.csv,UI
bin5,VGG2k / bin5,r21vgg2k_vgg16_bn_aa5_s42,face_transfer,124,single_uu,CFD WM64,Houses,0.36,,50,within_sampled_range,UI,121,62.5,runs/yin_latest_vgg_20260927/single_noise/r21vgg2k_vgg16_bn_aa5_s42/faces_cfdWM64/houses_yin64/results.csv,UI
bin5,VGG2k / bin5,r21vgg2k_vgg16_bn_aa5_s42,face_transfer,124,single_uu,CFD WM64,Houses,0.36,,50,within_sampled_range,UI,122,58.333333333333336,runs/yin_latest_vgg_20260927/single_noise/r21vgg2k_vgg16_bn_aa5_s42/faces_cfdWM64/houses_yin64/results.csv,UI
bin5,VGG2k / bin5,r21vgg2k_vgg16_bn_aa5_s42,face_transfer,124,single_uu,CFD WM64,Houses,0.36,,50,within_sampled_range,UI,123,70.83333333333334,runs/yin_latest_vgg_20260927/single_noise/r21vgg2k_vgg16_bn_aa5_s42/faces_cfdWM64/houses_yin64/results.csv,UI
bin5,VGG2k / bin5,r21vgg2k_vgg16_bn_aa5_s42,face_transfer,124,single_uu,CFD WM64,Houses,0.36,,50,within_sampled_range,UI,124,70.83333333333334,runs/yin_latest_vgg_20260927/single_noise/r21vgg2k_vgg16_bn_aa5_s42/faces_cfdWM64/houses_yin64/results.csv,UI
bin5,VGG2k / bin5,r21vgg2k_vgg16_bn_aa5_s42,face_transfer,124,single_uu,CFD WM64,Houses,0.36,,50,within_sampled_range,UI,125,70.83333333333334,runs/yin_latest_vgg_20260927/single_noise/r21vgg2k_vgg16_bn_aa5_s42/faces_cfdWM64/houses_yin64/results.csv,UI
bin5,VGG2k / bin5,r21vgg2k_vgg16_bn_aa5_s42,face_transfer,124,single_uu,CFD WM64,Houses,0.36,,50,within_sampled_range,UI,126,58.333333333333336,runs/yin_latest_vgg_20260927/single_noise/r21vgg2k_vgg16_bn_aa5_s42/faces_cfdWM64/houses_yin64/results.csv,UI
bin5,VGG2k / bin5,r21vgg2k_vgg16_bn_aa5_s42,face_transfer,124,single_uu,CFD WM64,Houses,0.36,,50,within_sampled_range,UI,127,75.0,runs/yin_latest_vgg_20260927/single_noise/r21vgg2k_vgg16_bn_aa5_s42/faces_cfdWM64/houses_yin64/results.csv,UI
bin5,VGG2k / bin5,r21vgg2k_vgg16_bn_aa5_s42,face_transfer,124,single_uu,CFD WM64,Houses,0.36,,50,within_sampled_range,UI,128,70.83333333333334,runs/yin_latest_vgg_20260927/single_noise/r21vgg2k_vgg16_bn_aa5_s42/faces_cfdWM64/houses_yin64/results.csv,UI
bin5,VGG2k / bin5,r21vgg2k_vgg16_bn_aa5_s42,face_transfer,124,single_uu,CFD WM64,Houses,0.36,,50,within_sampled_range,UI,129,75.0,runs/yin_latest_vgg_20260927/single_noise/r21vgg2k_vgg16_bn_aa5_s42/faces_cfdWM64/houses_yin64/results.csv,UI
bin5,VGG2k / bin5,r21vgg2k_vgg16_bn_aa5_s42,face_transfer,124,single_uu,CFD WM64,Houses,0.36,,50,within_sampled_range,UI,130,75.0,runs/yin_latest_vgg_20260927/single_noise/r21vgg2k_vgg16_bn_aa5_s42/faces_cfdWM64/houses_yin64/results.csv,UI
bin5,VGG2k / bin5,r21vgg2k_vgg16_bn_aa5_s42,face_transfer,124,single_uu,CFD WM64,Houses,0.36,,50,within_sampled_range,UI,131,58.333333333333336,runs/yin_latest_vgg_20260927/single_noise/r21vgg2k_vgg16_bn_aa5_s42/faces_cfdWM64/houses_yin64/results.csv,UI
bin5,VGG2k / bin5,r21vgg2k_vgg16_bn_aa5_s42,face_transfer,124,single_uu,CFD WM64,Houses,0.36,,50,within_sampled_range,UI,132,79.16666666666666,runs/yin_latest_vgg_20260927/single_noise/r21vgg2k_vgg16_bn_aa5_s42/faces_cfdWM64/houses_yin64/results.csv,UI
bin5,VGG2k / bin5,r21vgg2k_vgg16_bn_aa5_s42,face_transfer,124,single_uu,CFD WM64,Houses,0.36,,50,within_sampled_range,UI,133,58.333333333333336,runs/yin_latest_vgg_20260927/single_noise/r21vgg2k_vgg16_bn_aa5_s42/faces_cfdWM64/houses_yin64/results.csv,UI
bin5,VGG2k / bin5,r21vgg2k_vgg16_bn_aa5_s42,face_transfer,124,single_uu,CFD WM64,Houses,0.36,,50,within_sampled_range,UI,134,75.0,runs/yin_latest_vgg_20260927/single_noise/r21vgg2k_vgg16_bn_aa5_s42/faces_cfdWM64/houses_yin64/results.csv,UI
bin5,VGG2k / bin5,r21vgg2k_vgg16_bn_aa5_s42,face_transfer,124,single_uu,CFD WM64,Houses,0.36,,50,within_sampled_range,UI,135,75.0,runs/yin_latest_vgg_20260927/single_noise/r21vgg2k_vgg16_bn_aa5_s42/faces_cfdWM64/houses_yin64/results.csv,UI
bin5,VGG2k / bin5,r21vgg2k_vgg16_bn_aa5_s42,face_transfer,124,single_uu,CFD WM64,Houses,0.36,,50,within_sampled_range,UI,136,70.83333333333334,runs/yin_latest_vgg_20260927/single_noise/r21vgg2k_vgg16_bn_aa5_s42/faces_cfdWM64/houses_yin64/results.csv,UI
bin5,VGG2k / bin5,r21vgg2k_vgg16_bn_aa5_s42,face_transfer,124,single_uu,CFD WM64,Houses,0.36,,50,within_sampled_range,UI,137,66.66666666666666,runs/yin_latest_vgg_20260927/single_noise/r21vgg2k_vgg16_bn_aa5_s42/faces_cfdWM64/houses_yin64/results.csv,UI
bin5,VGG2k / bin5,r21vgg2k_vgg16_bn_aa5_s42,face_transfer,124,single_uu,CFD WM64,Houses,0.36,,50,within_sampled_range,UI,138,58.333333333333336,runs/yin_latest_vgg_20260927/single_noise/r21vgg2k_vgg16_bn_aa5_s42/faces_cfdWM64/houses_yin64/results.csv,UI
bin5,VGG2k / bin5,r21vgg2k_vgg16_bn_aa5_s42,face_transfer,124,single_uu,CFD WM64,Houses,0.36,,50,within_sampled_range,UI,139,62.5,runs/yin_latest_vgg_20260927/single_noise/r21vgg2k_vgg16_bn_aa5_s42/faces_cfdWM64/houses_yin64/results.csv,UI
bin5,VGG2k / bin5,r21vgg2k_vgg16_bn_aa5_s42,face_transfer,124,single_uu,CFD WM64,Houses,0.36,,50,within_sampled_range,UI,140,62.5,runs/yin_latest_vgg_20260927/single_noise/r21vgg2k_vgg16_bn_aa5_s42/faces_cfdWM64/houses_yin64/results.csv,UI
bin5,VGG2k / bin5,r21vgg2k_vgg16_bn_aa5_s42,face_transfer,124,single_uu,CFD WM64,Houses,0.36,,50,within_sampled_range,UI,141,83.33333333333334,runs/yin_latest_vgg_20260927/single_noise/r21vgg2k_vgg16_bn_aa5_s42/faces_cfdWM64/houses_yin64/results.csv,UI
bin5,VGG2k / bin5,r21vgg2k_vgg16_bn_aa5_s42,face_transfer,124,single_uu,CFD WM64,Houses,0.36,,50,within_sampled_range,UI,142,66.66666666666666,runs/yin_latest_vgg_20260927/single_noise/r21vgg2k_vgg16_bn_aa5_s42/faces_cfdWM64/houses_yin64/results.csv,UI
bin5,VGG2k / bin5,r21vgg2k_vgg16_bn_aa5_s42,face_transfer,124,single_uu,CFD WM64,Houses,0.36,,50,within_sampled_range,UI,143,70.83333333333334,runs/yin_latest_vgg_20260927/single_noise/r21vgg2k_vgg16_bn_aa5_s42/faces_cfdWM64/houses_yin64/results.csv,UI
bin5,VGG2k / bin5,r21vgg2k_vgg16_bn_aa5_s42,face_transfer,124,single_uu,CFD WM64,Houses,0.36,,50,within_sampled_range,UI,144,70.83333333333334,runs/yin_latest_vgg_20260927/single_noise/r21vgg2k_vgg16_bn_aa5_s42/faces_cfdWM64/houses_yin64/results.csv,UI
bin5,VGG2k / bin5,r21vgg2k_vgg16_bn_aa5_s42,face_transfer,124,single_uu,CFD WM64,Houses,0.36,,50,within_sampled_range,UI,145,66.66666666666666,runs/yin_latest_vgg_20260927/single_noise/r21vgg2k_vgg16_bn_aa5_s42/faces_cfdWM64/houses_yin64/results.csv,UI
bin5,VGG2k / bin5,r21vgg2k_vgg16_bn_aa5_s42,face_transfer,124,single_uu,CFD WM64,Houses,0.36,,50,within_sampled_range,UI,146,62.5,runs/yin_latest_vgg_20260927/single_noise/r21vgg2k_vgg16_bn_aa5_s42/faces_cfdWM64/houses_yin64/results.csv,UI
bin5,VGG2k / bin5,r21vgg2k_vgg16_bn_aa5_s42,face_transfer,124,single_uu,CFD WM64,Houses,0.36,,50,within_sampled_range,UI,147,62.5,runs/yin_latest_vgg_20260927/single_noise/r21vgg2k_vgg16_bn_aa5_s42/faces_cfdWM64/houses_yin64/results.csv,UI
bin5,VGG2k / bin5,r21vgg2k_vgg16_bn_aa5_s42,face_transfer,124,single_uu,CFD WM64,Houses,0.36,,50,within_sampled_range,UI,148,66.66666666666666,runs/yin_latest_vgg_20260927/single_noise/r21vgg2k_vgg16_bn_aa5_s42/faces_cfdWM64/houses_yin64/results.csv,UI
bin5,VGG2k / bin5,r21vgg2k_vgg16_bn_aa5_s42,face_transfer,124,single_uu,CFD WM64,Houses,0.36,,50,within_sampled_range,UI,149,58.333333333333336,runs/yin_latest_vgg_20260927/single_noise/r21vgg2k_vgg16_bn_aa5_s42/faces_cfdWM64/houses_yin64/results.csv,UI
bin5,VGG2k / bin5,r21vgg2k_vgg16_bn_aa5_s42,face_transfer,124,single_uu,CFD WM64,Houses,0.36,,50,within_sampled_range,UI,150,79.16666666666666,runs/yin_latest_vgg_20260927/single_noise/r21vgg2k_vgg16_bn_aa5_s42/faces_cfdWM64/houses_yin64/results.csv,UI
bin5,VGG2k / bin5,r21vgg2k_vgg16_bn_aa5_s42,face_transfer,124,single_uu,CFD WM64,Houses,0.36,,50,within_sampled_range,IU,101,79.16666666666666,runs/yin_latest_vgg_20260927/single_noise/r21vgg2k_vgg16_bn_aa5_s42/faces_cfdWM64/houses_yin64/results.csv,IU
bin5,VGG2k / bin5,r21vgg2k_vgg16_bn_aa5_s42,face_transfer,124,single_uu,CFD WM64,Houses,0.36,,50,within_sampled_range,IU,102,91.66666666666666,runs/yin_latest_vgg_20260927/single_noise/r21vgg2k_vgg16_bn_aa5_s42/faces_cfdWM64/houses_yin64/results.csv,IU
bin5,VGG2k / bin5,r21vgg2k_vgg16_bn_aa5_s42,face_transfer,124,single_uu,CFD WM64,Houses,0.36,,50,within_sampled_range,IU,103,75.0,runs/yin_latest_vgg_20260927/single_noise/r21vgg2k_vgg16_bn_aa5_s42/faces_cfdWM64/houses_yin64/results.csv,IU
bin5,VGG2k / bin5,r21vgg2k_vgg16_bn_aa5_s42,face_transfer,124,single_uu,CFD WM64,Houses,0.36,,50,within_sampled_range,IU,104,79.16666666666666,runs/yin_latest_vgg_20260927/single_noise/r21vgg2k_vgg16_bn_aa5_s42/faces_cfdWM64/houses_yin64/results.csv,IU
bin5,VGG2k / bin5,r21vgg2k_vgg16_bn_aa5_s42,face_transfer,124,single_uu,CFD WM64,Houses,0.36,,50,within_sampled_range,IU,105,62.5,runs/yin_latest_vgg_20260927/single_noise/r21vgg2k_vgg16_bn_aa5_s42/faces_cfdWM64/houses_yin64/results.csv,IU
bin5,VGG2k / bin5,r21vgg2k_vgg16_bn_aa5_s42,face_transfer,124,single_uu,CFD WM64,Houses,0.36,,50,within_sampled_range,IU,106,75.0,runs/yin_latest_vgg_20260927/single_noise/r21vgg2k_vgg16_bn_aa5_s42/faces_cfdWM64/houses_yin64/results.csv,IU
bin5,VGG2k / bin5,r21vgg2k_vgg16_bn_aa5_s42,face_transfer,124,single_uu,CFD WM64,Houses,0.36,,50,within_sampled_range,IU,107,66.66666666666666,runs/yin_latest_vgg_20260927/single_noise/r21vgg2k_vgg16_bn_aa5_s42/faces_cfdWM64/houses_yin64/results.csv,IU
bin5,VGG2k / bin5,r21vgg2k_vgg16_bn_aa5_s42,face_transfer,124,single_uu,CFD WM64,Houses,0.36,,50,within_sampled_range,IU,108,70.83333333333334,runs/yin_latest_vgg_20260927/single_noise/r21vgg2k_vgg16_bn_aa5_s42/faces_cfdWM64/houses_yin64/results.csv,IU
bin5,VGG2k / bin5,r21vgg2k_vgg16_bn_aa5_s42,face_transfer,124,single_uu,CFD WM64,Houses,0.36,,50,within_sampled_range,IU,109,58.333333333333336,runs/yin_latest_vgg_20260927/single_noise/r21vgg2k_vgg16_bn_aa5_s42/faces_cfdWM64/houses_yin64/results.csv,IU
bin5,VGG2k / bin5,r21vgg2k_vgg16_bn_aa5_s42,face_transfer,124,single_uu,CFD WM64,Houses,0.36,,50,within_sampled_range,IU,110,75.0,runs/yin_latest_vgg_20260927/single_noise/r21vgg2k_vgg16_bn_aa5_s42/faces_cfdWM64/houses_yin64/results.csv,IU
bin5,VGG2k / bin5,r21vgg2k_vgg16_bn_aa5_s42,face_transfer,124,single_uu,CFD WM64,Houses,0.36,,50,within_sampled_range,IU,111,79.16666666666666,runs/yin_latest_vgg_20260927/single_noise/r21vgg2k_vgg16_bn_aa5_s42/faces_cfdWM64/houses_yin64/results.csv,IU
bin5,VGG2k / bin5,r21vgg2k_vgg16_bn_aa5_s42,face_transfer,124,single_uu,CFD WM64,Houses,0.36,,50,within_sampled_range,IU,112,62.5,runs/yin_latest_vgg_20260927/single_noise/r21vgg2k_vgg16_bn_aa5_s42/faces_cfdWM64/houses_yin64/results.csv,IU
bin5,VGG2k / bin5,r21vgg2k_vgg16_bn_aa5_s42,face_transfer,124,single_uu,CFD WM64,Houses,0.36,,50,within_sampled_range,IU,113,75.0,runs/yin_latest_vgg_20260927/single_noise/r21vgg2k_vgg16_bn_aa5_s42/faces_cfdWM64/houses_yin64/results.csv,IU
bin5,VGG2k / bin5,r21vgg2k_vgg16_bn_aa5_s42,face_transfer,124,single_uu,CFD WM64,Houses,0.36,,50,within_sampled_range,IU,114,83.33333333333334,runs/yin_latest_vgg_20260927/single_noise/r21vgg2k_vgg16_bn_aa5_s42/faces_cfdWM64/houses_yin64/results.csv,IU
bin5,VGG2k / bin5,r21vgg2k_vgg16_bn_aa5_s42,face_transfer,124,single_uu,CFD WM64,Houses,0.36,,50,within_sampled_range,IU,115,54.166666666666664,runs/yin_latest_vgg_20260927/single_noise/r21vgg2k_vgg16_bn_aa5_s42/faces_cfdWM64/houses_yin64/results.csv,IU
bin5,VGG2k / bin5,r21vgg2k_vgg16_bn_aa5_s42,face_transfer,124,single_uu,CFD WM64,Houses,0.36,,50,within_sampled_range,IU,116,87.5,runs/yin_latest_vgg_20260927/single_noise/r21vgg2k_vgg16_bn_aa5_s42/faces_cfdWM64/houses_yin64/results.csv,IU
bin5,VGG2k / bin5,r21vgg2k_vgg16_bn_aa5_s42,face_transfer,124,single_uu,CFD WM64,Houses,0.36,,50,within_sampled_range,IU,117,58.333333333333336,runs/yin_latest_vgg_20260927/single_noise/r21vgg2k_vgg16_bn_aa5_s42/faces_cfdWM64/houses_yin64/results.csv,IU
bin5,VGG2k / bin5,r21vgg2k_vgg16_bn_aa5_s42,face_transfer,124,single_uu,CFD WM64,Houses,0.36,,50,within_sampled_range,IU,118,75.0,runs/yin_latest_vgg_20260927/single_noise/r21vgg2k_vgg16_bn_aa5_s42/faces_cfdWM64/houses_yin64/results.csv,IU
bin5,VGG2k / bin5,r21vgg2k_vgg16_bn_aa5_s42,face_transfer,124,single_uu,CFD WM64,Houses,0.36,,50,within_sampled_range,IU,119,70.83333333333334,runs/yin_latest_vgg_20260927/single_noise/r21vgg2k_vgg16_bn_aa5_s42/faces_cfdWM64/houses_yin64/results.csv,IU
bin5,VGG2k / bin5,r21vgg2k_vgg16_bn_aa5_s42,face_transfer,124,single_uu,CFD WM64,Houses,0.36,,50,within_sampled_range,IU,120,79.16666666666666,runs/yin_latest_vgg_20260927/single_noise/r21vgg2k_vgg16_bn_aa5_s42/faces_cfdWM64/houses_yin64/results.csv,IU
bin5,VGG2k / bin5,r21vgg2k_vgg16_bn_aa5_s42,face_transfer,124,single_uu,CFD WM64,Houses,0.36,,50,within_sampled_range,IU,121,70.83333333333334,runs/yin_latest_vgg_20260927/single_noise/r21vgg2k_vgg16_bn_aa5_s42/faces_cfdWM64/houses_yin64/results.csv,IU
bin5,VGG2k / bin5,r21vgg2k_vgg16_bn_aa5_s42,face_transfer,124,single_uu,CFD WM64,Houses,0.36,,50,within_sampled_range,IU,122,50.0,runs/yin_latest_vgg_20260927/single_noise/r21vgg2k_vgg16_bn_aa5_s42/faces_cfdWM64/houses_yin64/results.csv,IU
bin5,VGG2k / bin5,r21vgg2k_vgg16_bn_aa5_s42,face_transfer,124,single_uu,CFD WM64,Houses,0.36,,50,within_sampled_range,IU,123,79.16666666666666,runs/yin_latest_vgg_20260927/single_noise/r21vgg2k_vgg16_bn_aa5_s42/faces_cfdWM64/houses_yin64/results.csv,IU
bin5,VGG2k / bin5,r21vgg2k_vgg16_bn_aa5_s42,face_transfer,124,single_uu,CFD WM64,Houses,0.36,,50,within_sampled_range,IU,124,66.66666666666666,runs/yin_latest_vgg_20260927/single_noise/r21vgg2k_vgg16_bn_aa5_s42/faces_cfdWM64/houses_yin64/results.csv,IU
bin5,VGG2k / bin5,r21vgg2k_vgg16_bn_aa5_s42,face_transfer,124,single_uu,CFD WM64,Houses,0.36,,50,within_sampled_range,IU,125,58.333333333333336,runs/yin_latest_vgg_20260927/single_noise/r21vgg2k_vgg16_bn_aa5_s42/faces_cfdWM64/houses_yin64/results.csv,IU
bin5,VGG2k / bin5,r21vgg2k_vgg16_bn_aa5_s42,face_transfer,124,single_uu,CFD WM64,Houses,0.36,,50,within_sampled_range,IU,126,70.83333333333334,runs/yin_latest_vgg_20260927/single_noise/r21vgg2k_vgg16_bn_aa5_s42/faces_cfdWM64/houses_yin64/results.csv,IU
bin5,VGG2k / bin5,r21vgg2k_vgg16_bn_aa5_s42,face_transfer,124,single_uu,CFD WM64,Houses,0.36,,50,within_sampled_range,IU,127,83.33333333333334,runs/yin_latest_vgg_20260927/single_noise/r21vgg2k_vgg16_bn_aa5_s42/faces_cfdWM64/houses_yin64/results.csv,IU
bin5,VGG2k / bin5,r21vgg2k_vgg16_bn_aa5_s42,face_transfer,124,single_uu,CFD WM64,Houses,0.36,,50,within_sampled_range,IU,128,70.83333333333334,runs/yin_latest_vgg_20260927/single_noise/r21vgg2k_vgg16_bn_aa5_s42/faces_cfdWM64/houses_yin64/results.csv,IU
bin5,VGG2k / bin5,r21vgg2k_vgg16_bn_aa5_s42,face_transfer,124,single_uu,CFD WM64,Houses,0.36,,50,within_sampled_range,IU,129,58.333333333333336,runs/yin_latest_vgg_20260927/single_noise/r21vgg2k_vgg16_bn_aa5_s42/faces_cfdWM64/houses_yin64/results.csv,IU
bin5,VGG2k / bin5,r21vgg2k_vgg16_bn_aa5_s42,face_transfer,124,single_uu,CFD WM64,Houses,0.36,,50,within_sampled_range,IU,130,79.16666666666666,runs/yin_latest_vgg_20260927/single_noise/r21vgg2k_vgg16_bn_aa5_s42/faces_cfdWM64/houses_yin64/results.csv,IU
bin5,VGG2k / bin5,r21vgg2k_vgg16_bn_aa5_s42,face_transfer,124,single_uu,CFD WM64,Houses,0.36,,50,within_sampled_range,IU,131,62.5,runs/yin_latest_vgg_20260927/single_noise/r21vgg2k_vgg16_bn_aa5_s42/faces_cfdWM64/houses_yin64/results.csv,IU
bin5,VGG2k / bin5,r21vgg2k_vgg16_bn_aa5_s42,face_transfer,124,single_uu,CFD WM64,Houses,0.36,,50,within_sampled_range,IU,132,58.333333333333336,runs/yin_latest_vgg_20260927/single_noise/r21vgg2k_vgg16_bn_aa5_s42/faces_cfdWM64/houses_yin64/results.csv,IU
bin5,VGG2k / bin5,r21vgg2k_vgg16_bn_aa5_s42,face_transfer,124,single_uu,CFD WM64,Houses,0.36,,50,within_sampled_range,IU,133,79.16666666666666,runs/yin_latest_vgg_20260927/single_noise/r21vgg2k_vgg16_bn_aa5_s42/faces_cfdWM64/houses_yin64/results.csv,IU
bin5,VGG2k / bin5,r21vgg2k_vgg16_bn_aa5_s42,face_transfer,124,single_uu,CFD WM64,Houses,0.36,,50,within_sampled_range,IU,134,91.66666666666666,runs/yin_latest_vgg_20260927/single_noise/r21vgg2k_vgg16_bn_aa5_s42/faces_cfdWM64/houses_yin64/results.csv,IU
bin5,VGG2k / bin5,r21vgg2k_vgg16_bn_aa5_s42,face_transfer,124,single_uu,CFD WM64,Houses,0.36,,50,within_sampled_range,IU,135,58.333333333333336,runs/yin_latest_vgg_20260927/single_noise/r21vgg2k_vgg16_bn_aa5_s42/faces_cfdWM64/houses_yin64/results.csv,IU
bin5,VGG2k / bin5,r21vgg2k_vgg16_bn_aa5_s42,face_transfer,124,single_uu,CFD WM64,Houses,0.36,,50,within_sampled_range,IU,136,62.5,runs/yin_latest_vgg_20260927/single_noise/r21vgg2k_vgg16_bn_aa5_s42/faces_cfdWM64/houses_yin64/results.csv,IU
bin5,VGG2k / bin5,r21vgg2k_vgg16_bn_aa5_s42,face_transfer,124,single_uu,CFD WM64,Houses,0.36,,50,within_sampled_range,IU,137,70.83333333333334,runs/yin_latest_vgg_20260927/single_noise/r21vgg2k_vgg16_bn_aa5_s42/faces_cfdWM64/houses_yin64/results.csv,IU
bin5,VGG2k / bin5,r21vgg2k_vgg16_bn_aa5_s42,face_transfer,124,single_uu,CFD WM64,Houses,0.36,,50,within_sampled_range,IU,138,66.66666666666666,runs/yin_latest_vgg_20260927/single_noise/r21vgg2k_vgg16_bn_aa5_s42/faces_cfdWM64/houses_yin64/results.csv,IU
bin5,VGG2k / bin5,r21vgg2k_vgg16_bn_aa5_s42,face_transfer,124,single_uu,CFD WM64,Houses,0.36,,50,within_sampled_range,IU,139,70.83333333333334,runs/yin_latest_vgg_20260927/single_noise/r21vgg2k_vgg16_bn_aa5_s42/faces_cfdWM64/houses_yin64/results.csv,IU
bin5,VGG2k / bin5,r21vgg2k_vgg16_bn_aa5_s42,face_transfer,124,single_uu,CFD WM64,Houses,0.36,,50,within_sampled_range,IU,140,70.83333333333334,runs/yin_latest_vgg_20260927/single_noise/r21vgg2k_vgg16_bn_aa5_s42/faces_cfdWM64/houses_yin64/results.csv,IU
bin5,VGG2k / bin5,r21vgg2k_vgg16_bn_aa5_s42,face_transfer,124,single_uu,CFD WM64,Houses,0.36,,50,within_sampled_range,IU,141,75.0,runs/yin_latest_vgg_20260927/single_noise/r21vgg2k_vgg16_bn_aa5_s42/faces_cfdWM64/houses_yin64/results.csv,IU
bin5,VGG2k / bin5,r21vgg2k_vgg16_bn_aa5_s42,face_transfer,124,single_uu,CFD WM64,Houses,0.36,,50,within_sampled_range,IU,142,62.5,runs/yin_latest_vgg_20260927/single_noise/r21vgg2k_vgg16_bn_aa5_s42/faces_cfdWM64/houses_yin64/results.csv,IU
bin5,VGG2k / bin5,r21vgg2k_vgg16_bn_aa5_s42,face_transfer,124,single_uu,CFD WM64,Houses,0.36,,50,within_sampled_range,IU,143,70.83333333333334,runs/yin_latest_vgg_20260927/single_noise/r21vgg2k_vgg16_bn_aa5_s42/faces_cfdWM64/houses_yin64/results.csv,IU
bin5,VGG2k / bin5,r21vgg2k_vgg16_bn_aa5_s42,face_transfer,124,single_uu,CFD WM64,Houses,0.36,,50,within_sampled_range,IU,144,75.0,runs/yin_latest_vgg_20260927/single_noise/r21vgg2k_vgg16_bn_aa5_s42/faces_cfdWM64/houses_yin64/results.csv,IU
bin5,VGG2k / bin5,r21vgg2k_vgg16_bn_aa5_s42,face_transfer,124,single_uu,CFD WM64,Houses,0.36,,50,within_sampled_range,IU,145,70.83333333333334,runs/yin_latest_vgg_20260927/single_noise/r21vgg2k_vgg16_bn_aa5_s42/faces_cfdWM64/houses_yin64/results.csv,IU
bin5,VGG2k / bin5,r21vgg2k_vgg16_bn_aa5_s42,face_transfer,124,single_uu,CFD WM64,Houses,0.36,,50,within_sampled_range,IU,146,66.66666666666666,runs/yin_latest_vgg_20260927/single_noise/r21vgg2k_vgg16_bn_aa5_s42/faces_cfdWM64/houses_yin64/results.csv,IU
bin5,VGG2k / bin5,r21vgg2k_vgg16_bn_aa5_s42,face_transfer,124,single_uu,CFD WM64,Houses,0.36,,50,within_sampled_range,IU,147,66.66666666666666,runs/yin_latest_vgg_20260927/single_noise/r21vgg2k_vgg16_bn_aa5_s42/faces_cfdWM64/houses_yin64/results.csv,IU
bin5,VGG2k / bin5,r21vgg2k_vgg16_bn_aa5_s42,face_transfer,124,single_uu,CFD WM64,Houses,0.36,,50,within_sampled_range,IU,148,54.166666666666664,runs/yin_latest_vgg_20260927/single_noise/r21vgg2k_vgg16_bn_aa5_s42/faces_cfdWM64/houses_yin64/results.csv,IU
bin5,VGG2k / bin5,r21vgg2k_vgg16_bn_aa5_s42,face_transfer,124,single_uu,CFD WM64,Houses,0.36,,50,within_sampled_range,IU,149,75.0,runs/yin_latest_vgg_20260927/single_noise/r21vgg2k_vgg16_bn_aa5_s42/faces_cfdWM64/houses_yin64/results.csv,IU
bin5,VGG2k / bin5,r21vgg2k_vgg16_bn_aa5_s42,face_transfer,124,single_uu,CFD WM64,Houses,0.36,,50,within_sampled_range,IU,150,66.66666666666666,runs/yin_latest_vgg_20260927/single_noise/r21vgg2k_vgg16_bn_aa5_s42/faces_cfdWM64/houses_yin64/results.csv,IU
bin5,VGG2k / bin5,r21vgg2k_vgg16_bn_aa5_s42,face_transfer,124,two_cross,CFD WM64,Houses,0.36,0.38,50,within_sampled_range,UU,101,66.66666666666666,runs/yin_latest_vgg_20260927/transfer/results/r21vgg2k_vgg16_bn_aa5_s42/faces_cfdWM64/houses_yin64/results.csv,UU
bin5,VGG2k / bin5,r21vgg2k_vgg16_bn_aa5_s42,face_transfer,124,two_cross,CFD WM64,Houses,0.36,0.38,50,within_sampled_range,UU,102,66.66666666666666,runs/yin_latest_vgg_20260927/transfer/results/r21vgg2k_vgg16_bn_aa5_s42/faces_cfdWM64/houses_yin64/results.csv,UU
bin5,VGG2k / bin5,r21vgg2k_vgg16_bn_aa5_s42,face_transfer,124,two_cross,CFD WM64,Houses,0.36,0.38,50,within_sampled_range,UU,103,79.16666666666666,runs/yin_latest_vgg_20260927/transfer/results/r21vgg2k_vgg16_bn_aa5_s42/faces_cfdWM64/houses_yin64/results.csv,UU
bin5,VGG2k / bin5,r21vgg2k_vgg16_bn_aa5_s42,face_transfer,124,two_cross,CFD WM64,Houses,0.36,0.38,50,within_sampled_range,UU,104,70.83333333333334,runs/yin_latest_vgg_20260927/transfer/results/r21vgg2k_vgg16_bn_aa5_s42/faces_cfdWM64/houses_yin64/results.csv,UU
bin5,VGG2k / bin5,r21vgg2k_vgg16_bn_aa5_s42,face_transfer,124,two_cross,CFD WM64,Houses,0.36,0.38,50,within_sampled_range,UU,105,70.83333333333334,runs/yin_latest_vgg_20260927/transfer/results/r21vgg2k_vgg16_bn_aa5_s42/faces_cfdWM64/houses_yin64/results.csv,UU
bin5,VGG2k / bin5,r21vgg2k_vgg16_bn_aa5_s42,face_transfer,124,two_cross,CFD WM64,Houses,0.36,0.38,50,within_sampled_range,UU,106,83.33333333333334,runs/yin_latest_vgg_20260927/transfer/results/r21vgg2k_vgg16_bn_aa5_s42/faces_cfdWM64/houses_yin64/results.csv,UU
bin5,VGG2k / bin5,r21vgg2k_vgg16_bn_aa5_s42,face_transfer,124,two_cross,CFD WM64,Houses,0.36,0.38,50,within_sampled_range,UU,107,66.66666666666666,runs/yin_latest_vgg_20260927/transfer/results/r21vgg2k_vgg16_bn_aa5_s42/faces_cfdWM64/houses_yin64/results.csv,UU
bin5,VGG2k / bin5,r21vgg2k_vgg16_bn_aa5_s42,face_transfer,124,two_cross,CFD WM64,Houses,0.36,0.38,50,within_sampled_range,UU,108,83.33333333333334,runs/yin_latest_vgg_20260927/transfer/results/r21vgg2k_vgg16_bn_aa5_s42/faces_cfdWM64/houses_yin64/results.csv,UU
bin5,VGG2k / bin5,r21vgg2k_vgg16_bn_aa5_s42,face_transfer,124,two_cross,CFD WM64,Houses,0.36,0.38,50,within_sampled_range,UU,109,70.83333333333334,runs/yin_latest_vgg_20260927/transfer/results/r21vgg2k_vgg16_bn_aa5_s42/faces_cfdWM64/houses_yin64/results.csv,UU
bin5,VGG2k / bin5,r21vgg2k_vgg16_bn_aa5_s42,face_transfer,124,two_cross,CFD WM64,Houses,0.36,0.38,50,within_sampled_range,UU,110,62.5,runs/yin_latest_vgg_20260927/transfer/results/r21vgg2k_vgg16_bn_aa5_s42/faces_cfdWM64/houses_yin64/results.csv,UU
bin5,VGG2k / bin5,r21vgg2k_vgg16_bn_aa5_s42,face_transfer,124,two_cross,CFD WM64,Houses,0.36,0.38,50,within_sampled_range,UU,111,75.0,runs/yin_latest_vgg_20260927/transfer/results/r21vgg2k_vgg16_bn_aa5_s42/faces_cfdWM64/houses_yin64/results.csv,UU
bin5,VGG2k / bin5,r21vgg2k_vgg16_bn_aa5_s42,face_transfer,124,two_cross,CFD WM64,Houses,0.36,0.38,50,within_sampled_range,UU,112,66.66666666666666,runs/yin_latest_vgg_20260927/transfer/results/r21vgg2k_vgg16_bn_aa5_s42/faces_cfdWM64/houses_yin64/results.csv,UU
bin5,VGG2k / bin5,r21vgg2k_vgg16_bn_aa5_s42,face_transfer,124,two_cross,CFD WM64,Houses,0.36,0.38,50,within_sampled_range,UU,113,83.33333333333334,runs/yin_latest_vgg_20260927/transfer/results/r21vgg2k_vgg16_bn_aa5_s42/faces_cfdWM64/houses_yin64/results.csv,UU
bin5,VGG2k / bin5,r21vgg2k_vgg16_bn_aa5_s42,face_transfer,124,two_cross,CFD WM64,Houses,0.36,0.38,50,within_sampled_range,UU,114,79.16666666666666,runs/yin_latest_vgg_20260927/transfer/results/r21vgg2k_vgg16_bn_aa5_s42/faces_cfdWM64/houses_yin64/results.csv,UU
bin5,VGG2k / bin5,r21vgg2k_vgg16_bn_aa5_s42,face_transfer,124,two_cross,CFD WM64,Houses,0.36,0.38,50,within_sampled_range,UU,115,54.166666666666664,runs/yin_latest_vgg_20260927/transfer/results/r21vgg2k_vgg16_bn_aa5_s42/faces_cfdWM64/houses_yin64/results.csv,UU
bin5,VGG2k / bin5,r21vgg2k_vgg16_bn_aa5_s42,face_transfer,124,two_cross,CFD WM64,Houses,0.36,0.38,50,within_sampled_range,UU,116,75.0,runs/yin_latest_vgg_20260927/transfer/results/r21vgg2k_vgg16_bn_aa5_s42/faces_cfdWM64/houses_yin64/results.csv,UU
bin5,VGG2k / bin5,r21vgg2k_vgg16_bn_aa5_s42,face_transfer,124,two_cross,CFD WM64,Houses,0.36,0.38,50,within_sampled_range,UU,117,79.16666666666666,runs/yin_latest_vgg_20260927/transfer/results/r21vgg2k_vgg16_bn_aa5_s42/faces_cfdWM64/houses_yin64/results.csv,UU
bin5,VGG2k / bin5,r21vgg2k_vgg16_bn_aa5_s42,face_transfer,124,two_cross,CFD WM64,Houses,0.36,0.38,50,within_sampled_range,UU,118,66.66666666666666,runs/yin_latest_vgg_20260927/transfer/results/r21vgg2k_vgg16_bn_aa5_s42/faces_cfdWM64/houses_yin64/results.csv,UU
bin5,VGG2k / bin5,r21vgg2k_vgg16_bn_aa5_s42,face_transfer,124,two_cross,CFD WM64,Houses,0.36,0.38,50,within_sampled_range,UU,119,70.83333333333334,runs/yin_latest_vgg_20260927/transfer/results/r21vgg2k_vgg16_bn_aa5_s42/faces_cfdWM64/houses_yin64/results.csv,UU
bin5,VGG2k / bin5,r21vgg2k_vgg16_bn_aa5_s42,face_transfer,124,two_cross,CFD WM64,Houses,0.36,0.38,50,within_sampled_range,UU,120,75.0,runs/yin_latest_vgg_20260927/transfer/results/r21vgg2k_vgg16_bn_aa5_s42/faces_cfdWM64/houses_yin64/results.csv,UU
bin5,VGG2k / bin5,r21vgg2k_vgg16_bn_aa5_s42,face_transfer,124,two_cross,CFD WM64,Houses,0.36,0.38,50,within_sampled_range,UU,121,66.66666666666666,runs/yin_latest_vgg_20260927/transfer/results/r21vgg2k_vgg16_bn_aa5_s42/faces_cfdWM64/houses_yin64/results.csv,UU
bin5,VGG2k / bin5,r21vgg2k_vgg16_bn_aa5_s42,face_transfer,124,two_cross,CFD WM64,Houses,0.36,0.38,50,within_sampled_range,UU,122,79.16666666666666,runs/yin_latest_vgg_20260927/transfer/results/r21vgg2k_vgg16_bn_aa5_s42/faces_cfdWM64/houses_yin64/results.csv,UU
bin5,VGG2k / bin5,r21vgg2k_vgg16_bn_aa5_s42,face_transfer,124,two_cross,CFD WM64,Houses,0.36,0.38,50,within_sampled_range,UU,123,62.5,runs/yin_latest_vgg_20260927/transfer/results/r21vgg2k_vgg16_bn_aa5_s42/faces_cfdWM64/houses_yin64/results.csv,UU
bin5,VGG2k / bin5,r21vgg2k_vgg16_bn_aa5_s42,face_transfer,124,two_cross,CFD WM64,Houses,0.36,0.38,50,within_sampled_range,UU,124,62.5,runs/yin_latest_vgg_20260927/transfer/results/r21vgg2k_vgg16_bn_aa5_s42/faces_cfdWM64/houses_yin64/results.csv,UU
bin5,VGG2k / bin5,r21vgg2k_vgg16_bn_aa5_s42,face_transfer,124,two_cross,CFD WM64,Houses,0.36,0.38,50,within_sampled_range,UU,125,58.333333333333336,runs/yin_latest_vgg_20260927/transfer/results/r21vgg2k_vgg16_bn_aa5_s42/faces_cfdWM64/houses_yin64/results.csv,UU
bin5,VGG2k / bin5,r21vgg2k_vgg16_bn_aa5_s42,face_transfer,124,two_cross,CFD WM64,Houses,0.36,0.38,50,within_sampled_range,UU,126,70.83333333333334,runs/yin_latest_vgg_20260927/transfer/results/r21vgg2k_vgg16_bn_aa5_s42/faces_cfdWM64/houses_yin64/results.csv,UU
bin5,VGG2k / bin5,r21vgg2k_vgg16_bn_aa5_s42,face_transfer,124,two_cross,CFD WM64,Houses,0.36,0.38,50,within_sampled_range,UU,127,62.5,runs/yin_latest_vgg_20260927/transfer/results/r21vgg2k_vgg16_bn_aa5_s42/faces_cfdWM64/houses_yin64/results.csv,UU
bin5,VGG2k / bin5,r21vgg2k_vgg16_bn_aa5_s42,face_transfer,124,two_cross,CFD WM64,Houses,0.36,0.38,50,within_sampled_range,UU,128,70.83333333333334,runs/yin_latest_vgg_20260927/transfer/results/r21vgg2k_vgg16_bn_aa5_s42/faces_cfdWM64/houses_yin64/results.csv,UU
bin5,VGG2k / bin5,r21vgg2k_vgg16_bn_aa5_s42,face_transfer,124,two_cross,CFD WM64,Houses,0.36,0.38,50,within_sampled_range,UU,129,70.83333333333334,runs/yin_latest_vgg_20260927/transfer/results/r21vgg2k_vgg16_bn_aa5_s42/faces_cfdWM64/houses_yin64/results.csv,UU
bin5,VGG2k / bin5,r21vgg2k_vgg16_bn_aa5_s42,face_transfer,124,two_cross,CFD WM64,Houses,0.36,0.38,50,within_sampled_range,UU,130,79.16666666666666,runs/yin_latest_vgg_20260927/transfer/results/r21vgg2k_vgg16_bn_aa5_s42/faces_cfdWM64/houses_yin64/results.csv,UU
bin5,VGG2k / bin5,r21vgg2k_vgg16_bn_aa5_s42,face_transfer,124,two_cross,CFD WM64,Houses,0.36,0.38,50,within_sampled_range,UU,131,66.66666666666666,runs/yin_latest_vgg_20260927/transfer/results/r21vgg2k_vgg16_bn_aa5_s42/faces_cfdWM64/houses_yin64/results.csv,UU
bin5,VGG2k / bin5,r21vgg2k_vgg16_bn_aa5_s42,face_transfer,124,two_cross,CFD WM64,Houses,0.36,0.38,50,within_sampled_range,UU,132,79.16666666666666,runs/yin_latest_vgg_20260927/transfer/results/r21vgg2k_vgg16_bn_aa5_s42/faces_cfdWM64/houses_yin64/results.csv,UU
bin5,VGG2k / bin5,r21vgg2k_vgg16_bn_aa5_s42,face_transfer,124,two_cross,CFD WM64,Houses,0.36,0.38,50,within_sampled_range,UU,133,54.166666666666664,runs/yin_latest_vgg_20260927/transfer/results/r21vgg2k_vgg16_bn_aa5_s42/faces_cfdWM64/houses_yin64/results.csv,UU
bin5,VGG2k / bin5,r21vgg2k_vgg16_bn_aa5_s42,face_transfer,124,two_cross,CFD WM64,Houses,0.36,0.38,50,within_sampled_range,UU,134,79.16666666666666,runs/yin_latest_vgg_20260927/transfer/results/r21vgg2k_vgg16_bn_aa5_s42/faces_cfdWM64/houses_yin64/results.csv,UU
bin5,VGG2k / bin5,r21vgg2k_vgg16_bn_aa5_s42,face_transfer,124,two_cross,CFD WM64,Houses,0.36,0.38,50,within_sampled_range,UU,135,70.83333333333334,runs/yin_latest_vgg_20260927/transfer/results/r21vgg2k_vgg16_bn_aa5_s42/faces_cfdWM64/houses_yin64/results.csv,UU
bin5,VGG2k / bin5,r21vgg2k_vgg16_bn_aa5_s42,face_transfer,124,two_cross,CFD WM64,Houses,0.36,0.38,50,within_sampled_range,UU,136,79.16666666666666,runs/yin_latest_vgg_20260927/transfer/results/r21vgg2k_vgg16_bn_aa5_s42/faces_cfdWM64/houses_yin64/results.csv,UU
bin5,VGG2k / bin5,r21vgg2k_vgg16_bn_aa5_s42,face_transfer,124,two_cross,CFD WM64,Houses,0.36,0.38,50,within_sampled_range,UU,137,79.16666666666666,runs/yin_latest_vgg_20260927/transfer/results/r21vgg2k_vgg16_bn_aa5_s42/faces_cfdWM64/houses_yin64/results.csv,UU
bin5,VGG2k / bin5,r21vgg2k_vgg16_bn_aa5_s42,face_transfer,124,two_cross,CFD WM64,Houses,0.36,0.38,50,within_sampled_range,UU,138,62.5,runs/yin_latest_vgg_20260927/transfer/results/r21vgg2k_vgg16_bn_aa5_s42/faces_cfdWM64/houses_yin64/results.csv,UU
bin5,VGG2k / bin5,r21vgg2k_vgg16_bn_aa5_s42,face_transfer,124,two_cross,CFD WM64,Houses,0.36,0.38,50,within_sampled_range,UU,139,75.0,runs/yin_latest_vgg_20260927/transfer/results/r21vgg2k_vgg16_bn_aa5_s42/faces_cfdWM64/houses_yin64/results.csv,UU
bin5,VGG2k / bin5,r21vgg2k_vgg16_bn_aa5_s42,face_transfer,124,two_cross,CFD WM64,Houses,0.36,0.38,50,within_sampled_range,UU,140,66.66666666666666,runs/yin_latest_vgg_20260927/transfer/results/r21vgg2k_vgg16_bn_aa5_s42/faces_cfdWM64/houses_yin64/results.csv,UU
bin5,VGG2k / bin5,r21vgg2k_vgg16_bn_aa5_s42,face_transfer,124,two_cross,CFD WM64,Houses,0.36,0.38,50,within_sampled_range,UU,141,75.0,runs/yin_latest_vgg_20260927/transfer/results/r21vgg2k_vgg16_bn_aa5_s42/faces_cfdWM64/houses_yin64/results.csv,UU
bin5,VGG2k / bin5,r21vgg2k_vgg16_bn_aa5_s42,face_transfer,124,two_cross,CFD WM64,Houses,0.36,0.38,50,within_sampled_range,UU,142,79.16666666666666,runs/yin_latest_vgg_20260927/transfer/results/r21vgg2k_vgg16_bn_aa5_s42/faces_cfdWM64/houses_yin64/results.csv,UU
bin5,VGG2k / bin5,r21vgg2k_vgg16_bn_aa5_s42,face_transfer,124,two_cross,CFD WM64,Houses,0.36,0.38,50,within_sampled_range,UU,143,91.66666666666666,runs/yin_latest_vgg_20260927/transfer/results/r21vgg2k_vgg16_bn_aa5_s42/faces_cfdWM64/houses_yin64/results.csv,UU
bin5,VGG2k / bin5,r21vgg2k_vgg16_bn_aa5_s42,face_transfer,124,two_cross,CFD WM64,Houses,0.36,0.38,50,within_sampled_range,UU,144,66.66666666666666,runs/yin_latest_vgg_20260927/transfer/results/r21vgg2k_vgg16_bn_aa5_s42/faces_cfdWM64/houses_yin64/results.csv,UU
bin5,VGG2k / bin5,r21vgg2k_vgg16_bn_aa5_s42,face_transfer,124,two_cross,CFD WM64,Houses,0.36,0.38,50,within_sampled_range,UU,145,70.83333333333334,runs/yin_latest_vgg_20260927/transfer/results/r21vgg2k_vgg16_bn_aa5_s42/faces_cfdWM64/houses_yin64/results.csv,UU
bin5,VGG2k / bin5,r21vgg2k_vgg16_bn_aa5_s42,face_transfer,124,two_cross,CFD WM64,Houses,0.36,0.38,50,within_sampled_range,UU,146,66.66666666666666,runs/yin_latest_vgg_20260927/transfer/results/r21vgg2k_vgg16_bn_aa5_s42/faces_cfdWM64/houses_yin64/results.csv,UU
bin5,VGG2k / bin5,r21vgg2k_vgg16_bn_aa5_s42,face_transfer,124,two_cross,CFD WM64,Houses,0.36,0.38,50,within_sampled_range,UU,147,62.5,runs/yin_latest_vgg_20260927/transfer/results/r21vgg2k_vgg16_bn_aa5_s42/faces_cfdWM64/houses_yin64/results.csv,UU
bin5,VGG2k / bin5,r21vgg2k_vgg16_bn_aa5_s42,face_transfer,124,two_cross,CFD WM64,Houses,0.36,0.38,50,within_sampled_range,UU,148,79.16666666666666,runs/yin_latest_vgg_20260927/transfer/results/r21vgg2k_vgg16_bn_aa5_s42/faces_cfdWM64/houses_yin64/results.csv,UU
bin5,VGG2k / bin5,r21vgg2k_vgg16_bn_aa5_s42,face_transfer,124,two_cross,CFD WM64,Houses,0.36,0.38,50,within_sampled_range,UU,149,62.5,runs/yin_latest_vgg_20260927/transfer/results/r21vgg2k_vgg16_bn_aa5_s42/faces_cfdWM64/houses_yin64/results.csv,UU
bin5,VGG2k / bin5,r21vgg2k_vgg16_bn_aa5_s42,face_transfer,124,two_cross,CFD WM64,Houses,0.36,0.38,50,within_sampled_range,UU,150,83.33333333333334,runs/yin_latest_vgg_20260927/transfer/results/r21vgg2k_vgg16_bn_aa5_s42/faces_cfdWM64/houses_yin64/results.csv,UU
bin5,VGG2k / bin5,r21vgg2k_vgg16_bn_aa5_s42,face_transfer,124,two_cross,CFD WM64,Houses,0.36,0.38,50,within_sampled_range,II,101,70.83333333333334,runs/yin_latest_vgg_20260927/transfer/results/r21vgg2k_vgg16_bn_aa5_s42/faces_cfdWM64/houses_yin64/results.csv,II
bin5,VGG2k / bin5,r21vgg2k_vgg16_bn_aa5_s42,face_transfer,124,two_cross,CFD WM64,Houses,0.36,0.38,50,within_sampled_range,II,102,66.66666666666666,runs/yin_latest_vgg_20260927/transfer/results/r21vgg2k_vgg16_bn_aa5_s42/faces_cfdWM64/houses_yin64/results.csv,II
bin5,VGG2k / bin5,r21vgg2k_vgg16_bn_aa5_s42,face_transfer,124,two_cross,CFD WM64,Houses,0.36,0.38,50,within_sampled_range,II,103,62.5,runs/yin_latest_vgg_20260927/transfer/results/r21vgg2k_vgg16_bn_aa5_s42/faces_cfdWM64/houses_yin64/results.csv,II
bin5,VGG2k / bin5,r21vgg2k_vgg16_bn_aa5_s42,face_transfer,124,two_cross,CFD WM64,Houses,0.36,0.38,50,within_sampled_range,II,104,66.66666666666666,runs/yin_latest_vgg_20260927/transfer/results/r21vgg2k_vgg16_bn_aa5_s42/faces_cfdWM64/houses_yin64/results.csv,II
bin5,VGG2k / bin5,r21vgg2k_vgg16_bn_aa5_s42,face_transfer,124,two_cross,CFD WM64,Houses,0.36,0.38,50,within_sampled_range,II,105,70.83333333333334,runs/yin_latest_vgg_20260927/transfer/results/r21vgg2k_vgg16_bn_aa5_s42/faces_cfdWM64/houses_yin64/results.csv,II
bin5,VGG2k / bin5,r21vgg2k_vgg16_bn_aa5_s42,face_transfer,124,two_cross,CFD WM64,Houses,0.36,0.38,50,within_sampled_range,II,106,79.16666666666666,runs/yin_latest_vgg_20260927/transfer/results/r21vgg2k_vgg16_bn_aa5_s42/faces_cfdWM64/houses_yin64/results.csv,II
bin5,VGG2k / bin5,r21vgg2k_vgg16_bn_aa5_s42,face_transfer,124,two_cross,CFD WM64,Houses,0.36,0.38,50,within_sampled_range,II,107,70.83333333333334,runs/yin_latest_vgg_20260927/transfer/results/r21vgg2k_vgg16_bn_aa5_s42/faces_cfdWM64/houses_yin64/results.csv,II
bin5,VGG2k / bin5,r21vgg2k_vgg16_bn_aa5_s42,face_transfer,124,two_cross,CFD WM64,Houses,0.36,0.38,50,within_sampled_range,II,108,58.333333333333336,runs/yin_latest_vgg_20260927/transfer/results/r21vgg2k_vgg16_bn_aa5_s42/faces_cfdWM64/houses_yin64/results.csv,II
bin5,VGG2k / bin5,r21vgg2k_vgg16_bn_aa5_s42,face_transfer,124,two_cross,CFD WM64,Houses,0.36,0.38,50,within_sampled_range,II,109,75.0,runs/yin_latest_vgg_20260927/transfer/results/r21vgg2k_vgg16_bn_aa5_s42/faces_cfdWM64/houses_yin64/results.csv,II
bin5,VGG2k / bin5,r21vgg2k_vgg16_bn_aa5_s42,face_transfer,124,two_cross,CFD WM64,Houses,0.36,0.38,50,within_sampled_range,II,110,66.66666666666666,runs/yin_latest_vgg_20260927/transfer/results/r21vgg2k_vgg16_bn_aa5_s42/faces_cfdWM64/houses_yin64/results.csv,II
bin5,VGG2k / bin5,r21vgg2k_vgg16_bn_aa5_s42,face_transfer,124,two_cross,CFD WM64,Houses,0.36,0.38,50,within_sampled_range,II,111,58.333333333333336,runs/yin_latest_vgg_20260927/transfer/results/r21vgg2k_vgg16_bn_aa5_s42/faces_cfdWM64/houses_yin64/results.csv,II
bin5,VGG2k / bin5,r21vgg2k_vgg16_bn_aa5_s42,face_transfer,124,two_cross,CFD WM64,Houses,0.36,0.38,50,within_sampled_range,II,112,83.33333333333334,runs/yin_latest_vgg_20260927/transfer/results/r21vgg2k_vgg16_bn_aa5_s42/faces_cfdWM64/houses_yin64/results.csv,II
bin5,VGG2k / bin5,r21vgg2k_vgg16_bn_aa5_s42,face_transfer,124,two_cross,CFD WM64,Houses,0.36,0.38,50,within_sampled_range,II,113,45.83333333333333,runs/yin_latest_vgg_20260927/transfer/results/r21vgg2k_vgg16_bn_aa5_s42/faces_cfdWM64/houses_yin64/results.csv,II
bin5,VGG2k / bin5,r21vgg2k_vgg16_bn_aa5_s42,face_transfer,124,two_cross,CFD WM64,Houses,0.36,0.38,50,within_sampled_range,II,114,70.83333333333334,runs/yin_latest_vgg_20260927/transfer/results/r21vgg2k_vgg16_bn_aa5_s42/faces_cfdWM64/houses_yin64/results.csv,II
bin5,VGG2k / bin5,r21vgg2k_vgg16_bn_aa5_s42,face_transfer,124,two_cross,CFD WM64,Houses,0.36,0.38,50,within_sampled_range,II,115,75.0,runs/yin_latest_vgg_20260927/transfer/results/r21vgg2k_vgg16_bn_aa5_s42/faces_cfdWM64/houses_yin64/results.csv,II
bin5,VGG2k / bin5,r21vgg2k_vgg16_bn_aa5_s42,face_transfer,124,two_cross,CFD WM64,Houses,0.36,0.38,50,within_sampled_range,II,116,70.83333333333334,runs/yin_latest_vgg_20260927/transfer/results/r21vgg2k_vgg16_bn_aa5_s42/faces_cfdWM64/houses_yin64/results.csv,II
bin5,VGG2k / bin5,r21vgg2k_vgg16_bn_aa5_s42,face_transfer,124,two_cross,CFD WM64,Houses,0.36,0.38,50,within_sampled_range,II,117,66.66666666666666,runs/yin_latest_vgg_20260927/transfer/results/r21vgg2k_vgg16_bn_aa5_s42/faces_cfdWM64/houses_yin64/results.csv,II
bin5,VGG2k / bin5,r21vgg2k_vgg16_bn_aa5_s42,face_transfer,124,two_cross,CFD WM64,Houses,0.36,0.38,50,within_sampled_range,II,118,83.33333333333334,runs/yin_latest_vgg_20260927/transfer/results/r21vgg2k_vgg16_bn_aa5_s42/faces_cfdWM64/houses_yin64/results.csv,II
bin5,VGG2k / bin5,r21vgg2k_vgg16_bn_aa5_s42,face_transfer,124,two_cross,CFD WM64,Houses,0.36,0.38,50,within_sampled_range,II,119,54.166666666666664,runs/yin_latest_vgg_20260927/transfer/results/r21vgg2k_vgg16_bn_aa5_s42/faces_cfdWM64/houses_yin64/results.csv,II
bin5,VGG2k / bin5,r21vgg2k_vgg16_bn_aa5_s42,face_transfer,124,two_cross,CFD WM64,Houses,0.36,0.38,50,within_sampled_range,II,120,62.5,runs/yin_latest_vgg_20260927/transfer/results/r21vgg2k_vgg16_bn_aa5_s42/faces_cfdWM64/houses_yin64/results.csv,II
bin5,VGG2k / bin5,r21vgg2k_vgg16_bn_aa5_s42,face_transfer,124,two_cross,CFD WM64,Houses,0.36,0.38,50,within_sampled_range,II,121,66.66666666666666,runs/yin_latest_vgg_20260927/transfer/results/r21vgg2k_vgg16_bn_aa5_s42/faces_cfdWM64/houses_yin64/results.csv,II
bin5,VGG2k / bin5,r21vgg2k_vgg16_bn_aa5_s42,face_transfer,124,two_cross,CFD WM64,Houses,0.36,0.38,50,within_sampled_range,II,122,66.66666666666666,runs/yin_latest_vgg_20260927/transfer/results/r21vgg2k_vgg16_bn_aa5_s42/faces_cfdWM64/houses_yin64/results.csv,II
bin5,VGG2k / bin5,r21vgg2k_vgg16_bn_aa5_s42,face_transfer,124,two_cross,CFD WM64,Houses,0.36,0.38,50,within_sampled_range,II,123,75.0,runs/yin_latest_vgg_20260927/transfer/results/r21vgg2k_vgg16_bn_aa5_s42/faces_cfdWM64/houses_yin64/results.csv,II
bin5,VGG2k / bin5,r21vgg2k_vgg16_bn_aa5_s42,face_transfer,124,two_cross,CFD WM64,Houses,0.36,0.38,50,within_sampled_range,II,124,54.166666666666664,runs/yin_latest_vgg_20260927/transfer/results/r21vgg2k_vgg16_bn_aa5_s42/faces_cfdWM64/houses_yin64/results.csv,II
bin5,VGG2k / bin5,r21vgg2k_vgg16_bn_aa5_s42,face_transfer,124,two_cross,CFD WM64,Houses,0.36,0.38,50,within_sampled_range,II,125,66.66666666666666,runs/yin_latest_vgg_20260927/transfer/results/r21vgg2k_vgg16_bn_aa5_s42/faces_cfdWM64/houses_yin64/results.csv,II
bin5,VGG2k / bin5,r21vgg2k_vgg16_bn_aa5_s42,face_transfer,124,two_cross,CFD WM64,Houses,0.36,0.38,50,within_sampled_range,II,126,70.83333333333334,runs/yin_latest_vgg_20260927/transfer/results/r21vgg2k_vgg16_bn_aa5_s42/faces_cfdWM64/houses_yin64/results.csv,II
bin5,VGG2k / bin5,r21vgg2k_vgg16_bn_aa5_s42,face_transfer,124,two_cross,CFD WM64,Houses,0.36,0.38,50,within_sampled_range,II,127,54.166666666666664,runs/yin_latest_vgg_20260927/transfer/results/r21vgg2k_vgg16_bn_aa5_s42/faces_cfdWM64/houses_yin64/results.csv,II
bin5,VGG2k / bin5,r21vgg2k_vgg16_bn_aa5_s42,face_transfer,124,two_cross,CFD WM64,Houses,0.36,0.38,50,within_sampled_range,II,128,70.83333333333334,runs/yin_latest_vgg_20260927/transfer/results/r21vgg2k_vgg16_bn_aa5_s42/faces_cfdWM64/houses_yin64/results.csv,II
bin5,VGG2k / bin5,r21vgg2k_vgg16_bn_aa5_s42,face_transfer,124,two_cross,CFD WM64,Houses,0.36,0.38,50,within_sampled_range,II,129,62.5,runs/yin_latest_vgg_20260927/transfer/results/r21vgg2k_vgg16_bn_aa5_s42/faces_cfdWM64/houses_yin64/results.csv,II
bin5,VGG2k / bin5,r21vgg2k_vgg16_bn_aa5_s42,face_transfer,124,two_cross,CFD WM64,Houses,0.36,0.38,50,within_sampled_range,II,130,70.83333333333334,runs/yin_latest_vgg_20260927/transfer/results/r21vgg2k_vgg16_bn_aa5_s42/faces_cfdWM64/houses_yin64/results.csv,II
bin5,VGG2k / bin5,r21vgg2k_vgg16_bn_aa5_s42,face_transfer,124,two_cross,CFD WM64,Houses,0.36,0.38,50,within_sampled_range,II,131,66.66666666666666,runs/yin_latest_vgg_20260927/transfer/results/r21vgg2k_vgg16_bn_aa5_s42/faces_cfdWM64/houses_yin64/results.csv,II
bin5,VGG2k / bin5,r21vgg2k_vgg16_bn_aa5_s42,face_transfer,124,two_cross,CFD WM64,Houses,0.36,0.38,50,within_sampled_range,II,132,79.16666666666666,runs/yin_latest_vgg_20260927/transfer/results/r21vgg2k_vgg16_bn_aa5_s42/faces_cfdWM64/houses_yin64/results.csv,II
bin5,VGG2k / bin5,r21vgg2k_vgg16_bn_aa5_s42,face_transfer,124,two_cross,CFD WM64,Houses,0.36,0.38,50,within_sampled_range,II,133,58.333333333333336,runs/yin_latest_vgg_20260927/transfer/results/r21vgg2k_vgg16_bn_aa5_s42/faces_cfdWM64/houses_yin64/results.csv,II
bin5,VGG2k / bin5,r21vgg2k_vgg16_bn_aa5_s42,face_transfer,124,two_cross,CFD WM64,Houses,0.36,0.38,50,within_sampled_range,II,134,79.16666666666666,runs/yin_latest_vgg_20260927/transfer/results/r21vgg2k_vgg16_bn_aa5_s42/faces_cfdWM64/houses_yin64/results.csv,II
bin5,VGG2k / bin5,r21vgg2k_vgg16_bn_aa5_s42,face_transfer,124,two_cross,CFD WM64,Houses,0.36,0.38,50,within_sampled_range,II,135,70.83333333333334,runs/yin_latest_vgg_20260927/transfer/results/r21vgg2k_vgg16_bn_aa5_s42/faces_cfdWM64/houses_yin64/results.csv,II
bin5,VGG2k / bin5,r21vgg2k_vgg16_bn_aa5_s42,face_transfer,124,two_cross,CFD WM64,Houses,0.36,0.38,50,within_sampled_range,II,136,62.5,runs/yin_latest_vgg_20260927/transfer/results/r21vgg2k_vgg16_bn_aa5_s42/faces_cfdWM64/houses_yin64/results.csv,II
bin5,VGG2k / bin5,r21vgg2k_vgg16_bn_aa5_s42,face_transfer,124,two_cross,CFD WM64,Houses,0.36,0.38,50,within_sampled_range,II,137,79.16666666666666,runs/yin_latest_vgg_20260927/transfer/results/r21vgg2k_vgg16_bn_aa5_s42/faces_cfdWM64/houses_yin64/results.csv,II
bin5,VGG2k / bin5,r21vgg2k_vgg16_bn_aa5_s42,face_transfer,124,two_cross,CFD WM64,Houses,0.36,0.38,50,within_sampled_range,II,138,79.16666666666666,runs/yin_latest_vgg_20260927/transfer/results/r21vgg2k_vgg16_bn_aa5_s42/faces_cfdWM64/houses_yin64/results.csv,II
bin5,VGG2k / bin5,r21vgg2k_vgg16_bn_aa5_s42,face_transfer,124,two_cross,CFD WM64,Houses,0.36,0.38,50,within_sampled_range,II,139,70.83333333333334,runs/yin_latest_vgg_20260927/transfer/results/r21vgg2k_vgg16_bn_aa5_s42/faces_cfdWM64/houses_yin64/results.csv,II
bin5,VGG2k / bin5,r21vgg2k_vgg16_bn_aa5_s42,face_transfer,124,two_cross,CFD WM64,Houses,0.36,0.38,50,within_sampled_range,II,140,75.0,runs/yin_latest_vgg_20260927/transfer/results/r21vgg2k_vgg16_bn_aa5_s42/faces_cfdWM64/houses_yin64/results.csv,II
bin5,VGG2k / bin5,r21vgg2k_vgg16_bn_aa5_s42,face_transfer,124,two_cross,CFD WM64,Houses,0.36,0.38,50,within_sampled_range,II,141,66.66666666666666,runs/yin_latest_vgg_20260927/transfer/results/r21vgg2k_vgg16_bn_aa5_s42/faces_cfdWM64/houses_yin64/results.csv,II
bin5,VGG2k / bin5,r21vgg2k_vgg16_bn_aa5_s42,face_transfer,124,two_cross,CFD WM64,Houses,0.36,0.38,50,within_sampled_range,II,142,75.0,runs/yin_latest_vgg_20260927/transfer/results/r21vgg2k_vgg16_bn_aa5_s42/faces_cfdWM64/houses_yin64/results.csv,II
bin5,VGG2k / bin5,r21vgg2k_vgg16_bn_aa5_s42,face_transfer,124,two_cross,CFD WM64,Houses,0.36,0.38,50,within_sampled_range,II,143,62.5,runs/yin_latest_vgg_20260927/transfer/results/r21vgg2k_vgg16_bn_aa5_s42/faces_cfdWM64/houses_yin64/results.csv,II
bin5,VGG2k / bin5,r21vgg2k_vgg16_bn_aa5_s42,face_transfer,124,two_cross,CFD WM64,Houses,0.36,0.38,50,within_sampled_range,II,144,66.66666666666666,runs/yin_latest_vgg_20260927/transfer/results/r21vgg2k_vgg16_bn_aa5_s42/faces_cfdWM64/houses_yin64/results.csv,II
bin5,VGG2k / bin5,r21vgg2k_vgg16_bn_aa5_s42,face_transfer,124,two_cross,CFD WM64,Houses,0.36,0.38,50,within_sampled_range,II,145,75.0,runs/yin_latest_vgg_20260927/transfer/results/r21vgg2k_vgg16_bn_aa5_s42/faces_cfdWM64/houses_yin64/results.csv,II
bin5,VGG2k / bin5,r21vgg2k_vgg16_bn_aa5_s42,face_transfer,124,two_cross,CFD WM64,Houses,0.36,0.38,50,within_sampled_range,II,146,70.83333333333334,runs/yin_latest_vgg_20260927/transfer/results/r21vgg2k_vgg16_bn_aa5_s42/faces_cfdWM64/houses_yin64/results.csv,II
bin5,VGG2k / bin5,r21vgg2k_vgg16_bn_aa5_s42,face_transfer,124,two_cross,CFD WM64,Houses,0.36,0.38,50,within_sampled_range,II,147,70.83333333333334,runs/yin_latest_vgg_20260927/transfer/results/r21vgg2k_vgg16_bn_aa5_s42/faces_cfdWM64/houses_yin64/results.csv,II
bin5,VGG2k / bin5,r21vgg2k_vgg16_bn_aa5_s42,face_transfer,124,two_cross,CFD WM64,Houses,0.36,0.38,50,within_sampled_range,II,148,79.16666666666666,runs/yin_latest_vgg_20260927/transfer/results/r21vgg2k_vgg16_bn_aa5_s42/faces_cfdWM64/houses_yin64/results.csv,II
bin5,VGG2k / bin5,r21vgg2k_vgg16_bn_aa5_s42,face_transfer,124,two_cross,CFD WM64,Houses,0.36,0.38,50,within_sampled_range,II,149,62.5,runs/yin_latest_vgg_20260927/transfer/results/r21vgg2k_vgg16_bn_aa5_s42/faces_cfdWM64/houses_yin64/results.csv,II
bin5,VGG2k / bin5,r21vgg2k_vgg16_bn_aa5_s42,face_transfer,124,two_cross,CFD WM64,Houses,0.36,0.38,50,within_sampled_range,II,150,79.16666666666666,runs/yin_latest_vgg_20260927/transfer/results/r21vgg2k_vgg16_bn_aa5_s42/faces_cfdWM64/houses_yin64/results.csv,II
bin5,VGG2k / bin5,r21vgg2k_vgg16_bn_aa5_s42,face_transfer,124,two_cross,CFD WM64,Houses,0.36,0.38,50,within_sampled_range,UI,101,70.83333333333334,runs/yin_latest_vgg_20260927/transfer/results/r21vgg2k_vgg16_bn_aa5_s42/faces_cfdWM64/houses_yin64/results.csv,UI_cross
bin5,VGG2k / bin5,r21vgg2k_vgg16_bn_aa5_s42,face_transfer,124,two_cross,CFD WM64,Houses,0.36,0.38,50,within_sampled_range,UI,102,83.33333333333334,runs/yin_latest_vgg_20260927/transfer/results/r21vgg2k_vgg16_bn_aa5_s42/faces_cfdWM64/houses_yin64/results.csv,UI_cross
bin5,VGG2k / bin5,r21vgg2k_vgg16_bn_aa5_s42,face_transfer,124,two_cross,CFD WM64,Houses,0.36,0.38,50,within_sampled_range,UI,103,87.5,runs/yin_latest_vgg_20260927/transfer/results/r21vgg2k_vgg16_bn_aa5_s42/faces_cfdWM64/houses_yin64/results.csv,UI_cross
bin5,VGG2k / bin5,r21vgg2k_vgg16_bn_aa5_s42,face_transfer,124,two_cross,CFD WM64,Houses,0.36,0.38,50,within_sampled_range,UI,104,70.83333333333334,runs/yin_latest_vgg_20260927/transfer/results/r21vgg2k_vgg16_bn_aa5_s42/faces_cfdWM64/houses_yin64/results.csv,UI_cross
bin5,VGG2k / bin5,r21vgg2k_vgg16_bn_aa5_s42,face_transfer,124,two_cross,CFD WM64,Houses,0.36,0.38,50,within_sampled_range,UI,105,58.333333333333336,runs/yin_latest_vgg_20260927/transfer/results/r21vgg2k_vgg16_bn_aa5_s42/faces_cfdWM64/houses_yin64/results.csv,UI_cross
bin5,VGG2k / bin5,r21vgg2k_vgg16_bn_aa5_s42,face_transfer,124,two_cross,CFD WM64,Houses,0.36,0.38,50,within_sampled_range,UI,106,79.16666666666666,runs/yin_latest_vgg_20260927/transfer/results/r21vgg2k_vgg16_bn_aa5_s42/faces_cfdWM64/houses_yin64/results.csv,UI_cross
bin5,VGG2k / bin5,r21vgg2k_vgg16_bn_aa5_s42,face_transfer,124,two_cross,CFD WM64,Houses,0.36,0.38,50,within_sampled_range,UI,107,70.83333333333334,runs/yin_latest_vgg_20260927/transfer/results/r21vgg2k_vgg16_bn_aa5_s42/faces_cfdWM64/houses_yin64/results.csv,UI_cross
bin5,VGG2k / bin5,r21vgg2k_vgg16_bn_aa5_s42,face_transfer,124,two_cross,CFD WM64,Houses,0.36,0.38,50,within_sampled_range,UI,108,75.0,runs/yin_latest_vgg_20260927/transfer/results/r21vgg2k_vgg16_bn_aa5_s42/faces_cfdWM64/houses_yin64/results.csv,UI_cross
bin5,VGG2k / bin5,r21vgg2k_vgg16_bn_aa5_s42,face_transfer,124,two_cross,CFD WM64,Houses,0.36,0.38,50,within_sampled_range,UI,109,70.83333333333334,runs/yin_latest_vgg_20260927/transfer/results/r21vgg2k_vgg16_bn_aa5_s42/faces_cfdWM64/houses_yin64/results.csv,UI_cross
bin5,VGG2k / bin5,r21vgg2k_vgg16_bn_aa5_s42,face_transfer,124,two_cross,CFD WM64,Houses,0.36,0.38,50,within_sampled_range,UI,110,66.66666666666666,runs/yin_latest_vgg_20260927/transfer/results/r21vgg2k_vgg16_bn_aa5_s42/faces_cfdWM64/houses_yin64/results.csv,UI_cross
bin5,VGG2k / bin5,r21vgg2k_vgg16_bn_aa5_s42,face_transfer,124,two_cross,CFD WM64,Houses,0.36,0.38,50,within_sampled_range,UI,111,75.0,runs/yin_latest_vgg_20260927/transfer/results/r21vgg2k_vgg16_bn_aa5_s42/faces_cfdWM64/houses_yin64/results.csv,UI_cross
bin5,VGG2k / bin5,r21vgg2k_vgg16_bn_aa5_s42,face_transfer,124,two_cross,CFD WM64,Houses,0.36,0.38,50,within_sampled_range,UI,112,54.166666666666664,runs/yin_latest_vgg_20260927/transfer/results/r21vgg2k_vgg16_bn_aa5_s42/faces_cfdWM64/houses_yin64/results.csv,UI_cross
bin5,VGG2k / bin5,r21vgg2k_vgg16_bn_aa5_s42,face_transfer,124,two_cross,CFD WM64,Houses,0.36,0.38,50,within_sampled_range,UI,113,66.66666666666666,runs/yin_latest_vgg_20260927/transfer/results/r21vgg2k_vgg16_bn_aa5_s42/faces_cfdWM64/houses_yin64/results.csv,UI_cross
bin5,VGG2k / bin5,r21vgg2k_vgg16_bn_aa5_s42,face_transfer,124,two_cross,CFD WM64,Houses,0.36,0.38,50,within_sampled_range,UI,114,75.0,runs/yin_latest_vgg_20260927/transfer/results/r21vgg2k_vgg16_bn_aa5_s42/faces_cfdWM64/houses_yin64/results.csv,UI_cross
bin5,VGG2k / bin5,r21vgg2k_vgg16_bn_aa5_s42,face_transfer,124,two_cross,CFD WM64,Houses,0.36,0.38,50,within_sampled_range,UI,115,66.66666666666666,runs/yin_latest_vgg_20260927/transfer/results/r21vgg2k_vgg16_bn_aa5_s42/faces_cfdWM64/houses_yin64/results.csv,UI_cross
bin5,VGG2k / bin5,r21vgg2k_vgg16_bn_aa5_s42,face_transfer,124,two_cross,CFD WM64,Houses,0.36,0.38,50,within_sampled_range,UI,116,87.5,runs/yin_latest_vgg_20260927/transfer/results/r21vgg2k_vgg16_bn_aa5_s42/faces_cfdWM64/houses_yin64/results.csv,UI_cross
bin5,VGG2k / bin5,r21vgg2k_vgg16_bn_aa5_s42,face_transfer,124,two_cross,CFD WM64,Houses,0.36,0.38,50,within_sampled_range,UI,117,87.5,runs/yin_latest_vgg_20260927/transfer/results/r21vgg2k_vgg16_bn_aa5_s42/faces_cfdWM64/houses_yin64/results.csv,UI_cross
bin5,VGG2k / bin5,r21vgg2k_vgg16_bn_aa5_s42,face_transfer,124,two_cross,CFD WM64,Houses,0.36,0.38,50,within_sampled_range,UI,118,75.0,runs/yin_latest_vgg_20260927/transfer/results/r21vgg2k_vgg16_bn_aa5_s42/faces_cfdWM64/houses_yin64/results.csv,UI_cross
bin5,VGG2k / bin5,r21vgg2k_vgg16_bn_aa5_s42,face_transfer,124,two_cross,CFD WM64,Houses,0.36,0.38,50,within_sampled_range,UI,119,62.5,runs/yin_latest_vgg_20260927/transfer/results/r21vgg2k_vgg16_bn_aa5_s42/faces_cfdWM64/houses_yin64/results.csv,UI_cross
bin5,VGG2k / bin5,r21vgg2k_vgg16_bn_aa5_s42,face_transfer,124,two_cross,CFD WM64,Houses,0.36,0.38,50,within_sampled_range,UI,120,62.5,runs/yin_latest_vgg_20260927/transfer/results/r21vgg2k_vgg16_bn_aa5_s42/faces_cfdWM64/houses_yin64/results.csv,UI_cross
bin5,VGG2k / bin5,r21vgg2k_vgg16_bn_aa5_s42,face_transfer,124,two_cross,CFD WM64,Houses,0.36,0.38,50,within_sampled_range,UI,121,66.66666666666666,runs/yin_latest_vgg_20260927/transfer/results/r21vgg2k_vgg16_bn_aa5_s42/faces_cfdWM64/houses_yin64/results.csv,UI_cross
bin5,VGG2k / bin5,r21vgg2k_vgg16_bn_aa5_s42,face_transfer,124,two_cross,CFD WM64,Houses,0.36,0.38,50,within_sampled_range,UI,122,66.66666666666666,runs/yin_latest_vgg_20260927/transfer/results/r21vgg2k_vgg16_bn_aa5_s42/faces_cfdWM64/houses_yin64/results.csv,UI_cross
bin5,VGG2k / bin5,r21vgg2k_vgg16_bn_aa5_s42,face_transfer,124,two_cross,CFD WM64,Houses,0.36,0.38,50,within_sampled_range,UI,123,62.5,runs/yin_latest_vgg_20260927/transfer/results/r21vgg2k_vgg16_bn_aa5_s42/faces_cfdWM64/houses_yin64/results.csv,UI_cross
bin5,VGG2k / bin5,r21vgg2k_vgg16_bn_aa5_s42,face_transfer,124,two_cross,CFD WM64,Houses,0.36,0.38,50,within_sampled_range,UI,124,70.83333333333334,runs/yin_latest_vgg_20260927/transfer/results/r21vgg2k_vgg16_bn_aa5_s42/faces_cfdWM64/houses_yin64/results.csv,UI_cross
bin5,VGG2k / bin5,r21vgg2k_vgg16_bn_aa5_s42,face_transfer,124,two_cross,CFD WM64,Houses,0.36,0.38,50,within_sampled_range,UI,125,70.83333333333334,runs/yin_latest_vgg_20260927/transfer/results/r21vgg2k_vgg16_bn_aa5_s42/faces_cfdWM64/houses_yin64/results.csv,UI_cross
bin5,VGG2k / bin5,r21vgg2k_vgg16_bn_aa5_s42,face_transfer,124,two_cross,CFD WM64,Houses,0.36,0.38,50,within_sampled_range,UI,126,58.333333333333336,runs/yin_latest_vgg_20260927/transfer/results/r21vgg2k_vgg16_bn_aa5_s42/faces_cfdWM64/houses_yin64/results.csv,UI_cross
bin5,VGG2k / bin5,r21vgg2k_vgg16_bn_aa5_s42,face_transfer,124,two_cross,CFD WM64,Houses,0.36,0.38,50,within_sampled_range,UI,127,70.83333333333334,runs/yin_latest_vgg_20260927/transfer/results/r21vgg2k_vgg16_bn_aa5_s42/faces_cfdWM64/houses_yin64/results.csv,UI_cross
bin5,VGG2k / bin5,r21vgg2k_vgg16_bn_aa5_s42,face_transfer,124,two_cross,CFD WM64,Houses,0.36,0.38,50,within_sampled_range,UI,128,66.66666666666666,runs/yin_latest_vgg_20260927/transfer/results/r21vgg2k_vgg16_bn_aa5_s42/faces_cfdWM64/houses_yin64/results.csv,UI_cross
bin5,VGG2k / bin5,r21vgg2k_vgg16_bn_aa5_s42,face_transfer,124,two_cross,CFD WM64,Houses,0.36,0.38,50,within_sampled_range,UI,129,79.16666666666666,runs/yin_latest_vgg_20260927/transfer/results/r21vgg2k_vgg16_bn_aa5_s42/faces_cfdWM64/houses_yin64/results.csv,UI_cross
bin5,VGG2k / bin5,r21vgg2k_vgg16_bn_aa5_s42,face_transfer,124,two_cross,CFD WM64,Houses,0.36,0.38,50,within_sampled_range,UI,130,79.16666666666666,runs/yin_latest_vgg_20260927/transfer/results/r21vgg2k_vgg16_bn_aa5_s42/faces_cfdWM64/houses_yin64/results.csv,UI_cross
bin5,VGG2k / bin5,r21vgg2k_vgg16_bn_aa5_s42,face_transfer,124,two_cross,CFD WM64,Houses,0.36,0.38,50,within_sampled_range,UI,131,54.166666666666664,runs/yin_latest_vgg_20260927/transfer/results/r21vgg2k_vgg16_bn_aa5_s42/faces_cfdWM64/houses_yin64/results.csv,UI_cross
bin5,VGG2k / bin5,r21vgg2k_vgg16_bn_aa5_s42,face_transfer,124,two_cross,CFD WM64,Houses,0.36,0.38,50,within_sampled_range,UI,132,70.83333333333334,runs/yin_latest_vgg_20260927/transfer/results/r21vgg2k_vgg16_bn_aa5_s42/faces_cfdWM64/houses_yin64/results.csv,UI_cross
bin5,VGG2k / bin5,r21vgg2k_vgg16_bn_aa5_s42,face_transfer,124,two_cross,CFD WM64,Houses,0.36,0.38,50,within_sampled_range,UI,133,58.333333333333336,runs/yin_latest_vgg_20260927/transfer/results/r21vgg2k_vgg16_bn_aa5_s42/faces_cfdWM64/houses_yin64/results.csv,UI_cross
bin5,VGG2k / bin5,r21vgg2k_vgg16_bn_aa5_s42,face_transfer,124,two_cross,CFD WM64,Houses,0.36,0.38,50,within_sampled_range,UI,134,70.83333333333334,runs/yin_latest_vgg_20260927/transfer/results/r21vgg2k_vgg16_bn_aa5_s42/faces_cfdWM64/houses_yin64/results.csv,UI_cross
bin5,VGG2k / bin5,r21vgg2k_vgg16_bn_aa5_s42,face_transfer,124,two_cross,CFD WM64,Houses,0.36,0.38,50,within_sampled_range,UI,135,75.0,runs/yin_latest_vgg_20260927/transfer/results/r21vgg2k_vgg16_bn_aa5_s42/faces_cfdWM64/houses_yin64/results.csv,UI_cross
bin5,VGG2k / bin5,r21vgg2k_vgg16_bn_aa5_s42,face_transfer,124,two_cross,CFD WM64,Houses,0.36,0.38,50,within_sampled_range,UI,136,66.66666666666666,runs/yin_latest_vgg_20260927/transfer/results/r21vgg2k_vgg16_bn_aa5_s42/faces_cfdWM64/houses_yin64/results.csv,UI_cross
bin5,VGG2k / bin5,r21vgg2k_vgg16_bn_aa5_s42,face_transfer,124,two_cross,CFD WM64,Houses,0.36,0.38,50,within_sampled_range,UI,137,66.66666666666666,runs/yin_latest_vgg_20260927/transfer/results/r21vgg2k_vgg16_bn_aa5_s42/faces_cfdWM64/houses_yin64/results.csv,UI_cross
bin5,VGG2k / bin5,r21vgg2k_vgg16_bn_aa5_s42,face_transfer,124,two_cross,CFD WM64,Houses,0.36,0.38,50,within_sampled_range,UI,138,58.333333333333336,runs/yin_latest_vgg_20260927/transfer/results/r21vgg2k_vgg16_bn_aa5_s42/faces_cfdWM64/houses_yin64/results.csv,UI_cross
bin5,VGG2k / bin5,r21vgg2k_vgg16_bn_aa5_s42,face_transfer,124,two_cross,CFD WM64,Houses,0.36,0.38,50,within_sampled_range,UI,139,62.5,runs/yin_latest_vgg_20260927/transfer/results/r21vgg2k_vgg16_bn_aa5_s42/faces_cfdWM64/houses_yin64/results.csv,UI_cross
bin5,VGG2k / bin5,r21vgg2k_vgg16_bn_aa5_s42,face_transfer,124,two_cross,CFD WM64,Houses,0.36,0.38,50,within_sampled_range,UI,140,70.83333333333334,runs/yin_latest_vgg_20260927/transfer/results/r21vgg2k_vgg16_bn_aa5_s42/faces_cfdWM64/houses_yin64/results.csv,UI_cross
bin5,VGG2k / bin5,r21vgg2k_vgg16_bn_aa5_s42,face_transfer,124,two_cross,CFD WM64,Houses,0.36,0.38,50,within_sampled_range,UI,141,83.33333333333334,runs/yin_latest_vgg_20260927/transfer/results/r21vgg2k_vgg16_bn_aa5_s42/faces_cfdWM64/houses_yin64/results.csv,UI_cross
bin5,VGG2k / bin5,r21vgg2k_vgg16_bn_aa5_s42,face_transfer,124,two_cross,CFD WM64,Houses,0.36,0.38,50,within_sampled_range,UI,142,66.66666666666666,runs/yin_latest_vgg_20260927/transfer/results/r21vgg2k_vgg16_bn_aa5_s42/faces_cfdWM64/houses_yin64/results.csv,UI_cross
bin5,VGG2k / bin5,r21vgg2k_vgg16_bn_aa5_s42,face_transfer,124,two_cross,CFD WM64,Houses,0.36,0.38,50,within_sampled_range,UI,143,66.66666666666666,runs/yin_latest_vgg_20260927/transfer/results/r21vgg2k_vgg16_bn_aa5_s42/faces_cfdWM64/houses_yin64/results.csv,UI_cross
bin5,VGG2k / bin5,r21vgg2k_vgg16_bn_aa5_s42,face_transfer,124,two_cross,CFD WM64,Houses,0.36,0.38,50,within_sampled_range,UI,144,66.66666666666666,runs/yin_latest_vgg_20260927/transfer/results/r21vgg2k_vgg16_bn_aa5_s42/faces_cfdWM64/houses_yin64/results.csv,UI_cross
bin5,VGG2k / bin5,r21vgg2k_vgg16_bn_aa5_s42,face_transfer,124,two_cross,CFD WM64,Houses,0.36,0.38,50,within_sampled_range,UI,145,66.66666666666666,runs/yin_latest_vgg_20260927/transfer/results/r21vgg2k_vgg16_bn_aa5_s42/faces_cfdWM64/houses_yin64/results.csv,UI_cross
bin5,VGG2k / bin5,r21vgg2k_vgg16_bn_aa5_s42,face_transfer,124,two_cross,CFD WM64,Houses,0.36,0.38,50,within_sampled_range,UI,146,62.5,runs/yin_latest_vgg_20260927/transfer/results/r21vgg2k_vgg16_bn_aa5_s42/faces_cfdWM64/houses_yin64/results.csv,UI_cross
bin5,VGG2k / bin5,r21vgg2k_vgg16_bn_aa5_s42,face_transfer,124,two_cross,CFD WM64,Houses,0.36,0.38,50,within_sampled_range,UI,147,62.5,runs/yin_latest_vgg_20260927/transfer/results/r21vgg2k_vgg16_bn_aa5_s42/faces_cfdWM64/houses_yin64/results.csv,UI_cross
bin5,VGG2k / bin5,r21vgg2k_vgg16_bn_aa5_s42,face_transfer,124,two_cross,CFD WM64,Houses,0.36,0.38,50,within_sampled_range,UI,148,70.83333333333334,runs/yin_latest_vgg_20260927/transfer/results/r21vgg2k_vgg16_bn_aa5_s42/faces_cfdWM64/houses_yin64/results.csv,UI_cross
bin5,VGG2k / bin5,r21vgg2k_vgg16_bn_aa5_s42,face_transfer,124,two_cross,CFD WM64,Houses,0.36,0.38,50,within_sampled_range,UI,149,62.5,runs/yin_latest_vgg_20260927/transfer/results/r21vgg2k_vgg16_bn_aa5_s42/faces_cfdWM64/houses_yin64/results.csv,UI_cross
bin5,VGG2k / bin5,r21vgg2k_vgg16_bn_aa5_s42,face_transfer,124,two_cross,CFD WM64,Houses,0.36,0.38,50,within_sampled_range,UI,150,79.16666666666666,runs/yin_latest_vgg_20260927/transfer/results/r21vgg2k_vgg16_bn_aa5_s42/faces_cfdWM64/houses_yin64/results.csv,UI_cross
bin5,VGG2k / bin5,r21vgg2k_vgg16_bn_aa5_s42,face_transfer,124,two_cross,CFD WM64,Houses,0.36,0.38,50,within_sampled_range,IU,101,70.83333333333334,runs/yin_latest_vgg_20260927/transfer/results/r21vgg2k_vgg16_bn_aa5_s42/faces_cfdWM64/houses_yin64/results.csv,IU
bin5,VGG2k / bin5,r21vgg2k_vgg16_bn_aa5_s42,face_transfer,124,two_cross,CFD WM64,Houses,0.36,0.38,50,within_sampled_range,IU,102,87.5,runs/yin_latest_vgg_20260927/transfer/results/r21vgg2k_vgg16_bn_aa5_s42/faces_cfdWM64/houses_yin64/results.csv,IU
bin5,VGG2k / bin5,r21vgg2k_vgg16_bn_aa5_s42,face_transfer,124,two_cross,CFD WM64,Houses,0.36,0.38,50,within_sampled_range,IU,103,79.16666666666666,runs/yin_latest_vgg_20260927/transfer/results/r21vgg2k_vgg16_bn_aa5_s42/faces_cfdWM64/houses_yin64/results.csv,IU
bin5,VGG2k / bin5,r21vgg2k_vgg16_bn_aa5_s42,face_transfer,124,two_cross,CFD WM64,Houses,0.36,0.38,50,within_sampled_range,IU,104,83.33333333333334,runs/yin_latest_vgg_20260927/transfer/results/r21vgg2k_vgg16_bn_aa5_s42/faces_cfdWM64/houses_yin64/results.csv,IU
bin5,VGG2k / bin5,r21vgg2k_vgg16_bn_aa5_s42,face_transfer,124,two_cross,CFD WM64,Houses,0.36,0.38,50,within_sampled_range,IU,105,62.5,runs/yin_latest_vgg_20260927/transfer/results/r21vgg2k_vgg16_bn_aa5_s42/faces_cfdWM64/houses_yin64/results.csv,IU
bin5,VGG2k / bin5,r21vgg2k_vgg16_bn_aa5_s42,face_transfer,124,two_cross,CFD WM64,Houses,0.36,0.38,50,within_sampled_range,IU,106,70.83333333333334,runs/yin_latest_vgg_20260927/transfer/results/r21vgg2k_vgg16_bn_aa5_s42/faces_cfdWM64/houses_yin64/results.csv,IU
bin5,VGG2k / bin5,r21vgg2k_vgg16_bn_aa5_s42,face_transfer,124,two_cross,CFD WM64,Houses,0.36,0.38,50,within_sampled_range,IU,107,66.66666666666666,runs/yin_latest_vgg_20260927/transfer/results/r21vgg2k_vgg16_bn_aa5_s42/faces_cfdWM64/houses_yin64/results.csv,IU
bin5,VGG2k / bin5,r21vgg2k_vgg16_bn_aa5_s42,face_transfer,124,two_cross,CFD WM64,Houses,0.36,0.38,50,within_sampled_range,IU,108,66.66666666666666,runs/yin_latest_vgg_20260927/transfer/results/r21vgg2k_vgg16_bn_aa5_s42/faces_cfdWM64/houses_yin64/results.csv,IU
bin5,VGG2k / bin5,r21vgg2k_vgg16_bn_aa5_s42,face_transfer,124,two_cross,CFD WM64,Houses,0.36,0.38,50,within_sampled_range,IU,109,54.166666666666664,runs/yin_latest_vgg_20260927/transfer/results/r21vgg2k_vgg16_bn_aa5_s42/faces_cfdWM64/houses_yin64/results.csv,IU
bin5,VGG2k / bin5,r21vgg2k_vgg16_bn_aa5_s42,face_transfer,124,two_cross,CFD WM64,Houses,0.36,0.38,50,within_sampled_range,IU,110,66.66666666666666,runs/yin_latest_vgg_20260927/transfer/results/r21vgg2k_vgg16_bn_aa5_s42/faces_cfdWM64/houses_yin64/results.csv,IU
bin5,VGG2k / bin5,r21vgg2k_vgg16_bn_aa5_s42,face_transfer,124,two_cross,CFD WM64,Houses,0.36,0.38,50,within_sampled_range,IU,111,62.5,runs/yin_latest_vgg_20260927/transfer/results/r21vgg2k_vgg16_bn_aa5_s42/faces_cfdWM64/houses_yin64/results.csv,IU
bin5,VGG2k / bin5,r21vgg2k_vgg16_bn_aa5_s42,face_transfer,124,two_cross,CFD WM64,Houses,0.36,0.38,50,within_sampled_range,IU,112,66.66666666666666,runs/yin_latest_vgg_20260927/transfer/results/r21vgg2k_vgg16_bn_aa5_s42/faces_cfdWM64/houses_yin64/results.csv,IU
bin5,VGG2k / bin5,r21vgg2k_vgg16_bn_aa5_s42,face_transfer,124,two_cross,CFD WM64,Houses,0.36,0.38,50,within_sampled_range,IU,113,75.0,runs/yin_latest_vgg_20260927/transfer/results/r21vgg2k_vgg16_bn_aa5_s42/faces_cfdWM64/houses_yin64/results.csv,IU
bin5,VGG2k / bin5,r21vgg2k_vgg16_bn_aa5_s42,face_transfer,124,two_cross,CFD WM64,Houses,0.36,0.38,50,within_sampled_range,IU,114,75.0,runs/yin_latest_vgg_20260927/transfer/results/r21vgg2k_vgg16_bn_aa5_s42/faces_cfdWM64/houses_yin64/results.csv,IU
bin5,VGG2k / bin5,r21vgg2k_vgg16_bn_aa5_s42,face_transfer,124,two_cross,CFD WM64,Houses,0.36,0.38,50,within_sampled_range,IU,115,54.166666666666664,runs/yin_latest_vgg_20260927/transfer/results/r21vgg2k_vgg16_bn_aa5_s42/faces_cfdWM64/houses_yin64/results.csv,IU
bin5,VGG2k / bin5,r21vgg2k_vgg16_bn_aa5_s42,face_transfer,124,two_cross,CFD WM64,Houses,0.36,0.38,50,within_sampled_range,IU,116,79.16666666666666,runs/yin_latest_vgg_20260927/transfer/results/r21vgg2k_vgg16_bn_aa5_s42/faces_cfdWM64/houses_yin64/results.csv,IU
bin5,VGG2k / bin5,r21vgg2k_vgg16_bn_aa5_s42,face_transfer,124,two_cross,CFD WM64,Houses,0.36,0.38,50,within_sampled_range,IU,117,54.166666666666664,runs/yin_latest_vgg_20260927/transfer/results/r21vgg2k_vgg16_bn_aa5_s42/faces_cfdWM64/houses_yin64/results.csv,IU
bin5,VGG2k / bin5,r21vgg2k_vgg16_bn_aa5_s42,face_transfer,124,two_cross,CFD WM64,Houses,0.36,0.38,50,within_sampled_range,IU,118,75.0,runs/yin_latest_vgg_20260927/transfer/results/r21vgg2k_vgg16_bn_aa5_s42/faces_cfdWM64/houses_yin64/results.csv,IU
bin5,VGG2k / bin5,r21vgg2k_vgg16_bn_aa5_s42,face_transfer,124,two_cross,CFD WM64,Houses,0.36,0.38,50,within_sampled_range,IU,119,70.83333333333334,runs/yin_latest_vgg_20260927/transfer/results/r21vgg2k_vgg16_bn_aa5_s42/faces_cfdWM64/houses_yin64/results.csv,IU
bin5,VGG2k / bin5,r21vgg2k_vgg16_bn_aa5_s42,face_transfer,124,two_cross,CFD WM64,Houses,0.36,0.38,50,within_sampled_range,IU,120,75.0,runs/yin_latest_vgg_20260927/transfer/results/r21vgg2k_vgg16_bn_aa5_s42/faces_cfdWM64/houses_yin64/results.csv,IU
bin5,VGG2k / bin5,r21vgg2k_vgg16_bn_aa5_s42,face_transfer,124,two_cross,CFD WM64,Houses,0.36,0.38,50,within_sampled_range,IU,121,79.16666666666666,runs/yin_latest_vgg_20260927/transfer/results/r21vgg2k_vgg16_bn_aa5_s42/faces_cfdWM64/houses_yin64/results.csv,IU
bin5,VGG2k / bin5,r21vgg2k_vgg16_bn_aa5_s42,face_transfer,124,two_cross,CFD WM64,Houses,0.36,0.38,50,within_sampled_range,IU,122,54.166666666666664,runs/yin_latest_vgg_20260927/transfer/results/r21vgg2k_vgg16_bn_aa5_s42/faces_cfdWM64/houses_yin64/results.csv,IU
bin5,VGG2k / bin5,r21vgg2k_vgg16_bn_aa5_s42,face_transfer,124,two_cross,CFD WM64,Houses,0.36,0.38,50,within_sampled_range,IU,123,75.0,runs/yin_latest_vgg_20260927/transfer/results/r21vgg2k_vgg16_bn_aa5_s42/faces_cfdWM64/houses_yin64/results.csv,IU
bin5,VGG2k / bin5,r21vgg2k_vgg16_bn_aa5_s42,face_transfer,124,two_cross,CFD WM64,Houses,0.36,0.38,50,within_sampled_range,IU,124,62.5,runs/yin_latest_vgg_20260927/transfer/results/r21vgg2k_vgg16_bn_aa5_s42/faces_cfdWM64/houses_yin64/results.csv,IU
bin5,VGG2k / bin5,r21vgg2k_vgg16_bn_aa5_s42,face_transfer,124,two_cross,CFD WM64,Houses,0.36,0.38,50,within_sampled_range,IU,125,50.0,runs/yin_latest_vgg_20260927/transfer/results/r21vgg2k_vgg16_bn_aa5_s42/faces_cfdWM64/houses_yin64/results.csv,IU
bin5,VGG2k / bin5,r21vgg2k_vgg16_bn_aa5_s42,face_transfer,124,two_cross,CFD WM64,Houses,0.36,0.38,50,within_sampled_range,IU,126,62.5,runs/yin_latest_vgg_20260927/transfer/results/r21vgg2k_vgg16_bn_aa5_s42/faces_cfdWM64/houses_yin64/results.csv,IU
bin5,VGG2k / bin5,r21vgg2k_vgg16_bn_aa5_s42,face_transfer,124,two_cross,CFD WM64,Houses,0.36,0.38,50,within_sampled_range,IU,127,70.83333333333334,runs/yin_latest_vgg_20260927/transfer/results/r21vgg2k_vgg16_bn_aa5_s42/faces_cfdWM64/houses_yin64/results.csv,IU
bin5,VGG2k / bin5,r21vgg2k_vgg16_bn_aa5_s42,face_transfer,124,two_cross,CFD WM64,Houses,0.36,0.38,50,within_sampled_range,IU,128,70.83333333333334,runs/yin_latest_vgg_20260927/transfer/results/r21vgg2k_vgg16_bn_aa5_s42/faces_cfdWM64/houses_yin64/results.csv,IU
bin5,VGG2k / bin5,r21vgg2k_vgg16_bn_aa5_s42,face_transfer,124,two_cross,CFD WM64,Houses,0.36,0.38,50,within_sampled_range,IU,129,66.66666666666666,runs/yin_latest_vgg_20260927/transfer/results/r21vgg2k_vgg16_bn_aa5_s42/faces_cfdWM64/houses_yin64/results.csv,IU
bin5,VGG2k / bin5,r21vgg2k_vgg16_bn_aa5_s42,face_transfer,124,two_cross,CFD WM64,Houses,0.36,0.38,50,within_sampled_range,IU,130,70.83333333333334,runs/yin_latest_vgg_20260927/transfer/results/r21vgg2k_vgg16_bn_aa5_s42/faces_cfdWM64/houses_yin64/results.csv,IU
bin5,VGG2k / bin5,r21vgg2k_vgg16_bn_aa5_s42,face_transfer,124,two_cross,CFD WM64,Houses,0.36,0.38,50,within_sampled_range,IU,131,70.83333333333334,runs/yin_latest_vgg_20260927/transfer/results/r21vgg2k_vgg16_bn_aa5_s42/faces_cfdWM64/houses_yin64/results.csv,IU
bin5,VGG2k / bin5,r21vgg2k_vgg16_bn_aa5_s42,face_transfer,124,two_cross,CFD WM64,Houses,0.36,0.38,50,within_sampled_range,IU,132,62.5,runs/yin_latest_vgg_20260927/transfer/results/r21vgg2k_vgg16_bn_aa5_s42/faces_cfdWM64/houses_yin64/results.csv,IU
bin5,VGG2k / bin5,r21vgg2k_vgg16_bn_aa5_s42,face_transfer,124,two_cross,CFD WM64,Houses,0.36,0.38,50,within_sampled_range,IU,133,70.83333333333334,runs/yin_latest_vgg_20260927/transfer/results/r21vgg2k_vgg16_bn_aa5_s42/faces_cfdWM64/houses_yin64/results.csv,IU
bin5,VGG2k / bin5,r21vgg2k_vgg16_bn_aa5_s42,face_transfer,124,two_cross,CFD WM64,Houses,0.36,0.38,50,within_sampled_range,IU,134,83.33333333333334,runs/yin_latest_vgg_20260927/transfer/results/r21vgg2k_vgg16_bn_aa5_s42/faces_cfdWM64/houses_yin64/results.csv,IU
bin5,VGG2k / bin5,r21vgg2k_vgg16_bn_aa5_s42,face_transfer,124,two_cross,CFD WM64,Houses,0.36,0.38,50,within_sampled_range,IU,135,50.0,runs/yin_latest_vgg_20260927/transfer/results/r21vgg2k_vgg16_bn_aa5_s42/faces_cfdWM64/houses_yin64/results.csv,IU
bin5,VGG2k / bin5,r21vgg2k_vgg16_bn_aa5_s42,face_transfer,124,two_cross,CFD WM64,Houses,0.36,0.38,50,within_sampled_range,IU,136,54.166666666666664,runs/yin_latest_vgg_20260927/transfer/results/r21vgg2k_vgg16_bn_aa5_s42/faces_cfdWM64/houses_yin64/results.csv,IU
bin5,VGG2k / bin5,r21vgg2k_vgg16_bn_aa5_s42,face_transfer,124,two_cross,CFD WM64,Houses,0.36,0.38,50,within_sampled_range,IU,137,79.16666666666666,runs/yin_latest_vgg_20260927/transfer/results/r21vgg2k_vgg16_bn_aa5_s42/faces_cfdWM64/houses_yin64/results.csv,IU
bin5,VGG2k / bin5,r21vgg2k_vgg16_bn_aa5_s42,face_transfer,124,two_cross,CFD WM64,Houses,0.36,0.38,50,within_sampled_range,IU,138,62.5,runs/yin_latest_vgg_20260927/transfer/results/r21vgg2k_vgg16_bn_aa5_s42/faces_cfdWM64/houses_yin64/results.csv,IU
bin5,VGG2k / bin5,r21vgg2k_vgg16_bn_aa5_s42,face_transfer,124,two_cross,CFD WM64,Houses,0.36,0.38,50,within_sampled_range,IU,139,66.66666666666666,runs/yin_latest_vgg_20260927/transfer/results/r21vgg2k_vgg16_bn_aa5_s42/faces_cfdWM64/houses_yin64/results.csv,IU
bin5,VGG2k / bin5,r21vgg2k_vgg16_bn_aa5_s42,face_transfer,124,two_cross,CFD WM64,Houses,0.36,0.38,50,within_sampled_range,IU,140,66.66666666666666,runs/yin_latest_vgg_20260927/transfer/results/r21vgg2k_vgg16_bn_aa5_s42/faces_cfdWM64/houses_yin64/results.csv,IU
bin5,VGG2k / bin5,r21vgg2k_vgg16_bn_aa5_s42,face_transfer,124,two_cross,CFD WM64,Houses,0.36,0.38,50,within_sampled_range,IU,141,70.83333333333334,runs/yin_latest_vgg_20260927/transfer/results/r21vgg2k_vgg16_bn_aa5_s42/faces_cfdWM64/houses_yin64/results.csv,IU
bin5,VGG2k / bin5,r21vgg2k_vgg16_bn_aa5_s42,face_transfer,124,two_cross,CFD WM64,Houses,0.36,0.38,50,within_sampled_range,IU,142,62.5,runs/yin_latest_vgg_20260927/transfer/results/r21vgg2k_vgg16_bn_aa5_s42/faces_cfdWM64/houses_yin64/results.csv,IU
bin5,VGG2k / bin5,r21vgg2k_vgg16_bn_aa5_s42,face_transfer,124,two_cross,CFD WM64,Houses,0.36,0.38,50,within_sampled_range,IU,143,62.5,runs/yin_latest_vgg_20260927/transfer/results/r21vgg2k_vgg16_bn_aa5_s42/faces_cfdWM64/houses_yin64/results.csv,IU
bin5,VGG2k / bin5,r21vgg2k_vgg16_bn_aa5_s42,face_transfer,124,two_cross,CFD WM64,Houses,0.36,0.38,50,within_sampled_range,IU,144,75.0,runs/yin_latest_vgg_20260927/transfer/results/r21vgg2k_vgg16_bn_aa5_s42/faces_cfdWM64/houses_yin64/results.csv,IU
bin5,VGG2k / bin5,r21vgg2k_vgg16_bn_aa5_s42,face_transfer,124,two_cross,CFD WM64,Houses,0.36,0.38,50,within_sampled_range,IU,145,66.66666666666666,runs/yin_latest_vgg_20260927/transfer/results/r21vgg2k_vgg16_bn_aa5_s42/faces_cfdWM64/houses_yin64/results.csv,IU
bin5,VGG2k / bin5,r21vgg2k_vgg16_bn_aa5_s42,face_transfer,124,two_cross,CFD WM64,Houses,0.36,0.38,50,within_sampled_range,IU,146,62.5,runs/yin_latest_vgg_20260927/transfer/results/r21vgg2k_vgg16_bn_aa5_s42/faces_cfdWM64/houses_yin64/results.csv,IU
bin5,VGG2k / bin5,r21vgg2k_vgg16_bn_aa5_s42,face_transfer,124,two_cross,CFD WM64,Houses,0.36,0.38,50,within_sampled_range,IU,147,75.0,runs/yin_latest_vgg_20260927/transfer/results/r21vgg2k_vgg16_bn_aa5_s42/faces_cfdWM64/houses_yin64/results.csv,IU
bin5,VGG2k / bin5,r21vgg2k_vgg16_bn_aa5_s42,face_transfer,124,two_cross,CFD WM64,Houses,0.36,0.38,50,within_sampled_range,IU,148,79.16666666666666,runs/yin_latest_vgg_20260927/transfer/results/r21vgg2k_vgg16_bn_aa5_s42/faces_cfdWM64/houses_yin64/results.csv,IU
bin5,VGG2k / bin5,r21vgg2k_vgg16_bn_aa5_s42,face_transfer,124,two_cross,CFD WM64,Houses,0.36,0.38,50,within_sampled_range,IU,149,75.0,runs/yin_latest_vgg_20260927/transfer/results/r21vgg2k_vgg16_bn_aa5_s42/faces_cfdWM64/houses_yin64/results.csv,IU
bin5,VGG2k / bin5,r21vgg2k_vgg16_bn_aa5_s42,face_transfer,124,two_cross,CFD WM64,Houses,0.36,0.38,50,within_sampled_range,IU,150,66.66666666666666,runs/yin_latest_vgg_20260927/transfer/results/r21vgg2k_vgg16_bn_aa5_s42/faces_cfdWM64/houses_yin64/results.csv,IU
bin5,VGG2k / bin5,r21vgg2k_vgg16_bn_aa5_s42,face_transfer,124,two_shared_ui,CFD WM64,Houses,0.36,0.38,50,within_sampled_range,UU,101,66.66666666666666,runs/yin_latest_vgg_20260927/transfer/results/r21vgg2k_vgg16_bn_aa5_s42/faces_cfdWM64/houses_yin64/results.csv,UU
bin5,VGG2k / bin5,r21vgg2k_vgg16_bn_aa5_s42,face_transfer,124,two_shared_ui,CFD WM64,Houses,0.36,0.38,50,within_sampled_range,UU,102,66.66666666666666,runs/yin_latest_vgg_20260927/transfer/results/r21vgg2k_vgg16_bn_aa5_s42/faces_cfdWM64/houses_yin64/results.csv,UU
bin5,VGG2k / bin5,r21vgg2k_vgg16_bn_aa5_s42,face_transfer,124,two_shared_ui,CFD WM64,Houses,0.36,0.38,50,within_sampled_range,UU,103,79.16666666666666,runs/yin_latest_vgg_20260927/transfer/results/r21vgg2k_vgg16_bn_aa5_s42/faces_cfdWM64/houses_yin64/results.csv,UU
bin5,VGG2k / bin5,r21vgg2k_vgg16_bn_aa5_s42,face_transfer,124,two_shared_ui,CFD WM64,Houses,0.36,0.38,50,within_sampled_range,UU,104,70.83333333333334,runs/yin_latest_vgg_20260927/transfer/results/r21vgg2k_vgg16_bn_aa5_s42/faces_cfdWM64/houses_yin64/results.csv,UU
bin5,VGG2k / bin5,r21vgg2k_vgg16_bn_aa5_s42,face_transfer,124,two_shared_ui,CFD WM64,Houses,0.36,0.38,50,within_sampled_range,UU,105,70.83333333333334,runs/yin_latest_vgg_20260927/transfer/results/r21vgg2k_vgg16_bn_aa5_s42/faces_cfdWM64/houses_yin64/results.csv,UU
bin5,VGG2k / bin5,r21vgg2k_vgg16_bn_aa5_s42,face_transfer,124,two_shared_ui,CFD WM64,Houses,0.36,0.38,50,within_sampled_range,UU,106,83.33333333333334,runs/yin_latest_vgg_20260927/transfer/results/r21vgg2k_vgg16_bn_aa5_s42/faces_cfdWM64/houses_yin64/results.csv,UU
bin5,VGG2k / bin5,r21vgg2k_vgg16_bn_aa5_s42,face_transfer,124,two_shared_ui,CFD WM64,Houses,0.36,0.38,50,within_sampled_range,UU,107,66.66666666666666,runs/yin_latest_vgg_20260927/transfer/results/r21vgg2k_vgg16_bn_aa5_s42/faces_cfdWM64/houses_yin64/results.csv,UU
bin5,VGG2k / bin5,r21vgg2k_vgg16_bn_aa5_s42,face_transfer,124,two_shared_ui,CFD WM64,Houses,0.36,0.38,50,within_sampled_range,UU,108,83.33333333333334,runs/yin_latest_vgg_20260927/transfer/results/r21vgg2k_vgg16_bn_aa5_s42/faces_cfdWM64/houses_yin64/results.csv,UU
bin5,VGG2k / bin5,r21vgg2k_vgg16_bn_aa5_s42,face_transfer,124,two_shared_ui,CFD WM64,Houses,0.36,0.38,50,within_sampled_range,UU,109,70.83333333333334,runs/yin_latest_vgg_20260927/transfer/results/r21vgg2k_vgg16_bn_aa5_s42/faces_cfdWM64/houses_yin64/results.csv,UU
bin5,VGG2k / bin5,r21vgg2k_vgg16_bn_aa5_s42,face_transfer,124,two_shared_ui,CFD WM64,Houses,0.36,0.38,50,within_sampled_range,UU,110,62.5,runs/yin_latest_vgg_20260927/transfer/results/r21vgg2k_vgg16_bn_aa5_s42/faces_cfdWM64/houses_yin64/results.csv,UU
bin5,VGG2k / bin5,r21vgg2k_vgg16_bn_aa5_s42,face_transfer,124,two_shared_ui,CFD WM64,Houses,0.36,0.38,50,within_sampled_range,UU,111,75.0,runs/yin_latest_vgg_20260927/transfer/results/r21vgg2k_vgg16_bn_aa5_s42/faces_cfdWM64/houses_yin64/results.csv,UU
bin5,VGG2k / bin5,r21vgg2k_vgg16_bn_aa5_s42,face_transfer,124,two_shared_ui,CFD WM64,Houses,0.36,0.38,50,within_sampled_range,UU,112,66.66666666666666,runs/yin_latest_vgg_20260927/transfer/results/r21vgg2k_vgg16_bn_aa5_s42/faces_cfdWM64/houses_yin64/results.csv,UU
bin5,VGG2k / bin5,r21vgg2k_vgg16_bn_aa5_s42,face_transfer,124,two_shared_ui,CFD WM64,Houses,0.36,0.38,50,within_sampled_range,UU,113,83.33333333333334,runs/yin_latest_vgg_20260927/transfer/results/r21vgg2k_vgg16_bn_aa5_s42/faces_cfdWM64/houses_yin64/results.csv,UU
bin5,VGG2k / bin5,r21vgg2k_vgg16_bn_aa5_s42,face_transfer,124,two_shared_ui,CFD WM64,Houses,0.36,0.38,50,within_sampled_range,UU,114,79.16666666666666,runs/yin_latest_vgg_20260927/transfer/results/r21vgg2k_vgg16_bn_aa5_s42/faces_cfdWM64/houses_yin64/results.csv,UU
bin5,VGG2k / bin5,r21vgg2k_vgg16_bn_aa5_s42,face_transfer,124,two_shared_ui,CFD WM64,Houses,0.36,0.38,50,within_sampled_range,UU,115,54.166666666666664,runs/yin_latest_vgg_20260927/transfer/results/r21vgg2k_vgg16_bn_aa5_s42/faces_cfdWM64/houses_yin64/results.csv,UU
bin5,VGG2k / bin5,r21vgg2k_vgg16_bn_aa5_s42,face_transfer,124,two_shared_ui,CFD WM64,Houses,0.36,0.38,50,within_sampled_range,UU,116,75.0,runs/yin_latest_vgg_20260927/transfer/results/r21vgg2k_vgg16_bn_aa5_s42/faces_cfdWM64/houses_yin64/results.csv,UU
bin5,VGG2k / bin5,r21vgg2k_vgg16_bn_aa5_s42,face_transfer,124,two_shared_ui,CFD WM64,Houses,0.36,0.38,50,within_sampled_range,UU,117,79.16666666666666,runs/yin_latest_vgg_20260927/transfer/results/r21vgg2k_vgg16_bn_aa5_s42/faces_cfdWM64/houses_yin64/results.csv,UU
bin5,VGG2k / bin5,r21vgg2k_vgg16_bn_aa5_s42,face_transfer,124,two_shared_ui,CFD WM64,Houses,0.36,0.38,50,within_sampled_range,UU,118,66.66666666666666,runs/yin_latest_vgg_20260927/transfer/results/r21vgg2k_vgg16_bn_aa5_s42/faces_cfdWM64/houses_yin64/results.csv,UU
bin5,VGG2k / bin5,r21vgg2k_vgg16_bn_aa5_s42,face_transfer,124,two_shared_ui,CFD WM64,Houses,0.36,0.38,50,within_sampled_range,UU,119,70.83333333333334,runs/yin_latest_vgg_20260927/transfer/results/r21vgg2k_vgg16_bn_aa5_s42/faces_cfdWM64/houses_yin64/results.csv,UU
bin5,VGG2k / bin5,r21vgg2k_vgg16_bn_aa5_s42,face_transfer,124,two_shared_ui,CFD WM64,Houses,0.36,0.38,50,within_sampled_range,UU,120,75.0,runs/yin_latest_vgg_20260927/transfer/results/r21vgg2k_vgg16_bn_aa5_s42/faces_cfdWM64/houses_yin64/results.csv,UU
bin5,VGG2k / bin5,r21vgg2k_vgg16_bn_aa5_s42,face_transfer,124,two_shared_ui,CFD WM64,Houses,0.36,0.38,50,within_sampled_range,UU,121,66.66666666666666,runs/yin_latest_vgg_20260927/transfer/results/r21vgg2k_vgg16_bn_aa5_s42/faces_cfdWM64/houses_yin64/results.csv,UU
bin5,VGG2k / bin5,r21vgg2k_vgg16_bn_aa5_s42,face_transfer,124,two_shared_ui,CFD WM64,Houses,0.36,0.38,50,within_sampled_range,UU,122,79.16666666666666,runs/yin_latest_vgg_20260927/transfer/results/r21vgg2k_vgg16_bn_aa5_s42/faces_cfdWM64/houses_yin64/results.csv,UU
bin5,VGG2k / bin5,r21vgg2k_vgg16_bn_aa5_s42,face_transfer,124,two_shared_ui,CFD WM64,Houses,0.36,0.38,50,within_sampled_range,UU,123,62.5,runs/yin_latest_vgg_20260927/transfer/results/r21vgg2k_vgg16_bn_aa5_s42/faces_cfdWM64/houses_yin64/results.csv,UU
bin5,VGG2k / bin5,r21vgg2k_vgg16_bn_aa5_s42,face_transfer,124,two_shared_ui,CFD WM64,Houses,0.36,0.38,50,within_sampled_range,UU,124,62.5,runs/yin_latest_vgg_20260927/transfer/results/r21vgg2k_vgg16_bn_aa5_s42/faces_cfdWM64/houses_yin64/results.csv,UU
bin5,VGG2k / bin5,r21vgg2k_vgg16_bn_aa5_s42,face_transfer,124,two_shared_ui,CFD WM64,Houses,0.36,0.38,50,within_sampled_range,UU,125,58.333333333333336,runs/yin_latest_vgg_20260927/transfer/results/r21vgg2k_vgg16_bn_aa5_s42/faces_cfdWM64/houses_yin64/results.csv,UU
bin5,VGG2k / bin5,r21vgg2k_vgg16_bn_aa5_s42,face_transfer,124,two_shared_ui,CFD WM64,Houses,0.36,0.38,50,within_sampled_range,UU,126,70.83333333333334,runs/yin_latest_vgg_20260927/transfer/results/r21vgg2k_vgg16_bn_aa5_s42/faces_cfdWM64/houses_yin64/results.csv,UU
bin5,VGG2k / bin5,r21vgg2k_vgg16_bn_aa5_s42,face_transfer,124,two_shared_ui,CFD WM64,Houses,0.36,0.38,50,within_sampled_range,UU,127,62.5,runs/yin_latest_vgg_20260927/transfer/results/r21vgg2k_vgg16_bn_aa5_s42/faces_cfdWM64/houses_yin64/results.csv,UU
bin5,VGG2k / bin5,r21vgg2k_vgg16_bn_aa5_s42,face_transfer,124,two_shared_ui,CFD WM64,Houses,0.36,0.38,50,within_sampled_range,UU,128,70.83333333333334,runs/yin_latest_vgg_20260927/transfer/results/r21vgg2k_vgg16_bn_aa5_s42/faces_cfdWM64/houses_yin64/results.csv,UU
bin5,VGG2k / bin5,r21vgg2k_vgg16_bn_aa5_s42,face_transfer,124,two_shared_ui,CFD WM64,Houses,0.36,0.38,50,within_sampled_range,UU,129,70.83333333333334,runs/yin_latest_vgg_20260927/transfer/results/r21vgg2k_vgg16_bn_aa5_s42/faces_cfdWM64/houses_yin64/results.csv,UU
bin5,VGG2k / bin5,r21vgg2k_vgg16_bn_aa5_s42,face_transfer,124,two_shared_ui,CFD WM64,Houses,0.36,0.38,50,within_sampled_range,UU,130,79.16666666666666,runs/yin_latest_vgg_20260927/transfer/results/r21vgg2k_vgg16_bn_aa5_s42/faces_cfdWM64/houses_yin64/results.csv,UU
bin5,VGG2k / bin5,r21vgg2k_vgg16_bn_aa5_s42,face_transfer,124,two_shared_ui,CFD WM64,Houses,0.36,0.38,50,within_sampled_range,UU,131,66.66666666666666,runs/yin_latest_vgg_20260927/transfer/results/r21vgg2k_vgg16_bn_aa5_s42/faces_cfdWM64/houses_yin64/results.csv,UU
bin5,VGG2k / bin5,r21vgg2k_vgg16_bn_aa5_s42,face_transfer,124,two_shared_ui,CFD WM64,Houses,0.36,0.38,50,within_sampled_range,UU,132,79.16666666666666,runs/yin_latest_vgg_20260927/transfer/results/r21vgg2k_vgg16_bn_aa5_s42/faces_cfdWM64/houses_yin64/results.csv,UU
bin5,VGG2k / bin5,r21vgg2k_vgg16_bn_aa5_s42,face_transfer,124,two_shared_ui,CFD WM64,Houses,0.36,0.38,50,within_sampled_range,UU,133,54.166666666666664,runs/yin_latest_vgg_20260927/transfer/results/r21vgg2k_vgg16_bn_aa5_s42/faces_cfdWM64/houses_yin64/results.csv,UU
bin5,VGG2k / bin5,r21vgg2k_vgg16_bn_aa5_s42,face_transfer,124,two_shared_ui,CFD WM64,Houses,0.36,0.38,50,within_sampled_range,UU,134,79.16666666666666,runs/yin_latest_vgg_20260927/transfer/results/r21vgg2k_vgg16_bn_aa5_s42/faces_cfdWM64/houses_yin64/results.csv,UU
bin5,VGG2k / bin5,r21vgg2k_vgg16_bn_aa5_s42,face_transfer,124,two_shared_ui,CFD WM64,Houses,0.36,0.38,50,within_sampled_range,UU,135,70.83333333333334,runs/yin_latest_vgg_20260927/transfer/results/r21vgg2k_vgg16_bn_aa5_s42/faces_cfdWM64/houses_yin64/results.csv,UU
bin5,VGG2k / bin5,r21vgg2k_vgg16_bn_aa5_s42,face_transfer,124,two_shared_ui,CFD WM64,Houses,0.36,0.38,50,within_sampled_range,UU,136,79.16666666666666,runs/yin_latest_vgg_20260927/transfer/results/r21vgg2k_vgg16_bn_aa5_s42/faces_cfdWM64/houses_yin64/results.csv,UU
bin5,VGG2k / bin5,r21vgg2k_vgg16_bn_aa5_s42,face_transfer,124,two_shared_ui,CFD WM64,Houses,0.36,0.38,50,within_sampled_range,UU,137,79.16666666666666,runs/yin_latest_vgg_20260927/transfer/results/r21vgg2k_vgg16_bn_aa5_s42/faces_cfdWM64/houses_yin64/results.csv,UU
bin5,VGG2k / bin5,r21vgg2k_vgg16_bn_aa5_s42,face_transfer,124,two_shared_ui,CFD WM64,Houses,0.36,0.38,50,within_sampled_range,UU,138,62.5,runs/yin_latest_vgg_20260927/transfer/results/r21vgg2k_vgg16_bn_aa5_s42/faces_cfdWM64/houses_yin64/results.csv,UU
bin5,VGG2k / bin5,r21vgg2k_vgg16_bn_aa5_s42,face_transfer,124,two_shared_ui,CFD WM64,Houses,0.36,0.38,50,within_sampled_range,UU,139,75.0,runs/yin_latest_vgg_20260927/transfer/results/r21vgg2k_vgg16_bn_aa5_s42/faces_cfdWM64/houses_yin64/results.csv,UU
bin5,VGG2k / bin5,r21vgg2k_vgg16_bn_aa5_s42,face_transfer,124,two_shared_ui,CFD WM64,Houses,0.36,0.38,50,within_sampled_range,UU,140,66.66666666666666,runs/yin_latest_vgg_20260927/transfer/results/r21vgg2k_vgg16_bn_aa5_s42/faces_cfdWM64/houses_yin64/results.csv,UU
bin5,VGG2k / bin5,r21vgg2k_vgg16_bn_aa5_s42,face_transfer,124,two_shared_ui,CFD WM64,Houses,0.36,0.38,50,within_sampled_range,UU,141,75.0,runs/yin_latest_vgg_20260927/transfer/results/r21vgg2k_vgg16_bn_aa5_s42/faces_cfdWM64/houses_yin64/results.csv,UU
bin5,VGG2k / bin5,r21vgg2k_vgg16_bn_aa5_s42,face_transfer,124,two_shared_ui,CFD WM64,Houses,0.36,0.38,50,within_sampled_range,UU,142,79.16666666666666,runs/yin_latest_vgg_20260927/transfer/results/r21vgg2k_vgg16_bn_aa5_s42/faces_cfdWM64/houses_yin64/results.csv,UU
bin5,VGG2k / bin5,r21vgg2k_vgg16_bn_aa5_s42,face_transfer,124,two_shared_ui,CFD WM64,Houses,0.36,0.38,50,within_sampled_range,UU,143,91.66666666666666,runs/yin_latest_vgg_20260927/transfer/results/r21vgg2k_vgg16_bn_aa5_s42/faces_cfdWM64/houses_yin64/results.csv,UU
bin5,VGG2k / bin5,r21vgg2k_vgg16_bn_aa5_s42,face_transfer,124,two_shared_ui,CFD WM64,Houses,0.36,0.38,50,within_sampled_range,UU,144,66.66666666666666,runs/yin_latest_vgg_20260927/transfer/results/r21vgg2k_vgg16_bn_aa5_s42/faces_cfdWM64/houses_yin64/results.csv,UU
bin5,VGG2k / bin5,r21vgg2k_vgg16_bn_aa5_s42,face_transfer,124,two_shared_ui,CFD WM64,Houses,0.36,0.38,50,within_sampled_range,UU,145,70.83333333333334,runs/yin_latest_vgg_20260927/transfer/results/r21vgg2k_vgg16_bn_aa5_s42/faces_cfdWM64/houses_yin64/results.csv,UU
bin5,VGG2k / bin5,r21vgg2k_vgg16_bn_aa5_s42,face_transfer,124,two_shared_ui,CFD WM64,Houses,0.36,0.38,50,within_sampled_range,UU,146,66.66666666666666,runs/yin_latest_vgg_20260927/transfer/results/r21vgg2k_vgg16_bn_aa5_s42/faces_cfdWM64/houses_yin64/results.csv,UU
bin5,VGG2k / bin5,r21vgg2k_vgg16_bn_aa5_s42,face_transfer,124,two_shared_ui,CFD WM64,Houses,0.36,0.38,50,within_sampled_range,UU,147,62.5,runs/yin_latest_vgg_20260927/transfer/results/r21vgg2k_vgg16_bn_aa5_s42/faces_cfdWM64/houses_yin64/results.csv,UU
bin5,VGG2k / bin5,r21vgg2k_vgg16_bn_aa5_s42,face_transfer,124,two_shared_ui,CFD WM64,Houses,0.36,0.38,50,within_sampled_range,UU,148,79.16666666666666,runs/yin_latest_vgg_20260927/transfer/results/r21vgg2k_vgg16_bn_aa5_s42/faces_cfdWM64/houses_yin64/results.csv,UU
bin5,VGG2k / bin5,r21vgg2k_vgg16_bn_aa5_s42,face_transfer,124,two_shared_ui,CFD WM64,Houses,0.36,0.38,50,within_sampled_range,UU,149,62.5,runs/yin_latest_vgg_20260927/transfer/results/r21vgg2k_vgg16_bn_aa5_s42/faces_cfdWM64/houses_yin64/results.csv,UU
bin5,VGG2k / bin5,r21vgg2k_vgg16_bn_aa5_s42,face_transfer,124,two_shared_ui,CFD WM64,Houses,0.36,0.38,50,within_sampled_range,UU,150,83.33333333333334,runs/yin_latest_vgg_20260927/transfer/results/r21vgg2k_vgg16_bn_aa5_s42/faces_cfdWM64/houses_yin64/results.csv,UU
bin5,VGG2k / bin5,r21vgg2k_vgg16_bn_aa5_s42,face_transfer,124,two_shared_ui,CFD WM64,Houses,0.36,0.38,50,within_sampled_range,II,101,70.83333333333334,runs/yin_latest_vgg_20260927/transfer/results/r21vgg2k_vgg16_bn_aa5_s42/faces_cfdWM64/houses_yin64/results.csv,II
bin5,VGG2k / bin5,r21vgg2k_vgg16_bn_aa5_s42,face_transfer,124,two_shared_ui,CFD WM64,Houses,0.36,0.38,50,within_sampled_range,II,102,66.66666666666666,runs/yin_latest_vgg_20260927/transfer/results/r21vgg2k_vgg16_bn_aa5_s42/faces_cfdWM64/houses_yin64/results.csv,II
bin5,VGG2k / bin5,r21vgg2k_vgg16_bn_aa5_s42,face_transfer,124,two_shared_ui,CFD WM64,Houses,0.36,0.38,50,within_sampled_range,II,103,62.5,runs/yin_latest_vgg_20260927/transfer/results/r21vgg2k_vgg16_bn_aa5_s42/faces_cfdWM64/houses_yin64/results.csv,II
bin5,VGG2k / bin5,r21vgg2k_vgg16_bn_aa5_s42,face_transfer,124,two_shared_ui,CFD WM64,Houses,0.36,0.38,50,within_sampled_range,II,104,66.66666666666666,runs/yin_latest_vgg_20260927/transfer/results/r21vgg2k_vgg16_bn_aa5_s42/faces_cfdWM64/houses_yin64/results.csv,II
bin5,VGG2k / bin5,r21vgg2k_vgg16_bn_aa5_s42,face_transfer,124,two_shared_ui,CFD WM64,Houses,0.36,0.38,50,within_sampled_range,II,105,70.83333333333334,runs/yin_latest_vgg_20260927/transfer/results/r21vgg2k_vgg16_bn_aa5_s42/faces_cfdWM64/houses_yin64/results.csv,II
bin5,VGG2k / bin5,r21vgg2k_vgg16_bn_aa5_s42,face_transfer,124,two_shared_ui,CFD WM64,Houses,0.36,0.38,50,within_sampled_range,II,106,79.16666666666666,runs/yin_latest_vgg_20260927/transfer/results/r21vgg2k_vgg16_bn_aa5_s42/faces_cfdWM64/houses_yin64/results.csv,II
bin5,VGG2k / bin5,r21vgg2k_vgg16_bn_aa5_s42,face_transfer,124,two_shared_ui,CFD WM64,Houses,0.36,0.38,50,within_sampled_range,II,107,70.83333333333334,runs/yin_latest_vgg_20260927/transfer/results/r21vgg2k_vgg16_bn_aa5_s42/faces_cfdWM64/houses_yin64/results.csv,II
bin5,VGG2k / bin5,r21vgg2k_vgg16_bn_aa5_s42,face_transfer,124,two_shared_ui,CFD WM64,Houses,0.36,0.38,50,within_sampled_range,II,108,58.333333333333336,runs/yin_latest_vgg_20260927/transfer/results/r21vgg2k_vgg16_bn_aa5_s42/faces_cfdWM64/houses_yin64/results.csv,II
bin5,VGG2k / bin5,r21vgg2k_vgg16_bn_aa5_s42,face_transfer,124,two_shared_ui,CFD WM64,Houses,0.36,0.38,50,within_sampled_range,II,109,75.0,runs/yin_latest_vgg_20260927/transfer/results/r21vgg2k_vgg16_bn_aa5_s42/faces_cfdWM64/houses_yin64/results.csv,II
bin5,VGG2k / bin5,r21vgg2k_vgg16_bn_aa5_s42,face_transfer,124,two_shared_ui,CFD WM64,Houses,0.36,0.38,50,within_sampled_range,II,110,66.66666666666666,runs/yin_latest_vgg_20260927/transfer/results/r21vgg2k_vgg16_bn_aa5_s42/faces_cfdWM64/houses_yin64/results.csv,II
bin5,VGG2k / bin5,r21vgg2k_vgg16_bn_aa5_s42,face_transfer,124,two_shared_ui,CFD WM64,Houses,0.36,0.38,50,within_sampled_range,II,111,58.333333333333336,runs/yin_latest_vgg_20260927/transfer/results/r21vgg2k_vgg16_bn_aa5_s42/faces_cfdWM64/houses_yin64/results.csv,II
bin5,VGG2k / bin5,r21vgg2k_vgg16_bn_aa5_s42,face_transfer,124,two_shared_ui,CFD WM64,Houses,0.36,0.38,50,within_sampled_range,II,112,83.33333333333334,runs/yin_latest_vgg_20260927/transfer/results/r21vgg2k_vgg16_bn_aa5_s42/faces_cfdWM64/houses_yin64/results.csv,II
bin5,VGG2k / bin5,r21vgg2k_vgg16_bn_aa5_s42,face_transfer,124,two_shared_ui,CFD WM64,Houses,0.36,0.38,50,within_sampled_range,II,113,45.83333333333333,runs/yin_latest_vgg_20260927/transfer/results/r21vgg2k_vgg16_bn_aa5_s42/faces_cfdWM64/houses_yin64/results.csv,II
bin5,VGG2k / bin5,r21vgg2k_vgg16_bn_aa5_s42,face_transfer,124,two_shared_ui,CFD WM64,Houses,0.36,0.38,50,within_sampled_range,II,114,70.83333333333334,runs/yin_latest_vgg_20260927/transfer/results/r21vgg2k_vgg16_bn_aa5_s42/faces_cfdWM64/houses_yin64/results.csv,II
bin5,VGG2k / bin5,r21vgg2k_vgg16_bn_aa5_s42,face_transfer,124,two_shared_ui,CFD WM64,Houses,0.36,0.38,50,within_sampled_range,II,115,75.0,runs/yin_latest_vgg_20260927/transfer/results/r21vgg2k_vgg16_bn_aa5_s42/faces_cfdWM64/houses_yin64/results.csv,II
bin5,VGG2k / bin5,r21vgg2k_vgg16_bn_aa5_s42,face_transfer,124,two_shared_ui,CFD WM64,Houses,0.36,0.38,50,within_sampled_range,II,116,70.83333333333334,runs/yin_latest_vgg_20260927/transfer/results/r21vgg2k_vgg16_bn_aa5_s42/faces_cfdWM64/houses_yin64/results.csv,II
bin5,VGG2k / bin5,r21vgg2k_vgg16_bn_aa5_s42,face_transfer,124,two_shared_ui,CFD WM64,Houses,0.36,0.38,50,within_sampled_range,II,117,66.66666666666666,runs/yin_latest_vgg_20260927/transfer/results/r21vgg2k_vgg16_bn_aa5_s42/faces_cfdWM64/houses_yin64/results.csv,II
bin5,VGG2k / bin5,r21vgg2k_vgg16_bn_aa5_s42,face_transfer,124,two_shared_ui,CFD WM64,Houses,0.36,0.38,50,within_sampled_range,II,118,83.33333333333334,runs/yin_latest_vgg_20260927/transfer/results/r21vgg2k_vgg16_bn_aa5_s42/faces_cfdWM64/houses_yin64/results.csv,II
bin5,VGG2k / bin5,r21vgg2k_vgg16_bn_aa5_s42,face_transfer,124,two_shared_ui,CFD WM64,Houses,0.36,0.38,50,within_sampled_range,II,119,54.166666666666664,runs/yin_latest_vgg_20260927/transfer/results/r21vgg2k_vgg16_bn_aa5_s42/faces_cfdWM64/houses_yin64/results.csv,II
bin5,VGG2k / bin5,r21vgg2k_vgg16_bn_aa5_s42,face_transfer,124,two_shared_ui,CFD WM64,Houses,0.36,0.38,50,within_sampled_range,II,120,62.5,runs/yin_latest_vgg_20260927/transfer/results/r21vgg2k_vgg16_bn_aa5_s42/faces_cfdWM64/houses_yin64/results.csv,II
bin5,VGG2k / bin5,r21vgg2k_vgg16_bn_aa5_s42,face_transfer,124,two_shared_ui,CFD WM64,Houses,0.36,0.38,50,within_sampled_range,II,121,66.66666666666666,runs/yin_latest_vgg_20260927/transfer/results/r21vgg2k_vgg16_bn_aa5_s42/faces_cfdWM64/houses_yin64/results.csv,II
bin5,VGG2k / bin5,r21vgg2k_vgg16_bn_aa5_s42,face_transfer,124,two_shared_ui,CFD WM64,Houses,0.36,0.38,50,within_sampled_range,II,122,66.66666666666666,runs/yin_latest_vgg_20260927/transfer/results/r21vgg2k_vgg16_bn_aa5_s42/faces_cfdWM64/houses_yin64/results.csv,II
bin5,VGG2k / bin5,r21vgg2k_vgg16_bn_aa5_s42,face_transfer,124,two_shared_ui,CFD WM64,Houses,0.36,0.38,50,within_sampled_range,II,123,75.0,runs/yin_latest_vgg_20260927/transfer/results/r21vgg2k_vgg16_bn_aa5_s42/faces_cfdWM64/houses_yin64/results.csv,II
bin5,VGG2k / bin5,r21vgg2k_vgg16_bn_aa5_s42,face_transfer,124,two_shared_ui,CFD WM64,Houses,0.36,0.38,50,within_sampled_range,II,124,54.166666666666664,runs/yin_latest_vgg_20260927/transfer/results/r21vgg2k_vgg16_bn_aa5_s42/faces_cfdWM64/houses_yin64/results.csv,II
bin5,VGG2k / bin5,r21vgg2k_vgg16_bn_aa5_s42,face_transfer,124,two_shared_ui,CFD WM64,Houses,0.36,0.38,50,within_sampled_range,II,125,66.66666666666666,runs/yin_latest_vgg_20260927/transfer/results/r21vgg2k_vgg16_bn_aa5_s42/faces_cfdWM64/houses_yin64/results.csv,II
bin5,VGG2k / bin5,r21vgg2k_vgg16_bn_aa5_s42,face_transfer,124,two_shared_ui,CFD WM64,Houses,0.36,0.38,50,within_sampled_range,II,126,70.83333333333334,runs/yin_latest_vgg_20260927/transfer/results/r21vgg2k_vgg16_bn_aa5_s42/faces_cfdWM64/houses_yin64/results.csv,II
bin5,VGG2k / bin5,r21vgg2k_vgg16_bn_aa5_s42,face_transfer,124,two_shared_ui,CFD WM64,Houses,0.36,0.38,50,within_sampled_range,II,127,54.166666666666664,runs/yin_latest_vgg_20260927/transfer/results/r21vgg2k_vgg16_bn_aa5_s42/faces_cfdWM64/houses_yin64/results.csv,II
bin5,VGG2k / bin5,r21vgg2k_vgg16_bn_aa5_s42,face_transfer,124,two_shared_ui,CFD WM64,Houses,0.36,0.38,50,within_sampled_range,II,128,70.83333333333334,runs/yin_latest_vgg_20260927/transfer/results/r21vgg2k_vgg16_bn_aa5_s42/faces_cfdWM64/houses_yin64/results.csv,II
bin5,VGG2k / bin5,r21vgg2k_vgg16_bn_aa5_s42,face_transfer,124,two_shared_ui,CFD WM64,Houses,0.36,0.38,50,within_sampled_range,II,129,62.5,runs/yin_latest_vgg_20260927/transfer/results/r21vgg2k_vgg16_bn_aa5_s42/faces_cfdWM64/houses_yin64/results.csv,II
bin5,VGG2k / bin5,r21vgg2k_vgg16_bn_aa5_s42,face_transfer,124,two_shared_ui,CFD WM64,Houses,0.36,0.38,50,within_sampled_range,II,130,70.83333333333334,runs/yin_latest_vgg_20260927/transfer/results/r21vgg2k_vgg16_bn_aa5_s42/faces_cfdWM64/houses_yin64/results.csv,II
bin5,VGG2k / bin5,r21vgg2k_vgg16_bn_aa5_s42,face_transfer,124,two_shared_ui,CFD WM64,Houses,0.36,0.38,50,within_sampled_range,II,131,66.66666666666666,runs/yin_latest_vgg_20260927/transfer/results/r21vgg2k_vgg16_bn_aa5_s42/faces_cfdWM64/houses_yin64/results.csv,II
bin5,VGG2k / bin5,r21vgg2k_vgg16_bn_aa5_s42,face_transfer,124,two_shared_ui,CFD WM64,Houses,0.36,0.38,50,within_sampled_range,II,132,79.16666666666666,runs/yin_latest_vgg_20260927/transfer/results/r21vgg2k_vgg16_bn_aa5_s42/faces_cfdWM64/houses_yin64/results.csv,II
bin5,VGG2k / bin5,r21vgg2k_vgg16_bn_aa5_s42,face_transfer,124,two_shared_ui,CFD WM64,Houses,0.36,0.38,50,within_sampled_range,II,133,58.333333333333336,runs/yin_latest_vgg_20260927/transfer/results/r21vgg2k_vgg16_bn_aa5_s42/faces_cfdWM64/houses_yin64/results.csv,II
bin5,VGG2k / bin5,r21vgg2k_vgg16_bn_aa5_s42,face_transfer,124,two_shared_ui,CFD WM64,Houses,0.36,0.38,50,within_sampled_range,II,134,79.16666666666666,runs/yin_latest_vgg_20260927/transfer/results/r21vgg2k_vgg16_bn_aa5_s42/faces_cfdWM64/houses_yin64/results.csv,II
bin5,VGG2k / bin5,r21vgg2k_vgg16_bn_aa5_s42,face_transfer,124,two_shared_ui,CFD WM64,Houses,0.36,0.38,50,within_sampled_range,II,135,70.83333333333334,runs/yin_latest_vgg_20260927/transfer/results/r21vgg2k_vgg16_bn_aa5_s42/faces_cfdWM64/houses_yin64/results.csv,II
bin5,VGG2k / bin5,r21vgg2k_vgg16_bn_aa5_s42,face_transfer,124,two_shared_ui,CFD WM64,Houses,0.36,0.38,50,within_sampled_range,II,136,62.5,runs/yin_latest_vgg_20260927/transfer/results/r21vgg2k_vgg16_bn_aa5_s42/faces_cfdWM64/houses_yin64/results.csv,II
bin5,VGG2k / bin5,r21vgg2k_vgg16_bn_aa5_s42,face_transfer,124,two_shared_ui,CFD WM64,Houses,0.36,0.38,50,within_sampled_range,II,137,79.16666666666666,runs/yin_latest_vgg_20260927/transfer/results/r21vgg2k_vgg16_bn_aa5_s42/faces_cfdWM64/houses_yin64/results.csv,II
bin5,VGG2k / bin5,r21vgg2k_vgg16_bn_aa5_s42,face_transfer,124,two_shared_ui,CFD WM64,Houses,0.36,0.38,50,within_sampled_range,II,138,79.16666666666666,runs/yin_latest_vgg_20260927/transfer/results/r21vgg2k_vgg16_bn_aa5_s42/faces_cfdWM64/houses_yin64/results.csv,II
bin5,VGG2k / bin5,r21vgg2k_vgg16_bn_aa5_s42,face_transfer,124,two_shared_ui,CFD WM64,Houses,0.36,0.38,50,within_sampled_range,II,139,70.83333333333334,runs/yin_latest_vgg_20260927/transfer/results/r21vgg2k_vgg16_bn_aa5_s42/faces_cfdWM64/houses_yin64/results.csv,II
bin5,VGG2k / bin5,r21vgg2k_vgg16_bn_aa5_s42,face_transfer,124,two_shared_ui,CFD WM64,Houses,0.36,0.38,50,within_sampled_range,II,140,75.0,runs/yin_latest_vgg_20260927/transfer/results/r21vgg2k_vgg16_bn_aa5_s42/faces_cfdWM64/houses_yin64/results.csv,II
bin5,VGG2k / bin5,r21vgg2k_vgg16_bn_aa5_s42,face_transfer,124,two_shared_ui,CFD WM64,Houses,0.36,0.38,50,within_sampled_range,II,141,66.66666666666666,runs/yin_latest_vgg_20260927/transfer/results/r21vgg2k_vgg16_bn_aa5_s42/faces_cfdWM64/houses_yin64/results.csv,II
bin5,VGG2k / bin5,r21vgg2k_vgg16_bn_aa5_s42,face_transfer,124,two_shared_ui,CFD WM64,Houses,0.36,0.38,50,within_sampled_range,II,142,75.0,runs/yin_latest_vgg_20260927/transfer/results/r21vgg2k_vgg16_bn_aa5_s42/faces_cfdWM64/houses_yin64/results.csv,II
bin5,VGG2k / bin5,r21vgg2k_vgg16_bn_aa5_s42,face_transfer,124,two_shared_ui,CFD WM64,Houses,0.36,0.38,50,within_sampled_range,II,143,62.5,runs/yin_latest_vgg_20260927/transfer/results/r21vgg2k_vgg16_bn_aa5_s42/faces_cfdWM64/houses_yin64/results.csv,II
bin5,VGG2k / bin5,r21vgg2k_vgg16_bn_aa5_s42,face_transfer,124,two_shared_ui,CFD WM64,Houses,0.36,0.38,50,within_sampled_range,II,144,66.66666666666666,runs/yin_latest_vgg_20260927/transfer/results/r21vgg2k_vgg16_bn_aa5_s42/faces_cfdWM64/houses_yin64/results.csv,II
bin5,VGG2k / bin5,r21vgg2k_vgg16_bn_aa5_s42,face_transfer,124,two_shared_ui,CFD WM64,Houses,0.36,0.38,50,within_sampled_range,II,145,75.0,runs/yin_latest_vgg_20260927/transfer/results/r21vgg2k_vgg16_bn_aa5_s42/faces_cfdWM64/houses_yin64/results.csv,II
bin5,VGG2k / bin5,r21vgg2k_vgg16_bn_aa5_s42,face_transfer,124,two_shared_ui,CFD WM64,Houses,0.36,0.38,50,within_sampled_range,II,146,70.83333333333334,runs/yin_latest_vgg_20260927/transfer/results/r21vgg2k_vgg16_bn_aa5_s42/faces_cfdWM64/houses_yin64/results.csv,II
bin5,VGG2k / bin5,r21vgg2k_vgg16_bn_aa5_s42,face_transfer,124,two_shared_ui,CFD WM64,Houses,0.36,0.38,50,within_sampled_range,II,147,70.83333333333334,runs/yin_latest_vgg_20260927/transfer/results/r21vgg2k_vgg16_bn_aa5_s42/faces_cfdWM64/houses_yin64/results.csv,II
bin5,VGG2k / bin5,r21vgg2k_vgg16_bn_aa5_s42,face_transfer,124,two_shared_ui,CFD WM64,Houses,0.36,0.38,50,within_sampled_range,II,148,79.16666666666666,runs/yin_latest_vgg_20260927/transfer/results/r21vgg2k_vgg16_bn_aa5_s42/faces_cfdWM64/houses_yin64/results.csv,II
bin5,VGG2k / bin5,r21vgg2k_vgg16_bn_aa5_s42,face_transfer,124,two_shared_ui,CFD WM64,Houses,0.36,0.38,50,within_sampled_range,II,149,62.5,runs/yin_latest_vgg_20260927/transfer/results/r21vgg2k_vgg16_bn_aa5_s42/faces_cfdWM64/houses_yin64/results.csv,II
bin5,VGG2k / bin5,r21vgg2k_vgg16_bn_aa5_s42,face_transfer,124,two_shared_ui,CFD WM64,Houses,0.36,0.38,50,within_sampled_range,II,150,79.16666666666666,runs/yin_latest_vgg_20260927/transfer/results/r21vgg2k_vgg16_bn_aa5_s42/faces_cfdWM64/houses_yin64/results.csv,II
bin5,VGG2k / bin5,r21vgg2k_vgg16_bn_aa5_s42,face_transfer,124,two_shared_ui,CFD WM64,Houses,0.36,0.38,50,within_sampled_range,UI,101,62.5,runs/yin_latest_vgg_20260927/transfer/results/r21vgg2k_vgg16_bn_aa5_s42/faces_cfdWM64/houses_yin64/results.csv,UI_shared
bin5,VGG2k / bin5,r21vgg2k_vgg16_bn_aa5_s42,face_transfer,124,two_shared_ui,CFD WM64,Houses,0.36,0.38,50,within_sampled_range,UI,102,75.0,runs/yin_latest_vgg_20260927/transfer/results/r21vgg2k_vgg16_bn_aa5_s42/faces_cfdWM64/houses_yin64/results.csv,UI_shared
bin5,VGG2k / bin5,r21vgg2k_vgg16_bn_aa5_s42,face_transfer,124,two_shared_ui,CFD WM64,Houses,0.36,0.38,50,within_sampled_range,UI,103,87.5,runs/yin_latest_vgg_20260927/transfer/results/r21vgg2k_vgg16_bn_aa5_s42/faces_cfdWM64/houses_yin64/results.csv,UI_shared
bin5,VGG2k / bin5,r21vgg2k_vgg16_bn_aa5_s42,face_transfer,124,two_shared_ui,CFD WM64,Houses,0.36,0.38,50,within_sampled_range,UI,104,75.0,runs/yin_latest_vgg_20260927/transfer/results/r21vgg2k_vgg16_bn_aa5_s42/faces_cfdWM64/houses_yin64/results.csv,UI_shared
bin5,VGG2k / bin5,r21vgg2k_vgg16_bn_aa5_s42,face_transfer,124,two_shared_ui,CFD WM64,Houses,0.36,0.38,50,within_sampled_range,UI,105,66.66666666666666,runs/yin_latest_vgg_20260927/transfer/results/r21vgg2k_vgg16_bn_aa5_s42/faces_cfdWM64/houses_yin64/results.csv,UI_shared
bin5,VGG2k / bin5,r21vgg2k_vgg16_bn_aa5_s42,face_transfer,124,two_shared_ui,CFD WM64,Houses,0.36,0.38,50,within_sampled_range,UI,106,75.0,runs/yin_latest_vgg_20260927/transfer/results/r21vgg2k_vgg16_bn_aa5_s42/faces_cfdWM64/houses_yin64/results.csv,UI_shared
bin5,VGG2k / bin5,r21vgg2k_vgg16_bn_aa5_s42,face_transfer,124,two_shared_ui,CFD WM64,Houses,0.36,0.38,50,within_sampled_range,UI,107,70.83333333333334,runs/yin_latest_vgg_20260927/transfer/results/r21vgg2k_vgg16_bn_aa5_s42/faces_cfdWM64/houses_yin64/results.csv,UI_shared
bin5,VGG2k / bin5,r21vgg2k_vgg16_bn_aa5_s42,face_transfer,124,two_shared_ui,CFD WM64,Houses,0.36,0.38,50,within_sampled_range,UI,108,62.5,runs/yin_latest_vgg_20260927/transfer/results/r21vgg2k_vgg16_bn_aa5_s42/faces_cfdWM64/houses_yin64/results.csv,UI_shared
bin5,VGG2k / bin5,r21vgg2k_vgg16_bn_aa5_s42,face_transfer,124,two_shared_ui,CFD WM64,Houses,0.36,0.38,50,within_sampled_range,UI,109,70.83333333333334,runs/yin_latest_vgg_20260927/transfer/results/r21vgg2k_vgg16_bn_aa5_s42/faces_cfdWM64/houses_yin64/results.csv,UI_shared
bin5,VGG2k / bin5,r21vgg2k_vgg16_bn_aa5_s42,face_transfer,124,two_shared_ui,CFD WM64,Houses,0.36,0.38,50,within_sampled_range,UI,110,62.5,runs/yin_latest_vgg_20260927/transfer/results/r21vgg2k_vgg16_bn_aa5_s42/faces_cfdWM64/houses_yin64/results.csv,UI_shared
bin5,VGG2k / bin5,r21vgg2k_vgg16_bn_aa5_s42,face_transfer,124,two_shared_ui,CFD WM64,Houses,0.36,0.38,50,within_sampled_range,UI,111,66.66666666666666,runs/yin_latest_vgg_20260927/transfer/results/r21vgg2k_vgg16_bn_aa5_s42/faces_cfdWM64/houses_yin64/results.csv,UI_shared
bin5,VGG2k / bin5,r21vgg2k_vgg16_bn_aa5_s42,face_transfer,124,two_shared_ui,CFD WM64,Houses,0.36,0.38,50,within_sampled_range,UI,112,58.333333333333336,runs/yin_latest_vgg_20260927/transfer/results/r21vgg2k_vgg16_bn_aa5_s42/faces_cfdWM64/houses_yin64/results.csv,UI_shared
bin5,VGG2k / bin5,r21vgg2k_vgg16_bn_aa5_s42,face_transfer,124,two_shared_ui,CFD WM64,Houses,0.36,0.38,50,within_sampled_range,UI,113,79.16666666666666,runs/yin_latest_vgg_20260927/transfer/results/r21vgg2k_vgg16_bn_aa5_s42/faces_cfdWM64/houses_yin64/results.csv,UI_shared
bin5,VGG2k / bin5,r21vgg2k_vgg16_bn_aa5_s42,face_transfer,124,two_shared_ui,CFD WM64,Houses,0.36,0.38,50,within_sampled_range,UI,114,70.83333333333334,runs/yin_latest_vgg_20260927/transfer/results/r21vgg2k_vgg16_bn_aa5_s42/faces_cfdWM64/houses_yin64/results.csv,UI_shared
bin5,VGG2k / bin5,r21vgg2k_vgg16_bn_aa5_s42,face_transfer,124,two_shared_ui,CFD WM64,Houses,0.36,0.38,50,within_sampled_range,UI,115,75.0,runs/yin_latest_vgg_20260927/transfer/results/r21vgg2k_vgg16_bn_aa5_s42/faces_cfdWM64/houses_yin64/results.csv,UI_shared
bin5,VGG2k / bin5,r21vgg2k_vgg16_bn_aa5_s42,face_transfer,124,two_shared_ui,CFD WM64,Houses,0.36,0.38,50,within_sampled_range,UI,116,87.5,runs/yin_latest_vgg_20260927/transfer/results/r21vgg2k_vgg16_bn_aa5_s42/faces_cfdWM64/houses_yin64/results.csv,UI_shared
bin5,VGG2k / bin5,r21vgg2k_vgg16_bn_aa5_s42,face_transfer,124,two_shared_ui,CFD WM64,Houses,0.36,0.38,50,within_sampled_range,UI,117,75.0,runs/yin_latest_vgg_20260927/transfer/results/r21vgg2k_vgg16_bn_aa5_s42/faces_cfdWM64/houses_yin64/results.csv,UI_shared
bin5,VGG2k / bin5,r21vgg2k_vgg16_bn_aa5_s42,face_transfer,124,two_shared_ui,CFD WM64,Houses,0.36,0.38,50,within_sampled_range,UI,118,75.0,runs/yin_latest_vgg_20260927/transfer/results/r21vgg2k_vgg16_bn_aa5_s42/faces_cfdWM64/houses_yin64/results.csv,UI_shared
bin5,VGG2k / bin5,r21vgg2k_vgg16_bn_aa5_s42,face_transfer,124,two_shared_ui,CFD WM64,Houses,0.36,0.38,50,within_sampled_range,UI,119,62.5,runs/yin_latest_vgg_20260927/transfer/results/r21vgg2k_vgg16_bn_aa5_s42/faces_cfdWM64/houses_yin64/results.csv,UI_shared
bin5,VGG2k / bin5,r21vgg2k_vgg16_bn_aa5_s42,face_transfer,124,two_shared_ui,CFD WM64,Houses,0.36,0.38,50,within_sampled_range,UI,120,70.83333333333334,runs/yin_latest_vgg_20260927/transfer/results/r21vgg2k_vgg16_bn_aa5_s42/faces_cfdWM64/houses_yin64/results.csv,UI_shared
bin5,VGG2k / bin5,r21vgg2k_vgg16_bn_aa5_s42,face_transfer,124,two_shared_ui,CFD WM64,Houses,0.36,0.38,50,within_sampled_range,UI,121,62.5,runs/yin_latest_vgg_20260927/transfer/results/r21vgg2k_vgg16_bn_aa5_s42/faces_cfdWM64/houses_yin64/results.csv,UI_shared
bin5,VGG2k / bin5,r21vgg2k_vgg16_bn_aa5_s42,face_transfer,124,two_shared_ui,CFD WM64,Houses,0.36,0.38,50,within_sampled_range,UI,122,58.333333333333336,runs/yin_latest_vgg_20260927/transfer/results/r21vgg2k_vgg16_bn_aa5_s42/faces_cfdWM64/houses_yin64/results.csv,UI_shared
bin5,VGG2k / bin5,r21vgg2k_vgg16_bn_aa5_s42,face_transfer,124,two_shared_ui,CFD WM64,Houses,0.36,0.38,50,within_sampled_range,UI,123,70.83333333333334,runs/yin_latest_vgg_20260927/transfer/results/r21vgg2k_vgg16_bn_aa5_s42/faces_cfdWM64/houses_yin64/results.csv,UI_shared
bin5,VGG2k / bin5,r21vgg2k_vgg16_bn_aa5_s42,face_transfer,124,two_shared_ui,CFD WM64,Houses,0.36,0.38,50,within_sampled_range,UI,124,70.83333333333334,runs/yin_latest_vgg_20260927/transfer/results/r21vgg2k_vgg16_bn_aa5_s42/faces_cfdWM64/houses_yin64/results.csv,UI_shared
bin5,VGG2k / bin5,r21vgg2k_vgg16_bn_aa5_s42,face_transfer,124,two_shared_ui,CFD WM64,Houses,0.36,0.38,50,within_sampled_range,UI,125,70.83333333333334,runs/yin_latest_vgg_20260927/transfer/results/r21vgg2k_vgg16_bn_aa5_s42/faces_cfdWM64/houses_yin64/results.csv,UI_shared
bin5,VGG2k / bin5,r21vgg2k_vgg16_bn_aa5_s42,face_transfer,124,two_shared_ui,CFD WM64,Houses,0.36,0.38,50,within_sampled_range,UI,126,58.333333333333336,runs/yin_latest_vgg_20260927/transfer/results/r21vgg2k_vgg16_bn_aa5_s42/faces_cfdWM64/houses_yin64/results.csv,UI_shared
bin5,VGG2k / bin5,r21vgg2k_vgg16_bn_aa5_s42,face_transfer,124,two_shared_ui,CFD WM64,Houses,0.36,0.38,50,within_sampled_range,UI,127,75.0,runs/yin_latest_vgg_20260927/transfer/results/r21vgg2k_vgg16_bn_aa5_s42/faces_cfdWM64/houses_yin64/results.csv,UI_shared
bin5,VGG2k / bin5,r21vgg2k_vgg16_bn_aa5_s42,face_transfer,124,two_shared_ui,CFD WM64,Houses,0.36,0.38,50,within_sampled_range,UI,128,70.83333333333334,runs/yin_latest_vgg_20260927/transfer/results/r21vgg2k_vgg16_bn_aa5_s42/faces_cfdWM64/houses_yin64/results.csv,UI_shared
bin5,VGG2k / bin5,r21vgg2k_vgg16_bn_aa5_s42,face_transfer,124,two_shared_ui,CFD WM64,Houses,0.36,0.38,50,within_sampled_range,UI,129,75.0,runs/yin_latest_vgg_20260927/transfer/results/r21vgg2k_vgg16_bn_aa5_s42/faces_cfdWM64/houses_yin64/results.csv,UI_shared
bin5,VGG2k / bin5,r21vgg2k_vgg16_bn_aa5_s42,face_transfer,124,two_shared_ui,CFD WM64,Houses,0.36,0.38,50,within_sampled_range,UI,130,75.0,runs/yin_latest_vgg_20260927/transfer/results/r21vgg2k_vgg16_bn_aa5_s42/faces_cfdWM64/houses_yin64/results.csv,UI_shared
bin5,VGG2k / bin5,r21vgg2k_vgg16_bn_aa5_s42,face_transfer,124,two_shared_ui,CFD WM64,Houses,0.36,0.38,50,within_sampled_range,UI,131,58.333333333333336,runs/yin_latest_vgg_20260927/transfer/results/r21vgg2k_vgg16_bn_aa5_s42/faces_cfdWM64/houses_yin64/results.csv,UI_shared
bin5,VGG2k / bin5,r21vgg2k_vgg16_bn_aa5_s42,face_transfer,124,two_shared_ui,CFD WM64,Houses,0.36,0.38,50,within_sampled_range,UI,132,79.16666666666666,runs/yin_latest_vgg_20260927/transfer/results/r21vgg2k_vgg16_bn_aa5_s42/faces_cfdWM64/houses_yin64/results.csv,UI_shared
bin5,VGG2k / bin5,r21vgg2k_vgg16_bn_aa5_s42,face_transfer,124,two_shared_ui,CFD WM64,Houses,0.36,0.38,50,within_sampled_range,UI,133,58.333333333333336,runs/yin_latest_vgg_20260927/transfer/results/r21vgg2k_vgg16_bn_aa5_s42/faces_cfdWM64/houses_yin64/results.csv,UI_shared
bin5,VGG2k / bin5,r21vgg2k_vgg16_bn_aa5_s42,face_transfer,124,two_shared_ui,CFD WM64,Houses,0.36,0.38,50,within_sampled_range,UI,134,75.0,runs/yin_latest_vgg_20260927/transfer/results/r21vgg2k_vgg16_bn_aa5_s42/faces_cfdWM64/houses_yin64/results.csv,UI_shared
bin5,VGG2k / bin5,r21vgg2k_vgg16_bn_aa5_s42,face_transfer,124,two_shared_ui,CFD WM64,Houses,0.36,0.38,50,within_sampled_range,UI,135,75.0,runs/yin_latest_vgg_20260927/transfer/results/r21vgg2k_vgg16_bn_aa5_s42/faces_cfdWM64/houses_yin64/results.csv,UI_shared
bin5,VGG2k / bin5,r21vgg2k_vgg16_bn_aa5_s42,face_transfer,124,two_shared_ui,CFD WM64,Houses,0.36,0.38,50,within_sampled_range,UI,136,70.83333333333334,runs/yin_latest_vgg_20260927/transfer/results/r21vgg2k_vgg16_bn_aa5_s42/faces_cfdWM64/houses_yin64/results.csv,UI_shared
bin5,VGG2k / bin5,r21vgg2k_vgg16_bn_aa5_s42,face_transfer,124,two_shared_ui,CFD WM64,Houses,0.36,0.38,50,within_sampled_range,UI,137,66.66666666666666,runs/yin_latest_vgg_20260927/transfer/results/r21vgg2k_vgg16_bn_aa5_s42/faces_cfdWM64/houses_yin64/results.csv,UI_shared
bin5,VGG2k / bin5,r21vgg2k_vgg16_bn_aa5_s42,face_transfer,124,two_shared_ui,CFD WM64,Houses,0.36,0.38,50,within_sampled_range,UI,138,58.333333333333336,runs/yin_latest_vgg_20260927/transfer/results/r21vgg2k_vgg16_bn_aa5_s42/faces_cfdWM64/houses_yin64/results.csv,UI_shared
bin5,VGG2k / bin5,r21vgg2k_vgg16_bn_aa5_s42,face_transfer,124,two_shared_ui,CFD WM64,Houses,0.36,0.38,50,within_sampled_range,UI,139,62.5,runs/yin_latest_vgg_20260927/transfer/results/r21vgg2k_vgg16_bn_aa5_s42/faces_cfdWM64/houses_yin64/results.csv,UI_shared
bin5,VGG2k / bin5,r21vgg2k_vgg16_bn_aa5_s42,face_transfer,124,two_shared_ui,CFD WM64,Houses,0.36,0.38,50,within_sampled_range,UI,140,62.5,runs/yin_latest_vgg_20260927/transfer/results/r21vgg2k_vgg16_bn_aa5_s42/faces_cfdWM64/houses_yin64/results.csv,UI_shared
bin5,VGG2k / bin5,r21vgg2k_vgg16_bn_aa5_s42,face_transfer,124,two_shared_ui,CFD WM64,Houses,0.36,0.38,50,within_sampled_range,UI,141,83.33333333333334,runs/yin_latest_vgg_20260927/transfer/results/r21vgg2k_vgg16_bn_aa5_s42/faces_cfdWM64/houses_yin64/results.csv,UI_shared
bin5,VGG2k / bin5,r21vgg2k_vgg16_bn_aa5_s42,face_transfer,124,two_shared_ui,CFD WM64,Houses,0.36,0.38,50,within_sampled_range,UI,142,66.66666666666666,runs/yin_latest_vgg_20260927/transfer/results/r21vgg2k_vgg16_bn_aa5_s42/faces_cfdWM64/houses_yin64/results.csv,UI_shared
bin5,VGG2k / bin5,r21vgg2k_vgg16_bn_aa5_s42,face_transfer,124,two_shared_ui,CFD WM64,Houses,0.36,0.38,50,within_sampled_range,UI,143,70.83333333333334,runs/yin_latest_vgg_20260927/transfer/results/r21vgg2k_vgg16_bn_aa5_s42/faces_cfdWM64/houses_yin64/results.csv,UI_shared
bin5,VGG2k / bin5,r21vgg2k_vgg16_bn_aa5_s42,face_transfer,124,two_shared_ui,CFD WM64,Houses,0.36,0.38,50,within_sampled_range,UI,144,70.83333333333334,runs/yin_latest_vgg_20260927/transfer/results/r21vgg2k_vgg16_bn_aa5_s42/faces_cfdWM64/houses_yin64/results.csv,UI_shared
bin5,VGG2k / bin5,r21vgg2k_vgg16_bn_aa5_s42,face_transfer,124,two_shared_ui,CFD WM64,Houses,0.36,0.38,50,within_sampled_range,UI,145,66.66666666666666,runs/yin_latest_vgg_20260927/transfer/results/r21vgg2k_vgg16_bn_aa5_s42/faces_cfdWM64/houses_yin64/results.csv,UI_shared
bin5,VGG2k / bin5,r21vgg2k_vgg16_bn_aa5_s42,face_transfer,124,two_shared_ui,CFD WM64,Houses,0.36,0.38,50,within_sampled_range,UI,146,62.5,runs/yin_latest_vgg_20260927/transfer/results/r21vgg2k_vgg16_bn_aa5_s42/faces_cfdWM64/houses_yin64/results.csv,UI_shared
bin5,VGG2k / bin5,r21vgg2k_vgg16_bn_aa5_s42,face_transfer,124,two_shared_ui,CFD WM64,Houses,0.36,0.38,50,within_sampled_range,UI,147,62.5,runs/yin_latest_vgg_20260927/transfer/results/r21vgg2k_vgg16_bn_aa5_s42/faces_cfdWM64/houses_yin64/results.csv,UI_shared
bin5,VGG2k / bin5,r21vgg2k_vgg16_bn_aa5_s42,face_transfer,124,two_shared_ui,CFD WM64,Houses,0.36,0.38,50,within_sampled_range,UI,148,66.66666666666666,runs/yin_latest_vgg_20260927/transfer/results/r21vgg2k_vgg16_bn_aa5_s42/faces_cfdWM64/houses_yin64/results.csv,UI_shared
bin5,VGG2k / bin5,r21vgg2k_vgg16_bn_aa5_s42,face_transfer,124,two_shared_ui,CFD WM64,Houses,0.36,0.38,50,within_sampled_range,UI,149,58.333333333333336,runs/yin_latest_vgg_20260927/transfer/results/r21vgg2k_vgg16_bn_aa5_s42/faces_cfdWM64/houses_yin64/results.csv,UI_shared
bin5,VGG2k / bin5,r21vgg2k_vgg16_bn_aa5_s42,face_transfer,124,two_shared_ui,CFD WM64,Houses,0.36,0.38,50,within_sampled_range,UI,150,79.16666666666666,runs/yin_latest_vgg_20260927/transfer/results/r21vgg2k_vgg16_bn_aa5_s42/faces_cfdWM64/houses_yin64/results.csv,UI_shared
bin5,VGG2k / bin5,r21vgg2k_vgg16_bn_aa5_s42,face_transfer,124,two_shared_ui,CFD WM64,Houses,0.36,0.38,50,within_sampled_range,IU,101,70.83333333333334,runs/yin_latest_vgg_20260927/transfer/results/r21vgg2k_vgg16_bn_aa5_s42/faces_cfdWM64/houses_yin64/results.csv,IU
bin5,VGG2k / bin5,r21vgg2k_vgg16_bn_aa5_s42,face_transfer,124,two_shared_ui,CFD WM64,Houses,0.36,0.38,50,within_sampled_range,IU,102,87.5,runs/yin_latest_vgg_20260927/transfer/results/r21vgg2k_vgg16_bn_aa5_s42/faces_cfdWM64/houses_yin64/results.csv,IU
bin5,VGG2k / bin5,r21vgg2k_vgg16_bn_aa5_s42,face_transfer,124,two_shared_ui,CFD WM64,Houses,0.36,0.38,50,within_sampled_range,IU,103,79.16666666666666,runs/yin_latest_vgg_20260927/transfer/results/r21vgg2k_vgg16_bn_aa5_s42/faces_cfdWM64/houses_yin64/results.csv,IU
bin5,VGG2k / bin5,r21vgg2k_vgg16_bn_aa5_s42,face_transfer,124,two_shared_ui,CFD WM64,Houses,0.36,0.38,50,within_sampled_range,IU,104,83.33333333333334,runs/yin_latest_vgg_20260927/transfer/results/r21vgg2k_vgg16_bn_aa5_s42/faces_cfdWM64/houses_yin64/results.csv,IU
bin5,VGG2k / bin5,r21vgg2k_vgg16_bn_aa5_s42,face_transfer,124,two_shared_ui,CFD WM64,Houses,0.36,0.38,50,within_sampled_range,IU,105,62.5,runs/yin_latest_vgg_20260927/transfer/results/r21vgg2k_vgg16_bn_aa5_s42/faces_cfdWM64/houses_yin64/results.csv,IU
bin5,VGG2k / bin5,r21vgg2k_vgg16_bn_aa5_s42,face_transfer,124,two_shared_ui,CFD WM64,Houses,0.36,0.38,50,within_sampled_range,IU,106,70.83333333333334,runs/yin_latest_vgg_20260927/transfer/results/r21vgg2k_vgg16_bn_aa5_s42/faces_cfdWM64/houses_yin64/results.csv,IU
bin5,VGG2k / bin5,r21vgg2k_vgg16_bn_aa5_s42,face_transfer,124,two_shared_ui,CFD WM64,Houses,0.36,0.38,50,within_sampled_range,IU,107,66.66666666666666,runs/yin_latest_vgg_20260927/transfer/results/r21vgg2k_vgg16_bn_aa5_s42/faces_cfdWM64/houses_yin64/results.csv,IU
bin5,VGG2k / bin5,r21vgg2k_vgg16_bn_aa5_s42,face_transfer,124,two_shared_ui,CFD WM64,Houses,0.36,0.38,50,within_sampled_range,IU,108,66.66666666666666,runs/yin_latest_vgg_20260927/transfer/results/r21vgg2k_vgg16_bn_aa5_s42/faces_cfdWM64/houses_yin64/results.csv,IU
bin5,VGG2k / bin5,r21vgg2k_vgg16_bn_aa5_s42,face_transfer,124,two_shared_ui,CFD WM64,Houses,0.36,0.38,50,within_sampled_range,IU,109,54.166666666666664,runs/yin_latest_vgg_20260927/transfer/results/r21vgg2k_vgg16_bn_aa5_s42/faces_cfdWM64/houses_yin64/results.csv,IU
bin5,VGG2k / bin5,r21vgg2k_vgg16_bn_aa5_s42,face_transfer,124,two_shared_ui,CFD WM64,Houses,0.36,0.38,50,within_sampled_range,IU,110,66.66666666666666,runs/yin_latest_vgg_20260927/transfer/results/r21vgg2k_vgg16_bn_aa5_s42/faces_cfdWM64/houses_yin64/results.csv,IU
bin5,VGG2k / bin5,r21vgg2k_vgg16_bn_aa5_s42,face_transfer,124,two_shared_ui,CFD WM64,Houses,0.36,0.38,50,within_sampled_range,IU,111,62.5,runs/yin_latest_vgg_20260927/transfer/results/r21vgg2k_vgg16_bn_aa5_s42/faces_cfdWM64/houses_yin64/results.csv,IU
bin5,VGG2k / bin5,r21vgg2k_vgg16_bn_aa5_s42,face_transfer,124,two_shared_ui,CFD WM64,Houses,0.36,0.38,50,within_sampled_range,IU,112,66.66666666666666,runs/yin_latest_vgg_20260927/transfer/results/r21vgg2k_vgg16_bn_aa5_s42/faces_cfdWM64/houses_yin64/results.csv,IU
bin5,VGG2k / bin5,r21vgg2k_vgg16_bn_aa5_s42,face_transfer,124,two_shared_ui,CFD WM64,Houses,0.36,0.38,50,within_sampled_range,IU,113,75.0,runs/yin_latest_vgg_20260927/transfer/results/r21vgg2k_vgg16_bn_aa5_s42/faces_cfdWM64/houses_yin64/results.csv,IU
bin5,VGG2k / bin5,r21vgg2k_vgg16_bn_aa5_s42,face_transfer,124,two_shared_ui,CFD WM64,Houses,0.36,0.38,50,within_sampled_range,IU,114,75.0,runs/yin_latest_vgg_20260927/transfer/results/r21vgg2k_vgg16_bn_aa5_s42/faces_cfdWM64/houses_yin64/results.csv,IU
bin5,VGG2k / bin5,r21vgg2k_vgg16_bn_aa5_s42,face_transfer,124,two_shared_ui,CFD WM64,Houses,0.36,0.38,50,within_sampled_range,IU,115,54.166666666666664,runs/yin_latest_vgg_20260927/transfer/results/r21vgg2k_vgg16_bn_aa5_s42/faces_cfdWM64/houses_yin64/results.csv,IU
bin5,VGG2k / bin5,r21vgg2k_vgg16_bn_aa5_s42,face_transfer,124,two_shared_ui,CFD WM64,Houses,0.36,0.38,50,within_sampled_range,IU,116,79.16666666666666,runs/yin_latest_vgg_20260927/transfer/results/r21vgg2k_vgg16_bn_aa5_s42/faces_cfdWM64/houses_yin64/results.csv,IU
bin5,VGG2k / bin5,r21vgg2k_vgg16_bn_aa5_s42,face_transfer,124,two_shared_ui,CFD WM64,Houses,0.36,0.38,50,within_sampled_range,IU,117,54.166666666666664,runs/yin_latest_vgg_20260927/transfer/results/r21vgg2k_vgg16_bn_aa5_s42/faces_cfdWM64/houses_yin64/results.csv,IU
bin5,VGG2k / bin5,r21vgg2k_vgg16_bn_aa5_s42,face_transfer,124,two_shared_ui,CFD WM64,Houses,0.36,0.38,50,within_sampled_range,IU,118,75.0,runs/yin_latest_vgg_20260927/transfer/results/r21vgg2k_vgg16_bn_aa5_s42/faces_cfdWM64/houses_yin64/results.csv,IU
bin5,VGG2k / bin5,r21vgg2k_vgg16_bn_aa5_s42,face_transfer,124,two_shared_ui,CFD WM64,Houses,0.36,0.38,50,within_sampled_range,IU,119,70.83333333333334,runs/yin_latest_vgg_20260927/transfer/results/r21vgg2k_vgg16_bn_aa5_s42/faces_cfdWM64/houses_yin64/results.csv,IU
bin5,VGG2k / bin5,r21vgg2k_vgg16_bn_aa5_s42,face_transfer,124,two_shared_ui,CFD WM64,Houses,0.36,0.38,50,within_sampled_range,IU,120,75.0,runs/yin_latest_vgg_20260927/transfer/results/r21vgg2k_vgg16_bn_aa5_s42/faces_cfdWM64/houses_yin64/results.csv,IU
bin5,VGG2k / bin5,r21vgg2k_vgg16_bn_aa5_s42,face_transfer,124,two_shared_ui,CFD WM64,Houses,0.36,0.38,50,within_sampled_range,IU,121,79.16666666666666,runs/yin_latest_vgg_20260927/transfer/results/r21vgg2k_vgg16_bn_aa5_s42/faces_cfdWM64/houses_yin64/results.csv,IU
bin5,VGG2k / bin5,r21vgg2k_vgg16_bn_aa5_s42,face_transfer,124,two_shared_ui,CFD WM64,Houses,0.36,0.38,50,within_sampled_range,IU,122,54.166666666666664,runs/yin_latest_vgg_20260927/transfer/results/r21vgg2k_vgg16_bn_aa5_s42/faces_cfdWM64/houses_yin64/results.csv,IU
bin5,VGG2k / bin5,r21vgg2k_vgg16_bn_aa5_s42,face_transfer,124,two_shared_ui,CFD WM64,Houses,0.36,0.38,50,within_sampled_range,IU,123,75.0,runs/yin_latest_vgg_20260927/transfer/results/r21vgg2k_vgg16_bn_aa5_s42/faces_cfdWM64/houses_yin64/results.csv,IU
bin5,VGG2k / bin5,r21vgg2k_vgg16_bn_aa5_s42,face_transfer,124,two_shared_ui,CFD WM64,Houses,0.36,0.38,50,within_sampled_range,IU,124,62.5,runs/yin_latest_vgg_20260927/transfer/results/r21vgg2k_vgg16_bn_aa5_s42/faces_cfdWM64/houses_yin64/results.csv,IU
bin5,VGG2k / bin5,r21vgg2k_vgg16_bn_aa5_s42,face_transfer,124,two_shared_ui,CFD WM64,Houses,0.36,0.38,50,within_sampled_range,IU,125,50.0,runs/yin_latest_vgg_20260927/transfer/results/r21vgg2k_vgg16_bn_aa5_s42/faces_cfdWM64/houses_yin64/results.csv,IU
bin5,VGG2k / bin5,r21vgg2k_vgg16_bn_aa5_s42,face_transfer,124,two_shared_ui,CFD WM64,Houses,0.36,0.38,50,within_sampled_range,IU,126,62.5,runs/yin_latest_vgg_20260927/transfer/results/r21vgg2k_vgg16_bn_aa5_s42/faces_cfdWM64/houses_yin64/results.csv,IU
bin5,VGG2k / bin5,r21vgg2k_vgg16_bn_aa5_s42,face_transfer,124,two_shared_ui,CFD WM64,Houses,0.36,0.38,50,within_sampled_range,IU,127,70.83333333333334,runs/yin_latest_vgg_20260927/transfer/results/r21vgg2k_vgg16_bn_aa5_s42/faces_cfdWM64/houses_yin64/results.csv,IU
bin5,VGG2k / bin5,r21vgg2k_vgg16_bn_aa5_s42,face_transfer,124,two_shared_ui,CFD WM64,Houses,0.36,0.38,50,within_sampled_range,IU,128,70.83333333333334,runs/yin_latest_vgg_20260927/transfer/results/r21vgg2k_vgg16_bn_aa5_s42/faces_cfdWM64/houses_yin64/results.csv,IU
bin5,VGG2k / bin5,r21vgg2k_vgg16_bn_aa5_s42,face_transfer,124,two_shared_ui,CFD WM64,Houses,0.36,0.38,50,within_sampled_range,IU,129,66.66666666666666,runs/yin_latest_vgg_20260927/transfer/results/r21vgg2k_vgg16_bn_aa5_s42/faces_cfdWM64/houses_yin64/results.csv,IU
bin5,VGG2k / bin5,r21vgg2k_vgg16_bn_aa5_s42,face_transfer,124,two_shared_ui,CFD WM64,Houses,0.36,0.38,50,within_sampled_range,IU,130,70.83333333333334,runs/yin_latest_vgg_20260927/transfer/results/r21vgg2k_vgg16_bn_aa5_s42/faces_cfdWM64/houses_yin64/results.csv,IU
bin5,VGG2k / bin5,r21vgg2k_vgg16_bn_aa5_s42,face_transfer,124,two_shared_ui,CFD WM64,Houses,0.36,0.38,50,within_sampled_range,IU,131,70.83333333333334,runs/yin_latest_vgg_20260927/transfer/results/r21vgg2k_vgg16_bn_aa5_s42/faces_cfdWM64/houses_yin64/results.csv,IU
bin5,VGG2k / bin5,r21vgg2k_vgg16_bn_aa5_s42,face_transfer,124,two_shared_ui,CFD WM64,Houses,0.36,0.38,50,within_sampled_range,IU,132,62.5,runs/yin_latest_vgg_20260927/transfer/results/r21vgg2k_vgg16_bn_aa5_s42/faces_cfdWM64/houses_yin64/results.csv,IU
bin5,VGG2k / bin5,r21vgg2k_vgg16_bn_aa5_s42,face_transfer,124,two_shared_ui,CFD WM64,Houses,0.36,0.38,50,within_sampled_range,IU,133,70.83333333333334,runs/yin_latest_vgg_20260927/transfer/results/r21vgg2k_vgg16_bn_aa5_s42/faces_cfdWM64/houses_yin64/results.csv,IU
bin5,VGG2k / bin5,r21vgg2k_vgg16_bn_aa5_s42,face_transfer,124,two_shared_ui,CFD WM64,Houses,0.36,0.38,50,within_sampled_range,IU,134,83.33333333333334,runs/yin_latest_vgg_20260927/transfer/results/r21vgg2k_vgg16_bn_aa5_s42/faces_cfdWM64/houses_yin64/results.csv,IU
bin5,VGG2k / bin5,r21vgg2k_vgg16_bn_aa5_s42,face_transfer,124,two_shared_ui,CFD WM64,Houses,0.36,0.38,50,within_sampled_range,IU,135,50.0,runs/yin_latest_vgg_20260927/transfer/results/r21vgg2k_vgg16_bn_aa5_s42/faces_cfdWM64/houses_yin64/results.csv,IU
bin5,VGG2k / bin5,r21vgg2k_vgg16_bn_aa5_s42,face_transfer,124,two_shared_ui,CFD WM64,Houses,0.36,0.38,50,within_sampled_range,IU,136,54.166666666666664,runs/yin_latest_vgg_20260927/transfer/results/r21vgg2k_vgg16_bn_aa5_s42/faces_cfdWM64/houses_yin64/results.csv,IU
bin5,VGG2k / bin5,r21vgg2k_vgg16_bn_aa5_s42,face_transfer,124,two_shared_ui,CFD WM64,Houses,0.36,0.38,50,within_sampled_range,IU,137,79.16666666666666,runs/yin_latest_vgg_20260927/transfer/results/r21vgg2k_vgg16_bn_aa5_s42/faces_cfdWM64/houses_yin64/results.csv,IU
bin5,VGG2k / bin5,r21vgg2k_vgg16_bn_aa5_s42,face_transfer,124,two_shared_ui,CFD WM64,Houses,0.36,0.38,50,within_sampled_range,IU,138,62.5,runs/yin_latest_vgg_20260927/transfer/results/r21vgg2k_vgg16_bn_aa5_s42/faces_cfdWM64/houses_yin64/results.csv,IU
bin5,VGG2k / bin5,r21vgg2k_vgg16_bn_aa5_s42,face_transfer,124,two_shared_ui,CFD WM64,Houses,0.36,0.38,50,within_sampled_range,IU,139,66.66666666666666,runs/yin_latest_vgg_20260927/transfer/results/r21vgg2k_vgg16_bn_aa5_s42/faces_cfdWM64/houses_yin64/results.csv,IU
bin5,VGG2k / bin5,r21vgg2k_vgg16_bn_aa5_s42,face_transfer,124,two_shared_ui,CFD WM64,Houses,0.36,0.38,50,within_sampled_range,IU,140,66.66666666666666,runs/yin_latest_vgg_20260927/transfer/results/r21vgg2k_vgg16_bn_aa5_s42/faces_cfdWM64/houses_yin64/results.csv,IU
bin5,VGG2k / bin5,r21vgg2k_vgg16_bn_aa5_s42,face_transfer,124,two_shared_ui,CFD WM64,Houses,0.36,0.38,50,within_sampled_range,IU,141,70.83333333333334,runs/yin_latest_vgg_20260927/transfer/results/r21vgg2k_vgg16_bn_aa5_s42/faces_cfdWM64/houses_yin64/results.csv,IU
bin5,VGG2k / bin5,r21vgg2k_vgg16_bn_aa5_s42,face_transfer,124,two_shared_ui,CFD WM64,Houses,0.36,0.38,50,within_sampled_range,IU,142,62.5,runs/yin_latest_vgg_20260927/transfer/results/r21vgg2k_vgg16_bn_aa5_s42/faces_cfdWM64/houses_yin64/results.csv,IU
bin5,VGG2k / bin5,r21vgg2k_vgg16_bn_aa5_s42,face_transfer,124,two_shared_ui,CFD WM64,Houses,0.36,0.38,50,within_sampled_range,IU,143,62.5,runs/yin_latest_vgg_20260927/transfer/results/r21vgg2k_vgg16_bn_aa5_s42/faces_cfdWM64/houses_yin64/results.csv,IU
bin5,VGG2k / bin5,r21vgg2k_vgg16_bn_aa5_s42,face_transfer,124,two_shared_ui,CFD WM64,Houses,0.36,0.38,50,within_sampled_range,IU,144,75.0,runs/yin_latest_vgg_20260927/transfer/results/r21vgg2k_vgg16_bn_aa5_s42/faces_cfdWM64/houses_yin64/results.csv,IU
bin5,VGG2k / bin5,r21vgg2k_vgg16_bn_aa5_s42,face_transfer,124,two_shared_ui,CFD WM64,Houses,0.36,0.38,50,within_sampled_range,IU,145,66.66666666666666,runs/yin_latest_vgg_20260927/transfer/results/r21vgg2k_vgg16_bn_aa5_s42/faces_cfdWM64/houses_yin64/results.csv,IU
bin5,VGG2k / bin5,r21vgg2k_vgg16_bn_aa5_s42,face_transfer,124,two_shared_ui,CFD WM64,Houses,0.36,0.38,50,within_sampled_range,IU,146,62.5,runs/yin_latest_vgg_20260927/transfer/results/r21vgg2k_vgg16_bn_aa5_s42/faces_cfdWM64/houses_yin64/results.csv,IU
bin5,VGG2k / bin5,r21vgg2k_vgg16_bn_aa5_s42,face_transfer,124,two_shared_ui,CFD WM64,Houses,0.36,0.38,50,within_sampled_range,IU,147,75.0,runs/yin_latest_vgg_20260927/transfer/results/r21vgg2k_vgg16_bn_aa5_s42/faces_cfdWM64/houses_yin64/results.csv,IU
bin5,VGG2k / bin5,r21vgg2k_vgg16_bn_aa5_s42,face_transfer,124,two_shared_ui,CFD WM64,Houses,0.36,0.38,50,within_sampled_range,IU,148,79.16666666666666,runs/yin_latest_vgg_20260927/transfer/results/r21vgg2k_vgg16_bn_aa5_s42/faces_cfdWM64/houses_yin64/results.csv,IU
bin5,VGG2k / bin5,r21vgg2k_vgg16_bn_aa5_s42,face_transfer,124,two_shared_ui,CFD WM64,Houses,0.36,0.38,50,within_sampled_range,IU,149,75.0,runs/yin_latest_vgg_20260927/transfer/results/r21vgg2k_vgg16_bn_aa5_s42/faces_cfdWM64/houses_yin64/results.csv,IU
bin5,VGG2k / bin5,r21vgg2k_vgg16_bn_aa5_s42,face_transfer,124,two_shared_ui,CFD WM64,Houses,0.36,0.38,50,within_sampled_range,IU,150,66.66666666666666,runs/yin_latest_vgg_20260927/transfer/results/r21vgg2k_vgg16_bn_aa5_s42/faces_cfdWM64/houses_yin64/results.csv,IU
mixed,Mixed faces / AA4,r21dev_vgg16_bn_aa_s42,face_transfer,124,single_uu,RFW WM64,Faces,0.36,,50,within_sampled_range,UU,101,95.83333333333334,runs/yin_single_noise_20260925/results/r21dev_vgg16_bn_aa_s42/faces_rfwWM64/faces_rfwWM64/results.csv,UU
mixed,Mixed faces / AA4,r21dev_vgg16_bn_aa_s42,face_transfer,124,single_uu,RFW WM64,Faces,0.36,,50,within_sampled_range,UU,102,100.0,runs/yin_single_noise_20260925/results/r21dev_vgg16_bn_aa_s42/faces_rfwWM64/faces_rfwWM64/results.csv,UU
mixed,Mixed faces / AA4,r21dev_vgg16_bn_aa_s42,face_transfer,124,single_uu,RFW WM64,Faces,0.36,,50,within_sampled_range,UU,103,95.83333333333334,runs/yin_single_noise_20260925/results/r21dev_vgg16_bn_aa_s42/faces_rfwWM64/faces_rfwWM64/results.csv,UU
mixed,Mixed faces / AA4,r21dev_vgg16_bn_aa_s42,face_transfer,124,single_uu,RFW WM64,Faces,0.36,,50,within_sampled_range,UU,104,91.66666666666666,runs/yin_single_noise_20260925/results/r21dev_vgg16_bn_aa_s42/faces_rfwWM64/faces_rfwWM64/results.csv,UU
mixed,Mixed faces / AA4,r21dev_vgg16_bn_aa_s42,face_transfer,124,single_uu,RFW WM64,Faces,0.36,,50,within_sampled_range,UU,105,87.5,runs/yin_single_noise_20260925/results/r21dev_vgg16_bn_aa_s42/faces_rfwWM64/faces_rfwWM64/results.csv,UU
mixed,Mixed faces / AA4,r21dev_vgg16_bn_aa_s42,face_transfer,124,single_uu,RFW WM64,Faces,0.36,,50,within_sampled_range,UU,106,100.0,runs/yin_single_noise_20260925/results/r21dev_vgg16_bn_aa_s42/faces_rfwWM64/faces_rfwWM64/results.csv,UU
mixed,Mixed faces / AA4,r21dev_vgg16_bn_aa_s42,face_transfer,124,single_uu,RFW WM64,Faces,0.36,,50,within_sampled_range,UU,107,95.83333333333334,runs/yin_single_noise_20260925/results/r21dev_vgg16_bn_aa_s42/faces_rfwWM64/faces_rfwWM64/results.csv,UU
mixed,Mixed faces / AA4,r21dev_vgg16_bn_aa_s42,face_transfer,124,single_uu,RFW WM64,Faces,0.36,,50,within_sampled_range,UU,108,95.83333333333334,runs/yin_single_noise_20260925/results/r21dev_vgg16_bn_aa_s42/faces_rfwWM64/faces_rfwWM64/results.csv,UU
mixed,Mixed faces / AA4,r21dev_vgg16_bn_aa_s42,face_transfer,124,single_uu,RFW WM64,Faces,0.36,,50,within_sampled_range,UU,109,100.0,runs/yin_single_noise_20260925/results/r21dev_vgg16_bn_aa_s42/faces_rfwWM64/faces_rfwWM64/results.csv,UU
mixed,Mixed faces / AA4,r21dev_vgg16_bn_aa_s42,face_transfer,124,single_uu,RFW WM64,Faces,0.36,,50,within_sampled_range,UU,110,95.83333333333334,runs/yin_single_noise_20260925/results/r21dev_vgg16_bn_aa_s42/faces_rfwWM64/faces_rfwWM64/results.csv,UU
mixed,Mixed faces / AA4,r21dev_vgg16_bn_aa_s42,face_transfer,124,single_uu,RFW WM64,Faces,0.36,,50,within_sampled_range,UU,111,95.83333333333334,runs/yin_single_noise_20260925/results/r21dev_vgg16_bn_aa_s42/faces_rfwWM64/faces_rfwWM64/results.csv,UU
mixed,Mixed faces / AA4,r21dev_vgg16_bn_aa_s42,face_transfer,124,single_uu,RFW WM64,Faces,0.36,,50,within_sampled_range,UU,112,91.66666666666666,runs/yin_single_noise_20260925/results/r21dev_vgg16_bn_aa_s42/faces_rfwWM64/faces_rfwWM64/results.csv,UU
mixed,Mixed faces / AA4,r21dev_vgg16_bn_aa_s42,face_transfer,124,single_uu,RFW WM64,Faces,0.36,,50,within_sampled_range,UU,113,100.0,runs/yin_single_noise_20260925/results/r21dev_vgg16_bn_aa_s42/faces_rfwWM64/faces_rfwWM64/results.csv,UU
mixed,Mixed faces / AA4,r21dev_vgg16_bn_aa_s42,face_transfer,124,single_uu,RFW WM64,Faces,0.36,,50,within_sampled_range,UU,114,91.66666666666666,runs/yin_single_noise_20260925/results/r21dev_vgg16_bn_aa_s42/faces_rfwWM64/faces_rfwWM64/results.csv,UU
mixed,Mixed faces / AA4,r21dev_vgg16_bn_aa_s42,face_transfer,124,single_uu,RFW WM64,Faces,0.36,,50,within_sampled_range,UU,115,95.83333333333334,runs/yin_single_noise_20260925/results/r21dev_vgg16_bn_aa_s42/faces_rfwWM64/faces_rfwWM64/results.csv,UU
mixed,Mixed faces / AA4,r21dev_vgg16_bn_aa_s42,face_transfer,124,single_uu,RFW WM64,Faces,0.36,,50,within_sampled_range,UU,116,100.0,runs/yin_single_noise_20260925/results/r21dev_vgg16_bn_aa_s42/faces_rfwWM64/faces_rfwWM64/results.csv,UU
mixed,Mixed faces / AA4,r21dev_vgg16_bn_aa_s42,face_transfer,124,single_uu,RFW WM64,Faces,0.36,,50,within_sampled_range,UU,117,95.83333333333334,runs/yin_single_noise_20260925/results/r21dev_vgg16_bn_aa_s42/faces_rfwWM64/faces_rfwWM64/results.csv,UU
mixed,Mixed faces / AA4,r21dev_vgg16_bn_aa_s42,face_transfer,124,single_uu,RFW WM64,Faces,0.36,,50,within_sampled_range,UU,118,100.0,runs/yin_single_noise_20260925/results/r21dev_vgg16_bn_aa_s42/faces_rfwWM64/faces_rfwWM64/results.csv,UU
mixed,Mixed faces / AA4,r21dev_vgg16_bn_aa_s42,face_transfer,124,single_uu,RFW WM64,Faces,0.36,,50,within_sampled_range,UU,119,100.0,runs/yin_single_noise_20260925/results/r21dev_vgg16_bn_aa_s42/faces_rfwWM64/faces_rfwWM64/results.csv,UU
mixed,Mixed faces / AA4,r21dev_vgg16_bn_aa_s42,face_transfer,124,single_uu,RFW WM64,Faces,0.36,,50,within_sampled_range,UU,120,91.66666666666666,runs/yin_single_noise_20260925/results/r21dev_vgg16_bn_aa_s42/faces_rfwWM64/faces_rfwWM64/results.csv,UU
mixed,Mixed faces / AA4,r21dev_vgg16_bn_aa_s42,face_transfer,124,single_uu,RFW WM64,Faces,0.36,,50,within_sampled_range,UU,121,100.0,runs/yin_single_noise_20260925/results/r21dev_vgg16_bn_aa_s42/faces_rfwWM64/faces_rfwWM64/results.csv,UU
mixed,Mixed faces / AA4,r21dev_vgg16_bn_aa_s42,face_transfer,124,single_uu,RFW WM64,Faces,0.36,,50,within_sampled_range,UU,122,100.0,runs/yin_single_noise_20260925/results/r21dev_vgg16_bn_aa_s42/faces_rfwWM64/faces_rfwWM64/results.csv,UU
mixed,Mixed faces / AA4,r21dev_vgg16_bn_aa_s42,face_transfer,124,single_uu,RFW WM64,Faces,0.36,,50,within_sampled_range,UU,123,95.83333333333334,runs/yin_single_noise_20260925/results/r21dev_vgg16_bn_aa_s42/faces_rfwWM64/faces_rfwWM64/results.csv,UU
mixed,Mixed faces / AA4,r21dev_vgg16_bn_aa_s42,face_transfer,124,single_uu,RFW WM64,Faces,0.36,,50,within_sampled_range,UU,124,100.0,runs/yin_single_noise_20260925/results/r21dev_vgg16_bn_aa_s42/faces_rfwWM64/faces_rfwWM64/results.csv,UU
mixed,Mixed faces / AA4,r21dev_vgg16_bn_aa_s42,face_transfer,124,single_uu,RFW WM64,Faces,0.36,,50,within_sampled_range,UU,125,100.0,runs/yin_single_noise_20260925/results/r21dev_vgg16_bn_aa_s42/faces_rfwWM64/faces_rfwWM64/results.csv,UU
mixed,Mixed faces / AA4,r21dev_vgg16_bn_aa_s42,face_transfer,124,single_uu,RFW WM64,Faces,0.36,,50,within_sampled_range,UU,126,95.83333333333334,runs/yin_single_noise_20260925/results/r21dev_vgg16_bn_aa_s42/faces_rfwWM64/faces_rfwWM64/results.csv,UU
mixed,Mixed faces / AA4,r21dev_vgg16_bn_aa_s42,face_transfer,124,single_uu,RFW WM64,Faces,0.36,,50,within_sampled_range,UU,127,100.0,runs/yin_single_noise_20260925/results/r21dev_vgg16_bn_aa_s42/faces_rfwWM64/faces_rfwWM64/results.csv,UU
mixed,Mixed faces / AA4,r21dev_vgg16_bn_aa_s42,face_transfer,124,single_uu,RFW WM64,Faces,0.36,,50,within_sampled_range,UU,128,95.83333333333334,runs/yin_single_noise_20260925/results/r21dev_vgg16_bn_aa_s42/faces_rfwWM64/faces_rfwWM64/results.csv,UU
mixed,Mixed faces / AA4,r21dev_vgg16_bn_aa_s42,face_transfer,124,single_uu,RFW WM64,Faces,0.36,,50,within_sampled_range,UU,129,91.66666666666666,runs/yin_single_noise_20260925/results/r21dev_vgg16_bn_aa_s42/faces_rfwWM64/faces_rfwWM64/results.csv,UU
mixed,Mixed faces / AA4,r21dev_vgg16_bn_aa_s42,face_transfer,124,single_uu,RFW WM64,Faces,0.36,,50,within_sampled_range,UU,130,100.0,runs/yin_single_noise_20260925/results/r21dev_vgg16_bn_aa_s42/faces_rfwWM64/faces_rfwWM64/results.csv,UU
mixed,Mixed faces / AA4,r21dev_vgg16_bn_aa_s42,face_transfer,124,single_uu,RFW WM64,Faces,0.36,,50,within_sampled_range,UU,131,95.83333333333334,runs/yin_single_noise_20260925/results/r21dev_vgg16_bn_aa_s42/faces_rfwWM64/faces_rfwWM64/results.csv,UU
mixed,Mixed faces / AA4,r21dev_vgg16_bn_aa_s42,face_transfer,124,single_uu,RFW WM64,Faces,0.36,,50,within_sampled_range,UU,132,91.66666666666666,runs/yin_single_noise_20260925/results/r21dev_vgg16_bn_aa_s42/faces_rfwWM64/faces_rfwWM64/results.csv,UU
mixed,Mixed faces / AA4,r21dev_vgg16_bn_aa_s42,face_transfer,124,single_uu,RFW WM64,Faces,0.36,,50,within_sampled_range,UU,133,91.66666666666666,runs/yin_single_noise_20260925/results/r21dev_vgg16_bn_aa_s42/faces_rfwWM64/faces_rfwWM64/results.csv,UU
mixed,Mixed faces / AA4,r21dev_vgg16_bn_aa_s42,face_transfer,124,single_uu,RFW WM64,Faces,0.36,,50,within_sampled_range,UU,134,95.83333333333334,runs/yin_single_noise_20260925/results/r21dev_vgg16_bn_aa_s42/faces_rfwWM64/faces_rfwWM64/results.csv,UU
mixed,Mixed faces / AA4,r21dev_vgg16_bn_aa_s42,face_transfer,124,single_uu,RFW WM64,Faces,0.36,,50,within_sampled_range,UU,135,91.66666666666666,runs/yin_single_noise_20260925/results/r21dev_vgg16_bn_aa_s42/faces_rfwWM64/faces_rfwWM64/results.csv,UU
mixed,Mixed faces / AA4,r21dev_vgg16_bn_aa_s42,face_transfer,124,single_uu,RFW WM64,Faces,0.36,,50,within_sampled_range,UU,136,91.66666666666666,runs/yin_single_noise_20260925/results/r21dev_vgg16_bn_aa_s42/faces_rfwWM64/faces_rfwWM64/results.csv,UU
mixed,Mixed faces / AA4,r21dev_vgg16_bn_aa_s42,face_transfer,124,single_uu,RFW WM64,Faces,0.36,,50,within_sampled_range,UU,137,95.83333333333334,runs/yin_single_noise_20260925/results/r21dev_vgg16_bn_aa_s42/faces_rfwWM64/faces_rfwWM64/results.csv,UU
mixed,Mixed faces / AA4,r21dev_vgg16_bn_aa_s42,face_transfer,124,single_uu,RFW WM64,Faces,0.36,,50,within_sampled_range,UU,138,91.66666666666666,runs/yin_single_noise_20260925/results/r21dev_vgg16_bn_aa_s42/faces_rfwWM64/faces_rfwWM64/results.csv,UU
mixed,Mixed faces / AA4,r21dev_vgg16_bn_aa_s42,face_transfer,124,single_uu,RFW WM64,Faces,0.36,,50,within_sampled_range,UU,139,95.83333333333334,runs/yin_single_noise_20260925/results/r21dev_vgg16_bn_aa_s42/faces_rfwWM64/faces_rfwWM64/results.csv,UU
mixed,Mixed faces / AA4,r21dev_vgg16_bn_aa_s42,face_transfer,124,single_uu,RFW WM64,Faces,0.36,,50,within_sampled_range,UU,140,87.5,runs/yin_single_noise_20260925/results/r21dev_vgg16_bn_aa_s42/faces_rfwWM64/faces_rfwWM64/results.csv,UU
mixed,Mixed faces / AA4,r21dev_vgg16_bn_aa_s42,face_transfer,124,single_uu,RFW WM64,Faces,0.36,,50,within_sampled_range,UU,141,100.0,runs/yin_single_noise_20260925/results/r21dev_vgg16_bn_aa_s42/faces_rfwWM64/faces_rfwWM64/results.csv,UU
mixed,Mixed faces / AA4,r21dev_vgg16_bn_aa_s42,face_transfer,124,single_uu,RFW WM64,Faces,0.36,,50,within_sampled_range,UU,142,91.66666666666666,runs/yin_single_noise_20260925/results/r21dev_vgg16_bn_aa_s42/faces_rfwWM64/faces_rfwWM64/results.csv,UU
mixed,Mixed faces / AA4,r21dev_vgg16_bn_aa_s42,face_transfer,124,single_uu,RFW WM64,Faces,0.36,,50,within_sampled_range,UU,143,100.0,runs/yin_single_noise_20260925/results/r21dev_vgg16_bn_aa_s42/faces_rfwWM64/faces_rfwWM64/results.csv,UU
mixed,Mixed faces / AA4,r21dev_vgg16_bn_aa_s42,face_transfer,124,single_uu,RFW WM64,Faces,0.36,,50,within_sampled_range,UU,144,95.83333333333334,runs/yin_single_noise_20260925/results/r21dev_vgg16_bn_aa_s42/faces_rfwWM64/faces_rfwWM64/results.csv,UU
mixed,Mixed faces / AA4,r21dev_vgg16_bn_aa_s42,face_transfer,124,single_uu,RFW WM64,Faces,0.36,,50,within_sampled_range,UU,145,95.83333333333334,runs/yin_single_noise_20260925/results/r21dev_vgg16_bn_aa_s42/faces_rfwWM64/faces_rfwWM64/results.csv,UU
mixed,Mixed faces / AA4,r21dev_vgg16_bn_aa_s42,face_transfer,124,single_uu,RFW WM64,Faces,0.36,,50,within_sampled_range,UU,146,87.5,runs/yin_single_noise_20260925/results/r21dev_vgg16_bn_aa_s42/faces_rfwWM64/faces_rfwWM64/results.csv,UU
mixed,Mixed faces / AA4,r21dev_vgg16_bn_aa_s42,face_transfer,124,single_uu,RFW WM64,Faces,0.36,,50,within_sampled_range,UU,147,91.66666666666666,runs/yin_single_noise_20260925/results/r21dev_vgg16_bn_aa_s42/faces_rfwWM64/faces_rfwWM64/results.csv,UU
mixed,Mixed faces / AA4,r21dev_vgg16_bn_aa_s42,face_transfer,124,single_uu,RFW WM64,Faces,0.36,,50,within_sampled_range,UU,148,95.83333333333334,runs/yin_single_noise_20260925/results/r21dev_vgg16_bn_aa_s42/faces_rfwWM64/faces_rfwWM64/results.csv,UU
mixed,Mixed faces / AA4,r21dev_vgg16_bn_aa_s42,face_transfer,124,single_uu,RFW WM64,Faces,0.36,,50,within_sampled_range,UU,149,95.83333333333334,runs/yin_single_noise_20260925/results/r21dev_vgg16_bn_aa_s42/faces_rfwWM64/faces_rfwWM64/results.csv,UU
mixed,Mixed faces / AA4,r21dev_vgg16_bn_aa_s42,face_transfer,124,single_uu,RFW WM64,Faces,0.36,,50,within_sampled_range,UU,150,100.0,runs/yin_single_noise_20260925/results/r21dev_vgg16_bn_aa_s42/faces_rfwWM64/faces_rfwWM64/results.csv,UU
mixed,Mixed faces / AA4,r21dev_vgg16_bn_aa_s42,face_transfer,124,single_uu,RFW WM64,Faces,0.36,,50,within_sampled_range,II,101,95.83333333333334,runs/yin_single_noise_20260925/results/r21dev_vgg16_bn_aa_s42/faces_rfwWM64/faces_rfwWM64/results.csv,II
mixed,Mixed faces / AA4,r21dev_vgg16_bn_aa_s42,face_transfer,124,single_uu,RFW WM64,Faces,0.36,,50,within_sampled_range,II,102,87.5,runs/yin_single_noise_20260925/results/r21dev_vgg16_bn_aa_s42/faces_rfwWM64/faces_rfwWM64/results.csv,II
mixed,Mixed faces / AA4,r21dev_vgg16_bn_aa_s42,face_transfer,124,single_uu,RFW WM64,Faces,0.36,,50,within_sampled_range,II,103,100.0,runs/yin_single_noise_20260925/results/r21dev_vgg16_bn_aa_s42/faces_rfwWM64/faces_rfwWM64/results.csv,II
mixed,Mixed faces / AA4,r21dev_vgg16_bn_aa_s42,face_transfer,124,single_uu,RFW WM64,Faces,0.36,,50,within_sampled_range,II,104,91.66666666666666,runs/yin_single_noise_20260925/results/r21dev_vgg16_bn_aa_s42/faces_rfwWM64/faces_rfwWM64/results.csv,II
mixed,Mixed faces / AA4,r21dev_vgg16_bn_aa_s42,face_transfer,124,single_uu,RFW WM64,Faces,0.36,,50,within_sampled_range,II,105,75.0,runs/yin_single_noise_20260925/results/r21dev_vgg16_bn_aa_s42/faces_rfwWM64/faces_rfwWM64/results.csv,II
mixed,Mixed faces / AA4,r21dev_vgg16_bn_aa_s42,face_transfer,124,single_uu,RFW WM64,Faces,0.36,,50,within_sampled_range,II,106,95.83333333333334,runs/yin_single_noise_20260925/results/r21dev_vgg16_bn_aa_s42/faces_rfwWM64/faces_rfwWM64/results.csv,II
mixed,Mixed faces / AA4,r21dev_vgg16_bn_aa_s42,face_transfer,124,single_uu,RFW WM64,Faces,0.36,,50,within_sampled_range,II,107,87.5,runs/yin_single_noise_20260925/results/r21dev_vgg16_bn_aa_s42/faces_rfwWM64/faces_rfwWM64/results.csv,II
mixed,Mixed faces / AA4,r21dev_vgg16_bn_aa_s42,face_transfer,124,single_uu,RFW WM64,Faces,0.36,,50,within_sampled_range,II,108,95.83333333333334,runs/yin_single_noise_20260925/results/r21dev_vgg16_bn_aa_s42/faces_rfwWM64/faces_rfwWM64/results.csv,II
mixed,Mixed faces / AA4,r21dev_vgg16_bn_aa_s42,face_transfer,124,single_uu,RFW WM64,Faces,0.36,,50,within_sampled_range,II,109,87.5,runs/yin_single_noise_20260925/results/r21dev_vgg16_bn_aa_s42/faces_rfwWM64/faces_rfwWM64/results.csv,II
mixed,Mixed faces / AA4,r21dev_vgg16_bn_aa_s42,face_transfer,124,single_uu,RFW WM64,Faces,0.36,,50,within_sampled_range,II,110,79.16666666666666,runs/yin_single_noise_20260925/results/r21dev_vgg16_bn_aa_s42/faces_rfwWM64/faces_rfwWM64/results.csv,II
mixed,Mixed faces / AA4,r21dev_vgg16_bn_aa_s42,face_transfer,124,single_uu,RFW WM64,Faces,0.36,,50,within_sampled_range,II,111,87.5,runs/yin_single_noise_20260925/results/r21dev_vgg16_bn_aa_s42/faces_rfwWM64/faces_rfwWM64/results.csv,II
mixed,Mixed faces / AA4,r21dev_vgg16_bn_aa_s42,face_transfer,124,single_uu,RFW WM64,Faces,0.36,,50,within_sampled_range,II,112,95.83333333333334,runs/yin_single_noise_20260925/results/r21dev_vgg16_bn_aa_s42/faces_rfwWM64/faces_rfwWM64/results.csv,II
mixed,Mixed faces / AA4,r21dev_vgg16_bn_aa_s42,face_transfer,124,single_uu,RFW WM64,Faces,0.36,,50,within_sampled_range,II,113,79.16666666666666,runs/yin_single_noise_20260925/results/r21dev_vgg16_bn_aa_s42/faces_rfwWM64/faces_rfwWM64/results.csv,II
mixed,Mixed faces / AA4,r21dev_vgg16_bn_aa_s42,face_transfer,124,single_uu,RFW WM64,Faces,0.36,,50,within_sampled_range,II,114,87.5,runs/yin_single_noise_20260925/results/r21dev_vgg16_bn_aa_s42/faces_rfwWM64/faces_rfwWM64/results.csv,II
mixed,Mixed faces / AA4,r21dev_vgg16_bn_aa_s42,face_transfer,124,single_uu,RFW WM64,Faces,0.36,,50,within_sampled_range,II,115,87.5,runs/yin_single_noise_20260925/results/r21dev_vgg16_bn_aa_s42/faces_rfwWM64/faces_rfwWM64/results.csv,II
mixed,Mixed faces / AA4,r21dev_vgg16_bn_aa_s42,face_transfer,124,single_uu,RFW WM64,Faces,0.36,,50,within_sampled_range,II,116,87.5,runs/yin_single_noise_20260925/results/r21dev_vgg16_bn_aa_s42/faces_rfwWM64/faces_rfwWM64/results.csv,II
mixed,Mixed faces / AA4,r21dev_vgg16_bn_aa_s42,face_transfer,124,single_uu,RFW WM64,Faces,0.36,,50,within_sampled_range,II,117,100.0,runs/yin_single_noise_20260925/results/r21dev_vgg16_bn_aa_s42/faces_rfwWM64/faces_rfwWM64/results.csv,II
mixed,Mixed faces / AA4,r21dev_vgg16_bn_aa_s42,face_transfer,124,single_uu,RFW WM64,Faces,0.36,,50,within_sampled_range,II,118,91.66666666666666,runs/yin_single_noise_20260925/results/r21dev_vgg16_bn_aa_s42/faces_rfwWM64/faces_rfwWM64/results.csv,II
mixed,Mixed faces / AA4,r21dev_vgg16_bn_aa_s42,face_transfer,124,single_uu,RFW WM64,Faces,0.36,,50,within_sampled_range,II,119,95.83333333333334,runs/yin_single_noise_20260925/results/r21dev_vgg16_bn_aa_s42/faces_rfwWM64/faces_rfwWM64/results.csv,II
mixed,Mixed faces / AA4,r21dev_vgg16_bn_aa_s42,face_transfer,124,single_uu,RFW WM64,Faces,0.36,,50,within_sampled_range,II,120,91.66666666666666,runs/yin_single_noise_20260925/results/r21dev_vgg16_bn_aa_s42/faces_rfwWM64/faces_rfwWM64/results.csv,II
mixed,Mixed faces / AA4,r21dev_vgg16_bn_aa_s42,face_transfer,124,single_uu,RFW WM64,Faces,0.36,,50,within_sampled_range,II,121,95.83333333333334,runs/yin_single_noise_20260925/results/r21dev_vgg16_bn_aa_s42/faces_rfwWM64/faces_rfwWM64/results.csv,II
mixed,Mixed faces / AA4,r21dev_vgg16_bn_aa_s42,face_transfer,124,single_uu,RFW WM64,Faces,0.36,,50,within_sampled_range,II,122,87.5,runs/yin_single_noise_20260925/results/r21dev_vgg16_bn_aa_s42/faces_rfwWM64/faces_rfwWM64/results.csv,II
mixed,Mixed faces / AA4,r21dev_vgg16_bn_aa_s42,face_transfer,124,single_uu,RFW WM64,Faces,0.36,,50,within_sampled_range,II,123,91.66666666666666,runs/yin_single_noise_20260925/results/r21dev_vgg16_bn_aa_s42/faces_rfwWM64/faces_rfwWM64/results.csv,II
mixed,Mixed faces / AA4,r21dev_vgg16_bn_aa_s42,face_transfer,124,single_uu,RFW WM64,Faces,0.36,,50,within_sampled_range,II,124,100.0,runs/yin_single_noise_20260925/results/r21dev_vgg16_bn_aa_s42/faces_rfwWM64/faces_rfwWM64/results.csv,II
mixed,Mixed faces / AA4,r21dev_vgg16_bn_aa_s42,face_transfer,124,single_uu,RFW WM64,Faces,0.36,,50,within_sampled_range,II,125,87.5,runs/yin_single_noise_20260925/results/r21dev_vgg16_bn_aa_s42/faces_rfwWM64/faces_rfwWM64/results.csv,II
mixed,Mixed faces / AA4,r21dev_vgg16_bn_aa_s42,face_transfer,124,single_uu,RFW WM64,Faces,0.36,,50,within_sampled_range,II,126,95.83333333333334,runs/yin_single_noise_20260925/results/r21dev_vgg16_bn_aa_s42/faces_rfwWM64/faces_rfwWM64/results.csv,II
mixed,Mixed faces / AA4,r21dev_vgg16_bn_aa_s42,face_transfer,124,single_uu,RFW WM64,Faces,0.36,,50,within_sampled_range,II,127,87.5,runs/yin_single_noise_20260925/results/r21dev_vgg16_bn_aa_s42/faces_rfwWM64/faces_rfwWM64/results.csv,II
mixed,Mixed faces / AA4,r21dev_vgg16_bn_aa_s42,face_transfer,124,single_uu,RFW WM64,Faces,0.36,,50,within_sampled_range,II,128,95.83333333333334,runs/yin_single_noise_20260925/results/r21dev_vgg16_bn_aa_s42/faces_rfwWM64/faces_rfwWM64/results.csv,II
mixed,Mixed faces / AA4,r21dev_vgg16_bn_aa_s42,face_transfer,124,single_uu,RFW WM64,Faces,0.36,,50,within_sampled_range,II,129,95.83333333333334,runs/yin_single_noise_20260925/results/r21dev_vgg16_bn_aa_s42/faces_rfwWM64/faces_rfwWM64/results.csv,II
mixed,Mixed faces / AA4,r21dev_vgg16_bn_aa_s42,face_transfer,124,single_uu,RFW WM64,Faces,0.36,,50,within_sampled_range,II,130,75.0,runs/yin_single_noise_20260925/results/r21dev_vgg16_bn_aa_s42/faces_rfwWM64/faces_rfwWM64/results.csv,II
mixed,Mixed faces / AA4,r21dev_vgg16_bn_aa_s42,face_transfer,124,single_uu,RFW WM64,Faces,0.36,,50,within_sampled_range,II,131,91.66666666666666,runs/yin_single_noise_20260925/results/r21dev_vgg16_bn_aa_s42/faces_rfwWM64/faces_rfwWM64/results.csv,II
mixed,Mixed faces / AA4,r21dev_vgg16_bn_aa_s42,face_transfer,124,single_uu,RFW WM64,Faces,0.36,,50,within_sampled_range,II,132,100.0,runs/yin_single_noise_20260925/results/r21dev_vgg16_bn_aa_s42/faces_rfwWM64/faces_rfwWM64/results.csv,II
mixed,Mixed faces / AA4,r21dev_vgg16_bn_aa_s42,face_transfer,124,single_uu,RFW WM64,Faces,0.36,,50,within_sampled_range,II,133,87.5,runs/yin_single_noise_20260925/results/r21dev_vgg16_bn_aa_s42/faces_rfwWM64/faces_rfwWM64/results.csv,II
mixed,Mixed faces / AA4,r21dev_vgg16_bn_aa_s42,face_transfer,124,single_uu,RFW WM64,Faces,0.36,,50,within_sampled_range,II,134,95.83333333333334,runs/yin_single_noise_20260925/results/r21dev_vgg16_bn_aa_s42/faces_rfwWM64/faces_rfwWM64/results.csv,II
mixed,Mixed faces / AA4,r21dev_vgg16_bn_aa_s42,face_transfer,124,single_uu,RFW WM64,Faces,0.36,,50,within_sampled_range,II,135,95.83333333333334,runs/yin_single_noise_20260925/results/r21dev_vgg16_bn_aa_s42/faces_rfwWM64/faces_rfwWM64/results.csv,II
mixed,Mixed faces / AA4,r21dev_vgg16_bn_aa_s42,face_transfer,124,single_uu,RFW WM64,Faces,0.36,,50,within_sampled_range,II,136,91.66666666666666,runs/yin_single_noise_20260925/results/r21dev_vgg16_bn_aa_s42/faces_rfwWM64/faces_rfwWM64/results.csv,II
mixed,Mixed faces / AA4,r21dev_vgg16_bn_aa_s42,face_transfer,124,single_uu,RFW WM64,Faces,0.36,,50,within_sampled_range,II,137,83.33333333333334,runs/yin_single_noise_20260925/results/r21dev_vgg16_bn_aa_s42/faces_rfwWM64/faces_rfwWM64/results.csv,II
mixed,Mixed faces / AA4,r21dev_vgg16_bn_aa_s42,face_transfer,124,single_uu,RFW WM64,Faces,0.36,,50,within_sampled_range,II,138,83.33333333333334,runs/yin_single_noise_20260925/results/r21dev_vgg16_bn_aa_s42/faces_rfwWM64/faces_rfwWM64/results.csv,II
mixed,Mixed faces / AA4,r21dev_vgg16_bn_aa_s42,face_transfer,124,single_uu,RFW WM64,Faces,0.36,,50,within_sampled_range,II,139,87.5,runs/yin_single_noise_20260925/results/r21dev_vgg16_bn_aa_s42/faces_rfwWM64/faces_rfwWM64/results.csv,II
mixed,Mixed faces / AA4,r21dev_vgg16_bn_aa_s42,face_transfer,124,single_uu,RFW WM64,Faces,0.36,,50,within_sampled_range,II,140,83.33333333333334,runs/yin_single_noise_20260925/results/r21dev_vgg16_bn_aa_s42/faces_rfwWM64/faces_rfwWM64/results.csv,II
mixed,Mixed faces / AA4,r21dev_vgg16_bn_aa_s42,face_transfer,124,single_uu,RFW WM64,Faces,0.36,,50,within_sampled_range,II,141,95.83333333333334,runs/yin_single_noise_20260925/results/r21dev_vgg16_bn_aa_s42/faces_rfwWM64/faces_rfwWM64/results.csv,II
mixed,Mixed faces / AA4,r21dev_vgg16_bn_aa_s42,face_transfer,124,single_uu,RFW WM64,Faces,0.36,,50,within_sampled_range,II,142,95.83333333333334,runs/yin_single_noise_20260925/results/r21dev_vgg16_bn_aa_s42/faces_rfwWM64/faces_rfwWM64/results.csv,II
mixed,Mixed faces / AA4,r21dev_vgg16_bn_aa_s42,face_transfer,124,single_uu,RFW WM64,Faces,0.36,,50,within_sampled_range,II,143,91.66666666666666,runs/yin_single_noise_20260925/results/r21dev_vgg16_bn_aa_s42/faces_rfwWM64/faces_rfwWM64/results.csv,II
mixed,Mixed faces / AA4,r21dev_vgg16_bn_aa_s42,face_transfer,124,single_uu,RFW WM64,Faces,0.36,,50,within_sampled_range,II,144,100.0,runs/yin_single_noise_20260925/results/r21dev_vgg16_bn_aa_s42/faces_rfwWM64/faces_rfwWM64/results.csv,II
mixed,Mixed faces / AA4,r21dev_vgg16_bn_aa_s42,face_transfer,124,single_uu,RFW WM64,Faces,0.36,,50,within_sampled_range,II,145,91.66666666666666,runs/yin_single_noise_20260925/results/r21dev_vgg16_bn_aa_s42/faces_rfwWM64/faces_rfwWM64/results.csv,II
mixed,Mixed faces / AA4,r21dev_vgg16_bn_aa_s42,face_transfer,124,single_uu,RFW WM64,Faces,0.36,,50,within_sampled_range,II,146,83.33333333333334,runs/yin_single_noise_20260925/results/r21dev_vgg16_bn_aa_s42/faces_rfwWM64/faces_rfwWM64/results.csv,II
mixed,Mixed faces / AA4,r21dev_vgg16_bn_aa_s42,face_transfer,124,single_uu,RFW WM64,Faces,0.36,,50,within_sampled_range,II,147,87.5,runs/yin_single_noise_20260925/results/r21dev_vgg16_bn_aa_s42/faces_rfwWM64/faces_rfwWM64/results.csv,II
mixed,Mixed faces / AA4,r21dev_vgg16_bn_aa_s42,face_transfer,124,single_uu,RFW WM64,Faces,0.36,,50,within_sampled_range,II,148,83.33333333333334,runs/yin_single_noise_20260925/results/r21dev_vgg16_bn_aa_s42/faces_rfwWM64/faces_rfwWM64/results.csv,II
mixed,Mixed faces / AA4,r21dev_vgg16_bn_aa_s42,face_transfer,124,single_uu,RFW WM64,Faces,0.36,,50,within_sampled_range,II,149,83.33333333333334,runs/yin_single_noise_20260925/results/r21dev_vgg16_bn_aa_s42/faces_rfwWM64/faces_rfwWM64/results.csv,II
mixed,Mixed faces / AA4,r21dev_vgg16_bn_aa_s42,face_transfer,124,single_uu,RFW WM64,Faces,0.36,,50,within_sampled_range,II,150,87.5,runs/yin_single_noise_20260925/results/r21dev_vgg16_bn_aa_s42/faces_rfwWM64/faces_rfwWM64/results.csv,II
mixed,Mixed faces / AA4,r21dev_vgg16_bn_aa_s42,face_transfer,124,single_uu,RFW WM64,Faces,0.36,,50,within_sampled_range,UI,101,95.83333333333334,runs/yin_single_noise_20260925/results/r21dev_vgg16_bn_aa_s42/faces_rfwWM64/faces_rfwWM64/results.csv,UI
mixed,Mixed faces / AA4,r21dev_vgg16_bn_aa_s42,face_transfer,124,single_uu,RFW WM64,Faces,0.36,,50,within_sampled_range,UI,102,91.66666666666666,runs/yin_single_noise_20260925/results/r21dev_vgg16_bn_aa_s42/faces_rfwWM64/faces_rfwWM64/results.csv,UI
mixed,Mixed faces / AA4,r21dev_vgg16_bn_aa_s42,face_transfer,124,single_uu,RFW WM64,Faces,0.36,,50,within_sampled_range,UI,103,87.5,runs/yin_single_noise_20260925/results/r21dev_vgg16_bn_aa_s42/faces_rfwWM64/faces_rfwWM64/results.csv,UI
mixed,Mixed faces / AA4,r21dev_vgg16_bn_aa_s42,face_transfer,124,single_uu,RFW WM64,Faces,0.36,,50,within_sampled_range,UI,104,75.0,runs/yin_single_noise_20260925/results/r21dev_vgg16_bn_aa_s42/faces_rfwWM64/faces_rfwWM64/results.csv,UI
mixed,Mixed faces / AA4,r21dev_vgg16_bn_aa_s42,face_transfer,124,single_uu,RFW WM64,Faces,0.36,,50,within_sampled_range,UI,105,62.5,runs/yin_single_noise_20260925/results/r21dev_vgg16_bn_aa_s42/faces_rfwWM64/faces_rfwWM64/results.csv,UI
mixed,Mixed faces / AA4,r21dev_vgg16_bn_aa_s42,face_transfer,124,single_uu,RFW WM64,Faces,0.36,,50,within_sampled_range,UI,106,91.66666666666666,runs/yin_single_noise_20260925/results/r21dev_vgg16_bn_aa_s42/faces_rfwWM64/faces_rfwWM64/results.csv,UI
mixed,Mixed faces / AA4,r21dev_vgg16_bn_aa_s42,face_transfer,124,single_uu,RFW WM64,Faces,0.36,,50,within_sampled_range,UI,107,83.33333333333334,runs/yin_single_noise_20260925/results/r21dev_vgg16_bn_aa_s42/faces_rfwWM64/faces_rfwWM64/results.csv,UI
mixed,Mixed faces / AA4,r21dev_vgg16_bn_aa_s42,face_transfer,124,single_uu,RFW WM64,Faces,0.36,,50,within_sampled_range,UI,108,83.33333333333334,runs/yin_single_noise_20260925/results/r21dev_vgg16_bn_aa_s42/faces_rfwWM64/faces_rfwWM64/results.csv,UI
mixed,Mixed faces / AA4,r21dev_vgg16_bn_aa_s42,face_transfer,124,single_uu,RFW WM64,Faces,0.36,,50,within_sampled_range,UI,109,91.66666666666666,runs/yin_single_noise_20260925/results/r21dev_vgg16_bn_aa_s42/faces_rfwWM64/faces_rfwWM64/results.csv,UI
mixed,Mixed faces / AA4,r21dev_vgg16_bn_aa_s42,face_transfer,124,single_uu,RFW WM64,Faces,0.36,,50,within_sampled_range,UI,110,83.33333333333334,runs/yin_single_noise_20260925/results/r21dev_vgg16_bn_aa_s42/faces_rfwWM64/faces_rfwWM64/results.csv,UI
mixed,Mixed faces / AA4,r21dev_vgg16_bn_aa_s42,face_transfer,124,single_uu,RFW WM64,Faces,0.36,,50,within_sampled_range,UI,111,87.5,runs/yin_single_noise_20260925/results/r21dev_vgg16_bn_aa_s42/faces_rfwWM64/faces_rfwWM64/results.csv,UI
mixed,Mixed faces / AA4,r21dev_vgg16_bn_aa_s42,face_transfer,124,single_uu,RFW WM64,Faces,0.36,,50,within_sampled_range,UI,112,79.16666666666666,runs/yin_single_noise_20260925/results/r21dev_vgg16_bn_aa_s42/faces_rfwWM64/faces_rfwWM64/results.csv,UI
mixed,Mixed faces / AA4,r21dev_vgg16_bn_aa_s42,face_transfer,124,single_uu,RFW WM64,Faces,0.36,,50,within_sampled_range,UI,113,87.5,runs/yin_single_noise_20260925/results/r21dev_vgg16_bn_aa_s42/faces_rfwWM64/faces_rfwWM64/results.csv,UI
mixed,Mixed faces / AA4,r21dev_vgg16_bn_aa_s42,face_transfer,124,single_uu,RFW WM64,Faces,0.36,,50,within_sampled_range,UI,114,83.33333333333334,runs/yin_single_noise_20260925/results/r21dev_vgg16_bn_aa_s42/faces_rfwWM64/faces_rfwWM64/results.csv,UI
mixed,Mixed faces / AA4,r21dev_vgg16_bn_aa_s42,face_transfer,124,single_uu,RFW WM64,Faces,0.36,,50,within_sampled_range,UI,115,95.83333333333334,runs/yin_single_noise_20260925/results/r21dev_vgg16_bn_aa_s42/faces_rfwWM64/faces_rfwWM64/results.csv,UI
mixed,Mixed faces / AA4,r21dev_vgg16_bn_aa_s42,face_transfer,124,single_uu,RFW WM64,Faces,0.36,,50,within_sampled_range,UI,116,87.5,runs/yin_single_noise_20260925/results/r21dev_vgg16_bn_aa_s42/faces_rfwWM64/faces_rfwWM64/results.csv,UI
mixed,Mixed faces / AA4,r21dev_vgg16_bn_aa_s42,face_transfer,124,single_uu,RFW WM64,Faces,0.36,,50,within_sampled_range,UI,117,91.66666666666666,runs/yin_single_noise_20260925/results/r21dev_vgg16_bn_aa_s42/faces_rfwWM64/faces_rfwWM64/results.csv,UI
mixed,Mixed faces / AA4,r21dev_vgg16_bn_aa_s42,face_transfer,124,single_uu,RFW WM64,Faces,0.36,,50,within_sampled_range,UI,118,83.33333333333334,runs/yin_single_noise_20260925/results/r21dev_vgg16_bn_aa_s42/faces_rfwWM64/faces_rfwWM64/results.csv,UI
mixed,Mixed faces / AA4,r21dev_vgg16_bn_aa_s42,face_transfer,124,single_uu,RFW WM64,Faces,0.36,,50,within_sampled_range,UI,119,95.83333333333334,runs/yin_single_noise_20260925/results/r21dev_vgg16_bn_aa_s42/faces_rfwWM64/faces_rfwWM64/results.csv,UI
mixed,Mixed faces / AA4,r21dev_vgg16_bn_aa_s42,face_transfer,124,single_uu,RFW WM64,Faces,0.36,,50,within_sampled_range,UI,120,91.66666666666666,runs/yin_single_noise_20260925/results/r21dev_vgg16_bn_aa_s42/faces_rfwWM64/faces_rfwWM64/results.csv,UI
mixed,Mixed faces / AA4,r21dev_vgg16_bn_aa_s42,face_transfer,124,single_uu,RFW WM64,Faces,0.36,,50,within_sampled_range,UI,121,83.33333333333334,runs/yin_single_noise_20260925/results/r21dev_vgg16_bn_aa_s42/faces_rfwWM64/faces_rfwWM64/results.csv,UI
mixed,Mixed faces / AA4,r21dev_vgg16_bn_aa_s42,face_transfer,124,single_uu,RFW WM64,Faces,0.36,,50,within_sampled_range,UI,122,87.5,runs/yin_single_noise_20260925/results/r21dev_vgg16_bn_aa_s42/faces_rfwWM64/faces_rfwWM64/results.csv,UI
mixed,Mixed faces / AA4,r21dev_vgg16_bn_aa_s42,face_transfer,124,single_uu,RFW WM64,Faces,0.36,,50,within_sampled_range,UI,123,95.83333333333334,runs/yin_single_noise_20260925/results/r21dev_vgg16_bn_aa_s42/faces_rfwWM64/faces_rfwWM64/results.csv,UI
mixed,Mixed faces / AA4,r21dev_vgg16_bn_aa_s42,face_transfer,124,single_uu,RFW WM64,Faces,0.36,,50,within_sampled_range,UI,124,87.5,runs/yin_single_noise_20260925/results/r21dev_vgg16_bn_aa_s42/faces_rfwWM64/faces_rfwWM64/results.csv,UI
mixed,Mixed faces / AA4,r21dev_vgg16_bn_aa_s42,face_transfer,124,single_uu,RFW WM64,Faces,0.36,,50,within_sampled_range,UI,125,83.33333333333334,runs/yin_single_noise_20260925/results/r21dev_vgg16_bn_aa_s42/faces_rfwWM64/faces_rfwWM64/results.csv,UI
mixed,Mixed faces / AA4,r21dev_vgg16_bn_aa_s42,face_transfer,124,single_uu,RFW WM64,Faces,0.36,,50,within_sampled_range,UI,126,95.83333333333334,runs/yin_single_noise_20260925/results/r21dev_vgg16_bn_aa_s42/faces_rfwWM64/faces_rfwWM64/results.csv,UI
mixed,Mixed faces / AA4,r21dev_vgg16_bn_aa_s42,face_transfer,124,single_uu,RFW WM64,Faces,0.36,,50,within_sampled_range,UI,127,83.33333333333334,runs/yin_single_noise_20260925/results/r21dev_vgg16_bn_aa_s42/faces_rfwWM64/faces_rfwWM64/results.csv,UI
mixed,Mixed faces / AA4,r21dev_vgg16_bn_aa_s42,face_transfer,124,single_uu,RFW WM64,Faces,0.36,,50,within_sampled_range,UI,128,95.83333333333334,runs/yin_single_noise_20260925/results/r21dev_vgg16_bn_aa_s42/faces_rfwWM64/faces_rfwWM64/results.csv,UI
mixed,Mixed faces / AA4,r21dev_vgg16_bn_aa_s42,face_transfer,124,single_uu,RFW WM64,Faces,0.36,,50,within_sampled_range,UI,129,95.83333333333334,runs/yin_single_noise_20260925/results/r21dev_vgg16_bn_aa_s42/faces_rfwWM64/faces_rfwWM64/results.csv,UI
mixed,Mixed faces / AA4,r21dev_vgg16_bn_aa_s42,face_transfer,124,single_uu,RFW WM64,Faces,0.36,,50,within_sampled_range,UI,130,87.5,runs/yin_single_noise_20260925/results/r21dev_vgg16_bn_aa_s42/faces_rfwWM64/faces_rfwWM64/results.csv,UI
mixed,Mixed faces / AA4,r21dev_vgg16_bn_aa_s42,face_transfer,124,single_uu,RFW WM64,Faces,0.36,,50,within_sampled_range,UI,131,91.66666666666666,runs/yin_single_noise_20260925/results/r21dev_vgg16_bn_aa_s42/faces_rfwWM64/faces_rfwWM64/results.csv,UI
mixed,Mixed faces / AA4,r21dev_vgg16_bn_aa_s42,face_transfer,124,single_uu,RFW WM64,Faces,0.36,,50,within_sampled_range,UI,132,91.66666666666666,runs/yin_single_noise_20260925/results/r21dev_vgg16_bn_aa_s42/faces_rfwWM64/faces_rfwWM64/results.csv,UI
mixed,Mixed faces / AA4,r21dev_vgg16_bn_aa_s42,face_transfer,124,single_uu,RFW WM64,Faces,0.36,,50,within_sampled_range,UI,133,83.33333333333334,runs/yin_single_noise_20260925/results/r21dev_vgg16_bn_aa_s42/faces_rfwWM64/faces_rfwWM64/results.csv,UI
mixed,Mixed faces / AA4,r21dev_vgg16_bn_aa_s42,face_transfer,124,single_uu,RFW WM64,Faces,0.36,,50,within_sampled_range,UI,134,95.83333333333334,runs/yin_single_noise_20260925/results/r21dev_vgg16_bn_aa_s42/faces_rfwWM64/faces_rfwWM64/results.csv,UI
mixed,Mixed faces / AA4,r21dev_vgg16_bn_aa_s42,face_transfer,124,single_uu,RFW WM64,Faces,0.36,,50,within_sampled_range,UI,135,79.16666666666666,runs/yin_single_noise_20260925/results/r21dev_vgg16_bn_aa_s42/faces_rfwWM64/faces_rfwWM64/results.csv,UI
mixed,Mixed faces / AA4,r21dev_vgg16_bn_aa_s42,face_transfer,124,single_uu,RFW WM64,Faces,0.36,,50,within_sampled_range,UI,136,91.66666666666666,runs/yin_single_noise_20260925/results/r21dev_vgg16_bn_aa_s42/faces_rfwWM64/faces_rfwWM64/results.csv,UI
mixed,Mixed faces / AA4,r21dev_vgg16_bn_aa_s42,face_transfer,124,single_uu,RFW WM64,Faces,0.36,,50,within_sampled_range,UI,137,83.33333333333334,runs/yin_single_noise_20260925/results/r21dev_vgg16_bn_aa_s42/faces_rfwWM64/faces_rfwWM64/results.csv,UI
mixed,Mixed faces / AA4,r21dev_vgg16_bn_aa_s42,face_transfer,124,single_uu,RFW WM64,Faces,0.36,,50,within_sampled_range,UI,138,91.66666666666666,runs/yin_single_noise_20260925/results/r21dev_vgg16_bn_aa_s42/faces_rfwWM64/faces_rfwWM64/results.csv,UI
mixed,Mixed faces / AA4,r21dev_vgg16_bn_aa_s42,face_transfer,124,single_uu,RFW WM64,Faces,0.36,,50,within_sampled_range,UI,139,87.5,runs/yin_single_noise_20260925/results/r21dev_vgg16_bn_aa_s42/faces_rfwWM64/faces_rfwWM64/results.csv,UI
mixed,Mixed faces / AA4,r21dev_vgg16_bn_aa_s42,face_transfer,124,single_uu,RFW WM64,Faces,0.36,,50,within_sampled_range,UI,140,83.33333333333334,runs/yin_single_noise_20260925/results/r21dev_vgg16_bn_aa_s42/faces_rfwWM64/faces_rfwWM64/results.csv,UI
mixed,Mixed faces / AA4,r21dev_vgg16_bn_aa_s42,face_transfer,124,single_uu,RFW WM64,Faces,0.36,,50,within_sampled_range,UI,141,91.66666666666666,runs/yin_single_noise_20260925/results/r21dev_vgg16_bn_aa_s42/faces_rfwWM64/faces_rfwWM64/results.csv,UI
mixed,Mixed faces / AA4,r21dev_vgg16_bn_aa_s42,face_transfer,124,single_uu,RFW WM64,Faces,0.36,,50,within_sampled_range,UI,142,91.66666666666666,runs/yin_single_noise_20260925/results/r21dev_vgg16_bn_aa_s42/faces_rfwWM64/faces_rfwWM64/results.csv,UI
mixed,Mixed faces / AA4,r21dev_vgg16_bn_aa_s42,face_transfer,124,single_uu,RFW WM64,Faces,0.36,,50,within_sampled_range,UI,143,91.66666666666666,runs/yin_single_noise_20260925/results/r21dev_vgg16_bn_aa_s42/faces_rfwWM64/faces_rfwWM64/results.csv,UI
mixed,Mixed faces / AA4,r21dev_vgg16_bn_aa_s42,face_transfer,124,single_uu,RFW WM64,Faces,0.36,,50,within_sampled_range,UI,144,79.16666666666666,runs/yin_single_noise_20260925/results/r21dev_vgg16_bn_aa_s42/faces_rfwWM64/faces_rfwWM64/results.csv,UI
mixed,Mixed faces / AA4,r21dev_vgg16_bn_aa_s42,face_transfer,124,single_uu,RFW WM64,Faces,0.36,,50,within_sampled_range,UI,145,87.5,runs/yin_single_noise_20260925/results/r21dev_vgg16_bn_aa_s42/faces_rfwWM64/faces_rfwWM64/results.csv,UI
mixed,Mixed faces / AA4,r21dev_vgg16_bn_aa_s42,face_transfer,124,single_uu,RFW WM64,Faces,0.36,,50,within_sampled_range,UI,146,83.33333333333334,runs/yin_single_noise_20260925/results/r21dev_vgg16_bn_aa_s42/faces_rfwWM64/faces_rfwWM64/results.csv,UI
mixed,Mixed faces / AA4,r21dev_vgg16_bn_aa_s42,face_transfer,124,single_uu,RFW WM64,Faces,0.36,,50,within_sampled_range,UI,147,95.83333333333334,runs/yin_single_noise_20260925/results/r21dev_vgg16_bn_aa_s42/faces_rfwWM64/faces_rfwWM64/results.csv,UI
mixed,Mixed faces / AA4,r21dev_vgg16_bn_aa_s42,face_transfer,124,single_uu,RFW WM64,Faces,0.36,,50,within_sampled_range,UI,148,87.5,runs/yin_single_noise_20260925/results/r21dev_vgg16_bn_aa_s42/faces_rfwWM64/faces_rfwWM64/results.csv,UI
mixed,Mixed faces / AA4,r21dev_vgg16_bn_aa_s42,face_transfer,124,single_uu,RFW WM64,Faces,0.36,,50,within_sampled_range,UI,149,83.33333333333334,runs/yin_single_noise_20260925/results/r21dev_vgg16_bn_aa_s42/faces_rfwWM64/faces_rfwWM64/results.csv,UI
mixed,Mixed faces / AA4,r21dev_vgg16_bn_aa_s42,face_transfer,124,single_uu,RFW WM64,Faces,0.36,,50,within_sampled_range,UI,150,87.5,runs/yin_single_noise_20260925/results/r21dev_vgg16_bn_aa_s42/faces_rfwWM64/faces_rfwWM64/results.csv,UI
mixed,Mixed faces / AA4,r21dev_vgg16_bn_aa_s42,face_transfer,124,single_uu,RFW WM64,Faces,0.36,,50,within_sampled_range,IU,101,95.83333333333334,runs/yin_single_noise_20260925/results/r21dev_vgg16_bn_aa_s42/faces_rfwWM64/faces_rfwWM64/results.csv,IU
mixed,Mixed faces / AA4,r21dev_vgg16_bn_aa_s42,face_transfer,124,single_uu,RFW WM64,Faces,0.36,,50,within_sampled_range,IU,102,91.66666666666666,runs/yin_single_noise_20260925/results/r21dev_vgg16_bn_aa_s42/faces_rfwWM64/faces_rfwWM64/results.csv,IU
mixed,Mixed faces / AA4,r21dev_vgg16_bn_aa_s42,face_transfer,124,single_uu,RFW WM64,Faces,0.36,,50,within_sampled_range,IU,103,95.83333333333334,runs/yin_single_noise_20260925/results/r21dev_vgg16_bn_aa_s42/faces_rfwWM64/faces_rfwWM64/results.csv,IU
mixed,Mixed faces / AA4,r21dev_vgg16_bn_aa_s42,face_transfer,124,single_uu,RFW WM64,Faces,0.36,,50,within_sampled_range,IU,104,83.33333333333334,runs/yin_single_noise_20260925/results/r21dev_vgg16_bn_aa_s42/faces_rfwWM64/faces_rfwWM64/results.csv,IU
mixed,Mixed faces / AA4,r21dev_vgg16_bn_aa_s42,face_transfer,124,single_uu,RFW WM64,Faces,0.36,,50,within_sampled_range,IU,105,83.33333333333334,runs/yin_single_noise_20260925/results/r21dev_vgg16_bn_aa_s42/faces_rfwWM64/faces_rfwWM64/results.csv,IU
mixed,Mixed faces / AA4,r21dev_vgg16_bn_aa_s42,face_transfer,124,single_uu,RFW WM64,Faces,0.36,,50,within_sampled_range,IU,106,91.66666666666666,runs/yin_single_noise_20260925/results/r21dev_vgg16_bn_aa_s42/faces_rfwWM64/faces_rfwWM64/results.csv,IU
mixed,Mixed faces / AA4,r21dev_vgg16_bn_aa_s42,face_transfer,124,single_uu,RFW WM64,Faces,0.36,,50,within_sampled_range,IU,107,83.33333333333334,runs/yin_single_noise_20260925/results/r21dev_vgg16_bn_aa_s42/faces_rfwWM64/faces_rfwWM64/results.csv,IU
mixed,Mixed faces / AA4,r21dev_vgg16_bn_aa_s42,face_transfer,124,single_uu,RFW WM64,Faces,0.36,,50,within_sampled_range,IU,108,91.66666666666666,runs/yin_single_noise_20260925/results/r21dev_vgg16_bn_aa_s42/faces_rfwWM64/faces_rfwWM64/results.csv,IU
mixed,Mixed faces / AA4,r21dev_vgg16_bn_aa_s42,face_transfer,124,single_uu,RFW WM64,Faces,0.36,,50,within_sampled_range,IU,109,91.66666666666666,runs/yin_single_noise_20260925/results/r21dev_vgg16_bn_aa_s42/faces_rfwWM64/faces_rfwWM64/results.csv,IU
mixed,Mixed faces / AA4,r21dev_vgg16_bn_aa_s42,face_transfer,124,single_uu,RFW WM64,Faces,0.36,,50,within_sampled_range,IU,110,87.5,runs/yin_single_noise_20260925/results/r21dev_vgg16_bn_aa_s42/faces_rfwWM64/faces_rfwWM64/results.csv,IU
mixed,Mixed faces / AA4,r21dev_vgg16_bn_aa_s42,face_transfer,124,single_uu,RFW WM64,Faces,0.36,,50,within_sampled_range,IU,111,87.5,runs/yin_single_noise_20260925/results/r21dev_vgg16_bn_aa_s42/faces_rfwWM64/faces_rfwWM64/results.csv,IU
mixed,Mixed faces / AA4,r21dev_vgg16_bn_aa_s42,face_transfer,124,single_uu,RFW WM64,Faces,0.36,,50,within_sampled_range,IU,112,83.33333333333334,runs/yin_single_noise_20260925/results/r21dev_vgg16_bn_aa_s42/faces_rfwWM64/faces_rfwWM64/results.csv,IU
mixed,Mixed faces / AA4,r21dev_vgg16_bn_aa_s42,face_transfer,124,single_uu,RFW WM64,Faces,0.36,,50,within_sampled_range,IU,113,75.0,runs/yin_single_noise_20260925/results/r21dev_vgg16_bn_aa_s42/faces_rfwWM64/faces_rfwWM64/results.csv,IU
mixed,Mixed faces / AA4,r21dev_vgg16_bn_aa_s42,face_transfer,124,single_uu,RFW WM64,Faces,0.36,,50,within_sampled_range,IU,114,79.16666666666666,runs/yin_single_noise_20260925/results/r21dev_vgg16_bn_aa_s42/faces_rfwWM64/faces_rfwWM64/results.csv,IU
mixed,Mixed faces / AA4,r21dev_vgg16_bn_aa_s42,face_transfer,124,single_uu,RFW WM64,Faces,0.36,,50,within_sampled_range,IU,115,87.5,runs/yin_single_noise_20260925/results/r21dev_vgg16_bn_aa_s42/faces_rfwWM64/faces_rfwWM64/results.csv,IU
mixed,Mixed faces / AA4,r21dev_vgg16_bn_aa_s42,face_transfer,124,single_uu,RFW WM64,Faces,0.36,,50,within_sampled_range,IU,116,83.33333333333334,runs/yin_single_noise_20260925/results/r21dev_vgg16_bn_aa_s42/faces_rfwWM64/faces_rfwWM64/results.csv,IU
mixed,Mixed faces / AA4,r21dev_vgg16_bn_aa_s42,face_transfer,124,single_uu,RFW WM64,Faces,0.36,,50,within_sampled_range,IU,117,83.33333333333334,runs/yin_single_noise_20260925/results/r21dev_vgg16_bn_aa_s42/faces_rfwWM64/faces_rfwWM64/results.csv,IU
mixed,Mixed faces / AA4,r21dev_vgg16_bn_aa_s42,face_transfer,124,single_uu,RFW WM64,Faces,0.36,,50,within_sampled_range,IU,118,83.33333333333334,runs/yin_single_noise_20260925/results/r21dev_vgg16_bn_aa_s42/faces_rfwWM64/faces_rfwWM64/results.csv,IU
mixed,Mixed faces / AA4,r21dev_vgg16_bn_aa_s42,face_transfer,124,single_uu,RFW WM64,Faces,0.36,,50,within_sampled_range,IU,119,91.66666666666666,runs/yin_single_noise_20260925/results/r21dev_vgg16_bn_aa_s42/faces_rfwWM64/faces_rfwWM64/results.csv,IU
mixed,Mixed faces / AA4,r21dev_vgg16_bn_aa_s42,face_transfer,124,single_uu,RFW WM64,Faces,0.36,,50,within_sampled_range,IU,120,83.33333333333334,runs/yin_single_noise_20260925/results/r21dev_vgg16_bn_aa_s42/faces_rfwWM64/faces_rfwWM64/results.csv,IU
mixed,Mixed faces / AA4,r21dev_vgg16_bn_aa_s42,face_transfer,124,single_uu,RFW WM64,Faces,0.36,,50,within_sampled_range,IU,121,95.83333333333334,runs/yin_single_noise_20260925/results/r21dev_vgg16_bn_aa_s42/faces_rfwWM64/faces_rfwWM64/results.csv,IU
mixed,Mixed faces / AA4,r21dev_vgg16_bn_aa_s42,face_transfer,124,single_uu,RFW WM64,Faces,0.36,,50,within_sampled_range,IU,122,87.5,runs/yin_single_noise_20260925/results/r21dev_vgg16_bn_aa_s42/faces_rfwWM64/faces_rfwWM64/results.csv,IU
mixed,Mixed faces / AA4,r21dev_vgg16_bn_aa_s42,face_transfer,124,single_uu,RFW WM64,Faces,0.36,,50,within_sampled_range,IU,123,87.5,runs/yin_single_noise_20260925/results/r21dev_vgg16_bn_aa_s42/faces_rfwWM64/faces_rfwWM64/results.csv,IU
mixed,Mixed faces / AA4,r21dev_vgg16_bn_aa_s42,face_transfer,124,single_uu,RFW WM64,Faces,0.36,,50,within_sampled_range,IU,124,95.83333333333334,runs/yin_single_noise_20260925/results/r21dev_vgg16_bn_aa_s42/faces_rfwWM64/faces_rfwWM64/results.csv,IU
mixed,Mixed faces / AA4,r21dev_vgg16_bn_aa_s42,face_transfer,124,single_uu,RFW WM64,Faces,0.36,,50,within_sampled_range,IU,125,75.0,runs/yin_single_noise_20260925/results/r21dev_vgg16_bn_aa_s42/faces_rfwWM64/faces_rfwWM64/results.csv,IU
mixed,Mixed faces / AA4,r21dev_vgg16_bn_aa_s42,face_transfer,124,single_uu,RFW WM64,Faces,0.36,,50,within_sampled_range,IU,126,91.66666666666666,runs/yin_single_noise_20260925/results/r21dev_vgg16_bn_aa_s42/faces_rfwWM64/faces_rfwWM64/results.csv,IU
mixed,Mixed faces / AA4,r21dev_vgg16_bn_aa_s42,face_transfer,124,single_uu,RFW WM64,Faces,0.36,,50,within_sampled_range,IU,127,79.16666666666666,runs/yin_single_noise_20260925/results/r21dev_vgg16_bn_aa_s42/faces_rfwWM64/faces_rfwWM64/results.csv,IU
mixed,Mixed faces / AA4,r21dev_vgg16_bn_aa_s42,face_transfer,124,single_uu,RFW WM64,Faces,0.36,,50,within_sampled_range,IU,128,87.5,runs/yin_single_noise_20260925/results/r21dev_vgg16_bn_aa_s42/faces_rfwWM64/faces_rfwWM64/results.csv,IU
mixed,Mixed faces / AA4,r21dev_vgg16_bn_aa_s42,face_transfer,124,single_uu,RFW WM64,Faces,0.36,,50,within_sampled_range,IU,129,87.5,runs/yin_single_noise_20260925/results/r21dev_vgg16_bn_aa_s42/faces_rfwWM64/faces_rfwWM64/results.csv,IU
mixed,Mixed faces / AA4,r21dev_vgg16_bn_aa_s42,face_transfer,124,single_uu,RFW WM64,Faces,0.36,,50,within_sampled_range,IU,130,83.33333333333334,runs/yin_single_noise_20260925/results/r21dev_vgg16_bn_aa_s42/faces_rfwWM64/faces_rfwWM64/results.csv,IU
mixed,Mixed faces / AA4,r21dev_vgg16_bn_aa_s42,face_transfer,124,single_uu,RFW WM64,Faces,0.36,,50,within_sampled_range,IU,131,79.16666666666666,runs/yin_single_noise_20260925/results/r21dev_vgg16_bn_aa_s42/faces_rfwWM64/faces_rfwWM64/results.csv,IU
mixed,Mixed faces / AA4,r21dev_vgg16_bn_aa_s42,face_transfer,124,single_uu,RFW WM64,Faces,0.36,,50,within_sampled_range,IU,132,95.83333333333334,runs/yin_single_noise_20260925/results/r21dev_vgg16_bn_aa_s42/faces_rfwWM64/faces_rfwWM64/results.csv,IU
mixed,Mixed faces / AA4,r21dev_vgg16_bn_aa_s42,face_transfer,124,single_uu,RFW WM64,Faces,0.36,,50,within_sampled_range,IU,133,87.5,runs/yin_single_noise_20260925/results/r21dev_vgg16_bn_aa_s42/faces_rfwWM64/faces_rfwWM64/results.csv,IU
mixed,Mixed faces / AA4,r21dev_vgg16_bn_aa_s42,face_transfer,124,single_uu,RFW WM64,Faces,0.36,,50,within_sampled_range,IU,134,95.83333333333334,runs/yin_single_noise_20260925/results/r21dev_vgg16_bn_aa_s42/faces_rfwWM64/faces_rfwWM64/results.csv,IU
mixed,Mixed faces / AA4,r21dev_vgg16_bn_aa_s42,face_transfer,124,single_uu,RFW WM64,Faces,0.36,,50,within_sampled_range,IU,135,91.66666666666666,runs/yin_single_noise_20260925/results/r21dev_vgg16_bn_aa_s42/faces_rfwWM64/faces_rfwWM64/results.csv,IU
mixed,Mixed faces / AA4,r21dev_vgg16_bn_aa_s42,face_transfer,124,single_uu,RFW WM64,Faces,0.36,,50,within_sampled_range,IU,136,83.33333333333334,runs/yin_single_noise_20260925/results/r21dev_vgg16_bn_aa_s42/faces_rfwWM64/faces_rfwWM64/results.csv,IU
mixed,Mixed faces / AA4,r21dev_vgg16_bn_aa_s42,face_transfer,124,single_uu,RFW WM64,Faces,0.36,,50,within_sampled_range,IU,137,91.66666666666666,runs/yin_single_noise_20260925/results/r21dev_vgg16_bn_aa_s42/faces_rfwWM64/faces_rfwWM64/results.csv,IU
mixed,Mixed faces / AA4,r21dev_vgg16_bn_aa_s42,face_transfer,124,single_uu,RFW WM64,Faces,0.36,,50,within_sampled_range,IU,138,79.16666666666666,runs/yin_single_noise_20260925/results/r21dev_vgg16_bn_aa_s42/faces_rfwWM64/faces_rfwWM64/results.csv,IU
mixed,Mixed faces / AA4,r21dev_vgg16_bn_aa_s42,face_transfer,124,single_uu,RFW WM64,Faces,0.36,,50,within_sampled_range,IU,139,87.5,runs/yin_single_noise_20260925/results/r21dev_vgg16_bn_aa_s42/faces_rfwWM64/faces_rfwWM64/results.csv,IU
mixed,Mixed faces / AA4,r21dev_vgg16_bn_aa_s42,face_transfer,124,single_uu,RFW WM64,Faces,0.36,,50,within_sampled_range,IU,140,79.16666666666666,runs/yin_single_noise_20260925/results/r21dev_vgg16_bn_aa_s42/faces_rfwWM64/faces_rfwWM64/results.csv,IU
mixed,Mixed faces / AA4,r21dev_vgg16_bn_aa_s42,face_transfer,124,single_uu,RFW WM64,Faces,0.36,,50,within_sampled_range,IU,141,87.5,runs/yin_single_noise_20260925/results/r21dev_vgg16_bn_aa_s42/faces_rfwWM64/faces_rfwWM64/results.csv,IU
mixed,Mixed faces / AA4,r21dev_vgg16_bn_aa_s42,face_transfer,124,single_uu,RFW WM64,Faces,0.36,,50,within_sampled_range,IU,142,95.83333333333334,runs/yin_single_noise_20260925/results/r21dev_vgg16_bn_aa_s42/faces_rfwWM64/faces_rfwWM64/results.csv,IU
mixed,Mixed faces / AA4,r21dev_vgg16_bn_aa_s42,face_transfer,124,single_uu,RFW WM64,Faces,0.36,,50,within_sampled_range,IU,143,91.66666666666666,runs/yin_single_noise_20260925/results/r21dev_vgg16_bn_aa_s42/faces_rfwWM64/faces_rfwWM64/results.csv,IU
mixed,Mixed faces / AA4,r21dev_vgg16_bn_aa_s42,face_transfer,124,single_uu,RFW WM64,Faces,0.36,,50,within_sampled_range,IU,144,100.0,runs/yin_single_noise_20260925/results/r21dev_vgg16_bn_aa_s42/faces_rfwWM64/faces_rfwWM64/results.csv,IU
mixed,Mixed faces / AA4,r21dev_vgg16_bn_aa_s42,face_transfer,124,single_uu,RFW WM64,Faces,0.36,,50,within_sampled_range,IU,145,83.33333333333334,runs/yin_single_noise_20260925/results/r21dev_vgg16_bn_aa_s42/faces_rfwWM64/faces_rfwWM64/results.csv,IU
mixed,Mixed faces / AA4,r21dev_vgg16_bn_aa_s42,face_transfer,124,single_uu,RFW WM64,Faces,0.36,,50,within_sampled_range,IU,146,87.5,runs/yin_single_noise_20260925/results/r21dev_vgg16_bn_aa_s42/faces_rfwWM64/faces_rfwWM64/results.csv,IU
mixed,Mixed faces / AA4,r21dev_vgg16_bn_aa_s42,face_transfer,124,single_uu,RFW WM64,Faces,0.36,,50,within_sampled_range,IU,147,95.83333333333334,runs/yin_single_noise_20260925/results/r21dev_vgg16_bn_aa_s42/faces_rfwWM64/faces_rfwWM64/results.csv,IU
mixed,Mixed faces / AA4,r21dev_vgg16_bn_aa_s42,face_transfer,124,single_uu,RFW WM64,Faces,0.36,,50,within_sampled_range,IU,148,83.33333333333334,runs/yin_single_noise_20260925/results/r21dev_vgg16_bn_aa_s42/faces_rfwWM64/faces_rfwWM64/results.csv,IU
mixed,Mixed faces / AA4,r21dev_vgg16_bn_aa_s42,face_transfer,124,single_uu,RFW WM64,Faces,0.36,,50,within_sampled_range,IU,149,75.0,runs/yin_single_noise_20260925/results/r21dev_vgg16_bn_aa_s42/faces_rfwWM64/faces_rfwWM64/results.csv,IU
mixed,Mixed faces / AA4,r21dev_vgg16_bn_aa_s42,face_transfer,124,single_uu,RFW WM64,Faces,0.36,,50,within_sampled_range,IU,150,91.66666666666666,runs/yin_single_noise_20260925/results/r21dev_vgg16_bn_aa_s42/faces_rfwWM64/faces_rfwWM64/results.csv,IU
mixed,Mixed faces / AA4,r21dev_vgg16_bn_aa_s42,face_transfer,124,two_cross,RFW WM64,Faces,0.36,0.38,50,within_sampled_range,UU,101,95.83333333333334,runs/yin_noise_matrix_20260926/results/r21dev_vgg16_bn_aa_s42/faces_rfwWM64/faces_rfwWM64/results.csv,UU
mixed,Mixed faces / AA4,r21dev_vgg16_bn_aa_s42,face_transfer,124,two_cross,RFW WM64,Faces,0.36,0.38,50,within_sampled_range,UU,102,100.0,runs/yin_noise_matrix_20260926/results/r21dev_vgg16_bn_aa_s42/faces_rfwWM64/faces_rfwWM64/results.csv,UU
mixed,Mixed faces / AA4,r21dev_vgg16_bn_aa_s42,face_transfer,124,two_cross,RFW WM64,Faces,0.36,0.38,50,within_sampled_range,UU,103,95.83333333333334,runs/yin_noise_matrix_20260926/results/r21dev_vgg16_bn_aa_s42/faces_rfwWM64/faces_rfwWM64/results.csv,UU
mixed,Mixed faces / AA4,r21dev_vgg16_bn_aa_s42,face_transfer,124,two_cross,RFW WM64,Faces,0.36,0.38,50,within_sampled_range,UU,104,91.66666666666666,runs/yin_noise_matrix_20260926/results/r21dev_vgg16_bn_aa_s42/faces_rfwWM64/faces_rfwWM64/results.csv,UU
mixed,Mixed faces / AA4,r21dev_vgg16_bn_aa_s42,face_transfer,124,two_cross,RFW WM64,Faces,0.36,0.38,50,within_sampled_range,UU,105,87.5,runs/yin_noise_matrix_20260926/results/r21dev_vgg16_bn_aa_s42/faces_rfwWM64/faces_rfwWM64/results.csv,UU
mixed,Mixed faces / AA4,r21dev_vgg16_bn_aa_s42,face_transfer,124,two_cross,RFW WM64,Faces,0.36,0.38,50,within_sampled_range,UU,106,100.0,runs/yin_noise_matrix_20260926/results/r21dev_vgg16_bn_aa_s42/faces_rfwWM64/faces_rfwWM64/results.csv,UU
mixed,Mixed faces / AA4,r21dev_vgg16_bn_aa_s42,face_transfer,124,two_cross,RFW WM64,Faces,0.36,0.38,50,within_sampled_range,UU,107,95.83333333333334,runs/yin_noise_matrix_20260926/results/r21dev_vgg16_bn_aa_s42/faces_rfwWM64/faces_rfwWM64/results.csv,UU
mixed,Mixed faces / AA4,r21dev_vgg16_bn_aa_s42,face_transfer,124,two_cross,RFW WM64,Faces,0.36,0.38,50,within_sampled_range,UU,108,95.83333333333334,runs/yin_noise_matrix_20260926/results/r21dev_vgg16_bn_aa_s42/faces_rfwWM64/faces_rfwWM64/results.csv,UU
mixed,Mixed faces / AA4,r21dev_vgg16_bn_aa_s42,face_transfer,124,two_cross,RFW WM64,Faces,0.36,0.38,50,within_sampled_range,UU,109,100.0,runs/yin_noise_matrix_20260926/results/r21dev_vgg16_bn_aa_s42/faces_rfwWM64/faces_rfwWM64/results.csv,UU
mixed,Mixed faces / AA4,r21dev_vgg16_bn_aa_s42,face_transfer,124,two_cross,RFW WM64,Faces,0.36,0.38,50,within_sampled_range,UU,110,95.83333333333334,runs/yin_noise_matrix_20260926/results/r21dev_vgg16_bn_aa_s42/faces_rfwWM64/faces_rfwWM64/results.csv,UU
mixed,Mixed faces / AA4,r21dev_vgg16_bn_aa_s42,face_transfer,124,two_cross,RFW WM64,Faces,0.36,0.38,50,within_sampled_range,UU,111,95.83333333333334,runs/yin_noise_matrix_20260926/results/r21dev_vgg16_bn_aa_s42/faces_rfwWM64/faces_rfwWM64/results.csv,UU
mixed,Mixed faces / AA4,r21dev_vgg16_bn_aa_s42,face_transfer,124,two_cross,RFW WM64,Faces,0.36,0.38,50,within_sampled_range,UU,112,91.66666666666666,runs/yin_noise_matrix_20260926/results/r21dev_vgg16_bn_aa_s42/faces_rfwWM64/faces_rfwWM64/results.csv,UU
mixed,Mixed faces / AA4,r21dev_vgg16_bn_aa_s42,face_transfer,124,two_cross,RFW WM64,Faces,0.36,0.38,50,within_sampled_range,UU,113,100.0,runs/yin_noise_matrix_20260926/results/r21dev_vgg16_bn_aa_s42/faces_rfwWM64/faces_rfwWM64/results.csv,UU
mixed,Mixed faces / AA4,r21dev_vgg16_bn_aa_s42,face_transfer,124,two_cross,RFW WM64,Faces,0.36,0.38,50,within_sampled_range,UU,114,91.66666666666666,runs/yin_noise_matrix_20260926/results/r21dev_vgg16_bn_aa_s42/faces_rfwWM64/faces_rfwWM64/results.csv,UU
mixed,Mixed faces / AA4,r21dev_vgg16_bn_aa_s42,face_transfer,124,two_cross,RFW WM64,Faces,0.36,0.38,50,within_sampled_range,UU,115,95.83333333333334,runs/yin_noise_matrix_20260926/results/r21dev_vgg16_bn_aa_s42/faces_rfwWM64/faces_rfwWM64/results.csv,UU
mixed,Mixed faces / AA4,r21dev_vgg16_bn_aa_s42,face_transfer,124,two_cross,RFW WM64,Faces,0.36,0.38,50,within_sampled_range,UU,116,100.0,runs/yin_noise_matrix_20260926/results/r21dev_vgg16_bn_aa_s42/faces_rfwWM64/faces_rfwWM64/results.csv,UU
mixed,Mixed faces / AA4,r21dev_vgg16_bn_aa_s42,face_transfer,124,two_cross,RFW WM64,Faces,0.36,0.38,50,within_sampled_range,UU,117,95.83333333333334,runs/yin_noise_matrix_20260926/results/r21dev_vgg16_bn_aa_s42/faces_rfwWM64/faces_rfwWM64/results.csv,UU
mixed,Mixed faces / AA4,r21dev_vgg16_bn_aa_s42,face_transfer,124,two_cross,RFW WM64,Faces,0.36,0.38,50,within_sampled_range,UU,118,100.0,runs/yin_noise_matrix_20260926/results/r21dev_vgg16_bn_aa_s42/faces_rfwWM64/faces_rfwWM64/results.csv,UU
mixed,Mixed faces / AA4,r21dev_vgg16_bn_aa_s42,face_transfer,124,two_cross,RFW WM64,Faces,0.36,0.38,50,within_sampled_range,UU,119,100.0,runs/yin_noise_matrix_20260926/results/r21dev_vgg16_bn_aa_s42/faces_rfwWM64/faces_rfwWM64/results.csv,UU
mixed,Mixed faces / AA4,r21dev_vgg16_bn_aa_s42,face_transfer,124,two_cross,RFW WM64,Faces,0.36,0.38,50,within_sampled_range,UU,120,91.66666666666666,runs/yin_noise_matrix_20260926/results/r21dev_vgg16_bn_aa_s42/faces_rfwWM64/faces_rfwWM64/results.csv,UU
mixed,Mixed faces / AA4,r21dev_vgg16_bn_aa_s42,face_transfer,124,two_cross,RFW WM64,Faces,0.36,0.38,50,within_sampled_range,UU,121,100.0,runs/yin_noise_matrix_20260926/results/r21dev_vgg16_bn_aa_s42/faces_rfwWM64/faces_rfwWM64/results.csv,UU
mixed,Mixed faces / AA4,r21dev_vgg16_bn_aa_s42,face_transfer,124,two_cross,RFW WM64,Faces,0.36,0.38,50,within_sampled_range,UU,122,100.0,runs/yin_noise_matrix_20260926/results/r21dev_vgg16_bn_aa_s42/faces_rfwWM64/faces_rfwWM64/results.csv,UU
mixed,Mixed faces / AA4,r21dev_vgg16_bn_aa_s42,face_transfer,124,two_cross,RFW WM64,Faces,0.36,0.38,50,within_sampled_range,UU,123,95.83333333333334,runs/yin_noise_matrix_20260926/results/r21dev_vgg16_bn_aa_s42/faces_rfwWM64/faces_rfwWM64/results.csv,UU
mixed,Mixed faces / AA4,r21dev_vgg16_bn_aa_s42,face_transfer,124,two_cross,RFW WM64,Faces,0.36,0.38,50,within_sampled_range,UU,124,100.0,runs/yin_noise_matrix_20260926/results/r21dev_vgg16_bn_aa_s42/faces_rfwWM64/faces_rfwWM64/results.csv,UU
mixed,Mixed faces / AA4,r21dev_vgg16_bn_aa_s42,face_transfer,124,two_cross,RFW WM64,Faces,0.36,0.38,50,within_sampled_range,UU,125,100.0,runs/yin_noise_matrix_20260926/results/r21dev_vgg16_bn_aa_s42/faces_rfwWM64/faces_rfwWM64/results.csv,UU
mixed,Mixed faces / AA4,r21dev_vgg16_bn_aa_s42,face_transfer,124,two_cross,RFW WM64,Faces,0.36,0.38,50,within_sampled_range,UU,126,95.83333333333334,runs/yin_noise_matrix_20260926/results/r21dev_vgg16_bn_aa_s42/faces_rfwWM64/faces_rfwWM64/results.csv,UU
mixed,Mixed faces / AA4,r21dev_vgg16_bn_aa_s42,face_transfer,124,two_cross,RFW WM64,Faces,0.36,0.38,50,within_sampled_range,UU,127,100.0,runs/yin_noise_matrix_20260926/results/r21dev_vgg16_bn_aa_s42/faces_rfwWM64/faces_rfwWM64/results.csv,UU
mixed,Mixed faces / AA4,r21dev_vgg16_bn_aa_s42,face_transfer,124,two_cross,RFW WM64,Faces,0.36,0.38,50,within_sampled_range,UU,128,95.83333333333334,runs/yin_noise_matrix_20260926/results/r21dev_vgg16_bn_aa_s42/faces_rfwWM64/faces_rfwWM64/results.csv,UU
mixed,Mixed faces / AA4,r21dev_vgg16_bn_aa_s42,face_transfer,124,two_cross,RFW WM64,Faces,0.36,0.38,50,within_sampled_range,UU,129,91.66666666666666,runs/yin_noise_matrix_20260926/results/r21dev_vgg16_bn_aa_s42/faces_rfwWM64/faces_rfwWM64/results.csv,UU
mixed,Mixed faces / AA4,r21dev_vgg16_bn_aa_s42,face_transfer,124,two_cross,RFW WM64,Faces,0.36,0.38,50,within_sampled_range,UU,130,100.0,runs/yin_noise_matrix_20260926/results/r21dev_vgg16_bn_aa_s42/faces_rfwWM64/faces_rfwWM64/results.csv,UU
mixed,Mixed faces / AA4,r21dev_vgg16_bn_aa_s42,face_transfer,124,two_cross,RFW WM64,Faces,0.36,0.38,50,within_sampled_range,UU,131,95.83333333333334,runs/yin_noise_matrix_20260926/results/r21dev_vgg16_bn_aa_s42/faces_rfwWM64/faces_rfwWM64/results.csv,UU
mixed,Mixed faces / AA4,r21dev_vgg16_bn_aa_s42,face_transfer,124,two_cross,RFW WM64,Faces,0.36,0.38,50,within_sampled_range,UU,132,91.66666666666666,runs/yin_noise_matrix_20260926/results/r21dev_vgg16_bn_aa_s42/faces_rfwWM64/faces_rfwWM64/results.csv,UU
mixed,Mixed faces / AA4,r21dev_vgg16_bn_aa_s42,face_transfer,124,two_cross,RFW WM64,Faces,0.36,0.38,50,within_sampled_range,UU,133,91.66666666666666,runs/yin_noise_matrix_20260926/results/r21dev_vgg16_bn_aa_s42/faces_rfwWM64/faces_rfwWM64/results.csv,UU
mixed,Mixed faces / AA4,r21dev_vgg16_bn_aa_s42,face_transfer,124,two_cross,RFW WM64,Faces,0.36,0.38,50,within_sampled_range,UU,134,95.83333333333334,runs/yin_noise_matrix_20260926/results/r21dev_vgg16_bn_aa_s42/faces_rfwWM64/faces_rfwWM64/results.csv,UU
mixed,Mixed faces / AA4,r21dev_vgg16_bn_aa_s42,face_transfer,124,two_cross,RFW WM64,Faces,0.36,0.38,50,within_sampled_range,UU,135,91.66666666666666,runs/yin_noise_matrix_20260926/results/r21dev_vgg16_bn_aa_s42/faces_rfwWM64/faces_rfwWM64/results.csv,UU
mixed,Mixed faces / AA4,r21dev_vgg16_bn_aa_s42,face_transfer,124,two_cross,RFW WM64,Faces,0.36,0.38,50,within_sampled_range,UU,136,91.66666666666666,runs/yin_noise_matrix_20260926/results/r21dev_vgg16_bn_aa_s42/faces_rfwWM64/faces_rfwWM64/results.csv,UU
mixed,Mixed faces / AA4,r21dev_vgg16_bn_aa_s42,face_transfer,124,two_cross,RFW WM64,Faces,0.36,0.38,50,within_sampled_range,UU,137,95.83333333333334,runs/yin_noise_matrix_20260926/results/r21dev_vgg16_bn_aa_s42/faces_rfwWM64/faces_rfwWM64/results.csv,UU
mixed,Mixed faces / AA4,r21dev_vgg16_bn_aa_s42,face_transfer,124,two_cross,RFW WM64,Faces,0.36,0.38,50,within_sampled_range,UU,138,91.66666666666666,runs/yin_noise_matrix_20260926/results/r21dev_vgg16_bn_aa_s42/faces_rfwWM64/faces_rfwWM64/results.csv,UU
mixed,Mixed faces / AA4,r21dev_vgg16_bn_aa_s42,face_transfer,124,two_cross,RFW WM64,Faces,0.36,0.38,50,within_sampled_range,UU,139,95.83333333333334,runs/yin_noise_matrix_20260926/results/r21dev_vgg16_bn_aa_s42/faces_rfwWM64/faces_rfwWM64/results.csv,UU
mixed,Mixed faces / AA4,r21dev_vgg16_bn_aa_s42,face_transfer,124,two_cross,RFW WM64,Faces,0.36,0.38,50,within_sampled_range,UU,140,87.5,runs/yin_noise_matrix_20260926/results/r21dev_vgg16_bn_aa_s42/faces_rfwWM64/faces_rfwWM64/results.csv,UU
mixed,Mixed faces / AA4,r21dev_vgg16_bn_aa_s42,face_transfer,124,two_cross,RFW WM64,Faces,0.36,0.38,50,within_sampled_range,UU,141,100.0,runs/yin_noise_matrix_20260926/results/r21dev_vgg16_bn_aa_s42/faces_rfwWM64/faces_rfwWM64/results.csv,UU
mixed,Mixed faces / AA4,r21dev_vgg16_bn_aa_s42,face_transfer,124,two_cross,RFW WM64,Faces,0.36,0.38,50,within_sampled_range,UU,142,91.66666666666666,runs/yin_noise_matrix_20260926/results/r21dev_vgg16_bn_aa_s42/faces_rfwWM64/faces_rfwWM64/results.csv,UU
mixed,Mixed faces / AA4,r21dev_vgg16_bn_aa_s42,face_transfer,124,two_cross,RFW WM64,Faces,0.36,0.38,50,within_sampled_range,UU,143,100.0,runs/yin_noise_matrix_20260926/results/r21dev_vgg16_bn_aa_s42/faces_rfwWM64/faces_rfwWM64/results.csv,UU
mixed,Mixed faces / AA4,r21dev_vgg16_bn_aa_s42,face_transfer,124,two_cross,RFW WM64,Faces,0.36,0.38,50,within_sampled_range,UU,144,95.83333333333334,runs/yin_noise_matrix_20260926/results/r21dev_vgg16_bn_aa_s42/faces_rfwWM64/faces_rfwWM64/results.csv,UU
mixed,Mixed faces / AA4,r21dev_vgg16_bn_aa_s42,face_transfer,124,two_cross,RFW WM64,Faces,0.36,0.38,50,within_sampled_range,UU,145,95.83333333333334,runs/yin_noise_matrix_20260926/results/r21dev_vgg16_bn_aa_s42/faces_rfwWM64/faces_rfwWM64/results.csv,UU
mixed,Mixed faces / AA4,r21dev_vgg16_bn_aa_s42,face_transfer,124,two_cross,RFW WM64,Faces,0.36,0.38,50,within_sampled_range,UU,146,87.5,runs/yin_noise_matrix_20260926/results/r21dev_vgg16_bn_aa_s42/faces_rfwWM64/faces_rfwWM64/results.csv,UU
mixed,Mixed faces / AA4,r21dev_vgg16_bn_aa_s42,face_transfer,124,two_cross,RFW WM64,Faces,0.36,0.38,50,within_sampled_range,UU,147,91.66666666666666,runs/yin_noise_matrix_20260926/results/r21dev_vgg16_bn_aa_s42/faces_rfwWM64/faces_rfwWM64/results.csv,UU
mixed,Mixed faces / AA4,r21dev_vgg16_bn_aa_s42,face_transfer,124,two_cross,RFW WM64,Faces,0.36,0.38,50,within_sampled_range,UU,148,95.83333333333334,runs/yin_noise_matrix_20260926/results/r21dev_vgg16_bn_aa_s42/faces_rfwWM64/faces_rfwWM64/results.csv,UU
mixed,Mixed faces / AA4,r21dev_vgg16_bn_aa_s42,face_transfer,124,two_cross,RFW WM64,Faces,0.36,0.38,50,within_sampled_range,UU,149,95.83333333333334,runs/yin_noise_matrix_20260926/results/r21dev_vgg16_bn_aa_s42/faces_rfwWM64/faces_rfwWM64/results.csv,UU
mixed,Mixed faces / AA4,r21dev_vgg16_bn_aa_s42,face_transfer,124,two_cross,RFW WM64,Faces,0.36,0.38,50,within_sampled_range,UU,150,100.0,runs/yin_noise_matrix_20260926/results/r21dev_vgg16_bn_aa_s42/faces_rfwWM64/faces_rfwWM64/results.csv,UU
mixed,Mixed faces / AA4,r21dev_vgg16_bn_aa_s42,face_transfer,124,two_cross,RFW WM64,Faces,0.36,0.38,50,within_sampled_range,II,101,87.5,runs/yin_noise_matrix_20260926/results/r21dev_vgg16_bn_aa_s42/faces_rfwWM64/faces_rfwWM64/results.csv,II
mixed,Mixed faces / AA4,r21dev_vgg16_bn_aa_s42,face_transfer,124,two_cross,RFW WM64,Faces,0.36,0.38,50,within_sampled_range,II,102,83.33333333333334,runs/yin_noise_matrix_20260926/results/r21dev_vgg16_bn_aa_s42/faces_rfwWM64/faces_rfwWM64/results.csv,II
mixed,Mixed faces / AA4,r21dev_vgg16_bn_aa_s42,face_transfer,124,two_cross,RFW WM64,Faces,0.36,0.38,50,within_sampled_range,II,103,91.66666666666666,runs/yin_noise_matrix_20260926/results/r21dev_vgg16_bn_aa_s42/faces_rfwWM64/faces_rfwWM64/results.csv,II
mixed,Mixed faces / AA4,r21dev_vgg16_bn_aa_s42,face_transfer,124,two_cross,RFW WM64,Faces,0.36,0.38,50,within_sampled_range,II,104,87.5,runs/yin_noise_matrix_20260926/results/r21dev_vgg16_bn_aa_s42/faces_rfwWM64/faces_rfwWM64/results.csv,II
mixed,Mixed faces / AA4,r21dev_vgg16_bn_aa_s42,face_transfer,124,two_cross,RFW WM64,Faces,0.36,0.38,50,within_sampled_range,II,105,66.66666666666666,runs/yin_noise_matrix_20260926/results/r21dev_vgg16_bn_aa_s42/faces_rfwWM64/faces_rfwWM64/results.csv,II
mixed,Mixed faces / AA4,r21dev_vgg16_bn_aa_s42,face_transfer,124,two_cross,RFW WM64,Faces,0.36,0.38,50,within_sampled_range,II,106,91.66666666666666,runs/yin_noise_matrix_20260926/results/r21dev_vgg16_bn_aa_s42/faces_rfwWM64/faces_rfwWM64/results.csv,II
mixed,Mixed faces / AA4,r21dev_vgg16_bn_aa_s42,face_transfer,124,two_cross,RFW WM64,Faces,0.36,0.38,50,within_sampled_range,II,107,87.5,runs/yin_noise_matrix_20260926/results/r21dev_vgg16_bn_aa_s42/faces_rfwWM64/faces_rfwWM64/results.csv,II
mixed,Mixed faces / AA4,r21dev_vgg16_bn_aa_s42,face_transfer,124,two_cross,RFW WM64,Faces,0.36,0.38,50,within_sampled_range,II,108,95.83333333333334,runs/yin_noise_matrix_20260926/results/r21dev_vgg16_bn_aa_s42/faces_rfwWM64/faces_rfwWM64/results.csv,II
mixed,Mixed faces / AA4,r21dev_vgg16_bn_aa_s42,face_transfer,124,two_cross,RFW WM64,Faces,0.36,0.38,50,within_sampled_range,II,109,83.33333333333334,runs/yin_noise_matrix_20260926/results/r21dev_vgg16_bn_aa_s42/faces_rfwWM64/faces_rfwWM64/results.csv,II
mixed,Mixed faces / AA4,r21dev_vgg16_bn_aa_s42,face_transfer,124,two_cross,RFW WM64,Faces,0.36,0.38,50,within_sampled_range,II,110,79.16666666666666,runs/yin_noise_matrix_20260926/results/r21dev_vgg16_bn_aa_s42/faces_rfwWM64/faces_rfwWM64/results.csv,II
mixed,Mixed faces / AA4,r21dev_vgg16_bn_aa_s42,face_transfer,124,two_cross,RFW WM64,Faces,0.36,0.38,50,within_sampled_range,II,111,75.0,runs/yin_noise_matrix_20260926/results/r21dev_vgg16_bn_aa_s42/faces_rfwWM64/faces_rfwWM64/results.csv,II
mixed,Mixed faces / AA4,r21dev_vgg16_bn_aa_s42,face_transfer,124,two_cross,RFW WM64,Faces,0.36,0.38,50,within_sampled_range,II,112,95.83333333333334,runs/yin_noise_matrix_20260926/results/r21dev_vgg16_bn_aa_s42/faces_rfwWM64/faces_rfwWM64/results.csv,II
mixed,Mixed faces / AA4,r21dev_vgg16_bn_aa_s42,face_transfer,124,two_cross,RFW WM64,Faces,0.36,0.38,50,within_sampled_range,II,113,75.0,runs/yin_noise_matrix_20260926/results/r21dev_vgg16_bn_aa_s42/faces_rfwWM64/faces_rfwWM64/results.csv,II
mixed,Mixed faces / AA4,r21dev_vgg16_bn_aa_s42,face_transfer,124,two_cross,RFW WM64,Faces,0.36,0.38,50,within_sampled_range,II,114,70.83333333333334,runs/yin_noise_matrix_20260926/results/r21dev_vgg16_bn_aa_s42/faces_rfwWM64/faces_rfwWM64/results.csv,II
mixed,Mixed faces / AA4,r21dev_vgg16_bn_aa_s42,face_transfer,124,two_cross,RFW WM64,Faces,0.36,0.38,50,within_sampled_range,II,115,79.16666666666666,runs/yin_noise_matrix_20260926/results/r21dev_vgg16_bn_aa_s42/faces_rfwWM64/faces_rfwWM64/results.csv,II
mixed,Mixed faces / AA4,r21dev_vgg16_bn_aa_s42,face_transfer,124,two_cross,RFW WM64,Faces,0.36,0.38,50,within_sampled_range,II,116,79.16666666666666,runs/yin_noise_matrix_20260926/results/r21dev_vgg16_bn_aa_s42/faces_rfwWM64/faces_rfwWM64/results.csv,II
mixed,Mixed faces / AA4,r21dev_vgg16_bn_aa_s42,face_transfer,124,two_cross,RFW WM64,Faces,0.36,0.38,50,within_sampled_range,II,117,83.33333333333334,runs/yin_noise_matrix_20260926/results/r21dev_vgg16_bn_aa_s42/faces_rfwWM64/faces_rfwWM64/results.csv,II
mixed,Mixed faces / AA4,r21dev_vgg16_bn_aa_s42,face_transfer,124,two_cross,RFW WM64,Faces,0.36,0.38,50,within_sampled_range,II,118,91.66666666666666,runs/yin_noise_matrix_20260926/results/r21dev_vgg16_bn_aa_s42/faces_rfwWM64/faces_rfwWM64/results.csv,II
mixed,Mixed faces / AA4,r21dev_vgg16_bn_aa_s42,face_transfer,124,two_cross,RFW WM64,Faces,0.36,0.38,50,within_sampled_range,II,119,87.5,runs/yin_noise_matrix_20260926/results/r21dev_vgg16_bn_aa_s42/faces_rfwWM64/faces_rfwWM64/results.csv,II
mixed,Mixed faces / AA4,r21dev_vgg16_bn_aa_s42,face_transfer,124,two_cross,RFW WM64,Faces,0.36,0.38,50,within_sampled_range,II,120,79.16666666666666,runs/yin_noise_matrix_20260926/results/r21dev_vgg16_bn_aa_s42/faces_rfwWM64/faces_rfwWM64/results.csv,II
mixed,Mixed faces / AA4,r21dev_vgg16_bn_aa_s42,face_transfer,124,two_cross,RFW WM64,Faces,0.36,0.38,50,within_sampled_range,II,121,95.83333333333334,runs/yin_noise_matrix_20260926/results/r21dev_vgg16_bn_aa_s42/faces_rfwWM64/faces_rfwWM64/results.csv,II
mixed,Mixed faces / AA4,r21dev_vgg16_bn_aa_s42,face_transfer,124,two_cross,RFW WM64,Faces,0.36,0.38,50,within_sampled_range,II,122,87.5,runs/yin_noise_matrix_20260926/results/r21dev_vgg16_bn_aa_s42/faces_rfwWM64/faces_rfwWM64/results.csv,II
mixed,Mixed faces / AA4,r21dev_vgg16_bn_aa_s42,face_transfer,124,two_cross,RFW WM64,Faces,0.36,0.38,50,within_sampled_range,II,123,91.66666666666666,runs/yin_noise_matrix_20260926/results/r21dev_vgg16_bn_aa_s42/faces_rfwWM64/faces_rfwWM64/results.csv,II
mixed,Mixed faces / AA4,r21dev_vgg16_bn_aa_s42,face_transfer,124,two_cross,RFW WM64,Faces,0.36,0.38,50,within_sampled_range,II,124,87.5,runs/yin_noise_matrix_20260926/results/r21dev_vgg16_bn_aa_s42/faces_rfwWM64/faces_rfwWM64/results.csv,II
mixed,Mixed faces / AA4,r21dev_vgg16_bn_aa_s42,face_transfer,124,two_cross,RFW WM64,Faces,0.36,0.38,50,within_sampled_range,II,125,83.33333333333334,runs/yin_noise_matrix_20260926/results/r21dev_vgg16_bn_aa_s42/faces_rfwWM64/faces_rfwWM64/results.csv,II
mixed,Mixed faces / AA4,r21dev_vgg16_bn_aa_s42,face_transfer,124,two_cross,RFW WM64,Faces,0.36,0.38,50,within_sampled_range,II,126,91.66666666666666,runs/yin_noise_matrix_20260926/results/r21dev_vgg16_bn_aa_s42/faces_rfwWM64/faces_rfwWM64/results.csv,II
mixed,Mixed faces / AA4,r21dev_vgg16_bn_aa_s42,face_transfer,124,two_cross,RFW WM64,Faces,0.36,0.38,50,within_sampled_range,II,127,87.5,runs/yin_noise_matrix_20260926/results/r21dev_vgg16_bn_aa_s42/faces_rfwWM64/faces_rfwWM64/results.csv,II
mixed,Mixed faces / AA4,r21dev_vgg16_bn_aa_s42,face_transfer,124,two_cross,RFW WM64,Faces,0.36,0.38,50,within_sampled_range,II,128,83.33333333333334,runs/yin_noise_matrix_20260926/results/r21dev_vgg16_bn_aa_s42/faces_rfwWM64/faces_rfwWM64/results.csv,II
mixed,Mixed faces / AA4,r21dev_vgg16_bn_aa_s42,face_transfer,124,two_cross,RFW WM64,Faces,0.36,0.38,50,within_sampled_range,II,129,91.66666666666666,runs/yin_noise_matrix_20260926/results/r21dev_vgg16_bn_aa_s42/faces_rfwWM64/faces_rfwWM64/results.csv,II
mixed,Mixed faces / AA4,r21dev_vgg16_bn_aa_s42,face_transfer,124,two_cross,RFW WM64,Faces,0.36,0.38,50,within_sampled_range,II,130,70.83333333333334,runs/yin_noise_matrix_20260926/results/r21dev_vgg16_bn_aa_s42/faces_rfwWM64/faces_rfwWM64/results.csv,II
mixed,Mixed faces / AA4,r21dev_vgg16_bn_aa_s42,face_transfer,124,two_cross,RFW WM64,Faces,0.36,0.38,50,within_sampled_range,II,131,79.16666666666666,runs/yin_noise_matrix_20260926/results/r21dev_vgg16_bn_aa_s42/faces_rfwWM64/faces_rfwWM64/results.csv,II
mixed,Mixed faces / AA4,r21dev_vgg16_bn_aa_s42,face_transfer,124,two_cross,RFW WM64,Faces,0.36,0.38,50,within_sampled_range,II,132,95.83333333333334,runs/yin_noise_matrix_20260926/results/r21dev_vgg16_bn_aa_s42/faces_rfwWM64/faces_rfwWM64/results.csv,II
mixed,Mixed faces / AA4,r21dev_vgg16_bn_aa_s42,face_transfer,124,two_cross,RFW WM64,Faces,0.36,0.38,50,within_sampled_range,II,133,87.5,runs/yin_noise_matrix_20260926/results/r21dev_vgg16_bn_aa_s42/faces_rfwWM64/faces_rfwWM64/results.csv,II
mixed,Mixed faces / AA4,r21dev_vgg16_bn_aa_s42,face_transfer,124,two_cross,RFW WM64,Faces,0.36,0.38,50,within_sampled_range,II,134,91.66666666666666,runs/yin_noise_matrix_20260926/results/r21dev_vgg16_bn_aa_s42/faces_rfwWM64/faces_rfwWM64/results.csv,II
mixed,Mixed faces / AA4,r21dev_vgg16_bn_aa_s42,face_transfer,124,two_cross,RFW WM64,Faces,0.36,0.38,50,within_sampled_range,II,135,79.16666666666666,runs/yin_noise_matrix_20260926/results/r21dev_vgg16_bn_aa_s42/faces_rfwWM64/faces_rfwWM64/results.csv,II
mixed,Mixed faces / AA4,r21dev_vgg16_bn_aa_s42,face_transfer,124,two_cross,RFW WM64,Faces,0.36,0.38,50,within_sampled_range,II,136,83.33333333333334,runs/yin_noise_matrix_20260926/results/r21dev_vgg16_bn_aa_s42/faces_rfwWM64/faces_rfwWM64/results.csv,II
mixed,Mixed faces / AA4,r21dev_vgg16_bn_aa_s42,face_transfer,124,two_cross,RFW WM64,Faces,0.36,0.38,50,within_sampled_range,II,137,87.5,runs/yin_noise_matrix_20260926/results/r21dev_vgg16_bn_aa_s42/faces_rfwWM64/faces_rfwWM64/results.csv,II
mixed,Mixed faces / AA4,r21dev_vgg16_bn_aa_s42,face_transfer,124,two_cross,RFW WM64,Faces,0.36,0.38,50,within_sampled_range,II,138,83.33333333333334,runs/yin_noise_matrix_20260926/results/r21dev_vgg16_bn_aa_s42/faces_rfwWM64/faces_rfwWM64/results.csv,II
mixed,Mixed faces / AA4,r21dev_vgg16_bn_aa_s42,face_transfer,124,two_cross,RFW WM64,Faces,0.36,0.38,50,within_sampled_range,II,139,66.66666666666666,runs/yin_noise_matrix_20260926/results/r21dev_vgg16_bn_aa_s42/faces_rfwWM64/faces_rfwWM64/results.csv,II
mixed,Mixed faces / AA4,r21dev_vgg16_bn_aa_s42,face_transfer,124,two_cross,RFW WM64,Faces,0.36,0.38,50,within_sampled_range,II,140,87.5,runs/yin_noise_matrix_20260926/results/r21dev_vgg16_bn_aa_s42/faces_rfwWM64/faces_rfwWM64/results.csv,II
mixed,Mixed faces / AA4,r21dev_vgg16_bn_aa_s42,face_transfer,124,two_cross,RFW WM64,Faces,0.36,0.38,50,within_sampled_range,II,141,83.33333333333334,runs/yin_noise_matrix_20260926/results/r21dev_vgg16_bn_aa_s42/faces_rfwWM64/faces_rfwWM64/results.csv,II
mixed,Mixed faces / AA4,r21dev_vgg16_bn_aa_s42,face_transfer,124,two_cross,RFW WM64,Faces,0.36,0.38,50,within_sampled_range,II,142,95.83333333333334,runs/yin_noise_matrix_20260926/results/r21dev_vgg16_bn_aa_s42/faces_rfwWM64/faces_rfwWM64/results.csv,II
mixed,Mixed faces / AA4,r21dev_vgg16_bn_aa_s42,face_transfer,124,two_cross,RFW WM64,Faces,0.36,0.38,50,within_sampled_range,II,143,70.83333333333334,runs/yin_noise_matrix_20260926/results/r21dev_vgg16_bn_aa_s42/faces_rfwWM64/faces_rfwWM64/results.csv,II
mixed,Mixed faces / AA4,r21dev_vgg16_bn_aa_s42,face_transfer,124,two_cross,RFW WM64,Faces,0.36,0.38,50,within_sampled_range,II,144,79.16666666666666,runs/yin_noise_matrix_20260926/results/r21dev_vgg16_bn_aa_s42/faces_rfwWM64/faces_rfwWM64/results.csv,II
mixed,Mixed faces / AA4,r21dev_vgg16_bn_aa_s42,face_transfer,124,two_cross,RFW WM64,Faces,0.36,0.38,50,within_sampled_range,II,145,79.16666666666666,runs/yin_noise_matrix_20260926/results/r21dev_vgg16_bn_aa_s42/faces_rfwWM64/faces_rfwWM64/results.csv,II
mixed,Mixed faces / AA4,r21dev_vgg16_bn_aa_s42,face_transfer,124,two_cross,RFW WM64,Faces,0.36,0.38,50,within_sampled_range,II,146,66.66666666666666,runs/yin_noise_matrix_20260926/results/r21dev_vgg16_bn_aa_s42/faces_rfwWM64/faces_rfwWM64/results.csv,II
mixed,Mixed faces / AA4,r21dev_vgg16_bn_aa_s42,face_transfer,124,two_cross,RFW WM64,Faces,0.36,0.38,50,within_sampled_range,II,147,79.16666666666666,runs/yin_noise_matrix_20260926/results/r21dev_vgg16_bn_aa_s42/faces_rfwWM64/faces_rfwWM64/results.csv,II
mixed,Mixed faces / AA4,r21dev_vgg16_bn_aa_s42,face_transfer,124,two_cross,RFW WM64,Faces,0.36,0.38,50,within_sampled_range,II,148,83.33333333333334,runs/yin_noise_matrix_20260926/results/r21dev_vgg16_bn_aa_s42/faces_rfwWM64/faces_rfwWM64/results.csv,II
mixed,Mixed faces / AA4,r21dev_vgg16_bn_aa_s42,face_transfer,124,two_cross,RFW WM64,Faces,0.36,0.38,50,within_sampled_range,II,149,75.0,runs/yin_noise_matrix_20260926/results/r21dev_vgg16_bn_aa_s42/faces_rfwWM64/faces_rfwWM64/results.csv,II
mixed,Mixed faces / AA4,r21dev_vgg16_bn_aa_s42,face_transfer,124,two_cross,RFW WM64,Faces,0.36,0.38,50,within_sampled_range,II,150,87.5,runs/yin_noise_matrix_20260926/results/r21dev_vgg16_bn_aa_s42/faces_rfwWM64/faces_rfwWM64/results.csv,II
mixed,Mixed faces / AA4,r21dev_vgg16_bn_aa_s42,face_transfer,124,two_cross,RFW WM64,Faces,0.36,0.38,50,within_sampled_range,UI,101,91.66666666666666,runs/yin_noise_matrix_20260926/results/r21dev_vgg16_bn_aa_s42/faces_rfwWM64/faces_rfwWM64/results.csv,UI_cross
mixed,Mixed faces / AA4,r21dev_vgg16_bn_aa_s42,face_transfer,124,two_cross,RFW WM64,Faces,0.36,0.38,50,within_sampled_range,UI,102,79.16666666666666,runs/yin_noise_matrix_20260926/results/r21dev_vgg16_bn_aa_s42/faces_rfwWM64/faces_rfwWM64/results.csv,UI_cross
mixed,Mixed faces / AA4,r21dev_vgg16_bn_aa_s42,face_transfer,124,two_cross,RFW WM64,Faces,0.36,0.38,50,within_sampled_range,UI,103,87.5,runs/yin_noise_matrix_20260926/results/r21dev_vgg16_bn_aa_s42/faces_rfwWM64/faces_rfwWM64/results.csv,UI_cross
mixed,Mixed faces / AA4,r21dev_vgg16_bn_aa_s42,face_transfer,124,two_cross,RFW WM64,Faces,0.36,0.38,50,within_sampled_range,UI,104,75.0,runs/yin_noise_matrix_20260926/results/r21dev_vgg16_bn_aa_s42/faces_rfwWM64/faces_rfwWM64/results.csv,UI_cross
mixed,Mixed faces / AA4,r21dev_vgg16_bn_aa_s42,face_transfer,124,two_cross,RFW WM64,Faces,0.36,0.38,50,within_sampled_range,UI,105,62.5,runs/yin_noise_matrix_20260926/results/r21dev_vgg16_bn_aa_s42/faces_rfwWM64/faces_rfwWM64/results.csv,UI_cross
mixed,Mixed faces / AA4,r21dev_vgg16_bn_aa_s42,face_transfer,124,two_cross,RFW WM64,Faces,0.36,0.38,50,within_sampled_range,UI,106,95.83333333333334,runs/yin_noise_matrix_20260926/results/r21dev_vgg16_bn_aa_s42/faces_rfwWM64/faces_rfwWM64/results.csv,UI_cross
mixed,Mixed faces / AA4,r21dev_vgg16_bn_aa_s42,face_transfer,124,two_cross,RFW WM64,Faces,0.36,0.38,50,within_sampled_range,UI,107,83.33333333333334,runs/yin_noise_matrix_20260926/results/r21dev_vgg16_bn_aa_s42/faces_rfwWM64/faces_rfwWM64/results.csv,UI_cross
mixed,Mixed faces / AA4,r21dev_vgg16_bn_aa_s42,face_transfer,124,two_cross,RFW WM64,Faces,0.36,0.38,50,within_sampled_range,UI,108,83.33333333333334,runs/yin_noise_matrix_20260926/results/r21dev_vgg16_bn_aa_s42/faces_rfwWM64/faces_rfwWM64/results.csv,UI_cross
mixed,Mixed faces / AA4,r21dev_vgg16_bn_aa_s42,face_transfer,124,two_cross,RFW WM64,Faces,0.36,0.38,50,within_sampled_range,UI,109,91.66666666666666,runs/yin_noise_matrix_20260926/results/r21dev_vgg16_bn_aa_s42/faces_rfwWM64/faces_rfwWM64/results.csv,UI_cross
mixed,Mixed faces / AA4,r21dev_vgg16_bn_aa_s42,face_transfer,124,two_cross,RFW WM64,Faces,0.36,0.38,50,within_sampled_range,UI,110,87.5,runs/yin_noise_matrix_20260926/results/r21dev_vgg16_bn_aa_s42/faces_rfwWM64/faces_rfwWM64/results.csv,UI_cross
mixed,Mixed faces / AA4,r21dev_vgg16_bn_aa_s42,face_transfer,124,two_cross,RFW WM64,Faces,0.36,0.38,50,within_sampled_range,UI,111,87.5,runs/yin_noise_matrix_20260926/results/r21dev_vgg16_bn_aa_s42/faces_rfwWM64/faces_rfwWM64/results.csv,UI_cross
mixed,Mixed faces / AA4,r21dev_vgg16_bn_aa_s42,face_transfer,124,two_cross,RFW WM64,Faces,0.36,0.38,50,within_sampled_range,UI,112,79.16666666666666,runs/yin_noise_matrix_20260926/results/r21dev_vgg16_bn_aa_s42/faces_rfwWM64/faces_rfwWM64/results.csv,UI_cross
mixed,Mixed faces / AA4,r21dev_vgg16_bn_aa_s42,face_transfer,124,two_cross,RFW WM64,Faces,0.36,0.38,50,within_sampled_range,UI,113,83.33333333333334,runs/yin_noise_matrix_20260926/results/r21dev_vgg16_bn_aa_s42/faces_rfwWM64/faces_rfwWM64/results.csv,UI_cross
mixed,Mixed faces / AA4,r21dev_vgg16_bn_aa_s42,face_transfer,124,two_cross,RFW WM64,Faces,0.36,0.38,50,within_sampled_range,UI,114,83.33333333333334,runs/yin_noise_matrix_20260926/results/r21dev_vgg16_bn_aa_s42/faces_rfwWM64/faces_rfwWM64/results.csv,UI_cross
mixed,Mixed faces / AA4,r21dev_vgg16_bn_aa_s42,face_transfer,124,two_cross,RFW WM64,Faces,0.36,0.38,50,within_sampled_range,UI,115,95.83333333333334,runs/yin_noise_matrix_20260926/results/r21dev_vgg16_bn_aa_s42/faces_rfwWM64/faces_rfwWM64/results.csv,UI_cross
mixed,Mixed faces / AA4,r21dev_vgg16_bn_aa_s42,face_transfer,124,two_cross,RFW WM64,Faces,0.36,0.38,50,within_sampled_range,UI,116,83.33333333333334,runs/yin_noise_matrix_20260926/results/r21dev_vgg16_bn_aa_s42/faces_rfwWM64/faces_rfwWM64/results.csv,UI_cross
mixed,Mixed faces / AA4,r21dev_vgg16_bn_aa_s42,face_transfer,124,two_cross,RFW WM64,Faces,0.36,0.38,50,within_sampled_range,UI,117,87.5,runs/yin_noise_matrix_20260926/results/r21dev_vgg16_bn_aa_s42/faces_rfwWM64/faces_rfwWM64/results.csv,UI_cross
mixed,Mixed faces / AA4,r21dev_vgg16_bn_aa_s42,face_transfer,124,two_cross,RFW WM64,Faces,0.36,0.38,50,within_sampled_range,UI,118,79.16666666666666,runs/yin_noise_matrix_20260926/results/r21dev_vgg16_bn_aa_s42/faces_rfwWM64/faces_rfwWM64/results.csv,UI_cross
mixed,Mixed faces / AA4,r21dev_vgg16_bn_aa_s42,face_transfer,124,two_cross,RFW WM64,Faces,0.36,0.38,50,within_sampled_range,UI,119,95.83333333333334,runs/yin_noise_matrix_20260926/results/r21dev_vgg16_bn_aa_s42/faces_rfwWM64/faces_rfwWM64/results.csv,UI_cross
mixed,Mixed faces / AA4,r21dev_vgg16_bn_aa_s42,face_transfer,124,two_cross,RFW WM64,Faces,0.36,0.38,50,within_sampled_range,UI,120,87.5,runs/yin_noise_matrix_20260926/results/r21dev_vgg16_bn_aa_s42/faces_rfwWM64/faces_rfwWM64/results.csv,UI_cross
mixed,Mixed faces / AA4,r21dev_vgg16_bn_aa_s42,face_transfer,124,two_cross,RFW WM64,Faces,0.36,0.38,50,within_sampled_range,UI,121,79.16666666666666,runs/yin_noise_matrix_20260926/results/r21dev_vgg16_bn_aa_s42/faces_rfwWM64/faces_rfwWM64/results.csv,UI_cross
mixed,Mixed faces / AA4,r21dev_vgg16_bn_aa_s42,face_transfer,124,two_cross,RFW WM64,Faces,0.36,0.38,50,within_sampled_range,UI,122,87.5,runs/yin_noise_matrix_20260926/results/r21dev_vgg16_bn_aa_s42/faces_rfwWM64/faces_rfwWM64/results.csv,UI_cross
mixed,Mixed faces / AA4,r21dev_vgg16_bn_aa_s42,face_transfer,124,two_cross,RFW WM64,Faces,0.36,0.38,50,within_sampled_range,UI,123,91.66666666666666,runs/yin_noise_matrix_20260926/results/r21dev_vgg16_bn_aa_s42/faces_rfwWM64/faces_rfwWM64/results.csv,UI_cross
mixed,Mixed faces / AA4,r21dev_vgg16_bn_aa_s42,face_transfer,124,two_cross,RFW WM64,Faces,0.36,0.38,50,within_sampled_range,UI,124,83.33333333333334,runs/yin_noise_matrix_20260926/results/r21dev_vgg16_bn_aa_s42/faces_rfwWM64/faces_rfwWM64/results.csv,UI_cross
mixed,Mixed faces / AA4,r21dev_vgg16_bn_aa_s42,face_transfer,124,two_cross,RFW WM64,Faces,0.36,0.38,50,within_sampled_range,UI,125,83.33333333333334,runs/yin_noise_matrix_20260926/results/r21dev_vgg16_bn_aa_s42/faces_rfwWM64/faces_rfwWM64/results.csv,UI_cross
mixed,Mixed faces / AA4,r21dev_vgg16_bn_aa_s42,face_transfer,124,two_cross,RFW WM64,Faces,0.36,0.38,50,within_sampled_range,UI,126,95.83333333333334,runs/yin_noise_matrix_20260926/results/r21dev_vgg16_bn_aa_s42/faces_rfwWM64/faces_rfwWM64/results.csv,UI_cross
mixed,Mixed faces / AA4,r21dev_vgg16_bn_aa_s42,face_transfer,124,two_cross,RFW WM64,Faces,0.36,0.38,50,within_sampled_range,UI,127,83.33333333333334,runs/yin_noise_matrix_20260926/results/r21dev_vgg16_bn_aa_s42/faces_rfwWM64/faces_rfwWM64/results.csv,UI_cross
mixed,Mixed faces / AA4,r21dev_vgg16_bn_aa_s42,face_transfer,124,two_cross,RFW WM64,Faces,0.36,0.38,50,within_sampled_range,UI,128,91.66666666666666,runs/yin_noise_matrix_20260926/results/r21dev_vgg16_bn_aa_s42/faces_rfwWM64/faces_rfwWM64/results.csv,UI_cross
mixed,Mixed faces / AA4,r21dev_vgg16_bn_aa_s42,face_transfer,124,two_cross,RFW WM64,Faces,0.36,0.38,50,within_sampled_range,UI,129,87.5,runs/yin_noise_matrix_20260926/results/r21dev_vgg16_bn_aa_s42/faces_rfwWM64/faces_rfwWM64/results.csv,UI_cross
mixed,Mixed faces / AA4,r21dev_vgg16_bn_aa_s42,face_transfer,124,two_cross,RFW WM64,Faces,0.36,0.38,50,within_sampled_range,UI,130,87.5,runs/yin_noise_matrix_20260926/results/r21dev_vgg16_bn_aa_s42/faces_rfwWM64/faces_rfwWM64/results.csv,UI_cross
mixed,Mixed faces / AA4,r21dev_vgg16_bn_aa_s42,face_transfer,124,two_cross,RFW WM64,Faces,0.36,0.38,50,within_sampled_range,UI,131,83.33333333333334,runs/yin_noise_matrix_20260926/results/r21dev_vgg16_bn_aa_s42/faces_rfwWM64/faces_rfwWM64/results.csv,UI_cross
mixed,Mixed faces / AA4,r21dev_vgg16_bn_aa_s42,face_transfer,124,two_cross,RFW WM64,Faces,0.36,0.38,50,within_sampled_range,UI,132,83.33333333333334,runs/yin_noise_matrix_20260926/results/r21dev_vgg16_bn_aa_s42/faces_rfwWM64/faces_rfwWM64/results.csv,UI_cross
mixed,Mixed faces / AA4,r21dev_vgg16_bn_aa_s42,face_transfer,124,two_cross,RFW WM64,Faces,0.36,0.38,50,within_sampled_range,UI,133,79.16666666666666,runs/yin_noise_matrix_20260926/results/r21dev_vgg16_bn_aa_s42/faces_rfwWM64/faces_rfwWM64/results.csv,UI_cross
mixed,Mixed faces / AA4,r21dev_vgg16_bn_aa_s42,face_transfer,124,two_cross,RFW WM64,Faces,0.36,0.38,50,within_sampled_range,UI,134,95.83333333333334,runs/yin_noise_matrix_20260926/results/r21dev_vgg16_bn_aa_s42/faces_rfwWM64/faces_rfwWM64/results.csv,UI_cross
mixed,Mixed faces / AA4,r21dev_vgg16_bn_aa_s42,face_transfer,124,two_cross,RFW WM64,Faces,0.36,0.38,50,within_sampled_range,UI,135,75.0,runs/yin_noise_matrix_20260926/results/r21dev_vgg16_bn_aa_s42/faces_rfwWM64/faces_rfwWM64/results.csv,UI_cross
mixed,Mixed faces / AA4,r21dev_vgg16_bn_aa_s42,face_transfer,124,two_cross,RFW WM64,Faces,0.36,0.38,50,within_sampled_range,UI,136,91.66666666666666,runs/yin_noise_matrix_20260926/results/r21dev_vgg16_bn_aa_s42/faces_rfwWM64/faces_rfwWM64/results.csv,UI_cross
mixed,Mixed faces / AA4,r21dev_vgg16_bn_aa_s42,face_transfer,124,two_cross,RFW WM64,Faces,0.36,0.38,50,within_sampled_range,UI,137,75.0,runs/yin_noise_matrix_20260926/results/r21dev_vgg16_bn_aa_s42/faces_rfwWM64/faces_rfwWM64/results.csv,UI_cross
mixed,Mixed faces / AA4,r21dev_vgg16_bn_aa_s42,face_transfer,124,two_cross,RFW WM64,Faces,0.36,0.38,50,within_sampled_range,UI,138,91.66666666666666,runs/yin_noise_matrix_20260926/results/r21dev_vgg16_bn_aa_s42/faces_rfwWM64/faces_rfwWM64/results.csv,UI_cross
mixed,Mixed faces / AA4,r21dev_vgg16_bn_aa_s42,face_transfer,124,two_cross,RFW WM64,Faces,0.36,0.38,50,within_sampled_range,UI,139,83.33333333333334,runs/yin_noise_matrix_20260926/results/r21dev_vgg16_bn_aa_s42/faces_rfwWM64/faces_rfwWM64/results.csv,UI_cross
mixed,Mixed faces / AA4,r21dev_vgg16_bn_aa_s42,face_transfer,124,two_cross,RFW WM64,Faces,0.36,0.38,50,within_sampled_range,UI,140,70.83333333333334,runs/yin_noise_matrix_20260926/results/r21dev_vgg16_bn_aa_s42/faces_rfwWM64/faces_rfwWM64/results.csv,UI_cross
mixed,Mixed faces / AA4,r21dev_vgg16_bn_aa_s42,face_transfer,124,two_cross,RFW WM64,Faces,0.36,0.38,50,within_sampled_range,UI,141,91.66666666666666,runs/yin_noise_matrix_20260926/results/r21dev_vgg16_bn_aa_s42/faces_rfwWM64/faces_rfwWM64/results.csv,UI_cross
mixed,Mixed faces / AA4,r21dev_vgg16_bn_aa_s42,face_transfer,124,two_cross,RFW WM64,Faces,0.36,0.38,50,within_sampled_range,UI,142,91.66666666666666,runs/yin_noise_matrix_20260926/results/r21dev_vgg16_bn_aa_s42/faces_rfwWM64/faces_rfwWM64/results.csv,UI_cross
mixed,Mixed faces / AA4,r21dev_vgg16_bn_aa_s42,face_transfer,124,two_cross,RFW WM64,Faces,0.36,0.38,50,within_sampled_range,UI,143,91.66666666666666,runs/yin_noise_matrix_20260926/results/r21dev_vgg16_bn_aa_s42/faces_rfwWM64/faces_rfwWM64/results.csv,UI_cross
mixed,Mixed faces / AA4,r21dev_vgg16_bn_aa_s42,face_transfer,124,two_cross,RFW WM64,Faces,0.36,0.38,50,within_sampled_range,UI,144,87.5,runs/yin_noise_matrix_20260926/results/r21dev_vgg16_bn_aa_s42/faces_rfwWM64/faces_rfwWM64/results.csv,UI_cross
mixed,Mixed faces / AA4,r21dev_vgg16_bn_aa_s42,face_transfer,124,two_cross,RFW WM64,Faces,0.36,0.38,50,within_sampled_range,UI,145,95.83333333333334,runs/yin_noise_matrix_20260926/results/r21dev_vgg16_bn_aa_s42/faces_rfwWM64/faces_rfwWM64/results.csv,UI_cross
mixed,Mixed faces / AA4,r21dev_vgg16_bn_aa_s42,face_transfer,124,two_cross,RFW WM64,Faces,0.36,0.38,50,within_sampled_range,UI,146,87.5,runs/yin_noise_matrix_20260926/results/r21dev_vgg16_bn_aa_s42/faces_rfwWM64/faces_rfwWM64/results.csv,UI_cross
mixed,Mixed faces / AA4,r21dev_vgg16_bn_aa_s42,face_transfer,124,two_cross,RFW WM64,Faces,0.36,0.38,50,within_sampled_range,UI,147,95.83333333333334,runs/yin_noise_matrix_20260926/results/r21dev_vgg16_bn_aa_s42/faces_rfwWM64/faces_rfwWM64/results.csv,UI_cross
mixed,Mixed faces / AA4,r21dev_vgg16_bn_aa_s42,face_transfer,124,two_cross,RFW WM64,Faces,0.36,0.38,50,within_sampled_range,UI,148,87.5,runs/yin_noise_matrix_20260926/results/r21dev_vgg16_bn_aa_s42/faces_rfwWM64/faces_rfwWM64/results.csv,UI_cross
mixed,Mixed faces / AA4,r21dev_vgg16_bn_aa_s42,face_transfer,124,two_cross,RFW WM64,Faces,0.36,0.38,50,within_sampled_range,UI,149,83.33333333333334,runs/yin_noise_matrix_20260926/results/r21dev_vgg16_bn_aa_s42/faces_rfwWM64/faces_rfwWM64/results.csv,UI_cross
mixed,Mixed faces / AA4,r21dev_vgg16_bn_aa_s42,face_transfer,124,two_cross,RFW WM64,Faces,0.36,0.38,50,within_sampled_range,UI,150,83.33333333333334,runs/yin_noise_matrix_20260926/results/r21dev_vgg16_bn_aa_s42/faces_rfwWM64/faces_rfwWM64/results.csv,UI_cross
mixed,Mixed faces / AA4,r21dev_vgg16_bn_aa_s42,face_transfer,124,two_cross,RFW WM64,Faces,0.36,0.38,50,within_sampled_range,IU,101,79.16666666666666,runs/yin_noise_matrix_20260926/results/r21dev_vgg16_bn_aa_s42/faces_rfwWM64/faces_rfwWM64/results.csv,IU
mixed,Mixed faces / AA4,r21dev_vgg16_bn_aa_s42,face_transfer,124,two_cross,RFW WM64,Faces,0.36,0.38,50,within_sampled_range,IU,102,83.33333333333334,runs/yin_noise_matrix_20260926/results/r21dev_vgg16_bn_aa_s42/faces_rfwWM64/faces_rfwWM64/results.csv,IU
mixed,Mixed faces / AA4,r21dev_vgg16_bn_aa_s42,face_transfer,124,two_cross,RFW WM64,Faces,0.36,0.38,50,within_sampled_range,IU,103,87.5,runs/yin_noise_matrix_20260926/results/r21dev_vgg16_bn_aa_s42/faces_rfwWM64/faces_rfwWM64/results.csv,IU
mixed,Mixed faces / AA4,r21dev_vgg16_bn_aa_s42,face_transfer,124,two_cross,RFW WM64,Faces,0.36,0.38,50,within_sampled_range,IU,104,83.33333333333334,runs/yin_noise_matrix_20260926/results/r21dev_vgg16_bn_aa_s42/faces_rfwWM64/faces_rfwWM64/results.csv,IU
mixed,Mixed faces / AA4,r21dev_vgg16_bn_aa_s42,face_transfer,124,two_cross,RFW WM64,Faces,0.36,0.38,50,within_sampled_range,IU,105,83.33333333333334,runs/yin_noise_matrix_20260926/results/r21dev_vgg16_bn_aa_s42/faces_rfwWM64/faces_rfwWM64/results.csv,IU
mixed,Mixed faces / AA4,r21dev_vgg16_bn_aa_s42,face_transfer,124,two_cross,RFW WM64,Faces,0.36,0.38,50,within_sampled_range,IU,106,91.66666666666666,runs/yin_noise_matrix_20260926/results/r21dev_vgg16_bn_aa_s42/faces_rfwWM64/faces_rfwWM64/results.csv,IU
mixed,Mixed faces / AA4,r21dev_vgg16_bn_aa_s42,face_transfer,124,two_cross,RFW WM64,Faces,0.36,0.38,50,within_sampled_range,IU,107,79.16666666666666,runs/yin_noise_matrix_20260926/results/r21dev_vgg16_bn_aa_s42/faces_rfwWM64/faces_rfwWM64/results.csv,IU
mixed,Mixed faces / AA4,r21dev_vgg16_bn_aa_s42,face_transfer,124,two_cross,RFW WM64,Faces,0.36,0.38,50,within_sampled_range,IU,108,83.33333333333334,runs/yin_noise_matrix_20260926/results/r21dev_vgg16_bn_aa_s42/faces_rfwWM64/faces_rfwWM64/results.csv,IU
mixed,Mixed faces / AA4,r21dev_vgg16_bn_aa_s42,face_transfer,124,two_cross,RFW WM64,Faces,0.36,0.38,50,within_sampled_range,IU,109,83.33333333333334,runs/yin_noise_matrix_20260926/results/r21dev_vgg16_bn_aa_s42/faces_rfwWM64/faces_rfwWM64/results.csv,IU
mixed,Mixed faces / AA4,r21dev_vgg16_bn_aa_s42,face_transfer,124,two_cross,RFW WM64,Faces,0.36,0.38,50,within_sampled_range,IU,110,83.33333333333334,runs/yin_noise_matrix_20260926/results/r21dev_vgg16_bn_aa_s42/faces_rfwWM64/faces_rfwWM64/results.csv,IU
mixed,Mixed faces / AA4,r21dev_vgg16_bn_aa_s42,face_transfer,124,two_cross,RFW WM64,Faces,0.36,0.38,50,within_sampled_range,IU,111,70.83333333333334,runs/yin_noise_matrix_20260926/results/r21dev_vgg16_bn_aa_s42/faces_rfwWM64/faces_rfwWM64/results.csv,IU
mixed,Mixed faces / AA4,r21dev_vgg16_bn_aa_s42,face_transfer,124,two_cross,RFW WM64,Faces,0.36,0.38,50,within_sampled_range,IU,112,75.0,runs/yin_noise_matrix_20260926/results/r21dev_vgg16_bn_aa_s42/faces_rfwWM64/faces_rfwWM64/results.csv,IU
mixed,Mixed faces / AA4,r21dev_vgg16_bn_aa_s42,face_transfer,124,two_cross,RFW WM64,Faces,0.36,0.38,50,within_sampled_range,IU,113,70.83333333333334,runs/yin_noise_matrix_20260926/results/r21dev_vgg16_bn_aa_s42/faces_rfwWM64/faces_rfwWM64/results.csv,IU
mixed,Mixed faces / AA4,r21dev_vgg16_bn_aa_s42,face_transfer,124,two_cross,RFW WM64,Faces,0.36,0.38,50,within_sampled_range,IU,114,79.16666666666666,runs/yin_noise_matrix_20260926/results/r21dev_vgg16_bn_aa_s42/faces_rfwWM64/faces_rfwWM64/results.csv,IU
mixed,Mixed faces / AA4,r21dev_vgg16_bn_aa_s42,face_transfer,124,two_cross,RFW WM64,Faces,0.36,0.38,50,within_sampled_range,IU,115,79.16666666666666,runs/yin_noise_matrix_20260926/results/r21dev_vgg16_bn_aa_s42/faces_rfwWM64/faces_rfwWM64/results.csv,IU
mixed,Mixed faces / AA4,r21dev_vgg16_bn_aa_s42,face_transfer,124,two_cross,RFW WM64,Faces,0.36,0.38,50,within_sampled_range,IU,116,91.66666666666666,runs/yin_noise_matrix_20260926/results/r21dev_vgg16_bn_aa_s42/faces_rfwWM64/faces_rfwWM64/results.csv,IU
mixed,Mixed faces / AA4,r21dev_vgg16_bn_aa_s42,face_transfer,124,two_cross,RFW WM64,Faces,0.36,0.38,50,within_sampled_range,IU,117,87.5,runs/yin_noise_matrix_20260926/results/r21dev_vgg16_bn_aa_s42/faces_rfwWM64/faces_rfwWM64/results.csv,IU
mixed,Mixed faces / AA4,r21dev_vgg16_bn_aa_s42,face_transfer,124,two_cross,RFW WM64,Faces,0.36,0.38,50,within_sampled_range,IU,118,91.66666666666666,runs/yin_noise_matrix_20260926/results/r21dev_vgg16_bn_aa_s42/faces_rfwWM64/faces_rfwWM64/results.csv,IU
mixed,Mixed faces / AA4,r21dev_vgg16_bn_aa_s42,face_transfer,124,two_cross,RFW WM64,Faces,0.36,0.38,50,within_sampled_range,IU,119,87.5,runs/yin_noise_matrix_20260926/results/r21dev_vgg16_bn_aa_s42/faces_rfwWM64/faces_rfwWM64/results.csv,IU
mixed,Mixed faces / AA4,r21dev_vgg16_bn_aa_s42,face_transfer,124,two_cross,RFW WM64,Faces,0.36,0.38,50,within_sampled_range,IU,120,75.0,runs/yin_noise_matrix_20260926/results/r21dev_vgg16_bn_aa_s42/faces_rfwWM64/faces_rfwWM64/results.csv,IU
mixed,Mixed faces / AA4,r21dev_vgg16_bn_aa_s42,face_transfer,124,two_cross,RFW WM64,Faces,0.36,0.38,50,within_sampled_range,IU,121,95.83333333333334,runs/yin_noise_matrix_20260926/results/r21dev_vgg16_bn_aa_s42/faces_rfwWM64/faces_rfwWM64/results.csv,IU
mixed,Mixed faces / AA4,r21dev_vgg16_bn_aa_s42,face_transfer,124,two_cross,RFW WM64,Faces,0.36,0.38,50,within_sampled_range,IU,122,79.16666666666666,runs/yin_noise_matrix_20260926/results/r21dev_vgg16_bn_aa_s42/faces_rfwWM64/faces_rfwWM64/results.csv,IU
mixed,Mixed faces / AA4,r21dev_vgg16_bn_aa_s42,face_transfer,124,two_cross,RFW WM64,Faces,0.36,0.38,50,within_sampled_range,IU,123,83.33333333333334,runs/yin_noise_matrix_20260926/results/r21dev_vgg16_bn_aa_s42/faces_rfwWM64/faces_rfwWM64/results.csv,IU
mixed,Mixed faces / AA4,r21dev_vgg16_bn_aa_s42,face_transfer,124,two_cross,RFW WM64,Faces,0.36,0.38,50,within_sampled_range,IU,124,79.16666666666666,runs/yin_noise_matrix_20260926/results/r21dev_vgg16_bn_aa_s42/faces_rfwWM64/faces_rfwWM64/results.csv,IU
mixed,Mixed faces / AA4,r21dev_vgg16_bn_aa_s42,face_transfer,124,two_cross,RFW WM64,Faces,0.36,0.38,50,within_sampled_range,IU,125,70.83333333333334,runs/yin_noise_matrix_20260926/results/r21dev_vgg16_bn_aa_s42/faces_rfwWM64/faces_rfwWM64/results.csv,IU
mixed,Mixed faces / AA4,r21dev_vgg16_bn_aa_s42,face_transfer,124,two_cross,RFW WM64,Faces,0.36,0.38,50,within_sampled_range,IU,126,87.5,runs/yin_noise_matrix_20260926/results/r21dev_vgg16_bn_aa_s42/faces_rfwWM64/faces_rfwWM64/results.csv,IU
mixed,Mixed faces / AA4,r21dev_vgg16_bn_aa_s42,face_transfer,124,two_cross,RFW WM64,Faces,0.36,0.38,50,within_sampled_range,IU,127,79.16666666666666,runs/yin_noise_matrix_20260926/results/r21dev_vgg16_bn_aa_s42/faces_rfwWM64/faces_rfwWM64/results.csv,IU
mixed,Mixed faces / AA4,r21dev_vgg16_bn_aa_s42,face_transfer,124,two_cross,RFW WM64,Faces,0.36,0.38,50,within_sampled_range,IU,128,91.66666666666666,runs/yin_noise_matrix_20260926/results/r21dev_vgg16_bn_aa_s42/faces_rfwWM64/faces_rfwWM64/results.csv,IU
mixed,Mixed faces / AA4,r21dev_vgg16_bn_aa_s42,face_transfer,124,two_cross,RFW WM64,Faces,0.36,0.38,50,within_sampled_range,IU,129,79.16666666666666,runs/yin_noise_matrix_20260926/results/r21dev_vgg16_bn_aa_s42/faces_rfwWM64/faces_rfwWM64/results.csv,IU
mixed,Mixed faces / AA4,r21dev_vgg16_bn_aa_s42,face_transfer,124,two_cross,RFW WM64,Faces,0.36,0.38,50,within_sampled_range,IU,130,75.0,runs/yin_noise_matrix_20260926/results/r21dev_vgg16_bn_aa_s42/faces_rfwWM64/faces_rfwWM64/results.csv,IU
mixed,Mixed faces / AA4,r21dev_vgg16_bn_aa_s42,face_transfer,124,two_cross,RFW WM64,Faces,0.36,0.38,50,within_sampled_range,IU,131,79.16666666666666,runs/yin_noise_matrix_20260926/results/r21dev_vgg16_bn_aa_s42/faces_rfwWM64/faces_rfwWM64/results.csv,IU
mixed,Mixed faces / AA4,r21dev_vgg16_bn_aa_s42,face_transfer,124,two_cross,RFW WM64,Faces,0.36,0.38,50,within_sampled_range,IU,132,87.5,runs/yin_noise_matrix_20260926/results/r21dev_vgg16_bn_aa_s42/faces_rfwWM64/faces_rfwWM64/results.csv,IU
mixed,Mixed faces / AA4,r21dev_vgg16_bn_aa_s42,face_transfer,124,two_cross,RFW WM64,Faces,0.36,0.38,50,within_sampled_range,IU,133,95.83333333333334,runs/yin_noise_matrix_20260926/results/r21dev_vgg16_bn_aa_s42/faces_rfwWM64/faces_rfwWM64/results.csv,IU
mixed,Mixed faces / AA4,r21dev_vgg16_bn_aa_s42,face_transfer,124,two_cross,RFW WM64,Faces,0.36,0.38,50,within_sampled_range,IU,134,91.66666666666666,runs/yin_noise_matrix_20260926/results/r21dev_vgg16_bn_aa_s42/faces_rfwWM64/faces_rfwWM64/results.csv,IU
mixed,Mixed faces / AA4,r21dev_vgg16_bn_aa_s42,face_transfer,124,two_cross,RFW WM64,Faces,0.36,0.38,50,within_sampled_range,IU,135,79.16666666666666,runs/yin_noise_matrix_20260926/results/r21dev_vgg16_bn_aa_s42/faces_rfwWM64/faces_rfwWM64/results.csv,IU
mixed,Mixed faces / AA4,r21dev_vgg16_bn_aa_s42,face_transfer,124,two_cross,RFW WM64,Faces,0.36,0.38,50,within_sampled_range,IU,136,75.0,runs/yin_noise_matrix_20260926/results/r21dev_vgg16_bn_aa_s42/faces_rfwWM64/faces_rfwWM64/results.csv,IU
mixed,Mixed faces / AA4,r21dev_vgg16_bn_aa_s42,face_transfer,124,two_cross,RFW WM64,Faces,0.36,0.38,50,within_sampled_range,IU,137,91.66666666666666,runs/yin_noise_matrix_20260926/results/r21dev_vgg16_bn_aa_s42/faces_rfwWM64/faces_rfwWM64/results.csv,IU
mixed,Mixed faces / AA4,r21dev_vgg16_bn_aa_s42,face_transfer,124,two_cross,RFW WM64,Faces,0.36,0.38,50,within_sampled_range,IU,138,79.16666666666666,runs/yin_noise_matrix_20260926/results/r21dev_vgg16_bn_aa_s42/faces_rfwWM64/faces_rfwWM64/results.csv,IU
mixed,Mixed faces / AA4,r21dev_vgg16_bn_aa_s42,face_transfer,124,two_cross,RFW WM64,Faces,0.36,0.38,50,within_sampled_range,IU,139,87.5,runs/yin_noise_matrix_20260926/results/r21dev_vgg16_bn_aa_s42/faces_rfwWM64/faces_rfwWM64/results.csv,IU
mixed,Mixed faces / AA4,r21dev_vgg16_bn_aa_s42,face_transfer,124,two_cross,RFW WM64,Faces,0.36,0.38,50,within_sampled_range,IU,140,75.0,runs/yin_noise_matrix_20260926/results/r21dev_vgg16_bn_aa_s42/faces_rfwWM64/faces_rfwWM64/results.csv,IU
mixed,Mixed faces / AA4,r21dev_vgg16_bn_aa_s42,face_transfer,124,two_cross,RFW WM64,Faces,0.36,0.38,50,within_sampled_range,IU,141,87.5,runs/yin_noise_matrix_20260926/results/r21dev_vgg16_bn_aa_s42/faces_rfwWM64/faces_rfwWM64/results.csv,IU
mixed,Mixed faces / AA4,r21dev_vgg16_bn_aa_s42,face_transfer,124,two_cross,RFW WM64,Faces,0.36,0.38,50,within_sampled_range,IU,142,95.83333333333334,runs/yin_noise_matrix_20260926/results/r21dev_vgg16_bn_aa_s42/faces_rfwWM64/faces_rfwWM64/results.csv,IU
mixed,Mixed faces / AA4,r21dev_vgg16_bn_aa_s42,face_transfer,124,two_cross,RFW WM64,Faces,0.36,0.38,50,within_sampled_range,IU,143,91.66666666666666,runs/yin_noise_matrix_20260926/results/r21dev_vgg16_bn_aa_s42/faces_rfwWM64/faces_rfwWM64/results.csv,IU
mixed,Mixed faces / AA4,r21dev_vgg16_bn_aa_s42,face_transfer,124,two_cross,RFW WM64,Faces,0.36,0.38,50,within_sampled_range,IU,144,91.66666666666666,runs/yin_noise_matrix_20260926/results/r21dev_vgg16_bn_aa_s42/faces_rfwWM64/faces_rfwWM64/results.csv,IU
mixed,Mixed faces / AA4,r21dev_vgg16_bn_aa_s42,face_transfer,124,two_cross,RFW WM64,Faces,0.36,0.38,50,within_sampled_range,IU,145,79.16666666666666,runs/yin_noise_matrix_20260926/results/r21dev_vgg16_bn_aa_s42/faces_rfwWM64/faces_rfwWM64/results.csv,IU
mixed,Mixed faces / AA4,r21dev_vgg16_bn_aa_s42,face_transfer,124,two_cross,RFW WM64,Faces,0.36,0.38,50,within_sampled_range,IU,146,87.5,runs/yin_noise_matrix_20260926/results/r21dev_vgg16_bn_aa_s42/faces_rfwWM64/faces_rfwWM64/results.csv,IU
mixed,Mixed faces / AA4,r21dev_vgg16_bn_aa_s42,face_transfer,124,two_cross,RFW WM64,Faces,0.36,0.38,50,within_sampled_range,IU,147,83.33333333333334,runs/yin_noise_matrix_20260926/results/r21dev_vgg16_bn_aa_s42/faces_rfwWM64/faces_rfwWM64/results.csv,IU
mixed,Mixed faces / AA4,r21dev_vgg16_bn_aa_s42,face_transfer,124,two_cross,RFW WM64,Faces,0.36,0.38,50,within_sampled_range,IU,148,79.16666666666666,runs/yin_noise_matrix_20260926/results/r21dev_vgg16_bn_aa_s42/faces_rfwWM64/faces_rfwWM64/results.csv,IU
mixed,Mixed faces / AA4,r21dev_vgg16_bn_aa_s42,face_transfer,124,two_cross,RFW WM64,Faces,0.36,0.38,50,within_sampled_range,IU,149,70.83333333333334,runs/yin_noise_matrix_20260926/results/r21dev_vgg16_bn_aa_s42/faces_rfwWM64/faces_rfwWM64/results.csv,IU
mixed,Mixed faces / AA4,r21dev_vgg16_bn_aa_s42,face_transfer,124,two_cross,RFW WM64,Faces,0.36,0.38,50,within_sampled_range,IU,150,87.5,runs/yin_noise_matrix_20260926/results/r21dev_vgg16_bn_aa_s42/faces_rfwWM64/faces_rfwWM64/results.csv,IU
mixed,Mixed faces / AA4,r21dev_vgg16_bn_aa_s42,face_transfer,124,two_shared_ui,RFW WM64,Faces,0.36,0.38,50,within_sampled_range,UU,101,95.83333333333334,runs/yin_noise_matrix_20260926/results/r21dev_vgg16_bn_aa_s42/faces_rfwWM64/faces_rfwWM64/results.csv,UU
mixed,Mixed faces / AA4,r21dev_vgg16_bn_aa_s42,face_transfer,124,two_shared_ui,RFW WM64,Faces,0.36,0.38,50,within_sampled_range,UU,102,100.0,runs/yin_noise_matrix_20260926/results/r21dev_vgg16_bn_aa_s42/faces_rfwWM64/faces_rfwWM64/results.csv,UU
mixed,Mixed faces / AA4,r21dev_vgg16_bn_aa_s42,face_transfer,124,two_shared_ui,RFW WM64,Faces,0.36,0.38,50,within_sampled_range,UU,103,95.83333333333334,runs/yin_noise_matrix_20260926/results/r21dev_vgg16_bn_aa_s42/faces_rfwWM64/faces_rfwWM64/results.csv,UU
mixed,Mixed faces / AA4,r21dev_vgg16_bn_aa_s42,face_transfer,124,two_shared_ui,RFW WM64,Faces,0.36,0.38,50,within_sampled_range,UU,104,91.66666666666666,runs/yin_noise_matrix_20260926/results/r21dev_vgg16_bn_aa_s42/faces_rfwWM64/faces_rfwWM64/results.csv,UU
mixed,Mixed faces / AA4,r21dev_vgg16_bn_aa_s42,face_transfer,124,two_shared_ui,RFW WM64,Faces,0.36,0.38,50,within_sampled_range,UU,105,87.5,runs/yin_noise_matrix_20260926/results/r21dev_vgg16_bn_aa_s42/faces_rfwWM64/faces_rfwWM64/results.csv,UU
mixed,Mixed faces / AA4,r21dev_vgg16_bn_aa_s42,face_transfer,124,two_shared_ui,RFW WM64,Faces,0.36,0.38,50,within_sampled_range,UU,106,100.0,runs/yin_noise_matrix_20260926/results/r21dev_vgg16_bn_aa_s42/faces_rfwWM64/faces_rfwWM64/results.csv,UU
mixed,Mixed faces / AA4,r21dev_vgg16_bn_aa_s42,face_transfer,124,two_shared_ui,RFW WM64,Faces,0.36,0.38,50,within_sampled_range,UU,107,95.83333333333334,runs/yin_noise_matrix_20260926/results/r21dev_vgg16_bn_aa_s42/faces_rfwWM64/faces_rfwWM64/results.csv,UU
mixed,Mixed faces / AA4,r21dev_vgg16_bn_aa_s42,face_transfer,124,two_shared_ui,RFW WM64,Faces,0.36,0.38,50,within_sampled_range,UU,108,95.83333333333334,runs/yin_noise_matrix_20260926/results/r21dev_vgg16_bn_aa_s42/faces_rfwWM64/faces_rfwWM64/results.csv,UU
mixed,Mixed faces / AA4,r21dev_vgg16_bn_aa_s42,face_transfer,124,two_shared_ui,RFW WM64,Faces,0.36,0.38,50,within_sampled_range,UU,109,100.0,runs/yin_noise_matrix_20260926/results/r21dev_vgg16_bn_aa_s42/faces_rfwWM64/faces_rfwWM64/results.csv,UU
mixed,Mixed faces / AA4,r21dev_vgg16_bn_aa_s42,face_transfer,124,two_shared_ui,RFW WM64,Faces,0.36,0.38,50,within_sampled_range,UU,110,95.83333333333334,runs/yin_noise_matrix_20260926/results/r21dev_vgg16_bn_aa_s42/faces_rfwWM64/faces_rfwWM64/results.csv,UU
mixed,Mixed faces / AA4,r21dev_vgg16_bn_aa_s42,face_transfer,124,two_shared_ui,RFW WM64,Faces,0.36,0.38,50,within_sampled_range,UU,111,95.83333333333334,runs/yin_noise_matrix_20260926/results/r21dev_vgg16_bn_aa_s42/faces_rfwWM64/faces_rfwWM64/results.csv,UU
mixed,Mixed faces / AA4,r21dev_vgg16_bn_aa_s42,face_transfer,124,two_shared_ui,RFW WM64,Faces,0.36,0.38,50,within_sampled_range,UU,112,91.66666666666666,runs/yin_noise_matrix_20260926/results/r21dev_vgg16_bn_aa_s42/faces_rfwWM64/faces_rfwWM64/results.csv,UU
mixed,Mixed faces / AA4,r21dev_vgg16_bn_aa_s42,face_transfer,124,two_shared_ui,RFW WM64,Faces,0.36,0.38,50,within_sampled_range,UU,113,100.0,runs/yin_noise_matrix_20260926/results/r21dev_vgg16_bn_aa_s42/faces_rfwWM64/faces_rfwWM64/results.csv,UU
mixed,Mixed faces / AA4,r21dev_vgg16_bn_aa_s42,face_transfer,124,two_shared_ui,RFW WM64,Faces,0.36,0.38,50,within_sampled_range,UU,114,91.66666666666666,runs/yin_noise_matrix_20260926/results/r21dev_vgg16_bn_aa_s42/faces_rfwWM64/faces_rfwWM64/results.csv,UU
mixed,Mixed faces / AA4,r21dev_vgg16_bn_aa_s42,face_transfer,124,two_shared_ui,RFW WM64,Faces,0.36,0.38,50,within_sampled_range,UU,115,95.83333333333334,runs/yin_noise_matrix_20260926/results/r21dev_vgg16_bn_aa_s42/faces_rfwWM64/faces_rfwWM64/results.csv,UU
mixed,Mixed faces / AA4,r21dev_vgg16_bn_aa_s42,face_transfer,124,two_shared_ui,RFW WM64,Faces,0.36,0.38,50,within_sampled_range,UU,116,100.0,runs/yin_noise_matrix_20260926/results/r21dev_vgg16_bn_aa_s42/faces_rfwWM64/faces_rfwWM64/results.csv,UU
mixed,Mixed faces / AA4,r21dev_vgg16_bn_aa_s42,face_transfer,124,two_shared_ui,RFW WM64,Faces,0.36,0.38,50,within_sampled_range,UU,117,95.83333333333334,runs/yin_noise_matrix_20260926/results/r21dev_vgg16_bn_aa_s42/faces_rfwWM64/faces_rfwWM64/results.csv,UU
mixed,Mixed faces / AA4,r21dev_vgg16_bn_aa_s42,face_transfer,124,two_shared_ui,RFW WM64,Faces,0.36,0.38,50,within_sampled_range,UU,118,100.0,runs/yin_noise_matrix_20260926/results/r21dev_vgg16_bn_aa_s42/faces_rfwWM64/faces_rfwWM64/results.csv,UU
mixed,Mixed faces / AA4,r21dev_vgg16_bn_aa_s42,face_transfer,124,two_shared_ui,RFW WM64,Faces,0.36,0.38,50,within_sampled_range,UU,119,100.0,runs/yin_noise_matrix_20260926/results/r21dev_vgg16_bn_aa_s42/faces_rfwWM64/faces_rfwWM64/results.csv,UU
mixed,Mixed faces / AA4,r21dev_vgg16_bn_aa_s42,face_transfer,124,two_shared_ui,RFW WM64,Faces,0.36,0.38,50,within_sampled_range,UU,120,91.66666666666666,runs/yin_noise_matrix_20260926/results/r21dev_vgg16_bn_aa_s42/faces_rfwWM64/faces_rfwWM64/results.csv,UU
mixed,Mixed faces / AA4,r21dev_vgg16_bn_aa_s42,face_transfer,124,two_shared_ui,RFW WM64,Faces,0.36,0.38,50,within_sampled_range,UU,121,100.0,runs/yin_noise_matrix_20260926/results/r21dev_vgg16_bn_aa_s42/faces_rfwWM64/faces_rfwWM64/results.csv,UU
mixed,Mixed faces / AA4,r21dev_vgg16_bn_aa_s42,face_transfer,124,two_shared_ui,RFW WM64,Faces,0.36,0.38,50,within_sampled_range,UU,122,100.0,runs/yin_noise_matrix_20260926/results/r21dev_vgg16_bn_aa_s42/faces_rfwWM64/faces_rfwWM64/results.csv,UU
mixed,Mixed faces / AA4,r21dev_vgg16_bn_aa_s42,face_transfer,124,two_shared_ui,RFW WM64,Faces,0.36,0.38,50,within_sampled_range,UU,123,95.83333333333334,runs/yin_noise_matrix_20260926/results/r21dev_vgg16_bn_aa_s42/faces_rfwWM64/faces_rfwWM64/results.csv,UU
mixed,Mixed faces / AA4,r21dev_vgg16_bn_aa_s42,face_transfer,124,two_shared_ui,RFW WM64,Faces,0.36,0.38,50,within_sampled_range,UU,124,100.0,runs/yin_noise_matrix_20260926/results/r21dev_vgg16_bn_aa_s42/faces_rfwWM64/faces_rfwWM64/results.csv,UU
mixed,Mixed faces / AA4,r21dev_vgg16_bn_aa_s42,face_transfer,124,two_shared_ui,RFW WM64,Faces,0.36,0.38,50,within_sampled_range,UU,125,100.0,runs/yin_noise_matrix_20260926/results/r21dev_vgg16_bn_aa_s42/faces_rfwWM64/faces_rfwWM64/results.csv,UU
mixed,Mixed faces / AA4,r21dev_vgg16_bn_aa_s42,face_transfer,124,two_shared_ui,RFW WM64,Faces,0.36,0.38,50,within_sampled_range,UU,126,95.83333333333334,runs/yin_noise_matrix_20260926/results/r21dev_vgg16_bn_aa_s42/faces_rfwWM64/faces_rfwWM64/results.csv,UU
mixed,Mixed faces / AA4,r21dev_vgg16_bn_aa_s42,face_transfer,124,two_shared_ui,RFW WM64,Faces,0.36,0.38,50,within_sampled_range,UU,127,100.0,runs/yin_noise_matrix_20260926/results/r21dev_vgg16_bn_aa_s42/faces_rfwWM64/faces_rfwWM64/results.csv,UU
mixed,Mixed faces / AA4,r21dev_vgg16_bn_aa_s42,face_transfer,124,two_shared_ui,RFW WM64,Faces,0.36,0.38,50,within_sampled_range,UU,128,95.83333333333334,runs/yin_noise_matrix_20260926/results/r21dev_vgg16_bn_aa_s42/faces_rfwWM64/faces_rfwWM64/results.csv,UU
mixed,Mixed faces / AA4,r21dev_vgg16_bn_aa_s42,face_transfer,124,two_shared_ui,RFW WM64,Faces,0.36,0.38,50,within_sampled_range,UU,129,91.66666666666666,runs/yin_noise_matrix_20260926/results/r21dev_vgg16_bn_aa_s42/faces_rfwWM64/faces_rfwWM64/results.csv,UU
mixed,Mixed faces / AA4,r21dev_vgg16_bn_aa_s42,face_transfer,124,two_shared_ui,RFW WM64,Faces,0.36,0.38,50,within_sampled_range,UU,130,100.0,runs/yin_noise_matrix_20260926/results/r21dev_vgg16_bn_aa_s42/faces_rfwWM64/faces_rfwWM64/results.csv,UU
mixed,Mixed faces / AA4,r21dev_vgg16_bn_aa_s42,face_transfer,124,two_shared_ui,RFW WM64,Faces,0.36,0.38,50,within_sampled_range,UU,131,95.83333333333334,runs/yin_noise_matrix_20260926/results/r21dev_vgg16_bn_aa_s42/faces_rfwWM64/faces_rfwWM64/results.csv,UU
mixed,Mixed faces / AA4,r21dev_vgg16_bn_aa_s42,face_transfer,124,two_shared_ui,RFW WM64,Faces,0.36,0.38,50,within_sampled_range,UU,132,91.66666666666666,runs/yin_noise_matrix_20260926/results/r21dev_vgg16_bn_aa_s42/faces_rfwWM64/faces_rfwWM64/results.csv,UU
mixed,Mixed faces / AA4,r21dev_vgg16_bn_aa_s42,face_transfer,124,two_shared_ui,RFW WM64,Faces,0.36,0.38,50,within_sampled_range,UU,133,91.66666666666666,runs/yin_noise_matrix_20260926/results/r21dev_vgg16_bn_aa_s42/faces_rfwWM64/faces_rfwWM64/results.csv,UU
mixed,Mixed faces / AA4,r21dev_vgg16_bn_aa_s42,face_transfer,124,two_shared_ui,RFW WM64,Faces,0.36,0.38,50,within_sampled_range,UU,134,95.83333333333334,runs/yin_noise_matrix_20260926/results/r21dev_vgg16_bn_aa_s42/faces_rfwWM64/faces_rfwWM64/results.csv,UU
mixed,Mixed faces / AA4,r21dev_vgg16_bn_aa_s42,face_transfer,124,two_shared_ui,RFW WM64,Faces,0.36,0.38,50,within_sampled_range,UU,135,91.66666666666666,runs/yin_noise_matrix_20260926/results/r21dev_vgg16_bn_aa_s42/faces_rfwWM64/faces_rfwWM64/results.csv,UU
mixed,Mixed faces / AA4,r21dev_vgg16_bn_aa_s42,face_transfer,124,two_shared_ui,RFW WM64,Faces,0.36,0.38,50,within_sampled_range,UU,136,91.66666666666666,runs/yin_noise_matrix_20260926/results/r21dev_vgg16_bn_aa_s42/faces_rfwWM64/faces_rfwWM64/results.csv,UU
mixed,Mixed faces / AA4,r21dev_vgg16_bn_aa_s42,face_transfer,124,two_shared_ui,RFW WM64,Faces,0.36,0.38,50,within_sampled_range,UU,137,95.83333333333334,runs/yin_noise_matrix_20260926/results/r21dev_vgg16_bn_aa_s42/faces_rfwWM64/faces_rfwWM64/results.csv,UU
mixed,Mixed faces / AA4,r21dev_vgg16_bn_aa_s42,face_transfer,124,two_shared_ui,RFW WM64,Faces,0.36,0.38,50,within_sampled_range,UU,138,91.66666666666666,runs/yin_noise_matrix_20260926/results/r21dev_vgg16_bn_aa_s42/faces_rfwWM64/faces_rfwWM64/results.csv,UU
mixed,Mixed faces / AA4,r21dev_vgg16_bn_aa_s42,face_transfer,124,two_shared_ui,RFW WM64,Faces,0.36,0.38,50,within_sampled_range,UU,139,95.83333333333334,runs/yin_noise_matrix_20260926/results/r21dev_vgg16_bn_aa_s42/faces_rfwWM64/faces_rfwWM64/results.csv,UU
mixed,Mixed faces / AA4,r21dev_vgg16_bn_aa_s42,face_transfer,124,two_shared_ui,RFW WM64,Faces,0.36,0.38,50,within_sampled_range,UU,140,87.5,runs/yin_noise_matrix_20260926/results/r21dev_vgg16_bn_aa_s42/faces_rfwWM64/faces_rfwWM64/results.csv,UU
mixed,Mixed faces / AA4,r21dev_vgg16_bn_aa_s42,face_transfer,124,two_shared_ui,RFW WM64,Faces,0.36,0.38,50,within_sampled_range,UU,141,100.0,runs/yin_noise_matrix_20260926/results/r21dev_vgg16_bn_aa_s42/faces_rfwWM64/faces_rfwWM64/results.csv,UU
mixed,Mixed faces / AA4,r21dev_vgg16_bn_aa_s42,face_transfer,124,two_shared_ui,RFW WM64,Faces,0.36,0.38,50,within_sampled_range,UU,142,91.66666666666666,runs/yin_noise_matrix_20260926/results/r21dev_vgg16_bn_aa_s42/faces_rfwWM64/faces_rfwWM64/results.csv,UU
mixed,Mixed faces / AA4,r21dev_vgg16_bn_aa_s42,face_transfer,124,two_shared_ui,RFW WM64,Faces,0.36,0.38,50,within_sampled_range,UU,143,100.0,runs/yin_noise_matrix_20260926/results/r21dev_vgg16_bn_aa_s42/faces_rfwWM64/faces_rfwWM64/results.csv,UU
mixed,Mixed faces / AA4,r21dev_vgg16_bn_aa_s42,face_transfer,124,two_shared_ui,RFW WM64,Faces,0.36,0.38,50,within_sampled_range,UU,144,95.83333333333334,runs/yin_noise_matrix_20260926/results/r21dev_vgg16_bn_aa_s42/faces_rfwWM64/faces_rfwWM64/results.csv,UU
mixed,Mixed faces / AA4,r21dev_vgg16_bn_aa_s42,face_transfer,124,two_shared_ui,RFW WM64,Faces,0.36,0.38,50,within_sampled_range,UU,145,95.83333333333334,runs/yin_noise_matrix_20260926/results/r21dev_vgg16_bn_aa_s42/faces_rfwWM64/faces_rfwWM64/results.csv,UU
mixed,Mixed faces / AA4,r21dev_vgg16_bn_aa_s42,face_transfer,124,two_shared_ui,RFW WM64,Faces,0.36,0.38,50,within_sampled_range,UU,146,87.5,runs/yin_noise_matrix_20260926/results/r21dev_vgg16_bn_aa_s42/faces_rfwWM64/faces_rfwWM64/results.csv,UU
mixed,Mixed faces / AA4,r21dev_vgg16_bn_aa_s42,face_transfer,124,two_shared_ui,RFW WM64,Faces,0.36,0.38,50,within_sampled_range,UU,147,91.66666666666666,runs/yin_noise_matrix_20260926/results/r21dev_vgg16_bn_aa_s42/faces_rfwWM64/faces_rfwWM64/results.csv,UU
mixed,Mixed faces / AA4,r21dev_vgg16_bn_aa_s42,face_transfer,124,two_shared_ui,RFW WM64,Faces,0.36,0.38,50,within_sampled_range,UU,148,95.83333333333334,runs/yin_noise_matrix_20260926/results/r21dev_vgg16_bn_aa_s42/faces_rfwWM64/faces_rfwWM64/results.csv,UU
mixed,Mixed faces / AA4,r21dev_vgg16_bn_aa_s42,face_transfer,124,two_shared_ui,RFW WM64,Faces,0.36,0.38,50,within_sampled_range,UU,149,95.83333333333334,runs/yin_noise_matrix_20260926/results/r21dev_vgg16_bn_aa_s42/faces_rfwWM64/faces_rfwWM64/results.csv,UU
mixed,Mixed faces / AA4,r21dev_vgg16_bn_aa_s42,face_transfer,124,two_shared_ui,RFW WM64,Faces,0.36,0.38,50,within_sampled_range,UU,150,100.0,runs/yin_noise_matrix_20260926/results/r21dev_vgg16_bn_aa_s42/faces_rfwWM64/faces_rfwWM64/results.csv,UU
mixed,Mixed faces / AA4,r21dev_vgg16_bn_aa_s42,face_transfer,124,two_shared_ui,RFW WM64,Faces,0.36,0.38,50,within_sampled_range,II,101,87.5,runs/yin_noise_matrix_20260926/results/r21dev_vgg16_bn_aa_s42/faces_rfwWM64/faces_rfwWM64/results.csv,II
mixed,Mixed faces / AA4,r21dev_vgg16_bn_aa_s42,face_transfer,124,two_shared_ui,RFW WM64,Faces,0.36,0.38,50,within_sampled_range,II,102,83.33333333333334,runs/yin_noise_matrix_20260926/results/r21dev_vgg16_bn_aa_s42/faces_rfwWM64/faces_rfwWM64/results.csv,II
mixed,Mixed faces / AA4,r21dev_vgg16_bn_aa_s42,face_transfer,124,two_shared_ui,RFW WM64,Faces,0.36,0.38,50,within_sampled_range,II,103,91.66666666666666,runs/yin_noise_matrix_20260926/results/r21dev_vgg16_bn_aa_s42/faces_rfwWM64/faces_rfwWM64/results.csv,II
mixed,Mixed faces / AA4,r21dev_vgg16_bn_aa_s42,face_transfer,124,two_shared_ui,RFW WM64,Faces,0.36,0.38,50,within_sampled_range,II,104,87.5,runs/yin_noise_matrix_20260926/results/r21dev_vgg16_bn_aa_s42/faces_rfwWM64/faces_rfwWM64/results.csv,II
mixed,Mixed faces / AA4,r21dev_vgg16_bn_aa_s42,face_transfer,124,two_shared_ui,RFW WM64,Faces,0.36,0.38,50,within_sampled_range,II,105,66.66666666666666,runs/yin_noise_matrix_20260926/results/r21dev_vgg16_bn_aa_s42/faces_rfwWM64/faces_rfwWM64/results.csv,II
mixed,Mixed faces / AA4,r21dev_vgg16_bn_aa_s42,face_transfer,124,two_shared_ui,RFW WM64,Faces,0.36,0.38,50,within_sampled_range,II,106,91.66666666666666,runs/yin_noise_matrix_20260926/results/r21dev_vgg16_bn_aa_s42/faces_rfwWM64/faces_rfwWM64/results.csv,II
mixed,Mixed faces / AA4,r21dev_vgg16_bn_aa_s42,face_transfer,124,two_shared_ui,RFW WM64,Faces,0.36,0.38,50,within_sampled_range,II,107,87.5,runs/yin_noise_matrix_20260926/results/r21dev_vgg16_bn_aa_s42/faces_rfwWM64/faces_rfwWM64/results.csv,II
mixed,Mixed faces / AA4,r21dev_vgg16_bn_aa_s42,face_transfer,124,two_shared_ui,RFW WM64,Faces,0.36,0.38,50,within_sampled_range,II,108,95.83333333333334,runs/yin_noise_matrix_20260926/results/r21dev_vgg16_bn_aa_s42/faces_rfwWM64/faces_rfwWM64/results.csv,II
mixed,Mixed faces / AA4,r21dev_vgg16_bn_aa_s42,face_transfer,124,two_shared_ui,RFW WM64,Faces,0.36,0.38,50,within_sampled_range,II,109,83.33333333333334,runs/yin_noise_matrix_20260926/results/r21dev_vgg16_bn_aa_s42/faces_rfwWM64/faces_rfwWM64/results.csv,II
mixed,Mixed faces / AA4,r21dev_vgg16_bn_aa_s42,face_transfer,124,two_shared_ui,RFW WM64,Faces,0.36,0.38,50,within_sampled_range,II,110,79.16666666666666,runs/yin_noise_matrix_20260926/results/r21dev_vgg16_bn_aa_s42/faces_rfwWM64/faces_rfwWM64/results.csv,II
mixed,Mixed faces / AA4,r21dev_vgg16_bn_aa_s42,face_transfer,124,two_shared_ui,RFW WM64,Faces,0.36,0.38,50,within_sampled_range,II,111,75.0,runs/yin_noise_matrix_20260926/results/r21dev_vgg16_bn_aa_s42/faces_rfwWM64/faces_rfwWM64/results.csv,II
mixed,Mixed faces / AA4,r21dev_vgg16_bn_aa_s42,face_transfer,124,two_shared_ui,RFW WM64,Faces,0.36,0.38,50,within_sampled_range,II,112,95.83333333333334,runs/yin_noise_matrix_20260926/results/r21dev_vgg16_bn_aa_s42/faces_rfwWM64/faces_rfwWM64/results.csv,II
mixed,Mixed faces / AA4,r21dev_vgg16_bn_aa_s42,face_transfer,124,two_shared_ui,RFW WM64,Faces,0.36,0.38,50,within_sampled_range,II,113,75.0,runs/yin_noise_matrix_20260926/results/r21dev_vgg16_bn_aa_s42/faces_rfwWM64/faces_rfwWM64/results.csv,II
mixed,Mixed faces / AA4,r21dev_vgg16_bn_aa_s42,face_transfer,124,two_shared_ui,RFW WM64,Faces,0.36,0.38,50,within_sampled_range,II,114,70.83333333333334,runs/yin_noise_matrix_20260926/results/r21dev_vgg16_bn_aa_s42/faces_rfwWM64/faces_rfwWM64/results.csv,II
mixed,Mixed faces / AA4,r21dev_vgg16_bn_aa_s42,face_transfer,124,two_shared_ui,RFW WM64,Faces,0.36,0.38,50,within_sampled_range,II,115,79.16666666666666,runs/yin_noise_matrix_20260926/results/r21dev_vgg16_bn_aa_s42/faces_rfwWM64/faces_rfwWM64/results.csv,II
mixed,Mixed faces / AA4,r21dev_vgg16_bn_aa_s42,face_transfer,124,two_shared_ui,RFW WM64,Faces,0.36,0.38,50,within_sampled_range,II,116,79.16666666666666,runs/yin_noise_matrix_20260926/results/r21dev_vgg16_bn_aa_s42/faces_rfwWM64/faces_rfwWM64/results.csv,II
mixed,Mixed faces / AA4,r21dev_vgg16_bn_aa_s42,face_transfer,124,two_shared_ui,RFW WM64,Faces,0.36,0.38,50,within_sampled_range,II,117,83.33333333333334,runs/yin_noise_matrix_20260926/results/r21dev_vgg16_bn_aa_s42/faces_rfwWM64/faces_rfwWM64/results.csv,II
mixed,Mixed faces / AA4,r21dev_vgg16_bn_aa_s42,face_transfer,124,two_shared_ui,RFW WM64,Faces,0.36,0.38,50,within_sampled_range,II,118,91.66666666666666,runs/yin_noise_matrix_20260926/results/r21dev_vgg16_bn_aa_s42/faces_rfwWM64/faces_rfwWM64/results.csv,II
mixed,Mixed faces / AA4,r21dev_vgg16_bn_aa_s42,face_transfer,124,two_shared_ui,RFW WM64,Faces,0.36,0.38,50,within_sampled_range,II,119,87.5,runs/yin_noise_matrix_20260926/results/r21dev_vgg16_bn_aa_s42/faces_rfwWM64/faces_rfwWM64/results.csv,II
mixed,Mixed faces / AA4,r21dev_vgg16_bn_aa_s42,face_transfer,124,two_shared_ui,RFW WM64,Faces,0.36,0.38,50,within_sampled_range,II,120,79.16666666666666,runs/yin_noise_matrix_20260926/results/r21dev_vgg16_bn_aa_s42/faces_rfwWM64/faces_rfwWM64/results.csv,II
mixed,Mixed faces / AA4,r21dev_vgg16_bn_aa_s42,face_transfer,124,two_shared_ui,RFW WM64,Faces,0.36,0.38,50,within_sampled_range,II,121,95.83333333333334,runs/yin_noise_matrix_20260926/results/r21dev_vgg16_bn_aa_s42/faces_rfwWM64/faces_rfwWM64/results.csv,II
mixed,Mixed faces / AA4,r21dev_vgg16_bn_aa_s42,face_transfer,124,two_shared_ui,RFW WM64,Faces,0.36,0.38,50,within_sampled_range,II,122,87.5,runs/yin_noise_matrix_20260926/results/r21dev_vgg16_bn_aa_s42/faces_rfwWM64/faces_rfwWM64/results.csv,II
mixed,Mixed faces / AA4,r21dev_vgg16_bn_aa_s42,face_transfer,124,two_shared_ui,RFW WM64,Faces,0.36,0.38,50,within_sampled_range,II,123,91.66666666666666,runs/yin_noise_matrix_20260926/results/r21dev_vgg16_bn_aa_s42/faces_rfwWM64/faces_rfwWM64/results.csv,II
mixed,Mixed faces / AA4,r21dev_vgg16_bn_aa_s42,face_transfer,124,two_shared_ui,RFW WM64,Faces,0.36,0.38,50,within_sampled_range,II,124,87.5,runs/yin_noise_matrix_20260926/results/r21dev_vgg16_bn_aa_s42/faces_rfwWM64/faces_rfwWM64/results.csv,II
mixed,Mixed faces / AA4,r21dev_vgg16_bn_aa_s42,face_transfer,124,two_shared_ui,RFW WM64,Faces,0.36,0.38,50,within_sampled_range,II,125,83.33333333333334,runs/yin_noise_matrix_20260926/results/r21dev_vgg16_bn_aa_s42/faces_rfwWM64/faces_rfwWM64/results.csv,II
mixed,Mixed faces / AA4,r21dev_vgg16_bn_aa_s42,face_transfer,124,two_shared_ui,RFW WM64,Faces,0.36,0.38,50,within_sampled_range,II,126,91.66666666666666,runs/yin_noise_matrix_20260926/results/r21dev_vgg16_bn_aa_s42/faces_rfwWM64/faces_rfwWM64/results.csv,II
mixed,Mixed faces / AA4,r21dev_vgg16_bn_aa_s42,face_transfer,124,two_shared_ui,RFW WM64,Faces,0.36,0.38,50,within_sampled_range,II,127,87.5,runs/yin_noise_matrix_20260926/results/r21dev_vgg16_bn_aa_s42/faces_rfwWM64/faces_rfwWM64/results.csv,II
mixed,Mixed faces / AA4,r21dev_vgg16_bn_aa_s42,face_transfer,124,two_shared_ui,RFW WM64,Faces,0.36,0.38,50,within_sampled_range,II,128,83.33333333333334,runs/yin_noise_matrix_20260926/results/r21dev_vgg16_bn_aa_s42/faces_rfwWM64/faces_rfwWM64/results.csv,II
mixed,Mixed faces / AA4,r21dev_vgg16_bn_aa_s42,face_transfer,124,two_shared_ui,RFW WM64,Faces,0.36,0.38,50,within_sampled_range,II,129,91.66666666666666,runs/yin_noise_matrix_20260926/results/r21dev_vgg16_bn_aa_s42/faces_rfwWM64/faces_rfwWM64/results.csv,II
mixed,Mixed faces / AA4,r21dev_vgg16_bn_aa_s42,face_transfer,124,two_shared_ui,RFW WM64,Faces,0.36,0.38,50,within_sampled_range,II,130,70.83333333333334,runs/yin_noise_matrix_20260926/results/r21dev_vgg16_bn_aa_s42/faces_rfwWM64/faces_rfwWM64/results.csv,II
mixed,Mixed faces / AA4,r21dev_vgg16_bn_aa_s42,face_transfer,124,two_shared_ui,RFW WM64,Faces,0.36,0.38,50,within_sampled_range,II,131,79.16666666666666,runs/yin_noise_matrix_20260926/results/r21dev_vgg16_bn_aa_s42/faces_rfwWM64/faces_rfwWM64/results.csv,II
mixed,Mixed faces / AA4,r21dev_vgg16_bn_aa_s42,face_transfer,124,two_shared_ui,RFW WM64,Faces,0.36,0.38,50,within_sampled_range,II,132,95.83333333333334,runs/yin_noise_matrix_20260926/results/r21dev_vgg16_bn_aa_s42/faces_rfwWM64/faces_rfwWM64/results.csv,II
mixed,Mixed faces / AA4,r21dev_vgg16_bn_aa_s42,face_transfer,124,two_shared_ui,RFW WM64,Faces,0.36,0.38,50,within_sampled_range,II,133,87.5,runs/yin_noise_matrix_20260926/results/r21dev_vgg16_bn_aa_s42/faces_rfwWM64/faces_rfwWM64/results.csv,II
mixed,Mixed faces / AA4,r21dev_vgg16_bn_aa_s42,face_transfer,124,two_shared_ui,RFW WM64,Faces,0.36,0.38,50,within_sampled_range,II,134,91.66666666666666,runs/yin_noise_matrix_20260926/results/r21dev_vgg16_bn_aa_s42/faces_rfwWM64/faces_rfwWM64/results.csv,II
mixed,Mixed faces / AA4,r21dev_vgg16_bn_aa_s42,face_transfer,124,two_shared_ui,RFW WM64,Faces,0.36,0.38,50,within_sampled_range,II,135,79.16666666666666,runs/yin_noise_matrix_20260926/results/r21dev_vgg16_bn_aa_s42/faces_rfwWM64/faces_rfwWM64/results.csv,II
mixed,Mixed faces / AA4,r21dev_vgg16_bn_aa_s42,face_transfer,124,two_shared_ui,RFW WM64,Faces,0.36,0.38,50,within_sampled_range,II,136,83.33333333333334,runs/yin_noise_matrix_20260926/results/r21dev_vgg16_bn_aa_s42/faces_rfwWM64/faces_rfwWM64/results.csv,II
mixed,Mixed faces / AA4,r21dev_vgg16_bn_aa_s42,face_transfer,124,two_shared_ui,RFW WM64,Faces,0.36,0.38,50,within_sampled_range,II,137,87.5,runs/yin_noise_matrix_20260926/results/r21dev_vgg16_bn_aa_s42/faces_rfwWM64/faces_rfwWM64/results.csv,II
mixed,Mixed faces / AA4,r21dev_vgg16_bn_aa_s42,face_transfer,124,two_shared_ui,RFW WM64,Faces,0.36,0.38,50,within_sampled_range,II,138,83.33333333333334,runs/yin_noise_matrix_20260926/results/r21dev_vgg16_bn_aa_s42/faces_rfwWM64/faces_rfwWM64/results.csv,II
mixed,Mixed faces / AA4,r21dev_vgg16_bn_aa_s42,face_transfer,124,two_shared_ui,RFW WM64,Faces,0.36,0.38,50,within_sampled_range,II,139,66.66666666666666,runs/yin_noise_matrix_20260926/results/r21dev_vgg16_bn_aa_s42/faces_rfwWM64/faces_rfwWM64/results.csv,II
mixed,Mixed faces / AA4,r21dev_vgg16_bn_aa_s42,face_transfer,124,two_shared_ui,RFW WM64,Faces,0.36,0.38,50,within_sampled_range,II,140,87.5,runs/yin_noise_matrix_20260926/results/r21dev_vgg16_bn_aa_s42/faces_rfwWM64/faces_rfwWM64/results.csv,II
mixed,Mixed faces / AA4,r21dev_vgg16_bn_aa_s42,face_transfer,124,two_shared_ui,RFW WM64,Faces,0.36,0.38,50,within_sampled_range,II,141,83.33333333333334,runs/yin_noise_matrix_20260926/results/r21dev_vgg16_bn_aa_s42/faces_rfwWM64/faces_rfwWM64/results.csv,II
mixed,Mixed faces / AA4,r21dev_vgg16_bn_aa_s42,face_transfer,124,two_shared_ui,RFW WM64,Faces,0.36,0.38,50,within_sampled_range,II,142,95.83333333333334,runs/yin_noise_matrix_20260926/results/r21dev_vgg16_bn_aa_s42/faces_rfwWM64/faces_rfwWM64/results.csv,II
mixed,Mixed faces / AA4,r21dev_vgg16_bn_aa_s42,face_transfer,124,two_shared_ui,RFW WM64,Faces,0.36,0.38,50,within_sampled_range,II,143,70.83333333333334,runs/yin_noise_matrix_20260926/results/r21dev_vgg16_bn_aa_s42/faces_rfwWM64/faces_rfwWM64/results.csv,II
mixed,Mixed faces / AA4,r21dev_vgg16_bn_aa_s42,face_transfer,124,two_shared_ui,RFW WM64,Faces,0.36,0.38,50,within_sampled_range,II,144,79.16666666666666,runs/yin_noise_matrix_20260926/results/r21dev_vgg16_bn_aa_s42/faces_rfwWM64/faces_rfwWM64/results.csv,II
mixed,Mixed faces / AA4,r21dev_vgg16_bn_aa_s42,face_transfer,124,two_shared_ui,RFW WM64,Faces,0.36,0.38,50,within_sampled_range,II,145,79.16666666666666,runs/yin_noise_matrix_20260926/results/r21dev_vgg16_bn_aa_s42/faces_rfwWM64/faces_rfwWM64/results.csv,II
mixed,Mixed faces / AA4,r21dev_vgg16_bn_aa_s42,face_transfer,124,two_shared_ui,RFW WM64,Faces,0.36,0.38,50,within_sampled_range,II,146,66.66666666666666,runs/yin_noise_matrix_20260926/results/r21dev_vgg16_bn_aa_s42/faces_rfwWM64/faces_rfwWM64/results.csv,II
mixed,Mixed faces / AA4,r21dev_vgg16_bn_aa_s42,face_transfer,124,two_shared_ui,RFW WM64,Faces,0.36,0.38,50,within_sampled_range,II,147,79.16666666666666,runs/yin_noise_matrix_20260926/results/r21dev_vgg16_bn_aa_s42/faces_rfwWM64/faces_rfwWM64/results.csv,II
mixed,Mixed faces / AA4,r21dev_vgg16_bn_aa_s42,face_transfer,124,two_shared_ui,RFW WM64,Faces,0.36,0.38,50,within_sampled_range,II,148,83.33333333333334,runs/yin_noise_matrix_20260926/results/r21dev_vgg16_bn_aa_s42/faces_rfwWM64/faces_rfwWM64/results.csv,II
mixed,Mixed faces / AA4,r21dev_vgg16_bn_aa_s42,face_transfer,124,two_shared_ui,RFW WM64,Faces,0.36,0.38,50,within_sampled_range,II,149,75.0,runs/yin_noise_matrix_20260926/results/r21dev_vgg16_bn_aa_s42/faces_rfwWM64/faces_rfwWM64/results.csv,II
mixed,Mixed faces / AA4,r21dev_vgg16_bn_aa_s42,face_transfer,124,two_shared_ui,RFW WM64,Faces,0.36,0.38,50,within_sampled_range,II,150,87.5,runs/yin_noise_matrix_20260926/results/r21dev_vgg16_bn_aa_s42/faces_rfwWM64/faces_rfwWM64/results.csv,II
mixed,Mixed faces / AA4,r21dev_vgg16_bn_aa_s42,face_transfer,124,two_shared_ui,RFW WM64,Faces,0.36,0.38,50,within_sampled_range,UI,101,95.83333333333334,runs/yin_noise_matrix_20260926/results/r21dev_vgg16_bn_aa_s42/faces_rfwWM64/faces_rfwWM64/results.csv,UI_shared
mixed,Mixed faces / AA4,r21dev_vgg16_bn_aa_s42,face_transfer,124,two_shared_ui,RFW WM64,Faces,0.36,0.38,50,within_sampled_range,UI,102,91.66666666666666,runs/yin_noise_matrix_20260926/results/r21dev_vgg16_bn_aa_s42/faces_rfwWM64/faces_rfwWM64/results.csv,UI_shared
mixed,Mixed faces / AA4,r21dev_vgg16_bn_aa_s42,face_transfer,124,two_shared_ui,RFW WM64,Faces,0.36,0.38,50,within_sampled_range,UI,103,87.5,runs/yin_noise_matrix_20260926/results/r21dev_vgg16_bn_aa_s42/faces_rfwWM64/faces_rfwWM64/results.csv,UI_shared
mixed,Mixed faces / AA4,r21dev_vgg16_bn_aa_s42,face_transfer,124,two_shared_ui,RFW WM64,Faces,0.36,0.38,50,within_sampled_range,UI,104,75.0,runs/yin_noise_matrix_20260926/results/r21dev_vgg16_bn_aa_s42/faces_rfwWM64/faces_rfwWM64/results.csv,UI_shared
mixed,Mixed faces / AA4,r21dev_vgg16_bn_aa_s42,face_transfer,124,two_shared_ui,RFW WM64,Faces,0.36,0.38,50,within_sampled_range,UI,105,62.5,runs/yin_noise_matrix_20260926/results/r21dev_vgg16_bn_aa_s42/faces_rfwWM64/faces_rfwWM64/results.csv,UI_shared
mixed,Mixed faces / AA4,r21dev_vgg16_bn_aa_s42,face_transfer,124,two_shared_ui,RFW WM64,Faces,0.36,0.38,50,within_sampled_range,UI,106,91.66666666666666,runs/yin_noise_matrix_20260926/results/r21dev_vgg16_bn_aa_s42/faces_rfwWM64/faces_rfwWM64/results.csv,UI_shared
mixed,Mixed faces / AA4,r21dev_vgg16_bn_aa_s42,face_transfer,124,two_shared_ui,RFW WM64,Faces,0.36,0.38,50,within_sampled_range,UI,107,83.33333333333334,runs/yin_noise_matrix_20260926/results/r21dev_vgg16_bn_aa_s42/faces_rfwWM64/faces_rfwWM64/results.csv,UI_shared
mixed,Mixed faces / AA4,r21dev_vgg16_bn_aa_s42,face_transfer,124,two_shared_ui,RFW WM64,Faces,0.36,0.38,50,within_sampled_range,UI,108,83.33333333333334,runs/yin_noise_matrix_20260926/results/r21dev_vgg16_bn_aa_s42/faces_rfwWM64/faces_rfwWM64/results.csv,UI_shared
mixed,Mixed faces / AA4,r21dev_vgg16_bn_aa_s42,face_transfer,124,two_shared_ui,RFW WM64,Faces,0.36,0.38,50,within_sampled_range,UI,109,91.66666666666666,runs/yin_noise_matrix_20260926/results/r21dev_vgg16_bn_aa_s42/faces_rfwWM64/faces_rfwWM64/results.csv,UI_shared
mixed,Mixed faces / AA4,r21dev_vgg16_bn_aa_s42,face_transfer,124,two_shared_ui,RFW WM64,Faces,0.36,0.38,50,within_sampled_range,UI,110,83.33333333333334,runs/yin_noise_matrix_20260926/results/r21dev_vgg16_bn_aa_s42/faces_rfwWM64/faces_rfwWM64/results.csv,UI_shared
mixed,Mixed faces / AA4,r21dev_vgg16_bn_aa_s42,face_transfer,124,two_shared_ui,RFW WM64,Faces,0.36,0.38,50,within_sampled_range,UI,111,87.5,runs/yin_noise_matrix_20260926/results/r21dev_vgg16_bn_aa_s42/faces_rfwWM64/faces_rfwWM64/results.csv,UI_shared
mixed,Mixed faces / AA4,r21dev_vgg16_bn_aa_s42,face_transfer,124,two_shared_ui,RFW WM64,Faces,0.36,0.38,50,within_sampled_range,UI,112,79.16666666666666,runs/yin_noise_matrix_20260926/results/r21dev_vgg16_bn_aa_s42/faces_rfwWM64/faces_rfwWM64/results.csv,UI_shared
mixed,Mixed faces / AA4,r21dev_vgg16_bn_aa_s42,face_transfer,124,two_shared_ui,RFW WM64,Faces,0.36,0.38,50,within_sampled_range,UI,113,87.5,runs/yin_noise_matrix_20260926/results/r21dev_vgg16_bn_aa_s42/faces_rfwWM64/faces_rfwWM64/results.csv,UI_shared
mixed,Mixed faces / AA4,r21dev_vgg16_bn_aa_s42,face_transfer,124,two_shared_ui,RFW WM64,Faces,0.36,0.38,50,within_sampled_range,UI,114,83.33333333333334,runs/yin_noise_matrix_20260926/results/r21dev_vgg16_bn_aa_s42/faces_rfwWM64/faces_rfwWM64/results.csv,UI_shared
mixed,Mixed faces / AA4,r21dev_vgg16_bn_aa_s42,face_transfer,124,two_shared_ui,RFW WM64,Faces,0.36,0.38,50,within_sampled_range,UI,115,95.83333333333334,runs/yin_noise_matrix_20260926/results/r21dev_vgg16_bn_aa_s42/faces_rfwWM64/faces_rfwWM64/results.csv,UI_shared
mixed,Mixed faces / AA4,r21dev_vgg16_bn_aa_s42,face_transfer,124,two_shared_ui,RFW WM64,Faces,0.36,0.38,50,within_sampled_range,UI,116,87.5,runs/yin_noise_matrix_20260926/results/r21dev_vgg16_bn_aa_s42/faces_rfwWM64/faces_rfwWM64/results.csv,UI_shared
mixed,Mixed faces / AA4,r21dev_vgg16_bn_aa_s42,face_transfer,124,two_shared_ui,RFW WM64,Faces,0.36,0.38,50,within_sampled_range,UI,117,91.66666666666666,runs/yin_noise_matrix_20260926/results/r21dev_vgg16_bn_aa_s42/faces_rfwWM64/faces_rfwWM64/results.csv,UI_shared
mixed,Mixed faces / AA4,r21dev_vgg16_bn_aa_s42,face_transfer,124,two_shared_ui,RFW WM64,Faces,0.36,0.38,50,within_sampled_range,UI,118,83.33333333333334,runs/yin_noise_matrix_20260926/results/r21dev_vgg16_bn_aa_s42/faces_rfwWM64/faces_rfwWM64/results.csv,UI_shared
mixed,Mixed faces / AA4,r21dev_vgg16_bn_aa_s42,face_transfer,124,two_shared_ui,RFW WM64,Faces,0.36,0.38,50,within_sampled_range,UI,119,95.83333333333334,runs/yin_noise_matrix_20260926/results/r21dev_vgg16_bn_aa_s42/faces_rfwWM64/faces_rfwWM64/results.csv,UI_shared
mixed,Mixed faces / AA4,r21dev_vgg16_bn_aa_s42,face_transfer,124,two_shared_ui,RFW WM64,Faces,0.36,0.38,50,within_sampled_range,UI,120,91.66666666666666,runs/yin_noise_matrix_20260926/results/r21dev_vgg16_bn_aa_s42/faces_rfwWM64/faces_rfwWM64/results.csv,UI_shared
mixed,Mixed faces / AA4,r21dev_vgg16_bn_aa_s42,face_transfer,124,two_shared_ui,RFW WM64,Faces,0.36,0.38,50,within_sampled_range,UI,121,83.33333333333334,runs/yin_noise_matrix_20260926/results/r21dev_vgg16_bn_aa_s42/faces_rfwWM64/faces_rfwWM64/results.csv,UI_shared
mixed,Mixed faces / AA4,r21dev_vgg16_bn_aa_s42,face_transfer,124,two_shared_ui,RFW WM64,Faces,0.36,0.38,50,within_sampled_range,UI,122,87.5,runs/yin_noise_matrix_20260926/results/r21dev_vgg16_bn_aa_s42/faces_rfwWM64/faces_rfwWM64/results.csv,UI_shared
mixed,Mixed faces / AA4,r21dev_vgg16_bn_aa_s42,face_transfer,124,two_shared_ui,RFW WM64,Faces,0.36,0.38,50,within_sampled_range,UI,123,95.83333333333334,runs/yin_noise_matrix_20260926/results/r21dev_vgg16_bn_aa_s42/faces_rfwWM64/faces_rfwWM64/results.csv,UI_shared
mixed,Mixed faces / AA4,r21dev_vgg16_bn_aa_s42,face_transfer,124,two_shared_ui,RFW WM64,Faces,0.36,0.38,50,within_sampled_range,UI,124,87.5,runs/yin_noise_matrix_20260926/results/r21dev_vgg16_bn_aa_s42/faces_rfwWM64/faces_rfwWM64/results.csv,UI_shared
mixed,Mixed faces / AA4,r21dev_vgg16_bn_aa_s42,face_transfer,124,two_shared_ui,RFW WM64,Faces,0.36,0.38,50,within_sampled_range,UI,125,83.33333333333334,runs/yin_noise_matrix_20260926/results/r21dev_vgg16_bn_aa_s42/faces_rfwWM64/faces_rfwWM64/results.csv,UI_shared
mixed,Mixed faces / AA4,r21dev_vgg16_bn_aa_s42,face_transfer,124,two_shared_ui,RFW WM64,Faces,0.36,0.38,50,within_sampled_range,UI,126,95.83333333333334,runs/yin_noise_matrix_20260926/results/r21dev_vgg16_bn_aa_s42/faces_rfwWM64/faces_rfwWM64/results.csv,UI_shared
mixed,Mixed faces / AA4,r21dev_vgg16_bn_aa_s42,face_transfer,124,two_shared_ui,RFW WM64,Faces,0.36,0.38,50,within_sampled_range,UI,127,83.33333333333334,runs/yin_noise_matrix_20260926/results/r21dev_vgg16_bn_aa_s42/faces_rfwWM64/faces_rfwWM64/results.csv,UI_shared
mixed,Mixed faces / AA4,r21dev_vgg16_bn_aa_s42,face_transfer,124,two_shared_ui,RFW WM64,Faces,0.36,0.38,50,within_sampled_range,UI,128,95.83333333333334,runs/yin_noise_matrix_20260926/results/r21dev_vgg16_bn_aa_s42/faces_rfwWM64/faces_rfwWM64/results.csv,UI_shared
mixed,Mixed faces / AA4,r21dev_vgg16_bn_aa_s42,face_transfer,124,two_shared_ui,RFW WM64,Faces,0.36,0.38,50,within_sampled_range,UI,129,95.83333333333334,runs/yin_noise_matrix_20260926/results/r21dev_vgg16_bn_aa_s42/faces_rfwWM64/faces_rfwWM64/results.csv,UI_shared
mixed,Mixed faces / AA4,r21dev_vgg16_bn_aa_s42,face_transfer,124,two_shared_ui,RFW WM64,Faces,0.36,0.38,50,within_sampled_range,UI,130,87.5,runs/yin_noise_matrix_20260926/results/r21dev_vgg16_bn_aa_s42/faces_rfwWM64/faces_rfwWM64/results.csv,UI_shared
mixed,Mixed faces / AA4,r21dev_vgg16_bn_aa_s42,face_transfer,124,two_shared_ui,RFW WM64,Faces,0.36,0.38,50,within_sampled_range,UI,131,91.66666666666666,runs/yin_noise_matrix_20260926/results/r21dev_vgg16_bn_aa_s42/faces_rfwWM64/faces_rfwWM64/results.csv,UI_shared
mixed,Mixed faces / AA4,r21dev_vgg16_bn_aa_s42,face_transfer,124,two_shared_ui,RFW WM64,Faces,0.36,0.38,50,within_sampled_range,UI,132,91.66666666666666,runs/yin_noise_matrix_20260926/results/r21dev_vgg16_bn_aa_s42/faces_rfwWM64/faces_rfwWM64/results.csv,UI_shared
mixed,Mixed faces / AA4,r21dev_vgg16_bn_aa_s42,face_transfer,124,two_shared_ui,RFW WM64,Faces,0.36,0.38,50,within_sampled_range,UI,133,83.33333333333334,runs/yin_noise_matrix_20260926/results/r21dev_vgg16_bn_aa_s42/faces_rfwWM64/faces_rfwWM64/results.csv,UI_shared
mixed,Mixed faces / AA4,r21dev_vgg16_bn_aa_s42,face_transfer,124,two_shared_ui,RFW WM64,Faces,0.36,0.38,50,within_sampled_range,UI,134,95.83333333333334,runs/yin_noise_matrix_20260926/results/r21dev_vgg16_bn_aa_s42/faces_rfwWM64/faces_rfwWM64/results.csv,UI_shared
mixed,Mixed faces / AA4,r21dev_vgg16_bn_aa_s42,face_transfer,124,two_shared_ui,RFW WM64,Faces,0.36,0.38,50,within_sampled_range,UI,135,79.16666666666666,runs/yin_noise_matrix_20260926/results/r21dev_vgg16_bn_aa_s42/faces_rfwWM64/faces_rfwWM64/results.csv,UI_shared
mixed,Mixed faces / AA4,r21dev_vgg16_bn_aa_s42,face_transfer,124,two_shared_ui,RFW WM64,Faces,0.36,0.38,50,within_sampled_range,UI,136,91.66666666666666,runs/yin_noise_matrix_20260926/results/r21dev_vgg16_bn_aa_s42/faces_rfwWM64/faces_rfwWM64/results.csv,UI_shared
mixed,Mixed faces / AA4,r21dev_vgg16_bn_aa_s42,face_transfer,124,two_shared_ui,RFW WM64,Faces,0.36,0.38,50,within_sampled_range,UI,137,83.33333333333334,runs/yin_noise_matrix_20260926/results/r21dev_vgg16_bn_aa_s42/faces_rfwWM64/faces_rfwWM64/results.csv,UI_shared
mixed,Mixed faces / AA4,r21dev_vgg16_bn_aa_s42,face_transfer,124,two_shared_ui,RFW WM64,Faces,0.36,0.38,50,within_sampled_range,UI,138,91.66666666666666,runs/yin_noise_matrix_20260926/results/r21dev_vgg16_bn_aa_s42/faces_rfwWM64/faces_rfwWM64/results.csv,UI_shared
mixed,Mixed faces / AA4,r21dev_vgg16_bn_aa_s42,face_transfer,124,two_shared_ui,RFW WM64,Faces,0.36,0.38,50,within_sampled_range,UI,139,87.5,runs/yin_noise_matrix_20260926/results/r21dev_vgg16_bn_aa_s42/faces_rfwWM64/faces_rfwWM64/results.csv,UI_shared
mixed,Mixed faces / AA4,r21dev_vgg16_bn_aa_s42,face_transfer,124,two_shared_ui,RFW WM64,Faces,0.36,0.38,50,within_sampled_range,UI,140,83.33333333333334,runs/yin_noise_matrix_20260926/results/r21dev_vgg16_bn_aa_s42/faces_rfwWM64/faces_rfwWM64/results.csv,UI_shared
mixed,Mixed faces / AA4,r21dev_vgg16_bn_aa_s42,face_transfer,124,two_shared_ui,RFW WM64,Faces,0.36,0.38,50,within_sampled_range,UI,141,91.66666666666666,runs/yin_noise_matrix_20260926/results/r21dev_vgg16_bn_aa_s42/faces_rfwWM64/faces_rfwWM64/results.csv,UI_shared
mixed,Mixed faces / AA4,r21dev_vgg16_bn_aa_s42,face_transfer,124,two_shared_ui,RFW WM64,Faces,0.36,0.38,50,within_sampled_range,UI,142,91.66666666666666,runs/yin_noise_matrix_20260926/results/r21dev_vgg16_bn_aa_s42/faces_rfwWM64/faces_rfwWM64/results.csv,UI_shared
mixed,Mixed faces / AA4,r21dev_vgg16_bn_aa_s42,face_transfer,124,two_shared_ui,RFW WM64,Faces,0.36,0.38,50,within_sampled_range,UI,143,91.66666666666666,runs/yin_noise_matrix_20260926/results/r21dev_vgg16_bn_aa_s42/faces_rfwWM64/faces_rfwWM64/results.csv,UI_shared
mixed,Mixed faces / AA4,r21dev_vgg16_bn_aa_s42,face_transfer,124,two_shared_ui,RFW WM64,Faces,0.36,0.38,50,within_sampled_range,UI,144,79.16666666666666,runs/yin_noise_matrix_20260926/results/r21dev_vgg16_bn_aa_s42/faces_rfwWM64/faces_rfwWM64/results.csv,UI_shared
mixed,Mixed faces / AA4,r21dev_vgg16_bn_aa_s42,face_transfer,124,two_shared_ui,RFW WM64,Faces,0.36,0.38,50,within_sampled_range,UI,145,87.5,runs/yin_noise_matrix_20260926/results/r21dev_vgg16_bn_aa_s42/faces_rfwWM64/faces_rfwWM64/results.csv,UI_shared
mixed,Mixed faces / AA4,r21dev_vgg16_bn_aa_s42,face_transfer,124,two_shared_ui,RFW WM64,Faces,0.36,0.38,50,within_sampled_range,UI,146,83.33333333333334,runs/yin_noise_matrix_20260926/results/r21dev_vgg16_bn_aa_s42/faces_rfwWM64/faces_rfwWM64/results.csv,UI_shared
mixed,Mixed faces / AA4,r21dev_vgg16_bn_aa_s42,face_transfer,124,two_shared_ui,RFW WM64,Faces,0.36,0.38,50,within_sampled_range,UI,147,95.83333333333334,runs/yin_noise_matrix_20260926/results/r21dev_vgg16_bn_aa_s42/faces_rfwWM64/faces_rfwWM64/results.csv,UI_shared
mixed,Mixed faces / AA4,r21dev_vgg16_bn_aa_s42,face_transfer,124,two_shared_ui,RFW WM64,Faces,0.36,0.38,50,within_sampled_range,UI,148,87.5,runs/yin_noise_matrix_20260926/results/r21dev_vgg16_bn_aa_s42/faces_rfwWM64/faces_rfwWM64/results.csv,UI_shared
mixed,Mixed faces / AA4,r21dev_vgg16_bn_aa_s42,face_transfer,124,two_shared_ui,RFW WM64,Faces,0.36,0.38,50,within_sampled_range,UI,149,83.33333333333334,runs/yin_noise_matrix_20260926/results/r21dev_vgg16_bn_aa_s42/faces_rfwWM64/faces_rfwWM64/results.csv,UI_shared
mixed,Mixed faces / AA4,r21dev_vgg16_bn_aa_s42,face_transfer,124,two_shared_ui,RFW WM64,Faces,0.36,0.38,50,within_sampled_range,UI,150,87.5,runs/yin_noise_matrix_20260926/results/r21dev_vgg16_bn_aa_s42/faces_rfwWM64/faces_rfwWM64/results.csv,UI_shared
mixed,Mixed faces / AA4,r21dev_vgg16_bn_aa_s42,face_transfer,124,two_shared_ui,RFW WM64,Faces,0.36,0.38,50,within_sampled_range,IU,101,79.16666666666666,runs/yin_noise_matrix_20260926/results/r21dev_vgg16_bn_aa_s42/faces_rfwWM64/faces_rfwWM64/results.csv,IU
mixed,Mixed faces / AA4,r21dev_vgg16_bn_aa_s42,face_transfer,124,two_shared_ui,RFW WM64,Faces,0.36,0.38,50,within_sampled_range,IU,102,83.33333333333334,runs/yin_noise_matrix_20260926/results/r21dev_vgg16_bn_aa_s42/faces_rfwWM64/faces_rfwWM64/results.csv,IU
mixed,Mixed faces / AA4,r21dev_vgg16_bn_aa_s42,face_transfer,124,two_shared_ui,RFW WM64,Faces,0.36,0.38,50,within_sampled_range,IU,103,87.5,runs/yin_noise_matrix_20260926/results/r21dev_vgg16_bn_aa_s42/faces_rfwWM64/faces_rfwWM64/results.csv,IU
mixed,Mixed faces / AA4,r21dev_vgg16_bn_aa_s42,face_transfer,124,two_shared_ui,RFW WM64,Faces,0.36,0.38,50,within_sampled_range,IU,104,83.33333333333334,runs/yin_noise_matrix_20260926/results/r21dev_vgg16_bn_aa_s42/faces_rfwWM64/faces_rfwWM64/results.csv,IU
mixed,Mixed faces / AA4,r21dev_vgg16_bn_aa_s42,face_transfer,124,two_shared_ui,RFW WM64,Faces,0.36,0.38,50,within_sampled_range,IU,105,83.33333333333334,runs/yin_noise_matrix_20260926/results/r21dev_vgg16_bn_aa_s42/faces_rfwWM64/faces_rfwWM64/results.csv,IU
mixed,Mixed faces / AA4,r21dev_vgg16_bn_aa_s42,face_transfer,124,two_shared_ui,RFW WM64,Faces,0.36,0.38,50,within_sampled_range,IU,106,91.66666666666666,runs/yin_noise_matrix_20260926/results/r21dev_vgg16_bn_aa_s42/faces_rfwWM64/faces_rfwWM64/results.csv,IU
mixed,Mixed faces / AA4,r21dev_vgg16_bn_aa_s42,face_transfer,124,two_shared_ui,RFW WM64,Faces,0.36,0.38,50,within_sampled_range,IU,107,79.16666666666666,runs/yin_noise_matrix_20260926/results/r21dev_vgg16_bn_aa_s42/faces_rfwWM64/faces_rfwWM64/results.csv,IU
mixed,Mixed faces / AA4,r21dev_vgg16_bn_aa_s42,face_transfer,124,two_shared_ui,RFW WM64,Faces,0.36,0.38,50,within_sampled_range,IU,108,83.33333333333334,runs/yin_noise_matrix_20260926/results/r21dev_vgg16_bn_aa_s42/faces_rfwWM64/faces_rfwWM64/results.csv,IU
mixed,Mixed faces / AA4,r21dev_vgg16_bn_aa_s42,face_transfer,124,two_shared_ui,RFW WM64,Faces,0.36,0.38,50,within_sampled_range,IU,109,83.33333333333334,runs/yin_noise_matrix_20260926/results/r21dev_vgg16_bn_aa_s42/faces_rfwWM64/faces_rfwWM64/results.csv,IU
mixed,Mixed faces / AA4,r21dev_vgg16_bn_aa_s42,face_transfer,124,two_shared_ui,RFW WM64,Faces,0.36,0.38,50,within_sampled_range,IU,110,83.33333333333334,runs/yin_noise_matrix_20260926/results/r21dev_vgg16_bn_aa_s42/faces_rfwWM64/faces_rfwWM64/results.csv,IU
mixed,Mixed faces / AA4,r21dev_vgg16_bn_aa_s42,face_transfer,124,two_shared_ui,RFW WM64,Faces,0.36,0.38,50,within_sampled_range,IU,111,70.83333333333334,runs/yin_noise_matrix_20260926/results/r21dev_vgg16_bn_aa_s42/faces_rfwWM64/faces_rfwWM64/results.csv,IU
mixed,Mixed faces / AA4,r21dev_vgg16_bn_aa_s42,face_transfer,124,two_shared_ui,RFW WM64,Faces,0.36,0.38,50,within_sampled_range,IU,112,75.0,runs/yin_noise_matrix_20260926/results/r21dev_vgg16_bn_aa_s42/faces_rfwWM64/faces_rfwWM64/results.csv,IU
mixed,Mixed faces / AA4,r21dev_vgg16_bn_aa_s42,face_transfer,124,two_shared_ui,RFW WM64,Faces,0.36,0.38,50,within_sampled_range,IU,113,70.83333333333334,runs/yin_noise_matrix_20260926/results/r21dev_vgg16_bn_aa_s42/faces_rfwWM64/faces_rfwWM64/results.csv,IU
mixed,Mixed faces / AA4,r21dev_vgg16_bn_aa_s42,face_transfer,124,two_shared_ui,RFW WM64,Faces,0.36,0.38,50,within_sampled_range,IU,114,79.16666666666666,runs/yin_noise_matrix_20260926/results/r21dev_vgg16_bn_aa_s42/faces_rfwWM64/faces_rfwWM64/results.csv,IU
mixed,Mixed faces / AA4,r21dev_vgg16_bn_aa_s42,face_transfer,124,two_shared_ui,RFW WM64,Faces,0.36,0.38,50,within_sampled_range,IU,115,79.16666666666666,runs/yin_noise_matrix_20260926/results/r21dev_vgg16_bn_aa_s42/faces_rfwWM64/faces_rfwWM64/results.csv,IU
mixed,Mixed faces / AA4,r21dev_vgg16_bn_aa_s42,face_transfer,124,two_shared_ui,RFW WM64,Faces,0.36,0.38,50,within_sampled_range,IU,116,91.66666666666666,runs/yin_noise_matrix_20260926/results/r21dev_vgg16_bn_aa_s42/faces_rfwWM64/faces_rfwWM64/results.csv,IU
mixed,Mixed faces / AA4,r21dev_vgg16_bn_aa_s42,face_transfer,124,two_shared_ui,RFW WM64,Faces,0.36,0.38,50,within_sampled_range,IU,117,87.5,runs/yin_noise_matrix_20260926/results/r21dev_vgg16_bn_aa_s42/faces_rfwWM64/faces_rfwWM64/results.csv,IU
mixed,Mixed faces / AA4,r21dev_vgg16_bn_aa_s42,face_transfer,124,two_shared_ui,RFW WM64,Faces,0.36,0.38,50,within_sampled_range,IU,118,91.66666666666666,runs/yin_noise_matrix_20260926/results/r21dev_vgg16_bn_aa_s42/faces_rfwWM64/faces_rfwWM64/results.csv,IU
mixed,Mixed faces / AA4,r21dev_vgg16_bn_aa_s42,face_transfer,124,two_shared_ui,RFW WM64,Faces,0.36,0.38,50,within_sampled_range,IU,119,87.5,runs/yin_noise_matrix_20260926/results/r21dev_vgg16_bn_aa_s42/faces_rfwWM64/faces_rfwWM64/results.csv,IU
mixed,Mixed faces / AA4,r21dev_vgg16_bn_aa_s42,face_transfer,124,two_shared_ui,RFW WM64,Faces,0.36,0.38,50,within_sampled_range,IU,120,75.0,runs/yin_noise_matrix_20260926/results/r21dev_vgg16_bn_aa_s42/faces_rfwWM64/faces_rfwWM64/results.csv,IU
mixed,Mixed faces / AA4,r21dev_vgg16_bn_aa_s42,face_transfer,124,two_shared_ui,RFW WM64,Faces,0.36,0.38,50,within_sampled_range,IU,121,95.83333333333334,runs/yin_noise_matrix_20260926/results/r21dev_vgg16_bn_aa_s42/faces_rfwWM64/faces_rfwWM64/results.csv,IU
mixed,Mixed faces / AA4,r21dev_vgg16_bn_aa_s42,face_transfer,124,two_shared_ui,RFW WM64,Faces,0.36,0.38,50,within_sampled_range,IU,122,79.16666666666666,runs/yin_noise_matrix_20260926/results/r21dev_vgg16_bn_aa_s42/faces_rfwWM64/faces_rfwWM64/results.csv,IU
mixed,Mixed faces / AA4,r21dev_vgg16_bn_aa_s42,face_transfer,124,two_shared_ui,RFW WM64,Faces,0.36,0.38,50,within_sampled_range,IU,123,83.33333333333334,runs/yin_noise_matrix_20260926/results/r21dev_vgg16_bn_aa_s42/faces_rfwWM64/faces_rfwWM64/results.csv,IU
mixed,Mixed faces / AA4,r21dev_vgg16_bn_aa_s42,face_transfer,124,two_shared_ui,RFW WM64,Faces,0.36,0.38,50,within_sampled_range,IU,124,79.16666666666666,runs/yin_noise_matrix_20260926/results/r21dev_vgg16_bn_aa_s42/faces_rfwWM64/faces_rfwWM64/results.csv,IU
mixed,Mixed faces / AA4,r21dev_vgg16_bn_aa_s42,face_transfer,124,two_shared_ui,RFW WM64,Faces,0.36,0.38,50,within_sampled_range,IU,125,70.83333333333334,runs/yin_noise_matrix_20260926/results/r21dev_vgg16_bn_aa_s42/faces_rfwWM64/faces_rfwWM64/results.csv,IU
mixed,Mixed faces / AA4,r21dev_vgg16_bn_aa_s42,face_transfer,124,two_shared_ui,RFW WM64,Faces,0.36,0.38,50,within_sampled_range,IU,126,87.5,runs/yin_noise_matrix_20260926/results/r21dev_vgg16_bn_aa_s42/faces_rfwWM64/faces_rfwWM64/results.csv,IU
mixed,Mixed faces / AA4,r21dev_vgg16_bn_aa_s42,face_transfer,124,two_shared_ui,RFW WM64,Faces,0.36,0.38,50,within_sampled_range,IU,127,79.16666666666666,runs/yin_noise_matrix_20260926/results/r21dev_vgg16_bn_aa_s42/faces_rfwWM64/faces_rfwWM64/results.csv,IU
mixed,Mixed faces / AA4,r21dev_vgg16_bn_aa_s42,face_transfer,124,two_shared_ui,RFW WM64,Faces,0.36,0.38,50,within_sampled_range,IU,128,91.66666666666666,runs/yin_noise_matrix_20260926/results/r21dev_vgg16_bn_aa_s42/faces_rfwWM64/faces_rfwWM64/results.csv,IU
mixed,Mixed faces / AA4,r21dev_vgg16_bn_aa_s42,face_transfer,124,two_shared_ui,RFW WM64,Faces,0.36,0.38,50,within_sampled_range,IU,129,79.16666666666666,runs/yin_noise_matrix_20260926/results/r21dev_vgg16_bn_aa_s42/faces_rfwWM64/faces_rfwWM64/results.csv,IU
mixed,Mixed faces / AA4,r21dev_vgg16_bn_aa_s42,face_transfer,124,two_shared_ui,RFW WM64,Faces,0.36,0.38,50,within_sampled_range,IU,130,75.0,runs/yin_noise_matrix_20260926/results/r21dev_vgg16_bn_aa_s42/faces_rfwWM64/faces_rfwWM64/results.csv,IU
mixed,Mixed faces / AA4,r21dev_vgg16_bn_aa_s42,face_transfer,124,two_shared_ui,RFW WM64,Faces,0.36,0.38,50,within_sampled_range,IU,131,79.16666666666666,runs/yin_noise_matrix_20260926/results/r21dev_vgg16_bn_aa_s42/faces_rfwWM64/faces_rfwWM64/results.csv,IU
mixed,Mixed faces / AA4,r21dev_vgg16_bn_aa_s42,face_transfer,124,two_shared_ui,RFW WM64,Faces,0.36,0.38,50,within_sampled_range,IU,132,87.5,runs/yin_noise_matrix_20260926/results/r21dev_vgg16_bn_aa_s42/faces_rfwWM64/faces_rfwWM64/results.csv,IU
mixed,Mixed faces / AA4,r21dev_vgg16_bn_aa_s42,face_transfer,124,two_shared_ui,RFW WM64,Faces,0.36,0.38,50,within_sampled_range,IU,133,95.83333333333334,runs/yin_noise_matrix_20260926/results/r21dev_vgg16_bn_aa_s42/faces_rfwWM64/faces_rfwWM64/results.csv,IU
mixed,Mixed faces / AA4,r21dev_vgg16_bn_aa_s42,face_transfer,124,two_shared_ui,RFW WM64,Faces,0.36,0.38,50,within_sampled_range,IU,134,91.66666666666666,runs/yin_noise_matrix_20260926/results/r21dev_vgg16_bn_aa_s42/faces_rfwWM64/faces_rfwWM64/results.csv,IU
mixed,Mixed faces / AA4,r21dev_vgg16_bn_aa_s42,face_transfer,124,two_shared_ui,RFW WM64,Faces,0.36,0.38,50,within_sampled_range,IU,135,79.16666666666666,runs/yin_noise_matrix_20260926/results/r21dev_vgg16_bn_aa_s42/faces_rfwWM64/faces_rfwWM64/results.csv,IU
mixed,Mixed faces / AA4,r21dev_vgg16_bn_aa_s42,face_transfer,124,two_shared_ui,RFW WM64,Faces,0.36,0.38,50,within_sampled_range,IU,136,75.0,runs/yin_noise_matrix_20260926/results/r21dev_vgg16_bn_aa_s42/faces_rfwWM64/faces_rfwWM64/results.csv,IU
mixed,Mixed faces / AA4,r21dev_vgg16_bn_aa_s42,face_transfer,124,two_shared_ui,RFW WM64,Faces,0.36,0.38,50,within_sampled_range,IU,137,91.66666666666666,runs/yin_noise_matrix_20260926/results/r21dev_vgg16_bn_aa_s42/faces_rfwWM64/faces_rfwWM64/results.csv,IU
mixed,Mixed faces / AA4,r21dev_vgg16_bn_aa_s42,face_transfer,124,two_shared_ui,RFW WM64,Faces,0.36,0.38,50,within_sampled_range,IU,138,79.16666666666666,runs/yin_noise_matrix_20260926/results/r21dev_vgg16_bn_aa_s42/faces_rfwWM64/faces_rfwWM64/results.csv,IU
mixed,Mixed faces / AA4,r21dev_vgg16_bn_aa_s42,face_transfer,124,two_shared_ui,RFW WM64,Faces,0.36,0.38,50,within_sampled_range,IU,139,87.5,runs/yin_noise_matrix_20260926/results/r21dev_vgg16_bn_aa_s42/faces_rfwWM64/faces_rfwWM64/results.csv,IU
mixed,Mixed faces / AA4,r21dev_vgg16_bn_aa_s42,face_transfer,124,two_shared_ui,RFW WM64,Faces,0.36,0.38,50,within_sampled_range,IU,140,75.0,runs/yin_noise_matrix_20260926/results/r21dev_vgg16_bn_aa_s42/faces_rfwWM64/faces_rfwWM64/results.csv,IU
mixed,Mixed faces / AA4,r21dev_vgg16_bn_aa_s42,face_transfer,124,two_shared_ui,RFW WM64,Faces,0.36,0.38,50,within_sampled_range,IU,141,87.5,runs/yin_noise_matrix_20260926/results/r21dev_vgg16_bn_aa_s42/faces_rfwWM64/faces_rfwWM64/results.csv,IU
mixed,Mixed faces / AA4,r21dev_vgg16_bn_aa_s42,face_transfer,124,two_shared_ui,RFW WM64,Faces,0.36,0.38,50,within_sampled_range,IU,142,95.83333333333334,runs/yin_noise_matrix_20260926/results/r21dev_vgg16_bn_aa_s42/faces_rfwWM64/faces_rfwWM64/results.csv,IU
mixed,Mixed faces / AA4,r21dev_vgg16_bn_aa_s42,face_transfer,124,two_shared_ui,RFW WM64,Faces,0.36,0.38,50,within_sampled_range,IU,143,91.66666666666666,runs/yin_noise_matrix_20260926/results/r21dev_vgg16_bn_aa_s42/faces_rfwWM64/faces_rfwWM64/results.csv,IU
mixed,Mixed faces / AA4,r21dev_vgg16_bn_aa_s42,face_transfer,124,two_shared_ui,RFW WM64,Faces,0.36,0.38,50,within_sampled_range,IU,144,91.66666666666666,runs/yin_noise_matrix_20260926/results/r21dev_vgg16_bn_aa_s42/faces_rfwWM64/faces_rfwWM64/results.csv,IU
mixed,Mixed faces / AA4,r21dev_vgg16_bn_aa_s42,face_transfer,124,two_shared_ui,RFW WM64,Faces,0.36,0.38,50,within_sampled_range,IU,145,79.16666666666666,runs/yin_noise_matrix_20260926/results/r21dev_vgg16_bn_aa_s42/faces_rfwWM64/faces_rfwWM64/results.csv,IU
mixed,Mixed faces / AA4,r21dev_vgg16_bn_aa_s42,face_transfer,124,two_shared_ui,RFW WM64,Faces,0.36,0.38,50,within_sampled_range,IU,146,87.5,runs/yin_noise_matrix_20260926/results/r21dev_vgg16_bn_aa_s42/faces_rfwWM64/faces_rfwWM64/results.csv,IU
mixed,Mixed faces / AA4,r21dev_vgg16_bn_aa_s42,face_transfer,124,two_shared_ui,RFW WM64,Faces,0.36,0.38,50,within_sampled_range,IU,147,83.33333333333334,runs/yin_noise_matrix_20260926/results/r21dev_vgg16_bn_aa_s42/faces_rfwWM64/faces_rfwWM64/results.csv,IU
mixed,Mixed faces / AA4,r21dev_vgg16_bn_aa_s42,face_transfer,124,two_shared_ui,RFW WM64,Faces,0.36,0.38,50,within_sampled_range,IU,148,79.16666666666666,runs/yin_noise_matrix_20260926/results/r21dev_vgg16_bn_aa_s42/faces_rfwWM64/faces_rfwWM64/results.csv,IU
mixed,Mixed faces / AA4,r21dev_vgg16_bn_aa_s42,face_transfer,124,two_shared_ui,RFW WM64,Faces,0.36,0.38,50,within_sampled_range,IU,149,70.83333333333334,runs/yin_noise_matrix_20260926/results/r21dev_vgg16_bn_aa_s42/faces_rfwWM64/faces_rfwWM64/results.csv,IU
mixed,Mixed faces / AA4,r21dev_vgg16_bn_aa_s42,face_transfer,124,two_shared_ui,RFW WM64,Faces,0.36,0.38,50,within_sampled_range,IU,150,87.5,runs/yin_noise_matrix_20260926/results/r21dev_vgg16_bn_aa_s42/faces_rfwWM64/faces_rfwWM64/results.csv,IU
mixed,Mixed faces / AA4,r21dev_vgg16_bn_aa_s42,face_transfer,124,single_uu,RFW WM64,Objects,0.36,,50,within_sampled_range,UU,101,95.83333333333334,runs/yin_single_noise_20260925/results/r21dev_vgg16_bn_aa_s42/faces_rfwWM64/objects/results.csv,UU
mixed,Mixed faces / AA4,r21dev_vgg16_bn_aa_s42,face_transfer,124,single_uu,RFW WM64,Objects,0.36,,50,within_sampled_range,UU,102,91.66666666666666,runs/yin_single_noise_20260925/results/r21dev_vgg16_bn_aa_s42/faces_rfwWM64/objects/results.csv,UU
mixed,Mixed faces / AA4,r21dev_vgg16_bn_aa_s42,face_transfer,124,single_uu,RFW WM64,Objects,0.36,,50,within_sampled_range,UU,103,100.0,runs/yin_single_noise_20260925/results/r21dev_vgg16_bn_aa_s42/faces_rfwWM64/objects/results.csv,UU
mixed,Mixed faces / AA4,r21dev_vgg16_bn_aa_s42,face_transfer,124,single_uu,RFW WM64,Objects,0.36,,50,within_sampled_range,UU,104,100.0,runs/yin_single_noise_20260925/results/r21dev_vgg16_bn_aa_s42/faces_rfwWM64/objects/results.csv,UU
mixed,Mixed faces / AA4,r21dev_vgg16_bn_aa_s42,face_transfer,124,single_uu,RFW WM64,Objects,0.36,,50,within_sampled_range,UU,105,100.0,runs/yin_single_noise_20260925/results/r21dev_vgg16_bn_aa_s42/faces_rfwWM64/objects/results.csv,UU
mixed,Mixed faces / AA4,r21dev_vgg16_bn_aa_s42,face_transfer,124,single_uu,RFW WM64,Objects,0.36,,50,within_sampled_range,UU,106,87.5,runs/yin_single_noise_20260925/results/r21dev_vgg16_bn_aa_s42/faces_rfwWM64/objects/results.csv,UU
mixed,Mixed faces / AA4,r21dev_vgg16_bn_aa_s42,face_transfer,124,single_uu,RFW WM64,Objects,0.36,,50,within_sampled_range,UU,107,95.83333333333334,runs/yin_single_noise_20260925/results/r21dev_vgg16_bn_aa_s42/faces_rfwWM64/objects/results.csv,UU
mixed,Mixed faces / AA4,r21dev_vgg16_bn_aa_s42,face_transfer,124,single_uu,RFW WM64,Objects,0.36,,50,within_sampled_range,UU,108,95.83333333333334,runs/yin_single_noise_20260925/results/r21dev_vgg16_bn_aa_s42/faces_rfwWM64/objects/results.csv,UU
mixed,Mixed faces / AA4,r21dev_vgg16_bn_aa_s42,face_transfer,124,single_uu,RFW WM64,Objects,0.36,,50,within_sampled_range,UU,109,100.0,runs/yin_single_noise_20260925/results/r21dev_vgg16_bn_aa_s42/faces_rfwWM64/objects/results.csv,UU
mixed,Mixed faces / AA4,r21dev_vgg16_bn_aa_s42,face_transfer,124,single_uu,RFW WM64,Objects,0.36,,50,within_sampled_range,UU,110,95.83333333333334,runs/yin_single_noise_20260925/results/r21dev_vgg16_bn_aa_s42/faces_rfwWM64/objects/results.csv,UU
mixed,Mixed faces / AA4,r21dev_vgg16_bn_aa_s42,face_transfer,124,single_uu,RFW WM64,Objects,0.36,,50,within_sampled_range,UU,111,87.5,runs/yin_single_noise_20260925/results/r21dev_vgg16_bn_aa_s42/faces_rfwWM64/objects/results.csv,UU
mixed,Mixed faces / AA4,r21dev_vgg16_bn_aa_s42,face_transfer,124,single_uu,RFW WM64,Objects,0.36,,50,within_sampled_range,UU,112,100.0,runs/yin_single_noise_20260925/results/r21dev_vgg16_bn_aa_s42/faces_rfwWM64/objects/results.csv,UU
mixed,Mixed faces / AA4,r21dev_vgg16_bn_aa_s42,face_transfer,124,single_uu,RFW WM64,Objects,0.36,,50,within_sampled_range,UU,113,91.66666666666666,runs/yin_single_noise_20260925/results/r21dev_vgg16_bn_aa_s42/faces_rfwWM64/objects/results.csv,UU
mixed,Mixed faces / AA4,r21dev_vgg16_bn_aa_s42,face_transfer,124,single_uu,RFW WM64,Objects,0.36,,50,within_sampled_range,UU,114,95.83333333333334,runs/yin_single_noise_20260925/results/r21dev_vgg16_bn_aa_s42/faces_rfwWM64/objects/results.csv,UU
mixed,Mixed faces / AA4,r21dev_vgg16_bn_aa_s42,face_transfer,124,single_uu,RFW WM64,Objects,0.36,,50,within_sampled_range,UU,115,95.83333333333334,runs/yin_single_noise_20260925/results/r21dev_vgg16_bn_aa_s42/faces_rfwWM64/objects/results.csv,UU
mixed,Mixed faces / AA4,r21dev_vgg16_bn_aa_s42,face_transfer,124,single_uu,RFW WM64,Objects,0.36,,50,within_sampled_range,UU,116,95.83333333333334,runs/yin_single_noise_20260925/results/r21dev_vgg16_bn_aa_s42/faces_rfwWM64/objects/results.csv,UU
mixed,Mixed faces / AA4,r21dev_vgg16_bn_aa_s42,face_transfer,124,single_uu,RFW WM64,Objects,0.36,,50,within_sampled_range,UU,117,100.0,runs/yin_single_noise_20260925/results/r21dev_vgg16_bn_aa_s42/faces_rfwWM64/objects/results.csv,UU
mixed,Mixed faces / AA4,r21dev_vgg16_bn_aa_s42,face_transfer,124,single_uu,RFW WM64,Objects,0.36,,50,within_sampled_range,UU,118,100.0,runs/yin_single_noise_20260925/results/r21dev_vgg16_bn_aa_s42/faces_rfwWM64/objects/results.csv,UU
mixed,Mixed faces / AA4,r21dev_vgg16_bn_aa_s42,face_transfer,124,single_uu,RFW WM64,Objects,0.36,,50,within_sampled_range,UU,119,100.0,runs/yin_single_noise_20260925/results/r21dev_vgg16_bn_aa_s42/faces_rfwWM64/objects/results.csv,UU
mixed,Mixed faces / AA4,r21dev_vgg16_bn_aa_s42,face_transfer,124,single_uu,RFW WM64,Objects,0.36,,50,within_sampled_range,UU,120,95.83333333333334,runs/yin_single_noise_20260925/results/r21dev_vgg16_bn_aa_s42/faces_rfwWM64/objects/results.csv,UU
mixed,Mixed faces / AA4,r21dev_vgg16_bn_aa_s42,face_transfer,124,single_uu,RFW WM64,Objects,0.36,,50,within_sampled_range,UU,121,100.0,runs/yin_single_noise_20260925/results/r21dev_vgg16_bn_aa_s42/faces_rfwWM64/objects/results.csv,UU
mixed,Mixed faces / AA4,r21dev_vgg16_bn_aa_s42,face_transfer,124,single_uu,RFW WM64,Objects,0.36,,50,within_sampled_range,UU,122,91.66666666666666,runs/yin_single_noise_20260925/results/r21dev_vgg16_bn_aa_s42/faces_rfwWM64/objects/results.csv,UU
mixed,Mixed faces / AA4,r21dev_vgg16_bn_aa_s42,face_transfer,124,single_uu,RFW WM64,Objects,0.36,,50,within_sampled_range,UU,123,79.16666666666666,runs/yin_single_noise_20260925/results/r21dev_vgg16_bn_aa_s42/faces_rfwWM64/objects/results.csv,UU
mixed,Mixed faces / AA4,r21dev_vgg16_bn_aa_s42,face_transfer,124,single_uu,RFW WM64,Objects,0.36,,50,within_sampled_range,UU,124,95.83333333333334,runs/yin_single_noise_20260925/results/r21dev_vgg16_bn_aa_s42/faces_rfwWM64/objects/results.csv,UU
mixed,Mixed faces / AA4,r21dev_vgg16_bn_aa_s42,face_transfer,124,single_uu,RFW WM64,Objects,0.36,,50,within_sampled_range,UU,125,95.83333333333334,runs/yin_single_noise_20260925/results/r21dev_vgg16_bn_aa_s42/faces_rfwWM64/objects/results.csv,UU
mixed,Mixed faces / AA4,r21dev_vgg16_bn_aa_s42,face_transfer,124,single_uu,RFW WM64,Objects,0.36,,50,within_sampled_range,UU,126,95.83333333333334,runs/yin_single_noise_20260925/results/r21dev_vgg16_bn_aa_s42/faces_rfwWM64/objects/results.csv,UU
mixed,Mixed faces / AA4,r21dev_vgg16_bn_aa_s42,face_transfer,124,single_uu,RFW WM64,Objects,0.36,,50,within_sampled_range,UU,127,95.83333333333334,runs/yin_single_noise_20260925/results/r21dev_vgg16_bn_aa_s42/faces_rfwWM64/objects/results.csv,UU
mixed,Mixed faces / AA4,r21dev_vgg16_bn_aa_s42,face_transfer,124,single_uu,RFW WM64,Objects,0.36,,50,within_sampled_range,UU,128,95.83333333333334,runs/yin_single_noise_20260925/results/r21dev_vgg16_bn_aa_s42/faces_rfwWM64/objects/results.csv,UU
mixed,Mixed faces / AA4,r21dev_vgg16_bn_aa_s42,face_transfer,124,single_uu,RFW WM64,Objects,0.36,,50,within_sampled_range,UU,129,100.0,runs/yin_single_noise_20260925/results/r21dev_vgg16_bn_aa_s42/faces_rfwWM64/objects/results.csv,UU
mixed,Mixed faces / AA4,r21dev_vgg16_bn_aa_s42,face_transfer,124,single_uu,RFW WM64,Objects,0.36,,50,within_sampled_range,UU,130,95.83333333333334,runs/yin_single_noise_20260925/results/r21dev_vgg16_bn_aa_s42/faces_rfwWM64/objects/results.csv,UU
mixed,Mixed faces / AA4,r21dev_vgg16_bn_aa_s42,face_transfer,124,single_uu,RFW WM64,Objects,0.36,,50,within_sampled_range,UU,131,100.0,runs/yin_single_noise_20260925/results/r21dev_vgg16_bn_aa_s42/faces_rfwWM64/objects/results.csv,UU
mixed,Mixed faces / AA4,r21dev_vgg16_bn_aa_s42,face_transfer,124,single_uu,RFW WM64,Objects,0.36,,50,within_sampled_range,UU,132,95.83333333333334,runs/yin_single_noise_20260925/results/r21dev_vgg16_bn_aa_s42/faces_rfwWM64/objects/results.csv,UU
mixed,Mixed faces / AA4,r21dev_vgg16_bn_aa_s42,face_transfer,124,single_uu,RFW WM64,Objects,0.36,,50,within_sampled_range,UU,133,95.83333333333334,runs/yin_single_noise_20260925/results/r21dev_vgg16_bn_aa_s42/faces_rfwWM64/objects/results.csv,UU
mixed,Mixed faces / AA4,r21dev_vgg16_bn_aa_s42,face_transfer,124,single_uu,RFW WM64,Objects,0.36,,50,within_sampled_range,UU,134,91.66666666666666,runs/yin_single_noise_20260925/results/r21dev_vgg16_bn_aa_s42/faces_rfwWM64/objects/results.csv,UU
mixed,Mixed faces / AA4,r21dev_vgg16_bn_aa_s42,face_transfer,124,single_uu,RFW WM64,Objects,0.36,,50,within_sampled_range,UU,135,95.83333333333334,runs/yin_single_noise_20260925/results/r21dev_vgg16_bn_aa_s42/faces_rfwWM64/objects/results.csv,UU
mixed,Mixed faces / AA4,r21dev_vgg16_bn_aa_s42,face_transfer,124,single_uu,RFW WM64,Objects,0.36,,50,within_sampled_range,UU,136,95.83333333333334,runs/yin_single_noise_20260925/results/r21dev_vgg16_bn_aa_s42/faces_rfwWM64/objects/results.csv,UU
mixed,Mixed faces / AA4,r21dev_vgg16_bn_aa_s42,face_transfer,124,single_uu,RFW WM64,Objects,0.36,,50,within_sampled_range,UU,137,100.0,runs/yin_single_noise_20260925/results/r21dev_vgg16_bn_aa_s42/faces_rfwWM64/objects/results.csv,UU
mixed,Mixed faces / AA4,r21dev_vgg16_bn_aa_s42,face_transfer,124,single_uu,RFW WM64,Objects,0.36,,50,within_sampled_range,UU,138,100.0,runs/yin_single_noise_20260925/results/r21dev_vgg16_bn_aa_s42/faces_rfwWM64/objects/results.csv,UU
mixed,Mixed faces / AA4,r21dev_vgg16_bn_aa_s42,face_transfer,124,single_uu,RFW WM64,Objects,0.36,,50,within_sampled_range,UU,139,95.83333333333334,runs/yin_single_noise_20260925/results/r21dev_vgg16_bn_aa_s42/faces_rfwWM64/objects/results.csv,UU
mixed,Mixed faces / AA4,r21dev_vgg16_bn_aa_s42,face_transfer,124,single_uu,RFW WM64,Objects,0.36,,50,within_sampled_range,UU,140,95.83333333333334,runs/yin_single_noise_20260925/results/r21dev_vgg16_bn_aa_s42/faces_rfwWM64/objects/results.csv,UU
mixed,Mixed faces / AA4,r21dev_vgg16_bn_aa_s42,face_transfer,124,single_uu,RFW WM64,Objects,0.36,,50,within_sampled_range,UU,141,100.0,runs/yin_single_noise_20260925/results/r21dev_vgg16_bn_aa_s42/faces_rfwWM64/objects/results.csv,UU
mixed,Mixed faces / AA4,r21dev_vgg16_bn_aa_s42,face_transfer,124,single_uu,RFW WM64,Objects,0.36,,50,within_sampled_range,UU,142,100.0,runs/yin_single_noise_20260925/results/r21dev_vgg16_bn_aa_s42/faces_rfwWM64/objects/results.csv,UU
mixed,Mixed faces / AA4,r21dev_vgg16_bn_aa_s42,face_transfer,124,single_uu,RFW WM64,Objects,0.36,,50,within_sampled_range,UU,143,95.83333333333334,runs/yin_single_noise_20260925/results/r21dev_vgg16_bn_aa_s42/faces_rfwWM64/objects/results.csv,UU
mixed,Mixed faces / AA4,r21dev_vgg16_bn_aa_s42,face_transfer,124,single_uu,RFW WM64,Objects,0.36,,50,within_sampled_range,UU,144,100.0,runs/yin_single_noise_20260925/results/r21dev_vgg16_bn_aa_s42/faces_rfwWM64/objects/results.csv,UU
mixed,Mixed faces / AA4,r21dev_vgg16_bn_aa_s42,face_transfer,124,single_uu,RFW WM64,Objects,0.36,,50,within_sampled_range,UU,145,91.66666666666666,runs/yin_single_noise_20260925/results/r21dev_vgg16_bn_aa_s42/faces_rfwWM64/objects/results.csv,UU
mixed,Mixed faces / AA4,r21dev_vgg16_bn_aa_s42,face_transfer,124,single_uu,RFW WM64,Objects,0.36,,50,within_sampled_range,UU,146,95.83333333333334,runs/yin_single_noise_20260925/results/r21dev_vgg16_bn_aa_s42/faces_rfwWM64/objects/results.csv,UU
mixed,Mixed faces / AA4,r21dev_vgg16_bn_aa_s42,face_transfer,124,single_uu,RFW WM64,Objects,0.36,,50,within_sampled_range,UU,147,95.83333333333334,runs/yin_single_noise_20260925/results/r21dev_vgg16_bn_aa_s42/faces_rfwWM64/objects/results.csv,UU
mixed,Mixed faces / AA4,r21dev_vgg16_bn_aa_s42,face_transfer,124,single_uu,RFW WM64,Objects,0.36,,50,within_sampled_range,UU,148,100.0,runs/yin_single_noise_20260925/results/r21dev_vgg16_bn_aa_s42/faces_rfwWM64/objects/results.csv,UU
mixed,Mixed faces / AA4,r21dev_vgg16_bn_aa_s42,face_transfer,124,single_uu,RFW WM64,Objects,0.36,,50,within_sampled_range,UU,149,91.66666666666666,runs/yin_single_noise_20260925/results/r21dev_vgg16_bn_aa_s42/faces_rfwWM64/objects/results.csv,UU
mixed,Mixed faces / AA4,r21dev_vgg16_bn_aa_s42,face_transfer,124,single_uu,RFW WM64,Objects,0.36,,50,within_sampled_range,UU,150,100.0,runs/yin_single_noise_20260925/results/r21dev_vgg16_bn_aa_s42/faces_rfwWM64/objects/results.csv,UU
mixed,Mixed faces / AA4,r21dev_vgg16_bn_aa_s42,face_transfer,124,single_uu,RFW WM64,Objects,0.36,,50,within_sampled_range,II,101,87.5,runs/yin_single_noise_20260925/results/r21dev_vgg16_bn_aa_s42/faces_rfwWM64/objects/results.csv,II
mixed,Mixed faces / AA4,r21dev_vgg16_bn_aa_s42,face_transfer,124,single_uu,RFW WM64,Objects,0.36,,50,within_sampled_range,II,102,95.83333333333334,runs/yin_single_noise_20260925/results/r21dev_vgg16_bn_aa_s42/faces_rfwWM64/objects/results.csv,II
mixed,Mixed faces / AA4,r21dev_vgg16_bn_aa_s42,face_transfer,124,single_uu,RFW WM64,Objects,0.36,,50,within_sampled_range,II,103,100.0,runs/yin_single_noise_20260925/results/r21dev_vgg16_bn_aa_s42/faces_rfwWM64/objects/results.csv,II
mixed,Mixed faces / AA4,r21dev_vgg16_bn_aa_s42,face_transfer,124,single_uu,RFW WM64,Objects,0.36,,50,within_sampled_range,II,104,95.83333333333334,runs/yin_single_noise_20260925/results/r21dev_vgg16_bn_aa_s42/faces_rfwWM64/objects/results.csv,II
mixed,Mixed faces / AA4,r21dev_vgg16_bn_aa_s42,face_transfer,124,single_uu,RFW WM64,Objects,0.36,,50,within_sampled_range,II,105,95.83333333333334,runs/yin_single_noise_20260925/results/r21dev_vgg16_bn_aa_s42/faces_rfwWM64/objects/results.csv,II
mixed,Mixed faces / AA4,r21dev_vgg16_bn_aa_s42,face_transfer,124,single_uu,RFW WM64,Objects,0.36,,50,within_sampled_range,II,106,91.66666666666666,runs/yin_single_noise_20260925/results/r21dev_vgg16_bn_aa_s42/faces_rfwWM64/objects/results.csv,II
mixed,Mixed faces / AA4,r21dev_vgg16_bn_aa_s42,face_transfer,124,single_uu,RFW WM64,Objects,0.36,,50,within_sampled_range,II,107,91.66666666666666,runs/yin_single_noise_20260925/results/r21dev_vgg16_bn_aa_s42/faces_rfwWM64/objects/results.csv,II
mixed,Mixed faces / AA4,r21dev_vgg16_bn_aa_s42,face_transfer,124,single_uu,RFW WM64,Objects,0.36,,50,within_sampled_range,II,108,100.0,runs/yin_single_noise_20260925/results/r21dev_vgg16_bn_aa_s42/faces_rfwWM64/objects/results.csv,II
mixed,Mixed faces / AA4,r21dev_vgg16_bn_aa_s42,face_transfer,124,single_uu,RFW WM64,Objects,0.36,,50,within_sampled_range,II,109,95.83333333333334,runs/yin_single_noise_20260925/results/r21dev_vgg16_bn_aa_s42/faces_rfwWM64/objects/results.csv,II
mixed,Mixed faces / AA4,r21dev_vgg16_bn_aa_s42,face_transfer,124,single_uu,RFW WM64,Objects,0.36,,50,within_sampled_range,II,110,91.66666666666666,runs/yin_single_noise_20260925/results/r21dev_vgg16_bn_aa_s42/faces_rfwWM64/objects/results.csv,II
mixed,Mixed faces / AA4,r21dev_vgg16_bn_aa_s42,face_transfer,124,single_uu,RFW WM64,Objects,0.36,,50,within_sampled_range,II,111,91.66666666666666,runs/yin_single_noise_20260925/results/r21dev_vgg16_bn_aa_s42/faces_rfwWM64/objects/results.csv,II
mixed,Mixed faces / AA4,r21dev_vgg16_bn_aa_s42,face_transfer,124,single_uu,RFW WM64,Objects,0.36,,50,within_sampled_range,II,112,95.83333333333334,runs/yin_single_noise_20260925/results/r21dev_vgg16_bn_aa_s42/faces_rfwWM64/objects/results.csv,II
mixed,Mixed faces / AA4,r21dev_vgg16_bn_aa_s42,face_transfer,124,single_uu,RFW WM64,Objects,0.36,,50,within_sampled_range,II,113,95.83333333333334,runs/yin_single_noise_20260925/results/r21dev_vgg16_bn_aa_s42/faces_rfwWM64/objects/results.csv,II
mixed,Mixed faces / AA4,r21dev_vgg16_bn_aa_s42,face_transfer,124,single_uu,RFW WM64,Objects,0.36,,50,within_sampled_range,II,114,95.83333333333334,runs/yin_single_noise_20260925/results/r21dev_vgg16_bn_aa_s42/faces_rfwWM64/objects/results.csv,II
mixed,Mixed faces / AA4,r21dev_vgg16_bn_aa_s42,face_transfer,124,single_uu,RFW WM64,Objects,0.36,,50,within_sampled_range,II,115,91.66666666666666,runs/yin_single_noise_20260925/results/r21dev_vgg16_bn_aa_s42/faces_rfwWM64/objects/results.csv,II
mixed,Mixed faces / AA4,r21dev_vgg16_bn_aa_s42,face_transfer,124,single_uu,RFW WM64,Objects,0.36,,50,within_sampled_range,II,116,95.83333333333334,runs/yin_single_noise_20260925/results/r21dev_vgg16_bn_aa_s42/faces_rfwWM64/objects/results.csv,II
mixed,Mixed faces / AA4,r21dev_vgg16_bn_aa_s42,face_transfer,124,single_uu,RFW WM64,Objects,0.36,,50,within_sampled_range,II,117,100.0,runs/yin_single_noise_20260925/results/r21dev_vgg16_bn_aa_s42/faces_rfwWM64/objects/results.csv,II
mixed,Mixed faces / AA4,r21dev_vgg16_bn_aa_s42,face_transfer,124,single_uu,RFW WM64,Objects,0.36,,50,within_sampled_range,II,118,100.0,runs/yin_single_noise_20260925/results/r21dev_vgg16_bn_aa_s42/faces_rfwWM64/objects/results.csv,II
mixed,Mixed faces / AA4,r21dev_vgg16_bn_aa_s42,face_transfer,124,single_uu,RFW WM64,Objects,0.36,,50,within_sampled_range,II,119,100.0,runs/yin_single_noise_20260925/results/r21dev_vgg16_bn_aa_s42/faces_rfwWM64/objects/results.csv,II
mixed,Mixed faces / AA4,r21dev_vgg16_bn_aa_s42,face_transfer,124,single_uu,RFW WM64,Objects,0.36,,50,within_sampled_range,II,120,100.0,runs/yin_single_noise_20260925/results/r21dev_vgg16_bn_aa_s42/faces_rfwWM64/objects/results.csv,II
mixed,Mixed faces / AA4,r21dev_vgg16_bn_aa_s42,face_transfer,124,single_uu,RFW WM64,Objects,0.36,,50,within_sampled_range,II,121,83.33333333333334,runs/yin_single_noise_20260925/results/r21dev_vgg16_bn_aa_s42/faces_rfwWM64/objects/results.csv,II
mixed,Mixed faces / AA4,r21dev_vgg16_bn_aa_s42,face_transfer,124,single_uu,RFW WM64,Objects,0.36,,50,within_sampled_range,II,122,87.5,runs/yin_single_noise_20260925/results/r21dev_vgg16_bn_aa_s42/faces_rfwWM64/objects/results.csv,II
mixed,Mixed faces / AA4,r21dev_vgg16_bn_aa_s42,face_transfer,124,single_uu,RFW WM64,Objects,0.36,,50,within_sampled_range,II,123,100.0,runs/yin_single_noise_20260925/results/r21dev_vgg16_bn_aa_s42/faces_rfwWM64/objects/results.csv,II
mixed,Mixed faces / AA4,r21dev_vgg16_bn_aa_s42,face_transfer,124,single_uu,RFW WM64,Objects,0.36,,50,within_sampled_range,II,124,100.0,runs/yin_single_noise_20260925/results/r21dev_vgg16_bn_aa_s42/faces_rfwWM64/objects/results.csv,II
mixed,Mixed faces / AA4,r21dev_vgg16_bn_aa_s42,face_transfer,124,single_uu,RFW WM64,Objects,0.36,,50,within_sampled_range,II,125,100.0,runs/yin_single_noise_20260925/results/r21dev_vgg16_bn_aa_s42/faces_rfwWM64/objects/results.csv,II
mixed,Mixed faces / AA4,r21dev_vgg16_bn_aa_s42,face_transfer,124,single_uu,RFW WM64,Objects,0.36,,50,within_sampled_range,II,126,95.83333333333334,runs/yin_single_noise_20260925/results/r21dev_vgg16_bn_aa_s42/faces_rfwWM64/objects/results.csv,II
mixed,Mixed faces / AA4,r21dev_vgg16_bn_aa_s42,face_transfer,124,single_uu,RFW WM64,Objects,0.36,,50,within_sampled_range,II,127,95.83333333333334,runs/yin_single_noise_20260925/results/r21dev_vgg16_bn_aa_s42/faces_rfwWM64/objects/results.csv,II
mixed,Mixed faces / AA4,r21dev_vgg16_bn_aa_s42,face_transfer,124,single_uu,RFW WM64,Objects,0.36,,50,within_sampled_range,II,128,95.83333333333334,runs/yin_single_noise_20260925/results/r21dev_vgg16_bn_aa_s42/faces_rfwWM64/objects/results.csv,II
mixed,Mixed faces / AA4,r21dev_vgg16_bn_aa_s42,face_transfer,124,single_uu,RFW WM64,Objects,0.36,,50,within_sampled_range,II,129,100.0,runs/yin_single_noise_20260925/results/r21dev_vgg16_bn_aa_s42/faces_rfwWM64/objects/results.csv,II
mixed,Mixed faces / AA4,r21dev_vgg16_bn_aa_s42,face_transfer,124,single_uu,RFW WM64,Objects,0.36,,50,within_sampled_range,II,130,95.83333333333334,runs/yin_single_noise_20260925/results/r21dev_vgg16_bn_aa_s42/faces_rfwWM64/objects/results.csv,II
mixed,Mixed faces / AA4,r21dev_vgg16_bn_aa_s42,face_transfer,124,single_uu,RFW WM64,Objects,0.36,,50,within_sampled_range,II,131,95.83333333333334,runs/yin_single_noise_20260925/results/r21dev_vgg16_bn_aa_s42/faces_rfwWM64/objects/results.csv,II
mixed,Mixed faces / AA4,r21dev_vgg16_bn_aa_s42,face_transfer,124,single_uu,RFW WM64,Objects,0.36,,50,within_sampled_range,II,132,95.83333333333334,runs/yin_single_noise_20260925/results/r21dev_vgg16_bn_aa_s42/faces_rfwWM64/objects/results.csv,II
mixed,Mixed faces / AA4,r21dev_vgg16_bn_aa_s42,face_transfer,124,single_uu,RFW WM64,Objects,0.36,,50,within_sampled_range,II,133,95.83333333333334,runs/yin_single_noise_20260925/results/r21dev_vgg16_bn_aa_s42/faces_rfwWM64/objects/results.csv,II
mixed,Mixed faces / AA4,r21dev_vgg16_bn_aa_s42,face_transfer,124,single_uu,RFW WM64,Objects,0.36,,50,within_sampled_range,II,134,95.83333333333334,runs/yin_single_noise_20260925/results/r21dev_vgg16_bn_aa_s42/faces_rfwWM64/objects/results.csv,II
mixed,Mixed faces / AA4,r21dev_vgg16_bn_aa_s42,face_transfer,124,single_uu,RFW WM64,Objects,0.36,,50,within_sampled_range,II,135,91.66666666666666,runs/yin_single_noise_20260925/results/r21dev_vgg16_bn_aa_s42/faces_rfwWM64/objects/results.csv,II
mixed,Mixed faces / AA4,r21dev_vgg16_bn_aa_s42,face_transfer,124,single_uu,RFW WM64,Objects,0.36,,50,within_sampled_range,II,136,95.83333333333334,runs/yin_single_noise_20260925/results/r21dev_vgg16_bn_aa_s42/faces_rfwWM64/objects/results.csv,II
mixed,Mixed faces / AA4,r21dev_vgg16_bn_aa_s42,face_transfer,124,single_uu,RFW WM64,Objects,0.36,,50,within_sampled_range,II,137,95.83333333333334,runs/yin_single_noise_20260925/results/r21dev_vgg16_bn_aa_s42/faces_rfwWM64/objects/results.csv,II
mixed,Mixed faces / AA4,r21dev_vgg16_bn_aa_s42,face_transfer,124,single_uu,RFW WM64,Objects,0.36,,50,within_sampled_range,II,138,87.5,runs/yin_single_noise_20260925/results/r21dev_vgg16_bn_aa_s42/faces_rfwWM64/objects/results.csv,II
mixed,Mixed faces / AA4,r21dev_vgg16_bn_aa_s42,face_transfer,124,single_uu,RFW WM64,Objects,0.36,,50,within_sampled_range,II,139,91.66666666666666,runs/yin_single_noise_20260925/results/r21dev_vgg16_bn_aa_s42/faces_rfwWM64/objects/results.csv,II
mixed,Mixed faces / AA4,r21dev_vgg16_bn_aa_s42,face_transfer,124,single_uu,RFW WM64,Objects,0.36,,50,within_sampled_range,II,140,95.83333333333334,runs/yin_single_noise_20260925/results/r21dev_vgg16_bn_aa_s42/faces_rfwWM64/objects/results.csv,II
mixed,Mixed faces / AA4,r21dev_vgg16_bn_aa_s42,face_transfer,124,single_uu,RFW WM64,Objects,0.36,,50,within_sampled_range,II,141,100.0,runs/yin_single_noise_20260925/results/r21dev_vgg16_bn_aa_s42/faces_rfwWM64/objects/results.csv,II
mixed,Mixed faces / AA4,r21dev_vgg16_bn_aa_s42,face_transfer,124,single_uu,RFW WM64,Objects,0.36,,50,within_sampled_range,II,142,91.66666666666666,runs/yin_single_noise_20260925/results/r21dev_vgg16_bn_aa_s42/faces_rfwWM64/objects/results.csv,II
mixed,Mixed faces / AA4,r21dev_vgg16_bn_aa_s42,face_transfer,124,single_uu,RFW WM64,Objects,0.36,,50,within_sampled_range,II,143,100.0,runs/yin_single_noise_20260925/results/r21dev_vgg16_bn_aa_s42/faces_rfwWM64/objects/results.csv,II
mixed,Mixed faces / AA4,r21dev_vgg16_bn_aa_s42,face_transfer,124,single_uu,RFW WM64,Objects,0.36,,50,within_sampled_range,II,144,100.0,runs/yin_single_noise_20260925/results/r21dev_vgg16_bn_aa_s42/faces_rfwWM64/objects/results.csv,II
mixed,Mixed faces / AA4,r21dev_vgg16_bn_aa_s42,face_transfer,124,single_uu,RFW WM64,Objects,0.36,,50,within_sampled_range,II,145,95.83333333333334,runs/yin_single_noise_20260925/results/r21dev_vgg16_bn_aa_s42/faces_rfwWM64/objects/results.csv,II
mixed,Mixed faces / AA4,r21dev_vgg16_bn_aa_s42,face_transfer,124,single_uu,RFW WM64,Objects,0.36,,50,within_sampled_range,II,146,95.83333333333334,runs/yin_single_noise_20260925/results/r21dev_vgg16_bn_aa_s42/faces_rfwWM64/objects/results.csv,II
mixed,Mixed faces / AA4,r21dev_vgg16_bn_aa_s42,face_transfer,124,single_uu,RFW WM64,Objects,0.36,,50,within_sampled_range,II,147,95.83333333333334,runs/yin_single_noise_20260925/results/r21dev_vgg16_bn_aa_s42/faces_rfwWM64/objects/results.csv,II
mixed,Mixed faces / AA4,r21dev_vgg16_bn_aa_s42,face_transfer,124,single_uu,RFW WM64,Objects,0.36,,50,within_sampled_range,II,148,95.83333333333334,runs/yin_single_noise_20260925/results/r21dev_vgg16_bn_aa_s42/faces_rfwWM64/objects/results.csv,II
mixed,Mixed faces / AA4,r21dev_vgg16_bn_aa_s42,face_transfer,124,single_uu,RFW WM64,Objects,0.36,,50,within_sampled_range,II,149,91.66666666666666,runs/yin_single_noise_20260925/results/r21dev_vgg16_bn_aa_s42/faces_rfwWM64/objects/results.csv,II
mixed,Mixed faces / AA4,r21dev_vgg16_bn_aa_s42,face_transfer,124,single_uu,RFW WM64,Objects,0.36,,50,within_sampled_range,II,150,100.0,runs/yin_single_noise_20260925/results/r21dev_vgg16_bn_aa_s42/faces_rfwWM64/objects/results.csv,II
mixed,Mixed faces / AA4,r21dev_vgg16_bn_aa_s42,face_transfer,124,single_uu,RFW WM64,Objects,0.36,,50,within_sampled_range,UI,101,95.83333333333334,runs/yin_single_noise_20260925/results/r21dev_vgg16_bn_aa_s42/faces_rfwWM64/objects/results.csv,UI
mixed,Mixed faces / AA4,r21dev_vgg16_bn_aa_s42,face_transfer,124,single_uu,RFW WM64,Objects,0.36,,50,within_sampled_range,UI,102,95.83333333333334,runs/yin_single_noise_20260925/results/r21dev_vgg16_bn_aa_s42/faces_rfwWM64/objects/results.csv,UI
mixed,Mixed faces / AA4,r21dev_vgg16_bn_aa_s42,face_transfer,124,single_uu,RFW WM64,Objects,0.36,,50,within_sampled_range,UI,103,87.5,runs/yin_single_noise_20260925/results/r21dev_vgg16_bn_aa_s42/faces_rfwWM64/objects/results.csv,UI
mixed,Mixed faces / AA4,r21dev_vgg16_bn_aa_s42,face_transfer,124,single_uu,RFW WM64,Objects,0.36,,50,within_sampled_range,UI,104,95.83333333333334,runs/yin_single_noise_20260925/results/r21dev_vgg16_bn_aa_s42/faces_rfwWM64/objects/results.csv,UI
mixed,Mixed faces / AA4,r21dev_vgg16_bn_aa_s42,face_transfer,124,single_uu,RFW WM64,Objects,0.36,,50,within_sampled_range,UI,105,100.0,runs/yin_single_noise_20260925/results/r21dev_vgg16_bn_aa_s42/faces_rfwWM64/objects/results.csv,UI
mixed,Mixed faces / AA4,r21dev_vgg16_bn_aa_s42,face_transfer,124,single_uu,RFW WM64,Objects,0.36,,50,within_sampled_range,UI,106,95.83333333333334,runs/yin_single_noise_20260925/results/r21dev_vgg16_bn_aa_s42/faces_rfwWM64/objects/results.csv,UI
mixed,Mixed faces / AA4,r21dev_vgg16_bn_aa_s42,face_transfer,124,single_uu,RFW WM64,Objects,0.36,,50,within_sampled_range,UI,107,91.66666666666666,runs/yin_single_noise_20260925/results/r21dev_vgg16_bn_aa_s42/faces_rfwWM64/objects/results.csv,UI
mixed,Mixed faces / AA4,r21dev_vgg16_bn_aa_s42,face_transfer,124,single_uu,RFW WM64,Objects,0.36,,50,within_sampled_range,UI,108,95.83333333333334,runs/yin_single_noise_20260925/results/r21dev_vgg16_bn_aa_s42/faces_rfwWM64/objects/results.csv,UI
mixed,Mixed faces / AA4,r21dev_vgg16_bn_aa_s42,face_transfer,124,single_uu,RFW WM64,Objects,0.36,,50,within_sampled_range,UI,109,95.83333333333334,runs/yin_single_noise_20260925/results/r21dev_vgg16_bn_aa_s42/faces_rfwWM64/objects/results.csv,UI
mixed,Mixed faces / AA4,r21dev_vgg16_bn_aa_s42,face_transfer,124,single_uu,RFW WM64,Objects,0.36,,50,within_sampled_range,UI,110,95.83333333333334,runs/yin_single_noise_20260925/results/r21dev_vgg16_bn_aa_s42/faces_rfwWM64/objects/results.csv,UI
mixed,Mixed faces / AA4,r21dev_vgg16_bn_aa_s42,face_transfer,124,single_uu,RFW WM64,Objects,0.36,,50,within_sampled_range,UI,111,91.66666666666666,runs/yin_single_noise_20260925/results/r21dev_vgg16_bn_aa_s42/faces_rfwWM64/objects/results.csv,UI
mixed,Mixed faces / AA4,r21dev_vgg16_bn_aa_s42,face_transfer,124,single_uu,RFW WM64,Objects,0.36,,50,within_sampled_range,UI,112,87.5,runs/yin_single_noise_20260925/results/r21dev_vgg16_bn_aa_s42/faces_rfwWM64/objects/results.csv,UI
mixed,Mixed faces / AA4,r21dev_vgg16_bn_aa_s42,face_transfer,124,single_uu,RFW WM64,Objects,0.36,,50,within_sampled_range,UI,113,87.5,runs/yin_single_noise_20260925/results/r21dev_vgg16_bn_aa_s42/faces_rfwWM64/objects/results.csv,UI
mixed,Mixed faces / AA4,r21dev_vgg16_bn_aa_s42,face_transfer,124,single_uu,RFW WM64,Objects,0.36,,50,within_sampled_range,UI,114,100.0,runs/yin_single_noise_20260925/results/r21dev_vgg16_bn_aa_s42/faces_rfwWM64/objects/results.csv,UI
mixed,Mixed faces / AA4,r21dev_vgg16_bn_aa_s42,face_transfer,124,single_uu,RFW WM64,Objects,0.36,,50,within_sampled_range,UI,115,95.83333333333334,runs/yin_single_noise_20260925/results/r21dev_vgg16_bn_aa_s42/faces_rfwWM64/objects/results.csv,UI
mixed,Mixed faces / AA4,r21dev_vgg16_bn_aa_s42,face_transfer,124,single_uu,RFW WM64,Objects,0.36,,50,within_sampled_range,UI,116,95.83333333333334,runs/yin_single_noise_20260925/results/r21dev_vgg16_bn_aa_s42/faces_rfwWM64/objects/results.csv,UI
mixed,Mixed faces / AA4,r21dev_vgg16_bn_aa_s42,face_transfer,124,single_uu,RFW WM64,Objects,0.36,,50,within_sampled_range,UI,117,87.5,runs/yin_single_noise_20260925/results/r21dev_vgg16_bn_aa_s42/faces_rfwWM64/objects/results.csv,UI
mixed,Mixed faces / AA4,r21dev_vgg16_bn_aa_s42,face_transfer,124,single_uu,RFW WM64,Objects,0.36,,50,within_sampled_range,UI,118,100.0,runs/yin_single_noise_20260925/results/r21dev_vgg16_bn_aa_s42/faces_rfwWM64/objects/results.csv,UI
mixed,Mixed faces / AA4,r21dev_vgg16_bn_aa_s42,face_transfer,124,single_uu,RFW WM64,Objects,0.36,,50,within_sampled_range,UI,119,100.0,runs/yin_single_noise_20260925/results/r21dev_vgg16_bn_aa_s42/faces_rfwWM64/objects/results.csv,UI
mixed,Mixed faces / AA4,r21dev_vgg16_bn_aa_s42,face_transfer,124,single_uu,RFW WM64,Objects,0.36,,50,within_sampled_range,UI,120,87.5,runs/yin_single_noise_20260925/results/r21dev_vgg16_bn_aa_s42/faces_rfwWM64/objects/results.csv,UI
mixed,Mixed faces / AA4,r21dev_vgg16_bn_aa_s42,face_transfer,124,single_uu,RFW WM64,Objects,0.36,,50,within_sampled_range,UI,121,87.5,runs/yin_single_noise_20260925/results/r21dev_vgg16_bn_aa_s42/faces_rfwWM64/objects/results.csv,UI
mixed,Mixed faces / AA4,r21dev_vgg16_bn_aa_s42,face_transfer,124,single_uu,RFW WM64,Objects,0.36,,50,within_sampled_range,UI,122,91.66666666666666,runs/yin_single_noise_20260925/results/r21dev_vgg16_bn_aa_s42/faces_rfwWM64/objects/results.csv,UI
mixed,Mixed faces / AA4,r21dev_vgg16_bn_aa_s42,face_transfer,124,single_uu,RFW WM64,Objects,0.36,,50,within_sampled_range,UI,123,87.5,runs/yin_single_noise_20260925/results/r21dev_vgg16_bn_aa_s42/faces_rfwWM64/objects/results.csv,UI
mixed,Mixed faces / AA4,r21dev_vgg16_bn_aa_s42,face_transfer,124,single_uu,RFW WM64,Objects,0.36,,50,within_sampled_range,UI,124,91.66666666666666,runs/yin_single_noise_20260925/results/r21dev_vgg16_bn_aa_s42/faces_rfwWM64/objects/results.csv,UI
mixed,Mixed faces / AA4,r21dev_vgg16_bn_aa_s42,face_transfer,124,single_uu,RFW WM64,Objects,0.36,,50,within_sampled_range,UI,125,95.83333333333334,runs/yin_single_noise_20260925/results/r21dev_vgg16_bn_aa_s42/faces_rfwWM64/objects/results.csv,UI
mixed,Mixed faces / AA4,r21dev_vgg16_bn_aa_s42,face_transfer,124,single_uu,RFW WM64,Objects,0.36,,50,within_sampled_range,UI,126,91.66666666666666,runs/yin_single_noise_20260925/results/r21dev_vgg16_bn_aa_s42/faces_rfwWM64/objects/results.csv,UI
mixed,Mixed faces / AA4,r21dev_vgg16_bn_aa_s42,face_transfer,124,single_uu,RFW WM64,Objects,0.36,,50,within_sampled_range,UI,127,100.0,runs/yin_single_noise_20260925/results/r21dev_vgg16_bn_aa_s42/faces_rfwWM64/objects/results.csv,UI
mixed,Mixed faces / AA4,r21dev_vgg16_bn_aa_s42,face_transfer,124,single_uu,RFW WM64,Objects,0.36,,50,within_sampled_range,UI,128,87.5,runs/yin_single_noise_20260925/results/r21dev_vgg16_bn_aa_s42/faces_rfwWM64/objects/results.csv,UI
mixed,Mixed faces / AA4,r21dev_vgg16_bn_aa_s42,face_transfer,124,single_uu,RFW WM64,Objects,0.36,,50,within_sampled_range,UI,129,83.33333333333334,runs/yin_single_noise_20260925/results/r21dev_vgg16_bn_aa_s42/faces_rfwWM64/objects/results.csv,UI
mixed,Mixed faces / AA4,r21dev_vgg16_bn_aa_s42,face_transfer,124,single_uu,RFW WM64,Objects,0.36,,50,within_sampled_range,UI,130,100.0,runs/yin_single_noise_20260925/results/r21dev_vgg16_bn_aa_s42/faces_rfwWM64/objects/results.csv,UI
mixed,Mixed faces / AA4,r21dev_vgg16_bn_aa_s42,face_transfer,124,single_uu,RFW WM64,Objects,0.36,,50,within_sampled_range,UI,131,95.83333333333334,runs/yin_single_noise_20260925/results/r21dev_vgg16_bn_aa_s42/faces_rfwWM64/objects/results.csv,UI
mixed,Mixed faces / AA4,r21dev_vgg16_bn_aa_s42,face_transfer,124,single_uu,RFW WM64,Objects,0.36,,50,within_sampled_range,UI,132,91.66666666666666,runs/yin_single_noise_20260925/results/r21dev_vgg16_bn_aa_s42/faces_rfwWM64/objects/results.csv,UI
mixed,Mixed faces / AA4,r21dev_vgg16_bn_aa_s42,face_transfer,124,single_uu,RFW WM64,Objects,0.36,,50,within_sampled_range,UI,133,91.66666666666666,runs/yin_single_noise_20260925/results/r21dev_vgg16_bn_aa_s42/faces_rfwWM64/objects/results.csv,UI
mixed,Mixed faces / AA4,r21dev_vgg16_bn_aa_s42,face_transfer,124,single_uu,RFW WM64,Objects,0.36,,50,within_sampled_range,UI,134,100.0,runs/yin_single_noise_20260925/results/r21dev_vgg16_bn_aa_s42/faces_rfwWM64/objects/results.csv,UI
mixed,Mixed faces / AA4,r21dev_vgg16_bn_aa_s42,face_transfer,124,single_uu,RFW WM64,Objects,0.36,,50,within_sampled_range,UI,135,91.66666666666666,runs/yin_single_noise_20260925/results/r21dev_vgg16_bn_aa_s42/faces_rfwWM64/objects/results.csv,UI
mixed,Mixed faces / AA4,r21dev_vgg16_bn_aa_s42,face_transfer,124,single_uu,RFW WM64,Objects,0.36,,50,within_sampled_range,UI,136,87.5,runs/yin_single_noise_20260925/results/r21dev_vgg16_bn_aa_s42/faces_rfwWM64/objects/results.csv,UI
mixed,Mixed faces / AA4,r21dev_vgg16_bn_aa_s42,face_transfer,124,single_uu,RFW WM64,Objects,0.36,,50,within_sampled_range,UI,137,83.33333333333334,runs/yin_single_noise_20260925/results/r21dev_vgg16_bn_aa_s42/faces_rfwWM64/objects/results.csv,UI
mixed,Mixed faces / AA4,r21dev_vgg16_bn_aa_s42,face_transfer,124,single_uu,RFW WM64,Objects,0.36,,50,within_sampled_range,UI,138,91.66666666666666,runs/yin_single_noise_20260925/results/r21dev_vgg16_bn_aa_s42/faces_rfwWM64/objects/results.csv,UI
mixed,Mixed faces / AA4,r21dev_vgg16_bn_aa_s42,face_transfer,124,single_uu,RFW WM64,Objects,0.36,,50,within_sampled_range,UI,139,87.5,runs/yin_single_noise_20260925/results/r21dev_vgg16_bn_aa_s42/faces_rfwWM64/objects/results.csv,UI
mixed,Mixed faces / AA4,r21dev_vgg16_bn_aa_s42,face_transfer,124,single_uu,RFW WM64,Objects,0.36,,50,within_sampled_range,UI,140,95.83333333333334,runs/yin_single_noise_20260925/results/r21dev_vgg16_bn_aa_s42/faces_rfwWM64/objects/results.csv,UI
mixed,Mixed faces / AA4,r21dev_vgg16_bn_aa_s42,face_transfer,124,single_uu,RFW WM64,Objects,0.36,,50,within_sampled_range,UI,141,100.0,runs/yin_single_noise_20260925/results/r21dev_vgg16_bn_aa_s42/faces_rfwWM64/objects/results.csv,UI
mixed,Mixed faces / AA4,r21dev_vgg16_bn_aa_s42,face_transfer,124,single_uu,RFW WM64,Objects,0.36,,50,within_sampled_range,UI,142,91.66666666666666,runs/yin_single_noise_20260925/results/r21dev_vgg16_bn_aa_s42/faces_rfwWM64/objects/results.csv,UI
mixed,Mixed faces / AA4,r21dev_vgg16_bn_aa_s42,face_transfer,124,single_uu,RFW WM64,Objects,0.36,,50,within_sampled_range,UI,143,95.83333333333334,runs/yin_single_noise_20260925/results/r21dev_vgg16_bn_aa_s42/faces_rfwWM64/objects/results.csv,UI
mixed,Mixed faces / AA4,r21dev_vgg16_bn_aa_s42,face_transfer,124,single_uu,RFW WM64,Objects,0.36,,50,within_sampled_range,UI,144,91.66666666666666,runs/yin_single_noise_20260925/results/r21dev_vgg16_bn_aa_s42/faces_rfwWM64/objects/results.csv,UI
mixed,Mixed faces / AA4,r21dev_vgg16_bn_aa_s42,face_transfer,124,single_uu,RFW WM64,Objects,0.36,,50,within_sampled_range,UI,145,95.83333333333334,runs/yin_single_noise_20260925/results/r21dev_vgg16_bn_aa_s42/faces_rfwWM64/objects/results.csv,UI
mixed,Mixed faces / AA4,r21dev_vgg16_bn_aa_s42,face_transfer,124,single_uu,RFW WM64,Objects,0.36,,50,within_sampled_range,UI,146,91.66666666666666,runs/yin_single_noise_20260925/results/r21dev_vgg16_bn_aa_s42/faces_rfwWM64/objects/results.csv,UI
mixed,Mixed faces / AA4,r21dev_vgg16_bn_aa_s42,face_transfer,124,single_uu,RFW WM64,Objects,0.36,,50,within_sampled_range,UI,147,100.0,runs/yin_single_noise_20260925/results/r21dev_vgg16_bn_aa_s42/faces_rfwWM64/objects/results.csv,UI
mixed,Mixed faces / AA4,r21dev_vgg16_bn_aa_s42,face_transfer,124,single_uu,RFW WM64,Objects,0.36,,50,within_sampled_range,UI,148,91.66666666666666,runs/yin_single_noise_20260925/results/r21dev_vgg16_bn_aa_s42/faces_rfwWM64/objects/results.csv,UI
mixed,Mixed faces / AA4,r21dev_vgg16_bn_aa_s42,face_transfer,124,single_uu,RFW WM64,Objects,0.36,,50,within_sampled_range,UI,149,87.5,runs/yin_single_noise_20260925/results/r21dev_vgg16_bn_aa_s42/faces_rfwWM64/objects/results.csv,UI
mixed,Mixed faces / AA4,r21dev_vgg16_bn_aa_s42,face_transfer,124,single_uu,RFW WM64,Objects,0.36,,50,within_sampled_range,UI,150,87.5,runs/yin_single_noise_20260925/results/r21dev_vgg16_bn_aa_s42/faces_rfwWM64/objects/results.csv,UI
mixed,Mixed faces / AA4,r21dev_vgg16_bn_aa_s42,face_transfer,124,single_uu,RFW WM64,Objects,0.36,,50,within_sampled_range,IU,101,87.5,runs/yin_single_noise_20260925/results/r21dev_vgg16_bn_aa_s42/faces_rfwWM64/objects/results.csv,IU
mixed,Mixed faces / AA4,r21dev_vgg16_bn_aa_s42,face_transfer,124,single_uu,RFW WM64,Objects,0.36,,50,within_sampled_range,IU,102,100.0,runs/yin_single_noise_20260925/results/r21dev_vgg16_bn_aa_s42/faces_rfwWM64/objects/results.csv,IU
mixed,Mixed faces / AA4,r21dev_vgg16_bn_aa_s42,face_transfer,124,single_uu,RFW WM64,Objects,0.36,,50,within_sampled_range,IU,103,95.83333333333334,runs/yin_single_noise_20260925/results/r21dev_vgg16_bn_aa_s42/faces_rfwWM64/objects/results.csv,IU
mixed,Mixed faces / AA4,r21dev_vgg16_bn_aa_s42,face_transfer,124,single_uu,RFW WM64,Objects,0.36,,50,within_sampled_range,IU,104,95.83333333333334,runs/yin_single_noise_20260925/results/r21dev_vgg16_bn_aa_s42/faces_rfwWM64/objects/results.csv,IU
mixed,Mixed faces / AA4,r21dev_vgg16_bn_aa_s42,face_transfer,124,single_uu,RFW WM64,Objects,0.36,,50,within_sampled_range,IU,105,91.66666666666666,runs/yin_single_noise_20260925/results/r21dev_vgg16_bn_aa_s42/faces_rfwWM64/objects/results.csv,IU
mixed,Mixed faces / AA4,r21dev_vgg16_bn_aa_s42,face_transfer,124,single_uu,RFW WM64,Objects,0.36,,50,within_sampled_range,IU,106,95.83333333333334,runs/yin_single_noise_20260925/results/r21dev_vgg16_bn_aa_s42/faces_rfwWM64/objects/results.csv,IU
mixed,Mixed faces / AA4,r21dev_vgg16_bn_aa_s42,face_transfer,124,single_uu,RFW WM64,Objects,0.36,,50,within_sampled_range,IU,107,100.0,runs/yin_single_noise_20260925/results/r21dev_vgg16_bn_aa_s42/faces_rfwWM64/objects/results.csv,IU
mixed,Mixed faces / AA4,r21dev_vgg16_bn_aa_s42,face_transfer,124,single_uu,RFW WM64,Objects,0.36,,50,within_sampled_range,IU,108,95.83333333333334,runs/yin_single_noise_20260925/results/r21dev_vgg16_bn_aa_s42/faces_rfwWM64/objects/results.csv,IU
mixed,Mixed faces / AA4,r21dev_vgg16_bn_aa_s42,face_transfer,124,single_uu,RFW WM64,Objects,0.36,,50,within_sampled_range,IU,109,100.0,runs/yin_single_noise_20260925/results/r21dev_vgg16_bn_aa_s42/faces_rfwWM64/objects/results.csv,IU
mixed,Mixed faces / AA4,r21dev_vgg16_bn_aa_s42,face_transfer,124,single_uu,RFW WM64,Objects,0.36,,50,within_sampled_range,IU,110,95.83333333333334,runs/yin_single_noise_20260925/results/r21dev_vgg16_bn_aa_s42/faces_rfwWM64/objects/results.csv,IU
mixed,Mixed faces / AA4,r21dev_vgg16_bn_aa_s42,face_transfer,124,single_uu,RFW WM64,Objects,0.36,,50,within_sampled_range,IU,111,91.66666666666666,runs/yin_single_noise_20260925/results/r21dev_vgg16_bn_aa_s42/faces_rfwWM64/objects/results.csv,IU
mixed,Mixed faces / AA4,r21dev_vgg16_bn_aa_s42,face_transfer,124,single_uu,RFW WM64,Objects,0.36,,50,within_sampled_range,IU,112,95.83333333333334,runs/yin_single_noise_20260925/results/r21dev_vgg16_bn_aa_s42/faces_rfwWM64/objects/results.csv,IU
mixed,Mixed faces / AA4,r21dev_vgg16_bn_aa_s42,face_transfer,124,single_uu,RFW WM64,Objects,0.36,,50,within_sampled_range,IU,113,91.66666666666666,runs/yin_single_noise_20260925/results/r21dev_vgg16_bn_aa_s42/faces_rfwWM64/objects/results.csv,IU
mixed,Mixed faces / AA4,r21dev_vgg16_bn_aa_s42,face_transfer,124,single_uu,RFW WM64,Objects,0.36,,50,within_sampled_range,IU,114,87.5,runs/yin_single_noise_20260925/results/r21dev_vgg16_bn_aa_s42/faces_rfwWM64/objects/results.csv,IU
mixed,Mixed faces / AA4,r21dev_vgg16_bn_aa_s42,face_transfer,124,single_uu,RFW WM64,Objects,0.36,,50,within_sampled_range,IU,115,95.83333333333334,runs/yin_single_noise_20260925/results/r21dev_vgg16_bn_aa_s42/faces_rfwWM64/objects/results.csv,IU
mixed,Mixed faces / AA4,r21dev_vgg16_bn_aa_s42,face_transfer,124,single_uu,RFW WM64,Objects,0.36,,50,within_sampled_range,IU,116,91.66666666666666,runs/yin_single_noise_20260925/results/r21dev_vgg16_bn_aa_s42/faces_rfwWM64/objects/results.csv,IU
mixed,Mixed faces / AA4,r21dev_vgg16_bn_aa_s42,face_transfer,124,single_uu,RFW WM64,Objects,0.36,,50,within_sampled_range,IU,117,95.83333333333334,runs/yin_single_noise_20260925/results/r21dev_vgg16_bn_aa_s42/faces_rfwWM64/objects/results.csv,IU
mixed,Mixed faces / AA4,r21dev_vgg16_bn_aa_s42,face_transfer,124,single_uu,RFW WM64,Objects,0.36,,50,within_sampled_range,IU,118,95.83333333333334,runs/yin_single_noise_20260925/results/r21dev_vgg16_bn_aa_s42/faces_rfwWM64/objects/results.csv,IU
mixed,Mixed faces / AA4,r21dev_vgg16_bn_aa_s42,face_transfer,124,single_uu,RFW WM64,Objects,0.36,,50,within_sampled_range,IU,119,95.83333333333334,runs/yin_single_noise_20260925/results/r21dev_vgg16_bn_aa_s42/faces_rfwWM64/objects/results.csv,IU
mixed,Mixed faces / AA4,r21dev_vgg16_bn_aa_s42,face_transfer,124,single_uu,RFW WM64,Objects,0.36,,50,within_sampled_range,IU,120,95.83333333333334,runs/yin_single_noise_20260925/results/r21dev_vgg16_bn_aa_s42/faces_rfwWM64/objects/results.csv,IU
mixed,Mixed faces / AA4,r21dev_vgg16_bn_aa_s42,face_transfer,124,single_uu,RFW WM64,Objects,0.36,,50,within_sampled_range,IU,121,91.66666666666666,runs/yin_single_noise_20260925/results/r21dev_vgg16_bn_aa_s42/faces_rfwWM64/objects/results.csv,IU
mixed,Mixed faces / AA4,r21dev_vgg16_bn_aa_s42,face_transfer,124,single_uu,RFW WM64,Objects,0.36,,50,within_sampled_range,IU,122,91.66666666666666,runs/yin_single_noise_20260925/results/r21dev_vgg16_bn_aa_s42/faces_rfwWM64/objects/results.csv,IU
mixed,Mixed faces / AA4,r21dev_vgg16_bn_aa_s42,face_transfer,124,single_uu,RFW WM64,Objects,0.36,,50,within_sampled_range,IU,123,95.83333333333334,runs/yin_single_noise_20260925/results/r21dev_vgg16_bn_aa_s42/faces_rfwWM64/objects/results.csv,IU
mixed,Mixed faces / AA4,r21dev_vgg16_bn_aa_s42,face_transfer,124,single_uu,RFW WM64,Objects,0.36,,50,within_sampled_range,IU,124,95.83333333333334,runs/yin_single_noise_20260925/results/r21dev_vgg16_bn_aa_s42/faces_rfwWM64/objects/results.csv,IU
mixed,Mixed faces / AA4,r21dev_vgg16_bn_aa_s42,face_transfer,124,single_uu,RFW WM64,Objects,0.36,,50,within_sampled_range,IU,125,100.0,runs/yin_single_noise_20260925/results/r21dev_vgg16_bn_aa_s42/faces_rfwWM64/objects/results.csv,IU
mixed,Mixed faces / AA4,r21dev_vgg16_bn_aa_s42,face_transfer,124,single_uu,RFW WM64,Objects,0.36,,50,within_sampled_range,IU,126,91.66666666666666,runs/yin_single_noise_20260925/results/r21dev_vgg16_bn_aa_s42/faces_rfwWM64/objects/results.csv,IU
mixed,Mixed faces / AA4,r21dev_vgg16_bn_aa_s42,face_transfer,124,single_uu,RFW WM64,Objects,0.36,,50,within_sampled_range,IU,127,100.0,runs/yin_single_noise_20260925/results/r21dev_vgg16_bn_aa_s42/faces_rfwWM64/objects/results.csv,IU
mixed,Mixed faces / AA4,r21dev_vgg16_bn_aa_s42,face_transfer,124,single_uu,RFW WM64,Objects,0.36,,50,within_sampled_range,IU,128,95.83333333333334,runs/yin_single_noise_20260925/results/r21dev_vgg16_bn_aa_s42/faces_rfwWM64/objects/results.csv,IU
mixed,Mixed faces / AA4,r21dev_vgg16_bn_aa_s42,face_transfer,124,single_uu,RFW WM64,Objects,0.36,,50,within_sampled_range,IU,129,95.83333333333334,runs/yin_single_noise_20260925/results/r21dev_vgg16_bn_aa_s42/faces_rfwWM64/objects/results.csv,IU
mixed,Mixed faces / AA4,r21dev_vgg16_bn_aa_s42,face_transfer,124,single_uu,RFW WM64,Objects,0.36,,50,within_sampled_range,IU,130,95.83333333333334,runs/yin_single_noise_20260925/results/r21dev_vgg16_bn_aa_s42/faces_rfwWM64/objects/results.csv,IU
mixed,Mixed faces / AA4,r21dev_vgg16_bn_aa_s42,face_transfer,124,single_uu,RFW WM64,Objects,0.36,,50,within_sampled_range,IU,131,91.66666666666666,runs/yin_single_noise_20260925/results/r21dev_vgg16_bn_aa_s42/faces_rfwWM64/objects/results.csv,IU
mixed,Mixed faces / AA4,r21dev_vgg16_bn_aa_s42,face_transfer,124,single_uu,RFW WM64,Objects,0.36,,50,within_sampled_range,IU,132,87.5,runs/yin_single_noise_20260925/results/r21dev_vgg16_bn_aa_s42/faces_rfwWM64/objects/results.csv,IU
mixed,Mixed faces / AA4,r21dev_vgg16_bn_aa_s42,face_transfer,124,single_uu,RFW WM64,Objects,0.36,,50,within_sampled_range,IU,133,95.83333333333334,runs/yin_single_noise_20260925/results/r21dev_vgg16_bn_aa_s42/faces_rfwWM64/objects/results.csv,IU
mixed,Mixed faces / AA4,r21dev_vgg16_bn_aa_s42,face_transfer,124,single_uu,RFW WM64,Objects,0.36,,50,within_sampled_range,IU,134,100.0,runs/yin_single_noise_20260925/results/r21dev_vgg16_bn_aa_s42/faces_rfwWM64/objects/results.csv,IU
mixed,Mixed faces / AA4,r21dev_vgg16_bn_aa_s42,face_transfer,124,single_uu,RFW WM64,Objects,0.36,,50,within_sampled_range,IU,135,100.0,runs/yin_single_noise_20260925/results/r21dev_vgg16_bn_aa_s42/faces_rfwWM64/objects/results.csv,IU
mixed,Mixed faces / AA4,r21dev_vgg16_bn_aa_s42,face_transfer,124,single_uu,RFW WM64,Objects,0.36,,50,within_sampled_range,IU,136,87.5,runs/yin_single_noise_20260925/results/r21dev_vgg16_bn_aa_s42/faces_rfwWM64/objects/results.csv,IU
mixed,Mixed faces / AA4,r21dev_vgg16_bn_aa_s42,face_transfer,124,single_uu,RFW WM64,Objects,0.36,,50,within_sampled_range,IU,137,100.0,runs/yin_single_noise_20260925/results/r21dev_vgg16_bn_aa_s42/faces_rfwWM64/objects/results.csv,IU
mixed,Mixed faces / AA4,r21dev_vgg16_bn_aa_s42,face_transfer,124,single_uu,RFW WM64,Objects,0.36,,50,within_sampled_range,IU,138,91.66666666666666,runs/yin_single_noise_20260925/results/r21dev_vgg16_bn_aa_s42/faces_rfwWM64/objects/results.csv,IU
mixed,Mixed faces / AA4,r21dev_vgg16_bn_aa_s42,face_transfer,124,single_uu,RFW WM64,Objects,0.36,,50,within_sampled_range,IU,139,91.66666666666666,runs/yin_single_noise_20260925/results/r21dev_vgg16_bn_aa_s42/faces_rfwWM64/objects/results.csv,IU
mixed,Mixed faces / AA4,r21dev_vgg16_bn_aa_s42,face_transfer,124,single_uu,RFW WM64,Objects,0.36,,50,within_sampled_range,IU,140,95.83333333333334,runs/yin_single_noise_20260925/results/r21dev_vgg16_bn_aa_s42/faces_rfwWM64/objects/results.csv,IU
mixed,Mixed faces / AA4,r21dev_vgg16_bn_aa_s42,face_transfer,124,single_uu,RFW WM64,Objects,0.36,,50,within_sampled_range,IU,141,91.66666666666666,runs/yin_single_noise_20260925/results/r21dev_vgg16_bn_aa_s42/faces_rfwWM64/objects/results.csv,IU
mixed,Mixed faces / AA4,r21dev_vgg16_bn_aa_s42,face_transfer,124,single_uu,RFW WM64,Objects,0.36,,50,within_sampled_range,IU,142,100.0,runs/yin_single_noise_20260925/results/r21dev_vgg16_bn_aa_s42/faces_rfwWM64/objects/results.csv,IU
mixed,Mixed faces / AA4,r21dev_vgg16_bn_aa_s42,face_transfer,124,single_uu,RFW WM64,Objects,0.36,,50,within_sampled_range,IU,143,95.83333333333334,runs/yin_single_noise_20260925/results/r21dev_vgg16_bn_aa_s42/faces_rfwWM64/objects/results.csv,IU
mixed,Mixed faces / AA4,r21dev_vgg16_bn_aa_s42,face_transfer,124,single_uu,RFW WM64,Objects,0.36,,50,within_sampled_range,IU,144,100.0,runs/yin_single_noise_20260925/results/r21dev_vgg16_bn_aa_s42/faces_rfwWM64/objects/results.csv,IU
mixed,Mixed faces / AA4,r21dev_vgg16_bn_aa_s42,face_transfer,124,single_uu,RFW WM64,Objects,0.36,,50,within_sampled_range,IU,145,79.16666666666666,runs/yin_single_noise_20260925/results/r21dev_vgg16_bn_aa_s42/faces_rfwWM64/objects/results.csv,IU
mixed,Mixed faces / AA4,r21dev_vgg16_bn_aa_s42,face_transfer,124,single_uu,RFW WM64,Objects,0.36,,50,within_sampled_range,IU,146,95.83333333333334,runs/yin_single_noise_20260925/results/r21dev_vgg16_bn_aa_s42/faces_rfwWM64/objects/results.csv,IU
mixed,Mixed faces / AA4,r21dev_vgg16_bn_aa_s42,face_transfer,124,single_uu,RFW WM64,Objects,0.36,,50,within_sampled_range,IU,147,95.83333333333334,runs/yin_single_noise_20260925/results/r21dev_vgg16_bn_aa_s42/faces_rfwWM64/objects/results.csv,IU
mixed,Mixed faces / AA4,r21dev_vgg16_bn_aa_s42,face_transfer,124,single_uu,RFW WM64,Objects,0.36,,50,within_sampled_range,IU,148,100.0,runs/yin_single_noise_20260925/results/r21dev_vgg16_bn_aa_s42/faces_rfwWM64/objects/results.csv,IU
mixed,Mixed faces / AA4,r21dev_vgg16_bn_aa_s42,face_transfer,124,single_uu,RFW WM64,Objects,0.36,,50,within_sampled_range,IU,149,91.66666666666666,runs/yin_single_noise_20260925/results/r21dev_vgg16_bn_aa_s42/faces_rfwWM64/objects/results.csv,IU
mixed,Mixed faces / AA4,r21dev_vgg16_bn_aa_s42,face_transfer,124,single_uu,RFW WM64,Objects,0.36,,50,within_sampled_range,IU,150,95.83333333333334,runs/yin_single_noise_20260925/results/r21dev_vgg16_bn_aa_s42/faces_rfwWM64/objects/results.csv,IU
mixed,Mixed faces / AA4,r21dev_vgg16_bn_aa_s42,face_transfer,124,two_cross,RFW WM64,Objects,0.36,0.38,50,within_sampled_range,UU,101,95.83333333333334,runs/yin_noise_matrix_20260926/results/r21dev_vgg16_bn_aa_s42/faces_rfwWM64/objects/results.csv,UU
mixed,Mixed faces / AA4,r21dev_vgg16_bn_aa_s42,face_transfer,124,two_cross,RFW WM64,Objects,0.36,0.38,50,within_sampled_range,UU,102,91.66666666666666,runs/yin_noise_matrix_20260926/results/r21dev_vgg16_bn_aa_s42/faces_rfwWM64/objects/results.csv,UU
mixed,Mixed faces / AA4,r21dev_vgg16_bn_aa_s42,face_transfer,124,two_cross,RFW WM64,Objects,0.36,0.38,50,within_sampled_range,UU,103,100.0,runs/yin_noise_matrix_20260926/results/r21dev_vgg16_bn_aa_s42/faces_rfwWM64/objects/results.csv,UU
mixed,Mixed faces / AA4,r21dev_vgg16_bn_aa_s42,face_transfer,124,two_cross,RFW WM64,Objects,0.36,0.38,50,within_sampled_range,UU,104,100.0,runs/yin_noise_matrix_20260926/results/r21dev_vgg16_bn_aa_s42/faces_rfwWM64/objects/results.csv,UU
mixed,Mixed faces / AA4,r21dev_vgg16_bn_aa_s42,face_transfer,124,two_cross,RFW WM64,Objects,0.36,0.38,50,within_sampled_range,UU,105,100.0,runs/yin_noise_matrix_20260926/results/r21dev_vgg16_bn_aa_s42/faces_rfwWM64/objects/results.csv,UU
mixed,Mixed faces / AA4,r21dev_vgg16_bn_aa_s42,face_transfer,124,two_cross,RFW WM64,Objects,0.36,0.38,50,within_sampled_range,UU,106,87.5,runs/yin_noise_matrix_20260926/results/r21dev_vgg16_bn_aa_s42/faces_rfwWM64/objects/results.csv,UU
mixed,Mixed faces / AA4,r21dev_vgg16_bn_aa_s42,face_transfer,124,two_cross,RFW WM64,Objects,0.36,0.38,50,within_sampled_range,UU,107,95.83333333333334,runs/yin_noise_matrix_20260926/results/r21dev_vgg16_bn_aa_s42/faces_rfwWM64/objects/results.csv,UU
mixed,Mixed faces / AA4,r21dev_vgg16_bn_aa_s42,face_transfer,124,two_cross,RFW WM64,Objects,0.36,0.38,50,within_sampled_range,UU,108,95.83333333333334,runs/yin_noise_matrix_20260926/results/r21dev_vgg16_bn_aa_s42/faces_rfwWM64/objects/results.csv,UU
mixed,Mixed faces / AA4,r21dev_vgg16_bn_aa_s42,face_transfer,124,two_cross,RFW WM64,Objects,0.36,0.38,50,within_sampled_range,UU,109,100.0,runs/yin_noise_matrix_20260926/results/r21dev_vgg16_bn_aa_s42/faces_rfwWM64/objects/results.csv,UU
mixed,Mixed faces / AA4,r21dev_vgg16_bn_aa_s42,face_transfer,124,two_cross,RFW WM64,Objects,0.36,0.38,50,within_sampled_range,UU,110,95.83333333333334,runs/yin_noise_matrix_20260926/results/r21dev_vgg16_bn_aa_s42/faces_rfwWM64/objects/results.csv,UU
mixed,Mixed faces / AA4,r21dev_vgg16_bn_aa_s42,face_transfer,124,two_cross,RFW WM64,Objects,0.36,0.38,50,within_sampled_range,UU,111,87.5,runs/yin_noise_matrix_20260926/results/r21dev_vgg16_bn_aa_s42/faces_rfwWM64/objects/results.csv,UU
mixed,Mixed faces / AA4,r21dev_vgg16_bn_aa_s42,face_transfer,124,two_cross,RFW WM64,Objects,0.36,0.38,50,within_sampled_range,UU,112,100.0,runs/yin_noise_matrix_20260926/results/r21dev_vgg16_bn_aa_s42/faces_rfwWM64/objects/results.csv,UU
mixed,Mixed faces / AA4,r21dev_vgg16_bn_aa_s42,face_transfer,124,two_cross,RFW WM64,Objects,0.36,0.38,50,within_sampled_range,UU,113,91.66666666666666,runs/yin_noise_matrix_20260926/results/r21dev_vgg16_bn_aa_s42/faces_rfwWM64/objects/results.csv,UU
mixed,Mixed faces / AA4,r21dev_vgg16_bn_aa_s42,face_transfer,124,two_cross,RFW WM64,Objects,0.36,0.38,50,within_sampled_range,UU,114,95.83333333333334,runs/yin_noise_matrix_20260926/results/r21dev_vgg16_bn_aa_s42/faces_rfwWM64/objects/results.csv,UU
mixed,Mixed faces / AA4,r21dev_vgg16_bn_aa_s42,face_transfer,124,two_cross,RFW WM64,Objects,0.36,0.38,50,within_sampled_range,UU,115,95.83333333333334,runs/yin_noise_matrix_20260926/results/r21dev_vgg16_bn_aa_s42/faces_rfwWM64/objects/results.csv,UU
mixed,Mixed faces / AA4,r21dev_vgg16_bn_aa_s42,face_transfer,124,two_cross,RFW WM64,Objects,0.36,0.38,50,within_sampled_range,UU,116,95.83333333333334,runs/yin_noise_matrix_20260926/results/r21dev_vgg16_bn_aa_s42/faces_rfwWM64/objects/results.csv,UU
mixed,Mixed faces / AA4,r21dev_vgg16_bn_aa_s42,face_transfer,124,two_cross,RFW WM64,Objects,0.36,0.38,50,within_sampled_range,UU,117,100.0,runs/yin_noise_matrix_20260926/results/r21dev_vgg16_bn_aa_s42/faces_rfwWM64/objects/results.csv,UU
mixed,Mixed faces / AA4,r21dev_vgg16_bn_aa_s42,face_transfer,124,two_cross,RFW WM64,Objects,0.36,0.38,50,within_sampled_range,UU,118,100.0,runs/yin_noise_matrix_20260926/results/r21dev_vgg16_bn_aa_s42/faces_rfwWM64/objects/results.csv,UU
mixed,Mixed faces / AA4,r21dev_vgg16_bn_aa_s42,face_transfer,124,two_cross,RFW WM64,Objects,0.36,0.38,50,within_sampled_range,UU,119,100.0,runs/yin_noise_matrix_20260926/results/r21dev_vgg16_bn_aa_s42/faces_rfwWM64/objects/results.csv,UU
mixed,Mixed faces / AA4,r21dev_vgg16_bn_aa_s42,face_transfer,124,two_cross,RFW WM64,Objects,0.36,0.38,50,within_sampled_range,UU,120,95.83333333333334,runs/yin_noise_matrix_20260926/results/r21dev_vgg16_bn_aa_s42/faces_rfwWM64/objects/results.csv,UU
mixed,Mixed faces / AA4,r21dev_vgg16_bn_aa_s42,face_transfer,124,two_cross,RFW WM64,Objects,0.36,0.38,50,within_sampled_range,UU,121,100.0,runs/yin_noise_matrix_20260926/results/r21dev_vgg16_bn_aa_s42/faces_rfwWM64/objects/results.csv,UU
mixed,Mixed faces / AA4,r21dev_vgg16_bn_aa_s42,face_transfer,124,two_cross,RFW WM64,Objects,0.36,0.38,50,within_sampled_range,UU,122,91.66666666666666,runs/yin_noise_matrix_20260926/results/r21dev_vgg16_bn_aa_s42/faces_rfwWM64/objects/results.csv,UU
mixed,Mixed faces / AA4,r21dev_vgg16_bn_aa_s42,face_transfer,124,two_cross,RFW WM64,Objects,0.36,0.38,50,within_sampled_range,UU,123,79.16666666666666,runs/yin_noise_matrix_20260926/results/r21dev_vgg16_bn_aa_s42/faces_rfwWM64/objects/results.csv,UU
mixed,Mixed faces / AA4,r21dev_vgg16_bn_aa_s42,face_transfer,124,two_cross,RFW WM64,Objects,0.36,0.38,50,within_sampled_range,UU,124,95.83333333333334,runs/yin_noise_matrix_20260926/results/r21dev_vgg16_bn_aa_s42/faces_rfwWM64/objects/results.csv,UU
mixed,Mixed faces / AA4,r21dev_vgg16_bn_aa_s42,face_transfer,124,two_cross,RFW WM64,Objects,0.36,0.38,50,within_sampled_range,UU,125,95.83333333333334,runs/yin_noise_matrix_20260926/results/r21dev_vgg16_bn_aa_s42/faces_rfwWM64/objects/results.csv,UU
mixed,Mixed faces / AA4,r21dev_vgg16_bn_aa_s42,face_transfer,124,two_cross,RFW WM64,Objects,0.36,0.38,50,within_sampled_range,UU,126,95.83333333333334,runs/yin_noise_matrix_20260926/results/r21dev_vgg16_bn_aa_s42/faces_rfwWM64/objects/results.csv,UU
mixed,Mixed faces / AA4,r21dev_vgg16_bn_aa_s42,face_transfer,124,two_cross,RFW WM64,Objects,0.36,0.38,50,within_sampled_range,UU,127,95.83333333333334,runs/yin_noise_matrix_20260926/results/r21dev_vgg16_bn_aa_s42/faces_rfwWM64/objects/results.csv,UU
mixed,Mixed faces / AA4,r21dev_vgg16_bn_aa_s42,face_transfer,124,two_cross,RFW WM64,Objects,0.36,0.38,50,within_sampled_range,UU,128,95.83333333333334,runs/yin_noise_matrix_20260926/results/r21dev_vgg16_bn_aa_s42/faces_rfwWM64/objects/results.csv,UU
mixed,Mixed faces / AA4,r21dev_vgg16_bn_aa_s42,face_transfer,124,two_cross,RFW WM64,Objects,0.36,0.38,50,within_sampled_range,UU,129,100.0,runs/yin_noise_matrix_20260926/results/r21dev_vgg16_bn_aa_s42/faces_rfwWM64/objects/results.csv,UU
mixed,Mixed faces / AA4,r21dev_vgg16_bn_aa_s42,face_transfer,124,two_cross,RFW WM64,Objects,0.36,0.38,50,within_sampled_range,UU,130,95.83333333333334,runs/yin_noise_matrix_20260926/results/r21dev_vgg16_bn_aa_s42/faces_rfwWM64/objects/results.csv,UU
mixed,Mixed faces / AA4,r21dev_vgg16_bn_aa_s42,face_transfer,124,two_cross,RFW WM64,Objects,0.36,0.38,50,within_sampled_range,UU,131,100.0,runs/yin_noise_matrix_20260926/results/r21dev_vgg16_bn_aa_s42/faces_rfwWM64/objects/results.csv,UU
mixed,Mixed faces / AA4,r21dev_vgg16_bn_aa_s42,face_transfer,124,two_cross,RFW WM64,Objects,0.36,0.38,50,within_sampled_range,UU,132,95.83333333333334,runs/yin_noise_matrix_20260926/results/r21dev_vgg16_bn_aa_s42/faces_rfwWM64/objects/results.csv,UU
mixed,Mixed faces / AA4,r21dev_vgg16_bn_aa_s42,face_transfer,124,two_cross,RFW WM64,Objects,0.36,0.38,50,within_sampled_range,UU,133,95.83333333333334,runs/yin_noise_matrix_20260926/results/r21dev_vgg16_bn_aa_s42/faces_rfwWM64/objects/results.csv,UU
mixed,Mixed faces / AA4,r21dev_vgg16_bn_aa_s42,face_transfer,124,two_cross,RFW WM64,Objects,0.36,0.38,50,within_sampled_range,UU,134,91.66666666666666,runs/yin_noise_matrix_20260926/results/r21dev_vgg16_bn_aa_s42/faces_rfwWM64/objects/results.csv,UU
mixed,Mixed faces / AA4,r21dev_vgg16_bn_aa_s42,face_transfer,124,two_cross,RFW WM64,Objects,0.36,0.38,50,within_sampled_range,UU,135,95.83333333333334,runs/yin_noise_matrix_20260926/results/r21dev_vgg16_bn_aa_s42/faces_rfwWM64/objects/results.csv,UU
mixed,Mixed faces / AA4,r21dev_vgg16_bn_aa_s42,face_transfer,124,two_cross,RFW WM64,Objects,0.36,0.38,50,within_sampled_range,UU,136,95.83333333333334,runs/yin_noise_matrix_20260926/results/r21dev_vgg16_bn_aa_s42/faces_rfwWM64/objects/results.csv,UU
mixed,Mixed faces / AA4,r21dev_vgg16_bn_aa_s42,face_transfer,124,two_cross,RFW WM64,Objects,0.36,0.38,50,within_sampled_range,UU,137,100.0,runs/yin_noise_matrix_20260926/results/r21dev_vgg16_bn_aa_s42/faces_rfwWM64/objects/results.csv,UU
mixed,Mixed faces / AA4,r21dev_vgg16_bn_aa_s42,face_transfer,124,two_cross,RFW WM64,Objects,0.36,0.38,50,within_sampled_range,UU,138,100.0,runs/yin_noise_matrix_20260926/results/r21dev_vgg16_bn_aa_s42/faces_rfwWM64/objects/results.csv,UU
mixed,Mixed faces / AA4,r21dev_vgg16_bn_aa_s42,face_transfer,124,two_cross,RFW WM64,Objects,0.36,0.38,50,within_sampled_range,UU,139,95.83333333333334,runs/yin_noise_matrix_20260926/results/r21dev_vgg16_bn_aa_s42/faces_rfwWM64/objects/results.csv,UU
mixed,Mixed faces / AA4,r21dev_vgg16_bn_aa_s42,face_transfer,124,two_cross,RFW WM64,Objects,0.36,0.38,50,within_sampled_range,UU,140,95.83333333333334,runs/yin_noise_matrix_20260926/results/r21dev_vgg16_bn_aa_s42/faces_rfwWM64/objects/results.csv,UU
mixed,Mixed faces / AA4,r21dev_vgg16_bn_aa_s42,face_transfer,124,two_cross,RFW WM64,Objects,0.36,0.38,50,within_sampled_range,UU,141,100.0,runs/yin_noise_matrix_20260926/results/r21dev_vgg16_bn_aa_s42/faces_rfwWM64/objects/results.csv,UU
mixed,Mixed faces / AA4,r21dev_vgg16_bn_aa_s42,face_transfer,124,two_cross,RFW WM64,Objects,0.36,0.38,50,within_sampled_range,UU,142,100.0,runs/yin_noise_matrix_20260926/results/r21dev_vgg16_bn_aa_s42/faces_rfwWM64/objects/results.csv,UU
mixed,Mixed faces / AA4,r21dev_vgg16_bn_aa_s42,face_transfer,124,two_cross,RFW WM64,Objects,0.36,0.38,50,within_sampled_range,UU,143,95.83333333333334,runs/yin_noise_matrix_20260926/results/r21dev_vgg16_bn_aa_s42/faces_rfwWM64/objects/results.csv,UU
mixed,Mixed faces / AA4,r21dev_vgg16_bn_aa_s42,face_transfer,124,two_cross,RFW WM64,Objects,0.36,0.38,50,within_sampled_range,UU,144,100.0,runs/yin_noise_matrix_20260926/results/r21dev_vgg16_bn_aa_s42/faces_rfwWM64/objects/results.csv,UU
mixed,Mixed faces / AA4,r21dev_vgg16_bn_aa_s42,face_transfer,124,two_cross,RFW WM64,Objects,0.36,0.38,50,within_sampled_range,UU,145,91.66666666666666,runs/yin_noise_matrix_20260926/results/r21dev_vgg16_bn_aa_s42/faces_rfwWM64/objects/results.csv,UU
mixed,Mixed faces / AA4,r21dev_vgg16_bn_aa_s42,face_transfer,124,two_cross,RFW WM64,Objects,0.36,0.38,50,within_sampled_range,UU,146,95.83333333333334,runs/yin_noise_matrix_20260926/results/r21dev_vgg16_bn_aa_s42/faces_rfwWM64/objects/results.csv,UU
mixed,Mixed faces / AA4,r21dev_vgg16_bn_aa_s42,face_transfer,124,two_cross,RFW WM64,Objects,0.36,0.38,50,within_sampled_range,UU,147,95.83333333333334,runs/yin_noise_matrix_20260926/results/r21dev_vgg16_bn_aa_s42/faces_rfwWM64/objects/results.csv,UU
mixed,Mixed faces / AA4,r21dev_vgg16_bn_aa_s42,face_transfer,124,two_cross,RFW WM64,Objects,0.36,0.38,50,within_sampled_range,UU,148,100.0,runs/yin_noise_matrix_20260926/results/r21dev_vgg16_bn_aa_s42/faces_rfwWM64/objects/results.csv,UU
mixed,Mixed faces / AA4,r21dev_vgg16_bn_aa_s42,face_transfer,124,two_cross,RFW WM64,Objects,0.36,0.38,50,within_sampled_range,UU,149,91.66666666666666,runs/yin_noise_matrix_20260926/results/r21dev_vgg16_bn_aa_s42/faces_rfwWM64/objects/results.csv,UU
mixed,Mixed faces / AA4,r21dev_vgg16_bn_aa_s42,face_transfer,124,two_cross,RFW WM64,Objects,0.36,0.38,50,within_sampled_range,UU,150,100.0,runs/yin_noise_matrix_20260926/results/r21dev_vgg16_bn_aa_s42/faces_rfwWM64/objects/results.csv,UU
mixed,Mixed faces / AA4,r21dev_vgg16_bn_aa_s42,face_transfer,124,two_cross,RFW WM64,Objects,0.36,0.38,50,within_sampled_range,II,101,83.33333333333334,runs/yin_noise_matrix_20260926/results/r21dev_vgg16_bn_aa_s42/faces_rfwWM64/objects/results.csv,II
mixed,Mixed faces / AA4,r21dev_vgg16_bn_aa_s42,face_transfer,124,two_cross,RFW WM64,Objects,0.36,0.38,50,within_sampled_range,II,102,95.83333333333334,runs/yin_noise_matrix_20260926/results/r21dev_vgg16_bn_aa_s42/faces_rfwWM64/objects/results.csv,II
mixed,Mixed faces / AA4,r21dev_vgg16_bn_aa_s42,face_transfer,124,two_cross,RFW WM64,Objects,0.36,0.38,50,within_sampled_range,II,103,91.66666666666666,runs/yin_noise_matrix_20260926/results/r21dev_vgg16_bn_aa_s42/faces_rfwWM64/objects/results.csv,II
mixed,Mixed faces / AA4,r21dev_vgg16_bn_aa_s42,face_transfer,124,two_cross,RFW WM64,Objects,0.36,0.38,50,within_sampled_range,II,104,91.66666666666666,runs/yin_noise_matrix_20260926/results/r21dev_vgg16_bn_aa_s42/faces_rfwWM64/objects/results.csv,II
mixed,Mixed faces / AA4,r21dev_vgg16_bn_aa_s42,face_transfer,124,two_cross,RFW WM64,Objects,0.36,0.38,50,within_sampled_range,II,105,91.66666666666666,runs/yin_noise_matrix_20260926/results/r21dev_vgg16_bn_aa_s42/faces_rfwWM64/objects/results.csv,II
mixed,Mixed faces / AA4,r21dev_vgg16_bn_aa_s42,face_transfer,124,two_cross,RFW WM64,Objects,0.36,0.38,50,within_sampled_range,II,106,91.66666666666666,runs/yin_noise_matrix_20260926/results/r21dev_vgg16_bn_aa_s42/faces_rfwWM64/objects/results.csv,II
mixed,Mixed faces / AA4,r21dev_vgg16_bn_aa_s42,face_transfer,124,two_cross,RFW WM64,Objects,0.36,0.38,50,within_sampled_range,II,107,91.66666666666666,runs/yin_noise_matrix_20260926/results/r21dev_vgg16_bn_aa_s42/faces_rfwWM64/objects/results.csv,II
mixed,Mixed faces / AA4,r21dev_vgg16_bn_aa_s42,face_transfer,124,two_cross,RFW WM64,Objects,0.36,0.38,50,within_sampled_range,II,108,100.0,runs/yin_noise_matrix_20260926/results/r21dev_vgg16_bn_aa_s42/faces_rfwWM64/objects/results.csv,II
mixed,Mixed faces / AA4,r21dev_vgg16_bn_aa_s42,face_transfer,124,two_cross,RFW WM64,Objects,0.36,0.38,50,within_sampled_range,II,109,91.66666666666666,runs/yin_noise_matrix_20260926/results/r21dev_vgg16_bn_aa_s42/faces_rfwWM64/objects/results.csv,II
mixed,Mixed faces / AA4,r21dev_vgg16_bn_aa_s42,face_transfer,124,two_cross,RFW WM64,Objects,0.36,0.38,50,within_sampled_range,II,110,91.66666666666666,runs/yin_noise_matrix_20260926/results/r21dev_vgg16_bn_aa_s42/faces_rfwWM64/objects/results.csv,II
mixed,Mixed faces / AA4,r21dev_vgg16_bn_aa_s42,face_transfer,124,two_cross,RFW WM64,Objects,0.36,0.38,50,within_sampled_range,II,111,87.5,runs/yin_noise_matrix_20260926/results/r21dev_vgg16_bn_aa_s42/faces_rfwWM64/objects/results.csv,II
mixed,Mixed faces / AA4,r21dev_vgg16_bn_aa_s42,face_transfer,124,two_cross,RFW WM64,Objects,0.36,0.38,50,within_sampled_range,II,112,95.83333333333334,runs/yin_noise_matrix_20260926/results/r21dev_vgg16_bn_aa_s42/faces_rfwWM64/objects/results.csv,II
mixed,Mixed faces / AA4,r21dev_vgg16_bn_aa_s42,face_transfer,124,two_cross,RFW WM64,Objects,0.36,0.38,50,within_sampled_range,II,113,87.5,runs/yin_noise_matrix_20260926/results/r21dev_vgg16_bn_aa_s42/faces_rfwWM64/objects/results.csv,II
mixed,Mixed faces / AA4,r21dev_vgg16_bn_aa_s42,face_transfer,124,two_cross,RFW WM64,Objects,0.36,0.38,50,within_sampled_range,II,114,95.83333333333334,runs/yin_noise_matrix_20260926/results/r21dev_vgg16_bn_aa_s42/faces_rfwWM64/objects/results.csv,II
mixed,Mixed faces / AA4,r21dev_vgg16_bn_aa_s42,face_transfer,124,two_cross,RFW WM64,Objects,0.36,0.38,50,within_sampled_range,II,115,95.83333333333334,runs/yin_noise_matrix_20260926/results/r21dev_vgg16_bn_aa_s42/faces_rfwWM64/objects/results.csv,II
mixed,Mixed faces / AA4,r21dev_vgg16_bn_aa_s42,face_transfer,124,two_cross,RFW WM64,Objects,0.36,0.38,50,within_sampled_range,II,116,87.5,runs/yin_noise_matrix_20260926/results/r21dev_vgg16_bn_aa_s42/faces_rfwWM64/objects/results.csv,II
mixed,Mixed faces / AA4,r21dev_vgg16_bn_aa_s42,face_transfer,124,two_cross,RFW WM64,Objects,0.36,0.38,50,within_sampled_range,II,117,95.83333333333334,runs/yin_noise_matrix_20260926/results/r21dev_vgg16_bn_aa_s42/faces_rfwWM64/objects/results.csv,II
mixed,Mixed faces / AA4,r21dev_vgg16_bn_aa_s42,face_transfer,124,two_cross,RFW WM64,Objects,0.36,0.38,50,within_sampled_range,II,118,100.0,runs/yin_noise_matrix_20260926/results/r21dev_vgg16_bn_aa_s42/faces_rfwWM64/objects/results.csv,II
mixed,Mixed faces / AA4,r21dev_vgg16_bn_aa_s42,face_transfer,124,two_cross,RFW WM64,Objects,0.36,0.38,50,within_sampled_range,II,119,95.83333333333334,runs/yin_noise_matrix_20260926/results/r21dev_vgg16_bn_aa_s42/faces_rfwWM64/objects/results.csv,II
mixed,Mixed faces / AA4,r21dev_vgg16_bn_aa_s42,face_transfer,124,two_cross,RFW WM64,Objects,0.36,0.38,50,within_sampled_range,II,120,95.83333333333334,runs/yin_noise_matrix_20260926/results/r21dev_vgg16_bn_aa_s42/faces_rfwWM64/objects/results.csv,II
mixed,Mixed faces / AA4,r21dev_vgg16_bn_aa_s42,face_transfer,124,two_cross,RFW WM64,Objects,0.36,0.38,50,within_sampled_range,II,121,87.5,runs/yin_noise_matrix_20260926/results/r21dev_vgg16_bn_aa_s42/faces_rfwWM64/objects/results.csv,II
mixed,Mixed faces / AA4,r21dev_vgg16_bn_aa_s42,face_transfer,124,two_cross,RFW WM64,Objects,0.36,0.38,50,within_sampled_range,II,122,87.5,runs/yin_noise_matrix_20260926/results/r21dev_vgg16_bn_aa_s42/faces_rfwWM64/objects/results.csv,II
mixed,Mixed faces / AA4,r21dev_vgg16_bn_aa_s42,face_transfer,124,two_cross,RFW WM64,Objects,0.36,0.38,50,within_sampled_range,II,123,91.66666666666666,runs/yin_noise_matrix_20260926/results/r21dev_vgg16_bn_aa_s42/faces_rfwWM64/objects/results.csv,II
mixed,Mixed faces / AA4,r21dev_vgg16_bn_aa_s42,face_transfer,124,two_cross,RFW WM64,Objects,0.36,0.38,50,within_sampled_range,II,124,100.0,runs/yin_noise_matrix_20260926/results/r21dev_vgg16_bn_aa_s42/faces_rfwWM64/objects/results.csv,II
mixed,Mixed faces / AA4,r21dev_vgg16_bn_aa_s42,face_transfer,124,two_cross,RFW WM64,Objects,0.36,0.38,50,within_sampled_range,II,125,95.83333333333334,runs/yin_noise_matrix_20260926/results/r21dev_vgg16_bn_aa_s42/faces_rfwWM64/objects/results.csv,II
mixed,Mixed faces / AA4,r21dev_vgg16_bn_aa_s42,face_transfer,124,two_cross,RFW WM64,Objects,0.36,0.38,50,within_sampled_range,II,126,91.66666666666666,runs/yin_noise_matrix_20260926/results/r21dev_vgg16_bn_aa_s42/faces_rfwWM64/objects/results.csv,II
mixed,Mixed faces / AA4,r21dev_vgg16_bn_aa_s42,face_transfer,124,two_cross,RFW WM64,Objects,0.36,0.38,50,within_sampled_range,II,127,95.83333333333334,runs/yin_noise_matrix_20260926/results/r21dev_vgg16_bn_aa_s42/faces_rfwWM64/objects/results.csv,II
mixed,Mixed faces / AA4,r21dev_vgg16_bn_aa_s42,face_transfer,124,two_cross,RFW WM64,Objects,0.36,0.38,50,within_sampled_range,II,128,95.83333333333334,runs/yin_noise_matrix_20260926/results/r21dev_vgg16_bn_aa_s42/faces_rfwWM64/objects/results.csv,II
mixed,Mixed faces / AA4,r21dev_vgg16_bn_aa_s42,face_transfer,124,two_cross,RFW WM64,Objects,0.36,0.38,50,within_sampled_range,II,129,100.0,runs/yin_noise_matrix_20260926/results/r21dev_vgg16_bn_aa_s42/faces_rfwWM64/objects/results.csv,II
mixed,Mixed faces / AA4,r21dev_vgg16_bn_aa_s42,face_transfer,124,two_cross,RFW WM64,Objects,0.36,0.38,50,within_sampled_range,II,130,95.83333333333334,runs/yin_noise_matrix_20260926/results/r21dev_vgg16_bn_aa_s42/faces_rfwWM64/objects/results.csv,II
mixed,Mixed faces / AA4,r21dev_vgg16_bn_aa_s42,face_transfer,124,two_cross,RFW WM64,Objects,0.36,0.38,50,within_sampled_range,II,131,91.66666666666666,runs/yin_noise_matrix_20260926/results/r21dev_vgg16_bn_aa_s42/faces_rfwWM64/objects/results.csv,II
mixed,Mixed faces / AA4,r21dev_vgg16_bn_aa_s42,face_transfer,124,two_cross,RFW WM64,Objects,0.36,0.38,50,within_sampled_range,II,132,83.33333333333334,runs/yin_noise_matrix_20260926/results/r21dev_vgg16_bn_aa_s42/faces_rfwWM64/objects/results.csv,II
mixed,Mixed faces / AA4,r21dev_vgg16_bn_aa_s42,face_transfer,124,two_cross,RFW WM64,Objects,0.36,0.38,50,within_sampled_range,II,133,95.83333333333334,runs/yin_noise_matrix_20260926/results/r21dev_vgg16_bn_aa_s42/faces_rfwWM64/objects/results.csv,II
mixed,Mixed faces / AA4,r21dev_vgg16_bn_aa_s42,face_transfer,124,two_cross,RFW WM64,Objects,0.36,0.38,50,within_sampled_range,II,134,95.83333333333334,runs/yin_noise_matrix_20260926/results/r21dev_vgg16_bn_aa_s42/faces_rfwWM64/objects/results.csv,II
mixed,Mixed faces / AA4,r21dev_vgg16_bn_aa_s42,face_transfer,124,two_cross,RFW WM64,Objects,0.36,0.38,50,within_sampled_range,II,135,91.66666666666666,runs/yin_noise_matrix_20260926/results/r21dev_vgg16_bn_aa_s42/faces_rfwWM64/objects/results.csv,II
mixed,Mixed faces / AA4,r21dev_vgg16_bn_aa_s42,face_transfer,124,two_cross,RFW WM64,Objects,0.36,0.38,50,within_sampled_range,II,136,95.83333333333334,runs/yin_noise_matrix_20260926/results/r21dev_vgg16_bn_aa_s42/faces_rfwWM64/objects/results.csv,II
mixed,Mixed faces / AA4,r21dev_vgg16_bn_aa_s42,face_transfer,124,two_cross,RFW WM64,Objects,0.36,0.38,50,within_sampled_range,II,137,95.83333333333334,runs/yin_noise_matrix_20260926/results/r21dev_vgg16_bn_aa_s42/faces_rfwWM64/objects/results.csv,II
mixed,Mixed faces / AA4,r21dev_vgg16_bn_aa_s42,face_transfer,124,two_cross,RFW WM64,Objects,0.36,0.38,50,within_sampled_range,II,138,87.5,runs/yin_noise_matrix_20260926/results/r21dev_vgg16_bn_aa_s42/faces_rfwWM64/objects/results.csv,II
mixed,Mixed faces / AA4,r21dev_vgg16_bn_aa_s42,face_transfer,124,two_cross,RFW WM64,Objects,0.36,0.38,50,within_sampled_range,II,139,87.5,runs/yin_noise_matrix_20260926/results/r21dev_vgg16_bn_aa_s42/faces_rfwWM64/objects/results.csv,II
mixed,Mixed faces / AA4,r21dev_vgg16_bn_aa_s42,face_transfer,124,two_cross,RFW WM64,Objects,0.36,0.38,50,within_sampled_range,II,140,91.66666666666666,runs/yin_noise_matrix_20260926/results/r21dev_vgg16_bn_aa_s42/faces_rfwWM64/objects/results.csv,II
mixed,Mixed faces / AA4,r21dev_vgg16_bn_aa_s42,face_transfer,124,two_cross,RFW WM64,Objects,0.36,0.38,50,within_sampled_range,II,141,87.5,runs/yin_noise_matrix_20260926/results/r21dev_vgg16_bn_aa_s42/faces_rfwWM64/objects/results.csv,II
mixed,Mixed faces / AA4,r21dev_vgg16_bn_aa_s42,face_transfer,124,two_cross,RFW WM64,Objects,0.36,0.38,50,within_sampled_range,II,142,87.5,runs/yin_noise_matrix_20260926/results/r21dev_vgg16_bn_aa_s42/faces_rfwWM64/objects/results.csv,II
mixed,Mixed faces / AA4,r21dev_vgg16_bn_aa_s42,face_transfer,124,two_cross,RFW WM64,Objects,0.36,0.38,50,within_sampled_range,II,143,87.5,runs/yin_noise_matrix_20260926/results/r21dev_vgg16_bn_aa_s42/faces_rfwWM64/objects/results.csv,II
mixed,Mixed faces / AA4,r21dev_vgg16_bn_aa_s42,face_transfer,124,two_cross,RFW WM64,Objects,0.36,0.38,50,within_sampled_range,II,144,91.66666666666666,runs/yin_noise_matrix_20260926/results/r21dev_vgg16_bn_aa_s42/faces_rfwWM64/objects/results.csv,II
mixed,Mixed faces / AA4,r21dev_vgg16_bn_aa_s42,face_transfer,124,two_cross,RFW WM64,Objects,0.36,0.38,50,within_sampled_range,II,145,91.66666666666666,runs/yin_noise_matrix_20260926/results/r21dev_vgg16_bn_aa_s42/faces_rfwWM64/objects/results.csv,II
mixed,Mixed faces / AA4,r21dev_vgg16_bn_aa_s42,face_transfer,124,two_cross,RFW WM64,Objects,0.36,0.38,50,within_sampled_range,II,146,91.66666666666666,runs/yin_noise_matrix_20260926/results/r21dev_vgg16_bn_aa_s42/faces_rfwWM64/objects/results.csv,II
mixed,Mixed faces / AA4,r21dev_vgg16_bn_aa_s42,face_transfer,124,two_cross,RFW WM64,Objects,0.36,0.38,50,within_sampled_range,II,147,95.83333333333334,runs/yin_noise_matrix_20260926/results/r21dev_vgg16_bn_aa_s42/faces_rfwWM64/objects/results.csv,II
mixed,Mixed faces / AA4,r21dev_vgg16_bn_aa_s42,face_transfer,124,two_cross,RFW WM64,Objects,0.36,0.38,50,within_sampled_range,II,148,100.0,runs/yin_noise_matrix_20260926/results/r21dev_vgg16_bn_aa_s42/faces_rfwWM64/objects/results.csv,II
mixed,Mixed faces / AA4,r21dev_vgg16_bn_aa_s42,face_transfer,124,two_cross,RFW WM64,Objects,0.36,0.38,50,within_sampled_range,II,149,91.66666666666666,runs/yin_noise_matrix_20260926/results/r21dev_vgg16_bn_aa_s42/faces_rfwWM64/objects/results.csv,II
mixed,Mixed faces / AA4,r21dev_vgg16_bn_aa_s42,face_transfer,124,two_cross,RFW WM64,Objects,0.36,0.38,50,within_sampled_range,II,150,95.83333333333334,runs/yin_noise_matrix_20260926/results/r21dev_vgg16_bn_aa_s42/faces_rfwWM64/objects/results.csv,II
mixed,Mixed faces / AA4,r21dev_vgg16_bn_aa_s42,face_transfer,124,two_cross,RFW WM64,Objects,0.36,0.38,50,within_sampled_range,UI,101,95.83333333333334,runs/yin_noise_matrix_20260926/results/r21dev_vgg16_bn_aa_s42/faces_rfwWM64/objects/results.csv,UI_cross
mixed,Mixed faces / AA4,r21dev_vgg16_bn_aa_s42,face_transfer,124,two_cross,RFW WM64,Objects,0.36,0.38,50,within_sampled_range,UI,102,79.16666666666666,runs/yin_noise_matrix_20260926/results/r21dev_vgg16_bn_aa_s42/faces_rfwWM64/objects/results.csv,UI_cross
mixed,Mixed faces / AA4,r21dev_vgg16_bn_aa_s42,face_transfer,124,two_cross,RFW WM64,Objects,0.36,0.38,50,within_sampled_range,UI,103,79.16666666666666,runs/yin_noise_matrix_20260926/results/r21dev_vgg16_bn_aa_s42/faces_rfwWM64/objects/results.csv,UI_cross
mixed,Mixed faces / AA4,r21dev_vgg16_bn_aa_s42,face_transfer,124,two_cross,RFW WM64,Objects,0.36,0.38,50,within_sampled_range,UI,104,87.5,runs/yin_noise_matrix_20260926/results/r21dev_vgg16_bn_aa_s42/faces_rfwWM64/objects/results.csv,UI_cross
mixed,Mixed faces / AA4,r21dev_vgg16_bn_aa_s42,face_transfer,124,two_cross,RFW WM64,Objects,0.36,0.38,50,within_sampled_range,UI,105,100.0,runs/yin_noise_matrix_20260926/results/r21dev_vgg16_bn_aa_s42/faces_rfwWM64/objects/results.csv,UI_cross
mixed,Mixed faces / AA4,r21dev_vgg16_bn_aa_s42,face_transfer,124,two_cross,RFW WM64,Objects,0.36,0.38,50,within_sampled_range,UI,106,87.5,runs/yin_noise_matrix_20260926/results/r21dev_vgg16_bn_aa_s42/faces_rfwWM64/objects/results.csv,UI_cross
mixed,Mixed faces / AA4,r21dev_vgg16_bn_aa_s42,face_transfer,124,two_cross,RFW WM64,Objects,0.36,0.38,50,within_sampled_range,UI,107,100.0,runs/yin_noise_matrix_20260926/results/r21dev_vgg16_bn_aa_s42/faces_rfwWM64/objects/results.csv,UI_cross
mixed,Mixed faces / AA4,r21dev_vgg16_bn_aa_s42,face_transfer,124,two_cross,RFW WM64,Objects,0.36,0.38,50,within_sampled_range,UI,108,95.83333333333334,runs/yin_noise_matrix_20260926/results/r21dev_vgg16_bn_aa_s42/faces_rfwWM64/objects/results.csv,UI_cross
mixed,Mixed faces / AA4,r21dev_vgg16_bn_aa_s42,face_transfer,124,two_cross,RFW WM64,Objects,0.36,0.38,50,within_sampled_range,UI,109,95.83333333333334,runs/yin_noise_matrix_20260926/results/r21dev_vgg16_bn_aa_s42/faces_rfwWM64/objects/results.csv,UI_cross
mixed,Mixed faces / AA4,r21dev_vgg16_bn_aa_s42,face_transfer,124,two_cross,RFW WM64,Objects,0.36,0.38,50,within_sampled_range,UI,110,91.66666666666666,runs/yin_noise_matrix_20260926/results/r21dev_vgg16_bn_aa_s42/faces_rfwWM64/objects/results.csv,UI_cross
mixed,Mixed faces / AA4,r21dev_vgg16_bn_aa_s42,face_transfer,124,two_cross,RFW WM64,Objects,0.36,0.38,50,within_sampled_range,UI,111,83.33333333333334,runs/yin_noise_matrix_20260926/results/r21dev_vgg16_bn_aa_s42/faces_rfwWM64/objects/results.csv,UI_cross
mixed,Mixed faces / AA4,r21dev_vgg16_bn_aa_s42,face_transfer,124,two_cross,RFW WM64,Objects,0.36,0.38,50,within_sampled_range,UI,112,87.5,runs/yin_noise_matrix_20260926/results/r21dev_vgg16_bn_aa_s42/faces_rfwWM64/objects/results.csv,UI_cross
mixed,Mixed faces / AA4,r21dev_vgg16_bn_aa_s42,face_transfer,124,two_cross,RFW WM64,Objects,0.36,0.38,50,within_sampled_range,UI,113,87.5,runs/yin_noise_matrix_20260926/results/r21dev_vgg16_bn_aa_s42/faces_rfwWM64/objects/results.csv,UI_cross
mixed,Mixed faces / AA4,r21dev_vgg16_bn_aa_s42,face_transfer,124,two_cross,RFW WM64,Objects,0.36,0.38,50,within_sampled_range,UI,114,91.66666666666666,runs/yin_noise_matrix_20260926/results/r21dev_vgg16_bn_aa_s42/faces_rfwWM64/objects/results.csv,UI_cross
mixed,Mixed faces / AA4,r21dev_vgg16_bn_aa_s42,face_transfer,124,two_cross,RFW WM64,Objects,0.36,0.38,50,within_sampled_range,UI,115,95.83333333333334,runs/yin_noise_matrix_20260926/results/r21dev_vgg16_bn_aa_s42/faces_rfwWM64/objects/results.csv,UI_cross
mixed,Mixed faces / AA4,r21dev_vgg16_bn_aa_s42,face_transfer,124,two_cross,RFW WM64,Objects,0.36,0.38,50,within_sampled_range,UI,116,95.83333333333334,runs/yin_noise_matrix_20260926/results/r21dev_vgg16_bn_aa_s42/faces_rfwWM64/objects/results.csv,UI_cross
mixed,Mixed faces / AA4,r21dev_vgg16_bn_aa_s42,face_transfer,124,two_cross,RFW WM64,Objects,0.36,0.38,50,within_sampled_range,UI,117,83.33333333333334,runs/yin_noise_matrix_20260926/results/r21dev_vgg16_bn_aa_s42/faces_rfwWM64/objects/results.csv,UI_cross
mixed,Mixed faces / AA4,r21dev_vgg16_bn_aa_s42,face_transfer,124,two_cross,RFW WM64,Objects,0.36,0.38,50,within_sampled_range,UI,118,100.0,runs/yin_noise_matrix_20260926/results/r21dev_vgg16_bn_aa_s42/faces_rfwWM64/objects/results.csv,UI_cross
mixed,Mixed faces / AA4,r21dev_vgg16_bn_aa_s42,face_transfer,124,two_cross,RFW WM64,Objects,0.36,0.38,50,within_sampled_range,UI,119,100.0,runs/yin_noise_matrix_20260926/results/r21dev_vgg16_bn_aa_s42/faces_rfwWM64/objects/results.csv,UI_cross
mixed,Mixed faces / AA4,r21dev_vgg16_bn_aa_s42,face_transfer,124,two_cross,RFW WM64,Objects,0.36,0.38,50,within_sampled_range,UI,120,83.33333333333334,runs/yin_noise_matrix_20260926/results/r21dev_vgg16_bn_aa_s42/faces_rfwWM64/objects/results.csv,UI_cross
mixed,Mixed faces / AA4,r21dev_vgg16_bn_aa_s42,face_transfer,124,two_cross,RFW WM64,Objects,0.36,0.38,50,within_sampled_range,UI,121,87.5,runs/yin_noise_matrix_20260926/results/r21dev_vgg16_bn_aa_s42/faces_rfwWM64/objects/results.csv,UI_cross
mixed,Mixed faces / AA4,r21dev_vgg16_bn_aa_s42,face_transfer,124,two_cross,RFW WM64,Objects,0.36,0.38,50,within_sampled_range,UI,122,87.5,runs/yin_noise_matrix_20260926/results/r21dev_vgg16_bn_aa_s42/faces_rfwWM64/objects/results.csv,UI_cross
mixed,Mixed faces / AA4,r21dev_vgg16_bn_aa_s42,face_transfer,124,two_cross,RFW WM64,Objects,0.36,0.38,50,within_sampled_range,UI,123,91.66666666666666,runs/yin_noise_matrix_20260926/results/r21dev_vgg16_bn_aa_s42/faces_rfwWM64/objects/results.csv,UI_cross
mixed,Mixed faces / AA4,r21dev_vgg16_bn_aa_s42,face_transfer,124,two_cross,RFW WM64,Objects,0.36,0.38,50,within_sampled_range,UI,124,91.66666666666666,runs/yin_noise_matrix_20260926/results/r21dev_vgg16_bn_aa_s42/faces_rfwWM64/objects/results.csv,UI_cross
mixed,Mixed faces / AA4,r21dev_vgg16_bn_aa_s42,face_transfer,124,two_cross,RFW WM64,Objects,0.36,0.38,50,within_sampled_range,UI,125,91.66666666666666,runs/yin_noise_matrix_20260926/results/r21dev_vgg16_bn_aa_s42/faces_rfwWM64/objects/results.csv,UI_cross
mixed,Mixed faces / AA4,r21dev_vgg16_bn_aa_s42,face_transfer,124,two_cross,RFW WM64,Objects,0.36,0.38,50,within_sampled_range,UI,126,100.0,runs/yin_noise_matrix_20260926/results/r21dev_vgg16_bn_aa_s42/faces_rfwWM64/objects/results.csv,UI_cross
mixed,Mixed faces / AA4,r21dev_vgg16_bn_aa_s42,face_transfer,124,two_cross,RFW WM64,Objects,0.36,0.38,50,within_sampled_range,UI,127,100.0,runs/yin_noise_matrix_20260926/results/r21dev_vgg16_bn_aa_s42/faces_rfwWM64/objects/results.csv,UI_cross
mixed,Mixed faces / AA4,r21dev_vgg16_bn_aa_s42,face_transfer,124,two_cross,RFW WM64,Objects,0.36,0.38,50,within_sampled_range,UI,128,91.66666666666666,runs/yin_noise_matrix_20260926/results/r21dev_vgg16_bn_aa_s42/faces_rfwWM64/objects/results.csv,UI_cross
mixed,Mixed faces / AA4,r21dev_vgg16_bn_aa_s42,face_transfer,124,two_cross,RFW WM64,Objects,0.36,0.38,50,within_sampled_range,UI,129,83.33333333333334,runs/yin_noise_matrix_20260926/results/r21dev_vgg16_bn_aa_s42/faces_rfwWM64/objects/results.csv,UI_cross
mixed,Mixed faces / AA4,r21dev_vgg16_bn_aa_s42,face_transfer,124,two_cross,RFW WM64,Objects,0.36,0.38,50,within_sampled_range,UI,130,95.83333333333334,runs/yin_noise_matrix_20260926/results/r21dev_vgg16_bn_aa_s42/faces_rfwWM64/objects/results.csv,UI_cross
mixed,Mixed faces / AA4,r21dev_vgg16_bn_aa_s42,face_transfer,124,two_cross,RFW WM64,Objects,0.36,0.38,50,within_sampled_range,UI,131,87.5,runs/yin_noise_matrix_20260926/results/r21dev_vgg16_bn_aa_s42/faces_rfwWM64/objects/results.csv,UI_cross
mixed,Mixed faces / AA4,r21dev_vgg16_bn_aa_s42,face_transfer,124,two_cross,RFW WM64,Objects,0.36,0.38,50,within_sampled_range,UI,132,95.83333333333334,runs/yin_noise_matrix_20260926/results/r21dev_vgg16_bn_aa_s42/faces_rfwWM64/objects/results.csv,UI_cross
mixed,Mixed faces / AA4,r21dev_vgg16_bn_aa_s42,face_transfer,124,two_cross,RFW WM64,Objects,0.36,0.38,50,within_sampled_range,UI,133,91.66666666666666,runs/yin_noise_matrix_20260926/results/r21dev_vgg16_bn_aa_s42/faces_rfwWM64/objects/results.csv,UI_cross
mixed,Mixed faces / AA4,r21dev_vgg16_bn_aa_s42,face_transfer,124,two_cross,RFW WM64,Objects,0.36,0.38,50,within_sampled_range,UI,134,100.0,runs/yin_noise_matrix_20260926/results/r21dev_vgg16_bn_aa_s42/faces_rfwWM64/objects/results.csv,UI_cross
mixed,Mixed faces / AA4,r21dev_vgg16_bn_aa_s42,face_transfer,124,two_cross,RFW WM64,Objects,0.36,0.38,50,within_sampled_range,UI,135,91.66666666666666,runs/yin_noise_matrix_20260926/results/r21dev_vgg16_bn_aa_s42/faces_rfwWM64/objects/results.csv,UI_cross
mixed,Mixed faces / AA4,r21dev_vgg16_bn_aa_s42,face_transfer,124,two_cross,RFW WM64,Objects,0.36,0.38,50,within_sampled_range,UI,136,91.66666666666666,runs/yin_noise_matrix_20260926/results/r21dev_vgg16_bn_aa_s42/faces_rfwWM64/objects/results.csv,UI_cross
mixed,Mixed faces / AA4,r21dev_vgg16_bn_aa_s42,face_transfer,124,two_cross,RFW WM64,Objects,0.36,0.38,50,within_sampled_range,UI,137,87.5,runs/yin_noise_matrix_20260926/results/r21dev_vgg16_bn_aa_s42/faces_rfwWM64/objects/results.csv,UI_cross
mixed,Mixed faces / AA4,r21dev_vgg16_bn_aa_s42,face_transfer,124,two_cross,RFW WM64,Objects,0.36,0.38,50,within_sampled_range,UI,138,91.66666666666666,runs/yin_noise_matrix_20260926/results/r21dev_vgg16_bn_aa_s42/faces_rfwWM64/objects/results.csv,UI_cross
mixed,Mixed faces / AA4,r21dev_vgg16_bn_aa_s42,face_transfer,124,two_cross,RFW WM64,Objects,0.36,0.38,50,within_sampled_range,UI,139,87.5,runs/yin_noise_matrix_20260926/results/r21dev_vgg16_bn_aa_s42/faces_rfwWM64/objects/results.csv,UI_cross
mixed,Mixed faces / AA4,r21dev_vgg16_bn_aa_s42,face_transfer,124,two_cross,RFW WM64,Objects,0.36,0.38,50,within_sampled_range,UI,140,87.5,runs/yin_noise_matrix_20260926/results/r21dev_vgg16_bn_aa_s42/faces_rfwWM64/objects/results.csv,UI_cross
mixed,Mixed faces / AA4,r21dev_vgg16_bn_aa_s42,face_transfer,124,two_cross,RFW WM64,Objects,0.36,0.38,50,within_sampled_range,UI,141,100.0,runs/yin_noise_matrix_20260926/results/r21dev_vgg16_bn_aa_s42/faces_rfwWM64/objects/results.csv,UI_cross
mixed,Mixed faces / AA4,r21dev_vgg16_bn_aa_s42,face_transfer,124,two_cross,RFW WM64,Objects,0.36,0.38,50,within_sampled_range,UI,142,91.66666666666666,runs/yin_noise_matrix_20260926/results/r21dev_vgg16_bn_aa_s42/faces_rfwWM64/objects/results.csv,UI_cross
mixed,Mixed faces / AA4,r21dev_vgg16_bn_aa_s42,face_transfer,124,two_cross,RFW WM64,Objects,0.36,0.38,50,within_sampled_range,UI,143,100.0,runs/yin_noise_matrix_20260926/results/r21dev_vgg16_bn_aa_s42/faces_rfwWM64/objects/results.csv,UI_cross
mixed,Mixed faces / AA4,r21dev_vgg16_bn_aa_s42,face_transfer,124,two_cross,RFW WM64,Objects,0.36,0.38,50,within_sampled_range,UI,144,95.83333333333334,runs/yin_noise_matrix_20260926/results/r21dev_vgg16_bn_aa_s42/faces_rfwWM64/objects/results.csv,UI_cross
mixed,Mixed faces / AA4,r21dev_vgg16_bn_aa_s42,face_transfer,124,two_cross,RFW WM64,Objects,0.36,0.38,50,within_sampled_range,UI,145,95.83333333333334,runs/yin_noise_matrix_20260926/results/r21dev_vgg16_bn_aa_s42/faces_rfwWM64/objects/results.csv,UI_cross
mixed,Mixed faces / AA4,r21dev_vgg16_bn_aa_s42,face_transfer,124,two_cross,RFW WM64,Objects,0.36,0.38,50,within_sampled_range,UI,146,95.83333333333334,runs/yin_noise_matrix_20260926/results/r21dev_vgg16_bn_aa_s42/faces_rfwWM64/objects/results.csv,UI_cross
mixed,Mixed faces / AA4,r21dev_vgg16_bn_aa_s42,face_transfer,124,two_cross,RFW WM64,Objects,0.36,0.38,50,within_sampled_range,UI,147,95.83333333333334,runs/yin_noise_matrix_20260926/results/r21dev_vgg16_bn_aa_s42/faces_rfwWM64/objects/results.csv,UI_cross
mixed,Mixed faces / AA4,r21dev_vgg16_bn_aa_s42,face_transfer,124,two_cross,RFW WM64,Objects,0.36,0.38,50,within_sampled_range,UI,148,95.83333333333334,runs/yin_noise_matrix_20260926/results/r21dev_vgg16_bn_aa_s42/faces_rfwWM64/objects/results.csv,UI_cross
mixed,Mixed faces / AA4,r21dev_vgg16_bn_aa_s42,face_transfer,124,two_cross,RFW WM64,Objects,0.36,0.38,50,within_sampled_range,UI,149,87.5,runs/yin_noise_matrix_20260926/results/r21dev_vgg16_bn_aa_s42/faces_rfwWM64/objects/results.csv,UI_cross
mixed,Mixed faces / AA4,r21dev_vgg16_bn_aa_s42,face_transfer,124,two_cross,RFW WM64,Objects,0.36,0.38,50,within_sampled_range,UI,150,87.5,runs/yin_noise_matrix_20260926/results/r21dev_vgg16_bn_aa_s42/faces_rfwWM64/objects/results.csv,UI_cross
mixed,Mixed faces / AA4,r21dev_vgg16_bn_aa_s42,face_transfer,124,two_cross,RFW WM64,Objects,0.36,0.38,50,within_sampled_range,IU,101,75.0,runs/yin_noise_matrix_20260926/results/r21dev_vgg16_bn_aa_s42/faces_rfwWM64/objects/results.csv,IU
mixed,Mixed faces / AA4,r21dev_vgg16_bn_aa_s42,face_transfer,124,two_cross,RFW WM64,Objects,0.36,0.38,50,within_sampled_range,IU,102,91.66666666666666,runs/yin_noise_matrix_20260926/results/r21dev_vgg16_bn_aa_s42/faces_rfwWM64/objects/results.csv,IU
mixed,Mixed faces / AA4,r21dev_vgg16_bn_aa_s42,face_transfer,124,two_cross,RFW WM64,Objects,0.36,0.38,50,within_sampled_range,IU,103,95.83333333333334,runs/yin_noise_matrix_20260926/results/r21dev_vgg16_bn_aa_s42/faces_rfwWM64/objects/results.csv,IU
mixed,Mixed faces / AA4,r21dev_vgg16_bn_aa_s42,face_transfer,124,two_cross,RFW WM64,Objects,0.36,0.38,50,within_sampled_range,IU,104,91.66666666666666,runs/yin_noise_matrix_20260926/results/r21dev_vgg16_bn_aa_s42/faces_rfwWM64/objects/results.csv,IU
mixed,Mixed faces / AA4,r21dev_vgg16_bn_aa_s42,face_transfer,124,two_cross,RFW WM64,Objects,0.36,0.38,50,within_sampled_range,IU,105,91.66666666666666,runs/yin_noise_matrix_20260926/results/r21dev_vgg16_bn_aa_s42/faces_rfwWM64/objects/results.csv,IU
mixed,Mixed faces / AA4,r21dev_vgg16_bn_aa_s42,face_transfer,124,two_cross,RFW WM64,Objects,0.36,0.38,50,within_sampled_range,IU,106,95.83333333333334,runs/yin_noise_matrix_20260926/results/r21dev_vgg16_bn_aa_s42/faces_rfwWM64/objects/results.csv,IU
mixed,Mixed faces / AA4,r21dev_vgg16_bn_aa_s42,face_transfer,124,two_cross,RFW WM64,Objects,0.36,0.38,50,within_sampled_range,IU,107,100.0,runs/yin_noise_matrix_20260926/results/r21dev_vgg16_bn_aa_s42/faces_rfwWM64/objects/results.csv,IU
mixed,Mixed faces / AA4,r21dev_vgg16_bn_aa_s42,face_transfer,124,two_cross,RFW WM64,Objects,0.36,0.38,50,within_sampled_range,IU,108,95.83333333333334,runs/yin_noise_matrix_20260926/results/r21dev_vgg16_bn_aa_s42/faces_rfwWM64/objects/results.csv,IU
mixed,Mixed faces / AA4,r21dev_vgg16_bn_aa_s42,face_transfer,124,two_cross,RFW WM64,Objects,0.36,0.38,50,within_sampled_range,IU,109,87.5,runs/yin_noise_matrix_20260926/results/r21dev_vgg16_bn_aa_s42/faces_rfwWM64/objects/results.csv,IU
mixed,Mixed faces / AA4,r21dev_vgg16_bn_aa_s42,face_transfer,124,two_cross,RFW WM64,Objects,0.36,0.38,50,within_sampled_range,IU,110,95.83333333333334,runs/yin_noise_matrix_20260926/results/r21dev_vgg16_bn_aa_s42/faces_rfwWM64/objects/results.csv,IU
mixed,Mixed faces / AA4,r21dev_vgg16_bn_aa_s42,face_transfer,124,two_cross,RFW WM64,Objects,0.36,0.38,50,within_sampled_range,IU,111,91.66666666666666,runs/yin_noise_matrix_20260926/results/r21dev_vgg16_bn_aa_s42/faces_rfwWM64/objects/results.csv,IU
mixed,Mixed faces / AA4,r21dev_vgg16_bn_aa_s42,face_transfer,124,two_cross,RFW WM64,Objects,0.36,0.38,50,within_sampled_range,IU,112,91.66666666666666,runs/yin_noise_matrix_20260926/results/r21dev_vgg16_bn_aa_s42/faces_rfwWM64/objects/results.csv,IU
mixed,Mixed faces / AA4,r21dev_vgg16_bn_aa_s42,face_transfer,124,two_cross,RFW WM64,Objects,0.36,0.38,50,within_sampled_range,IU,113,87.5,runs/yin_noise_matrix_20260926/results/r21dev_vgg16_bn_aa_s42/faces_rfwWM64/objects/results.csv,IU
mixed,Mixed faces / AA4,r21dev_vgg16_bn_aa_s42,face_transfer,124,two_cross,RFW WM64,Objects,0.36,0.38,50,within_sampled_range,IU,114,91.66666666666666,runs/yin_noise_matrix_20260926/results/r21dev_vgg16_bn_aa_s42/faces_rfwWM64/objects/results.csv,IU
mixed,Mixed faces / AA4,r21dev_vgg16_bn_aa_s42,face_transfer,124,two_cross,RFW WM64,Objects,0.36,0.38,50,within_sampled_range,IU,115,91.66666666666666,runs/yin_noise_matrix_20260926/results/r21dev_vgg16_bn_aa_s42/faces_rfwWM64/objects/results.csv,IU
mixed,Mixed faces / AA4,r21dev_vgg16_bn_aa_s42,face_transfer,124,two_cross,RFW WM64,Objects,0.36,0.38,50,within_sampled_range,IU,116,95.83333333333334,runs/yin_noise_matrix_20260926/results/r21dev_vgg16_bn_aa_s42/faces_rfwWM64/objects/results.csv,IU
mixed,Mixed faces / AA4,r21dev_vgg16_bn_aa_s42,face_transfer,124,two_cross,RFW WM64,Objects,0.36,0.38,50,within_sampled_range,IU,117,95.83333333333334,runs/yin_noise_matrix_20260926/results/r21dev_vgg16_bn_aa_s42/faces_rfwWM64/objects/results.csv,IU
mixed,Mixed faces / AA4,r21dev_vgg16_bn_aa_s42,face_transfer,124,two_cross,RFW WM64,Objects,0.36,0.38,50,within_sampled_range,IU,118,95.83333333333334,runs/yin_noise_matrix_20260926/results/r21dev_vgg16_bn_aa_s42/faces_rfwWM64/objects/results.csv,IU
mixed,Mixed faces / AA4,r21dev_vgg16_bn_aa_s42,face_transfer,124,two_cross,RFW WM64,Objects,0.36,0.38,50,within_sampled_range,IU,119,95.83333333333334,runs/yin_noise_matrix_20260926/results/r21dev_vgg16_bn_aa_s42/faces_rfwWM64/objects/results.csv,IU
mixed,Mixed faces / AA4,r21dev_vgg16_bn_aa_s42,face_transfer,124,two_cross,RFW WM64,Objects,0.36,0.38,50,within_sampled_range,IU,120,95.83333333333334,runs/yin_noise_matrix_20260926/results/r21dev_vgg16_bn_aa_s42/faces_rfwWM64/objects/results.csv,IU
mixed,Mixed faces / AA4,r21dev_vgg16_bn_aa_s42,face_transfer,124,two_cross,RFW WM64,Objects,0.36,0.38,50,within_sampled_range,IU,121,91.66666666666666,runs/yin_noise_matrix_20260926/results/r21dev_vgg16_bn_aa_s42/faces_rfwWM64/objects/results.csv,IU
mixed,Mixed faces / AA4,r21dev_vgg16_bn_aa_s42,face_transfer,124,two_cross,RFW WM64,Objects,0.36,0.38,50,within_sampled_range,IU,122,87.5,runs/yin_noise_matrix_20260926/results/r21dev_vgg16_bn_aa_s42/faces_rfwWM64/objects/results.csv,IU
mixed,Mixed faces / AA4,r21dev_vgg16_bn_aa_s42,face_transfer,124,two_cross,RFW WM64,Objects,0.36,0.38,50,within_sampled_range,IU,123,87.5,runs/yin_noise_matrix_20260926/results/r21dev_vgg16_bn_aa_s42/faces_rfwWM64/objects/results.csv,IU
mixed,Mixed faces / AA4,r21dev_vgg16_bn_aa_s42,face_transfer,124,two_cross,RFW WM64,Objects,0.36,0.38,50,within_sampled_range,IU,124,95.83333333333334,runs/yin_noise_matrix_20260926/results/r21dev_vgg16_bn_aa_s42/faces_rfwWM64/objects/results.csv,IU
mixed,Mixed faces / AA4,r21dev_vgg16_bn_aa_s42,face_transfer,124,two_cross,RFW WM64,Objects,0.36,0.38,50,within_sampled_range,IU,125,100.0,runs/yin_noise_matrix_20260926/results/r21dev_vgg16_bn_aa_s42/faces_rfwWM64/objects/results.csv,IU
mixed,Mixed faces / AA4,r21dev_vgg16_bn_aa_s42,face_transfer,124,two_cross,RFW WM64,Objects,0.36,0.38,50,within_sampled_range,IU,126,91.66666666666666,runs/yin_noise_matrix_20260926/results/r21dev_vgg16_bn_aa_s42/faces_rfwWM64/objects/results.csv,IU
mixed,Mixed faces / AA4,r21dev_vgg16_bn_aa_s42,face_transfer,124,two_cross,RFW WM64,Objects,0.36,0.38,50,within_sampled_range,IU,127,100.0,runs/yin_noise_matrix_20260926/results/r21dev_vgg16_bn_aa_s42/faces_rfwWM64/objects/results.csv,IU
mixed,Mixed faces / AA4,r21dev_vgg16_bn_aa_s42,face_transfer,124,two_cross,RFW WM64,Objects,0.36,0.38,50,within_sampled_range,IU,128,100.0,runs/yin_noise_matrix_20260926/results/r21dev_vgg16_bn_aa_s42/faces_rfwWM64/objects/results.csv,IU
mixed,Mixed faces / AA4,r21dev_vgg16_bn_aa_s42,face_transfer,124,two_cross,RFW WM64,Objects,0.36,0.38,50,within_sampled_range,IU,129,100.0,runs/yin_noise_matrix_20260926/results/r21dev_vgg16_bn_aa_s42/faces_rfwWM64/objects/results.csv,IU
mixed,Mixed faces / AA4,r21dev_vgg16_bn_aa_s42,face_transfer,124,two_cross,RFW WM64,Objects,0.36,0.38,50,within_sampled_range,IU,130,95.83333333333334,runs/yin_noise_matrix_20260926/results/r21dev_vgg16_bn_aa_s42/faces_rfwWM64/objects/results.csv,IU
mixed,Mixed faces / AA4,r21dev_vgg16_bn_aa_s42,face_transfer,124,two_cross,RFW WM64,Objects,0.36,0.38,50,within_sampled_range,IU,131,91.66666666666666,runs/yin_noise_matrix_20260926/results/r21dev_vgg16_bn_aa_s42/faces_rfwWM64/objects/results.csv,IU
mixed,Mixed faces / AA4,r21dev_vgg16_bn_aa_s42,face_transfer,124,two_cross,RFW WM64,Objects,0.36,0.38,50,within_sampled_range,IU,132,87.5,runs/yin_noise_matrix_20260926/results/r21dev_vgg16_bn_aa_s42/faces_rfwWM64/objects/results.csv,IU
mixed,Mixed faces / AA4,r21dev_vgg16_bn_aa_s42,face_transfer,124,two_cross,RFW WM64,Objects,0.36,0.38,50,within_sampled_range,IU,133,91.66666666666666,runs/yin_noise_matrix_20260926/results/r21dev_vgg16_bn_aa_s42/faces_rfwWM64/objects/results.csv,IU
mixed,Mixed faces / AA4,r21dev_vgg16_bn_aa_s42,face_transfer,124,two_cross,RFW WM64,Objects,0.36,0.38,50,within_sampled_range,IU,134,95.83333333333334,runs/yin_noise_matrix_20260926/results/r21dev_vgg16_bn_aa_s42/faces_rfwWM64/objects/results.csv,IU
mixed,Mixed faces / AA4,r21dev_vgg16_bn_aa_s42,face_transfer,124,two_cross,RFW WM64,Objects,0.36,0.38,50,within_sampled_range,IU,135,91.66666666666666,runs/yin_noise_matrix_20260926/results/r21dev_vgg16_bn_aa_s42/faces_rfwWM64/objects/results.csv,IU
mixed,Mixed faces / AA4,r21dev_vgg16_bn_aa_s42,face_transfer,124,two_cross,RFW WM64,Objects,0.36,0.38,50,within_sampled_range,IU,136,91.66666666666666,runs/yin_noise_matrix_20260926/results/r21dev_vgg16_bn_aa_s42/faces_rfwWM64/objects/results.csv,IU
mixed,Mixed faces / AA4,r21dev_vgg16_bn_aa_s42,face_transfer,124,two_cross,RFW WM64,Objects,0.36,0.38,50,within_sampled_range,IU,137,95.83333333333334,runs/yin_noise_matrix_20260926/results/r21dev_vgg16_bn_aa_s42/faces_rfwWM64/objects/results.csv,IU
mixed,Mixed faces / AA4,r21dev_vgg16_bn_aa_s42,face_transfer,124,two_cross,RFW WM64,Objects,0.36,0.38,50,within_sampled_range,IU,138,91.66666666666666,runs/yin_noise_matrix_20260926/results/r21dev_vgg16_bn_aa_s42/faces_rfwWM64/objects/results.csv,IU
mixed,Mixed faces / AA4,r21dev_vgg16_bn_aa_s42,face_transfer,124,two_cross,RFW WM64,Objects,0.36,0.38,50,within_sampled_range,IU,139,91.66666666666666,runs/yin_noise_matrix_20260926/results/r21dev_vgg16_bn_aa_s42/faces_rfwWM64/objects/results.csv,IU
mixed,Mixed faces / AA4,r21dev_vgg16_bn_aa_s42,face_transfer,124,two_cross,RFW WM64,Objects,0.36,0.38,50,within_sampled_range,IU,140,95.83333333333334,runs/yin_noise_matrix_20260926/results/r21dev_vgg16_bn_aa_s42/faces_rfwWM64/objects/results.csv,IU
mixed,Mixed faces / AA4,r21dev_vgg16_bn_aa_s42,face_transfer,124,two_cross,RFW WM64,Objects,0.36,0.38,50,within_sampled_range,IU,141,87.5,runs/yin_noise_matrix_20260926/results/r21dev_vgg16_bn_aa_s42/faces_rfwWM64/objects/results.csv,IU
mixed,Mixed faces / AA4,r21dev_vgg16_bn_aa_s42,face_transfer,124,two_cross,RFW WM64,Objects,0.36,0.38,50,within_sampled_range,IU,142,95.83333333333334,runs/yin_noise_matrix_20260926/results/r21dev_vgg16_bn_aa_s42/faces_rfwWM64/objects/results.csv,IU
mixed,Mixed faces / AA4,r21dev_vgg16_bn_aa_s42,face_transfer,124,two_cross,RFW WM64,Objects,0.36,0.38,50,within_sampled_range,IU,143,87.5,runs/yin_noise_matrix_20260926/results/r21dev_vgg16_bn_aa_s42/faces_rfwWM64/objects/results.csv,IU
mixed,Mixed faces / AA4,r21dev_vgg16_bn_aa_s42,face_transfer,124,two_cross,RFW WM64,Objects,0.36,0.38,50,within_sampled_range,IU,144,95.83333333333334,runs/yin_noise_matrix_20260926/results/r21dev_vgg16_bn_aa_s42/faces_rfwWM64/objects/results.csv,IU
mixed,Mixed faces / AA4,r21dev_vgg16_bn_aa_s42,face_transfer,124,two_cross,RFW WM64,Objects,0.36,0.38,50,within_sampled_range,IU,145,79.16666666666666,runs/yin_noise_matrix_20260926/results/r21dev_vgg16_bn_aa_s42/faces_rfwWM64/objects/results.csv,IU
mixed,Mixed faces / AA4,r21dev_vgg16_bn_aa_s42,face_transfer,124,two_cross,RFW WM64,Objects,0.36,0.38,50,within_sampled_range,IU,146,95.83333333333334,runs/yin_noise_matrix_20260926/results/r21dev_vgg16_bn_aa_s42/faces_rfwWM64/objects/results.csv,IU
mixed,Mixed faces / AA4,r21dev_vgg16_bn_aa_s42,face_transfer,124,two_cross,RFW WM64,Objects,0.36,0.38,50,within_sampled_range,IU,147,95.83333333333334,runs/yin_noise_matrix_20260926/results/r21dev_vgg16_bn_aa_s42/faces_rfwWM64/objects/results.csv,IU
mixed,Mixed faces / AA4,r21dev_vgg16_bn_aa_s42,face_transfer,124,two_cross,RFW WM64,Objects,0.36,0.38,50,within_sampled_range,IU,148,95.83333333333334,runs/yin_noise_matrix_20260926/results/r21dev_vgg16_bn_aa_s42/faces_rfwWM64/objects/results.csv,IU
mixed,Mixed faces / AA4,r21dev_vgg16_bn_aa_s42,face_transfer,124,two_cross,RFW WM64,Objects,0.36,0.38,50,within_sampled_range,IU,149,91.66666666666666,runs/yin_noise_matrix_20260926/results/r21dev_vgg16_bn_aa_s42/faces_rfwWM64/objects/results.csv,IU
mixed,Mixed faces / AA4,r21dev_vgg16_bn_aa_s42,face_transfer,124,two_cross,RFW WM64,Objects,0.36,0.38,50,within_sampled_range,IU,150,95.83333333333334,runs/yin_noise_matrix_20260926/results/r21dev_vgg16_bn_aa_s42/faces_rfwWM64/objects/results.csv,IU
mixed,Mixed faces / AA4,r21dev_vgg16_bn_aa_s42,face_transfer,124,two_shared_ui,RFW WM64,Objects,0.36,0.38,50,within_sampled_range,UU,101,95.83333333333334,runs/yin_noise_matrix_20260926/results/r21dev_vgg16_bn_aa_s42/faces_rfwWM64/objects/results.csv,UU
mixed,Mixed faces / AA4,r21dev_vgg16_bn_aa_s42,face_transfer,124,two_shared_ui,RFW WM64,Objects,0.36,0.38,50,within_sampled_range,UU,102,91.66666666666666,runs/yin_noise_matrix_20260926/results/r21dev_vgg16_bn_aa_s42/faces_rfwWM64/objects/results.csv,UU
mixed,Mixed faces / AA4,r21dev_vgg16_bn_aa_s42,face_transfer,124,two_shared_ui,RFW WM64,Objects,0.36,0.38,50,within_sampled_range,UU,103,100.0,runs/yin_noise_matrix_20260926/results/r21dev_vgg16_bn_aa_s42/faces_rfwWM64/objects/results.csv,UU
mixed,Mixed faces / AA4,r21dev_vgg16_bn_aa_s42,face_transfer,124,two_shared_ui,RFW WM64,Objects,0.36,0.38,50,within_sampled_range,UU,104,100.0,runs/yin_noise_matrix_20260926/results/r21dev_vgg16_bn_aa_s42/faces_rfwWM64/objects/results.csv,UU
mixed,Mixed faces / AA4,r21dev_vgg16_bn_aa_s42,face_transfer,124,two_shared_ui,RFW WM64,Objects,0.36,0.38,50,within_sampled_range,UU,105,100.0,runs/yin_noise_matrix_20260926/results/r21dev_vgg16_bn_aa_s42/faces_rfwWM64/objects/results.csv,UU
mixed,Mixed faces / AA4,r21dev_vgg16_bn_aa_s42,face_transfer,124,two_shared_ui,RFW WM64,Objects,0.36,0.38,50,within_sampled_range,UU,106,87.5,runs/yin_noise_matrix_20260926/results/r21dev_vgg16_bn_aa_s42/faces_rfwWM64/objects/results.csv,UU
mixed,Mixed faces / AA4,r21dev_vgg16_bn_aa_s42,face_transfer,124,two_shared_ui,RFW WM64,Objects,0.36,0.38,50,within_sampled_range,UU,107,95.83333333333334,runs/yin_noise_matrix_20260926/results/r21dev_vgg16_bn_aa_s42/faces_rfwWM64/objects/results.csv,UU
mixed,Mixed faces / AA4,r21dev_vgg16_bn_aa_s42,face_transfer,124,two_shared_ui,RFW WM64,Objects,0.36,0.38,50,within_sampled_range,UU,108,95.83333333333334,runs/yin_noise_matrix_20260926/results/r21dev_vgg16_bn_aa_s42/faces_rfwWM64/objects/results.csv,UU
mixed,Mixed faces / AA4,r21dev_vgg16_bn_aa_s42,face_transfer,124,two_shared_ui,RFW WM64,Objects,0.36,0.38,50,within_sampled_range,UU,109,100.0,runs/yin_noise_matrix_20260926/results/r21dev_vgg16_bn_aa_s42/faces_rfwWM64/objects/results.csv,UU
mixed,Mixed faces / AA4,r21dev_vgg16_bn_aa_s42,face_transfer,124,two_shared_ui,RFW WM64,Objects,0.36,0.38,50,within_sampled_range,UU,110,95.83333333333334,runs/yin_noise_matrix_20260926/results/r21dev_vgg16_bn_aa_s42/faces_rfwWM64/objects/results.csv,UU
mixed,Mixed faces / AA4,r21dev_vgg16_bn_aa_s42,face_transfer,124,two_shared_ui,RFW WM64,Objects,0.36,0.38,50,within_sampled_range,UU,111,87.5,runs/yin_noise_matrix_20260926/results/r21dev_vgg16_bn_aa_s42/faces_rfwWM64/objects/results.csv,UU
mixed,Mixed faces / AA4,r21dev_vgg16_bn_aa_s42,face_transfer,124,two_shared_ui,RFW WM64,Objects,0.36,0.38,50,within_sampled_range,UU,112,100.0,runs/yin_noise_matrix_20260926/results/r21dev_vgg16_bn_aa_s42/faces_rfwWM64/objects/results.csv,UU
mixed,Mixed faces / AA4,r21dev_vgg16_bn_aa_s42,face_transfer,124,two_shared_ui,RFW WM64,Objects,0.36,0.38,50,within_sampled_range,UU,113,91.66666666666666,runs/yin_noise_matrix_20260926/results/r21dev_vgg16_bn_aa_s42/faces_rfwWM64/objects/results.csv,UU
mixed,Mixed faces / AA4,r21dev_vgg16_bn_aa_s42,face_transfer,124,two_shared_ui,RFW WM64,Objects,0.36,0.38,50,within_sampled_range,UU,114,95.83333333333334,runs/yin_noise_matrix_20260926/results/r21dev_vgg16_bn_aa_s42/faces_rfwWM64/objects/results.csv,UU
mixed,Mixed faces / AA4,r21dev_vgg16_bn_aa_s42,face_transfer,124,two_shared_ui,RFW WM64,Objects,0.36,0.38,50,within_sampled_range,UU,115,95.83333333333334,runs/yin_noise_matrix_20260926/results/r21dev_vgg16_bn_aa_s42/faces_rfwWM64/objects/results.csv,UU
mixed,Mixed faces / AA4,r21dev_vgg16_bn_aa_s42,face_transfer,124,two_shared_ui,RFW WM64,Objects,0.36,0.38,50,within_sampled_range,UU,116,95.83333333333334,runs/yin_noise_matrix_20260926/results/r21dev_vgg16_bn_aa_s42/faces_rfwWM64/objects/results.csv,UU
mixed,Mixed faces / AA4,r21dev_vgg16_bn_aa_s42,face_transfer,124,two_shared_ui,RFW WM64,Objects,0.36,0.38,50,within_sampled_range,UU,117,100.0,runs/yin_noise_matrix_20260926/results/r21dev_vgg16_bn_aa_s42/faces_rfwWM64/objects/results.csv,UU
mixed,Mixed faces / AA4,r21dev_vgg16_bn_aa_s42,face_transfer,124,two_shared_ui,RFW WM64,Objects,0.36,0.38,50,within_sampled_range,UU,118,100.0,runs/yin_noise_matrix_20260926/results/r21dev_vgg16_bn_aa_s42/faces_rfwWM64/objects/results.csv,UU
mixed,Mixed faces / AA4,r21dev_vgg16_bn_aa_s42,face_transfer,124,two_shared_ui,RFW WM64,Objects,0.36,0.38,50,within_sampled_range,UU,119,100.0,runs/yin_noise_matrix_20260926/results/r21dev_vgg16_bn_aa_s42/faces_rfwWM64/objects/results.csv,UU
mixed,Mixed faces / AA4,r21dev_vgg16_bn_aa_s42,face_transfer,124,two_shared_ui,RFW WM64,Objects,0.36,0.38,50,within_sampled_range,UU,120,95.83333333333334,runs/yin_noise_matrix_20260926/results/r21dev_vgg16_bn_aa_s42/faces_rfwWM64/objects/results.csv,UU
mixed,Mixed faces / AA4,r21dev_vgg16_bn_aa_s42,face_transfer,124,two_shared_ui,RFW WM64,Objects,0.36,0.38,50,within_sampled_range,UU,121,100.0,runs/yin_noise_matrix_20260926/results/r21dev_vgg16_bn_aa_s42/faces_rfwWM64/objects/results.csv,UU
mixed,Mixed faces / AA4,r21dev_vgg16_bn_aa_s42,face_transfer,124,two_shared_ui,RFW WM64,Objects,0.36,0.38,50,within_sampled_range,UU,122,91.66666666666666,runs/yin_noise_matrix_20260926/results/r21dev_vgg16_bn_aa_s42/faces_rfwWM64/objects/results.csv,UU
mixed,Mixed faces / AA4,r21dev_vgg16_bn_aa_s42,face_transfer,124,two_shared_ui,RFW WM64,Objects,0.36,0.38,50,within_sampled_range,UU,123,79.16666666666666,runs/yin_noise_matrix_20260926/results/r21dev_vgg16_bn_aa_s42/faces_rfwWM64/objects/results.csv,UU
mixed,Mixed faces / AA4,r21dev_vgg16_bn_aa_s42,face_transfer,124,two_shared_ui,RFW WM64,Objects,0.36,0.38,50,within_sampled_range,UU,124,95.83333333333334,runs/yin_noise_matrix_20260926/results/r21dev_vgg16_bn_aa_s42/faces_rfwWM64/objects/results.csv,UU
mixed,Mixed faces / AA4,r21dev_vgg16_bn_aa_s42,face_transfer,124,two_shared_ui,RFW WM64,Objects,0.36,0.38,50,within_sampled_range,UU,125,95.83333333333334,runs/yin_noise_matrix_20260926/results/r21dev_vgg16_bn_aa_s42/faces_rfwWM64/objects/results.csv,UU
mixed,Mixed faces / AA4,r21dev_vgg16_bn_aa_s42,face_transfer,124,two_shared_ui,RFW WM64,Objects,0.36,0.38,50,within_sampled_range,UU,126,95.83333333333334,runs/yin_noise_matrix_20260926/results/r21dev_vgg16_bn_aa_s42/faces_rfwWM64/objects/results.csv,UU
mixed,Mixed faces / AA4,r21dev_vgg16_bn_aa_s42,face_transfer,124,two_shared_ui,RFW WM64,Objects,0.36,0.38,50,within_sampled_range,UU,127,95.83333333333334,runs/yin_noise_matrix_20260926/results/r21dev_vgg16_bn_aa_s42/faces_rfwWM64/objects/results.csv,UU
mixed,Mixed faces / AA4,r21dev_vgg16_bn_aa_s42,face_transfer,124,two_shared_ui,RFW WM64,Objects,0.36,0.38,50,within_sampled_range,UU,128,95.83333333333334,runs/yin_noise_matrix_20260926/results/r21dev_vgg16_bn_aa_s42/faces_rfwWM64/objects/results.csv,UU
mixed,Mixed faces / AA4,r21dev_vgg16_bn_aa_s42,face_transfer,124,two_shared_ui,RFW WM64,Objects,0.36,0.38,50,within_sampled_range,UU,129,100.0,runs/yin_noise_matrix_20260926/results/r21dev_vgg16_bn_aa_s42/faces_rfwWM64/objects/results.csv,UU
mixed,Mixed faces / AA4,r21dev_vgg16_bn_aa_s42,face_transfer,124,two_shared_ui,RFW WM64,Objects,0.36,0.38,50,within_sampled_range,UU,130,95.83333333333334,runs/yin_noise_matrix_20260926/results/r21dev_vgg16_bn_aa_s42/faces_rfwWM64/objects/results.csv,UU
mixed,Mixed faces / AA4,r21dev_vgg16_bn_aa_s42,face_transfer,124,two_shared_ui,RFW WM64,Objects,0.36,0.38,50,within_sampled_range,UU,131,100.0,runs/yin_noise_matrix_20260926/results/r21dev_vgg16_bn_aa_s42/faces_rfwWM64/objects/results.csv,UU
mixed,Mixed faces / AA4,r21dev_vgg16_bn_aa_s42,face_transfer,124,two_shared_ui,RFW WM64,Objects,0.36,0.38,50,within_sampled_range,UU,132,95.83333333333334,runs/yin_noise_matrix_20260926/results/r21dev_vgg16_bn_aa_s42/faces_rfwWM64/objects/results.csv,UU
mixed,Mixed faces / AA4,r21dev_vgg16_bn_aa_s42,face_transfer,124,two_shared_ui,RFW WM64,Objects,0.36,0.38,50,within_sampled_range,UU,133,95.83333333333334,runs/yin_noise_matrix_20260926/results/r21dev_vgg16_bn_aa_s42/faces_rfwWM64/objects/results.csv,UU
mixed,Mixed faces / AA4,r21dev_vgg16_bn_aa_s42,face_transfer,124,two_shared_ui,RFW WM64,Objects,0.36,0.38,50,within_sampled_range,UU,134,91.66666666666666,runs/yin_noise_matrix_20260926/results/r21dev_vgg16_bn_aa_s42/faces_rfwWM64/objects/results.csv,UU
mixed,Mixed faces / AA4,r21dev_vgg16_bn_aa_s42,face_transfer,124,two_shared_ui,RFW WM64,Objects,0.36,0.38,50,within_sampled_range,UU,135,95.83333333333334,runs/yin_noise_matrix_20260926/results/r21dev_vgg16_bn_aa_s42/faces_rfwWM64/objects/results.csv,UU
mixed,Mixed faces / AA4,r21dev_vgg16_bn_aa_s42,face_transfer,124,two_shared_ui,RFW WM64,Objects,0.36,0.38,50,within_sampled_range,UU,136,95.83333333333334,runs/yin_noise_matrix_20260926/results/r21dev_vgg16_bn_aa_s42/faces_rfwWM64/objects/results.csv,UU
mixed,Mixed faces / AA4,r21dev_vgg16_bn_aa_s42,face_transfer,124,two_shared_ui,RFW WM64,Objects,0.36,0.38,50,within_sampled_range,UU,137,100.0,runs/yin_noise_matrix_20260926/results/r21dev_vgg16_bn_aa_s42/faces_rfwWM64/objects/results.csv,UU
mixed,Mixed faces / AA4,r21dev_vgg16_bn_aa_s42,face_transfer,124,two_shared_ui,RFW WM64,Objects,0.36,0.38,50,within_sampled_range,UU,138,100.0,runs/yin_noise_matrix_20260926/results/r21dev_vgg16_bn_aa_s42/faces_rfwWM64/objects/results.csv,UU
mixed,Mixed faces / AA4,r21dev_vgg16_bn_aa_s42,face_transfer,124,two_shared_ui,RFW WM64,Objects,0.36,0.38,50,within_sampled_range,UU,139,95.83333333333334,runs/yin_noise_matrix_20260926/results/r21dev_vgg16_bn_aa_s42/faces_rfwWM64/objects/results.csv,UU
mixed,Mixed faces / AA4,r21dev_vgg16_bn_aa_s42,face_transfer,124,two_shared_ui,RFW WM64,Objects,0.36,0.38,50,within_sampled_range,UU,140,95.83333333333334,runs/yin_noise_matrix_20260926/results/r21dev_vgg16_bn_aa_s42/faces_rfwWM64/objects/results.csv,UU
mixed,Mixed faces / AA4,r21dev_vgg16_bn_aa_s42,face_transfer,124,two_shared_ui,RFW WM64,Objects,0.36,0.38,50,within_sampled_range,UU,141,100.0,runs/yin_noise_matrix_20260926/results/r21dev_vgg16_bn_aa_s42/faces_rfwWM64/objects/results.csv,UU
mixed,Mixed faces / AA4,r21dev_vgg16_bn_aa_s42,face_transfer,124,two_shared_ui,RFW WM64,Objects,0.36,0.38,50,within_sampled_range,UU,142,100.0,runs/yin_noise_matrix_20260926/results/r21dev_vgg16_bn_aa_s42/faces_rfwWM64/objects/results.csv,UU
mixed,Mixed faces / AA4,r21dev_vgg16_bn_aa_s42,face_transfer,124,two_shared_ui,RFW WM64,Objects,0.36,0.38,50,within_sampled_range,UU,143,95.83333333333334,runs/yin_noise_matrix_20260926/results/r21dev_vgg16_bn_aa_s42/faces_rfwWM64/objects/results.csv,UU
mixed,Mixed faces / AA4,r21dev_vgg16_bn_aa_s42,face_transfer,124,two_shared_ui,RFW WM64,Objects,0.36,0.38,50,within_sampled_range,UU,144,100.0,runs/yin_noise_matrix_20260926/results/r21dev_vgg16_bn_aa_s42/faces_rfwWM64/objects/results.csv,UU
mixed,Mixed faces / AA4,r21dev_vgg16_bn_aa_s42,face_transfer,124,two_shared_ui,RFW WM64,Objects,0.36,0.38,50,within_sampled_range,UU,145,91.66666666666666,runs/yin_noise_matrix_20260926/results/r21dev_vgg16_bn_aa_s42/faces_rfwWM64/objects/results.csv,UU
mixed,Mixed faces / AA4,r21dev_vgg16_bn_aa_s42,face_transfer,124,two_shared_ui,RFW WM64,Objects,0.36,0.38,50,within_sampled_range,UU,146,95.83333333333334,runs/yin_noise_matrix_20260926/results/r21dev_vgg16_bn_aa_s42/faces_rfwWM64/objects/results.csv,UU
mixed,Mixed faces / AA4,r21dev_vgg16_bn_aa_s42,face_transfer,124,two_shared_ui,RFW WM64,Objects,0.36,0.38,50,within_sampled_range,UU,147,95.83333333333334,runs/yin_noise_matrix_20260926/results/r21dev_vgg16_bn_aa_s42/faces_rfwWM64/objects/results.csv,UU
mixed,Mixed faces / AA4,r21dev_vgg16_bn_aa_s42,face_transfer,124,two_shared_ui,RFW WM64,Objects,0.36,0.38,50,within_sampled_range,UU,148,100.0,runs/yin_noise_matrix_20260926/results/r21dev_vgg16_bn_aa_s42/faces_rfwWM64/objects/results.csv,UU
mixed,Mixed faces / AA4,r21dev_vgg16_bn_aa_s42,face_transfer,124,two_shared_ui,RFW WM64,Objects,0.36,0.38,50,within_sampled_range,UU,149,91.66666666666666,runs/yin_noise_matrix_20260926/results/r21dev_vgg16_bn_aa_s42/faces_rfwWM64/objects/results.csv,UU
mixed,Mixed faces / AA4,r21dev_vgg16_bn_aa_s42,face_transfer,124,two_shared_ui,RFW WM64,Objects,0.36,0.38,50,within_sampled_range,UU,150,100.0,runs/yin_noise_matrix_20260926/results/r21dev_vgg16_bn_aa_s42/faces_rfwWM64/objects/results.csv,UU
mixed,Mixed faces / AA4,r21dev_vgg16_bn_aa_s42,face_transfer,124,two_shared_ui,RFW WM64,Objects,0.36,0.38,50,within_sampled_range,II,101,83.33333333333334,runs/yin_noise_matrix_20260926/results/r21dev_vgg16_bn_aa_s42/faces_rfwWM64/objects/results.csv,II
mixed,Mixed faces / AA4,r21dev_vgg16_bn_aa_s42,face_transfer,124,two_shared_ui,RFW WM64,Objects,0.36,0.38,50,within_sampled_range,II,102,95.83333333333334,runs/yin_noise_matrix_20260926/results/r21dev_vgg16_bn_aa_s42/faces_rfwWM64/objects/results.csv,II
mixed,Mixed faces / AA4,r21dev_vgg16_bn_aa_s42,face_transfer,124,two_shared_ui,RFW WM64,Objects,0.36,0.38,50,within_sampled_range,II,103,91.66666666666666,runs/yin_noise_matrix_20260926/results/r21dev_vgg16_bn_aa_s42/faces_rfwWM64/objects/results.csv,II
mixed,Mixed faces / AA4,r21dev_vgg16_bn_aa_s42,face_transfer,124,two_shared_ui,RFW WM64,Objects,0.36,0.38,50,within_sampled_range,II,104,91.66666666666666,runs/yin_noise_matrix_20260926/results/r21dev_vgg16_bn_aa_s42/faces_rfwWM64/objects/results.csv,II
mixed,Mixed faces / AA4,r21dev_vgg16_bn_aa_s42,face_transfer,124,two_shared_ui,RFW WM64,Objects,0.36,0.38,50,within_sampled_range,II,105,91.66666666666666,runs/yin_noise_matrix_20260926/results/r21dev_vgg16_bn_aa_s42/faces_rfwWM64/objects/results.csv,II
mixed,Mixed faces / AA4,r21dev_vgg16_bn_aa_s42,face_transfer,124,two_shared_ui,RFW WM64,Objects,0.36,0.38,50,within_sampled_range,II,106,91.66666666666666,runs/yin_noise_matrix_20260926/results/r21dev_vgg16_bn_aa_s42/faces_rfwWM64/objects/results.csv,II
mixed,Mixed faces / AA4,r21dev_vgg16_bn_aa_s42,face_transfer,124,two_shared_ui,RFW WM64,Objects,0.36,0.38,50,within_sampled_range,II,107,91.66666666666666,runs/yin_noise_matrix_20260926/results/r21dev_vgg16_bn_aa_s42/faces_rfwWM64/objects/results.csv,II
mixed,Mixed faces / AA4,r21dev_vgg16_bn_aa_s42,face_transfer,124,two_shared_ui,RFW WM64,Objects,0.36,0.38,50,within_sampled_range,II,108,100.0,runs/yin_noise_matrix_20260926/results/r21dev_vgg16_bn_aa_s42/faces_rfwWM64/objects/results.csv,II
mixed,Mixed faces / AA4,r21dev_vgg16_bn_aa_s42,face_transfer,124,two_shared_ui,RFW WM64,Objects,0.36,0.38,50,within_sampled_range,II,109,91.66666666666666,runs/yin_noise_matrix_20260926/results/r21dev_vgg16_bn_aa_s42/faces_rfwWM64/objects/results.csv,II
mixed,Mixed faces / AA4,r21dev_vgg16_bn_aa_s42,face_transfer,124,two_shared_ui,RFW WM64,Objects,0.36,0.38,50,within_sampled_range,II,110,91.66666666666666,runs/yin_noise_matrix_20260926/results/r21dev_vgg16_bn_aa_s42/faces_rfwWM64/objects/results.csv,II
mixed,Mixed faces / AA4,r21dev_vgg16_bn_aa_s42,face_transfer,124,two_shared_ui,RFW WM64,Objects,0.36,0.38,50,within_sampled_range,II,111,87.5,runs/yin_noise_matrix_20260926/results/r21dev_vgg16_bn_aa_s42/faces_rfwWM64/objects/results.csv,II
mixed,Mixed faces / AA4,r21dev_vgg16_bn_aa_s42,face_transfer,124,two_shared_ui,RFW WM64,Objects,0.36,0.38,50,within_sampled_range,II,112,95.83333333333334,runs/yin_noise_matrix_20260926/results/r21dev_vgg16_bn_aa_s42/faces_rfwWM64/objects/results.csv,II
mixed,Mixed faces / AA4,r21dev_vgg16_bn_aa_s42,face_transfer,124,two_shared_ui,RFW WM64,Objects,0.36,0.38,50,within_sampled_range,II,113,87.5,runs/yin_noise_matrix_20260926/results/r21dev_vgg16_bn_aa_s42/faces_rfwWM64/objects/results.csv,II
mixed,Mixed faces / AA4,r21dev_vgg16_bn_aa_s42,face_transfer,124,two_shared_ui,RFW WM64,Objects,0.36,0.38,50,within_sampled_range,II,114,95.83333333333334,runs/yin_noise_matrix_20260926/results/r21dev_vgg16_bn_aa_s42/faces_rfwWM64/objects/results.csv,II
mixed,Mixed faces / AA4,r21dev_vgg16_bn_aa_s42,face_transfer,124,two_shared_ui,RFW WM64,Objects,0.36,0.38,50,within_sampled_range,II,115,95.83333333333334,runs/yin_noise_matrix_20260926/results/r21dev_vgg16_bn_aa_s42/faces_rfwWM64/objects/results.csv,II
mixed,Mixed faces / AA4,r21dev_vgg16_bn_aa_s42,face_transfer,124,two_shared_ui,RFW WM64,Objects,0.36,0.38,50,within_sampled_range,II,116,87.5,runs/yin_noise_matrix_20260926/results/r21dev_vgg16_bn_aa_s42/faces_rfwWM64/objects/results.csv,II
mixed,Mixed faces / AA4,r21dev_vgg16_bn_aa_s42,face_transfer,124,two_shared_ui,RFW WM64,Objects,0.36,0.38,50,within_sampled_range,II,117,95.83333333333334,runs/yin_noise_matrix_20260926/results/r21dev_vgg16_bn_aa_s42/faces_rfwWM64/objects/results.csv,II
mixed,Mixed faces / AA4,r21dev_vgg16_bn_aa_s42,face_transfer,124,two_shared_ui,RFW WM64,Objects,0.36,0.38,50,within_sampled_range,II,118,100.0,runs/yin_noise_matrix_20260926/results/r21dev_vgg16_bn_aa_s42/faces_rfwWM64/objects/results.csv,II
mixed,Mixed faces / AA4,r21dev_vgg16_bn_aa_s42,face_transfer,124,two_shared_ui,RFW WM64,Objects,0.36,0.38,50,within_sampled_range,II,119,95.83333333333334,runs/yin_noise_matrix_20260926/results/r21dev_vgg16_bn_aa_s42/faces_rfwWM64/objects/results.csv,II
mixed,Mixed faces / AA4,r21dev_vgg16_bn_aa_s42,face_transfer,124,two_shared_ui,RFW WM64,Objects,0.36,0.38,50,within_sampled_range,II,120,95.83333333333334,runs/yin_noise_matrix_20260926/results/r21dev_vgg16_bn_aa_s42/faces_rfwWM64/objects/results.csv,II
mixed,Mixed faces / AA4,r21dev_vgg16_bn_aa_s42,face_transfer,124,two_shared_ui,RFW WM64,Objects,0.36,0.38,50,within_sampled_range,II,121,87.5,runs/yin_noise_matrix_20260926/results/r21dev_vgg16_bn_aa_s42/faces_rfwWM64/objects/results.csv,II
mixed,Mixed faces / AA4,r21dev_vgg16_bn_aa_s42,face_transfer,124,two_shared_ui,RFW WM64,Objects,0.36,0.38,50,within_sampled_range,II,122,87.5,runs/yin_noise_matrix_20260926/results/r21dev_vgg16_bn_aa_s42/faces_rfwWM64/objects/results.csv,II
mixed,Mixed faces / AA4,r21dev_vgg16_bn_aa_s42,face_transfer,124,two_shared_ui,RFW WM64,Objects,0.36,0.38,50,within_sampled_range,II,123,91.66666666666666,runs/yin_noise_matrix_20260926/results/r21dev_vgg16_bn_aa_s42/faces_rfwWM64/objects/results.csv,II
mixed,Mixed faces / AA4,r21dev_vgg16_bn_aa_s42,face_transfer,124,two_shared_ui,RFW WM64,Objects,0.36,0.38,50,within_sampled_range,II,124,100.0,runs/yin_noise_matrix_20260926/results/r21dev_vgg16_bn_aa_s42/faces_rfwWM64/objects/results.csv,II
mixed,Mixed faces / AA4,r21dev_vgg16_bn_aa_s42,face_transfer,124,two_shared_ui,RFW WM64,Objects,0.36,0.38,50,within_sampled_range,II,125,95.83333333333334,runs/yin_noise_matrix_20260926/results/r21dev_vgg16_bn_aa_s42/faces_rfwWM64/objects/results.csv,II
mixed,Mixed faces / AA4,r21dev_vgg16_bn_aa_s42,face_transfer,124,two_shared_ui,RFW WM64,Objects,0.36,0.38,50,within_sampled_range,II,126,91.66666666666666,runs/yin_noise_matrix_20260926/results/r21dev_vgg16_bn_aa_s42/faces_rfwWM64/objects/results.csv,II
mixed,Mixed faces / AA4,r21dev_vgg16_bn_aa_s42,face_transfer,124,two_shared_ui,RFW WM64,Objects,0.36,0.38,50,within_sampled_range,II,127,95.83333333333334,runs/yin_noise_matrix_20260926/results/r21dev_vgg16_bn_aa_s42/faces_rfwWM64/objects/results.csv,II
mixed,Mixed faces / AA4,r21dev_vgg16_bn_aa_s42,face_transfer,124,two_shared_ui,RFW WM64,Objects,0.36,0.38,50,within_sampled_range,II,128,95.83333333333334,runs/yin_noise_matrix_20260926/results/r21dev_vgg16_bn_aa_s42/faces_rfwWM64/objects/results.csv,II
mixed,Mixed faces / AA4,r21dev_vgg16_bn_aa_s42,face_transfer,124,two_shared_ui,RFW WM64,Objects,0.36,0.38,50,within_sampled_range,II,129,100.0,runs/yin_noise_matrix_20260926/results/r21dev_vgg16_bn_aa_s42/faces_rfwWM64/objects/results.csv,II
mixed,Mixed faces / AA4,r21dev_vgg16_bn_aa_s42,face_transfer,124,two_shared_ui,RFW WM64,Objects,0.36,0.38,50,within_sampled_range,II,130,95.83333333333334,runs/yin_noise_matrix_20260926/results/r21dev_vgg16_bn_aa_s42/faces_rfwWM64/objects/results.csv,II
mixed,Mixed faces / AA4,r21dev_vgg16_bn_aa_s42,face_transfer,124,two_shared_ui,RFW WM64,Objects,0.36,0.38,50,within_sampled_range,II,131,91.66666666666666,runs/yin_noise_matrix_20260926/results/r21dev_vgg16_bn_aa_s42/faces_rfwWM64/objects/results.csv,II
mixed,Mixed faces / AA4,r21dev_vgg16_bn_aa_s42,face_transfer,124,two_shared_ui,RFW WM64,Objects,0.36,0.38,50,within_sampled_range,II,132,83.33333333333334,runs/yin_noise_matrix_20260926/results/r21dev_vgg16_bn_aa_s42/faces_rfwWM64/objects/results.csv,II
mixed,Mixed faces / AA4,r21dev_vgg16_bn_aa_s42,face_transfer,124,two_shared_ui,RFW WM64,Objects,0.36,0.38,50,within_sampled_range,II,133,95.83333333333334,runs/yin_noise_matrix_20260926/results/r21dev_vgg16_bn_aa_s42/faces_rfwWM64/objects/results.csv,II
mixed,Mixed faces / AA4,r21dev_vgg16_bn_aa_s42,face_transfer,124,two_shared_ui,RFW WM64,Objects,0.36,0.38,50,within_sampled_range,II,134,95.83333333333334,runs/yin_noise_matrix_20260926/results/r21dev_vgg16_bn_aa_s42/faces_rfwWM64/objects/results.csv,II
mixed,Mixed faces / AA4,r21dev_vgg16_bn_aa_s42,face_transfer,124,two_shared_ui,RFW WM64,Objects,0.36,0.38,50,within_sampled_range,II,135,91.66666666666666,runs/yin_noise_matrix_20260926/results/r21dev_vgg16_bn_aa_s42/faces_rfwWM64/objects/results.csv,II
mixed,Mixed faces / AA4,r21dev_vgg16_bn_aa_s42,face_transfer,124,two_shared_ui,RFW WM64,Objects,0.36,0.38,50,within_sampled_range,II,136,95.83333333333334,runs/yin_noise_matrix_20260926/results/r21dev_vgg16_bn_aa_s42/faces_rfwWM64/objects/results.csv,II
mixed,Mixed faces / AA4,r21dev_vgg16_bn_aa_s42,face_transfer,124,two_shared_ui,RFW WM64,Objects,0.36,0.38,50,within_sampled_range,II,137,95.83333333333334,runs/yin_noise_matrix_20260926/results/r21dev_vgg16_bn_aa_s42/faces_rfwWM64/objects/results.csv,II
mixed,Mixed faces / AA4,r21dev_vgg16_bn_aa_s42,face_transfer,124,two_shared_ui,RFW WM64,Objects,0.36,0.38,50,within_sampled_range,II,138,87.5,runs/yin_noise_matrix_20260926/results/r21dev_vgg16_bn_aa_s42/faces_rfwWM64/objects/results.csv,II
mixed,Mixed faces / AA4,r21dev_vgg16_bn_aa_s42,face_transfer,124,two_shared_ui,RFW WM64,Objects,0.36,0.38,50,within_sampled_range,II,139,87.5,runs/yin_noise_matrix_20260926/results/r21dev_vgg16_bn_aa_s42/faces_rfwWM64/objects/results.csv,II
mixed,Mixed faces / AA4,r21dev_vgg16_bn_aa_s42,face_transfer,124,two_shared_ui,RFW WM64,Objects,0.36,0.38,50,within_sampled_range,II,140,91.66666666666666,runs/yin_noise_matrix_20260926/results/r21dev_vgg16_bn_aa_s42/faces_rfwWM64/objects/results.csv,II
mixed,Mixed faces / AA4,r21dev_vgg16_bn_aa_s42,face_transfer,124,two_shared_ui,RFW WM64,Objects,0.36,0.38,50,within_sampled_range,II,141,87.5,runs/yin_noise_matrix_20260926/results/r21dev_vgg16_bn_aa_s42/faces_rfwWM64/objects/results.csv,II
mixed,Mixed faces / AA4,r21dev_vgg16_bn_aa_s42,face_transfer,124,two_shared_ui,RFW WM64,Objects,0.36,0.38,50,within_sampled_range,II,142,87.5,runs/yin_noise_matrix_20260926/results/r21dev_vgg16_bn_aa_s42/faces_rfwWM64/objects/results.csv,II
mixed,Mixed faces / AA4,r21dev_vgg16_bn_aa_s42,face_transfer,124,two_shared_ui,RFW WM64,Objects,0.36,0.38,50,within_sampled_range,II,143,87.5,runs/yin_noise_matrix_20260926/results/r21dev_vgg16_bn_aa_s42/faces_rfwWM64/objects/results.csv,II
mixed,Mixed faces / AA4,r21dev_vgg16_bn_aa_s42,face_transfer,124,two_shared_ui,RFW WM64,Objects,0.36,0.38,50,within_sampled_range,II,144,91.66666666666666,runs/yin_noise_matrix_20260926/results/r21dev_vgg16_bn_aa_s42/faces_rfwWM64/objects/results.csv,II
mixed,Mixed faces / AA4,r21dev_vgg16_bn_aa_s42,face_transfer,124,two_shared_ui,RFW WM64,Objects,0.36,0.38,50,within_sampled_range,II,145,91.66666666666666,runs/yin_noise_matrix_20260926/results/r21dev_vgg16_bn_aa_s42/faces_rfwWM64/objects/results.csv,II
mixed,Mixed faces / AA4,r21dev_vgg16_bn_aa_s42,face_transfer,124,two_shared_ui,RFW WM64,Objects,0.36,0.38,50,within_sampled_range,II,146,91.66666666666666,runs/yin_noise_matrix_20260926/results/r21dev_vgg16_bn_aa_s42/faces_rfwWM64/objects/results.csv,II
mixed,Mixed faces / AA4,r21dev_vgg16_bn_aa_s42,face_transfer,124,two_shared_ui,RFW WM64,Objects,0.36,0.38,50,within_sampled_range,II,147,95.83333333333334,runs/yin_noise_matrix_20260926/results/r21dev_vgg16_bn_aa_s42/faces_rfwWM64/objects/results.csv,II
mixed,Mixed faces / AA4,r21dev_vgg16_bn_aa_s42,face_transfer,124,two_shared_ui,RFW WM64,Objects,0.36,0.38,50,within_sampled_range,II,148,100.0,runs/yin_noise_matrix_20260926/results/r21dev_vgg16_bn_aa_s42/faces_rfwWM64/objects/results.csv,II
mixed,Mixed faces / AA4,r21dev_vgg16_bn_aa_s42,face_transfer,124,two_shared_ui,RFW WM64,Objects,0.36,0.38,50,within_sampled_range,II,149,91.66666666666666,runs/yin_noise_matrix_20260926/results/r21dev_vgg16_bn_aa_s42/faces_rfwWM64/objects/results.csv,II
mixed,Mixed faces / AA4,r21dev_vgg16_bn_aa_s42,face_transfer,124,two_shared_ui,RFW WM64,Objects,0.36,0.38,50,within_sampled_range,II,150,95.83333333333334,runs/yin_noise_matrix_20260926/results/r21dev_vgg16_bn_aa_s42/faces_rfwWM64/objects/results.csv,II
mixed,Mixed faces / AA4,r21dev_vgg16_bn_aa_s42,face_transfer,124,two_shared_ui,RFW WM64,Objects,0.36,0.38,50,within_sampled_range,UI,101,95.83333333333334,runs/yin_noise_matrix_20260926/results/r21dev_vgg16_bn_aa_s42/faces_rfwWM64/objects/results.csv,UI_shared
mixed,Mixed faces / AA4,r21dev_vgg16_bn_aa_s42,face_transfer,124,two_shared_ui,RFW WM64,Objects,0.36,0.38,50,within_sampled_range,UI,102,95.83333333333334,runs/yin_noise_matrix_20260926/results/r21dev_vgg16_bn_aa_s42/faces_rfwWM64/objects/results.csv,UI_shared
mixed,Mixed faces / AA4,r21dev_vgg16_bn_aa_s42,face_transfer,124,two_shared_ui,RFW WM64,Objects,0.36,0.38,50,within_sampled_range,UI,103,87.5,runs/yin_noise_matrix_20260926/results/r21dev_vgg16_bn_aa_s42/faces_rfwWM64/objects/results.csv,UI_shared
mixed,Mixed faces / AA4,r21dev_vgg16_bn_aa_s42,face_transfer,124,two_shared_ui,RFW WM64,Objects,0.36,0.38,50,within_sampled_range,UI,104,95.83333333333334,runs/yin_noise_matrix_20260926/results/r21dev_vgg16_bn_aa_s42/faces_rfwWM64/objects/results.csv,UI_shared
mixed,Mixed faces / AA4,r21dev_vgg16_bn_aa_s42,face_transfer,124,two_shared_ui,RFW WM64,Objects,0.36,0.38,50,within_sampled_range,UI,105,100.0,runs/yin_noise_matrix_20260926/results/r21dev_vgg16_bn_aa_s42/faces_rfwWM64/objects/results.csv,UI_shared
mixed,Mixed faces / AA4,r21dev_vgg16_bn_aa_s42,face_transfer,124,two_shared_ui,RFW WM64,Objects,0.36,0.38,50,within_sampled_range,UI,106,95.83333333333334,runs/yin_noise_matrix_20260926/results/r21dev_vgg16_bn_aa_s42/faces_rfwWM64/objects/results.csv,UI_shared
mixed,Mixed faces / AA4,r21dev_vgg16_bn_aa_s42,face_transfer,124,two_shared_ui,RFW WM64,Objects,0.36,0.38,50,within_sampled_range,UI,107,91.66666666666666,runs/yin_noise_matrix_20260926/results/r21dev_vgg16_bn_aa_s42/faces_rfwWM64/objects/results.csv,UI_shared
mixed,Mixed faces / AA4,r21dev_vgg16_bn_aa_s42,face_transfer,124,two_shared_ui,RFW WM64,Objects,0.36,0.38,50,within_sampled_range,UI,108,95.83333333333334,runs/yin_noise_matrix_20260926/results/r21dev_vgg16_bn_aa_s42/faces_rfwWM64/objects/results.csv,UI_shared
mixed,Mixed faces / AA4,r21dev_vgg16_bn_aa_s42,face_transfer,124,two_shared_ui,RFW WM64,Objects,0.36,0.38,50,within_sampled_range,UI,109,95.83333333333334,runs/yin_noise_matrix_20260926/results/r21dev_vgg16_bn_aa_s42/faces_rfwWM64/objects/results.csv,UI_shared
mixed,Mixed faces / AA4,r21dev_vgg16_bn_aa_s42,face_transfer,124,two_shared_ui,RFW WM64,Objects,0.36,0.38,50,within_sampled_range,UI,110,95.83333333333334,runs/yin_noise_matrix_20260926/results/r21dev_vgg16_bn_aa_s42/faces_rfwWM64/objects/results.csv,UI_shared
mixed,Mixed faces / AA4,r21dev_vgg16_bn_aa_s42,face_transfer,124,two_shared_ui,RFW WM64,Objects,0.36,0.38,50,within_sampled_range,UI,111,91.66666666666666,runs/yin_noise_matrix_20260926/results/r21dev_vgg16_bn_aa_s42/faces_rfwWM64/objects/results.csv,UI_shared
mixed,Mixed faces / AA4,r21dev_vgg16_bn_aa_s42,face_transfer,124,two_shared_ui,RFW WM64,Objects,0.36,0.38,50,within_sampled_range,UI,112,87.5,runs/yin_noise_matrix_20260926/results/r21dev_vgg16_bn_aa_s42/faces_rfwWM64/objects/results.csv,UI_shared
mixed,Mixed faces / AA4,r21dev_vgg16_bn_aa_s42,face_transfer,124,two_shared_ui,RFW WM64,Objects,0.36,0.38,50,within_sampled_range,UI,113,87.5,runs/yin_noise_matrix_20260926/results/r21dev_vgg16_bn_aa_s42/faces_rfwWM64/objects/results.csv,UI_shared
mixed,Mixed faces / AA4,r21dev_vgg16_bn_aa_s42,face_transfer,124,two_shared_ui,RFW WM64,Objects,0.36,0.38,50,within_sampled_range,UI,114,100.0,runs/yin_noise_matrix_20260926/results/r21dev_vgg16_bn_aa_s42/faces_rfwWM64/objects/results.csv,UI_shared
mixed,Mixed faces / AA4,r21dev_vgg16_bn_aa_s42,face_transfer,124,two_shared_ui,RFW WM64,Objects,0.36,0.38,50,within_sampled_range,UI,115,95.83333333333334,runs/yin_noise_matrix_20260926/results/r21dev_vgg16_bn_aa_s42/faces_rfwWM64/objects/results.csv,UI_shared
mixed,Mixed faces / AA4,r21dev_vgg16_bn_aa_s42,face_transfer,124,two_shared_ui,RFW WM64,Objects,0.36,0.38,50,within_sampled_range,UI,116,95.83333333333334,runs/yin_noise_matrix_20260926/results/r21dev_vgg16_bn_aa_s42/faces_rfwWM64/objects/results.csv,UI_shared
mixed,Mixed faces / AA4,r21dev_vgg16_bn_aa_s42,face_transfer,124,two_shared_ui,RFW WM64,Objects,0.36,0.38,50,within_sampled_range,UI,117,87.5,runs/yin_noise_matrix_20260926/results/r21dev_vgg16_bn_aa_s42/faces_rfwWM64/objects/results.csv,UI_shared
mixed,Mixed faces / AA4,r21dev_vgg16_bn_aa_s42,face_transfer,124,two_shared_ui,RFW WM64,Objects,0.36,0.38,50,within_sampled_range,UI,118,100.0,runs/yin_noise_matrix_20260926/results/r21dev_vgg16_bn_aa_s42/faces_rfwWM64/objects/results.csv,UI_shared
mixed,Mixed faces / AA4,r21dev_vgg16_bn_aa_s42,face_transfer,124,two_shared_ui,RFW WM64,Objects,0.36,0.38,50,within_sampled_range,UI,119,100.0,runs/yin_noise_matrix_20260926/results/r21dev_vgg16_bn_aa_s42/faces_rfwWM64/objects/results.csv,UI_shared
mixed,Mixed faces / AA4,r21dev_vgg16_bn_aa_s42,face_transfer,124,two_shared_ui,RFW WM64,Objects,0.36,0.38,50,within_sampled_range,UI,120,87.5,runs/yin_noise_matrix_20260926/results/r21dev_vgg16_bn_aa_s42/faces_rfwWM64/objects/results.csv,UI_shared
mixed,Mixed faces / AA4,r21dev_vgg16_bn_aa_s42,face_transfer,124,two_shared_ui,RFW WM64,Objects,0.36,0.38,50,within_sampled_range,UI,121,87.5,runs/yin_noise_matrix_20260926/results/r21dev_vgg16_bn_aa_s42/faces_rfwWM64/objects/results.csv,UI_shared
mixed,Mixed faces / AA4,r21dev_vgg16_bn_aa_s42,face_transfer,124,two_shared_ui,RFW WM64,Objects,0.36,0.38,50,within_sampled_range,UI,122,91.66666666666666,runs/yin_noise_matrix_20260926/results/r21dev_vgg16_bn_aa_s42/faces_rfwWM64/objects/results.csv,UI_shared
mixed,Mixed faces / AA4,r21dev_vgg16_bn_aa_s42,face_transfer,124,two_shared_ui,RFW WM64,Objects,0.36,0.38,50,within_sampled_range,UI,123,87.5,runs/yin_noise_matrix_20260926/results/r21dev_vgg16_bn_aa_s42/faces_rfwWM64/objects/results.csv,UI_shared
mixed,Mixed faces / AA4,r21dev_vgg16_bn_aa_s42,face_transfer,124,two_shared_ui,RFW WM64,Objects,0.36,0.38,50,within_sampled_range,UI,124,91.66666666666666,runs/yin_noise_matrix_20260926/results/r21dev_vgg16_bn_aa_s42/faces_rfwWM64/objects/results.csv,UI_shared
mixed,Mixed faces / AA4,r21dev_vgg16_bn_aa_s42,face_transfer,124,two_shared_ui,RFW WM64,Objects,0.36,0.38,50,within_sampled_range,UI,125,95.83333333333334,runs/yin_noise_matrix_20260926/results/r21dev_vgg16_bn_aa_s42/faces_rfwWM64/objects/results.csv,UI_shared
mixed,Mixed faces / AA4,r21dev_vgg16_bn_aa_s42,face_transfer,124,two_shared_ui,RFW WM64,Objects,0.36,0.38,50,within_sampled_range,UI,126,91.66666666666666,runs/yin_noise_matrix_20260926/results/r21dev_vgg16_bn_aa_s42/faces_rfwWM64/objects/results.csv,UI_shared
mixed,Mixed faces / AA4,r21dev_vgg16_bn_aa_s42,face_transfer,124,two_shared_ui,RFW WM64,Objects,0.36,0.38,50,within_sampled_range,UI,127,100.0,runs/yin_noise_matrix_20260926/results/r21dev_vgg16_bn_aa_s42/faces_rfwWM64/objects/results.csv,UI_shared
mixed,Mixed faces / AA4,r21dev_vgg16_bn_aa_s42,face_transfer,124,two_shared_ui,RFW WM64,Objects,0.36,0.38,50,within_sampled_range,UI,128,87.5,runs/yin_noise_matrix_20260926/results/r21dev_vgg16_bn_aa_s42/faces_rfwWM64/objects/results.csv,UI_shared
mixed,Mixed faces / AA4,r21dev_vgg16_bn_aa_s42,face_transfer,124,two_shared_ui,RFW WM64,Objects,0.36,0.38,50,within_sampled_range,UI,129,83.33333333333334,runs/yin_noise_matrix_20260926/results/r21dev_vgg16_bn_aa_s42/faces_rfwWM64/objects/results.csv,UI_shared
mixed,Mixed faces / AA4,r21dev_vgg16_bn_aa_s42,face_transfer,124,two_shared_ui,RFW WM64,Objects,0.36,0.38,50,within_sampled_range,UI,130,100.0,runs/yin_noise_matrix_20260926/results/r21dev_vgg16_bn_aa_s42/faces_rfwWM64/objects/results.csv,UI_shared
mixed,Mixed faces / AA4,r21dev_vgg16_bn_aa_s42,face_transfer,124,two_shared_ui,RFW WM64,Objects,0.36,0.38,50,within_sampled_range,UI,131,95.83333333333334,runs/yin_noise_matrix_20260926/results/r21dev_vgg16_bn_aa_s42/faces_rfwWM64/objects/results.csv,UI_shared
mixed,Mixed faces / AA4,r21dev_vgg16_bn_aa_s42,face_transfer,124,two_shared_ui,RFW WM64,Objects,0.36,0.38,50,within_sampled_range,UI,132,91.66666666666666,runs/yin_noise_matrix_20260926/results/r21dev_vgg16_bn_aa_s42/faces_rfwWM64/objects/results.csv,UI_shared
mixed,Mixed faces / AA4,r21dev_vgg16_bn_aa_s42,face_transfer,124,two_shared_ui,RFW WM64,Objects,0.36,0.38,50,within_sampled_range,UI,133,91.66666666666666,runs/yin_noise_matrix_20260926/results/r21dev_vgg16_bn_aa_s42/faces_rfwWM64/objects/results.csv,UI_shared
mixed,Mixed faces / AA4,r21dev_vgg16_bn_aa_s42,face_transfer,124,two_shared_ui,RFW WM64,Objects,0.36,0.38,50,within_sampled_range,UI,134,100.0,runs/yin_noise_matrix_20260926/results/r21dev_vgg16_bn_aa_s42/faces_rfwWM64/objects/results.csv,UI_shared
mixed,Mixed faces / AA4,r21dev_vgg16_bn_aa_s42,face_transfer,124,two_shared_ui,RFW WM64,Objects,0.36,0.38,50,within_sampled_range,UI,135,91.66666666666666,runs/yin_noise_matrix_20260926/results/r21dev_vgg16_bn_aa_s42/faces_rfwWM64/objects/results.csv,UI_shared
mixed,Mixed faces / AA4,r21dev_vgg16_bn_aa_s42,face_transfer,124,two_shared_ui,RFW WM64,Objects,0.36,0.38,50,within_sampled_range,UI,136,87.5,runs/yin_noise_matrix_20260926/results/r21dev_vgg16_bn_aa_s42/faces_rfwWM64/objects/results.csv,UI_shared
mixed,Mixed faces / AA4,r21dev_vgg16_bn_aa_s42,face_transfer,124,two_shared_ui,RFW WM64,Objects,0.36,0.38,50,within_sampled_range,UI,137,83.33333333333334,runs/yin_noise_matrix_20260926/results/r21dev_vgg16_bn_aa_s42/faces_rfwWM64/objects/results.csv,UI_shared
mixed,Mixed faces / AA4,r21dev_vgg16_bn_aa_s42,face_transfer,124,two_shared_ui,RFW WM64,Objects,0.36,0.38,50,within_sampled_range,UI,138,91.66666666666666,runs/yin_noise_matrix_20260926/results/r21dev_vgg16_bn_aa_s42/faces_rfwWM64/objects/results.csv,UI_shared
mixed,Mixed faces / AA4,r21dev_vgg16_bn_aa_s42,face_transfer,124,two_shared_ui,RFW WM64,Objects,0.36,0.38,50,within_sampled_range,UI,139,87.5,runs/yin_noise_matrix_20260926/results/r21dev_vgg16_bn_aa_s42/faces_rfwWM64/objects/results.csv,UI_shared
mixed,Mixed faces / AA4,r21dev_vgg16_bn_aa_s42,face_transfer,124,two_shared_ui,RFW WM64,Objects,0.36,0.38,50,within_sampled_range,UI,140,95.83333333333334,runs/yin_noise_matrix_20260926/results/r21dev_vgg16_bn_aa_s42/faces_rfwWM64/objects/results.csv,UI_shared
mixed,Mixed faces / AA4,r21dev_vgg16_bn_aa_s42,face_transfer,124,two_shared_ui,RFW WM64,Objects,0.36,0.38,50,within_sampled_range,UI,141,100.0,runs/yin_noise_matrix_20260926/results/r21dev_vgg16_bn_aa_s42/faces_rfwWM64/objects/results.csv,UI_shared
mixed,Mixed faces / AA4,r21dev_vgg16_bn_aa_s42,face_transfer,124,two_shared_ui,RFW WM64,Objects,0.36,0.38,50,within_sampled_range,UI,142,91.66666666666666,runs/yin_noise_matrix_20260926/results/r21dev_vgg16_bn_aa_s42/faces_rfwWM64/objects/results.csv,UI_shared
mixed,Mixed faces / AA4,r21dev_vgg16_bn_aa_s42,face_transfer,124,two_shared_ui,RFW WM64,Objects,0.36,0.38,50,within_sampled_range,UI,143,95.83333333333334,runs/yin_noise_matrix_20260926/results/r21dev_vgg16_bn_aa_s42/faces_rfwWM64/objects/results.csv,UI_shared
mixed,Mixed faces / AA4,r21dev_vgg16_bn_aa_s42,face_transfer,124,two_shared_ui,RFW WM64,Objects,0.36,0.38,50,within_sampled_range,UI,144,91.66666666666666,runs/yin_noise_matrix_20260926/results/r21dev_vgg16_bn_aa_s42/faces_rfwWM64/objects/results.csv,UI_shared
mixed,Mixed faces / AA4,r21dev_vgg16_bn_aa_s42,face_transfer,124,two_shared_ui,RFW WM64,Objects,0.36,0.38,50,within_sampled_range,UI,145,95.83333333333334,runs/yin_noise_matrix_20260926/results/r21dev_vgg16_bn_aa_s42/faces_rfwWM64/objects/results.csv,UI_shared
mixed,Mixed faces / AA4,r21dev_vgg16_bn_aa_s42,face_transfer,124,two_shared_ui,RFW WM64,Objects,0.36,0.38,50,within_sampled_range,UI,146,91.66666666666666,runs/yin_noise_matrix_20260926/results/r21dev_vgg16_bn_aa_s42/faces_rfwWM64/objects/results.csv,UI_shared
mixed,Mixed faces / AA4,r21dev_vgg16_bn_aa_s42,face_transfer,124,two_shared_ui,RFW WM64,Objects,0.36,0.38,50,within_sampled_range,UI,147,100.0,runs/yin_noise_matrix_20260926/results/r21dev_vgg16_bn_aa_s42/faces_rfwWM64/objects/results.csv,UI_shared
mixed,Mixed faces / AA4,r21dev_vgg16_bn_aa_s42,face_transfer,124,two_shared_ui,RFW WM64,Objects,0.36,0.38,50,within_sampled_range,UI,148,91.66666666666666,runs/yin_noise_matrix_20260926/results/r21dev_vgg16_bn_aa_s42/faces_rfwWM64/objects/results.csv,UI_shared
mixed,Mixed faces / AA4,r21dev_vgg16_bn_aa_s42,face_transfer,124,two_shared_ui,RFW WM64,Objects,0.36,0.38,50,within_sampled_range,UI,149,87.5,runs/yin_noise_matrix_20260926/results/r21dev_vgg16_bn_aa_s42/faces_rfwWM64/objects/results.csv,UI_shared
mixed,Mixed faces / AA4,r21dev_vgg16_bn_aa_s42,face_transfer,124,two_shared_ui,RFW WM64,Objects,0.36,0.38,50,within_sampled_range,UI,150,87.5,runs/yin_noise_matrix_20260926/results/r21dev_vgg16_bn_aa_s42/faces_rfwWM64/objects/results.csv,UI_shared
mixed,Mixed faces / AA4,r21dev_vgg16_bn_aa_s42,face_transfer,124,two_shared_ui,RFW WM64,Objects,0.36,0.38,50,within_sampled_range,IU,101,75.0,runs/yin_noise_matrix_20260926/results/r21dev_vgg16_bn_aa_s42/faces_rfwWM64/objects/results.csv,IU
mixed,Mixed faces / AA4,r21dev_vgg16_bn_aa_s42,face_transfer,124,two_shared_ui,RFW WM64,Objects,0.36,0.38,50,within_sampled_range,IU,102,91.66666666666666,runs/yin_noise_matrix_20260926/results/r21dev_vgg16_bn_aa_s42/faces_rfwWM64/objects/results.csv,IU
mixed,Mixed faces / AA4,r21dev_vgg16_bn_aa_s42,face_transfer,124,two_shared_ui,RFW WM64,Objects,0.36,0.38,50,within_sampled_range,IU,103,95.83333333333334,runs/yin_noise_matrix_20260926/results/r21dev_vgg16_bn_aa_s42/faces_rfwWM64/objects/results.csv,IU
mixed,Mixed faces / AA4,r21dev_vgg16_bn_aa_s42,face_transfer,124,two_shared_ui,RFW WM64,Objects,0.36,0.38,50,within_sampled_range,IU,104,91.66666666666666,runs/yin_noise_matrix_20260926/results/r21dev_vgg16_bn_aa_s42/faces_rfwWM64/objects/results.csv,IU
mixed,Mixed faces / AA4,r21dev_vgg16_bn_aa_s42,face_transfer,124,two_shared_ui,RFW WM64,Objects,0.36,0.38,50,within_sampled_range,IU,105,91.66666666666666,runs/yin_noise_matrix_20260926/results/r21dev_vgg16_bn_aa_s42/faces_rfwWM64/objects/results.csv,IU
mixed,Mixed faces / AA4,r21dev_vgg16_bn_aa_s42,face_transfer,124,two_shared_ui,RFW WM64,Objects,0.36,0.38,50,within_sampled_range,IU,106,95.83333333333334,runs/yin_noise_matrix_20260926/results/r21dev_vgg16_bn_aa_s42/faces_rfwWM64/objects/results.csv,IU
mixed,Mixed faces / AA4,r21dev_vgg16_bn_aa_s42,face_transfer,124,two_shared_ui,RFW WM64,Objects,0.36,0.38,50,within_sampled_range,IU,107,100.0,runs/yin_noise_matrix_20260926/results/r21dev_vgg16_bn_aa_s42/faces_rfwWM64/objects/results.csv,IU
mixed,Mixed faces / AA4,r21dev_vgg16_bn_aa_s42,face_transfer,124,two_shared_ui,RFW WM64,Objects,0.36,0.38,50,within_sampled_range,IU,108,95.83333333333334,runs/yin_noise_matrix_20260926/results/r21dev_vgg16_bn_aa_s42/faces_rfwWM64/objects/results.csv,IU
mixed,Mixed faces / AA4,r21dev_vgg16_bn_aa_s42,face_transfer,124,two_shared_ui,RFW WM64,Objects,0.36,0.38,50,within_sampled_range,IU,109,87.5,runs/yin_noise_matrix_20260926/results/r21dev_vgg16_bn_aa_s42/faces_rfwWM64/objects/results.csv,IU
mixed,Mixed faces / AA4,r21dev_vgg16_bn_aa_s42,face_transfer,124,two_shared_ui,RFW WM64,Objects,0.36,0.38,50,within_sampled_range,IU,110,95.83333333333334,runs/yin_noise_matrix_20260926/results/r21dev_vgg16_bn_aa_s42/faces_rfwWM64/objects/results.csv,IU
mixed,Mixed faces / AA4,r21dev_vgg16_bn_aa_s42,face_transfer,124,two_shared_ui,RFW WM64,Objects,0.36,0.38,50,within_sampled_range,IU,111,91.66666666666666,runs/yin_noise_matrix_20260926/results/r21dev_vgg16_bn_aa_s42/faces_rfwWM64/objects/results.csv,IU
mixed,Mixed faces / AA4,r21dev_vgg16_bn_aa_s42,face_transfer,124,two_shared_ui,RFW WM64,Objects,0.36,0.38,50,within_sampled_range,IU,112,91.66666666666666,runs/yin_noise_matrix_20260926/results/r21dev_vgg16_bn_aa_s42/faces_rfwWM64/objects/results.csv,IU
mixed,Mixed faces / AA4,r21dev_vgg16_bn_aa_s42,face_transfer,124,two_shared_ui,RFW WM64,Objects,0.36,0.38,50,within_sampled_range,IU,113,87.5,runs/yin_noise_matrix_20260926/results/r21dev_vgg16_bn_aa_s42/faces_rfwWM64/objects/results.csv,IU
mixed,Mixed faces / AA4,r21dev_vgg16_bn_aa_s42,face_transfer,124,two_shared_ui,RFW WM64,Objects,0.36,0.38,50,within_sampled_range,IU,114,91.66666666666666,runs/yin_noise_matrix_20260926/results/r21dev_vgg16_bn_aa_s42/faces_rfwWM64/objects/results.csv,IU
mixed,Mixed faces / AA4,r21dev_vgg16_bn_aa_s42,face_transfer,124,two_shared_ui,RFW WM64,Objects,0.36,0.38,50,within_sampled_range,IU,115,91.66666666666666,runs/yin_noise_matrix_20260926/results/r21dev_vgg16_bn_aa_s42/faces_rfwWM64/objects/results.csv,IU
mixed,Mixed faces / AA4,r21dev_vgg16_bn_aa_s42,face_transfer,124,two_shared_ui,RFW WM64,Objects,0.36,0.38,50,within_sampled_range,IU,116,95.83333333333334,runs/yin_noise_matrix_20260926/results/r21dev_vgg16_bn_aa_s42/faces_rfwWM64/objects/results.csv,IU
mixed,Mixed faces / AA4,r21dev_vgg16_bn_aa_s42,face_transfer,124,two_shared_ui,RFW WM64,Objects,0.36,0.38,50,within_sampled_range,IU,117,95.83333333333334,runs/yin_noise_matrix_20260926/results/r21dev_vgg16_bn_aa_s42/faces_rfwWM64/objects/results.csv,IU
mixed,Mixed faces / AA4,r21dev_vgg16_bn_aa_s42,face_transfer,124,two_shared_ui,RFW WM64,Objects,0.36,0.38,50,within_sampled_range,IU,118,95.83333333333334,runs/yin_noise_matrix_20260926/results/r21dev_vgg16_bn_aa_s42/faces_rfwWM64/objects/results.csv,IU
mixed,Mixed faces / AA4,r21dev_vgg16_bn_aa_s42,face_transfer,124,two_shared_ui,RFW WM64,Objects,0.36,0.38,50,within_sampled_range,IU,119,95.83333333333334,runs/yin_noise_matrix_20260926/results/r21dev_vgg16_bn_aa_s42/faces_rfwWM64/objects/results.csv,IU
mixed,Mixed faces / AA4,r21dev_vgg16_bn_aa_s42,face_transfer,124,two_shared_ui,RFW WM64,Objects,0.36,0.38,50,within_sampled_range,IU,120,95.83333333333334,runs/yin_noise_matrix_20260926/results/r21dev_vgg16_bn_aa_s42/faces_rfwWM64/objects/results.csv,IU
mixed,Mixed faces / AA4,r21dev_vgg16_bn_aa_s42,face_transfer,124,two_shared_ui,RFW WM64,Objects,0.36,0.38,50,within_sampled_range,IU,121,91.66666666666666,runs/yin_noise_matrix_20260926/results/r21dev_vgg16_bn_aa_s42/faces_rfwWM64/objects/results.csv,IU
mixed,Mixed faces / AA4,r21dev_vgg16_bn_aa_s42,face_transfer,124,two_shared_ui,RFW WM64,Objects,0.36,0.38,50,within_sampled_range,IU,122,87.5,runs/yin_noise_matrix_20260926/results/r21dev_vgg16_bn_aa_s42/faces_rfwWM64/objects/results.csv,IU
mixed,Mixed faces / AA4,r21dev_vgg16_bn_aa_s42,face_transfer,124,two_shared_ui,RFW WM64,Objects,0.36,0.38,50,within_sampled_range,IU,123,87.5,runs/yin_noise_matrix_20260926/results/r21dev_vgg16_bn_aa_s42/faces_rfwWM64/objects/results.csv,IU
mixed,Mixed faces / AA4,r21dev_vgg16_bn_aa_s42,face_transfer,124,two_shared_ui,RFW WM64,Objects,0.36,0.38,50,within_sampled_range,IU,124,95.83333333333334,runs/yin_noise_matrix_20260926/results/r21dev_vgg16_bn_aa_s42/faces_rfwWM64/objects/results.csv,IU
mixed,Mixed faces / AA4,r21dev_vgg16_bn_aa_s42,face_transfer,124,two_shared_ui,RFW WM64,Objects,0.36,0.38,50,within_sampled_range,IU,125,100.0,runs/yin_noise_matrix_20260926/results/r21dev_vgg16_bn_aa_s42/faces_rfwWM64/objects/results.csv,IU
mixed,Mixed faces / AA4,r21dev_vgg16_bn_aa_s42,face_transfer,124,two_shared_ui,RFW WM64,Objects,0.36,0.38,50,within_sampled_range,IU,126,91.66666666666666,runs/yin_noise_matrix_20260926/results/r21dev_vgg16_bn_aa_s42/faces_rfwWM64/objects/results.csv,IU
mixed,Mixed faces / AA4,r21dev_vgg16_bn_aa_s42,face_transfer,124,two_shared_ui,RFW WM64,Objects,0.36,0.38,50,within_sampled_range,IU,127,100.0,runs/yin_noise_matrix_20260926/results/r21dev_vgg16_bn_aa_s42/faces_rfwWM64/objects/results.csv,IU
mixed,Mixed faces / AA4,r21dev_vgg16_bn_aa_s42,face_transfer,124,two_shared_ui,RFW WM64,Objects,0.36,0.38,50,within_sampled_range,IU,128,100.0,runs/yin_noise_matrix_20260926/results/r21dev_vgg16_bn_aa_s42/faces_rfwWM64/objects/results.csv,IU
mixed,Mixed faces / AA4,r21dev_vgg16_bn_aa_s42,face_transfer,124,two_shared_ui,RFW WM64,Objects,0.36,0.38,50,within_sampled_range,IU,129,100.0,runs/yin_noise_matrix_20260926/results/r21dev_vgg16_bn_aa_s42/faces_rfwWM64/objects/results.csv,IU
mixed,Mixed faces / AA4,r21dev_vgg16_bn_aa_s42,face_transfer,124,two_shared_ui,RFW WM64,Objects,0.36,0.38,50,within_sampled_range,IU,130,95.83333333333334,runs/yin_noise_matrix_20260926/results/r21dev_vgg16_bn_aa_s42/faces_rfwWM64/objects/results.csv,IU
mixed,Mixed faces / AA4,r21dev_vgg16_bn_aa_s42,face_transfer,124,two_shared_ui,RFW WM64,Objects,0.36,0.38,50,within_sampled_range,IU,131,91.66666666666666,runs/yin_noise_matrix_20260926/results/r21dev_vgg16_bn_aa_s42/faces_rfwWM64/objects/results.csv,IU
mixed,Mixed faces / AA4,r21dev_vgg16_bn_aa_s42,face_transfer,124,two_shared_ui,RFW WM64,Objects,0.36,0.38,50,within_sampled_range,IU,132,87.5,runs/yin_noise_matrix_20260926/results/r21dev_vgg16_bn_aa_s42/faces_rfwWM64/objects/results.csv,IU
mixed,Mixed faces / AA4,r21dev_vgg16_bn_aa_s42,face_transfer,124,two_shared_ui,RFW WM64,Objects,0.36,0.38,50,within_sampled_range,IU,133,91.66666666666666,runs/yin_noise_matrix_20260926/results/r21dev_vgg16_bn_aa_s42/faces_rfwWM64/objects/results.csv,IU
mixed,Mixed faces / AA4,r21dev_vgg16_bn_aa_s42,face_transfer,124,two_shared_ui,RFW WM64,Objects,0.36,0.38,50,within_sampled_range,IU,134,95.83333333333334,runs/yin_noise_matrix_20260926/results/r21dev_vgg16_bn_aa_s42/faces_rfwWM64/objects/results.csv,IU
mixed,Mixed faces / AA4,r21dev_vgg16_bn_aa_s42,face_transfer,124,two_shared_ui,RFW WM64,Objects,0.36,0.38,50,within_sampled_range,IU,135,91.66666666666666,runs/yin_noise_matrix_20260926/results/r21dev_vgg16_bn_aa_s42/faces_rfwWM64/objects/results.csv,IU
mixed,Mixed faces / AA4,r21dev_vgg16_bn_aa_s42,face_transfer,124,two_shared_ui,RFW WM64,Objects,0.36,0.38,50,within_sampled_range,IU,136,91.66666666666666,runs/yin_noise_matrix_20260926/results/r21dev_vgg16_bn_aa_s42/faces_rfwWM64/objects/results.csv,IU
mixed,Mixed faces / AA4,r21dev_vgg16_bn_aa_s42,face_transfer,124,two_shared_ui,RFW WM64,Objects,0.36,0.38,50,within_sampled_range,IU,137,95.83333333333334,runs/yin_noise_matrix_20260926/results/r21dev_vgg16_bn_aa_s42/faces_rfwWM64/objects/results.csv,IU
mixed,Mixed faces / AA4,r21dev_vgg16_bn_aa_s42,face_transfer,124,two_shared_ui,RFW WM64,Objects,0.36,0.38,50,within_sampled_range,IU,138,91.66666666666666,runs/yin_noise_matrix_20260926/results/r21dev_vgg16_bn_aa_s42/faces_rfwWM64/objects/results.csv,IU
mixed,Mixed faces / AA4,r21dev_vgg16_bn_aa_s42,face_transfer,124,two_shared_ui,RFW WM64,Objects,0.36,0.38,50,within_sampled_range,IU,139,91.66666666666666,runs/yin_noise_matrix_20260926/results/r21dev_vgg16_bn_aa_s42/faces_rfwWM64/objects/results.csv,IU
mixed,Mixed faces / AA4,r21dev_vgg16_bn_aa_s42,face_transfer,124,two_shared_ui,RFW WM64,Objects,0.36,0.38,50,within_sampled_range,IU,140,95.83333333333334,runs/yin_noise_matrix_20260926/results/r21dev_vgg16_bn_aa_s42/faces_rfwWM64/objects/results.csv,IU
mixed,Mixed faces / AA4,r21dev_vgg16_bn_aa_s42,face_transfer,124,two_shared_ui,RFW WM64,Objects,0.36,0.38,50,within_sampled_range,IU,141,87.5,runs/yin_noise_matrix_20260926/results/r21dev_vgg16_bn_aa_s42/faces_rfwWM64/objects/results.csv,IU
mixed,Mixed faces / AA4,r21dev_vgg16_bn_aa_s42,face_transfer,124,two_shared_ui,RFW WM64,Objects,0.36,0.38,50,within_sampled_range,IU,142,95.83333333333334,runs/yin_noise_matrix_20260926/results/r21dev_vgg16_bn_aa_s42/faces_rfwWM64/objects/results.csv,IU
mixed,Mixed faces / AA4,r21dev_vgg16_bn_aa_s42,face_transfer,124,two_shared_ui,RFW WM64,Objects,0.36,0.38,50,within_sampled_range,IU,143,87.5,runs/yin_noise_matrix_20260926/results/r21dev_vgg16_bn_aa_s42/faces_rfwWM64/objects/results.csv,IU
mixed,Mixed faces / AA4,r21dev_vgg16_bn_aa_s42,face_transfer,124,two_shared_ui,RFW WM64,Objects,0.36,0.38,50,within_sampled_range,IU,144,95.83333333333334,runs/yin_noise_matrix_20260926/results/r21dev_vgg16_bn_aa_s42/faces_rfwWM64/objects/results.csv,IU
mixed,Mixed faces / AA4,r21dev_vgg16_bn_aa_s42,face_transfer,124,two_shared_ui,RFW WM64,Objects,0.36,0.38,50,within_sampled_range,IU,145,79.16666666666666,runs/yin_noise_matrix_20260926/results/r21dev_vgg16_bn_aa_s42/faces_rfwWM64/objects/results.csv,IU
mixed,Mixed faces / AA4,r21dev_vgg16_bn_aa_s42,face_transfer,124,two_shared_ui,RFW WM64,Objects,0.36,0.38,50,within_sampled_range,IU,146,95.83333333333334,runs/yin_noise_matrix_20260926/results/r21dev_vgg16_bn_aa_s42/faces_rfwWM64/objects/results.csv,IU
mixed,Mixed faces / AA4,r21dev_vgg16_bn_aa_s42,face_transfer,124,two_shared_ui,RFW WM64,Objects,0.36,0.38,50,within_sampled_range,IU,147,95.83333333333334,runs/yin_noise_matrix_20260926/results/r21dev_vgg16_bn_aa_s42/faces_rfwWM64/objects/results.csv,IU
mixed,Mixed faces / AA4,r21dev_vgg16_bn_aa_s42,face_transfer,124,two_shared_ui,RFW WM64,Objects,0.36,0.38,50,within_sampled_range,IU,148,95.83333333333334,runs/yin_noise_matrix_20260926/results/r21dev_vgg16_bn_aa_s42/faces_rfwWM64/objects/results.csv,IU
mixed,Mixed faces / AA4,r21dev_vgg16_bn_aa_s42,face_transfer,124,two_shared_ui,RFW WM64,Objects,0.36,0.38,50,within_sampled_range,IU,149,91.66666666666666,runs/yin_noise_matrix_20260926/results/r21dev_vgg16_bn_aa_s42/faces_rfwWM64/objects/results.csv,IU
mixed,Mixed faces / AA4,r21dev_vgg16_bn_aa_s42,face_transfer,124,two_shared_ui,RFW WM64,Objects,0.36,0.38,50,within_sampled_range,IU,150,95.83333333333334,runs/yin_noise_matrix_20260926/results/r21dev_vgg16_bn_aa_s42/faces_rfwWM64/objects/results.csv,IU
mixed,Mixed faces / AA4,r21dev_vgg16_bn_aa_s42,face_transfer,124,single_uu,RFW WM64,Houses,0.36,,50,within_sampled_range,UU,101,70.83333333333334,runs/yin_single_noise_20260925/results/r21dev_vgg16_bn_aa_s42/faces_rfwWM64/houses_yin64/results.csv,UU
mixed,Mixed faces / AA4,r21dev_vgg16_bn_aa_s42,face_transfer,124,single_uu,RFW WM64,Houses,0.36,,50,within_sampled_range,UU,102,70.83333333333334,runs/yin_single_noise_20260925/results/r21dev_vgg16_bn_aa_s42/faces_rfwWM64/houses_yin64/results.csv,UU
mixed,Mixed faces / AA4,r21dev_vgg16_bn_aa_s42,face_transfer,124,single_uu,RFW WM64,Houses,0.36,,50,within_sampled_range,UU,103,66.66666666666666,runs/yin_single_noise_20260925/results/r21dev_vgg16_bn_aa_s42/faces_rfwWM64/houses_yin64/results.csv,UU
mixed,Mixed faces / AA4,r21dev_vgg16_bn_aa_s42,face_transfer,124,single_uu,RFW WM64,Houses,0.36,,50,within_sampled_range,UU,104,79.16666666666666,runs/yin_single_noise_20260925/results/r21dev_vgg16_bn_aa_s42/faces_rfwWM64/houses_yin64/results.csv,UU
mixed,Mixed faces / AA4,r21dev_vgg16_bn_aa_s42,face_transfer,124,single_uu,RFW WM64,Houses,0.36,,50,within_sampled_range,UU,105,54.166666666666664,runs/yin_single_noise_20260925/results/r21dev_vgg16_bn_aa_s42/faces_rfwWM64/houses_yin64/results.csv,UU
mixed,Mixed faces / AA4,r21dev_vgg16_bn_aa_s42,face_transfer,124,single_uu,RFW WM64,Houses,0.36,,50,within_sampled_range,UU,106,50.0,runs/yin_single_noise_20260925/results/r21dev_vgg16_bn_aa_s42/faces_rfwWM64/houses_yin64/results.csv,UU
mixed,Mixed faces / AA4,r21dev_vgg16_bn_aa_s42,face_transfer,124,single_uu,RFW WM64,Houses,0.36,,50,within_sampled_range,UU,107,70.83333333333334,runs/yin_single_noise_20260925/results/r21dev_vgg16_bn_aa_s42/faces_rfwWM64/houses_yin64/results.csv,UU
mixed,Mixed faces / AA4,r21dev_vgg16_bn_aa_s42,face_transfer,124,single_uu,RFW WM64,Houses,0.36,,50,within_sampled_range,UU,108,83.33333333333334,runs/yin_single_noise_20260925/results/r21dev_vgg16_bn_aa_s42/faces_rfwWM64/houses_yin64/results.csv,UU
mixed,Mixed faces / AA4,r21dev_vgg16_bn_aa_s42,face_transfer,124,single_uu,RFW WM64,Houses,0.36,,50,within_sampled_range,UU,109,62.5,runs/yin_single_noise_20260925/results/r21dev_vgg16_bn_aa_s42/faces_rfwWM64/houses_yin64/results.csv,UU
mixed,Mixed faces / AA4,r21dev_vgg16_bn_aa_s42,face_transfer,124,single_uu,RFW WM64,Houses,0.36,,50,within_sampled_range,UU,110,66.66666666666666,runs/yin_single_noise_20260925/results/r21dev_vgg16_bn_aa_s42/faces_rfwWM64/houses_yin64/results.csv,UU
mixed,Mixed faces / AA4,r21dev_vgg16_bn_aa_s42,face_transfer,124,single_uu,RFW WM64,Houses,0.36,,50,within_sampled_range,UU,111,70.83333333333334,runs/yin_single_noise_20260925/results/r21dev_vgg16_bn_aa_s42/faces_rfwWM64/houses_yin64/results.csv,UU
mixed,Mixed faces / AA4,r21dev_vgg16_bn_aa_s42,face_transfer,124,single_uu,RFW WM64,Houses,0.36,,50,within_sampled_range,UU,112,70.83333333333334,runs/yin_single_noise_20260925/results/r21dev_vgg16_bn_aa_s42/faces_rfwWM64/houses_yin64/results.csv,UU
mixed,Mixed faces / AA4,r21dev_vgg16_bn_aa_s42,face_transfer,124,single_uu,RFW WM64,Houses,0.36,,50,within_sampled_range,UU,113,83.33333333333334,runs/yin_single_noise_20260925/results/r21dev_vgg16_bn_aa_s42/faces_rfwWM64/houses_yin64/results.csv,UU
mixed,Mixed faces / AA4,r21dev_vgg16_bn_aa_s42,face_transfer,124,single_uu,RFW WM64,Houses,0.36,,50,within_sampled_range,UU,114,83.33333333333334,runs/yin_single_noise_20260925/results/r21dev_vgg16_bn_aa_s42/faces_rfwWM64/houses_yin64/results.csv,UU
mixed,Mixed faces / AA4,r21dev_vgg16_bn_aa_s42,face_transfer,124,single_uu,RFW WM64,Houses,0.36,,50,within_sampled_range,UU,115,66.66666666666666,runs/yin_single_noise_20260925/results/r21dev_vgg16_bn_aa_s42/faces_rfwWM64/houses_yin64/results.csv,UU
mixed,Mixed faces / AA4,r21dev_vgg16_bn_aa_s42,face_transfer,124,single_uu,RFW WM64,Houses,0.36,,50,within_sampled_range,UU,116,83.33333333333334,runs/yin_single_noise_20260925/results/r21dev_vgg16_bn_aa_s42/faces_rfwWM64/houses_yin64/results.csv,UU
mixed,Mixed faces / AA4,r21dev_vgg16_bn_aa_s42,face_transfer,124,single_uu,RFW WM64,Houses,0.36,,50,within_sampled_range,UU,117,70.83333333333334,runs/yin_single_noise_20260925/results/r21dev_vgg16_bn_aa_s42/faces_rfwWM64/houses_yin64/results.csv,UU
mixed,Mixed faces / AA4,r21dev_vgg16_bn_aa_s42,face_transfer,124,single_uu,RFW WM64,Houses,0.36,,50,within_sampled_range,UU,118,91.66666666666666,runs/yin_single_noise_20260925/results/r21dev_vgg16_bn_aa_s42/faces_rfwWM64/houses_yin64/results.csv,UU
mixed,Mixed faces / AA4,r21dev_vgg16_bn_aa_s42,face_transfer,124,single_uu,RFW WM64,Houses,0.36,,50,within_sampled_range,UU,119,70.83333333333334,runs/yin_single_noise_20260925/results/r21dev_vgg16_bn_aa_s42/faces_rfwWM64/houses_yin64/results.csv,UU
mixed,Mixed faces / AA4,r21dev_vgg16_bn_aa_s42,face_transfer,124,single_uu,RFW WM64,Houses,0.36,,50,within_sampled_range,UU,120,75.0,runs/yin_single_noise_20260925/results/r21dev_vgg16_bn_aa_s42/faces_rfwWM64/houses_yin64/results.csv,UU
mixed,Mixed faces / AA4,r21dev_vgg16_bn_aa_s42,face_transfer,124,single_uu,RFW WM64,Houses,0.36,,50,within_sampled_range,UU,121,62.5,runs/yin_single_noise_20260925/results/r21dev_vgg16_bn_aa_s42/faces_rfwWM64/houses_yin64/results.csv,UU
mixed,Mixed faces / AA4,r21dev_vgg16_bn_aa_s42,face_transfer,124,single_uu,RFW WM64,Houses,0.36,,50,within_sampled_range,UU,122,75.0,runs/yin_single_noise_20260925/results/r21dev_vgg16_bn_aa_s42/faces_rfwWM64/houses_yin64/results.csv,UU
mixed,Mixed faces / AA4,r21dev_vgg16_bn_aa_s42,face_transfer,124,single_uu,RFW WM64,Houses,0.36,,50,within_sampled_range,UU,123,83.33333333333334,runs/yin_single_noise_20260925/results/r21dev_vgg16_bn_aa_s42/faces_rfwWM64/houses_yin64/results.csv,UU
mixed,Mixed faces / AA4,r21dev_vgg16_bn_aa_s42,face_transfer,124,single_uu,RFW WM64,Houses,0.36,,50,within_sampled_range,UU,124,66.66666666666666,runs/yin_single_noise_20260925/results/r21dev_vgg16_bn_aa_s42/faces_rfwWM64/houses_yin64/results.csv,UU
mixed,Mixed faces / AA4,r21dev_vgg16_bn_aa_s42,face_transfer,124,single_uu,RFW WM64,Houses,0.36,,50,within_sampled_range,UU,125,58.333333333333336,runs/yin_single_noise_20260925/results/r21dev_vgg16_bn_aa_s42/faces_rfwWM64/houses_yin64/results.csv,UU
mixed,Mixed faces / AA4,r21dev_vgg16_bn_aa_s42,face_transfer,124,single_uu,RFW WM64,Houses,0.36,,50,within_sampled_range,UU,126,62.5,runs/yin_single_noise_20260925/results/r21dev_vgg16_bn_aa_s42/faces_rfwWM64/houses_yin64/results.csv,UU
mixed,Mixed faces / AA4,r21dev_vgg16_bn_aa_s42,face_transfer,124,single_uu,RFW WM64,Houses,0.36,,50,within_sampled_range,UU,127,79.16666666666666,runs/yin_single_noise_20260925/results/r21dev_vgg16_bn_aa_s42/faces_rfwWM64/houses_yin64/results.csv,UU
mixed,Mixed faces / AA4,r21dev_vgg16_bn_aa_s42,face_transfer,124,single_uu,RFW WM64,Houses,0.36,,50,within_sampled_range,UU,128,66.66666666666666,runs/yin_single_noise_20260925/results/r21dev_vgg16_bn_aa_s42/faces_rfwWM64/houses_yin64/results.csv,UU
mixed,Mixed faces / AA4,r21dev_vgg16_bn_aa_s42,face_transfer,124,single_uu,RFW WM64,Houses,0.36,,50,within_sampled_range,UU,129,62.5,runs/yin_single_noise_20260925/results/r21dev_vgg16_bn_aa_s42/faces_rfwWM64/houses_yin64/results.csv,UU
mixed,Mixed faces / AA4,r21dev_vgg16_bn_aa_s42,face_transfer,124,single_uu,RFW WM64,Houses,0.36,,50,within_sampled_range,UU,130,79.16666666666666,runs/yin_single_noise_20260925/results/r21dev_vgg16_bn_aa_s42/faces_rfwWM64/houses_yin64/results.csv,UU
mixed,Mixed faces / AA4,r21dev_vgg16_bn_aa_s42,face_transfer,124,single_uu,RFW WM64,Houses,0.36,,50,within_sampled_range,UU,131,62.5,runs/yin_single_noise_20260925/results/r21dev_vgg16_bn_aa_s42/faces_rfwWM64/houses_yin64/results.csv,UU
mixed,Mixed faces / AA4,r21dev_vgg16_bn_aa_s42,face_transfer,124,single_uu,RFW WM64,Houses,0.36,,50,within_sampled_range,UU,132,54.166666666666664,runs/yin_single_noise_20260925/results/r21dev_vgg16_bn_aa_s42/faces_rfwWM64/houses_yin64/results.csv,UU
mixed,Mixed faces / AA4,r21dev_vgg16_bn_aa_s42,face_transfer,124,single_uu,RFW WM64,Houses,0.36,,50,within_sampled_range,UU,133,70.83333333333334,runs/yin_single_noise_20260925/results/r21dev_vgg16_bn_aa_s42/faces_rfwWM64/houses_yin64/results.csv,UU
mixed,Mixed faces / AA4,r21dev_vgg16_bn_aa_s42,face_transfer,124,single_uu,RFW WM64,Houses,0.36,,50,within_sampled_range,UU,134,66.66666666666666,runs/yin_single_noise_20260925/results/r21dev_vgg16_bn_aa_s42/faces_rfwWM64/houses_yin64/results.csv,UU
mixed,Mixed faces / AA4,r21dev_vgg16_bn_aa_s42,face_transfer,124,single_uu,RFW WM64,Houses,0.36,,50,within_sampled_range,UU,135,70.83333333333334,runs/yin_single_noise_20260925/results/r21dev_vgg16_bn_aa_s42/faces_rfwWM64/houses_yin64/results.csv,UU
mixed,Mixed faces / AA4,r21dev_vgg16_bn_aa_s42,face_transfer,124,single_uu,RFW WM64,Houses,0.36,,50,within_sampled_range,UU,136,62.5,runs/yin_single_noise_20260925/results/r21dev_vgg16_bn_aa_s42/faces_rfwWM64/houses_yin64/results.csv,UU
mixed,Mixed faces / AA4,r21dev_vgg16_bn_aa_s42,face_transfer,124,single_uu,RFW WM64,Houses,0.36,,50,within_sampled_range,UU,137,79.16666666666666,runs/yin_single_noise_20260925/results/r21dev_vgg16_bn_aa_s42/faces_rfwWM64/houses_yin64/results.csv,UU
mixed,Mixed faces / AA4,r21dev_vgg16_bn_aa_s42,face_transfer,124,single_uu,RFW WM64,Houses,0.36,,50,within_sampled_range,UU,138,66.66666666666666,runs/yin_single_noise_20260925/results/r21dev_vgg16_bn_aa_s42/faces_rfwWM64/houses_yin64/results.csv,UU
mixed,Mixed faces / AA4,r21dev_vgg16_bn_aa_s42,face_transfer,124,single_uu,RFW WM64,Houses,0.36,,50,within_sampled_range,UU,139,75.0,runs/yin_single_noise_20260925/results/r21dev_vgg16_bn_aa_s42/faces_rfwWM64/houses_yin64/results.csv,UU
mixed,Mixed faces / AA4,r21dev_vgg16_bn_aa_s42,face_transfer,124,single_uu,RFW WM64,Houses,0.36,,50,within_sampled_range,UU,140,66.66666666666666,runs/yin_single_noise_20260925/results/r21dev_vgg16_bn_aa_s42/faces_rfwWM64/houses_yin64/results.csv,UU
mixed,Mixed faces / AA4,r21dev_vgg16_bn_aa_s42,face_transfer,124,single_uu,RFW WM64,Houses,0.36,,50,within_sampled_range,UU,141,75.0,runs/yin_single_noise_20260925/results/r21dev_vgg16_bn_aa_s42/faces_rfwWM64/houses_yin64/results.csv,UU
mixed,Mixed faces / AA4,r21dev_vgg16_bn_aa_s42,face_transfer,124,single_uu,RFW WM64,Houses,0.36,,50,within_sampled_range,UU,142,79.16666666666666,runs/yin_single_noise_20260925/results/r21dev_vgg16_bn_aa_s42/faces_rfwWM64/houses_yin64/results.csv,UU
mixed,Mixed faces / AA4,r21dev_vgg16_bn_aa_s42,face_transfer,124,single_uu,RFW WM64,Houses,0.36,,50,within_sampled_range,UU,143,58.333333333333336,runs/yin_single_noise_20260925/results/r21dev_vgg16_bn_aa_s42/faces_rfwWM64/houses_yin64/results.csv,UU
mixed,Mixed faces / AA4,r21dev_vgg16_bn_aa_s42,face_transfer,124,single_uu,RFW WM64,Houses,0.36,,50,within_sampled_range,UU,144,70.83333333333334,runs/yin_single_noise_20260925/results/r21dev_vgg16_bn_aa_s42/faces_rfwWM64/houses_yin64/results.csv,UU
mixed,Mixed faces / AA4,r21dev_vgg16_bn_aa_s42,face_transfer,124,single_uu,RFW WM64,Houses,0.36,,50,within_sampled_range,UU,145,70.83333333333334,runs/yin_single_noise_20260925/results/r21dev_vgg16_bn_aa_s42/faces_rfwWM64/houses_yin64/results.csv,UU
mixed,Mixed faces / AA4,r21dev_vgg16_bn_aa_s42,face_transfer,124,single_uu,RFW WM64,Houses,0.36,,50,within_sampled_range,UU,146,79.16666666666666,runs/yin_single_noise_20260925/results/r21dev_vgg16_bn_aa_s42/faces_rfwWM64/houses_yin64/results.csv,UU
mixed,Mixed faces / AA4,r21dev_vgg16_bn_aa_s42,face_transfer,124,single_uu,RFW WM64,Houses,0.36,,50,within_sampled_range,UU,147,66.66666666666666,runs/yin_single_noise_20260925/results/r21dev_vgg16_bn_aa_s42/faces_rfwWM64/houses_yin64/results.csv,UU
mixed,Mixed faces / AA4,r21dev_vgg16_bn_aa_s42,face_transfer,124,single_uu,RFW WM64,Houses,0.36,,50,within_sampled_range,UU,148,87.5,runs/yin_single_noise_20260925/results/r21dev_vgg16_bn_aa_s42/faces_rfwWM64/houses_yin64/results.csv,UU
mixed,Mixed faces / AA4,r21dev_vgg16_bn_aa_s42,face_transfer,124,single_uu,RFW WM64,Houses,0.36,,50,within_sampled_range,UU,149,75.0,runs/yin_single_noise_20260925/results/r21dev_vgg16_bn_aa_s42/faces_rfwWM64/houses_yin64/results.csv,UU
mixed,Mixed faces / AA4,r21dev_vgg16_bn_aa_s42,face_transfer,124,single_uu,RFW WM64,Houses,0.36,,50,within_sampled_range,UU,150,66.66666666666666,runs/yin_single_noise_20260925/results/r21dev_vgg16_bn_aa_s42/faces_rfwWM64/houses_yin64/results.csv,UU
mixed,Mixed faces / AA4,r21dev_vgg16_bn_aa_s42,face_transfer,124,single_uu,RFW WM64,Houses,0.36,,50,within_sampled_range,II,101,75.0,runs/yin_single_noise_20260925/results/r21dev_vgg16_bn_aa_s42/faces_rfwWM64/houses_yin64/results.csv,II
mixed,Mixed faces / AA4,r21dev_vgg16_bn_aa_s42,face_transfer,124,single_uu,RFW WM64,Houses,0.36,,50,within_sampled_range,II,102,62.5,runs/yin_single_noise_20260925/results/r21dev_vgg16_bn_aa_s42/faces_rfwWM64/houses_yin64/results.csv,II
mixed,Mixed faces / AA4,r21dev_vgg16_bn_aa_s42,face_transfer,124,single_uu,RFW WM64,Houses,0.36,,50,within_sampled_range,II,103,79.16666666666666,runs/yin_single_noise_20260925/results/r21dev_vgg16_bn_aa_s42/faces_rfwWM64/houses_yin64/results.csv,II
mixed,Mixed faces / AA4,r21dev_vgg16_bn_aa_s42,face_transfer,124,single_uu,RFW WM64,Houses,0.36,,50,within_sampled_range,II,104,75.0,runs/yin_single_noise_20260925/results/r21dev_vgg16_bn_aa_s42/faces_rfwWM64/houses_yin64/results.csv,II
mixed,Mixed faces / AA4,r21dev_vgg16_bn_aa_s42,face_transfer,124,single_uu,RFW WM64,Houses,0.36,,50,within_sampled_range,II,105,62.5,runs/yin_single_noise_20260925/results/r21dev_vgg16_bn_aa_s42/faces_rfwWM64/houses_yin64/results.csv,II
mixed,Mixed faces / AA4,r21dev_vgg16_bn_aa_s42,face_transfer,124,single_uu,RFW WM64,Houses,0.36,,50,within_sampled_range,II,106,79.16666666666666,runs/yin_single_noise_20260925/results/r21dev_vgg16_bn_aa_s42/faces_rfwWM64/houses_yin64/results.csv,II
mixed,Mixed faces / AA4,r21dev_vgg16_bn_aa_s42,face_transfer,124,single_uu,RFW WM64,Houses,0.36,,50,within_sampled_range,II,107,79.16666666666666,runs/yin_single_noise_20260925/results/r21dev_vgg16_bn_aa_s42/faces_rfwWM64/houses_yin64/results.csv,II
mixed,Mixed faces / AA4,r21dev_vgg16_bn_aa_s42,face_transfer,124,single_uu,RFW WM64,Houses,0.36,,50,within_sampled_range,II,108,58.333333333333336,runs/yin_single_noise_20260925/results/r21dev_vgg16_bn_aa_s42/faces_rfwWM64/houses_yin64/results.csv,II
mixed,Mixed faces / AA4,r21dev_vgg16_bn_aa_s42,face_transfer,124,single_uu,RFW WM64,Houses,0.36,,50,within_sampled_range,II,109,58.333333333333336,runs/yin_single_noise_20260925/results/r21dev_vgg16_bn_aa_s42/faces_rfwWM64/houses_yin64/results.csv,II
mixed,Mixed faces / AA4,r21dev_vgg16_bn_aa_s42,face_transfer,124,single_uu,RFW WM64,Houses,0.36,,50,within_sampled_range,II,110,70.83333333333334,runs/yin_single_noise_20260925/results/r21dev_vgg16_bn_aa_s42/faces_rfwWM64/houses_yin64/results.csv,II
mixed,Mixed faces / AA4,r21dev_vgg16_bn_aa_s42,face_transfer,124,single_uu,RFW WM64,Houses,0.36,,50,within_sampled_range,II,111,66.66666666666666,runs/yin_single_noise_20260925/results/r21dev_vgg16_bn_aa_s42/faces_rfwWM64/houses_yin64/results.csv,II
mixed,Mixed faces / AA4,r21dev_vgg16_bn_aa_s42,face_transfer,124,single_uu,RFW WM64,Houses,0.36,,50,within_sampled_range,II,112,70.83333333333334,runs/yin_single_noise_20260925/results/r21dev_vgg16_bn_aa_s42/faces_rfwWM64/houses_yin64/results.csv,II
mixed,Mixed faces / AA4,r21dev_vgg16_bn_aa_s42,face_transfer,124,single_uu,RFW WM64,Houses,0.36,,50,within_sampled_range,II,113,62.5,runs/yin_single_noise_20260925/results/r21dev_vgg16_bn_aa_s42/faces_rfwWM64/houses_yin64/results.csv,II
mixed,Mixed faces / AA4,r21dev_vgg16_bn_aa_s42,face_transfer,124,single_uu,RFW WM64,Houses,0.36,,50,within_sampled_range,II,114,58.333333333333336,runs/yin_single_noise_20260925/results/r21dev_vgg16_bn_aa_s42/faces_rfwWM64/houses_yin64/results.csv,II
mixed,Mixed faces / AA4,r21dev_vgg16_bn_aa_s42,face_transfer,124,single_uu,RFW WM64,Houses,0.36,,50,within_sampled_range,II,115,70.83333333333334,runs/yin_single_noise_20260925/results/r21dev_vgg16_bn_aa_s42/faces_rfwWM64/houses_yin64/results.csv,II
mixed,Mixed faces / AA4,r21dev_vgg16_bn_aa_s42,face_transfer,124,single_uu,RFW WM64,Houses,0.36,,50,within_sampled_range,II,116,75.0,runs/yin_single_noise_20260925/results/r21dev_vgg16_bn_aa_s42/faces_rfwWM64/houses_yin64/results.csv,II
mixed,Mixed faces / AA4,r21dev_vgg16_bn_aa_s42,face_transfer,124,single_uu,RFW WM64,Houses,0.36,,50,within_sampled_range,II,117,75.0,runs/yin_single_noise_20260925/results/r21dev_vgg16_bn_aa_s42/faces_rfwWM64/houses_yin64/results.csv,II
mixed,Mixed faces / AA4,r21dev_vgg16_bn_aa_s42,face_transfer,124,single_uu,RFW WM64,Houses,0.36,,50,within_sampled_range,II,118,50.0,runs/yin_single_noise_20260925/results/r21dev_vgg16_bn_aa_s42/faces_rfwWM64/houses_yin64/results.csv,II
mixed,Mixed faces / AA4,r21dev_vgg16_bn_aa_s42,face_transfer,124,single_uu,RFW WM64,Houses,0.36,,50,within_sampled_range,II,119,83.33333333333334,runs/yin_single_noise_20260925/results/r21dev_vgg16_bn_aa_s42/faces_rfwWM64/houses_yin64/results.csv,II
mixed,Mixed faces / AA4,r21dev_vgg16_bn_aa_s42,face_transfer,124,single_uu,RFW WM64,Houses,0.36,,50,within_sampled_range,II,120,66.66666666666666,runs/yin_single_noise_20260925/results/r21dev_vgg16_bn_aa_s42/faces_rfwWM64/houses_yin64/results.csv,II
mixed,Mixed faces / AA4,r21dev_vgg16_bn_aa_s42,face_transfer,124,single_uu,RFW WM64,Houses,0.36,,50,within_sampled_range,II,121,70.83333333333334,runs/yin_single_noise_20260925/results/r21dev_vgg16_bn_aa_s42/faces_rfwWM64/houses_yin64/results.csv,II
mixed,Mixed faces / AA4,r21dev_vgg16_bn_aa_s42,face_transfer,124,single_uu,RFW WM64,Houses,0.36,,50,within_sampled_range,II,122,62.5,runs/yin_single_noise_20260925/results/r21dev_vgg16_bn_aa_s42/faces_rfwWM64/houses_yin64/results.csv,II
mixed,Mixed faces / AA4,r21dev_vgg16_bn_aa_s42,face_transfer,124,single_uu,RFW WM64,Houses,0.36,,50,within_sampled_range,II,123,66.66666666666666,runs/yin_single_noise_20260925/results/r21dev_vgg16_bn_aa_s42/faces_rfwWM64/houses_yin64/results.csv,II
mixed,Mixed faces / AA4,r21dev_vgg16_bn_aa_s42,face_transfer,124,single_uu,RFW WM64,Houses,0.36,,50,within_sampled_range,II,124,50.0,runs/yin_single_noise_20260925/results/r21dev_vgg16_bn_aa_s42/faces_rfwWM64/houses_yin64/results.csv,II
mixed,Mixed faces / AA4,r21dev_vgg16_bn_aa_s42,face_transfer,124,single_uu,RFW WM64,Houses,0.36,,50,within_sampled_range,II,125,58.333333333333336,runs/yin_single_noise_20260925/results/r21dev_vgg16_bn_aa_s42/faces_rfwWM64/houses_yin64/results.csv,II
mixed,Mixed faces / AA4,r21dev_vgg16_bn_aa_s42,face_transfer,124,single_uu,RFW WM64,Houses,0.36,,50,within_sampled_range,II,126,70.83333333333334,runs/yin_single_noise_20260925/results/r21dev_vgg16_bn_aa_s42/faces_rfwWM64/houses_yin64/results.csv,II
mixed,Mixed faces / AA4,r21dev_vgg16_bn_aa_s42,face_transfer,124,single_uu,RFW WM64,Houses,0.36,,50,within_sampled_range,II,127,75.0,runs/yin_single_noise_20260925/results/r21dev_vgg16_bn_aa_s42/faces_rfwWM64/houses_yin64/results.csv,II
mixed,Mixed faces / AA4,r21dev_vgg16_bn_aa_s42,face_transfer,124,single_uu,RFW WM64,Houses,0.36,,50,within_sampled_range,II,128,87.5,runs/yin_single_noise_20260925/results/r21dev_vgg16_bn_aa_s42/faces_rfwWM64/houses_yin64/results.csv,II
mixed,Mixed faces / AA4,r21dev_vgg16_bn_aa_s42,face_transfer,124,single_uu,RFW WM64,Houses,0.36,,50,within_sampled_range,II,129,66.66666666666666,runs/yin_single_noise_20260925/results/r21dev_vgg16_bn_aa_s42/faces_rfwWM64/houses_yin64/results.csv,II
mixed,Mixed faces / AA4,r21dev_vgg16_bn_aa_s42,face_transfer,124,single_uu,RFW WM64,Houses,0.36,,50,within_sampled_range,II,130,79.16666666666666,runs/yin_single_noise_20260925/results/r21dev_vgg16_bn_aa_s42/faces_rfwWM64/houses_yin64/results.csv,II
mixed,Mixed faces / AA4,r21dev_vgg16_bn_aa_s42,face_transfer,124,single_uu,RFW WM64,Houses,0.36,,50,within_sampled_range,II,131,62.5,runs/yin_single_noise_20260925/results/r21dev_vgg16_bn_aa_s42/faces_rfwWM64/houses_yin64/results.csv,II
mixed,Mixed faces / AA4,r21dev_vgg16_bn_aa_s42,face_transfer,124,single_uu,RFW WM64,Houses,0.36,,50,within_sampled_range,II,132,62.5,runs/yin_single_noise_20260925/results/r21dev_vgg16_bn_aa_s42/faces_rfwWM64/houses_yin64/results.csv,II
mixed,Mixed faces / AA4,r21dev_vgg16_bn_aa_s42,face_transfer,124,single_uu,RFW WM64,Houses,0.36,,50,within_sampled_range,II,133,75.0,runs/yin_single_noise_20260925/results/r21dev_vgg16_bn_aa_s42/faces_rfwWM64/houses_yin64/results.csv,II
mixed,Mixed faces / AA4,r21dev_vgg16_bn_aa_s42,face_transfer,124,single_uu,RFW WM64,Houses,0.36,,50,within_sampled_range,II,134,79.16666666666666,runs/yin_single_noise_20260925/results/r21dev_vgg16_bn_aa_s42/faces_rfwWM64/houses_yin64/results.csv,II
mixed,Mixed faces / AA4,r21dev_vgg16_bn_aa_s42,face_transfer,124,single_uu,RFW WM64,Houses,0.36,,50,within_sampled_range,II,135,79.16666666666666,runs/yin_single_noise_20260925/results/r21dev_vgg16_bn_aa_s42/faces_rfwWM64/houses_yin64/results.csv,II
mixed,Mixed faces / AA4,r21dev_vgg16_bn_aa_s42,face_transfer,124,single_uu,RFW WM64,Houses,0.36,,50,within_sampled_range,II,136,62.5,runs/yin_single_noise_20260925/results/r21dev_vgg16_bn_aa_s42/faces_rfwWM64/houses_yin64/results.csv,II
mixed,Mixed faces / AA4,r21dev_vgg16_bn_aa_s42,face_transfer,124,single_uu,RFW WM64,Houses,0.36,,50,within_sampled_range,II,137,79.16666666666666,runs/yin_single_noise_20260925/results/r21dev_vgg16_bn_aa_s42/faces_rfwWM64/houses_yin64/results.csv,II
mixed,Mixed faces / AA4,r21dev_vgg16_bn_aa_s42,face_transfer,124,single_uu,RFW WM64,Houses,0.36,,50,within_sampled_range,II,138,58.333333333333336,runs/yin_single_noise_20260925/results/r21dev_vgg16_bn_aa_s42/faces_rfwWM64/houses_yin64/results.csv,II
mixed,Mixed faces / AA4,r21dev_vgg16_bn_aa_s42,face_transfer,124,single_uu,RFW WM64,Houses,0.36,,50,within_sampled_range,II,139,70.83333333333334,runs/yin_single_noise_20260925/results/r21dev_vgg16_bn_aa_s42/faces_rfwWM64/houses_yin64/results.csv,II
mixed,Mixed faces / AA4,r21dev_vgg16_bn_aa_s42,face_transfer,124,single_uu,RFW WM64,Houses,0.36,,50,within_sampled_range,II,140,50.0,runs/yin_single_noise_20260925/results/r21dev_vgg16_bn_aa_s42/faces_rfwWM64/houses_yin64/results.csv,II
mixed,Mixed faces / AA4,r21dev_vgg16_bn_aa_s42,face_transfer,124,single_uu,RFW WM64,Houses,0.36,,50,within_sampled_range,II,141,75.0,runs/yin_single_noise_20260925/results/r21dev_vgg16_bn_aa_s42/faces_rfwWM64/houses_yin64/results.csv,II
mixed,Mixed faces / AA4,r21dev_vgg16_bn_aa_s42,face_transfer,124,single_uu,RFW WM64,Houses,0.36,,50,within_sampled_range,II,142,66.66666666666666,runs/yin_single_noise_20260925/results/r21dev_vgg16_bn_aa_s42/faces_rfwWM64/houses_yin64/results.csv,II
mixed,Mixed faces / AA4,r21dev_vgg16_bn_aa_s42,face_transfer,124,single_uu,RFW WM64,Houses,0.36,,50,within_sampled_range,II,143,58.333333333333336,runs/yin_single_noise_20260925/results/r21dev_vgg16_bn_aa_s42/faces_rfwWM64/houses_yin64/results.csv,II
mixed,Mixed faces / AA4,r21dev_vgg16_bn_aa_s42,face_transfer,124,single_uu,RFW WM64,Houses,0.36,,50,within_sampled_range,II,144,75.0,runs/yin_single_noise_20260925/results/r21dev_vgg16_bn_aa_s42/faces_rfwWM64/houses_yin64/results.csv,II
mixed,Mixed faces / AA4,r21dev_vgg16_bn_aa_s42,face_transfer,124,single_uu,RFW WM64,Houses,0.36,,50,within_sampled_range,II,145,54.166666666666664,runs/yin_single_noise_20260925/results/r21dev_vgg16_bn_aa_s42/faces_rfwWM64/houses_yin64/results.csv,II
mixed,Mixed faces / AA4,r21dev_vgg16_bn_aa_s42,face_transfer,124,single_uu,RFW WM64,Houses,0.36,,50,within_sampled_range,II,146,66.66666666666666,runs/yin_single_noise_20260925/results/r21dev_vgg16_bn_aa_s42/faces_rfwWM64/houses_yin64/results.csv,II
mixed,Mixed faces / AA4,r21dev_vgg16_bn_aa_s42,face_transfer,124,single_uu,RFW WM64,Houses,0.36,,50,within_sampled_range,II,147,66.66666666666666,runs/yin_single_noise_20260925/results/r21dev_vgg16_bn_aa_s42/faces_rfwWM64/houses_yin64/results.csv,II
mixed,Mixed faces / AA4,r21dev_vgg16_bn_aa_s42,face_transfer,124,single_uu,RFW WM64,Houses,0.36,,50,within_sampled_range,II,148,75.0,runs/yin_single_noise_20260925/results/r21dev_vgg16_bn_aa_s42/faces_rfwWM64/houses_yin64/results.csv,II
mixed,Mixed faces / AA4,r21dev_vgg16_bn_aa_s42,face_transfer,124,single_uu,RFW WM64,Houses,0.36,,50,within_sampled_range,II,149,54.166666666666664,runs/yin_single_noise_20260925/results/r21dev_vgg16_bn_aa_s42/faces_rfwWM64/houses_yin64/results.csv,II
mixed,Mixed faces / AA4,r21dev_vgg16_bn_aa_s42,face_transfer,124,single_uu,RFW WM64,Houses,0.36,,50,within_sampled_range,II,150,70.83333333333334,runs/yin_single_noise_20260925/results/r21dev_vgg16_bn_aa_s42/faces_rfwWM64/houses_yin64/results.csv,II
mixed,Mixed faces / AA4,r21dev_vgg16_bn_aa_s42,face_transfer,124,single_uu,RFW WM64,Houses,0.36,,50,within_sampled_range,UI,101,70.83333333333334,runs/yin_single_noise_20260925/results/r21dev_vgg16_bn_aa_s42/faces_rfwWM64/houses_yin64/results.csv,UI
mixed,Mixed faces / AA4,r21dev_vgg16_bn_aa_s42,face_transfer,124,single_uu,RFW WM64,Houses,0.36,,50,within_sampled_range,UI,102,62.5,runs/yin_single_noise_20260925/results/r21dev_vgg16_bn_aa_s42/faces_rfwWM64/houses_yin64/results.csv,UI
mixed,Mixed faces / AA4,r21dev_vgg16_bn_aa_s42,face_transfer,124,single_uu,RFW WM64,Houses,0.36,,50,within_sampled_range,UI,103,70.83333333333334,runs/yin_single_noise_20260925/results/r21dev_vgg16_bn_aa_s42/faces_rfwWM64/houses_yin64/results.csv,UI
mixed,Mixed faces / AA4,r21dev_vgg16_bn_aa_s42,face_transfer,124,single_uu,RFW WM64,Houses,0.36,,50,within_sampled_range,UI,104,62.5,runs/yin_single_noise_20260925/results/r21dev_vgg16_bn_aa_s42/faces_rfwWM64/houses_yin64/results.csv,UI
mixed,Mixed faces / AA4,r21dev_vgg16_bn_aa_s42,face_transfer,124,single_uu,RFW WM64,Houses,0.36,,50,within_sampled_range,UI,105,62.5,runs/yin_single_noise_20260925/results/r21dev_vgg16_bn_aa_s42/faces_rfwWM64/houses_yin64/results.csv,UI
mixed,Mixed faces / AA4,r21dev_vgg16_bn_aa_s42,face_transfer,124,single_uu,RFW WM64,Houses,0.36,,50,within_sampled_range,UI,106,66.66666666666666,runs/yin_single_noise_20260925/results/r21dev_vgg16_bn_aa_s42/faces_rfwWM64/houses_yin64/results.csv,UI
mixed,Mixed faces / AA4,r21dev_vgg16_bn_aa_s42,face_transfer,124,single_uu,RFW WM64,Houses,0.36,,50,within_sampled_range,UI,107,87.5,runs/yin_single_noise_20260925/results/r21dev_vgg16_bn_aa_s42/faces_rfwWM64/houses_yin64/results.csv,UI
mixed,Mixed faces / AA4,r21dev_vgg16_bn_aa_s42,face_transfer,124,single_uu,RFW WM64,Houses,0.36,,50,within_sampled_range,UI,108,70.83333333333334,runs/yin_single_noise_20260925/results/r21dev_vgg16_bn_aa_s42/faces_rfwWM64/houses_yin64/results.csv,UI
mixed,Mixed faces / AA4,r21dev_vgg16_bn_aa_s42,face_transfer,124,single_uu,RFW WM64,Houses,0.36,,50,within_sampled_range,UI,109,66.66666666666666,runs/yin_single_noise_20260925/results/r21dev_vgg16_bn_aa_s42/faces_rfwWM64/houses_yin64/results.csv,UI
mixed,Mixed faces / AA4,r21dev_vgg16_bn_aa_s42,face_transfer,124,single_uu,RFW WM64,Houses,0.36,,50,within_sampled_range,UI,110,70.83333333333334,runs/yin_single_noise_20260925/results/r21dev_vgg16_bn_aa_s42/faces_rfwWM64/houses_yin64/results.csv,UI
mixed,Mixed faces / AA4,r21dev_vgg16_bn_aa_s42,face_transfer,124,single_uu,RFW WM64,Houses,0.36,,50,within_sampled_range,UI,111,54.166666666666664,runs/yin_single_noise_20260925/results/r21dev_vgg16_bn_aa_s42/faces_rfwWM64/houses_yin64/results.csv,UI
mixed,Mixed faces / AA4,r21dev_vgg16_bn_aa_s42,face_transfer,124,single_uu,RFW WM64,Houses,0.36,,50,within_sampled_range,UI,112,66.66666666666666,runs/yin_single_noise_20260925/results/r21dev_vgg16_bn_aa_s42/faces_rfwWM64/houses_yin64/results.csv,UI
mixed,Mixed faces / AA4,r21dev_vgg16_bn_aa_s42,face_transfer,124,single_uu,RFW WM64,Houses,0.36,,50,within_sampled_range,UI,113,62.5,runs/yin_single_noise_20260925/results/r21dev_vgg16_bn_aa_s42/faces_rfwWM64/houses_yin64/results.csv,UI
mixed,Mixed faces / AA4,r21dev_vgg16_bn_aa_s42,face_transfer,124,single_uu,RFW WM64,Houses,0.36,,50,within_sampled_range,UI,114,62.5,runs/yin_single_noise_20260925/results/r21dev_vgg16_bn_aa_s42/faces_rfwWM64/houses_yin64/results.csv,UI
mixed,Mixed faces / AA4,r21dev_vgg16_bn_aa_s42,face_transfer,124,single_uu,RFW WM64,Houses,0.36,,50,within_sampled_range,UI,115,41.66666666666667,runs/yin_single_noise_20260925/results/r21dev_vgg16_bn_aa_s42/faces_rfwWM64/houses_yin64/results.csv,UI
mixed,Mixed faces / AA4,r21dev_vgg16_bn_aa_s42,face_transfer,124,single_uu,RFW WM64,Houses,0.36,,50,within_sampled_range,UI,116,54.166666666666664,runs/yin_single_noise_20260925/results/r21dev_vgg16_bn_aa_s42/faces_rfwWM64/houses_yin64/results.csv,UI
mixed,Mixed faces / AA4,r21dev_vgg16_bn_aa_s42,face_transfer,124,single_uu,RFW WM64,Houses,0.36,,50,within_sampled_range,UI,117,62.5,runs/yin_single_noise_20260925/results/r21dev_vgg16_bn_aa_s42/faces_rfwWM64/houses_yin64/results.csv,UI
mixed,Mixed faces / AA4,r21dev_vgg16_bn_aa_s42,face_transfer,124,single_uu,RFW WM64,Houses,0.36,,50,within_sampled_range,UI,118,50.0,runs/yin_single_noise_20260925/results/r21dev_vgg16_bn_aa_s42/faces_rfwWM64/houses_yin64/results.csv,UI
mixed,Mixed faces / AA4,r21dev_vgg16_bn_aa_s42,face_transfer,124,single_uu,RFW WM64,Houses,0.36,,50,within_sampled_range,UI,119,62.5,runs/yin_single_noise_20260925/results/r21dev_vgg16_bn_aa_s42/faces_rfwWM64/houses_yin64/results.csv,UI
mixed,Mixed faces / AA4,r21dev_vgg16_bn_aa_s42,face_transfer,124,single_uu,RFW WM64,Houses,0.36,,50,within_sampled_range,UI,120,62.5,runs/yin_single_noise_20260925/results/r21dev_vgg16_bn_aa_s42/faces_rfwWM64/houses_yin64/results.csv,UI
mixed,Mixed faces / AA4,r21dev_vgg16_bn_aa_s42,face_transfer,124,single_uu,RFW WM64,Houses,0.36,,50,within_sampled_range,UI,121,66.66666666666666,runs/yin_single_noise_20260925/results/r21dev_vgg16_bn_aa_s42/faces_rfwWM64/houses_yin64/results.csv,UI
mixed,Mixed faces / AA4,r21dev_vgg16_bn_aa_s42,face_transfer,124,single_uu,RFW WM64,Houses,0.36,,50,within_sampled_range,UI,122,62.5,runs/yin_single_noise_20260925/results/r21dev_vgg16_bn_aa_s42/faces_rfwWM64/houses_yin64/results.csv,UI
mixed,Mixed faces / AA4,r21dev_vgg16_bn_aa_s42,face_transfer,124,single_uu,RFW WM64,Houses,0.36,,50,within_sampled_range,UI,123,75.0,runs/yin_single_noise_20260925/results/r21dev_vgg16_bn_aa_s42/faces_rfwWM64/houses_yin64/results.csv,UI
mixed,Mixed faces / AA4,r21dev_vgg16_bn_aa_s42,face_transfer,124,single_uu,RFW WM64,Houses,0.36,,50,within_sampled_range,UI,124,62.5,runs/yin_single_noise_20260925/results/r21dev_vgg16_bn_aa_s42/faces_rfwWM64/houses_yin64/results.csv,UI
mixed,Mixed faces / AA4,r21dev_vgg16_bn_aa_s42,face_transfer,124,single_uu,RFW WM64,Houses,0.36,,50,within_sampled_range,UI,125,62.5,runs/yin_single_noise_20260925/results/r21dev_vgg16_bn_aa_s42/faces_rfwWM64/houses_yin64/results.csv,UI
mixed,Mixed faces / AA4,r21dev_vgg16_bn_aa_s42,face_transfer,124,single_uu,RFW WM64,Houses,0.36,,50,within_sampled_range,UI,126,66.66666666666666,runs/yin_single_noise_20260925/results/r21dev_vgg16_bn_aa_s42/faces_rfwWM64/houses_yin64/results.csv,UI
mixed,Mixed faces / AA4,r21dev_vgg16_bn_aa_s42,face_transfer,124,single_uu,RFW WM64,Houses,0.36,,50,within_sampled_range,UI,127,62.5,runs/yin_single_noise_20260925/results/r21dev_vgg16_bn_aa_s42/faces_rfwWM64/houses_yin64/results.csv,UI
mixed,Mixed faces / AA4,r21dev_vgg16_bn_aa_s42,face_transfer,124,single_uu,RFW WM64,Houses,0.36,,50,within_sampled_range,UI,128,54.166666666666664,runs/yin_single_noise_20260925/results/r21dev_vgg16_bn_aa_s42/faces_rfwWM64/houses_yin64/results.csv,UI
mixed,Mixed faces / AA4,r21dev_vgg16_bn_aa_s42,face_transfer,124,single_uu,RFW WM64,Houses,0.36,,50,within_sampled_range,UI,129,75.0,runs/yin_single_noise_20260925/results/r21dev_vgg16_bn_aa_s42/faces_rfwWM64/houses_yin64/results.csv,UI
mixed,Mixed faces / AA4,r21dev_vgg16_bn_aa_s42,face_transfer,124,single_uu,RFW WM64,Houses,0.36,,50,within_sampled_range,UI,130,79.16666666666666,runs/yin_single_noise_20260925/results/r21dev_vgg16_bn_aa_s42/faces_rfwWM64/houses_yin64/results.csv,UI
mixed,Mixed faces / AA4,r21dev_vgg16_bn_aa_s42,face_transfer,124,single_uu,RFW WM64,Houses,0.36,,50,within_sampled_range,UI,131,66.66666666666666,runs/yin_single_noise_20260925/results/r21dev_vgg16_bn_aa_s42/faces_rfwWM64/houses_yin64/results.csv,UI
mixed,Mixed faces / AA4,r21dev_vgg16_bn_aa_s42,face_transfer,124,single_uu,RFW WM64,Houses,0.36,,50,within_sampled_range,UI,132,58.333333333333336,runs/yin_single_noise_20260925/results/r21dev_vgg16_bn_aa_s42/faces_rfwWM64/houses_yin64/results.csv,UI
mixed,Mixed faces / AA4,r21dev_vgg16_bn_aa_s42,face_transfer,124,single_uu,RFW WM64,Houses,0.36,,50,within_sampled_range,UI,133,58.333333333333336,runs/yin_single_noise_20260925/results/r21dev_vgg16_bn_aa_s42/faces_rfwWM64/houses_yin64/results.csv,UI
mixed,Mixed faces / AA4,r21dev_vgg16_bn_aa_s42,face_transfer,124,single_uu,RFW WM64,Houses,0.36,,50,within_sampled_range,UI,134,70.83333333333334,runs/yin_single_noise_20260925/results/r21dev_vgg16_bn_aa_s42/faces_rfwWM64/houses_yin64/results.csv,UI
mixed,Mixed faces / AA4,r21dev_vgg16_bn_aa_s42,face_transfer,124,single_uu,RFW WM64,Houses,0.36,,50,within_sampled_range,UI,135,45.83333333333333,runs/yin_single_noise_20260925/results/r21dev_vgg16_bn_aa_s42/faces_rfwWM64/houses_yin64/results.csv,UI
mixed,Mixed faces / AA4,r21dev_vgg16_bn_aa_s42,face_transfer,124,single_uu,RFW WM64,Houses,0.36,,50,within_sampled_range,UI,136,62.5,runs/yin_single_noise_20260925/results/r21dev_vgg16_bn_aa_s42/faces_rfwWM64/houses_yin64/results.csv,UI
mixed,Mixed faces / AA4,r21dev_vgg16_bn_aa_s42,face_transfer,124,single_uu,RFW WM64,Houses,0.36,,50,within_sampled_range,UI,137,54.166666666666664,runs/yin_single_noise_20260925/results/r21dev_vgg16_bn_aa_s42/faces_rfwWM64/houses_yin64/results.csv,UI
mixed,Mixed faces / AA4,r21dev_vgg16_bn_aa_s42,face_transfer,124,single_uu,RFW WM64,Houses,0.36,,50,within_sampled_range,UI,138,58.333333333333336,runs/yin_single_noise_20260925/results/r21dev_vgg16_bn_aa_s42/faces_rfwWM64/houses_yin64/results.csv,UI
mixed,Mixed faces / AA4,r21dev_vgg16_bn_aa_s42,face_transfer,124,single_uu,RFW WM64,Houses,0.36,,50,within_sampled_range,UI,139,70.83333333333334,runs/yin_single_noise_20260925/results/r21dev_vgg16_bn_aa_s42/faces_rfwWM64/houses_yin64/results.csv,UI
mixed,Mixed faces / AA4,r21dev_vgg16_bn_aa_s42,face_transfer,124,single_uu,RFW WM64,Houses,0.36,,50,within_sampled_range,UI,140,62.5,runs/yin_single_noise_20260925/results/r21dev_vgg16_bn_aa_s42/faces_rfwWM64/houses_yin64/results.csv,UI
mixed,Mixed faces / AA4,r21dev_vgg16_bn_aa_s42,face_transfer,124,single_uu,RFW WM64,Houses,0.36,,50,within_sampled_range,UI,141,70.83333333333334,runs/yin_single_noise_20260925/results/r21dev_vgg16_bn_aa_s42/faces_rfwWM64/houses_yin64/results.csv,UI
mixed,Mixed faces / AA4,r21dev_vgg16_bn_aa_s42,face_transfer,124,single_uu,RFW WM64,Houses,0.36,,50,within_sampled_range,UI,142,70.83333333333334,runs/yin_single_noise_20260925/results/r21dev_vgg16_bn_aa_s42/faces_rfwWM64/houses_yin64/results.csv,UI
mixed,Mixed faces / AA4,r21dev_vgg16_bn_aa_s42,face_transfer,124,single_uu,RFW WM64,Houses,0.36,,50,within_sampled_range,UI,143,54.166666666666664,runs/yin_single_noise_20260925/results/r21dev_vgg16_bn_aa_s42/faces_rfwWM64/houses_yin64/results.csv,UI
mixed,Mixed faces / AA4,r21dev_vgg16_bn_aa_s42,face_transfer,124,single_uu,RFW WM64,Houses,0.36,,50,within_sampled_range,UI,144,58.333333333333336,runs/yin_single_noise_20260925/results/r21dev_vgg16_bn_aa_s42/faces_rfwWM64/houses_yin64/results.csv,UI
mixed,Mixed faces / AA4,r21dev_vgg16_bn_aa_s42,face_transfer,124,single_uu,RFW WM64,Houses,0.36,,50,within_sampled_range,UI,145,62.5,runs/yin_single_noise_20260925/results/r21dev_vgg16_bn_aa_s42/faces_rfwWM64/houses_yin64/results.csv,UI
mixed,Mixed faces / AA4,r21dev_vgg16_bn_aa_s42,face_transfer,124,single_uu,RFW WM64,Houses,0.36,,50,within_sampled_range,UI,146,62.5,runs/yin_single_noise_20260925/results/r21dev_vgg16_bn_aa_s42/faces_rfwWM64/houses_yin64/results.csv,UI
mixed,Mixed faces / AA4,r21dev_vgg16_bn_aa_s42,face_transfer,124,single_uu,RFW WM64,Houses,0.36,,50,within_sampled_range,UI,147,75.0,runs/yin_single_noise_20260925/results/r21dev_vgg16_bn_aa_s42/faces_rfwWM64/houses_yin64/results.csv,UI
mixed,Mixed faces / AA4,r21dev_vgg16_bn_aa_s42,face_transfer,124,single_uu,RFW WM64,Houses,0.36,,50,within_sampled_range,UI,148,70.83333333333334,runs/yin_single_noise_20260925/results/r21dev_vgg16_bn_aa_s42/faces_rfwWM64/houses_yin64/results.csv,UI
mixed,Mixed faces / AA4,r21dev_vgg16_bn_aa_s42,face_transfer,124,single_uu,RFW WM64,Houses,0.36,,50,within_sampled_range,UI,149,41.66666666666667,runs/yin_single_noise_20260925/results/r21dev_vgg16_bn_aa_s42/faces_rfwWM64/houses_yin64/results.csv,UI
mixed,Mixed faces / AA4,r21dev_vgg16_bn_aa_s42,face_transfer,124,single_uu,RFW WM64,Houses,0.36,,50,within_sampled_range,UI,150,58.333333333333336,runs/yin_single_noise_20260925/results/r21dev_vgg16_bn_aa_s42/faces_rfwWM64/houses_yin64/results.csv,UI
mixed,Mixed faces / AA4,r21dev_vgg16_bn_aa_s42,face_transfer,124,single_uu,RFW WM64,Houses,0.36,,50,within_sampled_range,IU,101,58.333333333333336,runs/yin_single_noise_20260925/results/r21dev_vgg16_bn_aa_s42/faces_rfwWM64/houses_yin64/results.csv,IU
mixed,Mixed faces / AA4,r21dev_vgg16_bn_aa_s42,face_transfer,124,single_uu,RFW WM64,Houses,0.36,,50,within_sampled_range,IU,102,66.66666666666666,runs/yin_single_noise_20260925/results/r21dev_vgg16_bn_aa_s42/faces_rfwWM64/houses_yin64/results.csv,IU
mixed,Mixed faces / AA4,r21dev_vgg16_bn_aa_s42,face_transfer,124,single_uu,RFW WM64,Houses,0.36,,50,within_sampled_range,IU,103,70.83333333333334,runs/yin_single_noise_20260925/results/r21dev_vgg16_bn_aa_s42/faces_rfwWM64/houses_yin64/results.csv,IU
mixed,Mixed faces / AA4,r21dev_vgg16_bn_aa_s42,face_transfer,124,single_uu,RFW WM64,Houses,0.36,,50,within_sampled_range,IU,104,70.83333333333334,runs/yin_single_noise_20260925/results/r21dev_vgg16_bn_aa_s42/faces_rfwWM64/houses_yin64/results.csv,IU
mixed,Mixed faces / AA4,r21dev_vgg16_bn_aa_s42,face_transfer,124,single_uu,RFW WM64,Houses,0.36,,50,within_sampled_range,IU,105,62.5,runs/yin_single_noise_20260925/results/r21dev_vgg16_bn_aa_s42/faces_rfwWM64/houses_yin64/results.csv,IU
mixed,Mixed faces / AA4,r21dev_vgg16_bn_aa_s42,face_transfer,124,single_uu,RFW WM64,Houses,0.36,,50,within_sampled_range,IU,106,54.166666666666664,runs/yin_single_noise_20260925/results/r21dev_vgg16_bn_aa_s42/faces_rfwWM64/houses_yin64/results.csv,IU
mixed,Mixed faces / AA4,r21dev_vgg16_bn_aa_s42,face_transfer,124,single_uu,RFW WM64,Houses,0.36,,50,within_sampled_range,IU,107,70.83333333333334,runs/yin_single_noise_20260925/results/r21dev_vgg16_bn_aa_s42/faces_rfwWM64/houses_yin64/results.csv,IU
mixed,Mixed faces / AA4,r21dev_vgg16_bn_aa_s42,face_transfer,124,single_uu,RFW WM64,Houses,0.36,,50,within_sampled_range,IU,108,66.66666666666666,runs/yin_single_noise_20260925/results/r21dev_vgg16_bn_aa_s42/faces_rfwWM64/houses_yin64/results.csv,IU
mixed,Mixed faces / AA4,r21dev_vgg16_bn_aa_s42,face_transfer,124,single_uu,RFW WM64,Houses,0.36,,50,within_sampled_range,IU,109,58.333333333333336,runs/yin_single_noise_20260925/results/r21dev_vgg16_bn_aa_s42/faces_rfwWM64/houses_yin64/results.csv,IU
mixed,Mixed faces / AA4,r21dev_vgg16_bn_aa_s42,face_transfer,124,single_uu,RFW WM64,Houses,0.36,,50,within_sampled_range,IU,110,70.83333333333334,runs/yin_single_noise_20260925/results/r21dev_vgg16_bn_aa_s42/faces_rfwWM64/houses_yin64/results.csv,IU
mixed,Mixed faces / AA4,r21dev_vgg16_bn_aa_s42,face_transfer,124,single_uu,RFW WM64,Houses,0.36,,50,within_sampled_range,IU,111,62.5,runs/yin_single_noise_20260925/results/r21dev_vgg16_bn_aa_s42/faces_rfwWM64/houses_yin64/results.csv,IU
mixed,Mixed faces / AA4,r21dev_vgg16_bn_aa_s42,face_transfer,124,single_uu,RFW WM64,Houses,0.36,,50,within_sampled_range,IU,112,66.66666666666666,runs/yin_single_noise_20260925/results/r21dev_vgg16_bn_aa_s42/faces_rfwWM64/houses_yin64/results.csv,IU
mixed,Mixed faces / AA4,r21dev_vgg16_bn_aa_s42,face_transfer,124,single_uu,RFW WM64,Houses,0.36,,50,within_sampled_range,IU,113,50.0,runs/yin_single_noise_20260925/results/r21dev_vgg16_bn_aa_s42/faces_rfwWM64/houses_yin64/results.csv,IU
mixed,Mixed faces / AA4,r21dev_vgg16_bn_aa_s42,face_transfer,124,single_uu,RFW WM64,Houses,0.36,,50,within_sampled_range,IU,114,54.166666666666664,runs/yin_single_noise_20260925/results/r21dev_vgg16_bn_aa_s42/faces_rfwWM64/houses_yin64/results.csv,IU
mixed,Mixed faces / AA4,r21dev_vgg16_bn_aa_s42,face_transfer,124,single_uu,RFW WM64,Houses,0.36,,50,within_sampled_range,IU,115,62.5,runs/yin_single_noise_20260925/results/r21dev_vgg16_bn_aa_s42/faces_rfwWM64/houses_yin64/results.csv,IU
mixed,Mixed faces / AA4,r21dev_vgg16_bn_aa_s42,face_transfer,124,single_uu,RFW WM64,Houses,0.36,,50,within_sampled_range,IU,116,66.66666666666666,runs/yin_single_noise_20260925/results/r21dev_vgg16_bn_aa_s42/faces_rfwWM64/houses_yin64/results.csv,IU
mixed,Mixed faces / AA4,r21dev_vgg16_bn_aa_s42,face_transfer,124,single_uu,RFW WM64,Houses,0.36,,50,within_sampled_range,IU,117,75.0,runs/yin_single_noise_20260925/results/r21dev_vgg16_bn_aa_s42/faces_rfwWM64/houses_yin64/results.csv,IU
mixed,Mixed faces / AA4,r21dev_vgg16_bn_aa_s42,face_transfer,124,single_uu,RFW WM64,Houses,0.36,,50,within_sampled_range,IU,118,62.5,runs/yin_single_noise_20260925/results/r21dev_vgg16_bn_aa_s42/faces_rfwWM64/houses_yin64/results.csv,IU
mixed,Mixed faces / AA4,r21dev_vgg16_bn_aa_s42,face_transfer,124,single_uu,RFW WM64,Houses,0.36,,50,within_sampled_range,IU,119,79.16666666666666,runs/yin_single_noise_20260925/results/r21dev_vgg16_bn_aa_s42/faces_rfwWM64/houses_yin64/results.csv,IU
mixed,Mixed faces / AA4,r21dev_vgg16_bn_aa_s42,face_transfer,124,single_uu,RFW WM64,Houses,0.36,,50,within_sampled_range,IU,120,62.5,runs/yin_single_noise_20260925/results/r21dev_vgg16_bn_aa_s42/faces_rfwWM64/houses_yin64/results.csv,IU
mixed,Mixed faces / AA4,r21dev_vgg16_bn_aa_s42,face_transfer,124,single_uu,RFW WM64,Houses,0.36,,50,within_sampled_range,IU,121,62.5,runs/yin_single_noise_20260925/results/r21dev_vgg16_bn_aa_s42/faces_rfwWM64/houses_yin64/results.csv,IU
mixed,Mixed faces / AA4,r21dev_vgg16_bn_aa_s42,face_transfer,124,single_uu,RFW WM64,Houses,0.36,,50,within_sampled_range,IU,122,62.5,runs/yin_single_noise_20260925/results/r21dev_vgg16_bn_aa_s42/faces_rfwWM64/houses_yin64/results.csv,IU
mixed,Mixed faces / AA4,r21dev_vgg16_bn_aa_s42,face_transfer,124,single_uu,RFW WM64,Houses,0.36,,50,within_sampled_range,IU,123,58.333333333333336,runs/yin_single_noise_20260925/results/r21dev_vgg16_bn_aa_s42/faces_rfwWM64/houses_yin64/results.csv,IU
mixed,Mixed faces / AA4,r21dev_vgg16_bn_aa_s42,face_transfer,124,single_uu,RFW WM64,Houses,0.36,,50,within_sampled_range,IU,124,79.16666666666666,runs/yin_single_noise_20260925/results/r21dev_vgg16_bn_aa_s42/faces_rfwWM64/houses_yin64/results.csv,IU
mixed,Mixed faces / AA4,r21dev_vgg16_bn_aa_s42,face_transfer,124,single_uu,RFW WM64,Houses,0.36,,50,within_sampled_range,IU,125,45.83333333333333,runs/yin_single_noise_20260925/results/r21dev_vgg16_bn_aa_s42/faces_rfwWM64/houses_yin64/results.csv,IU
mixed,Mixed faces / AA4,r21dev_vgg16_bn_aa_s42,face_transfer,124,single_uu,RFW WM64,Houses,0.36,,50,within_sampled_range,IU,126,75.0,runs/yin_single_noise_20260925/results/r21dev_vgg16_bn_aa_s42/faces_rfwWM64/houses_yin64/results.csv,IU
mixed,Mixed faces / AA4,r21dev_vgg16_bn_aa_s42,face_transfer,124,single_uu,RFW WM64,Houses,0.36,,50,within_sampled_range,IU,127,79.16666666666666,runs/yin_single_noise_20260925/results/r21dev_vgg16_bn_aa_s42/faces_rfwWM64/houses_yin64/results.csv,IU
mixed,Mixed faces / AA4,r21dev_vgg16_bn_aa_s42,face_transfer,124,single_uu,RFW WM64,Houses,0.36,,50,within_sampled_range,IU,128,79.16666666666666,runs/yin_single_noise_20260925/results/r21dev_vgg16_bn_aa_s42/faces_rfwWM64/houses_yin64/results.csv,IU
mixed,Mixed faces / AA4,r21dev_vgg16_bn_aa_s42,face_transfer,124,single_uu,RFW WM64,Houses,0.36,,50,within_sampled_range,IU,129,62.5,runs/yin_single_noise_20260925/results/r21dev_vgg16_bn_aa_s42/faces_rfwWM64/houses_yin64/results.csv,IU
mixed,Mixed faces / AA4,r21dev_vgg16_bn_aa_s42,face_transfer,124,single_uu,RFW WM64,Houses,0.36,,50,within_sampled_range,IU,130,70.83333333333334,runs/yin_single_noise_20260925/results/r21dev_vgg16_bn_aa_s42/faces_rfwWM64/houses_yin64/results.csv,IU
mixed,Mixed faces / AA4,r21dev_vgg16_bn_aa_s42,face_transfer,124,single_uu,RFW WM64,Houses,0.36,,50,within_sampled_range,IU,131,66.66666666666666,runs/yin_single_noise_20260925/results/r21dev_vgg16_bn_aa_s42/faces_rfwWM64/houses_yin64/results.csv,IU
mixed,Mixed faces / AA4,r21dev_vgg16_bn_aa_s42,face_transfer,124,single_uu,RFW WM64,Houses,0.36,,50,within_sampled_range,IU,132,75.0,runs/yin_single_noise_20260925/results/r21dev_vgg16_bn_aa_s42/faces_rfwWM64/houses_yin64/results.csv,IU
mixed,Mixed faces / AA4,r21dev_vgg16_bn_aa_s42,face_transfer,124,single_uu,RFW WM64,Houses,0.36,,50,within_sampled_range,IU,133,62.5,runs/yin_single_noise_20260925/results/r21dev_vgg16_bn_aa_s42/faces_rfwWM64/houses_yin64/results.csv,IU
mixed,Mixed faces / AA4,r21dev_vgg16_bn_aa_s42,face_transfer,124,single_uu,RFW WM64,Houses,0.36,,50,within_sampled_range,IU,134,75.0,runs/yin_single_noise_20260925/results/r21dev_vgg16_bn_aa_s42/faces_rfwWM64/houses_yin64/results.csv,IU
mixed,Mixed faces / AA4,r21dev_vgg16_bn_aa_s42,face_transfer,124,single_uu,RFW WM64,Houses,0.36,,50,within_sampled_range,IU,135,66.66666666666666,runs/yin_single_noise_20260925/results/r21dev_vgg16_bn_aa_s42/faces_rfwWM64/houses_yin64/results.csv,IU
mixed,Mixed faces / AA4,r21dev_vgg16_bn_aa_s42,face_transfer,124,single_uu,RFW WM64,Houses,0.36,,50,within_sampled_range,IU,136,62.5,runs/yin_single_noise_20260925/results/r21dev_vgg16_bn_aa_s42/faces_rfwWM64/houses_yin64/results.csv,IU
mixed,Mixed faces / AA4,r21dev_vgg16_bn_aa_s42,face_transfer,124,single_uu,RFW WM64,Houses,0.36,,50,within_sampled_range,IU,137,75.0,runs/yin_single_noise_20260925/results/r21dev_vgg16_bn_aa_s42/faces_rfwWM64/houses_yin64/results.csv,IU
mixed,Mixed faces / AA4,r21dev_vgg16_bn_aa_s42,face_transfer,124,single_uu,RFW WM64,Houses,0.36,,50,within_sampled_range,IU,138,41.66666666666667,runs/yin_single_noise_20260925/results/r21dev_vgg16_bn_aa_s42/faces_rfwWM64/houses_yin64/results.csv,IU
mixed,Mixed faces / AA4,r21dev_vgg16_bn_aa_s42,face_transfer,124,single_uu,RFW WM64,Houses,0.36,,50,within_sampled_range,IU,139,58.333333333333336,runs/yin_single_noise_20260925/results/r21dev_vgg16_bn_aa_s42/faces_rfwWM64/houses_yin64/results.csv,IU
mixed,Mixed faces / AA4,r21dev_vgg16_bn_aa_s42,face_transfer,124,single_uu,RFW WM64,Houses,0.36,,50,within_sampled_range,IU,140,45.83333333333333,runs/yin_single_noise_20260925/results/r21dev_vgg16_bn_aa_s42/faces_rfwWM64/houses_yin64/results.csv,IU
mixed,Mixed faces / AA4,r21dev_vgg16_bn_aa_s42,face_transfer,124,single_uu,RFW WM64,Houses,0.36,,50,within_sampled_range,IU,141,58.333333333333336,runs/yin_single_noise_20260925/results/r21dev_vgg16_bn_aa_s42/faces_rfwWM64/houses_yin64/results.csv,IU
mixed,Mixed faces / AA4,r21dev_vgg16_bn_aa_s42,face_transfer,124,single_uu,RFW WM64,Houses,0.36,,50,within_sampled_range,IU,142,75.0,runs/yin_single_noise_20260925/results/r21dev_vgg16_bn_aa_s42/faces_rfwWM64/houses_yin64/results.csv,IU
mixed,Mixed faces / AA4,r21dev_vgg16_bn_aa_s42,face_transfer,124,single_uu,RFW WM64,Houses,0.36,,50,within_sampled_range,IU,143,54.166666666666664,runs/yin_single_noise_20260925/results/r21dev_vgg16_bn_aa_s42/faces_rfwWM64/houses_yin64/results.csv,IU
mixed,Mixed faces / AA4,r21dev_vgg16_bn_aa_s42,face_transfer,124,single_uu,RFW WM64,Houses,0.36,,50,within_sampled_range,IU,144,62.5,runs/yin_single_noise_20260925/results/r21dev_vgg16_bn_aa_s42/faces_rfwWM64/houses_yin64/results.csv,IU
mixed,Mixed faces / AA4,r21dev_vgg16_bn_aa_s42,face_transfer,124,single_uu,RFW WM64,Houses,0.36,,50,within_sampled_range,IU,145,70.83333333333334,runs/yin_single_noise_20260925/results/r21dev_vgg16_bn_aa_s42/faces_rfwWM64/houses_yin64/results.csv,IU
mixed,Mixed faces / AA4,r21dev_vgg16_bn_aa_s42,face_transfer,124,single_uu,RFW WM64,Houses,0.36,,50,within_sampled_range,IU,146,62.5,runs/yin_single_noise_20260925/results/r21dev_vgg16_bn_aa_s42/faces_rfwWM64/houses_yin64/results.csv,IU
mixed,Mixed faces / AA4,r21dev_vgg16_bn_aa_s42,face_transfer,124,single_uu,RFW WM64,Houses,0.36,,50,within_sampled_range,IU,147,70.83333333333334,runs/yin_single_noise_20260925/results/r21dev_vgg16_bn_aa_s42/faces_rfwWM64/houses_yin64/results.csv,IU
mixed,Mixed faces / AA4,r21dev_vgg16_bn_aa_s42,face_transfer,124,single_uu,RFW WM64,Houses,0.36,,50,within_sampled_range,IU,148,75.0,runs/yin_single_noise_20260925/results/r21dev_vgg16_bn_aa_s42/faces_rfwWM64/houses_yin64/results.csv,IU
mixed,Mixed faces / AA4,r21dev_vgg16_bn_aa_s42,face_transfer,124,single_uu,RFW WM64,Houses,0.36,,50,within_sampled_range,IU,149,58.333333333333336,runs/yin_single_noise_20260925/results/r21dev_vgg16_bn_aa_s42/faces_rfwWM64/houses_yin64/results.csv,IU
mixed,Mixed faces / AA4,r21dev_vgg16_bn_aa_s42,face_transfer,124,single_uu,RFW WM64,Houses,0.36,,50,within_sampled_range,IU,150,66.66666666666666,runs/yin_single_noise_20260925/results/r21dev_vgg16_bn_aa_s42/faces_rfwWM64/houses_yin64/results.csv,IU
mixed,Mixed faces / AA4,r21dev_vgg16_bn_aa_s42,face_transfer,124,two_cross,RFW WM64,Houses,0.36,0.38,50,within_sampled_range,UU,101,70.83333333333334,runs/yin_noise_matrix_20260926/results/r21dev_vgg16_bn_aa_s42/faces_rfwWM64/houses_yin64/results.csv,UU
mixed,Mixed faces / AA4,r21dev_vgg16_bn_aa_s42,face_transfer,124,two_cross,RFW WM64,Houses,0.36,0.38,50,within_sampled_range,UU,102,70.83333333333334,runs/yin_noise_matrix_20260926/results/r21dev_vgg16_bn_aa_s42/faces_rfwWM64/houses_yin64/results.csv,UU
mixed,Mixed faces / AA4,r21dev_vgg16_bn_aa_s42,face_transfer,124,two_cross,RFW WM64,Houses,0.36,0.38,50,within_sampled_range,UU,103,66.66666666666666,runs/yin_noise_matrix_20260926/results/r21dev_vgg16_bn_aa_s42/faces_rfwWM64/houses_yin64/results.csv,UU
mixed,Mixed faces / AA4,r21dev_vgg16_bn_aa_s42,face_transfer,124,two_cross,RFW WM64,Houses,0.36,0.38,50,within_sampled_range,UU,104,79.16666666666666,runs/yin_noise_matrix_20260926/results/r21dev_vgg16_bn_aa_s42/faces_rfwWM64/houses_yin64/results.csv,UU
mixed,Mixed faces / AA4,r21dev_vgg16_bn_aa_s42,face_transfer,124,two_cross,RFW WM64,Houses,0.36,0.38,50,within_sampled_range,UU,105,54.166666666666664,runs/yin_noise_matrix_20260926/results/r21dev_vgg16_bn_aa_s42/faces_rfwWM64/houses_yin64/results.csv,UU
mixed,Mixed faces / AA4,r21dev_vgg16_bn_aa_s42,face_transfer,124,two_cross,RFW WM64,Houses,0.36,0.38,50,within_sampled_range,UU,106,50.0,runs/yin_noise_matrix_20260926/results/r21dev_vgg16_bn_aa_s42/faces_rfwWM64/houses_yin64/results.csv,UU
mixed,Mixed faces / AA4,r21dev_vgg16_bn_aa_s42,face_transfer,124,two_cross,RFW WM64,Houses,0.36,0.38,50,within_sampled_range,UU,107,70.83333333333334,runs/yin_noise_matrix_20260926/results/r21dev_vgg16_bn_aa_s42/faces_rfwWM64/houses_yin64/results.csv,UU
mixed,Mixed faces / AA4,r21dev_vgg16_bn_aa_s42,face_transfer,124,two_cross,RFW WM64,Houses,0.36,0.38,50,within_sampled_range,UU,108,83.33333333333334,runs/yin_noise_matrix_20260926/results/r21dev_vgg16_bn_aa_s42/faces_rfwWM64/houses_yin64/results.csv,UU
mixed,Mixed faces / AA4,r21dev_vgg16_bn_aa_s42,face_transfer,124,two_cross,RFW WM64,Houses,0.36,0.38,50,within_sampled_range,UU,109,62.5,runs/yin_noise_matrix_20260926/results/r21dev_vgg16_bn_aa_s42/faces_rfwWM64/houses_yin64/results.csv,UU
mixed,Mixed faces / AA4,r21dev_vgg16_bn_aa_s42,face_transfer,124,two_cross,RFW WM64,Houses,0.36,0.38,50,within_sampled_range,UU,110,66.66666666666666,runs/yin_noise_matrix_20260926/results/r21dev_vgg16_bn_aa_s42/faces_rfwWM64/houses_yin64/results.csv,UU
mixed,Mixed faces / AA4,r21dev_vgg16_bn_aa_s42,face_transfer,124,two_cross,RFW WM64,Houses,0.36,0.38,50,within_sampled_range,UU,111,70.83333333333334,runs/yin_noise_matrix_20260926/results/r21dev_vgg16_bn_aa_s42/faces_rfwWM64/houses_yin64/results.csv,UU
mixed,Mixed faces / AA4,r21dev_vgg16_bn_aa_s42,face_transfer,124,two_cross,RFW WM64,Houses,0.36,0.38,50,within_sampled_range,UU,112,70.83333333333334,runs/yin_noise_matrix_20260926/results/r21dev_vgg16_bn_aa_s42/faces_rfwWM64/houses_yin64/results.csv,UU
mixed,Mixed faces / AA4,r21dev_vgg16_bn_aa_s42,face_transfer,124,two_cross,RFW WM64,Houses,0.36,0.38,50,within_sampled_range,UU,113,83.33333333333334,runs/yin_noise_matrix_20260926/results/r21dev_vgg16_bn_aa_s42/faces_rfwWM64/houses_yin64/results.csv,UU
mixed,Mixed faces / AA4,r21dev_vgg16_bn_aa_s42,face_transfer,124,two_cross,RFW WM64,Houses,0.36,0.38,50,within_sampled_range,UU,114,83.33333333333334,runs/yin_noise_matrix_20260926/results/r21dev_vgg16_bn_aa_s42/faces_rfwWM64/houses_yin64/results.csv,UU
mixed,Mixed faces / AA4,r21dev_vgg16_bn_aa_s42,face_transfer,124,two_cross,RFW WM64,Houses,0.36,0.38,50,within_sampled_range,UU,115,66.66666666666666,runs/yin_noise_matrix_20260926/results/r21dev_vgg16_bn_aa_s42/faces_rfwWM64/houses_yin64/results.csv,UU
mixed,Mixed faces / AA4,r21dev_vgg16_bn_aa_s42,face_transfer,124,two_cross,RFW WM64,Houses,0.36,0.38,50,within_sampled_range,UU,116,83.33333333333334,runs/yin_noise_matrix_20260926/results/r21dev_vgg16_bn_aa_s42/faces_rfwWM64/houses_yin64/results.csv,UU
mixed,Mixed faces / AA4,r21dev_vgg16_bn_aa_s42,face_transfer,124,two_cross,RFW WM64,Houses,0.36,0.38,50,within_sampled_range,UU,117,70.83333333333334,runs/yin_noise_matrix_20260926/results/r21dev_vgg16_bn_aa_s42/faces_rfwWM64/houses_yin64/results.csv,UU
mixed,Mixed faces / AA4,r21dev_vgg16_bn_aa_s42,face_transfer,124,two_cross,RFW WM64,Houses,0.36,0.38,50,within_sampled_range,UU,118,91.66666666666666,runs/yin_noise_matrix_20260926/results/r21dev_vgg16_bn_aa_s42/faces_rfwWM64/houses_yin64/results.csv,UU
mixed,Mixed faces / AA4,r21dev_vgg16_bn_aa_s42,face_transfer,124,two_cross,RFW WM64,Houses,0.36,0.38,50,within_sampled_range,UU,119,70.83333333333334,runs/yin_noise_matrix_20260926/results/r21dev_vgg16_bn_aa_s42/faces_rfwWM64/houses_yin64/results.csv,UU
mixed,Mixed faces / AA4,r21dev_vgg16_bn_aa_s42,face_transfer,124,two_cross,RFW WM64,Houses,0.36,0.38,50,within_sampled_range,UU,120,75.0,runs/yin_noise_matrix_20260926/results/r21dev_vgg16_bn_aa_s42/faces_rfwWM64/houses_yin64/results.csv,UU
mixed,Mixed faces / AA4,r21dev_vgg16_bn_aa_s42,face_transfer,124,two_cross,RFW WM64,Houses,0.36,0.38,50,within_sampled_range,UU,121,62.5,runs/yin_noise_matrix_20260926/results/r21dev_vgg16_bn_aa_s42/faces_rfwWM64/houses_yin64/results.csv,UU
mixed,Mixed faces / AA4,r21dev_vgg16_bn_aa_s42,face_transfer,124,two_cross,RFW WM64,Houses,0.36,0.38,50,within_sampled_range,UU,122,75.0,runs/yin_noise_matrix_20260926/results/r21dev_vgg16_bn_aa_s42/faces_rfwWM64/houses_yin64/results.csv,UU
mixed,Mixed faces / AA4,r21dev_vgg16_bn_aa_s42,face_transfer,124,two_cross,RFW WM64,Houses,0.36,0.38,50,within_sampled_range,UU,123,83.33333333333334,runs/yin_noise_matrix_20260926/results/r21dev_vgg16_bn_aa_s42/faces_rfwWM64/houses_yin64/results.csv,UU
mixed,Mixed faces / AA4,r21dev_vgg16_bn_aa_s42,face_transfer,124,two_cross,RFW WM64,Houses,0.36,0.38,50,within_sampled_range,UU,124,66.66666666666666,runs/yin_noise_matrix_20260926/results/r21dev_vgg16_bn_aa_s42/faces_rfwWM64/houses_yin64/results.csv,UU
mixed,Mixed faces / AA4,r21dev_vgg16_bn_aa_s42,face_transfer,124,two_cross,RFW WM64,Houses,0.36,0.38,50,within_sampled_range,UU,125,58.333333333333336,runs/yin_noise_matrix_20260926/results/r21dev_vgg16_bn_aa_s42/faces_rfwWM64/houses_yin64/results.csv,UU
mixed,Mixed faces / AA4,r21dev_vgg16_bn_aa_s42,face_transfer,124,two_cross,RFW WM64,Houses,0.36,0.38,50,within_sampled_range,UU,126,62.5,runs/yin_noise_matrix_20260926/results/r21dev_vgg16_bn_aa_s42/faces_rfwWM64/houses_yin64/results.csv,UU
mixed,Mixed faces / AA4,r21dev_vgg16_bn_aa_s42,face_transfer,124,two_cross,RFW WM64,Houses,0.36,0.38,50,within_sampled_range,UU,127,79.16666666666666,runs/yin_noise_matrix_20260926/results/r21dev_vgg16_bn_aa_s42/faces_rfwWM64/houses_yin64/results.csv,UU
mixed,Mixed faces / AA4,r21dev_vgg16_bn_aa_s42,face_transfer,124,two_cross,RFW WM64,Houses,0.36,0.38,50,within_sampled_range,UU,128,66.66666666666666,runs/yin_noise_matrix_20260926/results/r21dev_vgg16_bn_aa_s42/faces_rfwWM64/houses_yin64/results.csv,UU
mixed,Mixed faces / AA4,r21dev_vgg16_bn_aa_s42,face_transfer,124,two_cross,RFW WM64,Houses,0.36,0.38,50,within_sampled_range,UU,129,62.5,runs/yin_noise_matrix_20260926/results/r21dev_vgg16_bn_aa_s42/faces_rfwWM64/houses_yin64/results.csv,UU
mixed,Mixed faces / AA4,r21dev_vgg16_bn_aa_s42,face_transfer,124,two_cross,RFW WM64,Houses,0.36,0.38,50,within_sampled_range,UU,130,79.16666666666666,runs/yin_noise_matrix_20260926/results/r21dev_vgg16_bn_aa_s42/faces_rfwWM64/houses_yin64/results.csv,UU
mixed,Mixed faces / AA4,r21dev_vgg16_bn_aa_s42,face_transfer,124,two_cross,RFW WM64,Houses,0.36,0.38,50,within_sampled_range,UU,131,62.5,runs/yin_noise_matrix_20260926/results/r21dev_vgg16_bn_aa_s42/faces_rfwWM64/houses_yin64/results.csv,UU
mixed,Mixed faces / AA4,r21dev_vgg16_bn_aa_s42,face_transfer,124,two_cross,RFW WM64,Houses,0.36,0.38,50,within_sampled_range,UU,132,54.166666666666664,runs/yin_noise_matrix_20260926/results/r21dev_vgg16_bn_aa_s42/faces_rfwWM64/houses_yin64/results.csv,UU
mixed,Mixed faces / AA4,r21dev_vgg16_bn_aa_s42,face_transfer,124,two_cross,RFW WM64,Houses,0.36,0.38,50,within_sampled_range,UU,133,70.83333333333334,runs/yin_noise_matrix_20260926/results/r21dev_vgg16_bn_aa_s42/faces_rfwWM64/houses_yin64/results.csv,UU
mixed,Mixed faces / AA4,r21dev_vgg16_bn_aa_s42,face_transfer,124,two_cross,RFW WM64,Houses,0.36,0.38,50,within_sampled_range,UU,134,66.66666666666666,runs/yin_noise_matrix_20260926/results/r21dev_vgg16_bn_aa_s42/faces_rfwWM64/houses_yin64/results.csv,UU
mixed,Mixed faces / AA4,r21dev_vgg16_bn_aa_s42,face_transfer,124,two_cross,RFW WM64,Houses,0.36,0.38,50,within_sampled_range,UU,135,70.83333333333334,runs/yin_noise_matrix_20260926/results/r21dev_vgg16_bn_aa_s42/faces_rfwWM64/houses_yin64/results.csv,UU
mixed,Mixed faces / AA4,r21dev_vgg16_bn_aa_s42,face_transfer,124,two_cross,RFW WM64,Houses,0.36,0.38,50,within_sampled_range,UU,136,62.5,runs/yin_noise_matrix_20260926/results/r21dev_vgg16_bn_aa_s42/faces_rfwWM64/houses_yin64/results.csv,UU
mixed,Mixed faces / AA4,r21dev_vgg16_bn_aa_s42,face_transfer,124,two_cross,RFW WM64,Houses,0.36,0.38,50,within_sampled_range,UU,137,79.16666666666666,runs/yin_noise_matrix_20260926/results/r21dev_vgg16_bn_aa_s42/faces_rfwWM64/houses_yin64/results.csv,UU
mixed,Mixed faces / AA4,r21dev_vgg16_bn_aa_s42,face_transfer,124,two_cross,RFW WM64,Houses,0.36,0.38,50,within_sampled_range,UU,138,66.66666666666666,runs/yin_noise_matrix_20260926/results/r21dev_vgg16_bn_aa_s42/faces_rfwWM64/houses_yin64/results.csv,UU
mixed,Mixed faces / AA4,r21dev_vgg16_bn_aa_s42,face_transfer,124,two_cross,RFW WM64,Houses,0.36,0.38,50,within_sampled_range,UU,139,75.0,runs/yin_noise_matrix_20260926/results/r21dev_vgg16_bn_aa_s42/faces_rfwWM64/houses_yin64/results.csv,UU
mixed,Mixed faces / AA4,r21dev_vgg16_bn_aa_s42,face_transfer,124,two_cross,RFW WM64,Houses,0.36,0.38,50,within_sampled_range,UU,140,66.66666666666666,runs/yin_noise_matrix_20260926/results/r21dev_vgg16_bn_aa_s42/faces_rfwWM64/houses_yin64/results.csv,UU
mixed,Mixed faces / AA4,r21dev_vgg16_bn_aa_s42,face_transfer,124,two_cross,RFW WM64,Houses,0.36,0.38,50,within_sampled_range,UU,141,75.0,runs/yin_noise_matrix_20260926/results/r21dev_vgg16_bn_aa_s42/faces_rfwWM64/houses_yin64/results.csv,UU
mixed,Mixed faces / AA4,r21dev_vgg16_bn_aa_s42,face_transfer,124,two_cross,RFW WM64,Houses,0.36,0.38,50,within_sampled_range,UU,142,79.16666666666666,runs/yin_noise_matrix_20260926/results/r21dev_vgg16_bn_aa_s42/faces_rfwWM64/houses_yin64/results.csv,UU
mixed,Mixed faces / AA4,r21dev_vgg16_bn_aa_s42,face_transfer,124,two_cross,RFW WM64,Houses,0.36,0.38,50,within_sampled_range,UU,143,58.333333333333336,runs/yin_noise_matrix_20260926/results/r21dev_vgg16_bn_aa_s42/faces_rfwWM64/houses_yin64/results.csv,UU
mixed,Mixed faces / AA4,r21dev_vgg16_bn_aa_s42,face_transfer,124,two_cross,RFW WM64,Houses,0.36,0.38,50,within_sampled_range,UU,144,70.83333333333334,runs/yin_noise_matrix_20260926/results/r21dev_vgg16_bn_aa_s42/faces_rfwWM64/houses_yin64/results.csv,UU
mixed,Mixed faces / AA4,r21dev_vgg16_bn_aa_s42,face_transfer,124,two_cross,RFW WM64,Houses,0.36,0.38,50,within_sampled_range,UU,145,70.83333333333334,runs/yin_noise_matrix_20260926/results/r21dev_vgg16_bn_aa_s42/faces_rfwWM64/houses_yin64/results.csv,UU
mixed,Mixed faces / AA4,r21dev_vgg16_bn_aa_s42,face_transfer,124,two_cross,RFW WM64,Houses,0.36,0.38,50,within_sampled_range,UU,146,79.16666666666666,runs/yin_noise_matrix_20260926/results/r21dev_vgg16_bn_aa_s42/faces_rfwWM64/houses_yin64/results.csv,UU
mixed,Mixed faces / AA4,r21dev_vgg16_bn_aa_s42,face_transfer,124,two_cross,RFW WM64,Houses,0.36,0.38,50,within_sampled_range,UU,147,66.66666666666666,runs/yin_noise_matrix_20260926/results/r21dev_vgg16_bn_aa_s42/faces_rfwWM64/houses_yin64/results.csv,UU
mixed,Mixed faces / AA4,r21dev_vgg16_bn_aa_s42,face_transfer,124,two_cross,RFW WM64,Houses,0.36,0.38,50,within_sampled_range,UU,148,87.5,runs/yin_noise_matrix_20260926/results/r21dev_vgg16_bn_aa_s42/faces_rfwWM64/houses_yin64/results.csv,UU
mixed,Mixed faces / AA4,r21dev_vgg16_bn_aa_s42,face_transfer,124,two_cross,RFW WM64,Houses,0.36,0.38,50,within_sampled_range,UU,149,75.0,runs/yin_noise_matrix_20260926/results/r21dev_vgg16_bn_aa_s42/faces_rfwWM64/houses_yin64/results.csv,UU
mixed,Mixed faces / AA4,r21dev_vgg16_bn_aa_s42,face_transfer,124,two_cross,RFW WM64,Houses,0.36,0.38,50,within_sampled_range,UU,150,66.66666666666666,runs/yin_noise_matrix_20260926/results/r21dev_vgg16_bn_aa_s42/faces_rfwWM64/houses_yin64/results.csv,UU
mixed,Mixed faces / AA4,r21dev_vgg16_bn_aa_s42,face_transfer,124,two_cross,RFW WM64,Houses,0.36,0.38,50,within_sampled_range,II,101,58.333333333333336,runs/yin_noise_matrix_20260926/results/r21dev_vgg16_bn_aa_s42/faces_rfwWM64/houses_yin64/results.csv,II
mixed,Mixed faces / AA4,r21dev_vgg16_bn_aa_s42,face_transfer,124,two_cross,RFW WM64,Houses,0.36,0.38,50,within_sampled_range,II,102,58.333333333333336,runs/yin_noise_matrix_20260926/results/r21dev_vgg16_bn_aa_s42/faces_rfwWM64/houses_yin64/results.csv,II
mixed,Mixed faces / AA4,r21dev_vgg16_bn_aa_s42,face_transfer,124,two_cross,RFW WM64,Houses,0.36,0.38,50,within_sampled_range,II,103,79.16666666666666,runs/yin_noise_matrix_20260926/results/r21dev_vgg16_bn_aa_s42/faces_rfwWM64/houses_yin64/results.csv,II
mixed,Mixed faces / AA4,r21dev_vgg16_bn_aa_s42,face_transfer,124,two_cross,RFW WM64,Houses,0.36,0.38,50,within_sampled_range,II,104,66.66666666666666,runs/yin_noise_matrix_20260926/results/r21dev_vgg16_bn_aa_s42/faces_rfwWM64/houses_yin64/results.csv,II
mixed,Mixed faces / AA4,r21dev_vgg16_bn_aa_s42,face_transfer,124,two_cross,RFW WM64,Houses,0.36,0.38,50,within_sampled_range,II,105,58.333333333333336,runs/yin_noise_matrix_20260926/results/r21dev_vgg16_bn_aa_s42/faces_rfwWM64/houses_yin64/results.csv,II
mixed,Mixed faces / AA4,r21dev_vgg16_bn_aa_s42,face_transfer,124,two_cross,RFW WM64,Houses,0.36,0.38,50,within_sampled_range,II,106,75.0,runs/yin_noise_matrix_20260926/results/r21dev_vgg16_bn_aa_s42/faces_rfwWM64/houses_yin64/results.csv,II
mixed,Mixed faces / AA4,r21dev_vgg16_bn_aa_s42,face_transfer,124,two_cross,RFW WM64,Houses,0.36,0.38,50,within_sampled_range,II,107,79.16666666666666,runs/yin_noise_matrix_20260926/results/r21dev_vgg16_bn_aa_s42/faces_rfwWM64/houses_yin64/results.csv,II
mixed,Mixed faces / AA4,r21dev_vgg16_bn_aa_s42,face_transfer,124,two_cross,RFW WM64,Houses,0.36,0.38,50,within_sampled_range,II,108,45.83333333333333,runs/yin_noise_matrix_20260926/results/r21dev_vgg16_bn_aa_s42/faces_rfwWM64/houses_yin64/results.csv,II
mixed,Mixed faces / AA4,r21dev_vgg16_bn_aa_s42,face_transfer,124,two_cross,RFW WM64,Houses,0.36,0.38,50,within_sampled_range,II,109,58.333333333333336,runs/yin_noise_matrix_20260926/results/r21dev_vgg16_bn_aa_s42/faces_rfwWM64/houses_yin64/results.csv,II
mixed,Mixed faces / AA4,r21dev_vgg16_bn_aa_s42,face_transfer,124,two_cross,RFW WM64,Houses,0.36,0.38,50,within_sampled_range,II,110,70.83333333333334,runs/yin_noise_matrix_20260926/results/r21dev_vgg16_bn_aa_s42/faces_rfwWM64/houses_yin64/results.csv,II
mixed,Mixed faces / AA4,r21dev_vgg16_bn_aa_s42,face_transfer,124,two_cross,RFW WM64,Houses,0.36,0.38,50,within_sampled_range,II,111,62.5,runs/yin_noise_matrix_20260926/results/r21dev_vgg16_bn_aa_s42/faces_rfwWM64/houses_yin64/results.csv,II
mixed,Mixed faces / AA4,r21dev_vgg16_bn_aa_s42,face_transfer,124,two_cross,RFW WM64,Houses,0.36,0.38,50,within_sampled_range,II,112,70.83333333333334,runs/yin_noise_matrix_20260926/results/r21dev_vgg16_bn_aa_s42/faces_rfwWM64/houses_yin64/results.csv,II
mixed,Mixed faces / AA4,r21dev_vgg16_bn_aa_s42,face_transfer,124,two_cross,RFW WM64,Houses,0.36,0.38,50,within_sampled_range,II,113,54.166666666666664,runs/yin_noise_matrix_20260926/results/r21dev_vgg16_bn_aa_s42/faces_rfwWM64/houses_yin64/results.csv,II
mixed,Mixed faces / AA4,r21dev_vgg16_bn_aa_s42,face_transfer,124,two_cross,RFW WM64,Houses,0.36,0.38,50,within_sampled_range,II,114,58.333333333333336,runs/yin_noise_matrix_20260926/results/r21dev_vgg16_bn_aa_s42/faces_rfwWM64/houses_yin64/results.csv,II
mixed,Mixed faces / AA4,r21dev_vgg16_bn_aa_s42,face_transfer,124,two_cross,RFW WM64,Houses,0.36,0.38,50,within_sampled_range,II,115,70.83333333333334,runs/yin_noise_matrix_20260926/results/r21dev_vgg16_bn_aa_s42/faces_rfwWM64/houses_yin64/results.csv,II
mixed,Mixed faces / AA4,r21dev_vgg16_bn_aa_s42,face_transfer,124,two_cross,RFW WM64,Houses,0.36,0.38,50,within_sampled_range,II,116,62.5,runs/yin_noise_matrix_20260926/results/r21dev_vgg16_bn_aa_s42/faces_rfwWM64/houses_yin64/results.csv,II
mixed,Mixed faces / AA4,r21dev_vgg16_bn_aa_s42,face_transfer,124,two_cross,RFW WM64,Houses,0.36,0.38,50,within_sampled_range,II,117,50.0,runs/yin_noise_matrix_20260926/results/r21dev_vgg16_bn_aa_s42/faces_rfwWM64/houses_yin64/results.csv,II
mixed,Mixed faces / AA4,r21dev_vgg16_bn_aa_s42,face_transfer,124,two_cross,RFW WM64,Houses,0.36,0.38,50,within_sampled_range,II,118,58.333333333333336,runs/yin_noise_matrix_20260926/results/r21dev_vgg16_bn_aa_s42/faces_rfwWM64/houses_yin64/results.csv,II
mixed,Mixed faces / AA4,r21dev_vgg16_bn_aa_s42,face_transfer,124,two_cross,RFW WM64,Houses,0.36,0.38,50,within_sampled_range,II,119,66.66666666666666,runs/yin_noise_matrix_20260926/results/r21dev_vgg16_bn_aa_s42/faces_rfwWM64/houses_yin64/results.csv,II
mixed,Mixed faces / AA4,r21dev_vgg16_bn_aa_s42,face_transfer,124,two_cross,RFW WM64,Houses,0.36,0.38,50,within_sampled_range,II,120,66.66666666666666,runs/yin_noise_matrix_20260926/results/r21dev_vgg16_bn_aa_s42/faces_rfwWM64/houses_yin64/results.csv,II
mixed,Mixed faces / AA4,r21dev_vgg16_bn_aa_s42,face_transfer,124,two_cross,RFW WM64,Houses,0.36,0.38,50,within_sampled_range,II,121,75.0,runs/yin_noise_matrix_20260926/results/r21dev_vgg16_bn_aa_s42/faces_rfwWM64/houses_yin64/results.csv,II
mixed,Mixed faces / AA4,r21dev_vgg16_bn_aa_s42,face_transfer,124,two_cross,RFW WM64,Houses,0.36,0.38,50,within_sampled_range,II,122,66.66666666666666,runs/yin_noise_matrix_20260926/results/r21dev_vgg16_bn_aa_s42/faces_rfwWM64/houses_yin64/results.csv,II
mixed,Mixed faces / AA4,r21dev_vgg16_bn_aa_s42,face_transfer,124,two_cross,RFW WM64,Houses,0.36,0.38,50,within_sampled_range,II,123,50.0,runs/yin_noise_matrix_20260926/results/r21dev_vgg16_bn_aa_s42/faces_rfwWM64/houses_yin64/results.csv,II
mixed,Mixed faces / AA4,r21dev_vgg16_bn_aa_s42,face_transfer,124,two_cross,RFW WM64,Houses,0.36,0.38,50,within_sampled_range,II,124,58.333333333333336,runs/yin_noise_matrix_20260926/results/r21dev_vgg16_bn_aa_s42/faces_rfwWM64/houses_yin64/results.csv,II
mixed,Mixed faces / AA4,r21dev_vgg16_bn_aa_s42,face_transfer,124,two_cross,RFW WM64,Houses,0.36,0.38,50,within_sampled_range,II,125,45.83333333333333,runs/yin_noise_matrix_20260926/results/r21dev_vgg16_bn_aa_s42/faces_rfwWM64/houses_yin64/results.csv,II
mixed,Mixed faces / AA4,r21dev_vgg16_bn_aa_s42,face_transfer,124,two_cross,RFW WM64,Houses,0.36,0.38,50,within_sampled_range,II,126,62.5,runs/yin_noise_matrix_20260926/results/r21dev_vgg16_bn_aa_s42/faces_rfwWM64/houses_yin64/results.csv,II
mixed,Mixed faces / AA4,r21dev_vgg16_bn_aa_s42,face_transfer,124,two_cross,RFW WM64,Houses,0.36,0.38,50,within_sampled_range,II,127,75.0,runs/yin_noise_matrix_20260926/results/r21dev_vgg16_bn_aa_s42/faces_rfwWM64/houses_yin64/results.csv,II
mixed,Mixed faces / AA4,r21dev_vgg16_bn_aa_s42,face_transfer,124,two_cross,RFW WM64,Houses,0.36,0.38,50,within_sampled_range,II,128,83.33333333333334,runs/yin_noise_matrix_20260926/results/r21dev_vgg16_bn_aa_s42/faces_rfwWM64/houses_yin64/results.csv,II
mixed,Mixed faces / AA4,r21dev_vgg16_bn_aa_s42,face_transfer,124,two_cross,RFW WM64,Houses,0.36,0.38,50,within_sampled_range,II,129,66.66666666666666,runs/yin_noise_matrix_20260926/results/r21dev_vgg16_bn_aa_s42/faces_rfwWM64/houses_yin64/results.csv,II
mixed,Mixed faces / AA4,r21dev_vgg16_bn_aa_s42,face_transfer,124,two_cross,RFW WM64,Houses,0.36,0.38,50,within_sampled_range,II,130,75.0,runs/yin_noise_matrix_20260926/results/r21dev_vgg16_bn_aa_s42/faces_rfwWM64/houses_yin64/results.csv,II
mixed,Mixed faces / AA4,r21dev_vgg16_bn_aa_s42,face_transfer,124,two_cross,RFW WM64,Houses,0.36,0.38,50,within_sampled_range,II,131,70.83333333333334,runs/yin_noise_matrix_20260926/results/r21dev_vgg16_bn_aa_s42/faces_rfwWM64/houses_yin64/results.csv,II
mixed,Mixed faces / AA4,r21dev_vgg16_bn_aa_s42,face_transfer,124,two_cross,RFW WM64,Houses,0.36,0.38,50,within_sampled_range,II,132,58.333333333333336,runs/yin_noise_matrix_20260926/results/r21dev_vgg16_bn_aa_s42/faces_rfwWM64/houses_yin64/results.csv,II
mixed,Mixed faces / AA4,r21dev_vgg16_bn_aa_s42,face_transfer,124,two_cross,RFW WM64,Houses,0.36,0.38,50,within_sampled_range,II,133,70.83333333333334,runs/yin_noise_matrix_20260926/results/r21dev_vgg16_bn_aa_s42/faces_rfwWM64/houses_yin64/results.csv,II
mixed,Mixed faces / AA4,r21dev_vgg16_bn_aa_s42,face_transfer,124,two_cross,RFW WM64,Houses,0.36,0.38,50,within_sampled_range,II,134,79.16666666666666,runs/yin_noise_matrix_20260926/results/r21dev_vgg16_bn_aa_s42/faces_rfwWM64/houses_yin64/results.csv,II
mixed,Mixed faces / AA4,r21dev_vgg16_bn_aa_s42,face_transfer,124,two_cross,RFW WM64,Houses,0.36,0.38,50,within_sampled_range,II,135,66.66666666666666,runs/yin_noise_matrix_20260926/results/r21dev_vgg16_bn_aa_s42/faces_rfwWM64/houses_yin64/results.csv,II
mixed,Mixed faces / AA4,r21dev_vgg16_bn_aa_s42,face_transfer,124,two_cross,RFW WM64,Houses,0.36,0.38,50,within_sampled_range,II,136,50.0,runs/yin_noise_matrix_20260926/results/r21dev_vgg16_bn_aa_s42/faces_rfwWM64/houses_yin64/results.csv,II
mixed,Mixed faces / AA4,r21dev_vgg16_bn_aa_s42,face_transfer,124,two_cross,RFW WM64,Houses,0.36,0.38,50,within_sampled_range,II,137,79.16666666666666,runs/yin_noise_matrix_20260926/results/r21dev_vgg16_bn_aa_s42/faces_rfwWM64/houses_yin64/results.csv,II
mixed,Mixed faces / AA4,r21dev_vgg16_bn_aa_s42,face_transfer,124,two_cross,RFW WM64,Houses,0.36,0.38,50,within_sampled_range,II,138,50.0,runs/yin_noise_matrix_20260926/results/r21dev_vgg16_bn_aa_s42/faces_rfwWM64/houses_yin64/results.csv,II
mixed,Mixed faces / AA4,r21dev_vgg16_bn_aa_s42,face_transfer,124,two_cross,RFW WM64,Houses,0.36,0.38,50,within_sampled_range,II,139,66.66666666666666,runs/yin_noise_matrix_20260926/results/r21dev_vgg16_bn_aa_s42/faces_rfwWM64/houses_yin64/results.csv,II
mixed,Mixed faces / AA4,r21dev_vgg16_bn_aa_s42,face_transfer,124,two_cross,RFW WM64,Houses,0.36,0.38,50,within_sampled_range,II,140,50.0,runs/yin_noise_matrix_20260926/results/r21dev_vgg16_bn_aa_s42/faces_rfwWM64/houses_yin64/results.csv,II
mixed,Mixed faces / AA4,r21dev_vgg16_bn_aa_s42,face_transfer,124,two_cross,RFW WM64,Houses,0.36,0.38,50,within_sampled_range,II,141,62.5,runs/yin_noise_matrix_20260926/results/r21dev_vgg16_bn_aa_s42/faces_rfwWM64/houses_yin64/results.csv,II
mixed,Mixed faces / AA4,r21dev_vgg16_bn_aa_s42,face_transfer,124,two_cross,RFW WM64,Houses,0.36,0.38,50,within_sampled_range,II,142,62.5,runs/yin_noise_matrix_20260926/results/r21dev_vgg16_bn_aa_s42/faces_rfwWM64/houses_yin64/results.csv,II
mixed,Mixed faces / AA4,r21dev_vgg16_bn_aa_s42,face_transfer,124,two_cross,RFW WM64,Houses,0.36,0.38,50,within_sampled_range,II,143,50.0,runs/yin_noise_matrix_20260926/results/r21dev_vgg16_bn_aa_s42/faces_rfwWM64/houses_yin64/results.csv,II
mixed,Mixed faces / AA4,r21dev_vgg16_bn_aa_s42,face_transfer,124,two_cross,RFW WM64,Houses,0.36,0.38,50,within_sampled_range,II,144,62.5,runs/yin_noise_matrix_20260926/results/r21dev_vgg16_bn_aa_s42/faces_rfwWM64/houses_yin64/results.csv,II
mixed,Mixed faces / AA4,r21dev_vgg16_bn_aa_s42,face_transfer,124,two_cross,RFW WM64,Houses,0.36,0.38,50,within_sampled_range,II,145,54.166666666666664,runs/yin_noise_matrix_20260926/results/r21dev_vgg16_bn_aa_s42/faces_rfwWM64/houses_yin64/results.csv,II
mixed,Mixed faces / AA4,r21dev_vgg16_bn_aa_s42,face_transfer,124,two_cross,RFW WM64,Houses,0.36,0.38,50,within_sampled_range,II,146,45.83333333333333,runs/yin_noise_matrix_20260926/results/r21dev_vgg16_bn_aa_s42/faces_rfwWM64/houses_yin64/results.csv,II
mixed,Mixed faces / AA4,r21dev_vgg16_bn_aa_s42,face_transfer,124,two_cross,RFW WM64,Houses,0.36,0.38,50,within_sampled_range,II,147,58.333333333333336,runs/yin_noise_matrix_20260926/results/r21dev_vgg16_bn_aa_s42/faces_rfwWM64/houses_yin64/results.csv,II
mixed,Mixed faces / AA4,r21dev_vgg16_bn_aa_s42,face_transfer,124,two_cross,RFW WM64,Houses,0.36,0.38,50,within_sampled_range,II,148,75.0,runs/yin_noise_matrix_20260926/results/r21dev_vgg16_bn_aa_s42/faces_rfwWM64/houses_yin64/results.csv,II
mixed,Mixed faces / AA4,r21dev_vgg16_bn_aa_s42,face_transfer,124,two_cross,RFW WM64,Houses,0.36,0.38,50,within_sampled_range,II,149,62.5,runs/yin_noise_matrix_20260926/results/r21dev_vgg16_bn_aa_s42/faces_rfwWM64/houses_yin64/results.csv,II
mixed,Mixed faces / AA4,r21dev_vgg16_bn_aa_s42,face_transfer,124,two_cross,RFW WM64,Houses,0.36,0.38,50,within_sampled_range,II,150,62.5,runs/yin_noise_matrix_20260926/results/r21dev_vgg16_bn_aa_s42/faces_rfwWM64/houses_yin64/results.csv,II
mixed,Mixed faces / AA4,r21dev_vgg16_bn_aa_s42,face_transfer,124,two_cross,RFW WM64,Houses,0.36,0.38,50,within_sampled_range,UI,101,66.66666666666666,runs/yin_noise_matrix_20260926/results/r21dev_vgg16_bn_aa_s42/faces_rfwWM64/houses_yin64/results.csv,UI_cross
mixed,Mixed faces / AA4,r21dev_vgg16_bn_aa_s42,face_transfer,124,two_cross,RFW WM64,Houses,0.36,0.38,50,within_sampled_range,UI,102,66.66666666666666,runs/yin_noise_matrix_20260926/results/r21dev_vgg16_bn_aa_s42/faces_rfwWM64/houses_yin64/results.csv,UI_cross
mixed,Mixed faces / AA4,r21dev_vgg16_bn_aa_s42,face_transfer,124,two_cross,RFW WM64,Houses,0.36,0.38,50,within_sampled_range,UI,103,75.0,runs/yin_noise_matrix_20260926/results/r21dev_vgg16_bn_aa_s42/faces_rfwWM64/houses_yin64/results.csv,UI_cross
mixed,Mixed faces / AA4,r21dev_vgg16_bn_aa_s42,face_transfer,124,two_cross,RFW WM64,Houses,0.36,0.38,50,within_sampled_range,UI,104,54.166666666666664,runs/yin_noise_matrix_20260926/results/r21dev_vgg16_bn_aa_s42/faces_rfwWM64/houses_yin64/results.csv,UI_cross
mixed,Mixed faces / AA4,r21dev_vgg16_bn_aa_s42,face_transfer,124,two_cross,RFW WM64,Houses,0.36,0.38,50,within_sampled_range,UI,105,54.166666666666664,runs/yin_noise_matrix_20260926/results/r21dev_vgg16_bn_aa_s42/faces_rfwWM64/houses_yin64/results.csv,UI_cross
mixed,Mixed faces / AA4,r21dev_vgg16_bn_aa_s42,face_transfer,124,two_cross,RFW WM64,Houses,0.36,0.38,50,within_sampled_range,UI,106,66.66666666666666,runs/yin_noise_matrix_20260926/results/r21dev_vgg16_bn_aa_s42/faces_rfwWM64/houses_yin64/results.csv,UI_cross
mixed,Mixed faces / AA4,r21dev_vgg16_bn_aa_s42,face_transfer,124,two_cross,RFW WM64,Houses,0.36,0.38,50,within_sampled_range,UI,107,83.33333333333334,runs/yin_noise_matrix_20260926/results/r21dev_vgg16_bn_aa_s42/faces_rfwWM64/houses_yin64/results.csv,UI_cross
mixed,Mixed faces / AA4,r21dev_vgg16_bn_aa_s42,face_transfer,124,two_cross,RFW WM64,Houses,0.36,0.38,50,within_sampled_range,UI,108,62.5,runs/yin_noise_matrix_20260926/results/r21dev_vgg16_bn_aa_s42/faces_rfwWM64/houses_yin64/results.csv,UI_cross
mixed,Mixed faces / AA4,r21dev_vgg16_bn_aa_s42,face_transfer,124,two_cross,RFW WM64,Houses,0.36,0.38,50,within_sampled_range,UI,109,62.5,runs/yin_noise_matrix_20260926/results/r21dev_vgg16_bn_aa_s42/faces_rfwWM64/houses_yin64/results.csv,UI_cross
mixed,Mixed faces / AA4,r21dev_vgg16_bn_aa_s42,face_transfer,124,two_cross,RFW WM64,Houses,0.36,0.38,50,within_sampled_range,UI,110,70.83333333333334,runs/yin_noise_matrix_20260926/results/r21dev_vgg16_bn_aa_s42/faces_rfwWM64/houses_yin64/results.csv,UI_cross
mixed,Mixed faces / AA4,r21dev_vgg16_bn_aa_s42,face_transfer,124,two_cross,RFW WM64,Houses,0.36,0.38,50,within_sampled_range,UI,111,45.83333333333333,runs/yin_noise_matrix_20260926/results/r21dev_vgg16_bn_aa_s42/faces_rfwWM64/houses_yin64/results.csv,UI_cross
mixed,Mixed faces / AA4,r21dev_vgg16_bn_aa_s42,face_transfer,124,two_cross,RFW WM64,Houses,0.36,0.38,50,within_sampled_range,UI,112,66.66666666666666,runs/yin_noise_matrix_20260926/results/r21dev_vgg16_bn_aa_s42/faces_rfwWM64/houses_yin64/results.csv,UI_cross
mixed,Mixed faces / AA4,r21dev_vgg16_bn_aa_s42,face_transfer,124,two_cross,RFW WM64,Houses,0.36,0.38,50,within_sampled_range,UI,113,54.166666666666664,runs/yin_noise_matrix_20260926/results/r21dev_vgg16_bn_aa_s42/faces_rfwWM64/houses_yin64/results.csv,UI_cross
mixed,Mixed faces / AA4,r21dev_vgg16_bn_aa_s42,face_transfer,124,two_cross,RFW WM64,Houses,0.36,0.38,50,within_sampled_range,UI,114,62.5,runs/yin_noise_matrix_20260926/results/r21dev_vgg16_bn_aa_s42/faces_rfwWM64/houses_yin64/results.csv,UI_cross
mixed,Mixed faces / AA4,r21dev_vgg16_bn_aa_s42,face_transfer,124,two_cross,RFW WM64,Houses,0.36,0.38,50,within_sampled_range,UI,115,45.83333333333333,runs/yin_noise_matrix_20260926/results/r21dev_vgg16_bn_aa_s42/faces_rfwWM64/houses_yin64/results.csv,UI_cross
mixed,Mixed faces / AA4,r21dev_vgg16_bn_aa_s42,face_transfer,124,two_cross,RFW WM64,Houses,0.36,0.38,50,within_sampled_range,UI,116,50.0,runs/yin_noise_matrix_20260926/results/r21dev_vgg16_bn_aa_s42/faces_rfwWM64/houses_yin64/results.csv,UI_cross
mixed,Mixed faces / AA4,r21dev_vgg16_bn_aa_s42,face_transfer,124,two_cross,RFW WM64,Houses,0.36,0.38,50,within_sampled_range,UI,117,54.166666666666664,runs/yin_noise_matrix_20260926/results/r21dev_vgg16_bn_aa_s42/faces_rfwWM64/houses_yin64/results.csv,UI_cross
mixed,Mixed faces / AA4,r21dev_vgg16_bn_aa_s42,face_transfer,124,two_cross,RFW WM64,Houses,0.36,0.38,50,within_sampled_range,UI,118,58.333333333333336,runs/yin_noise_matrix_20260926/results/r21dev_vgg16_bn_aa_s42/faces_rfwWM64/houses_yin64/results.csv,UI_cross
mixed,Mixed faces / AA4,r21dev_vgg16_bn_aa_s42,face_transfer,124,two_cross,RFW WM64,Houses,0.36,0.38,50,within_sampled_range,UI,119,66.66666666666666,runs/yin_noise_matrix_20260926/results/r21dev_vgg16_bn_aa_s42/faces_rfwWM64/houses_yin64/results.csv,UI_cross
mixed,Mixed faces / AA4,r21dev_vgg16_bn_aa_s42,face_transfer,124,two_cross,RFW WM64,Houses,0.36,0.38,50,within_sampled_range,UI,120,62.5,runs/yin_noise_matrix_20260926/results/r21dev_vgg16_bn_aa_s42/faces_rfwWM64/houses_yin64/results.csv,UI_cross
mixed,Mixed faces / AA4,r21dev_vgg16_bn_aa_s42,face_transfer,124,two_cross,RFW WM64,Houses,0.36,0.38,50,within_sampled_range,UI,121,58.333333333333336,runs/yin_noise_matrix_20260926/results/r21dev_vgg16_bn_aa_s42/faces_rfwWM64/houses_yin64/results.csv,UI_cross
mixed,Mixed faces / AA4,r21dev_vgg16_bn_aa_s42,face_transfer,124,two_cross,RFW WM64,Houses,0.36,0.38,50,within_sampled_range,UI,122,66.66666666666666,runs/yin_noise_matrix_20260926/results/r21dev_vgg16_bn_aa_s42/faces_rfwWM64/houses_yin64/results.csv,UI_cross
mixed,Mixed faces / AA4,r21dev_vgg16_bn_aa_s42,face_transfer,124,two_cross,RFW WM64,Houses,0.36,0.38,50,within_sampled_range,UI,123,66.66666666666666,runs/yin_noise_matrix_20260926/results/r21dev_vgg16_bn_aa_s42/faces_rfwWM64/houses_yin64/results.csv,UI_cross
mixed,Mixed faces / AA4,r21dev_vgg16_bn_aa_s42,face_transfer,124,two_cross,RFW WM64,Houses,0.36,0.38,50,within_sampled_range,UI,124,58.333333333333336,runs/yin_noise_matrix_20260926/results/r21dev_vgg16_bn_aa_s42/faces_rfwWM64/houses_yin64/results.csv,UI_cross
mixed,Mixed faces / AA4,r21dev_vgg16_bn_aa_s42,face_transfer,124,two_cross,RFW WM64,Houses,0.36,0.38,50,within_sampled_range,UI,125,66.66666666666666,runs/yin_noise_matrix_20260926/results/r21dev_vgg16_bn_aa_s42/faces_rfwWM64/houses_yin64/results.csv,UI_cross
mixed,Mixed faces / AA4,r21dev_vgg16_bn_aa_s42,face_transfer,124,two_cross,RFW WM64,Houses,0.36,0.38,50,within_sampled_range,UI,126,62.5,runs/yin_noise_matrix_20260926/results/r21dev_vgg16_bn_aa_s42/faces_rfwWM64/houses_yin64/results.csv,UI_cross
mixed,Mixed faces / AA4,r21dev_vgg16_bn_aa_s42,face_transfer,124,two_cross,RFW WM64,Houses,0.36,0.38,50,within_sampled_range,UI,127,58.333333333333336,runs/yin_noise_matrix_20260926/results/r21dev_vgg16_bn_aa_s42/faces_rfwWM64/houses_yin64/results.csv,UI_cross
mixed,Mixed faces / AA4,r21dev_vgg16_bn_aa_s42,face_transfer,124,two_cross,RFW WM64,Houses,0.36,0.38,50,within_sampled_range,UI,128,54.166666666666664,runs/yin_noise_matrix_20260926/results/r21dev_vgg16_bn_aa_s42/faces_rfwWM64/houses_yin64/results.csv,UI_cross
mixed,Mixed faces / AA4,r21dev_vgg16_bn_aa_s42,face_transfer,124,two_cross,RFW WM64,Houses,0.36,0.38,50,within_sampled_range,UI,129,75.0,runs/yin_noise_matrix_20260926/results/r21dev_vgg16_bn_aa_s42/faces_rfwWM64/houses_yin64/results.csv,UI_cross
mixed,Mixed faces / AA4,r21dev_vgg16_bn_aa_s42,face_transfer,124,two_cross,RFW WM64,Houses,0.36,0.38,50,within_sampled_range,UI,130,75.0,runs/yin_noise_matrix_20260926/results/r21dev_vgg16_bn_aa_s42/faces_rfwWM64/houses_yin64/results.csv,UI_cross
mixed,Mixed faces / AA4,r21dev_vgg16_bn_aa_s42,face_transfer,124,two_cross,RFW WM64,Houses,0.36,0.38,50,within_sampled_range,UI,131,50.0,runs/yin_noise_matrix_20260926/results/r21dev_vgg16_bn_aa_s42/faces_rfwWM64/houses_yin64/results.csv,UI_cross
mixed,Mixed faces / AA4,r21dev_vgg16_bn_aa_s42,face_transfer,124,two_cross,RFW WM64,Houses,0.36,0.38,50,within_sampled_range,UI,132,62.5,runs/yin_noise_matrix_20260926/results/r21dev_vgg16_bn_aa_s42/faces_rfwWM64/houses_yin64/results.csv,UI_cross
mixed,Mixed faces / AA4,r21dev_vgg16_bn_aa_s42,face_transfer,124,two_cross,RFW WM64,Houses,0.36,0.38,50,within_sampled_range,UI,133,58.333333333333336,runs/yin_noise_matrix_20260926/results/r21dev_vgg16_bn_aa_s42/faces_rfwWM64/houses_yin64/results.csv,UI_cross
mixed,Mixed faces / AA4,r21dev_vgg16_bn_aa_s42,face_transfer,124,two_cross,RFW WM64,Houses,0.36,0.38,50,within_sampled_range,UI,134,66.66666666666666,runs/yin_noise_matrix_20260926/results/r21dev_vgg16_bn_aa_s42/faces_rfwWM64/houses_yin64/results.csv,UI_cross
mixed,Mixed faces / AA4,r21dev_vgg16_bn_aa_s42,face_transfer,124,two_cross,RFW WM64,Houses,0.36,0.38,50,within_sampled_range,UI,135,45.83333333333333,runs/yin_noise_matrix_20260926/results/r21dev_vgg16_bn_aa_s42/faces_rfwWM64/houses_yin64/results.csv,UI_cross
mixed,Mixed faces / AA4,r21dev_vgg16_bn_aa_s42,face_transfer,124,two_cross,RFW WM64,Houses,0.36,0.38,50,within_sampled_range,UI,136,62.5,runs/yin_noise_matrix_20260926/results/r21dev_vgg16_bn_aa_s42/faces_rfwWM64/houses_yin64/results.csv,UI_cross
mixed,Mixed faces / AA4,r21dev_vgg16_bn_aa_s42,face_transfer,124,two_cross,RFW WM64,Houses,0.36,0.38,50,within_sampled_range,UI,137,66.66666666666666,runs/yin_noise_matrix_20260926/results/r21dev_vgg16_bn_aa_s42/faces_rfwWM64/houses_yin64/results.csv,UI_cross
mixed,Mixed faces / AA4,r21dev_vgg16_bn_aa_s42,face_transfer,124,two_cross,RFW WM64,Houses,0.36,0.38,50,within_sampled_range,UI,138,58.333333333333336,runs/yin_noise_matrix_20260926/results/r21dev_vgg16_bn_aa_s42/faces_rfwWM64/houses_yin64/results.csv,UI_cross
mixed,Mixed faces / AA4,r21dev_vgg16_bn_aa_s42,face_transfer,124,two_cross,RFW WM64,Houses,0.36,0.38,50,within_sampled_range,UI,139,54.166666666666664,runs/yin_noise_matrix_20260926/results/r21dev_vgg16_bn_aa_s42/faces_rfwWM64/houses_yin64/results.csv,UI_cross
mixed,Mixed faces / AA4,r21dev_vgg16_bn_aa_s42,face_transfer,124,two_cross,RFW WM64,Houses,0.36,0.38,50,within_sampled_range,UI,140,54.166666666666664,runs/yin_noise_matrix_20260926/results/r21dev_vgg16_bn_aa_s42/faces_rfwWM64/houses_yin64/results.csv,UI_cross
mixed,Mixed faces / AA4,r21dev_vgg16_bn_aa_s42,face_transfer,124,two_cross,RFW WM64,Houses,0.36,0.38,50,within_sampled_range,UI,141,66.66666666666666,runs/yin_noise_matrix_20260926/results/r21dev_vgg16_bn_aa_s42/faces_rfwWM64/houses_yin64/results.csv,UI_cross
mixed,Mixed faces / AA4,r21dev_vgg16_bn_aa_s42,face_transfer,124,two_cross,RFW WM64,Houses,0.36,0.38,50,within_sampled_range,UI,142,79.16666666666666,runs/yin_noise_matrix_20260926/results/r21dev_vgg16_bn_aa_s42/faces_rfwWM64/houses_yin64/results.csv,UI_cross
mixed,Mixed faces / AA4,r21dev_vgg16_bn_aa_s42,face_transfer,124,two_cross,RFW WM64,Houses,0.36,0.38,50,within_sampled_range,UI,143,58.333333333333336,runs/yin_noise_matrix_20260926/results/r21dev_vgg16_bn_aa_s42/faces_rfwWM64/houses_yin64/results.csv,UI_cross
mixed,Mixed faces / AA4,r21dev_vgg16_bn_aa_s42,face_transfer,124,two_cross,RFW WM64,Houses,0.36,0.38,50,within_sampled_range,UI,144,58.333333333333336,runs/yin_noise_matrix_20260926/results/r21dev_vgg16_bn_aa_s42/faces_rfwWM64/houses_yin64/results.csv,UI_cross
mixed,Mixed faces / AA4,r21dev_vgg16_bn_aa_s42,face_transfer,124,two_cross,RFW WM64,Houses,0.36,0.38,50,within_sampled_range,UI,145,58.333333333333336,runs/yin_noise_matrix_20260926/results/r21dev_vgg16_bn_aa_s42/faces_rfwWM64/houses_yin64/results.csv,UI_cross
mixed,Mixed faces / AA4,r21dev_vgg16_bn_aa_s42,face_transfer,124,two_cross,RFW WM64,Houses,0.36,0.38,50,within_sampled_range,UI,146,50.0,runs/yin_noise_matrix_20260926/results/r21dev_vgg16_bn_aa_s42/faces_rfwWM64/houses_yin64/results.csv,UI_cross
mixed,Mixed faces / AA4,r21dev_vgg16_bn_aa_s42,face_transfer,124,two_cross,RFW WM64,Houses,0.36,0.38,50,within_sampled_range,UI,147,70.83333333333334,runs/yin_noise_matrix_20260926/results/r21dev_vgg16_bn_aa_s42/faces_rfwWM64/houses_yin64/results.csv,UI_cross
mixed,Mixed faces / AA4,r21dev_vgg16_bn_aa_s42,face_transfer,124,two_cross,RFW WM64,Houses,0.36,0.38,50,within_sampled_range,UI,148,70.83333333333334,runs/yin_noise_matrix_20260926/results/r21dev_vgg16_bn_aa_s42/faces_rfwWM64/houses_yin64/results.csv,UI_cross
mixed,Mixed faces / AA4,r21dev_vgg16_bn_aa_s42,face_transfer,124,two_cross,RFW WM64,Houses,0.36,0.38,50,within_sampled_range,UI,149,50.0,runs/yin_noise_matrix_20260926/results/r21dev_vgg16_bn_aa_s42/faces_rfwWM64/houses_yin64/results.csv,UI_cross
mixed,Mixed faces / AA4,r21dev_vgg16_bn_aa_s42,face_transfer,124,two_cross,RFW WM64,Houses,0.36,0.38,50,within_sampled_range,UI,150,50.0,runs/yin_noise_matrix_20260926/results/r21dev_vgg16_bn_aa_s42/faces_rfwWM64/houses_yin64/results.csv,UI_cross
mixed,Mixed faces / AA4,r21dev_vgg16_bn_aa_s42,face_transfer,124,two_cross,RFW WM64,Houses,0.36,0.38,50,within_sampled_range,IU,101,58.333333333333336,runs/yin_noise_matrix_20260926/results/r21dev_vgg16_bn_aa_s42/faces_rfwWM64/houses_yin64/results.csv,IU
mixed,Mixed faces / AA4,r21dev_vgg16_bn_aa_s42,face_transfer,124,two_cross,RFW WM64,Houses,0.36,0.38,50,within_sampled_range,IU,102,58.333333333333336,runs/yin_noise_matrix_20260926/results/r21dev_vgg16_bn_aa_s42/faces_rfwWM64/houses_yin64/results.csv,IU
mixed,Mixed faces / AA4,r21dev_vgg16_bn_aa_s42,face_transfer,124,two_cross,RFW WM64,Houses,0.36,0.38,50,within_sampled_range,IU,103,62.5,runs/yin_noise_matrix_20260926/results/r21dev_vgg16_bn_aa_s42/faces_rfwWM64/houses_yin64/results.csv,IU
mixed,Mixed faces / AA4,r21dev_vgg16_bn_aa_s42,face_transfer,124,two_cross,RFW WM64,Houses,0.36,0.38,50,within_sampled_range,IU,104,79.16666666666666,runs/yin_noise_matrix_20260926/results/r21dev_vgg16_bn_aa_s42/faces_rfwWM64/houses_yin64/results.csv,IU
mixed,Mixed faces / AA4,r21dev_vgg16_bn_aa_s42,face_transfer,124,two_cross,RFW WM64,Houses,0.36,0.38,50,within_sampled_range,IU,105,66.66666666666666,runs/yin_noise_matrix_20260926/results/r21dev_vgg16_bn_aa_s42/faces_rfwWM64/houses_yin64/results.csv,IU
mixed,Mixed faces / AA4,r21dev_vgg16_bn_aa_s42,face_transfer,124,two_cross,RFW WM64,Houses,0.36,0.38,50,within_sampled_range,IU,106,58.333333333333336,runs/yin_noise_matrix_20260926/results/r21dev_vgg16_bn_aa_s42/faces_rfwWM64/houses_yin64/results.csv,IU
mixed,Mixed faces / AA4,r21dev_vgg16_bn_aa_s42,face_transfer,124,two_cross,RFW WM64,Houses,0.36,0.38,50,within_sampled_range,IU,107,79.16666666666666,runs/yin_noise_matrix_20260926/results/r21dev_vgg16_bn_aa_s42/faces_rfwWM64/houses_yin64/results.csv,IU
mixed,Mixed faces / AA4,r21dev_vgg16_bn_aa_s42,face_transfer,124,two_cross,RFW WM64,Houses,0.36,0.38,50,within_sampled_range,IU,108,66.66666666666666,runs/yin_noise_matrix_20260926/results/r21dev_vgg16_bn_aa_s42/faces_rfwWM64/houses_yin64/results.csv,IU
mixed,Mixed faces / AA4,r21dev_vgg16_bn_aa_s42,face_transfer,124,two_cross,RFW WM64,Houses,0.36,0.38,50,within_sampled_range,IU,109,50.0,runs/yin_noise_matrix_20260926/results/r21dev_vgg16_bn_aa_s42/faces_rfwWM64/houses_yin64/results.csv,IU
mixed,Mixed faces / AA4,r21dev_vgg16_bn_aa_s42,face_transfer,124,two_cross,RFW WM64,Houses,0.36,0.38,50,within_sampled_range,IU,110,79.16666666666666,runs/yin_noise_matrix_20260926/results/r21dev_vgg16_bn_aa_s42/faces_rfwWM64/houses_yin64/results.csv,IU
mixed,Mixed faces / AA4,r21dev_vgg16_bn_aa_s42,face_transfer,124,two_cross,RFW WM64,Houses,0.36,0.38,50,within_sampled_range,IU,111,45.83333333333333,runs/yin_noise_matrix_20260926/results/r21dev_vgg16_bn_aa_s42/faces_rfwWM64/houses_yin64/results.csv,IU
mixed,Mixed faces / AA4,r21dev_vgg16_bn_aa_s42,face_transfer,124,two_cross,RFW WM64,Houses,0.36,0.38,50,within_sampled_range,IU,112,62.5,runs/yin_noise_matrix_20260926/results/r21dev_vgg16_bn_aa_s42/faces_rfwWM64/houses_yin64/results.csv,IU
mixed,Mixed faces / AA4,r21dev_vgg16_bn_aa_s42,face_transfer,124,two_cross,RFW WM64,Houses,0.36,0.38,50,within_sampled_range,IU,113,58.333333333333336,runs/yin_noise_matrix_20260926/results/r21dev_vgg16_bn_aa_s42/faces_rfwWM64/houses_yin64/results.csv,IU
mixed,Mixed faces / AA4,r21dev_vgg16_bn_aa_s42,face_transfer,124,two_cross,RFW WM64,Houses,0.36,0.38,50,within_sampled_range,IU,114,54.166666666666664,runs/yin_noise_matrix_20260926/results/r21dev_vgg16_bn_aa_s42/faces_rfwWM64/houses_yin64/results.csv,IU
mixed,Mixed faces / AA4,r21dev_vgg16_bn_aa_s42,face_transfer,124,two_cross,RFW WM64,Houses,0.36,0.38,50,within_sampled_range,IU,115,62.5,runs/yin_noise_matrix_20260926/results/r21dev_vgg16_bn_aa_s42/faces_rfwWM64/houses_yin64/results.csv,IU
mixed,Mixed faces / AA4,r21dev_vgg16_bn_aa_s42,face_transfer,124,two_cross,RFW WM64,Houses,0.36,0.38,50,within_sampled_range,IU,116,62.5,runs/yin_noise_matrix_20260926/results/r21dev_vgg16_bn_aa_s42/faces_rfwWM64/houses_yin64/results.csv,IU
mixed,Mixed faces / AA4,r21dev_vgg16_bn_aa_s42,face_transfer,124,two_cross,RFW WM64,Houses,0.36,0.38,50,within_sampled_range,IU,117,75.0,runs/yin_noise_matrix_20260926/results/r21dev_vgg16_bn_aa_s42/faces_rfwWM64/houses_yin64/results.csv,IU
mixed,Mixed faces / AA4,r21dev_vgg16_bn_aa_s42,face_transfer,124,two_cross,RFW WM64,Houses,0.36,0.38,50,within_sampled_range,IU,118,54.166666666666664,runs/yin_noise_matrix_20260926/results/r21dev_vgg16_bn_aa_s42/faces_rfwWM64/houses_yin64/results.csv,IU
mixed,Mixed faces / AA4,r21dev_vgg16_bn_aa_s42,face_transfer,124,two_cross,RFW WM64,Houses,0.36,0.38,50,within_sampled_range,IU,119,75.0,runs/yin_noise_matrix_20260926/results/r21dev_vgg16_bn_aa_s42/faces_rfwWM64/houses_yin64/results.csv,IU
mixed,Mixed faces / AA4,r21dev_vgg16_bn_aa_s42,face_transfer,124,two_cross,RFW WM64,Houses,0.36,0.38,50,within_sampled_range,IU,120,58.333333333333336,runs/yin_noise_matrix_20260926/results/r21dev_vgg16_bn_aa_s42/faces_rfwWM64/houses_yin64/results.csv,IU
mixed,Mixed faces / AA4,r21dev_vgg16_bn_aa_s42,face_transfer,124,two_cross,RFW WM64,Houses,0.36,0.38,50,within_sampled_range,IU,121,58.333333333333336,runs/yin_noise_matrix_20260926/results/r21dev_vgg16_bn_aa_s42/faces_rfwWM64/houses_yin64/results.csv,IU
mixed,Mixed faces / AA4,r21dev_vgg16_bn_aa_s42,face_transfer,124,two_cross,RFW WM64,Houses,0.36,0.38,50,within_sampled_range,IU,122,62.5,runs/yin_noise_matrix_20260926/results/r21dev_vgg16_bn_aa_s42/faces_rfwWM64/houses_yin64/results.csv,IU
mixed,Mixed faces / AA4,r21dev_vgg16_bn_aa_s42,face_transfer,124,two_cross,RFW WM64,Houses,0.36,0.38,50,within_sampled_range,IU,123,50.0,runs/yin_noise_matrix_20260926/results/r21dev_vgg16_bn_aa_s42/faces_rfwWM64/houses_yin64/results.csv,IU
mixed,Mixed faces / AA4,r21dev_vgg16_bn_aa_s42,face_transfer,124,two_cross,RFW WM64,Houses,0.36,0.38,50,within_sampled_range,IU,124,75.0,runs/yin_noise_matrix_20260926/results/r21dev_vgg16_bn_aa_s42/faces_rfwWM64/houses_yin64/results.csv,IU
mixed,Mixed faces / AA4,r21dev_vgg16_bn_aa_s42,face_transfer,124,two_cross,RFW WM64,Houses,0.36,0.38,50,within_sampled_range,IU,125,50.0,runs/yin_noise_matrix_20260926/results/r21dev_vgg16_bn_aa_s42/faces_rfwWM64/houses_yin64/results.csv,IU
mixed,Mixed faces / AA4,r21dev_vgg16_bn_aa_s42,face_transfer,124,two_cross,RFW WM64,Houses,0.36,0.38,50,within_sampled_range,IU,126,70.83333333333334,runs/yin_noise_matrix_20260926/results/r21dev_vgg16_bn_aa_s42/faces_rfwWM64/houses_yin64/results.csv,IU
mixed,Mixed faces / AA4,r21dev_vgg16_bn_aa_s42,face_transfer,124,two_cross,RFW WM64,Houses,0.36,0.38,50,within_sampled_range,IU,127,70.83333333333334,runs/yin_noise_matrix_20260926/results/r21dev_vgg16_bn_aa_s42/faces_rfwWM64/houses_yin64/results.csv,IU
mixed,Mixed faces / AA4,r21dev_vgg16_bn_aa_s42,face_transfer,124,two_cross,RFW WM64,Houses,0.36,0.38,50,within_sampled_range,IU,128,75.0,runs/yin_noise_matrix_20260926/results/r21dev_vgg16_bn_aa_s42/faces_rfwWM64/houses_yin64/results.csv,IU
mixed,Mixed faces / AA4,r21dev_vgg16_bn_aa_s42,face_transfer,124,two_cross,RFW WM64,Houses,0.36,0.38,50,within_sampled_range,IU,129,58.333333333333336,runs/yin_noise_matrix_20260926/results/r21dev_vgg16_bn_aa_s42/faces_rfwWM64/houses_yin64/results.csv,IU
mixed,Mixed faces / AA4,r21dev_vgg16_bn_aa_s42,face_transfer,124,two_cross,RFW WM64,Houses,0.36,0.38,50,within_sampled_range,IU,130,66.66666666666666,runs/yin_noise_matrix_20260926/results/r21dev_vgg16_bn_aa_s42/faces_rfwWM64/houses_yin64/results.csv,IU
mixed,Mixed faces / AA4,r21dev_vgg16_bn_aa_s42,face_transfer,124,two_cross,RFW WM64,Houses,0.36,0.38,50,within_sampled_range,IU,131,66.66666666666666,runs/yin_noise_matrix_20260926/results/r21dev_vgg16_bn_aa_s42/faces_rfwWM64/houses_yin64/results.csv,IU
mixed,Mixed faces / AA4,r21dev_vgg16_bn_aa_s42,face_transfer,124,two_cross,RFW WM64,Houses,0.36,0.38,50,within_sampled_range,IU,132,66.66666666666666,runs/yin_noise_matrix_20260926/results/r21dev_vgg16_bn_aa_s42/faces_rfwWM64/houses_yin64/results.csv,IU
mixed,Mixed faces / AA4,r21dev_vgg16_bn_aa_s42,face_transfer,124,two_cross,RFW WM64,Houses,0.36,0.38,50,within_sampled_range,IU,133,54.166666666666664,runs/yin_noise_matrix_20260926/results/r21dev_vgg16_bn_aa_s42/faces_rfwWM64/houses_yin64/results.csv,IU
mixed,Mixed faces / AA4,r21dev_vgg16_bn_aa_s42,face_transfer,124,two_cross,RFW WM64,Houses,0.36,0.38,50,within_sampled_range,IU,134,70.83333333333334,runs/yin_noise_matrix_20260926/results/r21dev_vgg16_bn_aa_s42/faces_rfwWM64/houses_yin64/results.csv,IU
mixed,Mixed faces / AA4,r21dev_vgg16_bn_aa_s42,face_transfer,124,two_cross,RFW WM64,Houses,0.36,0.38,50,within_sampled_range,IU,135,66.66666666666666,runs/yin_noise_matrix_20260926/results/r21dev_vgg16_bn_aa_s42/faces_rfwWM64/houses_yin64/results.csv,IU
mixed,Mixed faces / AA4,r21dev_vgg16_bn_aa_s42,face_transfer,124,two_cross,RFW WM64,Houses,0.36,0.38,50,within_sampled_range,IU,136,58.333333333333336,runs/yin_noise_matrix_20260926/results/r21dev_vgg16_bn_aa_s42/faces_rfwWM64/houses_yin64/results.csv,IU
mixed,Mixed faces / AA4,r21dev_vgg16_bn_aa_s42,face_transfer,124,two_cross,RFW WM64,Houses,0.36,0.38,50,within_sampled_range,IU,137,75.0,runs/yin_noise_matrix_20260926/results/r21dev_vgg16_bn_aa_s42/faces_rfwWM64/houses_yin64/results.csv,IU
mixed,Mixed faces / AA4,r21dev_vgg16_bn_aa_s42,face_transfer,124,two_cross,RFW WM64,Houses,0.36,0.38,50,within_sampled_range,IU,138,41.66666666666667,runs/yin_noise_matrix_20260926/results/r21dev_vgg16_bn_aa_s42/faces_rfwWM64/houses_yin64/results.csv,IU
mixed,Mixed faces / AA4,r21dev_vgg16_bn_aa_s42,face_transfer,124,two_cross,RFW WM64,Houses,0.36,0.38,50,within_sampled_range,IU,139,62.5,runs/yin_noise_matrix_20260926/results/r21dev_vgg16_bn_aa_s42/faces_rfwWM64/houses_yin64/results.csv,IU
mixed,Mixed faces / AA4,r21dev_vgg16_bn_aa_s42,face_transfer,124,two_cross,RFW WM64,Houses,0.36,0.38,50,within_sampled_range,IU,140,45.83333333333333,runs/yin_noise_matrix_20260926/results/r21dev_vgg16_bn_aa_s42/faces_rfwWM64/houses_yin64/results.csv,IU
mixed,Mixed faces / AA4,r21dev_vgg16_bn_aa_s42,face_transfer,124,two_cross,RFW WM64,Houses,0.36,0.38,50,within_sampled_range,IU,141,62.5,runs/yin_noise_matrix_20260926/results/r21dev_vgg16_bn_aa_s42/faces_rfwWM64/houses_yin64/results.csv,IU
mixed,Mixed faces / AA4,r21dev_vgg16_bn_aa_s42,face_transfer,124,two_cross,RFW WM64,Houses,0.36,0.38,50,within_sampled_range,IU,142,66.66666666666666,runs/yin_noise_matrix_20260926/results/r21dev_vgg16_bn_aa_s42/faces_rfwWM64/houses_yin64/results.csv,IU
mixed,Mixed faces / AA4,r21dev_vgg16_bn_aa_s42,face_transfer,124,two_cross,RFW WM64,Houses,0.36,0.38,50,within_sampled_range,IU,143,54.166666666666664,runs/yin_noise_matrix_20260926/results/r21dev_vgg16_bn_aa_s42/faces_rfwWM64/houses_yin64/results.csv,IU
mixed,Mixed faces / AA4,r21dev_vgg16_bn_aa_s42,face_transfer,124,two_cross,RFW WM64,Houses,0.36,0.38,50,within_sampled_range,IU,144,62.5,runs/yin_noise_matrix_20260926/results/r21dev_vgg16_bn_aa_s42/faces_rfwWM64/houses_yin64/results.csv,IU
mixed,Mixed faces / AA4,r21dev_vgg16_bn_aa_s42,face_transfer,124,two_cross,RFW WM64,Houses,0.36,0.38,50,within_sampled_range,IU,145,66.66666666666666,runs/yin_noise_matrix_20260926/results/r21dev_vgg16_bn_aa_s42/faces_rfwWM64/houses_yin64/results.csv,IU
mixed,Mixed faces / AA4,r21dev_vgg16_bn_aa_s42,face_transfer,124,two_cross,RFW WM64,Houses,0.36,0.38,50,within_sampled_range,IU,146,66.66666666666666,runs/yin_noise_matrix_20260926/results/r21dev_vgg16_bn_aa_s42/faces_rfwWM64/houses_yin64/results.csv,IU
mixed,Mixed faces / AA4,r21dev_vgg16_bn_aa_s42,face_transfer,124,two_cross,RFW WM64,Houses,0.36,0.38,50,within_sampled_range,IU,147,66.66666666666666,runs/yin_noise_matrix_20260926/results/r21dev_vgg16_bn_aa_s42/faces_rfwWM64/houses_yin64/results.csv,IU
mixed,Mixed faces / AA4,r21dev_vgg16_bn_aa_s42,face_transfer,124,two_cross,RFW WM64,Houses,0.36,0.38,50,within_sampled_range,IU,148,79.16666666666666,runs/yin_noise_matrix_20260926/results/r21dev_vgg16_bn_aa_s42/faces_rfwWM64/houses_yin64/results.csv,IU
mixed,Mixed faces / AA4,r21dev_vgg16_bn_aa_s42,face_transfer,124,two_cross,RFW WM64,Houses,0.36,0.38,50,within_sampled_range,IU,149,50.0,runs/yin_noise_matrix_20260926/results/r21dev_vgg16_bn_aa_s42/faces_rfwWM64/houses_yin64/results.csv,IU
mixed,Mixed faces / AA4,r21dev_vgg16_bn_aa_s42,face_transfer,124,two_cross,RFW WM64,Houses,0.36,0.38,50,within_sampled_range,IU,150,62.5,runs/yin_noise_matrix_20260926/results/r21dev_vgg16_bn_aa_s42/faces_rfwWM64/houses_yin64/results.csv,IU
mixed,Mixed faces / AA4,r21dev_vgg16_bn_aa_s42,face_transfer,124,two_shared_ui,RFW WM64,Houses,0.36,0.38,50,within_sampled_range,UU,101,70.83333333333334,runs/yin_noise_matrix_20260926/results/r21dev_vgg16_bn_aa_s42/faces_rfwWM64/houses_yin64/results.csv,UU
mixed,Mixed faces / AA4,r21dev_vgg16_bn_aa_s42,face_transfer,124,two_shared_ui,RFW WM64,Houses,0.36,0.38,50,within_sampled_range,UU,102,70.83333333333334,runs/yin_noise_matrix_20260926/results/r21dev_vgg16_bn_aa_s42/faces_rfwWM64/houses_yin64/results.csv,UU
mixed,Mixed faces / AA4,r21dev_vgg16_bn_aa_s42,face_transfer,124,two_shared_ui,RFW WM64,Houses,0.36,0.38,50,within_sampled_range,UU,103,66.66666666666666,runs/yin_noise_matrix_20260926/results/r21dev_vgg16_bn_aa_s42/faces_rfwWM64/houses_yin64/results.csv,UU
mixed,Mixed faces / AA4,r21dev_vgg16_bn_aa_s42,face_transfer,124,two_shared_ui,RFW WM64,Houses,0.36,0.38,50,within_sampled_range,UU,104,79.16666666666666,runs/yin_noise_matrix_20260926/results/r21dev_vgg16_bn_aa_s42/faces_rfwWM64/houses_yin64/results.csv,UU
mixed,Mixed faces / AA4,r21dev_vgg16_bn_aa_s42,face_transfer,124,two_shared_ui,RFW WM64,Houses,0.36,0.38,50,within_sampled_range,UU,105,54.166666666666664,runs/yin_noise_matrix_20260926/results/r21dev_vgg16_bn_aa_s42/faces_rfwWM64/houses_yin64/results.csv,UU
mixed,Mixed faces / AA4,r21dev_vgg16_bn_aa_s42,face_transfer,124,two_shared_ui,RFW WM64,Houses,0.36,0.38,50,within_sampled_range,UU,106,50.0,runs/yin_noise_matrix_20260926/results/r21dev_vgg16_bn_aa_s42/faces_rfwWM64/houses_yin64/results.csv,UU
mixed,Mixed faces / AA4,r21dev_vgg16_bn_aa_s42,face_transfer,124,two_shared_ui,RFW WM64,Houses,0.36,0.38,50,within_sampled_range,UU,107,70.83333333333334,runs/yin_noise_matrix_20260926/results/r21dev_vgg16_bn_aa_s42/faces_rfwWM64/houses_yin64/results.csv,UU
mixed,Mixed faces / AA4,r21dev_vgg16_bn_aa_s42,face_transfer,124,two_shared_ui,RFW WM64,Houses,0.36,0.38,50,within_sampled_range,UU,108,83.33333333333334,runs/yin_noise_matrix_20260926/results/r21dev_vgg16_bn_aa_s42/faces_rfwWM64/houses_yin64/results.csv,UU
mixed,Mixed faces / AA4,r21dev_vgg16_bn_aa_s42,face_transfer,124,two_shared_ui,RFW WM64,Houses,0.36,0.38,50,within_sampled_range,UU,109,62.5,runs/yin_noise_matrix_20260926/results/r21dev_vgg16_bn_aa_s42/faces_rfwWM64/houses_yin64/results.csv,UU
mixed,Mixed faces / AA4,r21dev_vgg16_bn_aa_s42,face_transfer,124,two_shared_ui,RFW WM64,Houses,0.36,0.38,50,within_sampled_range,UU,110,66.66666666666666,runs/yin_noise_matrix_20260926/results/r21dev_vgg16_bn_aa_s42/faces_rfwWM64/houses_yin64/results.csv,UU
mixed,Mixed faces / AA4,r21dev_vgg16_bn_aa_s42,face_transfer,124,two_shared_ui,RFW WM64,Houses,0.36,0.38,50,within_sampled_range,UU,111,70.83333333333334,runs/yin_noise_matrix_20260926/results/r21dev_vgg16_bn_aa_s42/faces_rfwWM64/houses_yin64/results.csv,UU
mixed,Mixed faces / AA4,r21dev_vgg16_bn_aa_s42,face_transfer,124,two_shared_ui,RFW WM64,Houses,0.36,0.38,50,within_sampled_range,UU,112,70.83333333333334,runs/yin_noise_matrix_20260926/results/r21dev_vgg16_bn_aa_s42/faces_rfwWM64/houses_yin64/results.csv,UU
mixed,Mixed faces / AA4,r21dev_vgg16_bn_aa_s42,face_transfer,124,two_shared_ui,RFW WM64,Houses,0.36,0.38,50,within_sampled_range,UU,113,83.33333333333334,runs/yin_noise_matrix_20260926/results/r21dev_vgg16_bn_aa_s42/faces_rfwWM64/houses_yin64/results.csv,UU
mixed,Mixed faces / AA4,r21dev_vgg16_bn_aa_s42,face_transfer,124,two_shared_ui,RFW WM64,Houses,0.36,0.38,50,within_sampled_range,UU,114,83.33333333333334,runs/yin_noise_matrix_20260926/results/r21dev_vgg16_bn_aa_s42/faces_rfwWM64/houses_yin64/results.csv,UU
mixed,Mixed faces / AA4,r21dev_vgg16_bn_aa_s42,face_transfer,124,two_shared_ui,RFW WM64,Houses,0.36,0.38,50,within_sampled_range,UU,115,66.66666666666666,runs/yin_noise_matrix_20260926/results/r21dev_vgg16_bn_aa_s42/faces_rfwWM64/houses_yin64/results.csv,UU
mixed,Mixed faces / AA4,r21dev_vgg16_bn_aa_s42,face_transfer,124,two_shared_ui,RFW WM64,Houses,0.36,0.38,50,within_sampled_range,UU,116,83.33333333333334,runs/yin_noise_matrix_20260926/results/r21dev_vgg16_bn_aa_s42/faces_rfwWM64/houses_yin64/results.csv,UU
mixed,Mixed faces / AA4,r21dev_vgg16_bn_aa_s42,face_transfer,124,two_shared_ui,RFW WM64,Houses,0.36,0.38,50,within_sampled_range,UU,117,70.83333333333334,runs/yin_noise_matrix_20260926/results/r21dev_vgg16_bn_aa_s42/faces_rfwWM64/houses_yin64/results.csv,UU
mixed,Mixed faces / AA4,r21dev_vgg16_bn_aa_s42,face_transfer,124,two_shared_ui,RFW WM64,Houses,0.36,0.38,50,within_sampled_range,UU,118,91.66666666666666,runs/yin_noise_matrix_20260926/results/r21dev_vgg16_bn_aa_s42/faces_rfwWM64/houses_yin64/results.csv,UU
mixed,Mixed faces / AA4,r21dev_vgg16_bn_aa_s42,face_transfer,124,two_shared_ui,RFW WM64,Houses,0.36,0.38,50,within_sampled_range,UU,119,70.83333333333334,runs/yin_noise_matrix_20260926/results/r21dev_vgg16_bn_aa_s42/faces_rfwWM64/houses_yin64/results.csv,UU
mixed,Mixed faces / AA4,r21dev_vgg16_bn_aa_s42,face_transfer,124,two_shared_ui,RFW WM64,Houses,0.36,0.38,50,within_sampled_range,UU,120,75.0,runs/yin_noise_matrix_20260926/results/r21dev_vgg16_bn_aa_s42/faces_rfwWM64/houses_yin64/results.csv,UU
mixed,Mixed faces / AA4,r21dev_vgg16_bn_aa_s42,face_transfer,124,two_shared_ui,RFW WM64,Houses,0.36,0.38,50,within_sampled_range,UU,121,62.5,runs/yin_noise_matrix_20260926/results/r21dev_vgg16_bn_aa_s42/faces_rfwWM64/houses_yin64/results.csv,UU
mixed,Mixed faces / AA4,r21dev_vgg16_bn_aa_s42,face_transfer,124,two_shared_ui,RFW WM64,Houses,0.36,0.38,50,within_sampled_range,UU,122,75.0,runs/yin_noise_matrix_20260926/results/r21dev_vgg16_bn_aa_s42/faces_rfwWM64/houses_yin64/results.csv,UU
mixed,Mixed faces / AA4,r21dev_vgg16_bn_aa_s42,face_transfer,124,two_shared_ui,RFW WM64,Houses,0.36,0.38,50,within_sampled_range,UU,123,83.33333333333334,runs/yin_noise_matrix_20260926/results/r21dev_vgg16_bn_aa_s42/faces_rfwWM64/houses_yin64/results.csv,UU
mixed,Mixed faces / AA4,r21dev_vgg16_bn_aa_s42,face_transfer,124,two_shared_ui,RFW WM64,Houses,0.36,0.38,50,within_sampled_range,UU,124,66.66666666666666,runs/yin_noise_matrix_20260926/results/r21dev_vgg16_bn_aa_s42/faces_rfwWM64/houses_yin64/results.csv,UU
mixed,Mixed faces / AA4,r21dev_vgg16_bn_aa_s42,face_transfer,124,two_shared_ui,RFW WM64,Houses,0.36,0.38,50,within_sampled_range,UU,125,58.333333333333336,runs/yin_noise_matrix_20260926/results/r21dev_vgg16_bn_aa_s42/faces_rfwWM64/houses_yin64/results.csv,UU
mixed,Mixed faces / AA4,r21dev_vgg16_bn_aa_s42,face_transfer,124,two_shared_ui,RFW WM64,Houses,0.36,0.38,50,within_sampled_range,UU,126,62.5,runs/yin_noise_matrix_20260926/results/r21dev_vgg16_bn_aa_s42/faces_rfwWM64/houses_yin64/results.csv,UU
mixed,Mixed faces / AA4,r21dev_vgg16_bn_aa_s42,face_transfer,124,two_shared_ui,RFW WM64,Houses,0.36,0.38,50,within_sampled_range,UU,127,79.16666666666666,runs/yin_noise_matrix_20260926/results/r21dev_vgg16_bn_aa_s42/faces_rfwWM64/houses_yin64/results.csv,UU
mixed,Mixed faces / AA4,r21dev_vgg16_bn_aa_s42,face_transfer,124,two_shared_ui,RFW WM64,Houses,0.36,0.38,50,within_sampled_range,UU,128,66.66666666666666,runs/yin_noise_matrix_20260926/results/r21dev_vgg16_bn_aa_s42/faces_rfwWM64/houses_yin64/results.csv,UU
mixed,Mixed faces / AA4,r21dev_vgg16_bn_aa_s42,face_transfer,124,two_shared_ui,RFW WM64,Houses,0.36,0.38,50,within_sampled_range,UU,129,62.5,runs/yin_noise_matrix_20260926/results/r21dev_vgg16_bn_aa_s42/faces_rfwWM64/houses_yin64/results.csv,UU
mixed,Mixed faces / AA4,r21dev_vgg16_bn_aa_s42,face_transfer,124,two_shared_ui,RFW WM64,Houses,0.36,0.38,50,within_sampled_range,UU,130,79.16666666666666,runs/yin_noise_matrix_20260926/results/r21dev_vgg16_bn_aa_s42/faces_rfwWM64/houses_yin64/results.csv,UU
mixed,Mixed faces / AA4,r21dev_vgg16_bn_aa_s42,face_transfer,124,two_shared_ui,RFW WM64,Houses,0.36,0.38,50,within_sampled_range,UU,131,62.5,runs/yin_noise_matrix_20260926/results/r21dev_vgg16_bn_aa_s42/faces_rfwWM64/houses_yin64/results.csv,UU
mixed,Mixed faces / AA4,r21dev_vgg16_bn_aa_s42,face_transfer,124,two_shared_ui,RFW WM64,Houses,0.36,0.38,50,within_sampled_range,UU,132,54.166666666666664,runs/yin_noise_matrix_20260926/results/r21dev_vgg16_bn_aa_s42/faces_rfwWM64/houses_yin64/results.csv,UU
mixed,Mixed faces / AA4,r21dev_vgg16_bn_aa_s42,face_transfer,124,two_shared_ui,RFW WM64,Houses,0.36,0.38,50,within_sampled_range,UU,133,70.83333333333334,runs/yin_noise_matrix_20260926/results/r21dev_vgg16_bn_aa_s42/faces_rfwWM64/houses_yin64/results.csv,UU
mixed,Mixed faces / AA4,r21dev_vgg16_bn_aa_s42,face_transfer,124,two_shared_ui,RFW WM64,Houses,0.36,0.38,50,within_sampled_range,UU,134,66.66666666666666,runs/yin_noise_matrix_20260926/results/r21dev_vgg16_bn_aa_s42/faces_rfwWM64/houses_yin64/results.csv,UU
mixed,Mixed faces / AA4,r21dev_vgg16_bn_aa_s42,face_transfer,124,two_shared_ui,RFW WM64,Houses,0.36,0.38,50,within_sampled_range,UU,135,70.83333333333334,runs/yin_noise_matrix_20260926/results/r21dev_vgg16_bn_aa_s42/faces_rfwWM64/houses_yin64/results.csv,UU
mixed,Mixed faces / AA4,r21dev_vgg16_bn_aa_s42,face_transfer,124,two_shared_ui,RFW WM64,Houses,0.36,0.38,50,within_sampled_range,UU,136,62.5,runs/yin_noise_matrix_20260926/results/r21dev_vgg16_bn_aa_s42/faces_rfwWM64/houses_yin64/results.csv,UU
mixed,Mixed faces / AA4,r21dev_vgg16_bn_aa_s42,face_transfer,124,two_shared_ui,RFW WM64,Houses,0.36,0.38,50,within_sampled_range,UU,137,79.16666666666666,runs/yin_noise_matrix_20260926/results/r21dev_vgg16_bn_aa_s42/faces_rfwWM64/houses_yin64/results.csv,UU
mixed,Mixed faces / AA4,r21dev_vgg16_bn_aa_s42,face_transfer,124,two_shared_ui,RFW WM64,Houses,0.36,0.38,50,within_sampled_range,UU,138,66.66666666666666,runs/yin_noise_matrix_20260926/results/r21dev_vgg16_bn_aa_s42/faces_rfwWM64/houses_yin64/results.csv,UU
mixed,Mixed faces / AA4,r21dev_vgg16_bn_aa_s42,face_transfer,124,two_shared_ui,RFW WM64,Houses,0.36,0.38,50,within_sampled_range,UU,139,75.0,runs/yin_noise_matrix_20260926/results/r21dev_vgg16_bn_aa_s42/faces_rfwWM64/houses_yin64/results.csv,UU
mixed,Mixed faces / AA4,r21dev_vgg16_bn_aa_s42,face_transfer,124,two_shared_ui,RFW WM64,Houses,0.36,0.38,50,within_sampled_range,UU,140,66.66666666666666,runs/yin_noise_matrix_20260926/results/r21dev_vgg16_bn_aa_s42/faces_rfwWM64/houses_yin64/results.csv,UU
mixed,Mixed faces / AA4,r21dev_vgg16_bn_aa_s42,face_transfer,124,two_shared_ui,RFW WM64,Houses,0.36,0.38,50,within_sampled_range,UU,141,75.0,runs/yin_noise_matrix_20260926/results/r21dev_vgg16_bn_aa_s42/faces_rfwWM64/houses_yin64/results.csv,UU
mixed,Mixed faces / AA4,r21dev_vgg16_bn_aa_s42,face_transfer,124,two_shared_ui,RFW WM64,Houses,0.36,0.38,50,within_sampled_range,UU,142,79.16666666666666,runs/yin_noise_matrix_20260926/results/r21dev_vgg16_bn_aa_s42/faces_rfwWM64/houses_yin64/results.csv,UU
mixed,Mixed faces / AA4,r21dev_vgg16_bn_aa_s42,face_transfer,124,two_shared_ui,RFW WM64,Houses,0.36,0.38,50,within_sampled_range,UU,143,58.333333333333336,runs/yin_noise_matrix_20260926/results/r21dev_vgg16_bn_aa_s42/faces_rfwWM64/houses_yin64/results.csv,UU
mixed,Mixed faces / AA4,r21dev_vgg16_bn_aa_s42,face_transfer,124,two_shared_ui,RFW WM64,Houses,0.36,0.38,50,within_sampled_range,UU,144,70.83333333333334,runs/yin_noise_matrix_20260926/results/r21dev_vgg16_bn_aa_s42/faces_rfwWM64/houses_yin64/results.csv,UU
mixed,Mixed faces / AA4,r21dev_vgg16_bn_aa_s42,face_transfer,124,two_shared_ui,RFW WM64,Houses,0.36,0.38,50,within_sampled_range,UU,145,70.83333333333334,runs/yin_noise_matrix_20260926/results/r21dev_vgg16_bn_aa_s42/faces_rfwWM64/houses_yin64/results.csv,UU
mixed,Mixed faces / AA4,r21dev_vgg16_bn_aa_s42,face_transfer,124,two_shared_ui,RFW WM64,Houses,0.36,0.38,50,within_sampled_range,UU,146,79.16666666666666,runs/yin_noise_matrix_20260926/results/r21dev_vgg16_bn_aa_s42/faces_rfwWM64/houses_yin64/results.csv,UU
mixed,Mixed faces / AA4,r21dev_vgg16_bn_aa_s42,face_transfer,124,two_shared_ui,RFW WM64,Houses,0.36,0.38,50,within_sampled_range,UU,147,66.66666666666666,runs/yin_noise_matrix_20260926/results/r21dev_vgg16_bn_aa_s42/faces_rfwWM64/houses_yin64/results.csv,UU
mixed,Mixed faces / AA4,r21dev_vgg16_bn_aa_s42,face_transfer,124,two_shared_ui,RFW WM64,Houses,0.36,0.38,50,within_sampled_range,UU,148,87.5,runs/yin_noise_matrix_20260926/results/r21dev_vgg16_bn_aa_s42/faces_rfwWM64/houses_yin64/results.csv,UU
mixed,Mixed faces / AA4,r21dev_vgg16_bn_aa_s42,face_transfer,124,two_shared_ui,RFW WM64,Houses,0.36,0.38,50,within_sampled_range,UU,149,75.0,runs/yin_noise_matrix_20260926/results/r21dev_vgg16_bn_aa_s42/faces_rfwWM64/houses_yin64/results.csv,UU
mixed,Mixed faces / AA4,r21dev_vgg16_bn_aa_s42,face_transfer,124,two_shared_ui,RFW WM64,Houses,0.36,0.38,50,within_sampled_range,UU,150,66.66666666666666,runs/yin_noise_matrix_20260926/results/r21dev_vgg16_bn_aa_s42/faces_rfwWM64/houses_yin64/results.csv,UU
mixed,Mixed faces / AA4,r21dev_vgg16_bn_aa_s42,face_transfer,124,two_shared_ui,RFW WM64,Houses,0.36,0.38,50,within_sampled_range,II,101,58.333333333333336,runs/yin_noise_matrix_20260926/results/r21dev_vgg16_bn_aa_s42/faces_rfwWM64/houses_yin64/results.csv,II
mixed,Mixed faces / AA4,r21dev_vgg16_bn_aa_s42,face_transfer,124,two_shared_ui,RFW WM64,Houses,0.36,0.38,50,within_sampled_range,II,102,58.333333333333336,runs/yin_noise_matrix_20260926/results/r21dev_vgg16_bn_aa_s42/faces_rfwWM64/houses_yin64/results.csv,II
mixed,Mixed faces / AA4,r21dev_vgg16_bn_aa_s42,face_transfer,124,two_shared_ui,RFW WM64,Houses,0.36,0.38,50,within_sampled_range,II,103,79.16666666666666,runs/yin_noise_matrix_20260926/results/r21dev_vgg16_bn_aa_s42/faces_rfwWM64/houses_yin64/results.csv,II
mixed,Mixed faces / AA4,r21dev_vgg16_bn_aa_s42,face_transfer,124,two_shared_ui,RFW WM64,Houses,0.36,0.38,50,within_sampled_range,II,104,66.66666666666666,runs/yin_noise_matrix_20260926/results/r21dev_vgg16_bn_aa_s42/faces_rfwWM64/houses_yin64/results.csv,II
mixed,Mixed faces / AA4,r21dev_vgg16_bn_aa_s42,face_transfer,124,two_shared_ui,RFW WM64,Houses,0.36,0.38,50,within_sampled_range,II,105,58.333333333333336,runs/yin_noise_matrix_20260926/results/r21dev_vgg16_bn_aa_s42/faces_rfwWM64/houses_yin64/results.csv,II
mixed,Mixed faces / AA4,r21dev_vgg16_bn_aa_s42,face_transfer,124,two_shared_ui,RFW WM64,Houses,0.36,0.38,50,within_sampled_range,II,106,75.0,runs/yin_noise_matrix_20260926/results/r21dev_vgg16_bn_aa_s42/faces_rfwWM64/houses_yin64/results.csv,II
mixed,Mixed faces / AA4,r21dev_vgg16_bn_aa_s42,face_transfer,124,two_shared_ui,RFW WM64,Houses,0.36,0.38,50,within_sampled_range,II,107,79.16666666666666,runs/yin_noise_matrix_20260926/results/r21dev_vgg16_bn_aa_s42/faces_rfwWM64/houses_yin64/results.csv,II
mixed,Mixed faces / AA4,r21dev_vgg16_bn_aa_s42,face_transfer,124,two_shared_ui,RFW WM64,Houses,0.36,0.38,50,within_sampled_range,II,108,45.83333333333333,runs/yin_noise_matrix_20260926/results/r21dev_vgg16_bn_aa_s42/faces_rfwWM64/houses_yin64/results.csv,II
mixed,Mixed faces / AA4,r21dev_vgg16_bn_aa_s42,face_transfer,124,two_shared_ui,RFW WM64,Houses,0.36,0.38,50,within_sampled_range,II,109,58.333333333333336,runs/yin_noise_matrix_20260926/results/r21dev_vgg16_bn_aa_s42/faces_rfwWM64/houses_yin64/results.csv,II
mixed,Mixed faces / AA4,r21dev_vgg16_bn_aa_s42,face_transfer,124,two_shared_ui,RFW WM64,Houses,0.36,0.38,50,within_sampled_range,II,110,70.83333333333334,runs/yin_noise_matrix_20260926/results/r21dev_vgg16_bn_aa_s42/faces_rfwWM64/houses_yin64/results.csv,II
mixed,Mixed faces / AA4,r21dev_vgg16_bn_aa_s42,face_transfer,124,two_shared_ui,RFW WM64,Houses,0.36,0.38,50,within_sampled_range,II,111,62.5,runs/yin_noise_matrix_20260926/results/r21dev_vgg16_bn_aa_s42/faces_rfwWM64/houses_yin64/results.csv,II
mixed,Mixed faces / AA4,r21dev_vgg16_bn_aa_s42,face_transfer,124,two_shared_ui,RFW WM64,Houses,0.36,0.38,50,within_sampled_range,II,112,70.83333333333334,runs/yin_noise_matrix_20260926/results/r21dev_vgg16_bn_aa_s42/faces_rfwWM64/houses_yin64/results.csv,II
mixed,Mixed faces / AA4,r21dev_vgg16_bn_aa_s42,face_transfer,124,two_shared_ui,RFW WM64,Houses,0.36,0.38,50,within_sampled_range,II,113,54.166666666666664,runs/yin_noise_matrix_20260926/results/r21dev_vgg16_bn_aa_s42/faces_rfwWM64/houses_yin64/results.csv,II
mixed,Mixed faces / AA4,r21dev_vgg16_bn_aa_s42,face_transfer,124,two_shared_ui,RFW WM64,Houses,0.36,0.38,50,within_sampled_range,II,114,58.333333333333336,runs/yin_noise_matrix_20260926/results/r21dev_vgg16_bn_aa_s42/faces_rfwWM64/houses_yin64/results.csv,II
mixed,Mixed faces / AA4,r21dev_vgg16_bn_aa_s42,face_transfer,124,two_shared_ui,RFW WM64,Houses,0.36,0.38,50,within_sampled_range,II,115,70.83333333333334,runs/yin_noise_matrix_20260926/results/r21dev_vgg16_bn_aa_s42/faces_rfwWM64/houses_yin64/results.csv,II
mixed,Mixed faces / AA4,r21dev_vgg16_bn_aa_s42,face_transfer,124,two_shared_ui,RFW WM64,Houses,0.36,0.38,50,within_sampled_range,II,116,62.5,runs/yin_noise_matrix_20260926/results/r21dev_vgg16_bn_aa_s42/faces_rfwWM64/houses_yin64/results.csv,II
mixed,Mixed faces / AA4,r21dev_vgg16_bn_aa_s42,face_transfer,124,two_shared_ui,RFW WM64,Houses,0.36,0.38,50,within_sampled_range,II,117,50.0,runs/yin_noise_matrix_20260926/results/r21dev_vgg16_bn_aa_s42/faces_rfwWM64/houses_yin64/results.csv,II
mixed,Mixed faces / AA4,r21dev_vgg16_bn_aa_s42,face_transfer,124,two_shared_ui,RFW WM64,Houses,0.36,0.38,50,within_sampled_range,II,118,58.333333333333336,runs/yin_noise_matrix_20260926/results/r21dev_vgg16_bn_aa_s42/faces_rfwWM64/houses_yin64/results.csv,II
mixed,Mixed faces / AA4,r21dev_vgg16_bn_aa_s42,face_transfer,124,two_shared_ui,RFW WM64,Houses,0.36,0.38,50,within_sampled_range,II,119,66.66666666666666,runs/yin_noise_matrix_20260926/results/r21dev_vgg16_bn_aa_s42/faces_rfwWM64/houses_yin64/results.csv,II
mixed,Mixed faces / AA4,r21dev_vgg16_bn_aa_s42,face_transfer,124,two_shared_ui,RFW WM64,Houses,0.36,0.38,50,within_sampled_range,II,120,66.66666666666666,runs/yin_noise_matrix_20260926/results/r21dev_vgg16_bn_aa_s42/faces_rfwWM64/houses_yin64/results.csv,II
mixed,Mixed faces / AA4,r21dev_vgg16_bn_aa_s42,face_transfer,124,two_shared_ui,RFW WM64,Houses,0.36,0.38,50,within_sampled_range,II,121,75.0,runs/yin_noise_matrix_20260926/results/r21dev_vgg16_bn_aa_s42/faces_rfwWM64/houses_yin64/results.csv,II
mixed,Mixed faces / AA4,r21dev_vgg16_bn_aa_s42,face_transfer,124,two_shared_ui,RFW WM64,Houses,0.36,0.38,50,within_sampled_range,II,122,66.66666666666666,runs/yin_noise_matrix_20260926/results/r21dev_vgg16_bn_aa_s42/faces_rfwWM64/houses_yin64/results.csv,II
mixed,Mixed faces / AA4,r21dev_vgg16_bn_aa_s42,face_transfer,124,two_shared_ui,RFW WM64,Houses,0.36,0.38,50,within_sampled_range,II,123,50.0,runs/yin_noise_matrix_20260926/results/r21dev_vgg16_bn_aa_s42/faces_rfwWM64/houses_yin64/results.csv,II
mixed,Mixed faces / AA4,r21dev_vgg16_bn_aa_s42,face_transfer,124,two_shared_ui,RFW WM64,Houses,0.36,0.38,50,within_sampled_range,II,124,58.333333333333336,runs/yin_noise_matrix_20260926/results/r21dev_vgg16_bn_aa_s42/faces_rfwWM64/houses_yin64/results.csv,II
mixed,Mixed faces / AA4,r21dev_vgg16_bn_aa_s42,face_transfer,124,two_shared_ui,RFW WM64,Houses,0.36,0.38,50,within_sampled_range,II,125,45.83333333333333,runs/yin_noise_matrix_20260926/results/r21dev_vgg16_bn_aa_s42/faces_rfwWM64/houses_yin64/results.csv,II
mixed,Mixed faces / AA4,r21dev_vgg16_bn_aa_s42,face_transfer,124,two_shared_ui,RFW WM64,Houses,0.36,0.38,50,within_sampled_range,II,126,62.5,runs/yin_noise_matrix_20260926/results/r21dev_vgg16_bn_aa_s42/faces_rfwWM64/houses_yin64/results.csv,II
mixed,Mixed faces / AA4,r21dev_vgg16_bn_aa_s42,face_transfer,124,two_shared_ui,RFW WM64,Houses,0.36,0.38,50,within_sampled_range,II,127,75.0,runs/yin_noise_matrix_20260926/results/r21dev_vgg16_bn_aa_s42/faces_rfwWM64/houses_yin64/results.csv,II
mixed,Mixed faces / AA4,r21dev_vgg16_bn_aa_s42,face_transfer,124,two_shared_ui,RFW WM64,Houses,0.36,0.38,50,within_sampled_range,II,128,83.33333333333334,runs/yin_noise_matrix_20260926/results/r21dev_vgg16_bn_aa_s42/faces_rfwWM64/houses_yin64/results.csv,II
mixed,Mixed faces / AA4,r21dev_vgg16_bn_aa_s42,face_transfer,124,two_shared_ui,RFW WM64,Houses,0.36,0.38,50,within_sampled_range,II,129,66.66666666666666,runs/yin_noise_matrix_20260926/results/r21dev_vgg16_bn_aa_s42/faces_rfwWM64/houses_yin64/results.csv,II
mixed,Mixed faces / AA4,r21dev_vgg16_bn_aa_s42,face_transfer,124,two_shared_ui,RFW WM64,Houses,0.36,0.38,50,within_sampled_range,II,130,75.0,runs/yin_noise_matrix_20260926/results/r21dev_vgg16_bn_aa_s42/faces_rfwWM64/houses_yin64/results.csv,II
mixed,Mixed faces / AA4,r21dev_vgg16_bn_aa_s42,face_transfer,124,two_shared_ui,RFW WM64,Houses,0.36,0.38,50,within_sampled_range,II,131,70.83333333333334,runs/yin_noise_matrix_20260926/results/r21dev_vgg16_bn_aa_s42/faces_rfwWM64/houses_yin64/results.csv,II
mixed,Mixed faces / AA4,r21dev_vgg16_bn_aa_s42,face_transfer,124,two_shared_ui,RFW WM64,Houses,0.36,0.38,50,within_sampled_range,II,132,58.333333333333336,runs/yin_noise_matrix_20260926/results/r21dev_vgg16_bn_aa_s42/faces_rfwWM64/houses_yin64/results.csv,II
mixed,Mixed faces / AA4,r21dev_vgg16_bn_aa_s42,face_transfer,124,two_shared_ui,RFW WM64,Houses,0.36,0.38,50,within_sampled_range,II,133,70.83333333333334,runs/yin_noise_matrix_20260926/results/r21dev_vgg16_bn_aa_s42/faces_rfwWM64/houses_yin64/results.csv,II
mixed,Mixed faces / AA4,r21dev_vgg16_bn_aa_s42,face_transfer,124,two_shared_ui,RFW WM64,Houses,0.36,0.38,50,within_sampled_range,II,134,79.16666666666666,runs/yin_noise_matrix_20260926/results/r21dev_vgg16_bn_aa_s42/faces_rfwWM64/houses_yin64/results.csv,II
mixed,Mixed faces / AA4,r21dev_vgg16_bn_aa_s42,face_transfer,124,two_shared_ui,RFW WM64,Houses,0.36,0.38,50,within_sampled_range,II,135,66.66666666666666,runs/yin_noise_matrix_20260926/results/r21dev_vgg16_bn_aa_s42/faces_rfwWM64/houses_yin64/results.csv,II
mixed,Mixed faces / AA4,r21dev_vgg16_bn_aa_s42,face_transfer,124,two_shared_ui,RFW WM64,Houses,0.36,0.38,50,within_sampled_range,II,136,50.0,runs/yin_noise_matrix_20260926/results/r21dev_vgg16_bn_aa_s42/faces_rfwWM64/houses_yin64/results.csv,II
mixed,Mixed faces / AA4,r21dev_vgg16_bn_aa_s42,face_transfer,124,two_shared_ui,RFW WM64,Houses,0.36,0.38,50,within_sampled_range,II,137,79.16666666666666,runs/yin_noise_matrix_20260926/results/r21dev_vgg16_bn_aa_s42/faces_rfwWM64/houses_yin64/results.csv,II
mixed,Mixed faces / AA4,r21dev_vgg16_bn_aa_s42,face_transfer,124,two_shared_ui,RFW WM64,Houses,0.36,0.38,50,within_sampled_range,II,138,50.0,runs/yin_noise_matrix_20260926/results/r21dev_vgg16_bn_aa_s42/faces_rfwWM64/houses_yin64/results.csv,II
mixed,Mixed faces / AA4,r21dev_vgg16_bn_aa_s42,face_transfer,124,two_shared_ui,RFW WM64,Houses,0.36,0.38,50,within_sampled_range,II,139,66.66666666666666,runs/yin_noise_matrix_20260926/results/r21dev_vgg16_bn_aa_s42/faces_rfwWM64/houses_yin64/results.csv,II
mixed,Mixed faces / AA4,r21dev_vgg16_bn_aa_s42,face_transfer,124,two_shared_ui,RFW WM64,Houses,0.36,0.38,50,within_sampled_range,II,140,50.0,runs/yin_noise_matrix_20260926/results/r21dev_vgg16_bn_aa_s42/faces_rfwWM64/houses_yin64/results.csv,II
mixed,Mixed faces / AA4,r21dev_vgg16_bn_aa_s42,face_transfer,124,two_shared_ui,RFW WM64,Houses,0.36,0.38,50,within_sampled_range,II,141,62.5,runs/yin_noise_matrix_20260926/results/r21dev_vgg16_bn_aa_s42/faces_rfwWM64/houses_yin64/results.csv,II
mixed,Mixed faces / AA4,r21dev_vgg16_bn_aa_s42,face_transfer,124,two_shared_ui,RFW WM64,Houses,0.36,0.38,50,within_sampled_range,II,142,62.5,runs/yin_noise_matrix_20260926/results/r21dev_vgg16_bn_aa_s42/faces_rfwWM64/houses_yin64/results.csv,II
mixed,Mixed faces / AA4,r21dev_vgg16_bn_aa_s42,face_transfer,124,two_shared_ui,RFW WM64,Houses,0.36,0.38,50,within_sampled_range,II,143,50.0,runs/yin_noise_matrix_20260926/results/r21dev_vgg16_bn_aa_s42/faces_rfwWM64/houses_yin64/results.csv,II
mixed,Mixed faces / AA4,r21dev_vgg16_bn_aa_s42,face_transfer,124,two_shared_ui,RFW WM64,Houses,0.36,0.38,50,within_sampled_range,II,144,62.5,runs/yin_noise_matrix_20260926/results/r21dev_vgg16_bn_aa_s42/faces_rfwWM64/houses_yin64/results.csv,II
mixed,Mixed faces / AA4,r21dev_vgg16_bn_aa_s42,face_transfer,124,two_shared_ui,RFW WM64,Houses,0.36,0.38,50,within_sampled_range,II,145,54.166666666666664,runs/yin_noise_matrix_20260926/results/r21dev_vgg16_bn_aa_s42/faces_rfwWM64/houses_yin64/results.csv,II
mixed,Mixed faces / AA4,r21dev_vgg16_bn_aa_s42,face_transfer,124,two_shared_ui,RFW WM64,Houses,0.36,0.38,50,within_sampled_range,II,146,45.83333333333333,runs/yin_noise_matrix_20260926/results/r21dev_vgg16_bn_aa_s42/faces_rfwWM64/houses_yin64/results.csv,II
mixed,Mixed faces / AA4,r21dev_vgg16_bn_aa_s42,face_transfer,124,two_shared_ui,RFW WM64,Houses,0.36,0.38,50,within_sampled_range,II,147,58.333333333333336,runs/yin_noise_matrix_20260926/results/r21dev_vgg16_bn_aa_s42/faces_rfwWM64/houses_yin64/results.csv,II
mixed,Mixed faces / AA4,r21dev_vgg16_bn_aa_s42,face_transfer,124,two_shared_ui,RFW WM64,Houses,0.36,0.38,50,within_sampled_range,II,148,75.0,runs/yin_noise_matrix_20260926/results/r21dev_vgg16_bn_aa_s42/faces_rfwWM64/houses_yin64/results.csv,II
mixed,Mixed faces / AA4,r21dev_vgg16_bn_aa_s42,face_transfer,124,two_shared_ui,RFW WM64,Houses,0.36,0.38,50,within_sampled_range,II,149,62.5,runs/yin_noise_matrix_20260926/results/r21dev_vgg16_bn_aa_s42/faces_rfwWM64/houses_yin64/results.csv,II
mixed,Mixed faces / AA4,r21dev_vgg16_bn_aa_s42,face_transfer,124,two_shared_ui,RFW WM64,Houses,0.36,0.38,50,within_sampled_range,II,150,62.5,runs/yin_noise_matrix_20260926/results/r21dev_vgg16_bn_aa_s42/faces_rfwWM64/houses_yin64/results.csv,II
mixed,Mixed faces / AA4,r21dev_vgg16_bn_aa_s42,face_transfer,124,two_shared_ui,RFW WM64,Houses,0.36,0.38,50,within_sampled_range,UI,101,70.83333333333334,runs/yin_noise_matrix_20260926/results/r21dev_vgg16_bn_aa_s42/faces_rfwWM64/houses_yin64/results.csv,UI_shared
mixed,Mixed faces / AA4,r21dev_vgg16_bn_aa_s42,face_transfer,124,two_shared_ui,RFW WM64,Houses,0.36,0.38,50,within_sampled_range,UI,102,62.5,runs/yin_noise_matrix_20260926/results/r21dev_vgg16_bn_aa_s42/faces_rfwWM64/houses_yin64/results.csv,UI_shared
mixed,Mixed faces / AA4,r21dev_vgg16_bn_aa_s42,face_transfer,124,two_shared_ui,RFW WM64,Houses,0.36,0.38,50,within_sampled_range,UI,103,70.83333333333334,runs/yin_noise_matrix_20260926/results/r21dev_vgg16_bn_aa_s42/faces_rfwWM64/houses_yin64/results.csv,UI_shared
mixed,Mixed faces / AA4,r21dev_vgg16_bn_aa_s42,face_transfer,124,two_shared_ui,RFW WM64,Houses,0.36,0.38,50,within_sampled_range,UI,104,62.5,runs/yin_noise_matrix_20260926/results/r21dev_vgg16_bn_aa_s42/faces_rfwWM64/houses_yin64/results.csv,UI_shared
mixed,Mixed faces / AA4,r21dev_vgg16_bn_aa_s42,face_transfer,124,two_shared_ui,RFW WM64,Houses,0.36,0.38,50,within_sampled_range,UI,105,62.5,runs/yin_noise_matrix_20260926/results/r21dev_vgg16_bn_aa_s42/faces_rfwWM64/houses_yin64/results.csv,UI_shared
mixed,Mixed faces / AA4,r21dev_vgg16_bn_aa_s42,face_transfer,124,two_shared_ui,RFW WM64,Houses,0.36,0.38,50,within_sampled_range,UI,106,66.66666666666666,runs/yin_noise_matrix_20260926/results/r21dev_vgg16_bn_aa_s42/faces_rfwWM64/houses_yin64/results.csv,UI_shared
mixed,Mixed faces / AA4,r21dev_vgg16_bn_aa_s42,face_transfer,124,two_shared_ui,RFW WM64,Houses,0.36,0.38,50,within_sampled_range,UI,107,87.5,runs/yin_noise_matrix_20260926/results/r21dev_vgg16_bn_aa_s42/faces_rfwWM64/houses_yin64/results.csv,UI_shared
mixed,Mixed faces / AA4,r21dev_vgg16_bn_aa_s42,face_transfer,124,two_shared_ui,RFW WM64,Houses,0.36,0.38,50,within_sampled_range,UI,108,70.83333333333334,runs/yin_noise_matrix_20260926/results/r21dev_vgg16_bn_aa_s42/faces_rfwWM64/houses_yin64/results.csv,UI_shared
mixed,Mixed faces / AA4,r21dev_vgg16_bn_aa_s42,face_transfer,124,two_shared_ui,RFW WM64,Houses,0.36,0.38,50,within_sampled_range,UI,109,66.66666666666666,runs/yin_noise_matrix_20260926/results/r21dev_vgg16_bn_aa_s42/faces_rfwWM64/houses_yin64/results.csv,UI_shared
mixed,Mixed faces / AA4,r21dev_vgg16_bn_aa_s42,face_transfer,124,two_shared_ui,RFW WM64,Houses,0.36,0.38,50,within_sampled_range,UI,110,70.83333333333334,runs/yin_noise_matrix_20260926/results/r21dev_vgg16_bn_aa_s42/faces_rfwWM64/houses_yin64/results.csv,UI_shared
mixed,Mixed faces / AA4,r21dev_vgg16_bn_aa_s42,face_transfer,124,two_shared_ui,RFW WM64,Houses,0.36,0.38,50,within_sampled_range,UI,111,54.166666666666664,runs/yin_noise_matrix_20260926/results/r21dev_vgg16_bn_aa_s42/faces_rfwWM64/houses_yin64/results.csv,UI_shared
mixed,Mixed faces / AA4,r21dev_vgg16_bn_aa_s42,face_transfer,124,two_shared_ui,RFW WM64,Houses,0.36,0.38,50,within_sampled_range,UI,112,66.66666666666666,runs/yin_noise_matrix_20260926/results/r21dev_vgg16_bn_aa_s42/faces_rfwWM64/houses_yin64/results.csv,UI_shared
mixed,Mixed faces / AA4,r21dev_vgg16_bn_aa_s42,face_transfer,124,two_shared_ui,RFW WM64,Houses,0.36,0.38,50,within_sampled_range,UI,113,62.5,runs/yin_noise_matrix_20260926/results/r21dev_vgg16_bn_aa_s42/faces_rfwWM64/houses_yin64/results.csv,UI_shared
mixed,Mixed faces / AA4,r21dev_vgg16_bn_aa_s42,face_transfer,124,two_shared_ui,RFW WM64,Houses,0.36,0.38,50,within_sampled_range,UI,114,62.5,runs/yin_noise_matrix_20260926/results/r21dev_vgg16_bn_aa_s42/faces_rfwWM64/houses_yin64/results.csv,UI_shared
mixed,Mixed faces / AA4,r21dev_vgg16_bn_aa_s42,face_transfer,124,two_shared_ui,RFW WM64,Houses,0.36,0.38,50,within_sampled_range,UI,115,41.66666666666667,runs/yin_noise_matrix_20260926/results/r21dev_vgg16_bn_aa_s42/faces_rfwWM64/houses_yin64/results.csv,UI_shared
mixed,Mixed faces / AA4,r21dev_vgg16_bn_aa_s42,face_transfer,124,two_shared_ui,RFW WM64,Houses,0.36,0.38,50,within_sampled_range,UI,116,54.166666666666664,runs/yin_noise_matrix_20260926/results/r21dev_vgg16_bn_aa_s42/faces_rfwWM64/houses_yin64/results.csv,UI_shared
mixed,Mixed faces / AA4,r21dev_vgg16_bn_aa_s42,face_transfer,124,two_shared_ui,RFW WM64,Houses,0.36,0.38,50,within_sampled_range,UI,117,62.5,runs/yin_noise_matrix_20260926/results/r21dev_vgg16_bn_aa_s42/faces_rfwWM64/houses_yin64/results.csv,UI_shared
mixed,Mixed faces / AA4,r21dev_vgg16_bn_aa_s42,face_transfer,124,two_shared_ui,RFW WM64,Houses,0.36,0.38,50,within_sampled_range,UI,118,50.0,runs/yin_noise_matrix_20260926/results/r21dev_vgg16_bn_aa_s42/faces_rfwWM64/houses_yin64/results.csv,UI_shared
mixed,Mixed faces / AA4,r21dev_vgg16_bn_aa_s42,face_transfer,124,two_shared_ui,RFW WM64,Houses,0.36,0.38,50,within_sampled_range,UI,119,62.5,runs/yin_noise_matrix_20260926/results/r21dev_vgg16_bn_aa_s42/faces_rfwWM64/houses_yin64/results.csv,UI_shared
mixed,Mixed faces / AA4,r21dev_vgg16_bn_aa_s42,face_transfer,124,two_shared_ui,RFW WM64,Houses,0.36,0.38,50,within_sampled_range,UI,120,62.5,runs/yin_noise_matrix_20260926/results/r21dev_vgg16_bn_aa_s42/faces_rfwWM64/houses_yin64/results.csv,UI_shared
mixed,Mixed faces / AA4,r21dev_vgg16_bn_aa_s42,face_transfer,124,two_shared_ui,RFW WM64,Houses,0.36,0.38,50,within_sampled_range,UI,121,66.66666666666666,runs/yin_noise_matrix_20260926/results/r21dev_vgg16_bn_aa_s42/faces_rfwWM64/houses_yin64/results.csv,UI_shared
mixed,Mixed faces / AA4,r21dev_vgg16_bn_aa_s42,face_transfer,124,two_shared_ui,RFW WM64,Houses,0.36,0.38,50,within_sampled_range,UI,122,62.5,runs/yin_noise_matrix_20260926/results/r21dev_vgg16_bn_aa_s42/faces_rfwWM64/houses_yin64/results.csv,UI_shared
mixed,Mixed faces / AA4,r21dev_vgg16_bn_aa_s42,face_transfer,124,two_shared_ui,RFW WM64,Houses,0.36,0.38,50,within_sampled_range,UI,123,75.0,runs/yin_noise_matrix_20260926/results/r21dev_vgg16_bn_aa_s42/faces_rfwWM64/houses_yin64/results.csv,UI_shared
mixed,Mixed faces / AA4,r21dev_vgg16_bn_aa_s42,face_transfer,124,two_shared_ui,RFW WM64,Houses,0.36,0.38,50,within_sampled_range,UI,124,62.5,runs/yin_noise_matrix_20260926/results/r21dev_vgg16_bn_aa_s42/faces_rfwWM64/houses_yin64/results.csv,UI_shared
mixed,Mixed faces / AA4,r21dev_vgg16_bn_aa_s42,face_transfer,124,two_shared_ui,RFW WM64,Houses,0.36,0.38,50,within_sampled_range,UI,125,62.5,runs/yin_noise_matrix_20260926/results/r21dev_vgg16_bn_aa_s42/faces_rfwWM64/houses_yin64/results.csv,UI_shared
mixed,Mixed faces / AA4,r21dev_vgg16_bn_aa_s42,face_transfer,124,two_shared_ui,RFW WM64,Houses,0.36,0.38,50,within_sampled_range,UI,126,66.66666666666666,runs/yin_noise_matrix_20260926/results/r21dev_vgg16_bn_aa_s42/faces_rfwWM64/houses_yin64/results.csv,UI_shared
mixed,Mixed faces / AA4,r21dev_vgg16_bn_aa_s42,face_transfer,124,two_shared_ui,RFW WM64,Houses,0.36,0.38,50,within_sampled_range,UI,127,62.5,runs/yin_noise_matrix_20260926/results/r21dev_vgg16_bn_aa_s42/faces_rfwWM64/houses_yin64/results.csv,UI_shared
mixed,Mixed faces / AA4,r21dev_vgg16_bn_aa_s42,face_transfer,124,two_shared_ui,RFW WM64,Houses,0.36,0.38,50,within_sampled_range,UI,128,54.166666666666664,runs/yin_noise_matrix_20260926/results/r21dev_vgg16_bn_aa_s42/faces_rfwWM64/houses_yin64/results.csv,UI_shared
mixed,Mixed faces / AA4,r21dev_vgg16_bn_aa_s42,face_transfer,124,two_shared_ui,RFW WM64,Houses,0.36,0.38,50,within_sampled_range,UI,129,75.0,runs/yin_noise_matrix_20260926/results/r21dev_vgg16_bn_aa_s42/faces_rfwWM64/houses_yin64/results.csv,UI_shared
mixed,Mixed faces / AA4,r21dev_vgg16_bn_aa_s42,face_transfer,124,two_shared_ui,RFW WM64,Houses,0.36,0.38,50,within_sampled_range,UI,130,79.16666666666666,runs/yin_noise_matrix_20260926/results/r21dev_vgg16_bn_aa_s42/faces_rfwWM64/houses_yin64/results.csv,UI_shared
mixed,Mixed faces / AA4,r21dev_vgg16_bn_aa_s42,face_transfer,124,two_shared_ui,RFW WM64,Houses,0.36,0.38,50,within_sampled_range,UI,131,66.66666666666666,runs/yin_noise_matrix_20260926/results/r21dev_vgg16_bn_aa_s42/faces_rfwWM64/houses_yin64/results.csv,UI_shared
mixed,Mixed faces / AA4,r21dev_vgg16_bn_aa_s42,face_transfer,124,two_shared_ui,RFW WM64,Houses,0.36,0.38,50,within_sampled_range,UI,132,58.333333333333336,runs/yin_noise_matrix_20260926/results/r21dev_vgg16_bn_aa_s42/faces_rfwWM64/houses_yin64/results.csv,UI_shared
mixed,Mixed faces / AA4,r21dev_vgg16_bn_aa_s42,face_transfer,124,two_shared_ui,RFW WM64,Houses,0.36,0.38,50,within_sampled_range,UI,133,58.333333333333336,runs/yin_noise_matrix_20260926/results/r21dev_vgg16_bn_aa_s42/faces_rfwWM64/houses_yin64/results.csv,UI_shared
mixed,Mixed faces / AA4,r21dev_vgg16_bn_aa_s42,face_transfer,124,two_shared_ui,RFW WM64,Houses,0.36,0.38,50,within_sampled_range,UI,134,70.83333333333334,runs/yin_noise_matrix_20260926/results/r21dev_vgg16_bn_aa_s42/faces_rfwWM64/houses_yin64/results.csv,UI_shared
mixed,Mixed faces / AA4,r21dev_vgg16_bn_aa_s42,face_transfer,124,two_shared_ui,RFW WM64,Houses,0.36,0.38,50,within_sampled_range,UI,135,45.83333333333333,runs/yin_noise_matrix_20260926/results/r21dev_vgg16_bn_aa_s42/faces_rfwWM64/houses_yin64/results.csv,UI_shared
mixed,Mixed faces / AA4,r21dev_vgg16_bn_aa_s42,face_transfer,124,two_shared_ui,RFW WM64,Houses,0.36,0.38,50,within_sampled_range,UI,136,62.5,runs/yin_noise_matrix_20260926/results/r21dev_vgg16_bn_aa_s42/faces_rfwWM64/houses_yin64/results.csv,UI_shared
mixed,Mixed faces / AA4,r21dev_vgg16_bn_aa_s42,face_transfer,124,two_shared_ui,RFW WM64,Houses,0.36,0.38,50,within_sampled_range,UI,137,54.166666666666664,runs/yin_noise_matrix_20260926/results/r21dev_vgg16_bn_aa_s42/faces_rfwWM64/houses_yin64/results.csv,UI_shared
mixed,Mixed faces / AA4,r21dev_vgg16_bn_aa_s42,face_transfer,124,two_shared_ui,RFW WM64,Houses,0.36,0.38,50,within_sampled_range,UI,138,58.333333333333336,runs/yin_noise_matrix_20260926/results/r21dev_vgg16_bn_aa_s42/faces_rfwWM64/houses_yin64/results.csv,UI_shared
mixed,Mixed faces / AA4,r21dev_vgg16_bn_aa_s42,face_transfer,124,two_shared_ui,RFW WM64,Houses,0.36,0.38,50,within_sampled_range,UI,139,70.83333333333334,runs/yin_noise_matrix_20260926/results/r21dev_vgg16_bn_aa_s42/faces_rfwWM64/houses_yin64/results.csv,UI_shared
mixed,Mixed faces / AA4,r21dev_vgg16_bn_aa_s42,face_transfer,124,two_shared_ui,RFW WM64,Houses,0.36,0.38,50,within_sampled_range,UI,140,62.5,runs/yin_noise_matrix_20260926/results/r21dev_vgg16_bn_aa_s42/faces_rfwWM64/houses_yin64/results.csv,UI_shared
mixed,Mixed faces / AA4,r21dev_vgg16_bn_aa_s42,face_transfer,124,two_shared_ui,RFW WM64,Houses,0.36,0.38,50,within_sampled_range,UI,141,70.83333333333334,runs/yin_noise_matrix_20260926/results/r21dev_vgg16_bn_aa_s42/faces_rfwWM64/houses_yin64/results.csv,UI_shared
mixed,Mixed faces / AA4,r21dev_vgg16_bn_aa_s42,face_transfer,124,two_shared_ui,RFW WM64,Houses,0.36,0.38,50,within_sampled_range,UI,142,70.83333333333334,runs/yin_noise_matrix_20260926/results/r21dev_vgg16_bn_aa_s42/faces_rfwWM64/houses_yin64/results.csv,UI_shared
mixed,Mixed faces / AA4,r21dev_vgg16_bn_aa_s42,face_transfer,124,two_shared_ui,RFW WM64,Houses,0.36,0.38,50,within_sampled_range,UI,143,54.166666666666664,runs/yin_noise_matrix_20260926/results/r21dev_vgg16_bn_aa_s42/faces_rfwWM64/houses_yin64/results.csv,UI_shared
mixed,Mixed faces / AA4,r21dev_vgg16_bn_aa_s42,face_transfer,124,two_shared_ui,RFW WM64,Houses,0.36,0.38,50,within_sampled_range,UI,144,58.333333333333336,runs/yin_noise_matrix_20260926/results/r21dev_vgg16_bn_aa_s42/faces_rfwWM64/houses_yin64/results.csv,UI_shared
mixed,Mixed faces / AA4,r21dev_vgg16_bn_aa_s42,face_transfer,124,two_shared_ui,RFW WM64,Houses,0.36,0.38,50,within_sampled_range,UI,145,62.5,runs/yin_noise_matrix_20260926/results/r21dev_vgg16_bn_aa_s42/faces_rfwWM64/houses_yin64/results.csv,UI_shared
mixed,Mixed faces / AA4,r21dev_vgg16_bn_aa_s42,face_transfer,124,two_shared_ui,RFW WM64,Houses,0.36,0.38,50,within_sampled_range,UI,146,62.5,runs/yin_noise_matrix_20260926/results/r21dev_vgg16_bn_aa_s42/faces_rfwWM64/houses_yin64/results.csv,UI_shared
mixed,Mixed faces / AA4,r21dev_vgg16_bn_aa_s42,face_transfer,124,two_shared_ui,RFW WM64,Houses,0.36,0.38,50,within_sampled_range,UI,147,75.0,runs/yin_noise_matrix_20260926/results/r21dev_vgg16_bn_aa_s42/faces_rfwWM64/houses_yin64/results.csv,UI_shared
mixed,Mixed faces / AA4,r21dev_vgg16_bn_aa_s42,face_transfer,124,two_shared_ui,RFW WM64,Houses,0.36,0.38,50,within_sampled_range,UI,148,70.83333333333334,runs/yin_noise_matrix_20260926/results/r21dev_vgg16_bn_aa_s42/faces_rfwWM64/houses_yin64/results.csv,UI_shared
mixed,Mixed faces / AA4,r21dev_vgg16_bn_aa_s42,face_transfer,124,two_shared_ui,RFW WM64,Houses,0.36,0.38,50,within_sampled_range,UI,149,41.66666666666667,runs/yin_noise_matrix_20260926/results/r21dev_vgg16_bn_aa_s42/faces_rfwWM64/houses_yin64/results.csv,UI_shared
mixed,Mixed faces / AA4,r21dev_vgg16_bn_aa_s42,face_transfer,124,two_shared_ui,RFW WM64,Houses,0.36,0.38,50,within_sampled_range,UI,150,58.333333333333336,runs/yin_noise_matrix_20260926/results/r21dev_vgg16_bn_aa_s42/faces_rfwWM64/houses_yin64/results.csv,UI_shared
mixed,Mixed faces / AA4,r21dev_vgg16_bn_aa_s42,face_transfer,124,two_shared_ui,RFW WM64,Houses,0.36,0.38,50,within_sampled_range,IU,101,58.333333333333336,runs/yin_noise_matrix_20260926/results/r21dev_vgg16_bn_aa_s42/faces_rfwWM64/houses_yin64/results.csv,IU
mixed,Mixed faces / AA4,r21dev_vgg16_bn_aa_s42,face_transfer,124,two_shared_ui,RFW WM64,Houses,0.36,0.38,50,within_sampled_range,IU,102,58.333333333333336,runs/yin_noise_matrix_20260926/results/r21dev_vgg16_bn_aa_s42/faces_rfwWM64/houses_yin64/results.csv,IU
mixed,Mixed faces / AA4,r21dev_vgg16_bn_aa_s42,face_transfer,124,two_shared_ui,RFW WM64,Houses,0.36,0.38,50,within_sampled_range,IU,103,62.5,runs/yin_noise_matrix_20260926/results/r21dev_vgg16_bn_aa_s42/faces_rfwWM64/houses_yin64/results.csv,IU
mixed,Mixed faces / AA4,r21dev_vgg16_bn_aa_s42,face_transfer,124,two_shared_ui,RFW WM64,Houses,0.36,0.38,50,within_sampled_range,IU,104,79.16666666666666,runs/yin_noise_matrix_20260926/results/r21dev_vgg16_bn_aa_s42/faces_rfwWM64/houses_yin64/results.csv,IU
mixed,Mixed faces / AA4,r21dev_vgg16_bn_aa_s42,face_transfer,124,two_shared_ui,RFW WM64,Houses,0.36,0.38,50,within_sampled_range,IU,105,66.66666666666666,runs/yin_noise_matrix_20260926/results/r21dev_vgg16_bn_aa_s42/faces_rfwWM64/houses_yin64/results.csv,IU
mixed,Mixed faces / AA4,r21dev_vgg16_bn_aa_s42,face_transfer,124,two_shared_ui,RFW WM64,Houses,0.36,0.38,50,within_sampled_range,IU,106,58.333333333333336,runs/yin_noise_matrix_20260926/results/r21dev_vgg16_bn_aa_s42/faces_rfwWM64/houses_yin64/results.csv,IU
mixed,Mixed faces / AA4,r21dev_vgg16_bn_aa_s42,face_transfer,124,two_shared_ui,RFW WM64,Houses,0.36,0.38,50,within_sampled_range,IU,107,79.16666666666666,runs/yin_noise_matrix_20260926/results/r21dev_vgg16_bn_aa_s42/faces_rfwWM64/houses_yin64/results.csv,IU
mixed,Mixed faces / AA4,r21dev_vgg16_bn_aa_s42,face_transfer,124,two_shared_ui,RFW WM64,Houses,0.36,0.38,50,within_sampled_range,IU,108,66.66666666666666,runs/yin_noise_matrix_20260926/results/r21dev_vgg16_bn_aa_s42/faces_rfwWM64/houses_yin64/results.csv,IU
mixed,Mixed faces / AA4,r21dev_vgg16_bn_aa_s42,face_transfer,124,two_shared_ui,RFW WM64,Houses,0.36,0.38,50,within_sampled_range,IU,109,50.0,runs/yin_noise_matrix_20260926/results/r21dev_vgg16_bn_aa_s42/faces_rfwWM64/houses_yin64/results.csv,IU
mixed,Mixed faces / AA4,r21dev_vgg16_bn_aa_s42,face_transfer,124,two_shared_ui,RFW WM64,Houses,0.36,0.38,50,within_sampled_range,IU,110,79.16666666666666,runs/yin_noise_matrix_20260926/results/r21dev_vgg16_bn_aa_s42/faces_rfwWM64/houses_yin64/results.csv,IU
mixed,Mixed faces / AA4,r21dev_vgg16_bn_aa_s42,face_transfer,124,two_shared_ui,RFW WM64,Houses,0.36,0.38,50,within_sampled_range,IU,111,45.83333333333333,runs/yin_noise_matrix_20260926/results/r21dev_vgg16_bn_aa_s42/faces_rfwWM64/houses_yin64/results.csv,IU
mixed,Mixed faces / AA4,r21dev_vgg16_bn_aa_s42,face_transfer,124,two_shared_ui,RFW WM64,Houses,0.36,0.38,50,within_sampled_range,IU,112,62.5,runs/yin_noise_matrix_20260926/results/r21dev_vgg16_bn_aa_s42/faces_rfwWM64/houses_yin64/results.csv,IU
mixed,Mixed faces / AA4,r21dev_vgg16_bn_aa_s42,face_transfer,124,two_shared_ui,RFW WM64,Houses,0.36,0.38,50,within_sampled_range,IU,113,58.333333333333336,runs/yin_noise_matrix_20260926/results/r21dev_vgg16_bn_aa_s42/faces_rfwWM64/houses_yin64/results.csv,IU
mixed,Mixed faces / AA4,r21dev_vgg16_bn_aa_s42,face_transfer,124,two_shared_ui,RFW WM64,Houses,0.36,0.38,50,within_sampled_range,IU,114,54.166666666666664,runs/yin_noise_matrix_20260926/results/r21dev_vgg16_bn_aa_s42/faces_rfwWM64/houses_yin64/results.csv,IU
mixed,Mixed faces / AA4,r21dev_vgg16_bn_aa_s42,face_transfer,124,two_shared_ui,RFW WM64,Houses,0.36,0.38,50,within_sampled_range,IU,115,62.5,runs/yin_noise_matrix_20260926/results/r21dev_vgg16_bn_aa_s42/faces_rfwWM64/houses_yin64/results.csv,IU
mixed,Mixed faces / AA4,r21dev_vgg16_bn_aa_s42,face_transfer,124,two_shared_ui,RFW WM64,Houses,0.36,0.38,50,within_sampled_range,IU,116,62.5,runs/yin_noise_matrix_20260926/results/r21dev_vgg16_bn_aa_s42/faces_rfwWM64/houses_yin64/results.csv,IU
mixed,Mixed faces / AA4,r21dev_vgg16_bn_aa_s42,face_transfer,124,two_shared_ui,RFW WM64,Houses,0.36,0.38,50,within_sampled_range,IU,117,75.0,runs/yin_noise_matrix_20260926/results/r21dev_vgg16_bn_aa_s42/faces_rfwWM64/houses_yin64/results.csv,IU
mixed,Mixed faces / AA4,r21dev_vgg16_bn_aa_s42,face_transfer,124,two_shared_ui,RFW WM64,Houses,0.36,0.38,50,within_sampled_range,IU,118,54.166666666666664,runs/yin_noise_matrix_20260926/results/r21dev_vgg16_bn_aa_s42/faces_rfwWM64/houses_yin64/results.csv,IU
mixed,Mixed faces / AA4,r21dev_vgg16_bn_aa_s42,face_transfer,124,two_shared_ui,RFW WM64,Houses,0.36,0.38,50,within_sampled_range,IU,119,75.0,runs/yin_noise_matrix_20260926/results/r21dev_vgg16_bn_aa_s42/faces_rfwWM64/houses_yin64/results.csv,IU
mixed,Mixed faces / AA4,r21dev_vgg16_bn_aa_s42,face_transfer,124,two_shared_ui,RFW WM64,Houses,0.36,0.38,50,within_sampled_range,IU,120,58.333333333333336,runs/yin_noise_matrix_20260926/results/r21dev_vgg16_bn_aa_s42/faces_rfwWM64/houses_yin64/results.csv,IU
mixed,Mixed faces / AA4,r21dev_vgg16_bn_aa_s42,face_transfer,124,two_shared_ui,RFW WM64,Houses,0.36,0.38,50,within_sampled_range,IU,121,58.333333333333336,runs/yin_noise_matrix_20260926/results/r21dev_vgg16_bn_aa_s42/faces_rfwWM64/houses_yin64/results.csv,IU
mixed,Mixed faces / AA4,r21dev_vgg16_bn_aa_s42,face_transfer,124,two_shared_ui,RFW WM64,Houses,0.36,0.38,50,within_sampled_range,IU,122,62.5,runs/yin_noise_matrix_20260926/results/r21dev_vgg16_bn_aa_s42/faces_rfwWM64/houses_yin64/results.csv,IU
mixed,Mixed faces / AA4,r21dev_vgg16_bn_aa_s42,face_transfer,124,two_shared_ui,RFW WM64,Houses,0.36,0.38,50,within_sampled_range,IU,123,50.0,runs/yin_noise_matrix_20260926/results/r21dev_vgg16_bn_aa_s42/faces_rfwWM64/houses_yin64/results.csv,IU
mixed,Mixed faces / AA4,r21dev_vgg16_bn_aa_s42,face_transfer,124,two_shared_ui,RFW WM64,Houses,0.36,0.38,50,within_sampled_range,IU,124,75.0,runs/yin_noise_matrix_20260926/results/r21dev_vgg16_bn_aa_s42/faces_rfwWM64/houses_yin64/results.csv,IU
mixed,Mixed faces / AA4,r21dev_vgg16_bn_aa_s42,face_transfer,124,two_shared_ui,RFW WM64,Houses,0.36,0.38,50,within_sampled_range,IU,125,50.0,runs/yin_noise_matrix_20260926/results/r21dev_vgg16_bn_aa_s42/faces_rfwWM64/houses_yin64/results.csv,IU
mixed,Mixed faces / AA4,r21dev_vgg16_bn_aa_s42,face_transfer,124,two_shared_ui,RFW WM64,Houses,0.36,0.38,50,within_sampled_range,IU,126,70.83333333333334,runs/yin_noise_matrix_20260926/results/r21dev_vgg16_bn_aa_s42/faces_rfwWM64/houses_yin64/results.csv,IU
mixed,Mixed faces / AA4,r21dev_vgg16_bn_aa_s42,face_transfer,124,two_shared_ui,RFW WM64,Houses,0.36,0.38,50,within_sampled_range,IU,127,70.83333333333334,runs/yin_noise_matrix_20260926/results/r21dev_vgg16_bn_aa_s42/faces_rfwWM64/houses_yin64/results.csv,IU
mixed,Mixed faces / AA4,r21dev_vgg16_bn_aa_s42,face_transfer,124,two_shared_ui,RFW WM64,Houses,0.36,0.38,50,within_sampled_range,IU,128,75.0,runs/yin_noise_matrix_20260926/results/r21dev_vgg16_bn_aa_s42/faces_rfwWM64/houses_yin64/results.csv,IU
mixed,Mixed faces / AA4,r21dev_vgg16_bn_aa_s42,face_transfer,124,two_shared_ui,RFW WM64,Houses,0.36,0.38,50,within_sampled_range,IU,129,58.333333333333336,runs/yin_noise_matrix_20260926/results/r21dev_vgg16_bn_aa_s42/faces_rfwWM64/houses_yin64/results.csv,IU
mixed,Mixed faces / AA4,r21dev_vgg16_bn_aa_s42,face_transfer,124,two_shared_ui,RFW WM64,Houses,0.36,0.38,50,within_sampled_range,IU,130,66.66666666666666,runs/yin_noise_matrix_20260926/results/r21dev_vgg16_bn_aa_s42/faces_rfwWM64/houses_yin64/results.csv,IU
mixed,Mixed faces / AA4,r21dev_vgg16_bn_aa_s42,face_transfer,124,two_shared_ui,RFW WM64,Houses,0.36,0.38,50,within_sampled_range,IU,131,66.66666666666666,runs/yin_noise_matrix_20260926/results/r21dev_vgg16_bn_aa_s42/faces_rfwWM64/houses_yin64/results.csv,IU
mixed,Mixed faces / AA4,r21dev_vgg16_bn_aa_s42,face_transfer,124,two_shared_ui,RFW WM64,Houses,0.36,0.38,50,within_sampled_range,IU,132,66.66666666666666,runs/yin_noise_matrix_20260926/results/r21dev_vgg16_bn_aa_s42/faces_rfwWM64/houses_yin64/results.csv,IU
mixed,Mixed faces / AA4,r21dev_vgg16_bn_aa_s42,face_transfer,124,two_shared_ui,RFW WM64,Houses,0.36,0.38,50,within_sampled_range,IU,133,54.166666666666664,runs/yin_noise_matrix_20260926/results/r21dev_vgg16_bn_aa_s42/faces_rfwWM64/houses_yin64/results.csv,IU
mixed,Mixed faces / AA4,r21dev_vgg16_bn_aa_s42,face_transfer,124,two_shared_ui,RFW WM64,Houses,0.36,0.38,50,within_sampled_range,IU,134,70.83333333333334,runs/yin_noise_matrix_20260926/results/r21dev_vgg16_bn_aa_s42/faces_rfwWM64/houses_yin64/results.csv,IU
mixed,Mixed faces / AA4,r21dev_vgg16_bn_aa_s42,face_transfer,124,two_shared_ui,RFW WM64,Houses,0.36,0.38,50,within_sampled_range,IU,135,66.66666666666666,runs/yin_noise_matrix_20260926/results/r21dev_vgg16_bn_aa_s42/faces_rfwWM64/houses_yin64/results.csv,IU
mixed,Mixed faces / AA4,r21dev_vgg16_bn_aa_s42,face_transfer,124,two_shared_ui,RFW WM64,Houses,0.36,0.38,50,within_sampled_range,IU,136,58.333333333333336,runs/yin_noise_matrix_20260926/results/r21dev_vgg16_bn_aa_s42/faces_rfwWM64/houses_yin64/results.csv,IU
mixed,Mixed faces / AA4,r21dev_vgg16_bn_aa_s42,face_transfer,124,two_shared_ui,RFW WM64,Houses,0.36,0.38,50,within_sampled_range,IU,137,75.0,runs/yin_noise_matrix_20260926/results/r21dev_vgg16_bn_aa_s42/faces_rfwWM64/houses_yin64/results.csv,IU
mixed,Mixed faces / AA4,r21dev_vgg16_bn_aa_s42,face_transfer,124,two_shared_ui,RFW WM64,Houses,0.36,0.38,50,within_sampled_range,IU,138,41.66666666666667,runs/yin_noise_matrix_20260926/results/r21dev_vgg16_bn_aa_s42/faces_rfwWM64/houses_yin64/results.csv,IU
mixed,Mixed faces / AA4,r21dev_vgg16_bn_aa_s42,face_transfer,124,two_shared_ui,RFW WM64,Houses,0.36,0.38,50,within_sampled_range,IU,139,62.5,runs/yin_noise_matrix_20260926/results/r21dev_vgg16_bn_aa_s42/faces_rfwWM64/houses_yin64/results.csv,IU
mixed,Mixed faces / AA4,r21dev_vgg16_bn_aa_s42,face_transfer,124,two_shared_ui,RFW WM64,Houses,0.36,0.38,50,within_sampled_range,IU,140,45.83333333333333,runs/yin_noise_matrix_20260926/results/r21dev_vgg16_bn_aa_s42/faces_rfwWM64/houses_yin64/results.csv,IU
mixed,Mixed faces / AA4,r21dev_vgg16_bn_aa_s42,face_transfer,124,two_shared_ui,RFW WM64,Houses,0.36,0.38,50,within_sampled_range,IU,141,62.5,runs/yin_noise_matrix_20260926/results/r21dev_vgg16_bn_aa_s42/faces_rfwWM64/houses_yin64/results.csv,IU
mixed,Mixed faces / AA4,r21dev_vgg16_bn_aa_s42,face_transfer,124,two_shared_ui,RFW WM64,Houses,0.36,0.38,50,within_sampled_range,IU,142,66.66666666666666,runs/yin_noise_matrix_20260926/results/r21dev_vgg16_bn_aa_s42/faces_rfwWM64/houses_yin64/results.csv,IU
mixed,Mixed faces / AA4,r21dev_vgg16_bn_aa_s42,face_transfer,124,two_shared_ui,RFW WM64,Houses,0.36,0.38,50,within_sampled_range,IU,143,54.166666666666664,runs/yin_noise_matrix_20260926/results/r21dev_vgg16_bn_aa_s42/faces_rfwWM64/houses_yin64/results.csv,IU
mixed,Mixed faces / AA4,r21dev_vgg16_bn_aa_s42,face_transfer,124,two_shared_ui,RFW WM64,Houses,0.36,0.38,50,within_sampled_range,IU,144,62.5,runs/yin_noise_matrix_20260926/results/r21dev_vgg16_bn_aa_s42/faces_rfwWM64/houses_yin64/results.csv,IU
mixed,Mixed faces / AA4,r21dev_vgg16_bn_aa_s42,face_transfer,124,two_shared_ui,RFW WM64,Houses,0.36,0.38,50,within_sampled_range,IU,145,66.66666666666666,runs/yin_noise_matrix_20260926/results/r21dev_vgg16_bn_aa_s42/faces_rfwWM64/houses_yin64/results.csv,IU
mixed,Mixed faces / AA4,r21dev_vgg16_bn_aa_s42,face_transfer,124,two_shared_ui,RFW WM64,Houses,0.36,0.38,50,within_sampled_range,IU,146,66.66666666666666,runs/yin_noise_matrix_20260926/results/r21dev_vgg16_bn_aa_s42/faces_rfwWM64/houses_yin64/results.csv,IU
mixed,Mixed faces / AA4,r21dev_vgg16_bn_aa_s42,face_transfer,124,two_shared_ui,RFW WM64,Houses,0.36,0.38,50,within_sampled_range,IU,147,66.66666666666666,runs/yin_noise_matrix_20260926/results/r21dev_vgg16_bn_aa_s42/faces_rfwWM64/houses_yin64/results.csv,IU
mixed,Mixed faces / AA4,r21dev_vgg16_bn_aa_s42,face_transfer,124,two_shared_ui,RFW WM64,Houses,0.36,0.38,50,within_sampled_range,IU,148,79.16666666666666,runs/yin_noise_matrix_20260926/results/r21dev_vgg16_bn_aa_s42/faces_rfwWM64/houses_yin64/results.csv,IU
mixed,Mixed faces / AA4,r21dev_vgg16_bn_aa_s42,face_transfer,124,two_shared_ui,RFW WM64,Houses,0.36,0.38,50,within_sampled_range,IU,149,50.0,runs/yin_noise_matrix_20260926/results/r21dev_vgg16_bn_aa_s42/faces_rfwWM64/houses_yin64/results.csv,IU
mixed,Mixed faces / AA4,r21dev_vgg16_bn_aa_s42,face_transfer,124,two_shared_ui,RFW WM64,Houses,0.36,0.38,50,within_sampled_range,IU,150,62.5,runs/yin_noise_matrix_20260926/results/r21dev_vgg16_bn_aa_s42/faces_rfwWM64/houses_yin64/results.csv,IU
mixed,Mixed faces / AA4,r21dev_vgg16_bn_aa_s42,face_transfer,124,single_uu,CFD WM64,Faces,0.28,,50,within_sampled_range,UU,101,91.66666666666666,runs/yin_single_noise_20260925/results/r21dev_vgg16_bn_aa_s42/faces_cfdWM64/faces_cfdWM64/results.csv,UU
mixed,Mixed faces / AA4,r21dev_vgg16_bn_aa_s42,face_transfer,124,single_uu,CFD WM64,Faces,0.28,,50,within_sampled_range,UU,102,95.83333333333334,runs/yin_single_noise_20260925/results/r21dev_vgg16_bn_aa_s42/faces_cfdWM64/faces_cfdWM64/results.csv,UU
mixed,Mixed faces / AA4,r21dev_vgg16_bn_aa_s42,face_transfer,124,single_uu,CFD WM64,Faces,0.28,,50,within_sampled_range,UU,103,95.83333333333334,runs/yin_single_noise_20260925/results/r21dev_vgg16_bn_aa_s42/faces_cfdWM64/faces_cfdWM64/results.csv,UU
mixed,Mixed faces / AA4,r21dev_vgg16_bn_aa_s42,face_transfer,124,single_uu,CFD WM64,Faces,0.28,,50,within_sampled_range,UU,104,100.0,runs/yin_single_noise_20260925/results/r21dev_vgg16_bn_aa_s42/faces_cfdWM64/faces_cfdWM64/results.csv,UU
mixed,Mixed faces / AA4,r21dev_vgg16_bn_aa_s42,face_transfer,124,single_uu,CFD WM64,Faces,0.28,,50,within_sampled_range,UU,105,100.0,runs/yin_single_noise_20260925/results/r21dev_vgg16_bn_aa_s42/faces_cfdWM64/faces_cfdWM64/results.csv,UU
mixed,Mixed faces / AA4,r21dev_vgg16_bn_aa_s42,face_transfer,124,single_uu,CFD WM64,Faces,0.28,,50,within_sampled_range,UU,106,91.66666666666666,runs/yin_single_noise_20260925/results/r21dev_vgg16_bn_aa_s42/faces_cfdWM64/faces_cfdWM64/results.csv,UU
mixed,Mixed faces / AA4,r21dev_vgg16_bn_aa_s42,face_transfer,124,single_uu,CFD WM64,Faces,0.28,,50,within_sampled_range,UU,107,95.83333333333334,runs/yin_single_noise_20260925/results/r21dev_vgg16_bn_aa_s42/faces_cfdWM64/faces_cfdWM64/results.csv,UU
mixed,Mixed faces / AA4,r21dev_vgg16_bn_aa_s42,face_transfer,124,single_uu,CFD WM64,Faces,0.28,,50,within_sampled_range,UU,108,100.0,runs/yin_single_noise_20260925/results/r21dev_vgg16_bn_aa_s42/faces_cfdWM64/faces_cfdWM64/results.csv,UU
mixed,Mixed faces / AA4,r21dev_vgg16_bn_aa_s42,face_transfer,124,single_uu,CFD WM64,Faces,0.28,,50,within_sampled_range,UU,109,95.83333333333334,runs/yin_single_noise_20260925/results/r21dev_vgg16_bn_aa_s42/faces_cfdWM64/faces_cfdWM64/results.csv,UU
mixed,Mixed faces / AA4,r21dev_vgg16_bn_aa_s42,face_transfer,124,single_uu,CFD WM64,Faces,0.28,,50,within_sampled_range,UU,110,95.83333333333334,runs/yin_single_noise_20260925/results/r21dev_vgg16_bn_aa_s42/faces_cfdWM64/faces_cfdWM64/results.csv,UU
mixed,Mixed faces / AA4,r21dev_vgg16_bn_aa_s42,face_transfer,124,single_uu,CFD WM64,Faces,0.28,,50,within_sampled_range,UU,111,95.83333333333334,runs/yin_single_noise_20260925/results/r21dev_vgg16_bn_aa_s42/faces_cfdWM64/faces_cfdWM64/results.csv,UU
mixed,Mixed faces / AA4,r21dev_vgg16_bn_aa_s42,face_transfer,124,single_uu,CFD WM64,Faces,0.28,,50,within_sampled_range,UU,112,95.83333333333334,runs/yin_single_noise_20260925/results/r21dev_vgg16_bn_aa_s42/faces_cfdWM64/faces_cfdWM64/results.csv,UU
mixed,Mixed faces / AA4,r21dev_vgg16_bn_aa_s42,face_transfer,124,single_uu,CFD WM64,Faces,0.28,,50,within_sampled_range,UU,113,87.5,runs/yin_single_noise_20260925/results/r21dev_vgg16_bn_aa_s42/faces_cfdWM64/faces_cfdWM64/results.csv,UU
mixed,Mixed faces / AA4,r21dev_vgg16_bn_aa_s42,face_transfer,124,single_uu,CFD WM64,Faces,0.28,,50,within_sampled_range,UU,114,95.83333333333334,runs/yin_single_noise_20260925/results/r21dev_vgg16_bn_aa_s42/faces_cfdWM64/faces_cfdWM64/results.csv,UU
mixed,Mixed faces / AA4,r21dev_vgg16_bn_aa_s42,face_transfer,124,single_uu,CFD WM64,Faces,0.28,,50,within_sampled_range,UU,115,100.0,runs/yin_single_noise_20260925/results/r21dev_vgg16_bn_aa_s42/faces_cfdWM64/faces_cfdWM64/results.csv,UU
mixed,Mixed faces / AA4,r21dev_vgg16_bn_aa_s42,face_transfer,124,single_uu,CFD WM64,Faces,0.28,,50,within_sampled_range,UU,116,95.83333333333334,runs/yin_single_noise_20260925/results/r21dev_vgg16_bn_aa_s42/faces_cfdWM64/faces_cfdWM64/results.csv,UU
mixed,Mixed faces / AA4,r21dev_vgg16_bn_aa_s42,face_transfer,124,single_uu,CFD WM64,Faces,0.28,,50,within_sampled_range,UU,117,100.0,runs/yin_single_noise_20260925/results/r21dev_vgg16_bn_aa_s42/faces_cfdWM64/faces_cfdWM64/results.csv,UU
mixed,Mixed faces / AA4,r21dev_vgg16_bn_aa_s42,face_transfer,124,single_uu,CFD WM64,Faces,0.28,,50,within_sampled_range,UU,118,95.83333333333334,runs/yin_single_noise_20260925/results/r21dev_vgg16_bn_aa_s42/faces_cfdWM64/faces_cfdWM64/results.csv,UU
mixed,Mixed faces / AA4,r21dev_vgg16_bn_aa_s42,face_transfer,124,single_uu,CFD WM64,Faces,0.28,,50,within_sampled_range,UU,119,95.83333333333334,runs/yin_single_noise_20260925/results/r21dev_vgg16_bn_aa_s42/faces_cfdWM64/faces_cfdWM64/results.csv,UU
mixed,Mixed faces / AA4,r21dev_vgg16_bn_aa_s42,face_transfer,124,single_uu,CFD WM64,Faces,0.28,,50,within_sampled_range,UU,120,95.83333333333334,runs/yin_single_noise_20260925/results/r21dev_vgg16_bn_aa_s42/faces_cfdWM64/faces_cfdWM64/results.csv,UU
mixed,Mixed faces / AA4,r21dev_vgg16_bn_aa_s42,face_transfer,124,single_uu,CFD WM64,Faces,0.28,,50,within_sampled_range,UU,121,95.83333333333334,runs/yin_single_noise_20260925/results/r21dev_vgg16_bn_aa_s42/faces_cfdWM64/faces_cfdWM64/results.csv,UU
mixed,Mixed faces / AA4,r21dev_vgg16_bn_aa_s42,face_transfer,124,single_uu,CFD WM64,Faces,0.28,,50,within_sampled_range,UU,122,100.0,runs/yin_single_noise_20260925/results/r21dev_vgg16_bn_aa_s42/faces_cfdWM64/faces_cfdWM64/results.csv,UU
mixed,Mixed faces / AA4,r21dev_vgg16_bn_aa_s42,face_transfer,124,single_uu,CFD WM64,Faces,0.28,,50,within_sampled_range,UU,123,95.83333333333334,runs/yin_single_noise_20260925/results/r21dev_vgg16_bn_aa_s42/faces_cfdWM64/faces_cfdWM64/results.csv,UU
mixed,Mixed faces / AA4,r21dev_vgg16_bn_aa_s42,face_transfer,124,single_uu,CFD WM64,Faces,0.28,,50,within_sampled_range,UU,124,91.66666666666666,runs/yin_single_noise_20260925/results/r21dev_vgg16_bn_aa_s42/faces_cfdWM64/faces_cfdWM64/results.csv,UU
mixed,Mixed faces / AA4,r21dev_vgg16_bn_aa_s42,face_transfer,124,single_uu,CFD WM64,Faces,0.28,,50,within_sampled_range,UU,125,91.66666666666666,runs/yin_single_noise_20260925/results/r21dev_vgg16_bn_aa_s42/faces_cfdWM64/faces_cfdWM64/results.csv,UU
mixed,Mixed faces / AA4,r21dev_vgg16_bn_aa_s42,face_transfer,124,single_uu,CFD WM64,Faces,0.28,,50,within_sampled_range,UU,126,100.0,runs/yin_single_noise_20260925/results/r21dev_vgg16_bn_aa_s42/faces_cfdWM64/faces_cfdWM64/results.csv,UU
mixed,Mixed faces / AA4,r21dev_vgg16_bn_aa_s42,face_transfer,124,single_uu,CFD WM64,Faces,0.28,,50,within_sampled_range,UU,127,100.0,runs/yin_single_noise_20260925/results/r21dev_vgg16_bn_aa_s42/faces_cfdWM64/faces_cfdWM64/results.csv,UU
mixed,Mixed faces / AA4,r21dev_vgg16_bn_aa_s42,face_transfer,124,single_uu,CFD WM64,Faces,0.28,,50,within_sampled_range,UU,128,100.0,runs/yin_single_noise_20260925/results/r21dev_vgg16_bn_aa_s42/faces_cfdWM64/faces_cfdWM64/results.csv,UU
mixed,Mixed faces / AA4,r21dev_vgg16_bn_aa_s42,face_transfer,124,single_uu,CFD WM64,Faces,0.28,,50,within_sampled_range,UU,129,100.0,runs/yin_single_noise_20260925/results/r21dev_vgg16_bn_aa_s42/faces_cfdWM64/faces_cfdWM64/results.csv,UU
mixed,Mixed faces / AA4,r21dev_vgg16_bn_aa_s42,face_transfer,124,single_uu,CFD WM64,Faces,0.28,,50,within_sampled_range,UU,130,100.0,runs/yin_single_noise_20260925/results/r21dev_vgg16_bn_aa_s42/faces_cfdWM64/faces_cfdWM64/results.csv,UU
mixed,Mixed faces / AA4,r21dev_vgg16_bn_aa_s42,face_transfer,124,single_uu,CFD WM64,Faces,0.28,,50,within_sampled_range,UU,131,100.0,runs/yin_single_noise_20260925/results/r21dev_vgg16_bn_aa_s42/faces_cfdWM64/faces_cfdWM64/results.csv,UU
mixed,Mixed faces / AA4,r21dev_vgg16_bn_aa_s42,face_transfer,124,single_uu,CFD WM64,Faces,0.28,,50,within_sampled_range,UU,132,95.83333333333334,runs/yin_single_noise_20260925/results/r21dev_vgg16_bn_aa_s42/faces_cfdWM64/faces_cfdWM64/results.csv,UU
mixed,Mixed faces / AA4,r21dev_vgg16_bn_aa_s42,face_transfer,124,single_uu,CFD WM64,Faces,0.28,,50,within_sampled_range,UU,133,91.66666666666666,runs/yin_single_noise_20260925/results/r21dev_vgg16_bn_aa_s42/faces_cfdWM64/faces_cfdWM64/results.csv,UU
mixed,Mixed faces / AA4,r21dev_vgg16_bn_aa_s42,face_transfer,124,single_uu,CFD WM64,Faces,0.28,,50,within_sampled_range,UU,134,95.83333333333334,runs/yin_single_noise_20260925/results/r21dev_vgg16_bn_aa_s42/faces_cfdWM64/faces_cfdWM64/results.csv,UU
mixed,Mixed faces / AA4,r21dev_vgg16_bn_aa_s42,face_transfer,124,single_uu,CFD WM64,Faces,0.28,,50,within_sampled_range,UU,135,95.83333333333334,runs/yin_single_noise_20260925/results/r21dev_vgg16_bn_aa_s42/faces_cfdWM64/faces_cfdWM64/results.csv,UU
mixed,Mixed faces / AA4,r21dev_vgg16_bn_aa_s42,face_transfer,124,single_uu,CFD WM64,Faces,0.28,,50,within_sampled_range,UU,136,100.0,runs/yin_single_noise_20260925/results/r21dev_vgg16_bn_aa_s42/faces_cfdWM64/faces_cfdWM64/results.csv,UU
mixed,Mixed faces / AA4,r21dev_vgg16_bn_aa_s42,face_transfer,124,single_uu,CFD WM64,Faces,0.28,,50,within_sampled_range,UU,137,95.83333333333334,runs/yin_single_noise_20260925/results/r21dev_vgg16_bn_aa_s42/faces_cfdWM64/faces_cfdWM64/results.csv,UU
mixed,Mixed faces / AA4,r21dev_vgg16_bn_aa_s42,face_transfer,124,single_uu,CFD WM64,Faces,0.28,,50,within_sampled_range,UU,138,95.83333333333334,runs/yin_single_noise_20260925/results/r21dev_vgg16_bn_aa_s42/faces_cfdWM64/faces_cfdWM64/results.csv,UU
mixed,Mixed faces / AA4,r21dev_vgg16_bn_aa_s42,face_transfer,124,single_uu,CFD WM64,Faces,0.28,,50,within_sampled_range,UU,139,95.83333333333334,runs/yin_single_noise_20260925/results/r21dev_vgg16_bn_aa_s42/faces_cfdWM64/faces_cfdWM64/results.csv,UU
mixed,Mixed faces / AA4,r21dev_vgg16_bn_aa_s42,face_transfer,124,single_uu,CFD WM64,Faces,0.28,,50,within_sampled_range,UU,140,87.5,runs/yin_single_noise_20260925/results/r21dev_vgg16_bn_aa_s42/faces_cfdWM64/faces_cfdWM64/results.csv,UU
mixed,Mixed faces / AA4,r21dev_vgg16_bn_aa_s42,face_transfer,124,single_uu,CFD WM64,Faces,0.28,,50,within_sampled_range,UU,141,100.0,runs/yin_single_noise_20260925/results/r21dev_vgg16_bn_aa_s42/faces_cfdWM64/faces_cfdWM64/results.csv,UU
mixed,Mixed faces / AA4,r21dev_vgg16_bn_aa_s42,face_transfer,124,single_uu,CFD WM64,Faces,0.28,,50,within_sampled_range,UU,142,100.0,runs/yin_single_noise_20260925/results/r21dev_vgg16_bn_aa_s42/faces_cfdWM64/faces_cfdWM64/results.csv,UU
mixed,Mixed faces / AA4,r21dev_vgg16_bn_aa_s42,face_transfer,124,single_uu,CFD WM64,Faces,0.28,,50,within_sampled_range,UU,143,87.5,runs/yin_single_noise_20260925/results/r21dev_vgg16_bn_aa_s42/faces_cfdWM64/faces_cfdWM64/results.csv,UU
mixed,Mixed faces / AA4,r21dev_vgg16_bn_aa_s42,face_transfer,124,single_uu,CFD WM64,Faces,0.28,,50,within_sampled_range,UU,144,100.0,runs/yin_single_noise_20260925/results/r21dev_vgg16_bn_aa_s42/faces_cfdWM64/faces_cfdWM64/results.csv,UU
mixed,Mixed faces / AA4,r21dev_vgg16_bn_aa_s42,face_transfer,124,single_uu,CFD WM64,Faces,0.28,,50,within_sampled_range,UU,145,95.83333333333334,runs/yin_single_noise_20260925/results/r21dev_vgg16_bn_aa_s42/faces_cfdWM64/faces_cfdWM64/results.csv,UU
mixed,Mixed faces / AA4,r21dev_vgg16_bn_aa_s42,face_transfer,124,single_uu,CFD WM64,Faces,0.28,,50,within_sampled_range,UU,146,100.0,runs/yin_single_noise_20260925/results/r21dev_vgg16_bn_aa_s42/faces_cfdWM64/faces_cfdWM64/results.csv,UU
mixed,Mixed faces / AA4,r21dev_vgg16_bn_aa_s42,face_transfer,124,single_uu,CFD WM64,Faces,0.28,,50,within_sampled_range,UU,147,100.0,runs/yin_single_noise_20260925/results/r21dev_vgg16_bn_aa_s42/faces_cfdWM64/faces_cfdWM64/results.csv,UU
mixed,Mixed faces / AA4,r21dev_vgg16_bn_aa_s42,face_transfer,124,single_uu,CFD WM64,Faces,0.28,,50,within_sampled_range,UU,148,87.5,runs/yin_single_noise_20260925/results/r21dev_vgg16_bn_aa_s42/faces_cfdWM64/faces_cfdWM64/results.csv,UU
mixed,Mixed faces / AA4,r21dev_vgg16_bn_aa_s42,face_transfer,124,single_uu,CFD WM64,Faces,0.28,,50,within_sampled_range,UU,149,91.66666666666666,runs/yin_single_noise_20260925/results/r21dev_vgg16_bn_aa_s42/faces_cfdWM64/faces_cfdWM64/results.csv,UU
mixed,Mixed faces / AA4,r21dev_vgg16_bn_aa_s42,face_transfer,124,single_uu,CFD WM64,Faces,0.28,,50,within_sampled_range,UU,150,95.83333333333334,runs/yin_single_noise_20260925/results/r21dev_vgg16_bn_aa_s42/faces_cfdWM64/faces_cfdWM64/results.csv,UU
mixed,Mixed faces / AA4,r21dev_vgg16_bn_aa_s42,face_transfer,124,single_uu,CFD WM64,Faces,0.28,,50,within_sampled_range,II,101,87.5,runs/yin_single_noise_20260925/results/r21dev_vgg16_bn_aa_s42/faces_cfdWM64/faces_cfdWM64/results.csv,II
mixed,Mixed faces / AA4,r21dev_vgg16_bn_aa_s42,face_transfer,124,single_uu,CFD WM64,Faces,0.28,,50,within_sampled_range,II,102,95.83333333333334,runs/yin_single_noise_20260925/results/r21dev_vgg16_bn_aa_s42/faces_cfdWM64/faces_cfdWM64/results.csv,II
mixed,Mixed faces / AA4,r21dev_vgg16_bn_aa_s42,face_transfer,124,single_uu,CFD WM64,Faces,0.28,,50,within_sampled_range,II,103,95.83333333333334,runs/yin_single_noise_20260925/results/r21dev_vgg16_bn_aa_s42/faces_cfdWM64/faces_cfdWM64/results.csv,II
mixed,Mixed faces / AA4,r21dev_vgg16_bn_aa_s42,face_transfer,124,single_uu,CFD WM64,Faces,0.28,,50,within_sampled_range,II,104,95.83333333333334,runs/yin_single_noise_20260925/results/r21dev_vgg16_bn_aa_s42/faces_cfdWM64/faces_cfdWM64/results.csv,II
mixed,Mixed faces / AA4,r21dev_vgg16_bn_aa_s42,face_transfer,124,single_uu,CFD WM64,Faces,0.28,,50,within_sampled_range,II,105,95.83333333333334,runs/yin_single_noise_20260925/results/r21dev_vgg16_bn_aa_s42/faces_cfdWM64/faces_cfdWM64/results.csv,II
mixed,Mixed faces / AA4,r21dev_vgg16_bn_aa_s42,face_transfer,124,single_uu,CFD WM64,Faces,0.28,,50,within_sampled_range,II,106,87.5,runs/yin_single_noise_20260925/results/r21dev_vgg16_bn_aa_s42/faces_cfdWM64/faces_cfdWM64/results.csv,II
mixed,Mixed faces / AA4,r21dev_vgg16_bn_aa_s42,face_transfer,124,single_uu,CFD WM64,Faces,0.28,,50,within_sampled_range,II,107,91.66666666666666,runs/yin_single_noise_20260925/results/r21dev_vgg16_bn_aa_s42/faces_cfdWM64/faces_cfdWM64/results.csv,II
mixed,Mixed faces / AA4,r21dev_vgg16_bn_aa_s42,face_transfer,124,single_uu,CFD WM64,Faces,0.28,,50,within_sampled_range,II,108,95.83333333333334,runs/yin_single_noise_20260925/results/r21dev_vgg16_bn_aa_s42/faces_cfdWM64/faces_cfdWM64/results.csv,II
mixed,Mixed faces / AA4,r21dev_vgg16_bn_aa_s42,face_transfer,124,single_uu,CFD WM64,Faces,0.28,,50,within_sampled_range,II,109,79.16666666666666,runs/yin_single_noise_20260925/results/r21dev_vgg16_bn_aa_s42/faces_cfdWM64/faces_cfdWM64/results.csv,II
mixed,Mixed faces / AA4,r21dev_vgg16_bn_aa_s42,face_transfer,124,single_uu,CFD WM64,Faces,0.28,,50,within_sampled_range,II,110,91.66666666666666,runs/yin_single_noise_20260925/results/r21dev_vgg16_bn_aa_s42/faces_cfdWM64/faces_cfdWM64/results.csv,II
mixed,Mixed faces / AA4,r21dev_vgg16_bn_aa_s42,face_transfer,124,single_uu,CFD WM64,Faces,0.28,,50,within_sampled_range,II,111,91.66666666666666,runs/yin_single_noise_20260925/results/r21dev_vgg16_bn_aa_s42/faces_cfdWM64/faces_cfdWM64/results.csv,II
mixed,Mixed faces / AA4,r21dev_vgg16_bn_aa_s42,face_transfer,124,single_uu,CFD WM64,Faces,0.28,,50,within_sampled_range,II,112,91.66666666666666,runs/yin_single_noise_20260925/results/r21dev_vgg16_bn_aa_s42/faces_cfdWM64/faces_cfdWM64/results.csv,II
mixed,Mixed faces / AA4,r21dev_vgg16_bn_aa_s42,face_transfer,124,single_uu,CFD WM64,Faces,0.28,,50,within_sampled_range,II,113,91.66666666666666,runs/yin_single_noise_20260925/results/r21dev_vgg16_bn_aa_s42/faces_cfdWM64/faces_cfdWM64/results.csv,II
mixed,Mixed faces / AA4,r21dev_vgg16_bn_aa_s42,face_transfer,124,single_uu,CFD WM64,Faces,0.28,,50,within_sampled_range,II,114,87.5,runs/yin_single_noise_20260925/results/r21dev_vgg16_bn_aa_s42/faces_cfdWM64/faces_cfdWM64/results.csv,II
mixed,Mixed faces / AA4,r21dev_vgg16_bn_aa_s42,face_transfer,124,single_uu,CFD WM64,Faces,0.28,,50,within_sampled_range,II,115,91.66666666666666,runs/yin_single_noise_20260925/results/r21dev_vgg16_bn_aa_s42/faces_cfdWM64/faces_cfdWM64/results.csv,II
mixed,Mixed faces / AA4,r21dev_vgg16_bn_aa_s42,face_transfer,124,single_uu,CFD WM64,Faces,0.28,,50,within_sampled_range,II,116,95.83333333333334,runs/yin_single_noise_20260925/results/r21dev_vgg16_bn_aa_s42/faces_cfdWM64/faces_cfdWM64/results.csv,II
mixed,Mixed faces / AA4,r21dev_vgg16_bn_aa_s42,face_transfer,124,single_uu,CFD WM64,Faces,0.28,,50,within_sampled_range,II,117,100.0,runs/yin_single_noise_20260925/results/r21dev_vgg16_bn_aa_s42/faces_cfdWM64/faces_cfdWM64/results.csv,II
mixed,Mixed faces / AA4,r21dev_vgg16_bn_aa_s42,face_transfer,124,single_uu,CFD WM64,Faces,0.28,,50,within_sampled_range,II,118,87.5,runs/yin_single_noise_20260925/results/r21dev_vgg16_bn_aa_s42/faces_cfdWM64/faces_cfdWM64/results.csv,II
mixed,Mixed faces / AA4,r21dev_vgg16_bn_aa_s42,face_transfer,124,single_uu,CFD WM64,Faces,0.28,,50,within_sampled_range,II,119,95.83333333333334,runs/yin_single_noise_20260925/results/r21dev_vgg16_bn_aa_s42/faces_cfdWM64/faces_cfdWM64/results.csv,II
mixed,Mixed faces / AA4,r21dev_vgg16_bn_aa_s42,face_transfer,124,single_uu,CFD WM64,Faces,0.28,,50,within_sampled_range,II,120,91.66666666666666,runs/yin_single_noise_20260925/results/r21dev_vgg16_bn_aa_s42/faces_cfdWM64/faces_cfdWM64/results.csv,II
mixed,Mixed faces / AA4,r21dev_vgg16_bn_aa_s42,face_transfer,124,single_uu,CFD WM64,Faces,0.28,,50,within_sampled_range,II,121,91.66666666666666,runs/yin_single_noise_20260925/results/r21dev_vgg16_bn_aa_s42/faces_cfdWM64/faces_cfdWM64/results.csv,II
mixed,Mixed faces / AA4,r21dev_vgg16_bn_aa_s42,face_transfer,124,single_uu,CFD WM64,Faces,0.28,,50,within_sampled_range,II,122,83.33333333333334,runs/yin_single_noise_20260925/results/r21dev_vgg16_bn_aa_s42/faces_cfdWM64/faces_cfdWM64/results.csv,II
mixed,Mixed faces / AA4,r21dev_vgg16_bn_aa_s42,face_transfer,124,single_uu,CFD WM64,Faces,0.28,,50,within_sampled_range,II,123,75.0,runs/yin_single_noise_20260925/results/r21dev_vgg16_bn_aa_s42/faces_cfdWM64/faces_cfdWM64/results.csv,II
mixed,Mixed faces / AA4,r21dev_vgg16_bn_aa_s42,face_transfer,124,single_uu,CFD WM64,Faces,0.28,,50,within_sampled_range,II,124,91.66666666666666,runs/yin_single_noise_20260925/results/r21dev_vgg16_bn_aa_s42/faces_cfdWM64/faces_cfdWM64/results.csv,II
mixed,Mixed faces / AA4,r21dev_vgg16_bn_aa_s42,face_transfer,124,single_uu,CFD WM64,Faces,0.28,,50,within_sampled_range,II,125,91.66666666666666,runs/yin_single_noise_20260925/results/r21dev_vgg16_bn_aa_s42/faces_cfdWM64/faces_cfdWM64/results.csv,II
mixed,Mixed faces / AA4,r21dev_vgg16_bn_aa_s42,face_transfer,124,single_uu,CFD WM64,Faces,0.28,,50,within_sampled_range,II,126,95.83333333333334,runs/yin_single_noise_20260925/results/r21dev_vgg16_bn_aa_s42/faces_cfdWM64/faces_cfdWM64/results.csv,II
mixed,Mixed faces / AA4,r21dev_vgg16_bn_aa_s42,face_transfer,124,single_uu,CFD WM64,Faces,0.28,,50,within_sampled_range,II,127,100.0,runs/yin_single_noise_20260925/results/r21dev_vgg16_bn_aa_s42/faces_cfdWM64/faces_cfdWM64/results.csv,II
mixed,Mixed faces / AA4,r21dev_vgg16_bn_aa_s42,face_transfer,124,single_uu,CFD WM64,Faces,0.28,,50,within_sampled_range,II,128,83.33333333333334,runs/yin_single_noise_20260925/results/r21dev_vgg16_bn_aa_s42/faces_cfdWM64/faces_cfdWM64/results.csv,II
mixed,Mixed faces / AA4,r21dev_vgg16_bn_aa_s42,face_transfer,124,single_uu,CFD WM64,Faces,0.28,,50,within_sampled_range,II,129,95.83333333333334,runs/yin_single_noise_20260925/results/r21dev_vgg16_bn_aa_s42/faces_cfdWM64/faces_cfdWM64/results.csv,II
mixed,Mixed faces / AA4,r21dev_vgg16_bn_aa_s42,face_transfer,124,single_uu,CFD WM64,Faces,0.28,,50,within_sampled_range,II,130,87.5,runs/yin_single_noise_20260925/results/r21dev_vgg16_bn_aa_s42/faces_cfdWM64/faces_cfdWM64/results.csv,II
mixed,Mixed faces / AA4,r21dev_vgg16_bn_aa_s42,face_transfer,124,single_uu,CFD WM64,Faces,0.28,,50,within_sampled_range,II,131,87.5,runs/yin_single_noise_20260925/results/r21dev_vgg16_bn_aa_s42/faces_cfdWM64/faces_cfdWM64/results.csv,II
mixed,Mixed faces / AA4,r21dev_vgg16_bn_aa_s42,face_transfer,124,single_uu,CFD WM64,Faces,0.28,,50,within_sampled_range,II,132,95.83333333333334,runs/yin_single_noise_20260925/results/r21dev_vgg16_bn_aa_s42/faces_cfdWM64/faces_cfdWM64/results.csv,II
mixed,Mixed faces / AA4,r21dev_vgg16_bn_aa_s42,face_transfer,124,single_uu,CFD WM64,Faces,0.28,,50,within_sampled_range,II,133,75.0,runs/yin_single_noise_20260925/results/r21dev_vgg16_bn_aa_s42/faces_cfdWM64/faces_cfdWM64/results.csv,II
mixed,Mixed faces / AA4,r21dev_vgg16_bn_aa_s42,face_transfer,124,single_uu,CFD WM64,Faces,0.28,,50,within_sampled_range,II,134,95.83333333333334,runs/yin_single_noise_20260925/results/r21dev_vgg16_bn_aa_s42/faces_cfdWM64/faces_cfdWM64/results.csv,II
mixed,Mixed faces / AA4,r21dev_vgg16_bn_aa_s42,face_transfer,124,single_uu,CFD WM64,Faces,0.28,,50,within_sampled_range,II,135,87.5,runs/yin_single_noise_20260925/results/r21dev_vgg16_bn_aa_s42/faces_cfdWM64/faces_cfdWM64/results.csv,II
mixed,Mixed faces / AA4,r21dev_vgg16_bn_aa_s42,face_transfer,124,single_uu,CFD WM64,Faces,0.28,,50,within_sampled_range,II,136,95.83333333333334,runs/yin_single_noise_20260925/results/r21dev_vgg16_bn_aa_s42/faces_cfdWM64/faces_cfdWM64/results.csv,II
mixed,Mixed faces / AA4,r21dev_vgg16_bn_aa_s42,face_transfer,124,single_uu,CFD WM64,Faces,0.28,,50,within_sampled_range,II,137,75.0,runs/yin_single_noise_20260925/results/r21dev_vgg16_bn_aa_s42/faces_cfdWM64/faces_cfdWM64/results.csv,II
mixed,Mixed faces / AA4,r21dev_vgg16_bn_aa_s42,face_transfer,124,single_uu,CFD WM64,Faces,0.28,,50,within_sampled_range,II,138,100.0,runs/yin_single_noise_20260925/results/r21dev_vgg16_bn_aa_s42/faces_cfdWM64/faces_cfdWM64/results.csv,II
mixed,Mixed faces / AA4,r21dev_vgg16_bn_aa_s42,face_transfer,124,single_uu,CFD WM64,Faces,0.28,,50,within_sampled_range,II,139,95.83333333333334,runs/yin_single_noise_20260925/results/r21dev_vgg16_bn_aa_s42/faces_cfdWM64/faces_cfdWM64/results.csv,II
mixed,Mixed faces / AA4,r21dev_vgg16_bn_aa_s42,face_transfer,124,single_uu,CFD WM64,Faces,0.28,,50,within_sampled_range,II,140,75.0,runs/yin_single_noise_20260925/results/r21dev_vgg16_bn_aa_s42/faces_cfdWM64/faces_cfdWM64/results.csv,II
mixed,Mixed faces / AA4,r21dev_vgg16_bn_aa_s42,face_transfer,124,single_uu,CFD WM64,Faces,0.28,,50,within_sampled_range,II,141,79.16666666666666,runs/yin_single_noise_20260925/results/r21dev_vgg16_bn_aa_s42/faces_cfdWM64/faces_cfdWM64/results.csv,II
mixed,Mixed faces / AA4,r21dev_vgg16_bn_aa_s42,face_transfer,124,single_uu,CFD WM64,Faces,0.28,,50,within_sampled_range,II,142,95.83333333333334,runs/yin_single_noise_20260925/results/r21dev_vgg16_bn_aa_s42/faces_cfdWM64/faces_cfdWM64/results.csv,II
mixed,Mixed faces / AA4,r21dev_vgg16_bn_aa_s42,face_transfer,124,single_uu,CFD WM64,Faces,0.28,,50,within_sampled_range,II,143,83.33333333333334,runs/yin_single_noise_20260925/results/r21dev_vgg16_bn_aa_s42/faces_cfdWM64/faces_cfdWM64/results.csv,II
mixed,Mixed faces / AA4,r21dev_vgg16_bn_aa_s42,face_transfer,124,single_uu,CFD WM64,Faces,0.28,,50,within_sampled_range,II,144,95.83333333333334,runs/yin_single_noise_20260925/results/r21dev_vgg16_bn_aa_s42/faces_cfdWM64/faces_cfdWM64/results.csv,II
mixed,Mixed faces / AA4,r21dev_vgg16_bn_aa_s42,face_transfer,124,single_uu,CFD WM64,Faces,0.28,,50,within_sampled_range,II,145,91.66666666666666,runs/yin_single_noise_20260925/results/r21dev_vgg16_bn_aa_s42/faces_cfdWM64/faces_cfdWM64/results.csv,II
mixed,Mixed faces / AA4,r21dev_vgg16_bn_aa_s42,face_transfer,124,single_uu,CFD WM64,Faces,0.28,,50,within_sampled_range,II,146,95.83333333333334,runs/yin_single_noise_20260925/results/r21dev_vgg16_bn_aa_s42/faces_cfdWM64/faces_cfdWM64/results.csv,II
mixed,Mixed faces / AA4,r21dev_vgg16_bn_aa_s42,face_transfer,124,single_uu,CFD WM64,Faces,0.28,,50,within_sampled_range,II,147,79.16666666666666,runs/yin_single_noise_20260925/results/r21dev_vgg16_bn_aa_s42/faces_cfdWM64/faces_cfdWM64/results.csv,II
mixed,Mixed faces / AA4,r21dev_vgg16_bn_aa_s42,face_transfer,124,single_uu,CFD WM64,Faces,0.28,,50,within_sampled_range,II,148,79.16666666666666,runs/yin_single_noise_20260925/results/r21dev_vgg16_bn_aa_s42/faces_cfdWM64/faces_cfdWM64/results.csv,II
mixed,Mixed faces / AA4,r21dev_vgg16_bn_aa_s42,face_transfer,124,single_uu,CFD WM64,Faces,0.28,,50,within_sampled_range,II,149,83.33333333333334,runs/yin_single_noise_20260925/results/r21dev_vgg16_bn_aa_s42/faces_cfdWM64/faces_cfdWM64/results.csv,II
mixed,Mixed faces / AA4,r21dev_vgg16_bn_aa_s42,face_transfer,124,single_uu,CFD WM64,Faces,0.28,,50,within_sampled_range,II,150,91.66666666666666,runs/yin_single_noise_20260925/results/r21dev_vgg16_bn_aa_s42/faces_cfdWM64/faces_cfdWM64/results.csv,II
mixed,Mixed faces / AA4,r21dev_vgg16_bn_aa_s42,face_transfer,124,single_uu,CFD WM64,Faces,0.28,,50,within_sampled_range,UI,101,95.83333333333334,runs/yin_single_noise_20260925/results/r21dev_vgg16_bn_aa_s42/faces_cfdWM64/faces_cfdWM64/results.csv,UI
mixed,Mixed faces / AA4,r21dev_vgg16_bn_aa_s42,face_transfer,124,single_uu,CFD WM64,Faces,0.28,,50,within_sampled_range,UI,102,95.83333333333334,runs/yin_single_noise_20260925/results/r21dev_vgg16_bn_aa_s42/faces_cfdWM64/faces_cfdWM64/results.csv,UI
mixed,Mixed faces / AA4,r21dev_vgg16_bn_aa_s42,face_transfer,124,single_uu,CFD WM64,Faces,0.28,,50,within_sampled_range,UI,103,83.33333333333334,runs/yin_single_noise_20260925/results/r21dev_vgg16_bn_aa_s42/faces_cfdWM64/faces_cfdWM64/results.csv,UI
mixed,Mixed faces / AA4,r21dev_vgg16_bn_aa_s42,face_transfer,124,single_uu,CFD WM64,Faces,0.28,,50,within_sampled_range,UI,104,91.66666666666666,runs/yin_single_noise_20260925/results/r21dev_vgg16_bn_aa_s42/faces_cfdWM64/faces_cfdWM64/results.csv,UI
mixed,Mixed faces / AA4,r21dev_vgg16_bn_aa_s42,face_transfer,124,single_uu,CFD WM64,Faces,0.28,,50,within_sampled_range,UI,105,100.0,runs/yin_single_noise_20260925/results/r21dev_vgg16_bn_aa_s42/faces_cfdWM64/faces_cfdWM64/results.csv,UI
mixed,Mixed faces / AA4,r21dev_vgg16_bn_aa_s42,face_transfer,124,single_uu,CFD WM64,Faces,0.28,,50,within_sampled_range,UI,106,87.5,runs/yin_single_noise_20260925/results/r21dev_vgg16_bn_aa_s42/faces_cfdWM64/faces_cfdWM64/results.csv,UI
mixed,Mixed faces / AA4,r21dev_vgg16_bn_aa_s42,face_transfer,124,single_uu,CFD WM64,Faces,0.28,,50,within_sampled_range,UI,107,87.5,runs/yin_single_noise_20260925/results/r21dev_vgg16_bn_aa_s42/faces_cfdWM64/faces_cfdWM64/results.csv,UI
mixed,Mixed faces / AA4,r21dev_vgg16_bn_aa_s42,face_transfer,124,single_uu,CFD WM64,Faces,0.28,,50,within_sampled_range,UI,108,100.0,runs/yin_single_noise_20260925/results/r21dev_vgg16_bn_aa_s42/faces_cfdWM64/faces_cfdWM64/results.csv,UI
mixed,Mixed faces / AA4,r21dev_vgg16_bn_aa_s42,face_transfer,124,single_uu,CFD WM64,Faces,0.28,,50,within_sampled_range,UI,109,87.5,runs/yin_single_noise_20260925/results/r21dev_vgg16_bn_aa_s42/faces_cfdWM64/faces_cfdWM64/results.csv,UI
mixed,Mixed faces / AA4,r21dev_vgg16_bn_aa_s42,face_transfer,124,single_uu,CFD WM64,Faces,0.28,,50,within_sampled_range,UI,110,79.16666666666666,runs/yin_single_noise_20260925/results/r21dev_vgg16_bn_aa_s42/faces_cfdWM64/faces_cfdWM64/results.csv,UI
mixed,Mixed faces / AA4,r21dev_vgg16_bn_aa_s42,face_transfer,124,single_uu,CFD WM64,Faces,0.28,,50,within_sampled_range,UI,111,87.5,runs/yin_single_noise_20260925/results/r21dev_vgg16_bn_aa_s42/faces_cfdWM64/faces_cfdWM64/results.csv,UI
mixed,Mixed faces / AA4,r21dev_vgg16_bn_aa_s42,face_transfer,124,single_uu,CFD WM64,Faces,0.28,,50,within_sampled_range,UI,112,87.5,runs/yin_single_noise_20260925/results/r21dev_vgg16_bn_aa_s42/faces_cfdWM64/faces_cfdWM64/results.csv,UI
mixed,Mixed faces / AA4,r21dev_vgg16_bn_aa_s42,face_transfer,124,single_uu,CFD WM64,Faces,0.28,,50,within_sampled_range,UI,113,87.5,runs/yin_single_noise_20260925/results/r21dev_vgg16_bn_aa_s42/faces_cfdWM64/faces_cfdWM64/results.csv,UI
mixed,Mixed faces / AA4,r21dev_vgg16_bn_aa_s42,face_transfer,124,single_uu,CFD WM64,Faces,0.28,,50,within_sampled_range,UI,114,83.33333333333334,runs/yin_single_noise_20260925/results/r21dev_vgg16_bn_aa_s42/faces_cfdWM64/faces_cfdWM64/results.csv,UI
mixed,Mixed faces / AA4,r21dev_vgg16_bn_aa_s42,face_transfer,124,single_uu,CFD WM64,Faces,0.28,,50,within_sampled_range,UI,115,87.5,runs/yin_single_noise_20260925/results/r21dev_vgg16_bn_aa_s42/faces_cfdWM64/faces_cfdWM64/results.csv,UI
mixed,Mixed faces / AA4,r21dev_vgg16_bn_aa_s42,face_transfer,124,single_uu,CFD WM64,Faces,0.28,,50,within_sampled_range,UI,116,91.66666666666666,runs/yin_single_noise_20260925/results/r21dev_vgg16_bn_aa_s42/faces_cfdWM64/faces_cfdWM64/results.csv,UI
mixed,Mixed faces / AA4,r21dev_vgg16_bn_aa_s42,face_transfer,124,single_uu,CFD WM64,Faces,0.28,,50,within_sampled_range,UI,117,91.66666666666666,runs/yin_single_noise_20260925/results/r21dev_vgg16_bn_aa_s42/faces_cfdWM64/faces_cfdWM64/results.csv,UI
mixed,Mixed faces / AA4,r21dev_vgg16_bn_aa_s42,face_transfer,124,single_uu,CFD WM64,Faces,0.28,,50,within_sampled_range,UI,118,87.5,runs/yin_single_noise_20260925/results/r21dev_vgg16_bn_aa_s42/faces_cfdWM64/faces_cfdWM64/results.csv,UI
mixed,Mixed faces / AA4,r21dev_vgg16_bn_aa_s42,face_transfer,124,single_uu,CFD WM64,Faces,0.28,,50,within_sampled_range,UI,119,79.16666666666666,runs/yin_single_noise_20260925/results/r21dev_vgg16_bn_aa_s42/faces_cfdWM64/faces_cfdWM64/results.csv,UI
mixed,Mixed faces / AA4,r21dev_vgg16_bn_aa_s42,face_transfer,124,single_uu,CFD WM64,Faces,0.28,,50,within_sampled_range,UI,120,95.83333333333334,runs/yin_single_noise_20260925/results/r21dev_vgg16_bn_aa_s42/faces_cfdWM64/faces_cfdWM64/results.csv,UI
mixed,Mixed faces / AA4,r21dev_vgg16_bn_aa_s42,face_transfer,124,single_uu,CFD WM64,Faces,0.28,,50,within_sampled_range,UI,121,87.5,runs/yin_single_noise_20260925/results/r21dev_vgg16_bn_aa_s42/faces_cfdWM64/faces_cfdWM64/results.csv,UI
mixed,Mixed faces / AA4,r21dev_vgg16_bn_aa_s42,face_transfer,124,single_uu,CFD WM64,Faces,0.28,,50,within_sampled_range,UI,122,79.16666666666666,runs/yin_single_noise_20260925/results/r21dev_vgg16_bn_aa_s42/faces_cfdWM64/faces_cfdWM64/results.csv,UI
mixed,Mixed faces / AA4,r21dev_vgg16_bn_aa_s42,face_transfer,124,single_uu,CFD WM64,Faces,0.28,,50,within_sampled_range,UI,123,83.33333333333334,runs/yin_single_noise_20260925/results/r21dev_vgg16_bn_aa_s42/faces_cfdWM64/faces_cfdWM64/results.csv,UI
mixed,Mixed faces / AA4,r21dev_vgg16_bn_aa_s42,face_transfer,124,single_uu,CFD WM64,Faces,0.28,,50,within_sampled_range,UI,124,95.83333333333334,runs/yin_single_noise_20260925/results/r21dev_vgg16_bn_aa_s42/faces_cfdWM64/faces_cfdWM64/results.csv,UI
mixed,Mixed faces / AA4,r21dev_vgg16_bn_aa_s42,face_transfer,124,single_uu,CFD WM64,Faces,0.28,,50,within_sampled_range,UI,125,83.33333333333334,runs/yin_single_noise_20260925/results/r21dev_vgg16_bn_aa_s42/faces_cfdWM64/faces_cfdWM64/results.csv,UI
mixed,Mixed faces / AA4,r21dev_vgg16_bn_aa_s42,face_transfer,124,single_uu,CFD WM64,Faces,0.28,,50,within_sampled_range,UI,126,95.83333333333334,runs/yin_single_noise_20260925/results/r21dev_vgg16_bn_aa_s42/faces_cfdWM64/faces_cfdWM64/results.csv,UI
mixed,Mixed faces / AA4,r21dev_vgg16_bn_aa_s42,face_transfer,124,single_uu,CFD WM64,Faces,0.28,,50,within_sampled_range,UI,127,100.0,runs/yin_single_noise_20260925/results/r21dev_vgg16_bn_aa_s42/faces_cfdWM64/faces_cfdWM64/results.csv,UI
mixed,Mixed faces / AA4,r21dev_vgg16_bn_aa_s42,face_transfer,124,single_uu,CFD WM64,Faces,0.28,,50,within_sampled_range,UI,128,87.5,runs/yin_single_noise_20260925/results/r21dev_vgg16_bn_aa_s42/faces_cfdWM64/faces_cfdWM64/results.csv,UI
mixed,Mixed faces / AA4,r21dev_vgg16_bn_aa_s42,face_transfer,124,single_uu,CFD WM64,Faces,0.28,,50,within_sampled_range,UI,129,95.83333333333334,runs/yin_single_noise_20260925/results/r21dev_vgg16_bn_aa_s42/faces_cfdWM64/faces_cfdWM64/results.csv,UI
mixed,Mixed faces / AA4,r21dev_vgg16_bn_aa_s42,face_transfer,124,single_uu,CFD WM64,Faces,0.28,,50,within_sampled_range,UI,130,83.33333333333334,runs/yin_single_noise_20260925/results/r21dev_vgg16_bn_aa_s42/faces_cfdWM64/faces_cfdWM64/results.csv,UI
mixed,Mixed faces / AA4,r21dev_vgg16_bn_aa_s42,face_transfer,124,single_uu,CFD WM64,Faces,0.28,,50,within_sampled_range,UI,131,79.16666666666666,runs/yin_single_noise_20260925/results/r21dev_vgg16_bn_aa_s42/faces_cfdWM64/faces_cfdWM64/results.csv,UI
mixed,Mixed faces / AA4,r21dev_vgg16_bn_aa_s42,face_transfer,124,single_uu,CFD WM64,Faces,0.28,,50,within_sampled_range,UI,132,100.0,runs/yin_single_noise_20260925/results/r21dev_vgg16_bn_aa_s42/faces_cfdWM64/faces_cfdWM64/results.csv,UI
mixed,Mixed faces / AA4,r21dev_vgg16_bn_aa_s42,face_transfer,124,single_uu,CFD WM64,Faces,0.28,,50,within_sampled_range,UI,133,79.16666666666666,runs/yin_single_noise_20260925/results/r21dev_vgg16_bn_aa_s42/faces_cfdWM64/faces_cfdWM64/results.csv,UI
mixed,Mixed faces / AA4,r21dev_vgg16_bn_aa_s42,face_transfer,124,single_uu,CFD WM64,Faces,0.28,,50,within_sampled_range,UI,134,87.5,runs/yin_single_noise_20260925/results/r21dev_vgg16_bn_aa_s42/faces_cfdWM64/faces_cfdWM64/results.csv,UI
mixed,Mixed faces / AA4,r21dev_vgg16_bn_aa_s42,face_transfer,124,single_uu,CFD WM64,Faces,0.28,,50,within_sampled_range,UI,135,87.5,runs/yin_single_noise_20260925/results/r21dev_vgg16_bn_aa_s42/faces_cfdWM64/faces_cfdWM64/results.csv,UI
mixed,Mixed faces / AA4,r21dev_vgg16_bn_aa_s42,face_transfer,124,single_uu,CFD WM64,Faces,0.28,,50,within_sampled_range,UI,136,91.66666666666666,runs/yin_single_noise_20260925/results/r21dev_vgg16_bn_aa_s42/faces_cfdWM64/faces_cfdWM64/results.csv,UI
mixed,Mixed faces / AA4,r21dev_vgg16_bn_aa_s42,face_transfer,124,single_uu,CFD WM64,Faces,0.28,,50,within_sampled_range,UI,137,91.66666666666666,runs/yin_single_noise_20260925/results/r21dev_vgg16_bn_aa_s42/faces_cfdWM64/faces_cfdWM64/results.csv,UI
mixed,Mixed faces / AA4,r21dev_vgg16_bn_aa_s42,face_transfer,124,single_uu,CFD WM64,Faces,0.28,,50,within_sampled_range,UI,138,91.66666666666666,runs/yin_single_noise_20260925/results/r21dev_vgg16_bn_aa_s42/faces_cfdWM64/faces_cfdWM64/results.csv,UI
mixed,Mixed faces / AA4,r21dev_vgg16_bn_aa_s42,face_transfer,124,single_uu,CFD WM64,Faces,0.28,,50,within_sampled_range,UI,139,91.66666666666666,runs/yin_single_noise_20260925/results/r21dev_vgg16_bn_aa_s42/faces_cfdWM64/faces_cfdWM64/results.csv,UI
mixed,Mixed faces / AA4,r21dev_vgg16_bn_aa_s42,face_transfer,124,single_uu,CFD WM64,Faces,0.28,,50,within_sampled_range,UI,140,79.16666666666666,runs/yin_single_noise_20260925/results/r21dev_vgg16_bn_aa_s42/faces_cfdWM64/faces_cfdWM64/results.csv,UI
mixed,Mixed faces / AA4,r21dev_vgg16_bn_aa_s42,face_transfer,124,single_uu,CFD WM64,Faces,0.28,,50,within_sampled_range,UI,141,79.16666666666666,runs/yin_single_noise_20260925/results/r21dev_vgg16_bn_aa_s42/faces_cfdWM64/faces_cfdWM64/results.csv,UI
mixed,Mixed faces / AA4,r21dev_vgg16_bn_aa_s42,face_transfer,124,single_uu,CFD WM64,Faces,0.28,,50,within_sampled_range,UI,142,83.33333333333334,runs/yin_single_noise_20260925/results/r21dev_vgg16_bn_aa_s42/faces_cfdWM64/faces_cfdWM64/results.csv,UI
mixed,Mixed faces / AA4,r21dev_vgg16_bn_aa_s42,face_transfer,124,single_uu,CFD WM64,Faces,0.28,,50,within_sampled_range,UI,143,87.5,runs/yin_single_noise_20260925/results/r21dev_vgg16_bn_aa_s42/faces_cfdWM64/faces_cfdWM64/results.csv,UI
mixed,Mixed faces / AA4,r21dev_vgg16_bn_aa_s42,face_transfer,124,single_uu,CFD WM64,Faces,0.28,,50,within_sampled_range,UI,144,91.66666666666666,runs/yin_single_noise_20260925/results/r21dev_vgg16_bn_aa_s42/faces_cfdWM64/faces_cfdWM64/results.csv,UI
mixed,Mixed faces / AA4,r21dev_vgg16_bn_aa_s42,face_transfer,124,single_uu,CFD WM64,Faces,0.28,,50,within_sampled_range,UI,145,87.5,runs/yin_single_noise_20260925/results/r21dev_vgg16_bn_aa_s42/faces_cfdWM64/faces_cfdWM64/results.csv,UI
mixed,Mixed faces / AA4,r21dev_vgg16_bn_aa_s42,face_transfer,124,single_uu,CFD WM64,Faces,0.28,,50,within_sampled_range,UI,146,100.0,runs/yin_single_noise_20260925/results/r21dev_vgg16_bn_aa_s42/faces_cfdWM64/faces_cfdWM64/results.csv,UI
mixed,Mixed faces / AA4,r21dev_vgg16_bn_aa_s42,face_transfer,124,single_uu,CFD WM64,Faces,0.28,,50,within_sampled_range,UI,147,79.16666666666666,runs/yin_single_noise_20260925/results/r21dev_vgg16_bn_aa_s42/faces_cfdWM64/faces_cfdWM64/results.csv,UI
mixed,Mixed faces / AA4,r21dev_vgg16_bn_aa_s42,face_transfer,124,single_uu,CFD WM64,Faces,0.28,,50,within_sampled_range,UI,148,79.16666666666666,runs/yin_single_noise_20260925/results/r21dev_vgg16_bn_aa_s42/faces_cfdWM64/faces_cfdWM64/results.csv,UI
mixed,Mixed faces / AA4,r21dev_vgg16_bn_aa_s42,face_transfer,124,single_uu,CFD WM64,Faces,0.28,,50,within_sampled_range,UI,149,79.16666666666666,runs/yin_single_noise_20260925/results/r21dev_vgg16_bn_aa_s42/faces_cfdWM64/faces_cfdWM64/results.csv,UI
mixed,Mixed faces / AA4,r21dev_vgg16_bn_aa_s42,face_transfer,124,single_uu,CFD WM64,Faces,0.28,,50,within_sampled_range,UI,150,83.33333333333334,runs/yin_single_noise_20260925/results/r21dev_vgg16_bn_aa_s42/faces_cfdWM64/faces_cfdWM64/results.csv,UI
mixed,Mixed faces / AA4,r21dev_vgg16_bn_aa_s42,face_transfer,124,single_uu,CFD WM64,Faces,0.28,,50,within_sampled_range,IU,101,79.16666666666666,runs/yin_single_noise_20260925/results/r21dev_vgg16_bn_aa_s42/faces_cfdWM64/faces_cfdWM64/results.csv,IU
mixed,Mixed faces / AA4,r21dev_vgg16_bn_aa_s42,face_transfer,124,single_uu,CFD WM64,Faces,0.28,,50,within_sampled_range,IU,102,87.5,runs/yin_single_noise_20260925/results/r21dev_vgg16_bn_aa_s42/faces_cfdWM64/faces_cfdWM64/results.csv,IU
mixed,Mixed faces / AA4,r21dev_vgg16_bn_aa_s42,face_transfer,124,single_uu,CFD WM64,Faces,0.28,,50,within_sampled_range,IU,103,100.0,runs/yin_single_noise_20260925/results/r21dev_vgg16_bn_aa_s42/faces_cfdWM64/faces_cfdWM64/results.csv,IU
mixed,Mixed faces / AA4,r21dev_vgg16_bn_aa_s42,face_transfer,124,single_uu,CFD WM64,Faces,0.28,,50,within_sampled_range,IU,104,87.5,runs/yin_single_noise_20260925/results/r21dev_vgg16_bn_aa_s42/faces_cfdWM64/faces_cfdWM64/results.csv,IU
mixed,Mixed faces / AA4,r21dev_vgg16_bn_aa_s42,face_transfer,124,single_uu,CFD WM64,Faces,0.28,,50,within_sampled_range,IU,105,95.83333333333334,runs/yin_single_noise_20260925/results/r21dev_vgg16_bn_aa_s42/faces_cfdWM64/faces_cfdWM64/results.csv,IU
mixed,Mixed faces / AA4,r21dev_vgg16_bn_aa_s42,face_transfer,124,single_uu,CFD WM64,Faces,0.28,,50,within_sampled_range,IU,106,91.66666666666666,runs/yin_single_noise_20260925/results/r21dev_vgg16_bn_aa_s42/faces_cfdWM64/faces_cfdWM64/results.csv,IU
mixed,Mixed faces / AA4,r21dev_vgg16_bn_aa_s42,face_transfer,124,single_uu,CFD WM64,Faces,0.28,,50,within_sampled_range,IU,107,91.66666666666666,runs/yin_single_noise_20260925/results/r21dev_vgg16_bn_aa_s42/faces_cfdWM64/faces_cfdWM64/results.csv,IU
mixed,Mixed faces / AA4,r21dev_vgg16_bn_aa_s42,face_transfer,124,single_uu,CFD WM64,Faces,0.28,,50,within_sampled_range,IU,108,95.83333333333334,runs/yin_single_noise_20260925/results/r21dev_vgg16_bn_aa_s42/faces_cfdWM64/faces_cfdWM64/results.csv,IU
mixed,Mixed faces / AA4,r21dev_vgg16_bn_aa_s42,face_transfer,124,single_uu,CFD WM64,Faces,0.28,,50,within_sampled_range,IU,109,79.16666666666666,runs/yin_single_noise_20260925/results/r21dev_vgg16_bn_aa_s42/faces_cfdWM64/faces_cfdWM64/results.csv,IU
mixed,Mixed faces / AA4,r21dev_vgg16_bn_aa_s42,face_transfer,124,single_uu,CFD WM64,Faces,0.28,,50,within_sampled_range,IU,110,83.33333333333334,runs/yin_single_noise_20260925/results/r21dev_vgg16_bn_aa_s42/faces_cfdWM64/faces_cfdWM64/results.csv,IU
mixed,Mixed faces / AA4,r21dev_vgg16_bn_aa_s42,face_transfer,124,single_uu,CFD WM64,Faces,0.28,,50,within_sampled_range,IU,111,83.33333333333334,runs/yin_single_noise_20260925/results/r21dev_vgg16_bn_aa_s42/faces_cfdWM64/faces_cfdWM64/results.csv,IU
mixed,Mixed faces / AA4,r21dev_vgg16_bn_aa_s42,face_transfer,124,single_uu,CFD WM64,Faces,0.28,,50,within_sampled_range,IU,112,87.5,runs/yin_single_noise_20260925/results/r21dev_vgg16_bn_aa_s42/faces_cfdWM64/faces_cfdWM64/results.csv,IU
mixed,Mixed faces / AA4,r21dev_vgg16_bn_aa_s42,face_transfer,124,single_uu,CFD WM64,Faces,0.28,,50,within_sampled_range,IU,113,87.5,runs/yin_single_noise_20260925/results/r21dev_vgg16_bn_aa_s42/faces_cfdWM64/faces_cfdWM64/results.csv,IU
mixed,Mixed faces / AA4,r21dev_vgg16_bn_aa_s42,face_transfer,124,single_uu,CFD WM64,Faces,0.28,,50,within_sampled_range,IU,114,75.0,runs/yin_single_noise_20260925/results/r21dev_vgg16_bn_aa_s42/faces_cfdWM64/faces_cfdWM64/results.csv,IU
mixed,Mixed faces / AA4,r21dev_vgg16_bn_aa_s42,face_transfer,124,single_uu,CFD WM64,Faces,0.28,,50,within_sampled_range,IU,115,79.16666666666666,runs/yin_single_noise_20260925/results/r21dev_vgg16_bn_aa_s42/faces_cfdWM64/faces_cfdWM64/results.csv,IU
mixed,Mixed faces / AA4,r21dev_vgg16_bn_aa_s42,face_transfer,124,single_uu,CFD WM64,Faces,0.28,,50,within_sampled_range,IU,116,95.83333333333334,runs/yin_single_noise_20260925/results/r21dev_vgg16_bn_aa_s42/faces_cfdWM64/faces_cfdWM64/results.csv,IU
mixed,Mixed faces / AA4,r21dev_vgg16_bn_aa_s42,face_transfer,124,single_uu,CFD WM64,Faces,0.28,,50,within_sampled_range,IU,117,95.83333333333334,runs/yin_single_noise_20260925/results/r21dev_vgg16_bn_aa_s42/faces_cfdWM64/faces_cfdWM64/results.csv,IU
mixed,Mixed faces / AA4,r21dev_vgg16_bn_aa_s42,face_transfer,124,single_uu,CFD WM64,Faces,0.28,,50,within_sampled_range,IU,118,91.66666666666666,runs/yin_single_noise_20260925/results/r21dev_vgg16_bn_aa_s42/faces_cfdWM64/faces_cfdWM64/results.csv,IU
mixed,Mixed faces / AA4,r21dev_vgg16_bn_aa_s42,face_transfer,124,single_uu,CFD WM64,Faces,0.28,,50,within_sampled_range,IU,119,79.16666666666666,runs/yin_single_noise_20260925/results/r21dev_vgg16_bn_aa_s42/faces_cfdWM64/faces_cfdWM64/results.csv,IU
mixed,Mixed faces / AA4,r21dev_vgg16_bn_aa_s42,face_transfer,124,single_uu,CFD WM64,Faces,0.28,,50,within_sampled_range,IU,120,95.83333333333334,runs/yin_single_noise_20260925/results/r21dev_vgg16_bn_aa_s42/faces_cfdWM64/faces_cfdWM64/results.csv,IU
mixed,Mixed faces / AA4,r21dev_vgg16_bn_aa_s42,face_transfer,124,single_uu,CFD WM64,Faces,0.28,,50,within_sampled_range,IU,121,87.5,runs/yin_single_noise_20260925/results/r21dev_vgg16_bn_aa_s42/faces_cfdWM64/faces_cfdWM64/results.csv,IU
mixed,Mixed faces / AA4,r21dev_vgg16_bn_aa_s42,face_transfer,124,single_uu,CFD WM64,Faces,0.28,,50,within_sampled_range,IU,122,79.16666666666666,runs/yin_single_noise_20260925/results/r21dev_vgg16_bn_aa_s42/faces_cfdWM64/faces_cfdWM64/results.csv,IU
mixed,Mixed faces / AA4,r21dev_vgg16_bn_aa_s42,face_transfer,124,single_uu,CFD WM64,Faces,0.28,,50,within_sampled_range,IU,123,75.0,runs/yin_single_noise_20260925/results/r21dev_vgg16_bn_aa_s42/faces_cfdWM64/faces_cfdWM64/results.csv,IU
mixed,Mixed faces / AA4,r21dev_vgg16_bn_aa_s42,face_transfer,124,single_uu,CFD WM64,Faces,0.28,,50,within_sampled_range,IU,124,91.66666666666666,runs/yin_single_noise_20260925/results/r21dev_vgg16_bn_aa_s42/faces_cfdWM64/faces_cfdWM64/results.csv,IU
mixed,Mixed faces / AA4,r21dev_vgg16_bn_aa_s42,face_transfer,124,single_uu,CFD WM64,Faces,0.28,,50,within_sampled_range,IU,125,83.33333333333334,runs/yin_single_noise_20260925/results/r21dev_vgg16_bn_aa_s42/faces_cfdWM64/faces_cfdWM64/results.csv,IU
mixed,Mixed faces / AA4,r21dev_vgg16_bn_aa_s42,face_transfer,124,single_uu,CFD WM64,Faces,0.28,,50,within_sampled_range,IU,126,95.83333333333334,runs/yin_single_noise_20260925/results/r21dev_vgg16_bn_aa_s42/faces_cfdWM64/faces_cfdWM64/results.csv,IU
mixed,Mixed faces / AA4,r21dev_vgg16_bn_aa_s42,face_transfer,124,single_uu,CFD WM64,Faces,0.28,,50,within_sampled_range,IU,127,91.66666666666666,runs/yin_single_noise_20260925/results/r21dev_vgg16_bn_aa_s42/faces_cfdWM64/faces_cfdWM64/results.csv,IU
mixed,Mixed faces / AA4,r21dev_vgg16_bn_aa_s42,face_transfer,124,single_uu,CFD WM64,Faces,0.28,,50,within_sampled_range,IU,128,75.0,runs/yin_single_noise_20260925/results/r21dev_vgg16_bn_aa_s42/faces_cfdWM64/faces_cfdWM64/results.csv,IU
mixed,Mixed faces / AA4,r21dev_vgg16_bn_aa_s42,face_transfer,124,single_uu,CFD WM64,Faces,0.28,,50,within_sampled_range,IU,129,95.83333333333334,runs/yin_single_noise_20260925/results/r21dev_vgg16_bn_aa_s42/faces_cfdWM64/faces_cfdWM64/results.csv,IU
mixed,Mixed faces / AA4,r21dev_vgg16_bn_aa_s42,face_transfer,124,single_uu,CFD WM64,Faces,0.28,,50,within_sampled_range,IU,130,87.5,runs/yin_single_noise_20260925/results/r21dev_vgg16_bn_aa_s42/faces_cfdWM64/faces_cfdWM64/results.csv,IU
mixed,Mixed faces / AA4,r21dev_vgg16_bn_aa_s42,face_transfer,124,single_uu,CFD WM64,Faces,0.28,,50,within_sampled_range,IU,131,91.66666666666666,runs/yin_single_noise_20260925/results/r21dev_vgg16_bn_aa_s42/faces_cfdWM64/faces_cfdWM64/results.csv,IU
mixed,Mixed faces / AA4,r21dev_vgg16_bn_aa_s42,face_transfer,124,single_uu,CFD WM64,Faces,0.28,,50,within_sampled_range,IU,132,91.66666666666666,runs/yin_single_noise_20260925/results/r21dev_vgg16_bn_aa_s42/faces_cfdWM64/faces_cfdWM64/results.csv,IU
mixed,Mixed faces / AA4,r21dev_vgg16_bn_aa_s42,face_transfer,124,single_uu,CFD WM64,Faces,0.28,,50,within_sampled_range,IU,133,83.33333333333334,runs/yin_single_noise_20260925/results/r21dev_vgg16_bn_aa_s42/faces_cfdWM64/faces_cfdWM64/results.csv,IU
mixed,Mixed faces / AA4,r21dev_vgg16_bn_aa_s42,face_transfer,124,single_uu,CFD WM64,Faces,0.28,,50,within_sampled_range,IU,134,83.33333333333334,runs/yin_single_noise_20260925/results/r21dev_vgg16_bn_aa_s42/faces_cfdWM64/faces_cfdWM64/results.csv,IU
mixed,Mixed faces / AA4,r21dev_vgg16_bn_aa_s42,face_transfer,124,single_uu,CFD WM64,Faces,0.28,,50,within_sampled_range,IU,135,87.5,runs/yin_single_noise_20260925/results/r21dev_vgg16_bn_aa_s42/faces_cfdWM64/faces_cfdWM64/results.csv,IU
mixed,Mixed faces / AA4,r21dev_vgg16_bn_aa_s42,face_transfer,124,single_uu,CFD WM64,Faces,0.28,,50,within_sampled_range,IU,136,95.83333333333334,runs/yin_single_noise_20260925/results/r21dev_vgg16_bn_aa_s42/faces_cfdWM64/faces_cfdWM64/results.csv,IU
mixed,Mixed faces / AA4,r21dev_vgg16_bn_aa_s42,face_transfer,124,single_uu,CFD WM64,Faces,0.28,,50,within_sampled_range,IU,137,83.33333333333334,runs/yin_single_noise_20260925/results/r21dev_vgg16_bn_aa_s42/faces_cfdWM64/faces_cfdWM64/results.csv,IU
mixed,Mixed faces / AA4,r21dev_vgg16_bn_aa_s42,face_transfer,124,single_uu,CFD WM64,Faces,0.28,,50,within_sampled_range,IU,138,91.66666666666666,runs/yin_single_noise_20260925/results/r21dev_vgg16_bn_aa_s42/faces_cfdWM64/faces_cfdWM64/results.csv,IU
mixed,Mixed faces / AA4,r21dev_vgg16_bn_aa_s42,face_transfer,124,single_uu,CFD WM64,Faces,0.28,,50,within_sampled_range,IU,139,83.33333333333334,runs/yin_single_noise_20260925/results/r21dev_vgg16_bn_aa_s42/faces_cfdWM64/faces_cfdWM64/results.csv,IU
mixed,Mixed faces / AA4,r21dev_vgg16_bn_aa_s42,face_transfer,124,single_uu,CFD WM64,Faces,0.28,,50,within_sampled_range,IU,140,83.33333333333334,runs/yin_single_noise_20260925/results/r21dev_vgg16_bn_aa_s42/faces_cfdWM64/faces_cfdWM64/results.csv,IU
mixed,Mixed faces / AA4,r21dev_vgg16_bn_aa_s42,face_transfer,124,single_uu,CFD WM64,Faces,0.28,,50,within_sampled_range,IU,141,87.5,runs/yin_single_noise_20260925/results/r21dev_vgg16_bn_aa_s42/faces_cfdWM64/faces_cfdWM64/results.csv,IU
mixed,Mixed faces / AA4,r21dev_vgg16_bn_aa_s42,face_transfer,124,single_uu,CFD WM64,Faces,0.28,,50,within_sampled_range,IU,142,79.16666666666666,runs/yin_single_noise_20260925/results/r21dev_vgg16_bn_aa_s42/faces_cfdWM64/faces_cfdWM64/results.csv,IU
mixed,Mixed faces / AA4,r21dev_vgg16_bn_aa_s42,face_transfer,124,single_uu,CFD WM64,Faces,0.28,,50,within_sampled_range,IU,143,87.5,runs/yin_single_noise_20260925/results/r21dev_vgg16_bn_aa_s42/faces_cfdWM64/faces_cfdWM64/results.csv,IU
mixed,Mixed faces / AA4,r21dev_vgg16_bn_aa_s42,face_transfer,124,single_uu,CFD WM64,Faces,0.28,,50,within_sampled_range,IU,144,95.83333333333334,runs/yin_single_noise_20260925/results/r21dev_vgg16_bn_aa_s42/faces_cfdWM64/faces_cfdWM64/results.csv,IU
mixed,Mixed faces / AA4,r21dev_vgg16_bn_aa_s42,face_transfer,124,single_uu,CFD WM64,Faces,0.28,,50,within_sampled_range,IU,145,87.5,runs/yin_single_noise_20260925/results/r21dev_vgg16_bn_aa_s42/faces_cfdWM64/faces_cfdWM64/results.csv,IU
mixed,Mixed faces / AA4,r21dev_vgg16_bn_aa_s42,face_transfer,124,single_uu,CFD WM64,Faces,0.28,,50,within_sampled_range,IU,146,91.66666666666666,runs/yin_single_noise_20260925/results/r21dev_vgg16_bn_aa_s42/faces_cfdWM64/faces_cfdWM64/results.csv,IU
mixed,Mixed faces / AA4,r21dev_vgg16_bn_aa_s42,face_transfer,124,single_uu,CFD WM64,Faces,0.28,,50,within_sampled_range,IU,147,70.83333333333334,runs/yin_single_noise_20260925/results/r21dev_vgg16_bn_aa_s42/faces_cfdWM64/faces_cfdWM64/results.csv,IU
mixed,Mixed faces / AA4,r21dev_vgg16_bn_aa_s42,face_transfer,124,single_uu,CFD WM64,Faces,0.28,,50,within_sampled_range,IU,148,66.66666666666666,runs/yin_single_noise_20260925/results/r21dev_vgg16_bn_aa_s42/faces_cfdWM64/faces_cfdWM64/results.csv,IU
mixed,Mixed faces / AA4,r21dev_vgg16_bn_aa_s42,face_transfer,124,single_uu,CFD WM64,Faces,0.28,,50,within_sampled_range,IU,149,79.16666666666666,runs/yin_single_noise_20260925/results/r21dev_vgg16_bn_aa_s42/faces_cfdWM64/faces_cfdWM64/results.csv,IU
mixed,Mixed faces / AA4,r21dev_vgg16_bn_aa_s42,face_transfer,124,single_uu,CFD WM64,Faces,0.28,,50,within_sampled_range,IU,150,87.5,runs/yin_single_noise_20260925/results/r21dev_vgg16_bn_aa_s42/faces_cfdWM64/faces_cfdWM64/results.csv,IU
mixed,Mixed faces / AA4,r21dev_vgg16_bn_aa_s42,face_transfer,124,two_cross,CFD WM64,Faces,0.28,0.33,50,within_sampled_range,UU,101,91.66666666666666,runs/yin_noise_matrix_20260926/results/r21dev_vgg16_bn_aa_s42/faces_cfdWM64/faces_cfdWM64/results.csv,UU
mixed,Mixed faces / AA4,r21dev_vgg16_bn_aa_s42,face_transfer,124,two_cross,CFD WM64,Faces,0.28,0.33,50,within_sampled_range,UU,102,95.83333333333334,runs/yin_noise_matrix_20260926/results/r21dev_vgg16_bn_aa_s42/faces_cfdWM64/faces_cfdWM64/results.csv,UU
mixed,Mixed faces / AA4,r21dev_vgg16_bn_aa_s42,face_transfer,124,two_cross,CFD WM64,Faces,0.28,0.33,50,within_sampled_range,UU,103,95.83333333333334,runs/yin_noise_matrix_20260926/results/r21dev_vgg16_bn_aa_s42/faces_cfdWM64/faces_cfdWM64/results.csv,UU
mixed,Mixed faces / AA4,r21dev_vgg16_bn_aa_s42,face_transfer,124,two_cross,CFD WM64,Faces,0.28,0.33,50,within_sampled_range,UU,104,100.0,runs/yin_noise_matrix_20260926/results/r21dev_vgg16_bn_aa_s42/faces_cfdWM64/faces_cfdWM64/results.csv,UU
mixed,Mixed faces / AA4,r21dev_vgg16_bn_aa_s42,face_transfer,124,two_cross,CFD WM64,Faces,0.28,0.33,50,within_sampled_range,UU,105,100.0,runs/yin_noise_matrix_20260926/results/r21dev_vgg16_bn_aa_s42/faces_cfdWM64/faces_cfdWM64/results.csv,UU
mixed,Mixed faces / AA4,r21dev_vgg16_bn_aa_s42,face_transfer,124,two_cross,CFD WM64,Faces,0.28,0.33,50,within_sampled_range,UU,106,91.66666666666666,runs/yin_noise_matrix_20260926/results/r21dev_vgg16_bn_aa_s42/faces_cfdWM64/faces_cfdWM64/results.csv,UU
mixed,Mixed faces / AA4,r21dev_vgg16_bn_aa_s42,face_transfer,124,two_cross,CFD WM64,Faces,0.28,0.33,50,within_sampled_range,UU,107,95.83333333333334,runs/yin_noise_matrix_20260926/results/r21dev_vgg16_bn_aa_s42/faces_cfdWM64/faces_cfdWM64/results.csv,UU
mixed,Mixed faces / AA4,r21dev_vgg16_bn_aa_s42,face_transfer,124,two_cross,CFD WM64,Faces,0.28,0.33,50,within_sampled_range,UU,108,100.0,runs/yin_noise_matrix_20260926/results/r21dev_vgg16_bn_aa_s42/faces_cfdWM64/faces_cfdWM64/results.csv,UU
mixed,Mixed faces / AA4,r21dev_vgg16_bn_aa_s42,face_transfer,124,two_cross,CFD WM64,Faces,0.28,0.33,50,within_sampled_range,UU,109,95.83333333333334,runs/yin_noise_matrix_20260926/results/r21dev_vgg16_bn_aa_s42/faces_cfdWM64/faces_cfdWM64/results.csv,UU
mixed,Mixed faces / AA4,r21dev_vgg16_bn_aa_s42,face_transfer,124,two_cross,CFD WM64,Faces,0.28,0.33,50,within_sampled_range,UU,110,95.83333333333334,runs/yin_noise_matrix_20260926/results/r21dev_vgg16_bn_aa_s42/faces_cfdWM64/faces_cfdWM64/results.csv,UU
mixed,Mixed faces / AA4,r21dev_vgg16_bn_aa_s42,face_transfer,124,two_cross,CFD WM64,Faces,0.28,0.33,50,within_sampled_range,UU,111,95.83333333333334,runs/yin_noise_matrix_20260926/results/r21dev_vgg16_bn_aa_s42/faces_cfdWM64/faces_cfdWM64/results.csv,UU
mixed,Mixed faces / AA4,r21dev_vgg16_bn_aa_s42,face_transfer,124,two_cross,CFD WM64,Faces,0.28,0.33,50,within_sampled_range,UU,112,95.83333333333334,runs/yin_noise_matrix_20260926/results/r21dev_vgg16_bn_aa_s42/faces_cfdWM64/faces_cfdWM64/results.csv,UU
mixed,Mixed faces / AA4,r21dev_vgg16_bn_aa_s42,face_transfer,124,two_cross,CFD WM64,Faces,0.28,0.33,50,within_sampled_range,UU,113,87.5,runs/yin_noise_matrix_20260926/results/r21dev_vgg16_bn_aa_s42/faces_cfdWM64/faces_cfdWM64/results.csv,UU
mixed,Mixed faces / AA4,r21dev_vgg16_bn_aa_s42,face_transfer,124,two_cross,CFD WM64,Faces,0.28,0.33,50,within_sampled_range,UU,114,95.83333333333334,runs/yin_noise_matrix_20260926/results/r21dev_vgg16_bn_aa_s42/faces_cfdWM64/faces_cfdWM64/results.csv,UU
mixed,Mixed faces / AA4,r21dev_vgg16_bn_aa_s42,face_transfer,124,two_cross,CFD WM64,Faces,0.28,0.33,50,within_sampled_range,UU,115,100.0,runs/yin_noise_matrix_20260926/results/r21dev_vgg16_bn_aa_s42/faces_cfdWM64/faces_cfdWM64/results.csv,UU
mixed,Mixed faces / AA4,r21dev_vgg16_bn_aa_s42,face_transfer,124,two_cross,CFD WM64,Faces,0.28,0.33,50,within_sampled_range,UU,116,95.83333333333334,runs/yin_noise_matrix_20260926/results/r21dev_vgg16_bn_aa_s42/faces_cfdWM64/faces_cfdWM64/results.csv,UU
mixed,Mixed faces / AA4,r21dev_vgg16_bn_aa_s42,face_transfer,124,two_cross,CFD WM64,Faces,0.28,0.33,50,within_sampled_range,UU,117,100.0,runs/yin_noise_matrix_20260926/results/r21dev_vgg16_bn_aa_s42/faces_cfdWM64/faces_cfdWM64/results.csv,UU
mixed,Mixed faces / AA4,r21dev_vgg16_bn_aa_s42,face_transfer,124,two_cross,CFD WM64,Faces,0.28,0.33,50,within_sampled_range,UU,118,95.83333333333334,runs/yin_noise_matrix_20260926/results/r21dev_vgg16_bn_aa_s42/faces_cfdWM64/faces_cfdWM64/results.csv,UU
mixed,Mixed faces / AA4,r21dev_vgg16_bn_aa_s42,face_transfer,124,two_cross,CFD WM64,Faces,0.28,0.33,50,within_sampled_range,UU,119,95.83333333333334,runs/yin_noise_matrix_20260926/results/r21dev_vgg16_bn_aa_s42/faces_cfdWM64/faces_cfdWM64/results.csv,UU
mixed,Mixed faces / AA4,r21dev_vgg16_bn_aa_s42,face_transfer,124,two_cross,CFD WM64,Faces,0.28,0.33,50,within_sampled_range,UU,120,95.83333333333334,runs/yin_noise_matrix_20260926/results/r21dev_vgg16_bn_aa_s42/faces_cfdWM64/faces_cfdWM64/results.csv,UU
mixed,Mixed faces / AA4,r21dev_vgg16_bn_aa_s42,face_transfer,124,two_cross,CFD WM64,Faces,0.28,0.33,50,within_sampled_range,UU,121,95.83333333333334,runs/yin_noise_matrix_20260926/results/r21dev_vgg16_bn_aa_s42/faces_cfdWM64/faces_cfdWM64/results.csv,UU
mixed,Mixed faces / AA4,r21dev_vgg16_bn_aa_s42,face_transfer,124,two_cross,CFD WM64,Faces,0.28,0.33,50,within_sampled_range,UU,122,100.0,runs/yin_noise_matrix_20260926/results/r21dev_vgg16_bn_aa_s42/faces_cfdWM64/faces_cfdWM64/results.csv,UU
mixed,Mixed faces / AA4,r21dev_vgg16_bn_aa_s42,face_transfer,124,two_cross,CFD WM64,Faces,0.28,0.33,50,within_sampled_range,UU,123,95.83333333333334,runs/yin_noise_matrix_20260926/results/r21dev_vgg16_bn_aa_s42/faces_cfdWM64/faces_cfdWM64/results.csv,UU
mixed,Mixed faces / AA4,r21dev_vgg16_bn_aa_s42,face_transfer,124,two_cross,CFD WM64,Faces,0.28,0.33,50,within_sampled_range,UU,124,91.66666666666666,runs/yin_noise_matrix_20260926/results/r21dev_vgg16_bn_aa_s42/faces_cfdWM64/faces_cfdWM64/results.csv,UU
mixed,Mixed faces / AA4,r21dev_vgg16_bn_aa_s42,face_transfer,124,two_cross,CFD WM64,Faces,0.28,0.33,50,within_sampled_range,UU,125,91.66666666666666,runs/yin_noise_matrix_20260926/results/r21dev_vgg16_bn_aa_s42/faces_cfdWM64/faces_cfdWM64/results.csv,UU
mixed,Mixed faces / AA4,r21dev_vgg16_bn_aa_s42,face_transfer,124,two_cross,CFD WM64,Faces,0.28,0.33,50,within_sampled_range,UU,126,100.0,runs/yin_noise_matrix_20260926/results/r21dev_vgg16_bn_aa_s42/faces_cfdWM64/faces_cfdWM64/results.csv,UU
mixed,Mixed faces / AA4,r21dev_vgg16_bn_aa_s42,face_transfer,124,two_cross,CFD WM64,Faces,0.28,0.33,50,within_sampled_range,UU,127,100.0,runs/yin_noise_matrix_20260926/results/r21dev_vgg16_bn_aa_s42/faces_cfdWM64/faces_cfdWM64/results.csv,UU
mixed,Mixed faces / AA4,r21dev_vgg16_bn_aa_s42,face_transfer,124,two_cross,CFD WM64,Faces,0.28,0.33,50,within_sampled_range,UU,128,100.0,runs/yin_noise_matrix_20260926/results/r21dev_vgg16_bn_aa_s42/faces_cfdWM64/faces_cfdWM64/results.csv,UU
mixed,Mixed faces / AA4,r21dev_vgg16_bn_aa_s42,face_transfer,124,two_cross,CFD WM64,Faces,0.28,0.33,50,within_sampled_range,UU,129,100.0,runs/yin_noise_matrix_20260926/results/r21dev_vgg16_bn_aa_s42/faces_cfdWM64/faces_cfdWM64/results.csv,UU
mixed,Mixed faces / AA4,r21dev_vgg16_bn_aa_s42,face_transfer,124,two_cross,CFD WM64,Faces,0.28,0.33,50,within_sampled_range,UU,130,100.0,runs/yin_noise_matrix_20260926/results/r21dev_vgg16_bn_aa_s42/faces_cfdWM64/faces_cfdWM64/results.csv,UU
mixed,Mixed faces / AA4,r21dev_vgg16_bn_aa_s42,face_transfer,124,two_cross,CFD WM64,Faces,0.28,0.33,50,within_sampled_range,UU,131,100.0,runs/yin_noise_matrix_20260926/results/r21dev_vgg16_bn_aa_s42/faces_cfdWM64/faces_cfdWM64/results.csv,UU
mixed,Mixed faces / AA4,r21dev_vgg16_bn_aa_s42,face_transfer,124,two_cross,CFD WM64,Faces,0.28,0.33,50,within_sampled_range,UU,132,95.83333333333334,runs/yin_noise_matrix_20260926/results/r21dev_vgg16_bn_aa_s42/faces_cfdWM64/faces_cfdWM64/results.csv,UU
mixed,Mixed faces / AA4,r21dev_vgg16_bn_aa_s42,face_transfer,124,two_cross,CFD WM64,Faces,0.28,0.33,50,within_sampled_range,UU,133,91.66666666666666,runs/yin_noise_matrix_20260926/results/r21dev_vgg16_bn_aa_s42/faces_cfdWM64/faces_cfdWM64/results.csv,UU
mixed,Mixed faces / AA4,r21dev_vgg16_bn_aa_s42,face_transfer,124,two_cross,CFD WM64,Faces,0.28,0.33,50,within_sampled_range,UU,134,95.83333333333334,runs/yin_noise_matrix_20260926/results/r21dev_vgg16_bn_aa_s42/faces_cfdWM64/faces_cfdWM64/results.csv,UU
mixed,Mixed faces / AA4,r21dev_vgg16_bn_aa_s42,face_transfer,124,two_cross,CFD WM64,Faces,0.28,0.33,50,within_sampled_range,UU,135,95.83333333333334,runs/yin_noise_matrix_20260926/results/r21dev_vgg16_bn_aa_s42/faces_cfdWM64/faces_cfdWM64/results.csv,UU
mixed,Mixed faces / AA4,r21dev_vgg16_bn_aa_s42,face_transfer,124,two_cross,CFD WM64,Faces,0.28,0.33,50,within_sampled_range,UU,136,100.0,runs/yin_noise_matrix_20260926/results/r21dev_vgg16_bn_aa_s42/faces_cfdWM64/faces_cfdWM64/results.csv,UU
mixed,Mixed faces / AA4,r21dev_vgg16_bn_aa_s42,face_transfer,124,two_cross,CFD WM64,Faces,0.28,0.33,50,within_sampled_range,UU,137,95.83333333333334,runs/yin_noise_matrix_20260926/results/r21dev_vgg16_bn_aa_s42/faces_cfdWM64/faces_cfdWM64/results.csv,UU
mixed,Mixed faces / AA4,r21dev_vgg16_bn_aa_s42,face_transfer,124,two_cross,CFD WM64,Faces,0.28,0.33,50,within_sampled_range,UU,138,95.83333333333334,runs/yin_noise_matrix_20260926/results/r21dev_vgg16_bn_aa_s42/faces_cfdWM64/faces_cfdWM64/results.csv,UU
mixed,Mixed faces / AA4,r21dev_vgg16_bn_aa_s42,face_transfer,124,two_cross,CFD WM64,Faces,0.28,0.33,50,within_sampled_range,UU,139,95.83333333333334,runs/yin_noise_matrix_20260926/results/r21dev_vgg16_bn_aa_s42/faces_cfdWM64/faces_cfdWM64/results.csv,UU
mixed,Mixed faces / AA4,r21dev_vgg16_bn_aa_s42,face_transfer,124,two_cross,CFD WM64,Faces,0.28,0.33,50,within_sampled_range,UU,140,87.5,runs/yin_noise_matrix_20260926/results/r21dev_vgg16_bn_aa_s42/faces_cfdWM64/faces_cfdWM64/results.csv,UU
mixed,Mixed faces / AA4,r21dev_vgg16_bn_aa_s42,face_transfer,124,two_cross,CFD WM64,Faces,0.28,0.33,50,within_sampled_range,UU,141,100.0,runs/yin_noise_matrix_20260926/results/r21dev_vgg16_bn_aa_s42/faces_cfdWM64/faces_cfdWM64/results.csv,UU
mixed,Mixed faces / AA4,r21dev_vgg16_bn_aa_s42,face_transfer,124,two_cross,CFD WM64,Faces,0.28,0.33,50,within_sampled_range,UU,142,100.0,runs/yin_noise_matrix_20260926/results/r21dev_vgg16_bn_aa_s42/faces_cfdWM64/faces_cfdWM64/results.csv,UU
mixed,Mixed faces / AA4,r21dev_vgg16_bn_aa_s42,face_transfer,124,two_cross,CFD WM64,Faces,0.28,0.33,50,within_sampled_range,UU,143,87.5,runs/yin_noise_matrix_20260926/results/r21dev_vgg16_bn_aa_s42/faces_cfdWM64/faces_cfdWM64/results.csv,UU
mixed,Mixed faces / AA4,r21dev_vgg16_bn_aa_s42,face_transfer,124,two_cross,CFD WM64,Faces,0.28,0.33,50,within_sampled_range,UU,144,100.0,runs/yin_noise_matrix_20260926/results/r21dev_vgg16_bn_aa_s42/faces_cfdWM64/faces_cfdWM64/results.csv,UU
mixed,Mixed faces / AA4,r21dev_vgg16_bn_aa_s42,face_transfer,124,two_cross,CFD WM64,Faces,0.28,0.33,50,within_sampled_range,UU,145,95.83333333333334,runs/yin_noise_matrix_20260926/results/r21dev_vgg16_bn_aa_s42/faces_cfdWM64/faces_cfdWM64/results.csv,UU
mixed,Mixed faces / AA4,r21dev_vgg16_bn_aa_s42,face_transfer,124,two_cross,CFD WM64,Faces,0.28,0.33,50,within_sampled_range,UU,146,100.0,runs/yin_noise_matrix_20260926/results/r21dev_vgg16_bn_aa_s42/faces_cfdWM64/faces_cfdWM64/results.csv,UU
mixed,Mixed faces / AA4,r21dev_vgg16_bn_aa_s42,face_transfer,124,two_cross,CFD WM64,Faces,0.28,0.33,50,within_sampled_range,UU,147,100.0,runs/yin_noise_matrix_20260926/results/r21dev_vgg16_bn_aa_s42/faces_cfdWM64/faces_cfdWM64/results.csv,UU
mixed,Mixed faces / AA4,r21dev_vgg16_bn_aa_s42,face_transfer,124,two_cross,CFD WM64,Faces,0.28,0.33,50,within_sampled_range,UU,148,87.5,runs/yin_noise_matrix_20260926/results/r21dev_vgg16_bn_aa_s42/faces_cfdWM64/faces_cfdWM64/results.csv,UU
mixed,Mixed faces / AA4,r21dev_vgg16_bn_aa_s42,face_transfer,124,two_cross,CFD WM64,Faces,0.28,0.33,50,within_sampled_range,UU,149,91.66666666666666,runs/yin_noise_matrix_20260926/results/r21dev_vgg16_bn_aa_s42/faces_cfdWM64/faces_cfdWM64/results.csv,UU
mixed,Mixed faces / AA4,r21dev_vgg16_bn_aa_s42,face_transfer,124,two_cross,CFD WM64,Faces,0.28,0.33,50,within_sampled_range,UU,150,95.83333333333334,runs/yin_noise_matrix_20260926/results/r21dev_vgg16_bn_aa_s42/faces_cfdWM64/faces_cfdWM64/results.csv,UU
mixed,Mixed faces / AA4,r21dev_vgg16_bn_aa_s42,face_transfer,124,two_cross,CFD WM64,Faces,0.28,0.33,50,within_sampled_range,II,101,79.16666666666666,runs/yin_noise_matrix_20260926/results/r21dev_vgg16_bn_aa_s42/faces_cfdWM64/faces_cfdWM64/results.csv,II
mixed,Mixed faces / AA4,r21dev_vgg16_bn_aa_s42,face_transfer,124,two_cross,CFD WM64,Faces,0.28,0.33,50,within_sampled_range,II,102,75.0,runs/yin_noise_matrix_20260926/results/r21dev_vgg16_bn_aa_s42/faces_cfdWM64/faces_cfdWM64/results.csv,II
mixed,Mixed faces / AA4,r21dev_vgg16_bn_aa_s42,face_transfer,124,two_cross,CFD WM64,Faces,0.28,0.33,50,within_sampled_range,II,103,95.83333333333334,runs/yin_noise_matrix_20260926/results/r21dev_vgg16_bn_aa_s42/faces_cfdWM64/faces_cfdWM64/results.csv,II
mixed,Mixed faces / AA4,r21dev_vgg16_bn_aa_s42,face_transfer,124,two_cross,CFD WM64,Faces,0.28,0.33,50,within_sampled_range,II,104,87.5,runs/yin_noise_matrix_20260926/results/r21dev_vgg16_bn_aa_s42/faces_cfdWM64/faces_cfdWM64/results.csv,II
mixed,Mixed faces / AA4,r21dev_vgg16_bn_aa_s42,face_transfer,124,two_cross,CFD WM64,Faces,0.28,0.33,50,within_sampled_range,II,105,91.66666666666666,runs/yin_noise_matrix_20260926/results/r21dev_vgg16_bn_aa_s42/faces_cfdWM64/faces_cfdWM64/results.csv,II
mixed,Mixed faces / AA4,r21dev_vgg16_bn_aa_s42,face_transfer,124,two_cross,CFD WM64,Faces,0.28,0.33,50,within_sampled_range,II,106,83.33333333333334,runs/yin_noise_matrix_20260926/results/r21dev_vgg16_bn_aa_s42/faces_cfdWM64/faces_cfdWM64/results.csv,II
mixed,Mixed faces / AA4,r21dev_vgg16_bn_aa_s42,face_transfer,124,two_cross,CFD WM64,Faces,0.28,0.33,50,within_sampled_range,II,107,83.33333333333334,runs/yin_noise_matrix_20260926/results/r21dev_vgg16_bn_aa_s42/faces_cfdWM64/faces_cfdWM64/results.csv,II
mixed,Mixed faces / AA4,r21dev_vgg16_bn_aa_s42,face_transfer,124,two_cross,CFD WM64,Faces,0.28,0.33,50,within_sampled_range,II,108,91.66666666666666,runs/yin_noise_matrix_20260926/results/r21dev_vgg16_bn_aa_s42/faces_cfdWM64/faces_cfdWM64/results.csv,II
mixed,Mixed faces / AA4,r21dev_vgg16_bn_aa_s42,face_transfer,124,two_cross,CFD WM64,Faces,0.28,0.33,50,within_sampled_range,II,109,79.16666666666666,runs/yin_noise_matrix_20260926/results/r21dev_vgg16_bn_aa_s42/faces_cfdWM64/faces_cfdWM64/results.csv,II
mixed,Mixed faces / AA4,r21dev_vgg16_bn_aa_s42,face_transfer,124,two_cross,CFD WM64,Faces,0.28,0.33,50,within_sampled_range,II,110,75.0,runs/yin_noise_matrix_20260926/results/r21dev_vgg16_bn_aa_s42/faces_cfdWM64/faces_cfdWM64/results.csv,II
mixed,Mixed faces / AA4,r21dev_vgg16_bn_aa_s42,face_transfer,124,two_cross,CFD WM64,Faces,0.28,0.33,50,within_sampled_range,II,111,79.16666666666666,runs/yin_noise_matrix_20260926/results/r21dev_vgg16_bn_aa_s42/faces_cfdWM64/faces_cfdWM64/results.csv,II
mixed,Mixed faces / AA4,r21dev_vgg16_bn_aa_s42,face_transfer,124,two_cross,CFD WM64,Faces,0.28,0.33,50,within_sampled_range,II,112,83.33333333333334,runs/yin_noise_matrix_20260926/results/r21dev_vgg16_bn_aa_s42/faces_cfdWM64/faces_cfdWM64/results.csv,II
mixed,Mixed faces / AA4,r21dev_vgg16_bn_aa_s42,face_transfer,124,two_cross,CFD WM64,Faces,0.28,0.33,50,within_sampled_range,II,113,91.66666666666666,runs/yin_noise_matrix_20260926/results/r21dev_vgg16_bn_aa_s42/faces_cfdWM64/faces_cfdWM64/results.csv,II
mixed,Mixed faces / AA4,r21dev_vgg16_bn_aa_s42,face_transfer,124,two_cross,CFD WM64,Faces,0.28,0.33,50,within_sampled_range,II,114,83.33333333333334,runs/yin_noise_matrix_20260926/results/r21dev_vgg16_bn_aa_s42/faces_cfdWM64/faces_cfdWM64/results.csv,II
mixed,Mixed faces / AA4,r21dev_vgg16_bn_aa_s42,face_transfer,124,two_cross,CFD WM64,Faces,0.28,0.33,50,within_sampled_range,II,115,83.33333333333334,runs/yin_noise_matrix_20260926/results/r21dev_vgg16_bn_aa_s42/faces_cfdWM64/faces_cfdWM64/results.csv,II
mixed,Mixed faces / AA4,r21dev_vgg16_bn_aa_s42,face_transfer,124,two_cross,CFD WM64,Faces,0.28,0.33,50,within_sampled_range,II,116,83.33333333333334,runs/yin_noise_matrix_20260926/results/r21dev_vgg16_bn_aa_s42/faces_cfdWM64/faces_cfdWM64/results.csv,II
mixed,Mixed faces / AA4,r21dev_vgg16_bn_aa_s42,face_transfer,124,two_cross,CFD WM64,Faces,0.28,0.33,50,within_sampled_range,II,117,95.83333333333334,runs/yin_noise_matrix_20260926/results/r21dev_vgg16_bn_aa_s42/faces_cfdWM64/faces_cfdWM64/results.csv,II
mixed,Mixed faces / AA4,r21dev_vgg16_bn_aa_s42,face_transfer,124,two_cross,CFD WM64,Faces,0.28,0.33,50,within_sampled_range,II,118,87.5,runs/yin_noise_matrix_20260926/results/r21dev_vgg16_bn_aa_s42/faces_cfdWM64/faces_cfdWM64/results.csv,II
mixed,Mixed faces / AA4,r21dev_vgg16_bn_aa_s42,face_transfer,124,two_cross,CFD WM64,Faces,0.28,0.33,50,within_sampled_range,II,119,87.5,runs/yin_noise_matrix_20260926/results/r21dev_vgg16_bn_aa_s42/faces_cfdWM64/faces_cfdWM64/results.csv,II
mixed,Mixed faces / AA4,r21dev_vgg16_bn_aa_s42,face_transfer,124,two_cross,CFD WM64,Faces,0.28,0.33,50,within_sampled_range,II,120,79.16666666666666,runs/yin_noise_matrix_20260926/results/r21dev_vgg16_bn_aa_s42/faces_cfdWM64/faces_cfdWM64/results.csv,II
mixed,Mixed faces / AA4,r21dev_vgg16_bn_aa_s42,face_transfer,124,two_cross,CFD WM64,Faces,0.28,0.33,50,within_sampled_range,II,121,79.16666666666666,runs/yin_noise_matrix_20260926/results/r21dev_vgg16_bn_aa_s42/faces_cfdWM64/faces_cfdWM64/results.csv,II
mixed,Mixed faces / AA4,r21dev_vgg16_bn_aa_s42,face_transfer,124,two_cross,CFD WM64,Faces,0.28,0.33,50,within_sampled_range,II,122,75.0,runs/yin_noise_matrix_20260926/results/r21dev_vgg16_bn_aa_s42/faces_cfdWM64/faces_cfdWM64/results.csv,II
mixed,Mixed faces / AA4,r21dev_vgg16_bn_aa_s42,face_transfer,124,two_cross,CFD WM64,Faces,0.28,0.33,50,within_sampled_range,II,123,75.0,runs/yin_noise_matrix_20260926/results/r21dev_vgg16_bn_aa_s42/faces_cfdWM64/faces_cfdWM64/results.csv,II
mixed,Mixed faces / AA4,r21dev_vgg16_bn_aa_s42,face_transfer,124,two_cross,CFD WM64,Faces,0.28,0.33,50,within_sampled_range,II,124,83.33333333333334,runs/yin_noise_matrix_20260926/results/r21dev_vgg16_bn_aa_s42/faces_cfdWM64/faces_cfdWM64/results.csv,II
mixed,Mixed faces / AA4,r21dev_vgg16_bn_aa_s42,face_transfer,124,two_cross,CFD WM64,Faces,0.28,0.33,50,within_sampled_range,II,125,91.66666666666666,runs/yin_noise_matrix_20260926/results/r21dev_vgg16_bn_aa_s42/faces_cfdWM64/faces_cfdWM64/results.csv,II
mixed,Mixed faces / AA4,r21dev_vgg16_bn_aa_s42,face_transfer,124,two_cross,CFD WM64,Faces,0.28,0.33,50,within_sampled_range,II,126,95.83333333333334,runs/yin_noise_matrix_20260926/results/r21dev_vgg16_bn_aa_s42/faces_cfdWM64/faces_cfdWM64/results.csv,II
mixed,Mixed faces / AA4,r21dev_vgg16_bn_aa_s42,face_transfer,124,two_cross,CFD WM64,Faces,0.28,0.33,50,within_sampled_range,II,127,83.33333333333334,runs/yin_noise_matrix_20260926/results/r21dev_vgg16_bn_aa_s42/faces_cfdWM64/faces_cfdWM64/results.csv,II
mixed,Mixed faces / AA4,r21dev_vgg16_bn_aa_s42,face_transfer,124,two_cross,CFD WM64,Faces,0.28,0.33,50,within_sampled_range,II,128,79.16666666666666,runs/yin_noise_matrix_20260926/results/r21dev_vgg16_bn_aa_s42/faces_cfdWM64/faces_cfdWM64/results.csv,II
mixed,Mixed faces / AA4,r21dev_vgg16_bn_aa_s42,face_transfer,124,two_cross,CFD WM64,Faces,0.28,0.33,50,within_sampled_range,II,129,95.83333333333334,runs/yin_noise_matrix_20260926/results/r21dev_vgg16_bn_aa_s42/faces_cfdWM64/faces_cfdWM64/results.csv,II
mixed,Mixed faces / AA4,r21dev_vgg16_bn_aa_s42,face_transfer,124,two_cross,CFD WM64,Faces,0.28,0.33,50,within_sampled_range,II,130,75.0,runs/yin_noise_matrix_20260926/results/r21dev_vgg16_bn_aa_s42/faces_cfdWM64/faces_cfdWM64/results.csv,II
mixed,Mixed faces / AA4,r21dev_vgg16_bn_aa_s42,face_transfer,124,two_cross,CFD WM64,Faces,0.28,0.33,50,within_sampled_range,II,131,83.33333333333334,runs/yin_noise_matrix_20260926/results/r21dev_vgg16_bn_aa_s42/faces_cfdWM64/faces_cfdWM64/results.csv,II
mixed,Mixed faces / AA4,r21dev_vgg16_bn_aa_s42,face_transfer,124,two_cross,CFD WM64,Faces,0.28,0.33,50,within_sampled_range,II,132,83.33333333333334,runs/yin_noise_matrix_20260926/results/r21dev_vgg16_bn_aa_s42/faces_cfdWM64/faces_cfdWM64/results.csv,II
mixed,Mixed faces / AA4,r21dev_vgg16_bn_aa_s42,face_transfer,124,two_cross,CFD WM64,Faces,0.28,0.33,50,within_sampled_range,II,133,70.83333333333334,runs/yin_noise_matrix_20260926/results/r21dev_vgg16_bn_aa_s42/faces_cfdWM64/faces_cfdWM64/results.csv,II
mixed,Mixed faces / AA4,r21dev_vgg16_bn_aa_s42,face_transfer,124,two_cross,CFD WM64,Faces,0.28,0.33,50,within_sampled_range,II,134,91.66666666666666,runs/yin_noise_matrix_20260926/results/r21dev_vgg16_bn_aa_s42/faces_cfdWM64/faces_cfdWM64/results.csv,II
mixed,Mixed faces / AA4,r21dev_vgg16_bn_aa_s42,face_transfer,124,two_cross,CFD WM64,Faces,0.28,0.33,50,within_sampled_range,II,135,83.33333333333334,runs/yin_noise_matrix_20260926/results/r21dev_vgg16_bn_aa_s42/faces_cfdWM64/faces_cfdWM64/results.csv,II
mixed,Mixed faces / AA4,r21dev_vgg16_bn_aa_s42,face_transfer,124,two_cross,CFD WM64,Faces,0.28,0.33,50,within_sampled_range,II,136,95.83333333333334,runs/yin_noise_matrix_20260926/results/r21dev_vgg16_bn_aa_s42/faces_cfdWM64/faces_cfdWM64/results.csv,II
mixed,Mixed faces / AA4,r21dev_vgg16_bn_aa_s42,face_transfer,124,two_cross,CFD WM64,Faces,0.28,0.33,50,within_sampled_range,II,137,75.0,runs/yin_noise_matrix_20260926/results/r21dev_vgg16_bn_aa_s42/faces_cfdWM64/faces_cfdWM64/results.csv,II
mixed,Mixed faces / AA4,r21dev_vgg16_bn_aa_s42,face_transfer,124,two_cross,CFD WM64,Faces,0.28,0.33,50,within_sampled_range,II,138,79.16666666666666,runs/yin_noise_matrix_20260926/results/r21dev_vgg16_bn_aa_s42/faces_cfdWM64/faces_cfdWM64/results.csv,II
mixed,Mixed faces / AA4,r21dev_vgg16_bn_aa_s42,face_transfer,124,two_cross,CFD WM64,Faces,0.28,0.33,50,within_sampled_range,II,139,83.33333333333334,runs/yin_noise_matrix_20260926/results/r21dev_vgg16_bn_aa_s42/faces_cfdWM64/faces_cfdWM64/results.csv,II
mixed,Mixed faces / AA4,r21dev_vgg16_bn_aa_s42,face_transfer,124,two_cross,CFD WM64,Faces,0.28,0.33,50,within_sampled_range,II,140,66.66666666666666,runs/yin_noise_matrix_20260926/results/r21dev_vgg16_bn_aa_s42/faces_cfdWM64/faces_cfdWM64/results.csv,II
mixed,Mixed faces / AA4,r21dev_vgg16_bn_aa_s42,face_transfer,124,two_cross,CFD WM64,Faces,0.28,0.33,50,within_sampled_range,II,141,70.83333333333334,runs/yin_noise_matrix_20260926/results/r21dev_vgg16_bn_aa_s42/faces_cfdWM64/faces_cfdWM64/results.csv,II
mixed,Mixed faces / AA4,r21dev_vgg16_bn_aa_s42,face_transfer,124,two_cross,CFD WM64,Faces,0.28,0.33,50,within_sampled_range,II,142,79.16666666666666,runs/yin_noise_matrix_20260926/results/r21dev_vgg16_bn_aa_s42/faces_cfdWM64/faces_cfdWM64/results.csv,II
mixed,Mixed faces / AA4,r21dev_vgg16_bn_aa_s42,face_transfer,124,two_cross,CFD WM64,Faces,0.28,0.33,50,within_sampled_range,II,143,79.16666666666666,runs/yin_noise_matrix_20260926/results/r21dev_vgg16_bn_aa_s42/faces_cfdWM64/faces_cfdWM64/results.csv,II
mixed,Mixed faces / AA4,r21dev_vgg16_bn_aa_s42,face_transfer,124,two_cross,CFD WM64,Faces,0.28,0.33,50,within_sampled_range,II,144,83.33333333333334,runs/yin_noise_matrix_20260926/results/r21dev_vgg16_bn_aa_s42/faces_cfdWM64/faces_cfdWM64/results.csv,II
mixed,Mixed faces / AA4,r21dev_vgg16_bn_aa_s42,face_transfer,124,two_cross,CFD WM64,Faces,0.28,0.33,50,within_sampled_range,II,145,75.0,runs/yin_noise_matrix_20260926/results/r21dev_vgg16_bn_aa_s42/faces_cfdWM64/faces_cfdWM64/results.csv,II
mixed,Mixed faces / AA4,r21dev_vgg16_bn_aa_s42,face_transfer,124,two_cross,CFD WM64,Faces,0.28,0.33,50,within_sampled_range,II,146,95.83333333333334,runs/yin_noise_matrix_20260926/results/r21dev_vgg16_bn_aa_s42/faces_cfdWM64/faces_cfdWM64/results.csv,II
mixed,Mixed faces / AA4,r21dev_vgg16_bn_aa_s42,face_transfer,124,two_cross,CFD WM64,Faces,0.28,0.33,50,within_sampled_range,II,147,79.16666666666666,runs/yin_noise_matrix_20260926/results/r21dev_vgg16_bn_aa_s42/faces_cfdWM64/faces_cfdWM64/results.csv,II
mixed,Mixed faces / AA4,r21dev_vgg16_bn_aa_s42,face_transfer,124,two_cross,CFD WM64,Faces,0.28,0.33,50,within_sampled_range,II,148,62.5,runs/yin_noise_matrix_20260926/results/r21dev_vgg16_bn_aa_s42/faces_cfdWM64/faces_cfdWM64/results.csv,II
mixed,Mixed faces / AA4,r21dev_vgg16_bn_aa_s42,face_transfer,124,two_cross,CFD WM64,Faces,0.28,0.33,50,within_sampled_range,II,149,83.33333333333334,runs/yin_noise_matrix_20260926/results/r21dev_vgg16_bn_aa_s42/faces_cfdWM64/faces_cfdWM64/results.csv,II
mixed,Mixed faces / AA4,r21dev_vgg16_bn_aa_s42,face_transfer,124,two_cross,CFD WM64,Faces,0.28,0.33,50,within_sampled_range,II,150,91.66666666666666,runs/yin_noise_matrix_20260926/results/r21dev_vgg16_bn_aa_s42/faces_cfdWM64/faces_cfdWM64/results.csv,II
mixed,Mixed faces / AA4,r21dev_vgg16_bn_aa_s42,face_transfer,124,two_cross,CFD WM64,Faces,0.28,0.33,50,within_sampled_range,UI,101,87.5,runs/yin_noise_matrix_20260926/results/r21dev_vgg16_bn_aa_s42/faces_cfdWM64/faces_cfdWM64/results.csv,UI_cross
mixed,Mixed faces / AA4,r21dev_vgg16_bn_aa_s42,face_transfer,124,two_cross,CFD WM64,Faces,0.28,0.33,50,within_sampled_range,UI,102,95.83333333333334,runs/yin_noise_matrix_20260926/results/r21dev_vgg16_bn_aa_s42/faces_cfdWM64/faces_cfdWM64/results.csv,UI_cross
mixed,Mixed faces / AA4,r21dev_vgg16_bn_aa_s42,face_transfer,124,two_cross,CFD WM64,Faces,0.28,0.33,50,within_sampled_range,UI,103,83.33333333333334,runs/yin_noise_matrix_20260926/results/r21dev_vgg16_bn_aa_s42/faces_cfdWM64/faces_cfdWM64/results.csv,UI_cross
mixed,Mixed faces / AA4,r21dev_vgg16_bn_aa_s42,face_transfer,124,two_cross,CFD WM64,Faces,0.28,0.33,50,within_sampled_range,UI,104,91.66666666666666,runs/yin_noise_matrix_20260926/results/r21dev_vgg16_bn_aa_s42/faces_cfdWM64/faces_cfdWM64/results.csv,UI_cross
mixed,Mixed faces / AA4,r21dev_vgg16_bn_aa_s42,face_transfer,124,two_cross,CFD WM64,Faces,0.28,0.33,50,within_sampled_range,UI,105,100.0,runs/yin_noise_matrix_20260926/results/r21dev_vgg16_bn_aa_s42/faces_cfdWM64/faces_cfdWM64/results.csv,UI_cross
mixed,Mixed faces / AA4,r21dev_vgg16_bn_aa_s42,face_transfer,124,two_cross,CFD WM64,Faces,0.28,0.33,50,within_sampled_range,UI,106,91.66666666666666,runs/yin_noise_matrix_20260926/results/r21dev_vgg16_bn_aa_s42/faces_cfdWM64/faces_cfdWM64/results.csv,UI_cross
mixed,Mixed faces / AA4,r21dev_vgg16_bn_aa_s42,face_transfer,124,two_cross,CFD WM64,Faces,0.28,0.33,50,within_sampled_range,UI,107,91.66666666666666,runs/yin_noise_matrix_20260926/results/r21dev_vgg16_bn_aa_s42/faces_cfdWM64/faces_cfdWM64/results.csv,UI_cross
mixed,Mixed faces / AA4,r21dev_vgg16_bn_aa_s42,face_transfer,124,two_cross,CFD WM64,Faces,0.28,0.33,50,within_sampled_range,UI,108,100.0,runs/yin_noise_matrix_20260926/results/r21dev_vgg16_bn_aa_s42/faces_cfdWM64/faces_cfdWM64/results.csv,UI_cross
mixed,Mixed faces / AA4,r21dev_vgg16_bn_aa_s42,face_transfer,124,two_cross,CFD WM64,Faces,0.28,0.33,50,within_sampled_range,UI,109,83.33333333333334,runs/yin_noise_matrix_20260926/results/r21dev_vgg16_bn_aa_s42/faces_cfdWM64/faces_cfdWM64/results.csv,UI_cross
mixed,Mixed faces / AA4,r21dev_vgg16_bn_aa_s42,face_transfer,124,two_cross,CFD WM64,Faces,0.28,0.33,50,within_sampled_range,UI,110,83.33333333333334,runs/yin_noise_matrix_20260926/results/r21dev_vgg16_bn_aa_s42/faces_cfdWM64/faces_cfdWM64/results.csv,UI_cross
mixed,Mixed faces / AA4,r21dev_vgg16_bn_aa_s42,face_transfer,124,two_cross,CFD WM64,Faces,0.28,0.33,50,within_sampled_range,UI,111,83.33333333333334,runs/yin_noise_matrix_20260926/results/r21dev_vgg16_bn_aa_s42/faces_cfdWM64/faces_cfdWM64/results.csv,UI_cross
mixed,Mixed faces / AA4,r21dev_vgg16_bn_aa_s42,face_transfer,124,two_cross,CFD WM64,Faces,0.28,0.33,50,within_sampled_range,UI,112,87.5,runs/yin_noise_matrix_20260926/results/r21dev_vgg16_bn_aa_s42/faces_cfdWM64/faces_cfdWM64/results.csv,UI_cross
mixed,Mixed faces / AA4,r21dev_vgg16_bn_aa_s42,face_transfer,124,two_cross,CFD WM64,Faces,0.28,0.33,50,within_sampled_range,UI,113,87.5,runs/yin_noise_matrix_20260926/results/r21dev_vgg16_bn_aa_s42/faces_cfdWM64/faces_cfdWM64/results.csv,UI_cross
mixed,Mixed faces / AA4,r21dev_vgg16_bn_aa_s42,face_transfer,124,two_cross,CFD WM64,Faces,0.28,0.33,50,within_sampled_range,UI,114,79.16666666666666,runs/yin_noise_matrix_20260926/results/r21dev_vgg16_bn_aa_s42/faces_cfdWM64/faces_cfdWM64/results.csv,UI_cross
mixed,Mixed faces / AA4,r21dev_vgg16_bn_aa_s42,face_transfer,124,two_cross,CFD WM64,Faces,0.28,0.33,50,within_sampled_range,UI,115,87.5,runs/yin_noise_matrix_20260926/results/r21dev_vgg16_bn_aa_s42/faces_cfdWM64/faces_cfdWM64/results.csv,UI_cross
mixed,Mixed faces / AA4,r21dev_vgg16_bn_aa_s42,face_transfer,124,two_cross,CFD WM64,Faces,0.28,0.33,50,within_sampled_range,UI,116,91.66666666666666,runs/yin_noise_matrix_20260926/results/r21dev_vgg16_bn_aa_s42/faces_cfdWM64/faces_cfdWM64/results.csv,UI_cross
mixed,Mixed faces / AA4,r21dev_vgg16_bn_aa_s42,face_transfer,124,two_cross,CFD WM64,Faces,0.28,0.33,50,within_sampled_range,UI,117,83.33333333333334,runs/yin_noise_matrix_20260926/results/r21dev_vgg16_bn_aa_s42/faces_cfdWM64/faces_cfdWM64/results.csv,UI_cross
mixed,Mixed faces / AA4,r21dev_vgg16_bn_aa_s42,face_transfer,124,two_cross,CFD WM64,Faces,0.28,0.33,50,within_sampled_range,UI,118,83.33333333333334,runs/yin_noise_matrix_20260926/results/r21dev_vgg16_bn_aa_s42/faces_cfdWM64/faces_cfdWM64/results.csv,UI_cross
mixed,Mixed faces / AA4,r21dev_vgg16_bn_aa_s42,face_transfer,124,two_cross,CFD WM64,Faces,0.28,0.33,50,within_sampled_range,UI,119,83.33333333333334,runs/yin_noise_matrix_20260926/results/r21dev_vgg16_bn_aa_s42/faces_cfdWM64/faces_cfdWM64/results.csv,UI_cross
mixed,Mixed faces / AA4,r21dev_vgg16_bn_aa_s42,face_transfer,124,two_cross,CFD WM64,Faces,0.28,0.33,50,within_sampled_range,UI,120,95.83333333333334,runs/yin_noise_matrix_20260926/results/r21dev_vgg16_bn_aa_s42/faces_cfdWM64/faces_cfdWM64/results.csv,UI_cross
mixed,Mixed faces / AA4,r21dev_vgg16_bn_aa_s42,face_transfer,124,two_cross,CFD WM64,Faces,0.28,0.33,50,within_sampled_range,UI,121,95.83333333333334,runs/yin_noise_matrix_20260926/results/r21dev_vgg16_bn_aa_s42/faces_cfdWM64/faces_cfdWM64/results.csv,UI_cross
mixed,Mixed faces / AA4,r21dev_vgg16_bn_aa_s42,face_transfer,124,two_cross,CFD WM64,Faces,0.28,0.33,50,within_sampled_range,UI,122,79.16666666666666,runs/yin_noise_matrix_20260926/results/r21dev_vgg16_bn_aa_s42/faces_cfdWM64/faces_cfdWM64/results.csv,UI_cross
mixed,Mixed faces / AA4,r21dev_vgg16_bn_aa_s42,face_transfer,124,two_cross,CFD WM64,Faces,0.28,0.33,50,within_sampled_range,UI,123,83.33333333333334,runs/yin_noise_matrix_20260926/results/r21dev_vgg16_bn_aa_s42/faces_cfdWM64/faces_cfdWM64/results.csv,UI_cross
mixed,Mixed faces / AA4,r21dev_vgg16_bn_aa_s42,face_transfer,124,two_cross,CFD WM64,Faces,0.28,0.33,50,within_sampled_range,UI,124,87.5,runs/yin_noise_matrix_20260926/results/r21dev_vgg16_bn_aa_s42/faces_cfdWM64/faces_cfdWM64/results.csv,UI_cross
mixed,Mixed faces / AA4,r21dev_vgg16_bn_aa_s42,face_transfer,124,two_cross,CFD WM64,Faces,0.28,0.33,50,within_sampled_range,UI,125,79.16666666666666,runs/yin_noise_matrix_20260926/results/r21dev_vgg16_bn_aa_s42/faces_cfdWM64/faces_cfdWM64/results.csv,UI_cross
mixed,Mixed faces / AA4,r21dev_vgg16_bn_aa_s42,face_transfer,124,two_cross,CFD WM64,Faces,0.28,0.33,50,within_sampled_range,UI,126,91.66666666666666,runs/yin_noise_matrix_20260926/results/r21dev_vgg16_bn_aa_s42/faces_cfdWM64/faces_cfdWM64/results.csv,UI_cross
mixed,Mixed faces / AA4,r21dev_vgg16_bn_aa_s42,face_transfer,124,two_cross,CFD WM64,Faces,0.28,0.33,50,within_sampled_range,UI,127,91.66666666666666,runs/yin_noise_matrix_20260926/results/r21dev_vgg16_bn_aa_s42/faces_cfdWM64/faces_cfdWM64/results.csv,UI_cross
mixed,Mixed faces / AA4,r21dev_vgg16_bn_aa_s42,face_transfer,124,two_cross,CFD WM64,Faces,0.28,0.33,50,within_sampled_range,UI,128,87.5,runs/yin_noise_matrix_20260926/results/r21dev_vgg16_bn_aa_s42/faces_cfdWM64/faces_cfdWM64/results.csv,UI_cross
mixed,Mixed faces / AA4,r21dev_vgg16_bn_aa_s42,face_transfer,124,two_cross,CFD WM64,Faces,0.28,0.33,50,within_sampled_range,UI,129,95.83333333333334,runs/yin_noise_matrix_20260926/results/r21dev_vgg16_bn_aa_s42/faces_cfdWM64/faces_cfdWM64/results.csv,UI_cross
mixed,Mixed faces / AA4,r21dev_vgg16_bn_aa_s42,face_transfer,124,two_cross,CFD WM64,Faces,0.28,0.33,50,within_sampled_range,UI,130,87.5,runs/yin_noise_matrix_20260926/results/r21dev_vgg16_bn_aa_s42/faces_cfdWM64/faces_cfdWM64/results.csv,UI_cross
mixed,Mixed faces / AA4,r21dev_vgg16_bn_aa_s42,face_transfer,124,two_cross,CFD WM64,Faces,0.28,0.33,50,within_sampled_range,UI,131,83.33333333333334,runs/yin_noise_matrix_20260926/results/r21dev_vgg16_bn_aa_s42/faces_cfdWM64/faces_cfdWM64/results.csv,UI_cross
mixed,Mixed faces / AA4,r21dev_vgg16_bn_aa_s42,face_transfer,124,two_cross,CFD WM64,Faces,0.28,0.33,50,within_sampled_range,UI,132,100.0,runs/yin_noise_matrix_20260926/results/r21dev_vgg16_bn_aa_s42/faces_cfdWM64/faces_cfdWM64/results.csv,UI_cross
mixed,Mixed faces / AA4,r21dev_vgg16_bn_aa_s42,face_transfer,124,two_cross,CFD WM64,Faces,0.28,0.33,50,within_sampled_range,UI,133,75.0,runs/yin_noise_matrix_20260926/results/r21dev_vgg16_bn_aa_s42/faces_cfdWM64/faces_cfdWM64/results.csv,UI_cross
mixed,Mixed faces / AA4,r21dev_vgg16_bn_aa_s42,face_transfer,124,two_cross,CFD WM64,Faces,0.28,0.33,50,within_sampled_range,UI,134,87.5,runs/yin_noise_matrix_20260926/results/r21dev_vgg16_bn_aa_s42/faces_cfdWM64/faces_cfdWM64/results.csv,UI_cross
mixed,Mixed faces / AA4,r21dev_vgg16_bn_aa_s42,face_transfer,124,two_cross,CFD WM64,Faces,0.28,0.33,50,within_sampled_range,UI,135,87.5,runs/yin_noise_matrix_20260926/results/r21dev_vgg16_bn_aa_s42/faces_cfdWM64/faces_cfdWM64/results.csv,UI_cross
mixed,Mixed faces / AA4,r21dev_vgg16_bn_aa_s42,face_transfer,124,two_cross,CFD WM64,Faces,0.28,0.33,50,within_sampled_range,UI,136,95.83333333333334,runs/yin_noise_matrix_20260926/results/r21dev_vgg16_bn_aa_s42/faces_cfdWM64/faces_cfdWM64/results.csv,UI_cross
mixed,Mixed faces / AA4,r21dev_vgg16_bn_aa_s42,face_transfer,124,two_cross,CFD WM64,Faces,0.28,0.33,50,within_sampled_range,UI,137,87.5,runs/yin_noise_matrix_20260926/results/r21dev_vgg16_bn_aa_s42/faces_cfdWM64/faces_cfdWM64/results.csv,UI_cross
mixed,Mixed faces / AA4,r21dev_vgg16_bn_aa_s42,face_transfer,124,two_cross,CFD WM64,Faces,0.28,0.33,50,within_sampled_range,UI,138,87.5,runs/yin_noise_matrix_20260926/results/r21dev_vgg16_bn_aa_s42/faces_cfdWM64/faces_cfdWM64/results.csv,UI_cross
mixed,Mixed faces / AA4,r21dev_vgg16_bn_aa_s42,face_transfer,124,two_cross,CFD WM64,Faces,0.28,0.33,50,within_sampled_range,UI,139,91.66666666666666,runs/yin_noise_matrix_20260926/results/r21dev_vgg16_bn_aa_s42/faces_cfdWM64/faces_cfdWM64/results.csv,UI_cross
mixed,Mixed faces / AA4,r21dev_vgg16_bn_aa_s42,face_transfer,124,two_cross,CFD WM64,Faces,0.28,0.33,50,within_sampled_range,UI,140,75.0,runs/yin_noise_matrix_20260926/results/r21dev_vgg16_bn_aa_s42/faces_cfdWM64/faces_cfdWM64/results.csv,UI_cross
mixed,Mixed faces / AA4,r21dev_vgg16_bn_aa_s42,face_transfer,124,two_cross,CFD WM64,Faces,0.28,0.33,50,within_sampled_range,UI,141,79.16666666666666,runs/yin_noise_matrix_20260926/results/r21dev_vgg16_bn_aa_s42/faces_cfdWM64/faces_cfdWM64/results.csv,UI_cross
mixed,Mixed faces / AA4,r21dev_vgg16_bn_aa_s42,face_transfer,124,two_cross,CFD WM64,Faces,0.28,0.33,50,within_sampled_range,UI,142,87.5,runs/yin_noise_matrix_20260926/results/r21dev_vgg16_bn_aa_s42/faces_cfdWM64/faces_cfdWM64/results.csv,UI_cross
mixed,Mixed faces / AA4,r21dev_vgg16_bn_aa_s42,face_transfer,124,two_cross,CFD WM64,Faces,0.28,0.33,50,within_sampled_range,UI,143,79.16666666666666,runs/yin_noise_matrix_20260926/results/r21dev_vgg16_bn_aa_s42/faces_cfdWM64/faces_cfdWM64/results.csv,UI_cross
mixed,Mixed faces / AA4,r21dev_vgg16_bn_aa_s42,face_transfer,124,two_cross,CFD WM64,Faces,0.28,0.33,50,within_sampled_range,UI,144,91.66666666666666,runs/yin_noise_matrix_20260926/results/r21dev_vgg16_bn_aa_s42/faces_cfdWM64/faces_cfdWM64/results.csv,UI_cross
mixed,Mixed faces / AA4,r21dev_vgg16_bn_aa_s42,face_transfer,124,two_cross,CFD WM64,Faces,0.28,0.33,50,within_sampled_range,UI,145,87.5,runs/yin_noise_matrix_20260926/results/r21dev_vgg16_bn_aa_s42/faces_cfdWM64/faces_cfdWM64/results.csv,UI_cross
mixed,Mixed faces / AA4,r21dev_vgg16_bn_aa_s42,face_transfer,124,two_cross,CFD WM64,Faces,0.28,0.33,50,within_sampled_range,UI,146,95.83333333333334,runs/yin_noise_matrix_20260926/results/r21dev_vgg16_bn_aa_s42/faces_cfdWM64/faces_cfdWM64/results.csv,UI_cross
mixed,Mixed faces / AA4,r21dev_vgg16_bn_aa_s42,face_transfer,124,two_cross,CFD WM64,Faces,0.28,0.33,50,within_sampled_range,UI,147,66.66666666666666,runs/yin_noise_matrix_20260926/results/r21dev_vgg16_bn_aa_s42/faces_cfdWM64/faces_cfdWM64/results.csv,UI_cross
mixed,Mixed faces / AA4,r21dev_vgg16_bn_aa_s42,face_transfer,124,two_cross,CFD WM64,Faces,0.28,0.33,50,within_sampled_range,UI,148,79.16666666666666,runs/yin_noise_matrix_20260926/results/r21dev_vgg16_bn_aa_s42/faces_cfdWM64/faces_cfdWM64/results.csv,UI_cross
mixed,Mixed faces / AA4,r21dev_vgg16_bn_aa_s42,face_transfer,124,two_cross,CFD WM64,Faces,0.28,0.33,50,within_sampled_range,UI,149,79.16666666666666,runs/yin_noise_matrix_20260926/results/r21dev_vgg16_bn_aa_s42/faces_cfdWM64/faces_cfdWM64/results.csv,UI_cross
mixed,Mixed faces / AA4,r21dev_vgg16_bn_aa_s42,face_transfer,124,two_cross,CFD WM64,Faces,0.28,0.33,50,within_sampled_range,UI,150,87.5,runs/yin_noise_matrix_20260926/results/r21dev_vgg16_bn_aa_s42/faces_cfdWM64/faces_cfdWM64/results.csv,UI_cross
mixed,Mixed faces / AA4,r21dev_vgg16_bn_aa_s42,face_transfer,124,two_cross,CFD WM64,Faces,0.28,0.33,50,within_sampled_range,IU,101,70.83333333333334,runs/yin_noise_matrix_20260926/results/r21dev_vgg16_bn_aa_s42/faces_cfdWM64/faces_cfdWM64/results.csv,IU
mixed,Mixed faces / AA4,r21dev_vgg16_bn_aa_s42,face_transfer,124,two_cross,CFD WM64,Faces,0.28,0.33,50,within_sampled_range,IU,102,91.66666666666666,runs/yin_noise_matrix_20260926/results/r21dev_vgg16_bn_aa_s42/faces_cfdWM64/faces_cfdWM64/results.csv,IU
mixed,Mixed faces / AA4,r21dev_vgg16_bn_aa_s42,face_transfer,124,two_cross,CFD WM64,Faces,0.28,0.33,50,within_sampled_range,IU,103,100.0,runs/yin_noise_matrix_20260926/results/r21dev_vgg16_bn_aa_s42/faces_cfdWM64/faces_cfdWM64/results.csv,IU
mixed,Mixed faces / AA4,r21dev_vgg16_bn_aa_s42,face_transfer,124,two_cross,CFD WM64,Faces,0.28,0.33,50,within_sampled_range,IU,104,83.33333333333334,runs/yin_noise_matrix_20260926/results/r21dev_vgg16_bn_aa_s42/faces_cfdWM64/faces_cfdWM64/results.csv,IU
mixed,Mixed faces / AA4,r21dev_vgg16_bn_aa_s42,face_transfer,124,two_cross,CFD WM64,Faces,0.28,0.33,50,within_sampled_range,IU,105,91.66666666666666,runs/yin_noise_matrix_20260926/results/r21dev_vgg16_bn_aa_s42/faces_cfdWM64/faces_cfdWM64/results.csv,IU
mixed,Mixed faces / AA4,r21dev_vgg16_bn_aa_s42,face_transfer,124,two_cross,CFD WM64,Faces,0.28,0.33,50,within_sampled_range,IU,106,83.33333333333334,runs/yin_noise_matrix_20260926/results/r21dev_vgg16_bn_aa_s42/faces_cfdWM64/faces_cfdWM64/results.csv,IU
mixed,Mixed faces / AA4,r21dev_vgg16_bn_aa_s42,face_transfer,124,two_cross,CFD WM64,Faces,0.28,0.33,50,within_sampled_range,IU,107,87.5,runs/yin_noise_matrix_20260926/results/r21dev_vgg16_bn_aa_s42/faces_cfdWM64/faces_cfdWM64/results.csv,IU
mixed,Mixed faces / AA4,r21dev_vgg16_bn_aa_s42,face_transfer,124,two_cross,CFD WM64,Faces,0.28,0.33,50,within_sampled_range,IU,108,95.83333333333334,runs/yin_noise_matrix_20260926/results/r21dev_vgg16_bn_aa_s42/faces_cfdWM64/faces_cfdWM64/results.csv,IU
mixed,Mixed faces / AA4,r21dev_vgg16_bn_aa_s42,face_transfer,124,two_cross,CFD WM64,Faces,0.28,0.33,50,within_sampled_range,IU,109,79.16666666666666,runs/yin_noise_matrix_20260926/results/r21dev_vgg16_bn_aa_s42/faces_cfdWM64/faces_cfdWM64/results.csv,IU
mixed,Mixed faces / AA4,r21dev_vgg16_bn_aa_s42,face_transfer,124,two_cross,CFD WM64,Faces,0.28,0.33,50,within_sampled_range,IU,110,79.16666666666666,runs/yin_noise_matrix_20260926/results/r21dev_vgg16_bn_aa_s42/faces_cfdWM64/faces_cfdWM64/results.csv,IU
mixed,Mixed faces / AA4,r21dev_vgg16_bn_aa_s42,face_transfer,124,two_cross,CFD WM64,Faces,0.28,0.33,50,within_sampled_range,IU,111,79.16666666666666,runs/yin_noise_matrix_20260926/results/r21dev_vgg16_bn_aa_s42/faces_cfdWM64/faces_cfdWM64/results.csv,IU
mixed,Mixed faces / AA4,r21dev_vgg16_bn_aa_s42,face_transfer,124,two_cross,CFD WM64,Faces,0.28,0.33,50,within_sampled_range,IU,112,91.66666666666666,runs/yin_noise_matrix_20260926/results/r21dev_vgg16_bn_aa_s42/faces_cfdWM64/faces_cfdWM64/results.csv,IU
mixed,Mixed faces / AA4,r21dev_vgg16_bn_aa_s42,face_transfer,124,two_cross,CFD WM64,Faces,0.28,0.33,50,within_sampled_range,IU,113,83.33333333333334,runs/yin_noise_matrix_20260926/results/r21dev_vgg16_bn_aa_s42/faces_cfdWM64/faces_cfdWM64/results.csv,IU
mixed,Mixed faces / AA4,r21dev_vgg16_bn_aa_s42,face_transfer,124,two_cross,CFD WM64,Faces,0.28,0.33,50,within_sampled_range,IU,114,87.5,runs/yin_noise_matrix_20260926/results/r21dev_vgg16_bn_aa_s42/faces_cfdWM64/faces_cfdWM64/results.csv,IU
mixed,Mixed faces / AA4,r21dev_vgg16_bn_aa_s42,face_transfer,124,two_cross,CFD WM64,Faces,0.28,0.33,50,within_sampled_range,IU,115,66.66666666666666,runs/yin_noise_matrix_20260926/results/r21dev_vgg16_bn_aa_s42/faces_cfdWM64/faces_cfdWM64/results.csv,IU
mixed,Mixed faces / AA4,r21dev_vgg16_bn_aa_s42,face_transfer,124,two_cross,CFD WM64,Faces,0.28,0.33,50,within_sampled_range,IU,116,95.83333333333334,runs/yin_noise_matrix_20260926/results/r21dev_vgg16_bn_aa_s42/faces_cfdWM64/faces_cfdWM64/results.csv,IU
mixed,Mixed faces / AA4,r21dev_vgg16_bn_aa_s42,face_transfer,124,two_cross,CFD WM64,Faces,0.28,0.33,50,within_sampled_range,IU,117,87.5,runs/yin_noise_matrix_20260926/results/r21dev_vgg16_bn_aa_s42/faces_cfdWM64/faces_cfdWM64/results.csv,IU
mixed,Mixed faces / AA4,r21dev_vgg16_bn_aa_s42,face_transfer,124,two_cross,CFD WM64,Faces,0.28,0.33,50,within_sampled_range,IU,118,83.33333333333334,runs/yin_noise_matrix_20260926/results/r21dev_vgg16_bn_aa_s42/faces_cfdWM64/faces_cfdWM64/results.csv,IU
mixed,Mixed faces / AA4,r21dev_vgg16_bn_aa_s42,face_transfer,124,two_cross,CFD WM64,Faces,0.28,0.33,50,within_sampled_range,IU,119,79.16666666666666,runs/yin_noise_matrix_20260926/results/r21dev_vgg16_bn_aa_s42/faces_cfdWM64/faces_cfdWM64/results.csv,IU
mixed,Mixed faces / AA4,r21dev_vgg16_bn_aa_s42,face_transfer,124,two_cross,CFD WM64,Faces,0.28,0.33,50,within_sampled_range,IU,120,91.66666666666666,runs/yin_noise_matrix_20260926/results/r21dev_vgg16_bn_aa_s42/faces_cfdWM64/faces_cfdWM64/results.csv,IU
mixed,Mixed faces / AA4,r21dev_vgg16_bn_aa_s42,face_transfer,124,two_cross,CFD WM64,Faces,0.28,0.33,50,within_sampled_range,IU,121,83.33333333333334,runs/yin_noise_matrix_20260926/results/r21dev_vgg16_bn_aa_s42/faces_cfdWM64/faces_cfdWM64/results.csv,IU
mixed,Mixed faces / AA4,r21dev_vgg16_bn_aa_s42,face_transfer,124,two_cross,CFD WM64,Faces,0.28,0.33,50,within_sampled_range,IU,122,79.16666666666666,runs/yin_noise_matrix_20260926/results/r21dev_vgg16_bn_aa_s42/faces_cfdWM64/faces_cfdWM64/results.csv,IU
mixed,Mixed faces / AA4,r21dev_vgg16_bn_aa_s42,face_transfer,124,two_cross,CFD WM64,Faces,0.28,0.33,50,within_sampled_range,IU,123,70.83333333333334,runs/yin_noise_matrix_20260926/results/r21dev_vgg16_bn_aa_s42/faces_cfdWM64/faces_cfdWM64/results.csv,IU
mixed,Mixed faces / AA4,r21dev_vgg16_bn_aa_s42,face_transfer,124,two_cross,CFD WM64,Faces,0.28,0.33,50,within_sampled_range,IU,124,91.66666666666666,runs/yin_noise_matrix_20260926/results/r21dev_vgg16_bn_aa_s42/faces_cfdWM64/faces_cfdWM64/results.csv,IU
mixed,Mixed faces / AA4,r21dev_vgg16_bn_aa_s42,face_transfer,124,two_cross,CFD WM64,Faces,0.28,0.33,50,within_sampled_range,IU,125,79.16666666666666,runs/yin_noise_matrix_20260926/results/r21dev_vgg16_bn_aa_s42/faces_cfdWM64/faces_cfdWM64/results.csv,IU
mixed,Mixed faces / AA4,r21dev_vgg16_bn_aa_s42,face_transfer,124,two_cross,CFD WM64,Faces,0.28,0.33,50,within_sampled_range,IU,126,83.33333333333334,runs/yin_noise_matrix_20260926/results/r21dev_vgg16_bn_aa_s42/faces_cfdWM64/faces_cfdWM64/results.csv,IU
mixed,Mixed faces / AA4,r21dev_vgg16_bn_aa_s42,face_transfer,124,two_cross,CFD WM64,Faces,0.28,0.33,50,within_sampled_range,IU,127,91.66666666666666,runs/yin_noise_matrix_20260926/results/r21dev_vgg16_bn_aa_s42/faces_cfdWM64/faces_cfdWM64/results.csv,IU
mixed,Mixed faces / AA4,r21dev_vgg16_bn_aa_s42,face_transfer,124,two_cross,CFD WM64,Faces,0.28,0.33,50,within_sampled_range,IU,128,66.66666666666666,runs/yin_noise_matrix_20260926/results/r21dev_vgg16_bn_aa_s42/faces_cfdWM64/faces_cfdWM64/results.csv,IU
mixed,Mixed faces / AA4,r21dev_vgg16_bn_aa_s42,face_transfer,124,two_cross,CFD WM64,Faces,0.28,0.33,50,within_sampled_range,IU,129,91.66666666666666,runs/yin_noise_matrix_20260926/results/r21dev_vgg16_bn_aa_s42/faces_cfdWM64/faces_cfdWM64/results.csv,IU
mixed,Mixed faces / AA4,r21dev_vgg16_bn_aa_s42,face_transfer,124,two_cross,CFD WM64,Faces,0.28,0.33,50,within_sampled_range,IU,130,75.0,runs/yin_noise_matrix_20260926/results/r21dev_vgg16_bn_aa_s42/faces_cfdWM64/faces_cfdWM64/results.csv,IU
mixed,Mixed faces / AA4,r21dev_vgg16_bn_aa_s42,face_transfer,124,two_cross,CFD WM64,Faces,0.28,0.33,50,within_sampled_range,IU,131,83.33333333333334,runs/yin_noise_matrix_20260926/results/r21dev_vgg16_bn_aa_s42/faces_cfdWM64/faces_cfdWM64/results.csv,IU
mixed,Mixed faces / AA4,r21dev_vgg16_bn_aa_s42,face_transfer,124,two_cross,CFD WM64,Faces,0.28,0.33,50,within_sampled_range,IU,132,83.33333333333334,runs/yin_noise_matrix_20260926/results/r21dev_vgg16_bn_aa_s42/faces_cfdWM64/faces_cfdWM64/results.csv,IU
mixed,Mixed faces / AA4,r21dev_vgg16_bn_aa_s42,face_transfer,124,two_cross,CFD WM64,Faces,0.28,0.33,50,within_sampled_range,IU,133,83.33333333333334,runs/yin_noise_matrix_20260926/results/r21dev_vgg16_bn_aa_s42/faces_cfdWM64/faces_cfdWM64/results.csv,IU
mixed,Mixed faces / AA4,r21dev_vgg16_bn_aa_s42,face_transfer,124,two_cross,CFD WM64,Faces,0.28,0.33,50,within_sampled_range,IU,134,79.16666666666666,runs/yin_noise_matrix_20260926/results/r21dev_vgg16_bn_aa_s42/faces_cfdWM64/faces_cfdWM64/results.csv,IU
mixed,Mixed faces / AA4,r21dev_vgg16_bn_aa_s42,face_transfer,124,two_cross,CFD WM64,Faces,0.28,0.33,50,within_sampled_range,IU,135,79.16666666666666,runs/yin_noise_matrix_20260926/results/r21dev_vgg16_bn_aa_s42/faces_cfdWM64/faces_cfdWM64/results.csv,IU
mixed,Mixed faces / AA4,r21dev_vgg16_bn_aa_s42,face_transfer,124,two_cross,CFD WM64,Faces,0.28,0.33,50,within_sampled_range,IU,136,91.66666666666666,runs/yin_noise_matrix_20260926/results/r21dev_vgg16_bn_aa_s42/faces_cfdWM64/faces_cfdWM64/results.csv,IU
mixed,Mixed faces / AA4,r21dev_vgg16_bn_aa_s42,face_transfer,124,two_cross,CFD WM64,Faces,0.28,0.33,50,within_sampled_range,IU,137,83.33333333333334,runs/yin_noise_matrix_20260926/results/r21dev_vgg16_bn_aa_s42/faces_cfdWM64/faces_cfdWM64/results.csv,IU
mixed,Mixed faces / AA4,r21dev_vgg16_bn_aa_s42,face_transfer,124,two_cross,CFD WM64,Faces,0.28,0.33,50,within_sampled_range,IU,138,83.33333333333334,runs/yin_noise_matrix_20260926/results/r21dev_vgg16_bn_aa_s42/faces_cfdWM64/faces_cfdWM64/results.csv,IU
mixed,Mixed faces / AA4,r21dev_vgg16_bn_aa_s42,face_transfer,124,two_cross,CFD WM64,Faces,0.28,0.33,50,within_sampled_range,IU,139,87.5,runs/yin_noise_matrix_20260926/results/r21dev_vgg16_bn_aa_s42/faces_cfdWM64/faces_cfdWM64/results.csv,IU
mixed,Mixed faces / AA4,r21dev_vgg16_bn_aa_s42,face_transfer,124,two_cross,CFD WM64,Faces,0.28,0.33,50,within_sampled_range,IU,140,79.16666666666666,runs/yin_noise_matrix_20260926/results/r21dev_vgg16_bn_aa_s42/faces_cfdWM64/faces_cfdWM64/results.csv,IU
mixed,Mixed faces / AA4,r21dev_vgg16_bn_aa_s42,face_transfer,124,two_cross,CFD WM64,Faces,0.28,0.33,50,within_sampled_range,IU,141,83.33333333333334,runs/yin_noise_matrix_20260926/results/r21dev_vgg16_bn_aa_s42/faces_cfdWM64/faces_cfdWM64/results.csv,IU
mixed,Mixed faces / AA4,r21dev_vgg16_bn_aa_s42,face_transfer,124,two_cross,CFD WM64,Faces,0.28,0.33,50,within_sampled_range,IU,142,79.16666666666666,runs/yin_noise_matrix_20260926/results/r21dev_vgg16_bn_aa_s42/faces_cfdWM64/faces_cfdWM64/results.csv,IU
mixed,Mixed faces / AA4,r21dev_vgg16_bn_aa_s42,face_transfer,124,two_cross,CFD WM64,Faces,0.28,0.33,50,within_sampled_range,IU,143,83.33333333333334,runs/yin_noise_matrix_20260926/results/r21dev_vgg16_bn_aa_s42/faces_cfdWM64/faces_cfdWM64/results.csv,IU
mixed,Mixed faces / AA4,r21dev_vgg16_bn_aa_s42,face_transfer,124,two_cross,CFD WM64,Faces,0.28,0.33,50,within_sampled_range,IU,144,95.83333333333334,runs/yin_noise_matrix_20260926/results/r21dev_vgg16_bn_aa_s42/faces_cfdWM64/faces_cfdWM64/results.csv,IU
mixed,Mixed faces / AA4,r21dev_vgg16_bn_aa_s42,face_transfer,124,two_cross,CFD WM64,Faces,0.28,0.33,50,within_sampled_range,IU,145,83.33333333333334,runs/yin_noise_matrix_20260926/results/r21dev_vgg16_bn_aa_s42/faces_cfdWM64/faces_cfdWM64/results.csv,IU
mixed,Mixed faces / AA4,r21dev_vgg16_bn_aa_s42,face_transfer,124,two_cross,CFD WM64,Faces,0.28,0.33,50,within_sampled_range,IU,146,100.0,runs/yin_noise_matrix_20260926/results/r21dev_vgg16_bn_aa_s42/faces_cfdWM64/faces_cfdWM64/results.csv,IU
mixed,Mixed faces / AA4,r21dev_vgg16_bn_aa_s42,face_transfer,124,two_cross,CFD WM64,Faces,0.28,0.33,50,within_sampled_range,IU,147,75.0,runs/yin_noise_matrix_20260926/results/r21dev_vgg16_bn_aa_s42/faces_cfdWM64/faces_cfdWM64/results.csv,IU
mixed,Mixed faces / AA4,r21dev_vgg16_bn_aa_s42,face_transfer,124,two_cross,CFD WM64,Faces,0.28,0.33,50,within_sampled_range,IU,148,58.333333333333336,runs/yin_noise_matrix_20260926/results/r21dev_vgg16_bn_aa_s42/faces_cfdWM64/faces_cfdWM64/results.csv,IU
mixed,Mixed faces / AA4,r21dev_vgg16_bn_aa_s42,face_transfer,124,two_cross,CFD WM64,Faces,0.28,0.33,50,within_sampled_range,IU,149,70.83333333333334,runs/yin_noise_matrix_20260926/results/r21dev_vgg16_bn_aa_s42/faces_cfdWM64/faces_cfdWM64/results.csv,IU
mixed,Mixed faces / AA4,r21dev_vgg16_bn_aa_s42,face_transfer,124,two_cross,CFD WM64,Faces,0.28,0.33,50,within_sampled_range,IU,150,83.33333333333334,runs/yin_noise_matrix_20260926/results/r21dev_vgg16_bn_aa_s42/faces_cfdWM64/faces_cfdWM64/results.csv,IU
mixed,Mixed faces / AA4,r21dev_vgg16_bn_aa_s42,face_transfer,124,two_shared_ui,CFD WM64,Faces,0.28,0.33,50,within_sampled_range,UU,101,91.66666666666666,runs/yin_noise_matrix_20260926/results/r21dev_vgg16_bn_aa_s42/faces_cfdWM64/faces_cfdWM64/results.csv,UU
mixed,Mixed faces / AA4,r21dev_vgg16_bn_aa_s42,face_transfer,124,two_shared_ui,CFD WM64,Faces,0.28,0.33,50,within_sampled_range,UU,102,95.83333333333334,runs/yin_noise_matrix_20260926/results/r21dev_vgg16_bn_aa_s42/faces_cfdWM64/faces_cfdWM64/results.csv,UU
mixed,Mixed faces / AA4,r21dev_vgg16_bn_aa_s42,face_transfer,124,two_shared_ui,CFD WM64,Faces,0.28,0.33,50,within_sampled_range,UU,103,95.83333333333334,runs/yin_noise_matrix_20260926/results/r21dev_vgg16_bn_aa_s42/faces_cfdWM64/faces_cfdWM64/results.csv,UU
mixed,Mixed faces / AA4,r21dev_vgg16_bn_aa_s42,face_transfer,124,two_shared_ui,CFD WM64,Faces,0.28,0.33,50,within_sampled_range,UU,104,100.0,runs/yin_noise_matrix_20260926/results/r21dev_vgg16_bn_aa_s42/faces_cfdWM64/faces_cfdWM64/results.csv,UU
mixed,Mixed faces / AA4,r21dev_vgg16_bn_aa_s42,face_transfer,124,two_shared_ui,CFD WM64,Faces,0.28,0.33,50,within_sampled_range,UU,105,100.0,runs/yin_noise_matrix_20260926/results/r21dev_vgg16_bn_aa_s42/faces_cfdWM64/faces_cfdWM64/results.csv,UU
mixed,Mixed faces / AA4,r21dev_vgg16_bn_aa_s42,face_transfer,124,two_shared_ui,CFD WM64,Faces,0.28,0.33,50,within_sampled_range,UU,106,91.66666666666666,runs/yin_noise_matrix_20260926/results/r21dev_vgg16_bn_aa_s42/faces_cfdWM64/faces_cfdWM64/results.csv,UU
mixed,Mixed faces / AA4,r21dev_vgg16_bn_aa_s42,face_transfer,124,two_shared_ui,CFD WM64,Faces,0.28,0.33,50,within_sampled_range,UU,107,95.83333333333334,runs/yin_noise_matrix_20260926/results/r21dev_vgg16_bn_aa_s42/faces_cfdWM64/faces_cfdWM64/results.csv,UU
mixed,Mixed faces / AA4,r21dev_vgg16_bn_aa_s42,face_transfer,124,two_shared_ui,CFD WM64,Faces,0.28,0.33,50,within_sampled_range,UU,108,100.0,runs/yin_noise_matrix_20260926/results/r21dev_vgg16_bn_aa_s42/faces_cfdWM64/faces_cfdWM64/results.csv,UU
mixed,Mixed faces / AA4,r21dev_vgg16_bn_aa_s42,face_transfer,124,two_shared_ui,CFD WM64,Faces,0.28,0.33,50,within_sampled_range,UU,109,95.83333333333334,runs/yin_noise_matrix_20260926/results/r21dev_vgg16_bn_aa_s42/faces_cfdWM64/faces_cfdWM64/results.csv,UU
mixed,Mixed faces / AA4,r21dev_vgg16_bn_aa_s42,face_transfer,124,two_shared_ui,CFD WM64,Faces,0.28,0.33,50,within_sampled_range,UU,110,95.83333333333334,runs/yin_noise_matrix_20260926/results/r21dev_vgg16_bn_aa_s42/faces_cfdWM64/faces_cfdWM64/results.csv,UU
mixed,Mixed faces / AA4,r21dev_vgg16_bn_aa_s42,face_transfer,124,two_shared_ui,CFD WM64,Faces,0.28,0.33,50,within_sampled_range,UU,111,95.83333333333334,runs/yin_noise_matrix_20260926/results/r21dev_vgg16_bn_aa_s42/faces_cfdWM64/faces_cfdWM64/results.csv,UU
mixed,Mixed faces / AA4,r21dev_vgg16_bn_aa_s42,face_transfer,124,two_shared_ui,CFD WM64,Faces,0.28,0.33,50,within_sampled_range,UU,112,95.83333333333334,runs/yin_noise_matrix_20260926/results/r21dev_vgg16_bn_aa_s42/faces_cfdWM64/faces_cfdWM64/results.csv,UU
mixed,Mixed faces / AA4,r21dev_vgg16_bn_aa_s42,face_transfer,124,two_shared_ui,CFD WM64,Faces,0.28,0.33,50,within_sampled_range,UU,113,87.5,runs/yin_noise_matrix_20260926/results/r21dev_vgg16_bn_aa_s42/faces_cfdWM64/faces_cfdWM64/results.csv,UU
mixed,Mixed faces / AA4,r21dev_vgg16_bn_aa_s42,face_transfer,124,two_shared_ui,CFD WM64,Faces,0.28,0.33,50,within_sampled_range,UU,114,95.83333333333334,runs/yin_noise_matrix_20260926/results/r21dev_vgg16_bn_aa_s42/faces_cfdWM64/faces_cfdWM64/results.csv,UU
mixed,Mixed faces / AA4,r21dev_vgg16_bn_aa_s42,face_transfer,124,two_shared_ui,CFD WM64,Faces,0.28,0.33,50,within_sampled_range,UU,115,100.0,runs/yin_noise_matrix_20260926/results/r21dev_vgg16_bn_aa_s42/faces_cfdWM64/faces_cfdWM64/results.csv,UU
mixed,Mixed faces / AA4,r21dev_vgg16_bn_aa_s42,face_transfer,124,two_shared_ui,CFD WM64,Faces,0.28,0.33,50,within_sampled_range,UU,116,95.83333333333334,runs/yin_noise_matrix_20260926/results/r21dev_vgg16_bn_aa_s42/faces_cfdWM64/faces_cfdWM64/results.csv,UU
mixed,Mixed faces / AA4,r21dev_vgg16_bn_aa_s42,face_transfer,124,two_shared_ui,CFD WM64,Faces,0.28,0.33,50,within_sampled_range,UU,117,100.0,runs/yin_noise_matrix_20260926/results/r21dev_vgg16_bn_aa_s42/faces_cfdWM64/faces_cfdWM64/results.csv,UU
mixed,Mixed faces / AA4,r21dev_vgg16_bn_aa_s42,face_transfer,124,two_shared_ui,CFD WM64,Faces,0.28,0.33,50,within_sampled_range,UU,118,95.83333333333334,runs/yin_noise_matrix_20260926/results/r21dev_vgg16_bn_aa_s42/faces_cfdWM64/faces_cfdWM64/results.csv,UU
mixed,Mixed faces / AA4,r21dev_vgg16_bn_aa_s42,face_transfer,124,two_shared_ui,CFD WM64,Faces,0.28,0.33,50,within_sampled_range,UU,119,95.83333333333334,runs/yin_noise_matrix_20260926/results/r21dev_vgg16_bn_aa_s42/faces_cfdWM64/faces_cfdWM64/results.csv,UU
mixed,Mixed faces / AA4,r21dev_vgg16_bn_aa_s42,face_transfer,124,two_shared_ui,CFD WM64,Faces,0.28,0.33,50,within_sampled_range,UU,120,95.83333333333334,runs/yin_noise_matrix_20260926/results/r21dev_vgg16_bn_aa_s42/faces_cfdWM64/faces_cfdWM64/results.csv,UU
mixed,Mixed faces / AA4,r21dev_vgg16_bn_aa_s42,face_transfer,124,two_shared_ui,CFD WM64,Faces,0.28,0.33,50,within_sampled_range,UU,121,95.83333333333334,runs/yin_noise_matrix_20260926/results/r21dev_vgg16_bn_aa_s42/faces_cfdWM64/faces_cfdWM64/results.csv,UU
mixed,Mixed faces / AA4,r21dev_vgg16_bn_aa_s42,face_transfer,124,two_shared_ui,CFD WM64,Faces,0.28,0.33,50,within_sampled_range,UU,122,100.0,runs/yin_noise_matrix_20260926/results/r21dev_vgg16_bn_aa_s42/faces_cfdWM64/faces_cfdWM64/results.csv,UU
mixed,Mixed faces / AA4,r21dev_vgg16_bn_aa_s42,face_transfer,124,two_shared_ui,CFD WM64,Faces,0.28,0.33,50,within_sampled_range,UU,123,95.83333333333334,runs/yin_noise_matrix_20260926/results/r21dev_vgg16_bn_aa_s42/faces_cfdWM64/faces_cfdWM64/results.csv,UU
mixed,Mixed faces / AA4,r21dev_vgg16_bn_aa_s42,face_transfer,124,two_shared_ui,CFD WM64,Faces,0.28,0.33,50,within_sampled_range,UU,124,91.66666666666666,runs/yin_noise_matrix_20260926/results/r21dev_vgg16_bn_aa_s42/faces_cfdWM64/faces_cfdWM64/results.csv,UU
mixed,Mixed faces / AA4,r21dev_vgg16_bn_aa_s42,face_transfer,124,two_shared_ui,CFD WM64,Faces,0.28,0.33,50,within_sampled_range,UU,125,91.66666666666666,runs/yin_noise_matrix_20260926/results/r21dev_vgg16_bn_aa_s42/faces_cfdWM64/faces_cfdWM64/results.csv,UU
mixed,Mixed faces / AA4,r21dev_vgg16_bn_aa_s42,face_transfer,124,two_shared_ui,CFD WM64,Faces,0.28,0.33,50,within_sampled_range,UU,126,100.0,runs/yin_noise_matrix_20260926/results/r21dev_vgg16_bn_aa_s42/faces_cfdWM64/faces_cfdWM64/results.csv,UU
mixed,Mixed faces / AA4,r21dev_vgg16_bn_aa_s42,face_transfer,124,two_shared_ui,CFD WM64,Faces,0.28,0.33,50,within_sampled_range,UU,127,100.0,runs/yin_noise_matrix_20260926/results/r21dev_vgg16_bn_aa_s42/faces_cfdWM64/faces_cfdWM64/results.csv,UU
mixed,Mixed faces / AA4,r21dev_vgg16_bn_aa_s42,face_transfer,124,two_shared_ui,CFD WM64,Faces,0.28,0.33,50,within_sampled_range,UU,128,100.0,runs/yin_noise_matrix_20260926/results/r21dev_vgg16_bn_aa_s42/faces_cfdWM64/faces_cfdWM64/results.csv,UU
mixed,Mixed faces / AA4,r21dev_vgg16_bn_aa_s42,face_transfer,124,two_shared_ui,CFD WM64,Faces,0.28,0.33,50,within_sampled_range,UU,129,100.0,runs/yin_noise_matrix_20260926/results/r21dev_vgg16_bn_aa_s42/faces_cfdWM64/faces_cfdWM64/results.csv,UU
mixed,Mixed faces / AA4,r21dev_vgg16_bn_aa_s42,face_transfer,124,two_shared_ui,CFD WM64,Faces,0.28,0.33,50,within_sampled_range,UU,130,100.0,runs/yin_noise_matrix_20260926/results/r21dev_vgg16_bn_aa_s42/faces_cfdWM64/faces_cfdWM64/results.csv,UU
mixed,Mixed faces / AA4,r21dev_vgg16_bn_aa_s42,face_transfer,124,two_shared_ui,CFD WM64,Faces,0.28,0.33,50,within_sampled_range,UU,131,100.0,runs/yin_noise_matrix_20260926/results/r21dev_vgg16_bn_aa_s42/faces_cfdWM64/faces_cfdWM64/results.csv,UU
mixed,Mixed faces / AA4,r21dev_vgg16_bn_aa_s42,face_transfer,124,two_shared_ui,CFD WM64,Faces,0.28,0.33,50,within_sampled_range,UU,132,95.83333333333334,runs/yin_noise_matrix_20260926/results/r21dev_vgg16_bn_aa_s42/faces_cfdWM64/faces_cfdWM64/results.csv,UU
mixed,Mixed faces / AA4,r21dev_vgg16_bn_aa_s42,face_transfer,124,two_shared_ui,CFD WM64,Faces,0.28,0.33,50,within_sampled_range,UU,133,91.66666666666666,runs/yin_noise_matrix_20260926/results/r21dev_vgg16_bn_aa_s42/faces_cfdWM64/faces_cfdWM64/results.csv,UU
mixed,Mixed faces / AA4,r21dev_vgg16_bn_aa_s42,face_transfer,124,two_shared_ui,CFD WM64,Faces,0.28,0.33,50,within_sampled_range,UU,134,95.83333333333334,runs/yin_noise_matrix_20260926/results/r21dev_vgg16_bn_aa_s42/faces_cfdWM64/faces_cfdWM64/results.csv,UU
mixed,Mixed faces / AA4,r21dev_vgg16_bn_aa_s42,face_transfer,124,two_shared_ui,CFD WM64,Faces,0.28,0.33,50,within_sampled_range,UU,135,95.83333333333334,runs/yin_noise_matrix_20260926/results/r21dev_vgg16_bn_aa_s42/faces_cfdWM64/faces_cfdWM64/results.csv,UU
mixed,Mixed faces / AA4,r21dev_vgg16_bn_aa_s42,face_transfer,124,two_shared_ui,CFD WM64,Faces,0.28,0.33,50,within_sampled_range,UU,136,100.0,runs/yin_noise_matrix_20260926/results/r21dev_vgg16_bn_aa_s42/faces_cfdWM64/faces_cfdWM64/results.csv,UU
mixed,Mixed faces / AA4,r21dev_vgg16_bn_aa_s42,face_transfer,124,two_shared_ui,CFD WM64,Faces,0.28,0.33,50,within_sampled_range,UU,137,95.83333333333334,runs/yin_noise_matrix_20260926/results/r21dev_vgg16_bn_aa_s42/faces_cfdWM64/faces_cfdWM64/results.csv,UU
mixed,Mixed faces / AA4,r21dev_vgg16_bn_aa_s42,face_transfer,124,two_shared_ui,CFD WM64,Faces,0.28,0.33,50,within_sampled_range,UU,138,95.83333333333334,runs/yin_noise_matrix_20260926/results/r21dev_vgg16_bn_aa_s42/faces_cfdWM64/faces_cfdWM64/results.csv,UU
mixed,Mixed faces / AA4,r21dev_vgg16_bn_aa_s42,face_transfer,124,two_shared_ui,CFD WM64,Faces,0.28,0.33,50,within_sampled_range,UU,139,95.83333333333334,runs/yin_noise_matrix_20260926/results/r21dev_vgg16_bn_aa_s42/faces_cfdWM64/faces_cfdWM64/results.csv,UU
mixed,Mixed faces / AA4,r21dev_vgg16_bn_aa_s42,face_transfer,124,two_shared_ui,CFD WM64,Faces,0.28,0.33,50,within_sampled_range,UU,140,87.5,runs/yin_noise_matrix_20260926/results/r21dev_vgg16_bn_aa_s42/faces_cfdWM64/faces_cfdWM64/results.csv,UU
mixed,Mixed faces / AA4,r21dev_vgg16_bn_aa_s42,face_transfer,124,two_shared_ui,CFD WM64,Faces,0.28,0.33,50,within_sampled_range,UU,141,100.0,runs/yin_noise_matrix_20260926/results/r21dev_vgg16_bn_aa_s42/faces_cfdWM64/faces_cfdWM64/results.csv,UU
mixed,Mixed faces / AA4,r21dev_vgg16_bn_aa_s42,face_transfer,124,two_shared_ui,CFD WM64,Faces,0.28,0.33,50,within_sampled_range,UU,142,100.0,runs/yin_noise_matrix_20260926/results/r21dev_vgg16_bn_aa_s42/faces_cfdWM64/faces_cfdWM64/results.csv,UU
mixed,Mixed faces / AA4,r21dev_vgg16_bn_aa_s42,face_transfer,124,two_shared_ui,CFD WM64,Faces,0.28,0.33,50,within_sampled_range,UU,143,87.5,runs/yin_noise_matrix_20260926/results/r21dev_vgg16_bn_aa_s42/faces_cfdWM64/faces_cfdWM64/results.csv,UU
mixed,Mixed faces / AA4,r21dev_vgg16_bn_aa_s42,face_transfer,124,two_shared_ui,CFD WM64,Faces,0.28,0.33,50,within_sampled_range,UU,144,100.0,runs/yin_noise_matrix_20260926/results/r21dev_vgg16_bn_aa_s42/faces_cfdWM64/faces_cfdWM64/results.csv,UU
mixed,Mixed faces / AA4,r21dev_vgg16_bn_aa_s42,face_transfer,124,two_shared_ui,CFD WM64,Faces,0.28,0.33,50,within_sampled_range,UU,145,95.83333333333334,runs/yin_noise_matrix_20260926/results/r21dev_vgg16_bn_aa_s42/faces_cfdWM64/faces_cfdWM64/results.csv,UU
mixed,Mixed faces / AA4,r21dev_vgg16_bn_aa_s42,face_transfer,124,two_shared_ui,CFD WM64,Faces,0.28,0.33,50,within_sampled_range,UU,146,100.0,runs/yin_noise_matrix_20260926/results/r21dev_vgg16_bn_aa_s42/faces_cfdWM64/faces_cfdWM64/results.csv,UU
mixed,Mixed faces / AA4,r21dev_vgg16_bn_aa_s42,face_transfer,124,two_shared_ui,CFD WM64,Faces,0.28,0.33,50,within_sampled_range,UU,147,100.0,runs/yin_noise_matrix_20260926/results/r21dev_vgg16_bn_aa_s42/faces_cfdWM64/faces_cfdWM64/results.csv,UU
mixed,Mixed faces / AA4,r21dev_vgg16_bn_aa_s42,face_transfer,124,two_shared_ui,CFD WM64,Faces,0.28,0.33,50,within_sampled_range,UU,148,87.5,runs/yin_noise_matrix_20260926/results/r21dev_vgg16_bn_aa_s42/faces_cfdWM64/faces_cfdWM64/results.csv,UU
mixed,Mixed faces / AA4,r21dev_vgg16_bn_aa_s42,face_transfer,124,two_shared_ui,CFD WM64,Faces,0.28,0.33,50,within_sampled_range,UU,149,91.66666666666666,runs/yin_noise_matrix_20260926/results/r21dev_vgg16_bn_aa_s42/faces_cfdWM64/faces_cfdWM64/results.csv,UU
mixed,Mixed faces / AA4,r21dev_vgg16_bn_aa_s42,face_transfer,124,two_shared_ui,CFD WM64,Faces,0.28,0.33,50,within_sampled_range,UU,150,95.83333333333334,runs/yin_noise_matrix_20260926/results/r21dev_vgg16_bn_aa_s42/faces_cfdWM64/faces_cfdWM64/results.csv,UU
mixed,Mixed faces / AA4,r21dev_vgg16_bn_aa_s42,face_transfer,124,two_shared_ui,CFD WM64,Faces,0.28,0.33,50,within_sampled_range,II,101,79.16666666666666,runs/yin_noise_matrix_20260926/results/r21dev_vgg16_bn_aa_s42/faces_cfdWM64/faces_cfdWM64/results.csv,II
mixed,Mixed faces / AA4,r21dev_vgg16_bn_aa_s42,face_transfer,124,two_shared_ui,CFD WM64,Faces,0.28,0.33,50,within_sampled_range,II,102,75.0,runs/yin_noise_matrix_20260926/results/r21dev_vgg16_bn_aa_s42/faces_cfdWM64/faces_cfdWM64/results.csv,II
mixed,Mixed faces / AA4,r21dev_vgg16_bn_aa_s42,face_transfer,124,two_shared_ui,CFD WM64,Faces,0.28,0.33,50,within_sampled_range,II,103,95.83333333333334,runs/yin_noise_matrix_20260926/results/r21dev_vgg16_bn_aa_s42/faces_cfdWM64/faces_cfdWM64/results.csv,II
mixed,Mixed faces / AA4,r21dev_vgg16_bn_aa_s42,face_transfer,124,two_shared_ui,CFD WM64,Faces,0.28,0.33,50,within_sampled_range,II,104,87.5,runs/yin_noise_matrix_20260926/results/r21dev_vgg16_bn_aa_s42/faces_cfdWM64/faces_cfdWM64/results.csv,II
mixed,Mixed faces / AA4,r21dev_vgg16_bn_aa_s42,face_transfer,124,two_shared_ui,CFD WM64,Faces,0.28,0.33,50,within_sampled_range,II,105,91.66666666666666,runs/yin_noise_matrix_20260926/results/r21dev_vgg16_bn_aa_s42/faces_cfdWM64/faces_cfdWM64/results.csv,II
mixed,Mixed faces / AA4,r21dev_vgg16_bn_aa_s42,face_transfer,124,two_shared_ui,CFD WM64,Faces,0.28,0.33,50,within_sampled_range,II,106,83.33333333333334,runs/yin_noise_matrix_20260926/results/r21dev_vgg16_bn_aa_s42/faces_cfdWM64/faces_cfdWM64/results.csv,II
mixed,Mixed faces / AA4,r21dev_vgg16_bn_aa_s42,face_transfer,124,two_shared_ui,CFD WM64,Faces,0.28,0.33,50,within_sampled_range,II,107,83.33333333333334,runs/yin_noise_matrix_20260926/results/r21dev_vgg16_bn_aa_s42/faces_cfdWM64/faces_cfdWM64/results.csv,II
mixed,Mixed faces / AA4,r21dev_vgg16_bn_aa_s42,face_transfer,124,two_shared_ui,CFD WM64,Faces,0.28,0.33,50,within_sampled_range,II,108,91.66666666666666,runs/yin_noise_matrix_20260926/results/r21dev_vgg16_bn_aa_s42/faces_cfdWM64/faces_cfdWM64/results.csv,II
mixed,Mixed faces / AA4,r21dev_vgg16_bn_aa_s42,face_transfer,124,two_shared_ui,CFD WM64,Faces,0.28,0.33,50,within_sampled_range,II,109,79.16666666666666,runs/yin_noise_matrix_20260926/results/r21dev_vgg16_bn_aa_s42/faces_cfdWM64/faces_cfdWM64/results.csv,II
mixed,Mixed faces / AA4,r21dev_vgg16_bn_aa_s42,face_transfer,124,two_shared_ui,CFD WM64,Faces,0.28,0.33,50,within_sampled_range,II,110,75.0,runs/yin_noise_matrix_20260926/results/r21dev_vgg16_bn_aa_s42/faces_cfdWM64/faces_cfdWM64/results.csv,II
mixed,Mixed faces / AA4,r21dev_vgg16_bn_aa_s42,face_transfer,124,two_shared_ui,CFD WM64,Faces,0.28,0.33,50,within_sampled_range,II,111,79.16666666666666,runs/yin_noise_matrix_20260926/results/r21dev_vgg16_bn_aa_s42/faces_cfdWM64/faces_cfdWM64/results.csv,II
mixed,Mixed faces / AA4,r21dev_vgg16_bn_aa_s42,face_transfer,124,two_shared_ui,CFD WM64,Faces,0.28,0.33,50,within_sampled_range,II,112,83.33333333333334,runs/yin_noise_matrix_20260926/results/r21dev_vgg16_bn_aa_s42/faces_cfdWM64/faces_cfdWM64/results.csv,II
mixed,Mixed faces / AA4,r21dev_vgg16_bn_aa_s42,face_transfer,124,two_shared_ui,CFD WM64,Faces,0.28,0.33,50,within_sampled_range,II,113,91.66666666666666,runs/yin_noise_matrix_20260926/results/r21dev_vgg16_bn_aa_s42/faces_cfdWM64/faces_cfdWM64/results.csv,II
mixed,Mixed faces / AA4,r21dev_vgg16_bn_aa_s42,face_transfer,124,two_shared_ui,CFD WM64,Faces,0.28,0.33,50,within_sampled_range,II,114,83.33333333333334,runs/yin_noise_matrix_20260926/results/r21dev_vgg16_bn_aa_s42/faces_cfdWM64/faces_cfdWM64/results.csv,II
mixed,Mixed faces / AA4,r21dev_vgg16_bn_aa_s42,face_transfer,124,two_shared_ui,CFD WM64,Faces,0.28,0.33,50,within_sampled_range,II,115,83.33333333333334,runs/yin_noise_matrix_20260926/results/r21dev_vgg16_bn_aa_s42/faces_cfdWM64/faces_cfdWM64/results.csv,II
mixed,Mixed faces / AA4,r21dev_vgg16_bn_aa_s42,face_transfer,124,two_shared_ui,CFD WM64,Faces,0.28,0.33,50,within_sampled_range,II,116,83.33333333333334,runs/yin_noise_matrix_20260926/results/r21dev_vgg16_bn_aa_s42/faces_cfdWM64/faces_cfdWM64/results.csv,II
mixed,Mixed faces / AA4,r21dev_vgg16_bn_aa_s42,face_transfer,124,two_shared_ui,CFD WM64,Faces,0.28,0.33,50,within_sampled_range,II,117,95.83333333333334,runs/yin_noise_matrix_20260926/results/r21dev_vgg16_bn_aa_s42/faces_cfdWM64/faces_cfdWM64/results.csv,II
mixed,Mixed faces / AA4,r21dev_vgg16_bn_aa_s42,face_transfer,124,two_shared_ui,CFD WM64,Faces,0.28,0.33,50,within_sampled_range,II,118,87.5,runs/yin_noise_matrix_20260926/results/r21dev_vgg16_bn_aa_s42/faces_cfdWM64/faces_cfdWM64/results.csv,II
mixed,Mixed faces / AA4,r21dev_vgg16_bn_aa_s42,face_transfer,124,two_shared_ui,CFD WM64,Faces,0.28,0.33,50,within_sampled_range,II,119,87.5,runs/yin_noise_matrix_20260926/results/r21dev_vgg16_bn_aa_s42/faces_cfdWM64/faces_cfdWM64/results.csv,II
mixed,Mixed faces / AA4,r21dev_vgg16_bn_aa_s42,face_transfer,124,two_shared_ui,CFD WM64,Faces,0.28,0.33,50,within_sampled_range,II,120,79.16666666666666,runs/yin_noise_matrix_20260926/results/r21dev_vgg16_bn_aa_s42/faces_cfdWM64/faces_cfdWM64/results.csv,II
mixed,Mixed faces / AA4,r21dev_vgg16_bn_aa_s42,face_transfer,124,two_shared_ui,CFD WM64,Faces,0.28,0.33,50,within_sampled_range,II,121,79.16666666666666,runs/yin_noise_matrix_20260926/results/r21dev_vgg16_bn_aa_s42/faces_cfdWM64/faces_cfdWM64/results.csv,II
mixed,Mixed faces / AA4,r21dev_vgg16_bn_aa_s42,face_transfer,124,two_shared_ui,CFD WM64,Faces,0.28,0.33,50,within_sampled_range,II,122,75.0,runs/yin_noise_matrix_20260926/results/r21dev_vgg16_bn_aa_s42/faces_cfdWM64/faces_cfdWM64/results.csv,II
mixed,Mixed faces / AA4,r21dev_vgg16_bn_aa_s42,face_transfer,124,two_shared_ui,CFD WM64,Faces,0.28,0.33,50,within_sampled_range,II,123,75.0,runs/yin_noise_matrix_20260926/results/r21dev_vgg16_bn_aa_s42/faces_cfdWM64/faces_cfdWM64/results.csv,II
mixed,Mixed faces / AA4,r21dev_vgg16_bn_aa_s42,face_transfer,124,two_shared_ui,CFD WM64,Faces,0.28,0.33,50,within_sampled_range,II,124,83.33333333333334,runs/yin_noise_matrix_20260926/results/r21dev_vgg16_bn_aa_s42/faces_cfdWM64/faces_cfdWM64/results.csv,II
mixed,Mixed faces / AA4,r21dev_vgg16_bn_aa_s42,face_transfer,124,two_shared_ui,CFD WM64,Faces,0.28,0.33,50,within_sampled_range,II,125,91.66666666666666,runs/yin_noise_matrix_20260926/results/r21dev_vgg16_bn_aa_s42/faces_cfdWM64/faces_cfdWM64/results.csv,II
mixed,Mixed faces / AA4,r21dev_vgg16_bn_aa_s42,face_transfer,124,two_shared_ui,CFD WM64,Faces,0.28,0.33,50,within_sampled_range,II,126,95.83333333333334,runs/yin_noise_matrix_20260926/results/r21dev_vgg16_bn_aa_s42/faces_cfdWM64/faces_cfdWM64/results.csv,II
mixed,Mixed faces / AA4,r21dev_vgg16_bn_aa_s42,face_transfer,124,two_shared_ui,CFD WM64,Faces,0.28,0.33,50,within_sampled_range,II,127,83.33333333333334,runs/yin_noise_matrix_20260926/results/r21dev_vgg16_bn_aa_s42/faces_cfdWM64/faces_cfdWM64/results.csv,II
mixed,Mixed faces / AA4,r21dev_vgg16_bn_aa_s42,face_transfer,124,two_shared_ui,CFD WM64,Faces,0.28,0.33,50,within_sampled_range,II,128,79.16666666666666,runs/yin_noise_matrix_20260926/results/r21dev_vgg16_bn_aa_s42/faces_cfdWM64/faces_cfdWM64/results.csv,II
mixed,Mixed faces / AA4,r21dev_vgg16_bn_aa_s42,face_transfer,124,two_shared_ui,CFD WM64,Faces,0.28,0.33,50,within_sampled_range,II,129,95.83333333333334,runs/yin_noise_matrix_20260926/results/r21dev_vgg16_bn_aa_s42/faces_cfdWM64/faces_cfdWM64/results.csv,II
mixed,Mixed faces / AA4,r21dev_vgg16_bn_aa_s42,face_transfer,124,two_shared_ui,CFD WM64,Faces,0.28,0.33,50,within_sampled_range,II,130,75.0,runs/yin_noise_matrix_20260926/results/r21dev_vgg16_bn_aa_s42/faces_cfdWM64/faces_cfdWM64/results.csv,II
mixed,Mixed faces / AA4,r21dev_vgg16_bn_aa_s42,face_transfer,124,two_shared_ui,CFD WM64,Faces,0.28,0.33,50,within_sampled_range,II,131,83.33333333333334,runs/yin_noise_matrix_20260926/results/r21dev_vgg16_bn_aa_s42/faces_cfdWM64/faces_cfdWM64/results.csv,II
mixed,Mixed faces / AA4,r21dev_vgg16_bn_aa_s42,face_transfer,124,two_shared_ui,CFD WM64,Faces,0.28,0.33,50,within_sampled_range,II,132,83.33333333333334,runs/yin_noise_matrix_20260926/results/r21dev_vgg16_bn_aa_s42/faces_cfdWM64/faces_cfdWM64/results.csv,II
mixed,Mixed faces / AA4,r21dev_vgg16_bn_aa_s42,face_transfer,124,two_shared_ui,CFD WM64,Faces,0.28,0.33,50,within_sampled_range,II,133,70.83333333333334,runs/yin_noise_matrix_20260926/results/r21dev_vgg16_bn_aa_s42/faces_cfdWM64/faces_cfdWM64/results.csv,II
mixed,Mixed faces / AA4,r21dev_vgg16_bn_aa_s42,face_transfer,124,two_shared_ui,CFD WM64,Faces,0.28,0.33,50,within_sampled_range,II,134,91.66666666666666,runs/yin_noise_matrix_20260926/results/r21dev_vgg16_bn_aa_s42/faces_cfdWM64/faces_cfdWM64/results.csv,II
mixed,Mixed faces / AA4,r21dev_vgg16_bn_aa_s42,face_transfer,124,two_shared_ui,CFD WM64,Faces,0.28,0.33,50,within_sampled_range,II,135,83.33333333333334,runs/yin_noise_matrix_20260926/results/r21dev_vgg16_bn_aa_s42/faces_cfdWM64/faces_cfdWM64/results.csv,II
mixed,Mixed faces / AA4,r21dev_vgg16_bn_aa_s42,face_transfer,124,two_shared_ui,CFD WM64,Faces,0.28,0.33,50,within_sampled_range,II,136,95.83333333333334,runs/yin_noise_matrix_20260926/results/r21dev_vgg16_bn_aa_s42/faces_cfdWM64/faces_cfdWM64/results.csv,II
mixed,Mixed faces / AA4,r21dev_vgg16_bn_aa_s42,face_transfer,124,two_shared_ui,CFD WM64,Faces,0.28,0.33,50,within_sampled_range,II,137,75.0,runs/yin_noise_matrix_20260926/results/r21dev_vgg16_bn_aa_s42/faces_cfdWM64/faces_cfdWM64/results.csv,II
mixed,Mixed faces / AA4,r21dev_vgg16_bn_aa_s42,face_transfer,124,two_shared_ui,CFD WM64,Faces,0.28,0.33,50,within_sampled_range,II,138,79.16666666666666,runs/yin_noise_matrix_20260926/results/r21dev_vgg16_bn_aa_s42/faces_cfdWM64/faces_cfdWM64/results.csv,II
mixed,Mixed faces / AA4,r21dev_vgg16_bn_aa_s42,face_transfer,124,two_shared_ui,CFD WM64,Faces,0.28,0.33,50,within_sampled_range,II,139,83.33333333333334,runs/yin_noise_matrix_20260926/results/r21dev_vgg16_bn_aa_s42/faces_cfdWM64/faces_cfdWM64/results.csv,II
mixed,Mixed faces / AA4,r21dev_vgg16_bn_aa_s42,face_transfer,124,two_shared_ui,CFD WM64,Faces,0.28,0.33,50,within_sampled_range,II,140,66.66666666666666,runs/yin_noise_matrix_20260926/results/r21dev_vgg16_bn_aa_s42/faces_cfdWM64/faces_cfdWM64/results.csv,II
mixed,Mixed faces / AA4,r21dev_vgg16_bn_aa_s42,face_transfer,124,two_shared_ui,CFD WM64,Faces,0.28,0.33,50,within_sampled_range,II,141,70.83333333333334,runs/yin_noise_matrix_20260926/results/r21dev_vgg16_bn_aa_s42/faces_cfdWM64/faces_cfdWM64/results.csv,II
mixed,Mixed faces / AA4,r21dev_vgg16_bn_aa_s42,face_transfer,124,two_shared_ui,CFD WM64,Faces,0.28,0.33,50,within_sampled_range,II,142,79.16666666666666,runs/yin_noise_matrix_20260926/results/r21dev_vgg16_bn_aa_s42/faces_cfdWM64/faces_cfdWM64/results.csv,II
mixed,Mixed faces / AA4,r21dev_vgg16_bn_aa_s42,face_transfer,124,two_shared_ui,CFD WM64,Faces,0.28,0.33,50,within_sampled_range,II,143,79.16666666666666,runs/yin_noise_matrix_20260926/results/r21dev_vgg16_bn_aa_s42/faces_cfdWM64/faces_cfdWM64/results.csv,II
mixed,Mixed faces / AA4,r21dev_vgg16_bn_aa_s42,face_transfer,124,two_shared_ui,CFD WM64,Faces,0.28,0.33,50,within_sampled_range,II,144,83.33333333333334,runs/yin_noise_matrix_20260926/results/r21dev_vgg16_bn_aa_s42/faces_cfdWM64/faces_cfdWM64/results.csv,II
mixed,Mixed faces / AA4,r21dev_vgg16_bn_aa_s42,face_transfer,124,two_shared_ui,CFD WM64,Faces,0.28,0.33,50,within_sampled_range,II,145,75.0,runs/yin_noise_matrix_20260926/results/r21dev_vgg16_bn_aa_s42/faces_cfdWM64/faces_cfdWM64/results.csv,II
mixed,Mixed faces / AA4,r21dev_vgg16_bn_aa_s42,face_transfer,124,two_shared_ui,CFD WM64,Faces,0.28,0.33,50,within_sampled_range,II,146,95.83333333333334,runs/yin_noise_matrix_20260926/results/r21dev_vgg16_bn_aa_s42/faces_cfdWM64/faces_cfdWM64/results.csv,II
mixed,Mixed faces / AA4,r21dev_vgg16_bn_aa_s42,face_transfer,124,two_shared_ui,CFD WM64,Faces,0.28,0.33,50,within_sampled_range,II,147,79.16666666666666,runs/yin_noise_matrix_20260926/results/r21dev_vgg16_bn_aa_s42/faces_cfdWM64/faces_cfdWM64/results.csv,II
mixed,Mixed faces / AA4,r21dev_vgg16_bn_aa_s42,face_transfer,124,two_shared_ui,CFD WM64,Faces,0.28,0.33,50,within_sampled_range,II,148,62.5,runs/yin_noise_matrix_20260926/results/r21dev_vgg16_bn_aa_s42/faces_cfdWM64/faces_cfdWM64/results.csv,II
mixed,Mixed faces / AA4,r21dev_vgg16_bn_aa_s42,face_transfer,124,two_shared_ui,CFD WM64,Faces,0.28,0.33,50,within_sampled_range,II,149,83.33333333333334,runs/yin_noise_matrix_20260926/results/r21dev_vgg16_bn_aa_s42/faces_cfdWM64/faces_cfdWM64/results.csv,II
mixed,Mixed faces / AA4,r21dev_vgg16_bn_aa_s42,face_transfer,124,two_shared_ui,CFD WM64,Faces,0.28,0.33,50,within_sampled_range,II,150,91.66666666666666,runs/yin_noise_matrix_20260926/results/r21dev_vgg16_bn_aa_s42/faces_cfdWM64/faces_cfdWM64/results.csv,II
mixed,Mixed faces / AA4,r21dev_vgg16_bn_aa_s42,face_transfer,124,two_shared_ui,CFD WM64,Faces,0.28,0.33,50,within_sampled_range,UI,101,95.83333333333334,runs/yin_noise_matrix_20260926/results/r21dev_vgg16_bn_aa_s42/faces_cfdWM64/faces_cfdWM64/results.csv,UI_shared
mixed,Mixed faces / AA4,r21dev_vgg16_bn_aa_s42,face_transfer,124,two_shared_ui,CFD WM64,Faces,0.28,0.33,50,within_sampled_range,UI,102,95.83333333333334,runs/yin_noise_matrix_20260926/results/r21dev_vgg16_bn_aa_s42/faces_cfdWM64/faces_cfdWM64/results.csv,UI_shared
mixed,Mixed faces / AA4,r21dev_vgg16_bn_aa_s42,face_transfer,124,two_shared_ui,CFD WM64,Faces,0.28,0.33,50,within_sampled_range,UI,103,83.33333333333334,runs/yin_noise_matrix_20260926/results/r21dev_vgg16_bn_aa_s42/faces_cfdWM64/faces_cfdWM64/results.csv,UI_shared
mixed,Mixed faces / AA4,r21dev_vgg16_bn_aa_s42,face_transfer,124,two_shared_ui,CFD WM64,Faces,0.28,0.33,50,within_sampled_range,UI,104,91.66666666666666,runs/yin_noise_matrix_20260926/results/r21dev_vgg16_bn_aa_s42/faces_cfdWM64/faces_cfdWM64/results.csv,UI_shared
mixed,Mixed faces / AA4,r21dev_vgg16_bn_aa_s42,face_transfer,124,two_shared_ui,CFD WM64,Faces,0.28,0.33,50,within_sampled_range,UI,105,100.0,runs/yin_noise_matrix_20260926/results/r21dev_vgg16_bn_aa_s42/faces_cfdWM64/faces_cfdWM64/results.csv,UI_shared
mixed,Mixed faces / AA4,r21dev_vgg16_bn_aa_s42,face_transfer,124,two_shared_ui,CFD WM64,Faces,0.28,0.33,50,within_sampled_range,UI,106,87.5,runs/yin_noise_matrix_20260926/results/r21dev_vgg16_bn_aa_s42/faces_cfdWM64/faces_cfdWM64/results.csv,UI_shared
mixed,Mixed faces / AA4,r21dev_vgg16_bn_aa_s42,face_transfer,124,two_shared_ui,CFD WM64,Faces,0.28,0.33,50,within_sampled_range,UI,107,87.5,runs/yin_noise_matrix_20260926/results/r21dev_vgg16_bn_aa_s42/faces_cfdWM64/faces_cfdWM64/results.csv,UI_shared
mixed,Mixed faces / AA4,r21dev_vgg16_bn_aa_s42,face_transfer,124,two_shared_ui,CFD WM64,Faces,0.28,0.33,50,within_sampled_range,UI,108,100.0,runs/yin_noise_matrix_20260926/results/r21dev_vgg16_bn_aa_s42/faces_cfdWM64/faces_cfdWM64/results.csv,UI_shared
mixed,Mixed faces / AA4,r21dev_vgg16_bn_aa_s42,face_transfer,124,two_shared_ui,CFD WM64,Faces,0.28,0.33,50,within_sampled_range,UI,109,87.5,runs/yin_noise_matrix_20260926/results/r21dev_vgg16_bn_aa_s42/faces_cfdWM64/faces_cfdWM64/results.csv,UI_shared
mixed,Mixed faces / AA4,r21dev_vgg16_bn_aa_s42,face_transfer,124,two_shared_ui,CFD WM64,Faces,0.28,0.33,50,within_sampled_range,UI,110,79.16666666666666,runs/yin_noise_matrix_20260926/results/r21dev_vgg16_bn_aa_s42/faces_cfdWM64/faces_cfdWM64/results.csv,UI_shared
mixed,Mixed faces / AA4,r21dev_vgg16_bn_aa_s42,face_transfer,124,two_shared_ui,CFD WM64,Faces,0.28,0.33,50,within_sampled_range,UI,111,87.5,runs/yin_noise_matrix_20260926/results/r21dev_vgg16_bn_aa_s42/faces_cfdWM64/faces_cfdWM64/results.csv,UI_shared
mixed,Mixed faces / AA4,r21dev_vgg16_bn_aa_s42,face_transfer,124,two_shared_ui,CFD WM64,Faces,0.28,0.33,50,within_sampled_range,UI,112,87.5,runs/yin_noise_matrix_20260926/results/r21dev_vgg16_bn_aa_s42/faces_cfdWM64/faces_cfdWM64/results.csv,UI_shared
mixed,Mixed faces / AA4,r21dev_vgg16_bn_aa_s42,face_transfer,124,two_shared_ui,CFD WM64,Faces,0.28,0.33,50,within_sampled_range,UI,113,87.5,runs/yin_noise_matrix_20260926/results/r21dev_vgg16_bn_aa_s42/faces_cfdWM64/faces_cfdWM64/results.csv,UI_shared
mixed,Mixed faces / AA4,r21dev_vgg16_bn_aa_s42,face_transfer,124,two_shared_ui,CFD WM64,Faces,0.28,0.33,50,within_sampled_range,UI,114,83.33333333333334,runs/yin_noise_matrix_20260926/results/r21dev_vgg16_bn_aa_s42/faces_cfdWM64/faces_cfdWM64/results.csv,UI_shared
mixed,Mixed faces / AA4,r21dev_vgg16_bn_aa_s42,face_transfer,124,two_shared_ui,CFD WM64,Faces,0.28,0.33,50,within_sampled_range,UI,115,87.5,runs/yin_noise_matrix_20260926/results/r21dev_vgg16_bn_aa_s42/faces_cfdWM64/faces_cfdWM64/results.csv,UI_shared
mixed,Mixed faces / AA4,r21dev_vgg16_bn_aa_s42,face_transfer,124,two_shared_ui,CFD WM64,Faces,0.28,0.33,50,within_sampled_range,UI,116,91.66666666666666,runs/yin_noise_matrix_20260926/results/r21dev_vgg16_bn_aa_s42/faces_cfdWM64/faces_cfdWM64/results.csv,UI_shared
mixed,Mixed faces / AA4,r21dev_vgg16_bn_aa_s42,face_transfer,124,two_shared_ui,CFD WM64,Faces,0.28,0.33,50,within_sampled_range,UI,117,91.66666666666666,runs/yin_noise_matrix_20260926/results/r21dev_vgg16_bn_aa_s42/faces_cfdWM64/faces_cfdWM64/results.csv,UI_shared
mixed,Mixed faces / AA4,r21dev_vgg16_bn_aa_s42,face_transfer,124,two_shared_ui,CFD WM64,Faces,0.28,0.33,50,within_sampled_range,UI,118,87.5,runs/yin_noise_matrix_20260926/results/r21dev_vgg16_bn_aa_s42/faces_cfdWM64/faces_cfdWM64/results.csv,UI_shared
mixed,Mixed faces / AA4,r21dev_vgg16_bn_aa_s42,face_transfer,124,two_shared_ui,CFD WM64,Faces,0.28,0.33,50,within_sampled_range,UI,119,79.16666666666666,runs/yin_noise_matrix_20260926/results/r21dev_vgg16_bn_aa_s42/faces_cfdWM64/faces_cfdWM64/results.csv,UI_shared
mixed,Mixed faces / AA4,r21dev_vgg16_bn_aa_s42,face_transfer,124,two_shared_ui,CFD WM64,Faces,0.28,0.33,50,within_sampled_range,UI,120,95.83333333333334,runs/yin_noise_matrix_20260926/results/r21dev_vgg16_bn_aa_s42/faces_cfdWM64/faces_cfdWM64/results.csv,UI_shared
mixed,Mixed faces / AA4,r21dev_vgg16_bn_aa_s42,face_transfer,124,two_shared_ui,CFD WM64,Faces,0.28,0.33,50,within_sampled_range,UI,121,87.5,runs/yin_noise_matrix_20260926/results/r21dev_vgg16_bn_aa_s42/faces_cfdWM64/faces_cfdWM64/results.csv,UI_shared
mixed,Mixed faces / AA4,r21dev_vgg16_bn_aa_s42,face_transfer,124,two_shared_ui,CFD WM64,Faces,0.28,0.33,50,within_sampled_range,UI,122,79.16666666666666,runs/yin_noise_matrix_20260926/results/r21dev_vgg16_bn_aa_s42/faces_cfdWM64/faces_cfdWM64/results.csv,UI_shared
mixed,Mixed faces / AA4,r21dev_vgg16_bn_aa_s42,face_transfer,124,two_shared_ui,CFD WM64,Faces,0.28,0.33,50,within_sampled_range,UI,123,83.33333333333334,runs/yin_noise_matrix_20260926/results/r21dev_vgg16_bn_aa_s42/faces_cfdWM64/faces_cfdWM64/results.csv,UI_shared
mixed,Mixed faces / AA4,r21dev_vgg16_bn_aa_s42,face_transfer,124,two_shared_ui,CFD WM64,Faces,0.28,0.33,50,within_sampled_range,UI,124,95.83333333333334,runs/yin_noise_matrix_20260926/results/r21dev_vgg16_bn_aa_s42/faces_cfdWM64/faces_cfdWM64/results.csv,UI_shared
mixed,Mixed faces / AA4,r21dev_vgg16_bn_aa_s42,face_transfer,124,two_shared_ui,CFD WM64,Faces,0.28,0.33,50,within_sampled_range,UI,125,83.33333333333334,runs/yin_noise_matrix_20260926/results/r21dev_vgg16_bn_aa_s42/faces_cfdWM64/faces_cfdWM64/results.csv,UI_shared
mixed,Mixed faces / AA4,r21dev_vgg16_bn_aa_s42,face_transfer,124,two_shared_ui,CFD WM64,Faces,0.28,0.33,50,within_sampled_range,UI,126,95.83333333333334,runs/yin_noise_matrix_20260926/results/r21dev_vgg16_bn_aa_s42/faces_cfdWM64/faces_cfdWM64/results.csv,UI_shared
mixed,Mixed faces / AA4,r21dev_vgg16_bn_aa_s42,face_transfer,124,two_shared_ui,CFD WM64,Faces,0.28,0.33,50,within_sampled_range,UI,127,100.0,runs/yin_noise_matrix_20260926/results/r21dev_vgg16_bn_aa_s42/faces_cfdWM64/faces_cfdWM64/results.csv,UI_shared
mixed,Mixed faces / AA4,r21dev_vgg16_bn_aa_s42,face_transfer,124,two_shared_ui,CFD WM64,Faces,0.28,0.33,50,within_sampled_range,UI,128,87.5,runs/yin_noise_matrix_20260926/results/r21dev_vgg16_bn_aa_s42/faces_cfdWM64/faces_cfdWM64/results.csv,UI_shared
mixed,Mixed faces / AA4,r21dev_vgg16_bn_aa_s42,face_transfer,124,two_shared_ui,CFD WM64,Faces,0.28,0.33,50,within_sampled_range,UI,129,95.83333333333334,runs/yin_noise_matrix_20260926/results/r21dev_vgg16_bn_aa_s42/faces_cfdWM64/faces_cfdWM64/results.csv,UI_shared
mixed,Mixed faces / AA4,r21dev_vgg16_bn_aa_s42,face_transfer,124,two_shared_ui,CFD WM64,Faces,0.28,0.33,50,within_sampled_range,UI,130,83.33333333333334,runs/yin_noise_matrix_20260926/results/r21dev_vgg16_bn_aa_s42/faces_cfdWM64/faces_cfdWM64/results.csv,UI_shared
mixed,Mixed faces / AA4,r21dev_vgg16_bn_aa_s42,face_transfer,124,two_shared_ui,CFD WM64,Faces,0.28,0.33,50,within_sampled_range,UI,131,79.16666666666666,runs/yin_noise_matrix_20260926/results/r21dev_vgg16_bn_aa_s42/faces_cfdWM64/faces_cfdWM64/results.csv,UI_shared
mixed,Mixed faces / AA4,r21dev_vgg16_bn_aa_s42,face_transfer,124,two_shared_ui,CFD WM64,Faces,0.28,0.33,50,within_sampled_range,UI,132,100.0,runs/yin_noise_matrix_20260926/results/r21dev_vgg16_bn_aa_s42/faces_cfdWM64/faces_cfdWM64/results.csv,UI_shared
mixed,Mixed faces / AA4,r21dev_vgg16_bn_aa_s42,face_transfer,124,two_shared_ui,CFD WM64,Faces,0.28,0.33,50,within_sampled_range,UI,133,79.16666666666666,runs/yin_noise_matrix_20260926/results/r21dev_vgg16_bn_aa_s42/faces_cfdWM64/faces_cfdWM64/results.csv,UI_shared
mixed,Mixed faces / AA4,r21dev_vgg16_bn_aa_s42,face_transfer,124,two_shared_ui,CFD WM64,Faces,0.28,0.33,50,within_sampled_range,UI,134,87.5,runs/yin_noise_matrix_20260926/results/r21dev_vgg16_bn_aa_s42/faces_cfdWM64/faces_cfdWM64/results.csv,UI_shared
mixed,Mixed faces / AA4,r21dev_vgg16_bn_aa_s42,face_transfer,124,two_shared_ui,CFD WM64,Faces,0.28,0.33,50,within_sampled_range,UI,135,87.5,runs/yin_noise_matrix_20260926/results/r21dev_vgg16_bn_aa_s42/faces_cfdWM64/faces_cfdWM64/results.csv,UI_shared
mixed,Mixed faces / AA4,r21dev_vgg16_bn_aa_s42,face_transfer,124,two_shared_ui,CFD WM64,Faces,0.28,0.33,50,within_sampled_range,UI,136,91.66666666666666,runs/yin_noise_matrix_20260926/results/r21dev_vgg16_bn_aa_s42/faces_cfdWM64/faces_cfdWM64/results.csv,UI_shared
mixed,Mixed faces / AA4,r21dev_vgg16_bn_aa_s42,face_transfer,124,two_shared_ui,CFD WM64,Faces,0.28,0.33,50,within_sampled_range,UI,137,91.66666666666666,runs/yin_noise_matrix_20260926/results/r21dev_vgg16_bn_aa_s42/faces_cfdWM64/faces_cfdWM64/results.csv,UI_shared
mixed,Mixed faces / AA4,r21dev_vgg16_bn_aa_s42,face_transfer,124,two_shared_ui,CFD WM64,Faces,0.28,0.33,50,within_sampled_range,UI,138,91.66666666666666,runs/yin_noise_matrix_20260926/results/r21dev_vgg16_bn_aa_s42/faces_cfdWM64/faces_cfdWM64/results.csv,UI_shared
mixed,Mixed faces / AA4,r21dev_vgg16_bn_aa_s42,face_transfer,124,two_shared_ui,CFD WM64,Faces,0.28,0.33,50,within_sampled_range,UI,139,91.66666666666666,runs/yin_noise_matrix_20260926/results/r21dev_vgg16_bn_aa_s42/faces_cfdWM64/faces_cfdWM64/results.csv,UI_shared
mixed,Mixed faces / AA4,r21dev_vgg16_bn_aa_s42,face_transfer,124,two_shared_ui,CFD WM64,Faces,0.28,0.33,50,within_sampled_range,UI,140,79.16666666666666,runs/yin_noise_matrix_20260926/results/r21dev_vgg16_bn_aa_s42/faces_cfdWM64/faces_cfdWM64/results.csv,UI_shared
mixed,Mixed faces / AA4,r21dev_vgg16_bn_aa_s42,face_transfer,124,two_shared_ui,CFD WM64,Faces,0.28,0.33,50,within_sampled_range,UI,141,79.16666666666666,runs/yin_noise_matrix_20260926/results/r21dev_vgg16_bn_aa_s42/faces_cfdWM64/faces_cfdWM64/results.csv,UI_shared
mixed,Mixed faces / AA4,r21dev_vgg16_bn_aa_s42,face_transfer,124,two_shared_ui,CFD WM64,Faces,0.28,0.33,50,within_sampled_range,UI,142,83.33333333333334,runs/yin_noise_matrix_20260926/results/r21dev_vgg16_bn_aa_s42/faces_cfdWM64/faces_cfdWM64/results.csv,UI_shared
mixed,Mixed faces / AA4,r21dev_vgg16_bn_aa_s42,face_transfer,124,two_shared_ui,CFD WM64,Faces,0.28,0.33,50,within_sampled_range,UI,143,87.5,runs/yin_noise_matrix_20260926/results/r21dev_vgg16_bn_aa_s42/faces_cfdWM64/faces_cfdWM64/results.csv,UI_shared
mixed,Mixed faces / AA4,r21dev_vgg16_bn_aa_s42,face_transfer,124,two_shared_ui,CFD WM64,Faces,0.28,0.33,50,within_sampled_range,UI,144,91.66666666666666,runs/yin_noise_matrix_20260926/results/r21dev_vgg16_bn_aa_s42/faces_cfdWM64/faces_cfdWM64/results.csv,UI_shared
mixed,Mixed faces / AA4,r21dev_vgg16_bn_aa_s42,face_transfer,124,two_shared_ui,CFD WM64,Faces,0.28,0.33,50,within_sampled_range,UI,145,87.5,runs/yin_noise_matrix_20260926/results/r21dev_vgg16_bn_aa_s42/faces_cfdWM64/faces_cfdWM64/results.csv,UI_shared
mixed,Mixed faces / AA4,r21dev_vgg16_bn_aa_s42,face_transfer,124,two_shared_ui,CFD WM64,Faces,0.28,0.33,50,within_sampled_range,UI,146,100.0,runs/yin_noise_matrix_20260926/results/r21dev_vgg16_bn_aa_s42/faces_cfdWM64/faces_cfdWM64/results.csv,UI_shared
mixed,Mixed faces / AA4,r21dev_vgg16_bn_aa_s42,face_transfer,124,two_shared_ui,CFD WM64,Faces,0.28,0.33,50,within_sampled_range,UI,147,79.16666666666666,runs/yin_noise_matrix_20260926/results/r21dev_vgg16_bn_aa_s42/faces_cfdWM64/faces_cfdWM64/results.csv,UI_shared
mixed,Mixed faces / AA4,r21dev_vgg16_bn_aa_s42,face_transfer,124,two_shared_ui,CFD WM64,Faces,0.28,0.33,50,within_sampled_range,UI,148,79.16666666666666,runs/yin_noise_matrix_20260926/results/r21dev_vgg16_bn_aa_s42/faces_cfdWM64/faces_cfdWM64/results.csv,UI_shared
mixed,Mixed faces / AA4,r21dev_vgg16_bn_aa_s42,face_transfer,124,two_shared_ui,CFD WM64,Faces,0.28,0.33,50,within_sampled_range,UI,149,79.16666666666666,runs/yin_noise_matrix_20260926/results/r21dev_vgg16_bn_aa_s42/faces_cfdWM64/faces_cfdWM64/results.csv,UI_shared
mixed,Mixed faces / AA4,r21dev_vgg16_bn_aa_s42,face_transfer,124,two_shared_ui,CFD WM64,Faces,0.28,0.33,50,within_sampled_range,UI,150,83.33333333333334,runs/yin_noise_matrix_20260926/results/r21dev_vgg16_bn_aa_s42/faces_cfdWM64/faces_cfdWM64/results.csv,UI_shared
mixed,Mixed faces / AA4,r21dev_vgg16_bn_aa_s42,face_transfer,124,two_shared_ui,CFD WM64,Faces,0.28,0.33,50,within_sampled_range,IU,101,70.83333333333334,runs/yin_noise_matrix_20260926/results/r21dev_vgg16_bn_aa_s42/faces_cfdWM64/faces_cfdWM64/results.csv,IU
mixed,Mixed faces / AA4,r21dev_vgg16_bn_aa_s42,face_transfer,124,two_shared_ui,CFD WM64,Faces,0.28,0.33,50,within_sampled_range,IU,102,91.66666666666666,runs/yin_noise_matrix_20260926/results/r21dev_vgg16_bn_aa_s42/faces_cfdWM64/faces_cfdWM64/results.csv,IU
mixed,Mixed faces / AA4,r21dev_vgg16_bn_aa_s42,face_transfer,124,two_shared_ui,CFD WM64,Faces,0.28,0.33,50,within_sampled_range,IU,103,100.0,runs/yin_noise_matrix_20260926/results/r21dev_vgg16_bn_aa_s42/faces_cfdWM64/faces_cfdWM64/results.csv,IU
mixed,Mixed faces / AA4,r21dev_vgg16_bn_aa_s42,face_transfer,124,two_shared_ui,CFD WM64,Faces,0.28,0.33,50,within_sampled_range,IU,104,83.33333333333334,runs/yin_noise_matrix_20260926/results/r21dev_vgg16_bn_aa_s42/faces_cfdWM64/faces_cfdWM64/results.csv,IU
mixed,Mixed faces / AA4,r21dev_vgg16_bn_aa_s42,face_transfer,124,two_shared_ui,CFD WM64,Faces,0.28,0.33,50,within_sampled_range,IU,105,91.66666666666666,runs/yin_noise_matrix_20260926/results/r21dev_vgg16_bn_aa_s42/faces_cfdWM64/faces_cfdWM64/results.csv,IU
mixed,Mixed faces / AA4,r21dev_vgg16_bn_aa_s42,face_transfer,124,two_shared_ui,CFD WM64,Faces,0.28,0.33,50,within_sampled_range,IU,106,83.33333333333334,runs/yin_noise_matrix_20260926/results/r21dev_vgg16_bn_aa_s42/faces_cfdWM64/faces_cfdWM64/results.csv,IU
mixed,Mixed faces / AA4,r21dev_vgg16_bn_aa_s42,face_transfer,124,two_shared_ui,CFD WM64,Faces,0.28,0.33,50,within_sampled_range,IU,107,87.5,runs/yin_noise_matrix_20260926/results/r21dev_vgg16_bn_aa_s42/faces_cfdWM64/faces_cfdWM64/results.csv,IU
mixed,Mixed faces / AA4,r21dev_vgg16_bn_aa_s42,face_transfer,124,two_shared_ui,CFD WM64,Faces,0.28,0.33,50,within_sampled_range,IU,108,95.83333333333334,runs/yin_noise_matrix_20260926/results/r21dev_vgg16_bn_aa_s42/faces_cfdWM64/faces_cfdWM64/results.csv,IU
mixed,Mixed faces / AA4,r21dev_vgg16_bn_aa_s42,face_transfer,124,two_shared_ui,CFD WM64,Faces,0.28,0.33,50,within_sampled_range,IU,109,79.16666666666666,runs/yin_noise_matrix_20260926/results/r21dev_vgg16_bn_aa_s42/faces_cfdWM64/faces_cfdWM64/results.csv,IU
mixed,Mixed faces / AA4,r21dev_vgg16_bn_aa_s42,face_transfer,124,two_shared_ui,CFD WM64,Faces,0.28,0.33,50,within_sampled_range,IU,110,79.16666666666666,runs/yin_noise_matrix_20260926/results/r21dev_vgg16_bn_aa_s42/faces_cfdWM64/faces_cfdWM64/results.csv,IU
mixed,Mixed faces / AA4,r21dev_vgg16_bn_aa_s42,face_transfer,124,two_shared_ui,CFD WM64,Faces,0.28,0.33,50,within_sampled_range,IU,111,79.16666666666666,runs/yin_noise_matrix_20260926/results/r21dev_vgg16_bn_aa_s42/faces_cfdWM64/faces_cfdWM64/results.csv,IU
mixed,Mixed faces / AA4,r21dev_vgg16_bn_aa_s42,face_transfer,124,two_shared_ui,CFD WM64,Faces,0.28,0.33,50,within_sampled_range,IU,112,91.66666666666666,runs/yin_noise_matrix_20260926/results/r21dev_vgg16_bn_aa_s42/faces_cfdWM64/faces_cfdWM64/results.csv,IU
mixed,Mixed faces / AA4,r21dev_vgg16_bn_aa_s42,face_transfer,124,two_shared_ui,CFD WM64,Faces,0.28,0.33,50,within_sampled_range,IU,113,83.33333333333334,runs/yin_noise_matrix_20260926/results/r21dev_vgg16_bn_aa_s42/faces_cfdWM64/faces_cfdWM64/results.csv,IU
mixed,Mixed faces / AA4,r21dev_vgg16_bn_aa_s42,face_transfer,124,two_shared_ui,CFD WM64,Faces,0.28,0.33,50,within_sampled_range,IU,114,87.5,runs/yin_noise_matrix_20260926/results/r21dev_vgg16_bn_aa_s42/faces_cfdWM64/faces_cfdWM64/results.csv,IU
mixed,Mixed faces / AA4,r21dev_vgg16_bn_aa_s42,face_transfer,124,two_shared_ui,CFD WM64,Faces,0.28,0.33,50,within_sampled_range,IU,115,66.66666666666666,runs/yin_noise_matrix_20260926/results/r21dev_vgg16_bn_aa_s42/faces_cfdWM64/faces_cfdWM64/results.csv,IU
mixed,Mixed faces / AA4,r21dev_vgg16_bn_aa_s42,face_transfer,124,two_shared_ui,CFD WM64,Faces,0.28,0.33,50,within_sampled_range,IU,116,95.83333333333334,runs/yin_noise_matrix_20260926/results/r21dev_vgg16_bn_aa_s42/faces_cfdWM64/faces_cfdWM64/results.csv,IU
mixed,Mixed faces / AA4,r21dev_vgg16_bn_aa_s42,face_transfer,124,two_shared_ui,CFD WM64,Faces,0.28,0.33,50,within_sampled_range,IU,117,87.5,runs/yin_noise_matrix_20260926/results/r21dev_vgg16_bn_aa_s42/faces_cfdWM64/faces_cfdWM64/results.csv,IU
mixed,Mixed faces / AA4,r21dev_vgg16_bn_aa_s42,face_transfer,124,two_shared_ui,CFD WM64,Faces,0.28,0.33,50,within_sampled_range,IU,118,83.33333333333334,runs/yin_noise_matrix_20260926/results/r21dev_vgg16_bn_aa_s42/faces_cfdWM64/faces_cfdWM64/results.csv,IU
mixed,Mixed faces / AA4,r21dev_vgg16_bn_aa_s42,face_transfer,124,two_shared_ui,CFD WM64,Faces,0.28,0.33,50,within_sampled_range,IU,119,79.16666666666666,runs/yin_noise_matrix_20260926/results/r21dev_vgg16_bn_aa_s42/faces_cfdWM64/faces_cfdWM64/results.csv,IU
mixed,Mixed faces / AA4,r21dev_vgg16_bn_aa_s42,face_transfer,124,two_shared_ui,CFD WM64,Faces,0.28,0.33,50,within_sampled_range,IU,120,91.66666666666666,runs/yin_noise_matrix_20260926/results/r21dev_vgg16_bn_aa_s42/faces_cfdWM64/faces_cfdWM64/results.csv,IU
mixed,Mixed faces / AA4,r21dev_vgg16_bn_aa_s42,face_transfer,124,two_shared_ui,CFD WM64,Faces,0.28,0.33,50,within_sampled_range,IU,121,83.33333333333334,runs/yin_noise_matrix_20260926/results/r21dev_vgg16_bn_aa_s42/faces_cfdWM64/faces_cfdWM64/results.csv,IU
mixed,Mixed faces / AA4,r21dev_vgg16_bn_aa_s42,face_transfer,124,two_shared_ui,CFD WM64,Faces,0.28,0.33,50,within_sampled_range,IU,122,79.16666666666666,runs/yin_noise_matrix_20260926/results/r21dev_vgg16_bn_aa_s42/faces_cfdWM64/faces_cfdWM64/results.csv,IU
mixed,Mixed faces / AA4,r21dev_vgg16_bn_aa_s42,face_transfer,124,two_shared_ui,CFD WM64,Faces,0.28,0.33,50,within_sampled_range,IU,123,70.83333333333334,runs/yin_noise_matrix_20260926/results/r21dev_vgg16_bn_aa_s42/faces_cfdWM64/faces_cfdWM64/results.csv,IU
mixed,Mixed faces / AA4,r21dev_vgg16_bn_aa_s42,face_transfer,124,two_shared_ui,CFD WM64,Faces,0.28,0.33,50,within_sampled_range,IU,124,91.66666666666666,runs/yin_noise_matrix_20260926/results/r21dev_vgg16_bn_aa_s42/faces_cfdWM64/faces_cfdWM64/results.csv,IU
mixed,Mixed faces / AA4,r21dev_vgg16_bn_aa_s42,face_transfer,124,two_shared_ui,CFD WM64,Faces,0.28,0.33,50,within_sampled_range,IU,125,79.16666666666666,runs/yin_noise_matrix_20260926/results/r21dev_vgg16_bn_aa_s42/faces_cfdWM64/faces_cfdWM64/results.csv,IU
mixed,Mixed faces / AA4,r21dev_vgg16_bn_aa_s42,face_transfer,124,two_shared_ui,CFD WM64,Faces,0.28,0.33,50,within_sampled_range,IU,126,83.33333333333334,runs/yin_noise_matrix_20260926/results/r21dev_vgg16_bn_aa_s42/faces_cfdWM64/faces_cfdWM64/results.csv,IU
mixed,Mixed faces / AA4,r21dev_vgg16_bn_aa_s42,face_transfer,124,two_shared_ui,CFD WM64,Faces,0.28,0.33,50,within_sampled_range,IU,127,91.66666666666666,runs/yin_noise_matrix_20260926/results/r21dev_vgg16_bn_aa_s42/faces_cfdWM64/faces_cfdWM64/results.csv,IU
mixed,Mixed faces / AA4,r21dev_vgg16_bn_aa_s42,face_transfer,124,two_shared_ui,CFD WM64,Faces,0.28,0.33,50,within_sampled_range,IU,128,66.66666666666666,runs/yin_noise_matrix_20260926/results/r21dev_vgg16_bn_aa_s42/faces_cfdWM64/faces_cfdWM64/results.csv,IU
mixed,Mixed faces / AA4,r21dev_vgg16_bn_aa_s42,face_transfer,124,two_shared_ui,CFD WM64,Faces,0.28,0.33,50,within_sampled_range,IU,129,91.66666666666666,runs/yin_noise_matrix_20260926/results/r21dev_vgg16_bn_aa_s42/faces_cfdWM64/faces_cfdWM64/results.csv,IU
mixed,Mixed faces / AA4,r21dev_vgg16_bn_aa_s42,face_transfer,124,two_shared_ui,CFD WM64,Faces,0.28,0.33,50,within_sampled_range,IU,130,75.0,runs/yin_noise_matrix_20260926/results/r21dev_vgg16_bn_aa_s42/faces_cfdWM64/faces_cfdWM64/results.csv,IU
mixed,Mixed faces / AA4,r21dev_vgg16_bn_aa_s42,face_transfer,124,two_shared_ui,CFD WM64,Faces,0.28,0.33,50,within_sampled_range,IU,131,83.33333333333334,runs/yin_noise_matrix_20260926/results/r21dev_vgg16_bn_aa_s42/faces_cfdWM64/faces_cfdWM64/results.csv,IU
mixed,Mixed faces / AA4,r21dev_vgg16_bn_aa_s42,face_transfer,124,two_shared_ui,CFD WM64,Faces,0.28,0.33,50,within_sampled_range,IU,132,83.33333333333334,runs/yin_noise_matrix_20260926/results/r21dev_vgg16_bn_aa_s42/faces_cfdWM64/faces_cfdWM64/results.csv,IU
mixed,Mixed faces / AA4,r21dev_vgg16_bn_aa_s42,face_transfer,124,two_shared_ui,CFD WM64,Faces,0.28,0.33,50,within_sampled_range,IU,133,83.33333333333334,runs/yin_noise_matrix_20260926/results/r21dev_vgg16_bn_aa_s42/faces_cfdWM64/faces_cfdWM64/results.csv,IU
mixed,Mixed faces / AA4,r21dev_vgg16_bn_aa_s42,face_transfer,124,two_shared_ui,CFD WM64,Faces,0.28,0.33,50,within_sampled_range,IU,134,79.16666666666666,runs/yin_noise_matrix_20260926/results/r21dev_vgg16_bn_aa_s42/faces_cfdWM64/faces_cfdWM64/results.csv,IU
mixed,Mixed faces / AA4,r21dev_vgg16_bn_aa_s42,face_transfer,124,two_shared_ui,CFD WM64,Faces,0.28,0.33,50,within_sampled_range,IU,135,79.16666666666666,runs/yin_noise_matrix_20260926/results/r21dev_vgg16_bn_aa_s42/faces_cfdWM64/faces_cfdWM64/results.csv,IU
mixed,Mixed faces / AA4,r21dev_vgg16_bn_aa_s42,face_transfer,124,two_shared_ui,CFD WM64,Faces,0.28,0.33,50,within_sampled_range,IU,136,91.66666666666666,runs/yin_noise_matrix_20260926/results/r21dev_vgg16_bn_aa_s42/faces_cfdWM64/faces_cfdWM64/results.csv,IU
mixed,Mixed faces / AA4,r21dev_vgg16_bn_aa_s42,face_transfer,124,two_shared_ui,CFD WM64,Faces,0.28,0.33,50,within_sampled_range,IU,137,83.33333333333334,runs/yin_noise_matrix_20260926/results/r21dev_vgg16_bn_aa_s42/faces_cfdWM64/faces_cfdWM64/results.csv,IU
mixed,Mixed faces / AA4,r21dev_vgg16_bn_aa_s42,face_transfer,124,two_shared_ui,CFD WM64,Faces,0.28,0.33,50,within_sampled_range,IU,138,83.33333333333334,runs/yin_noise_matrix_20260926/results/r21dev_vgg16_bn_aa_s42/faces_cfdWM64/faces_cfdWM64/results.csv,IU
mixed,Mixed faces / AA4,r21dev_vgg16_bn_aa_s42,face_transfer,124,two_shared_ui,CFD WM64,Faces,0.28,0.33,50,within_sampled_range,IU,139,87.5,runs/yin_noise_matrix_20260926/results/r21dev_vgg16_bn_aa_s42/faces_cfdWM64/faces_cfdWM64/results.csv,IU
mixed,Mixed faces / AA4,r21dev_vgg16_bn_aa_s42,face_transfer,124,two_shared_ui,CFD WM64,Faces,0.28,0.33,50,within_sampled_range,IU,140,79.16666666666666,runs/yin_noise_matrix_20260926/results/r21dev_vgg16_bn_aa_s42/faces_cfdWM64/faces_cfdWM64/results.csv,IU
mixed,Mixed faces / AA4,r21dev_vgg16_bn_aa_s42,face_transfer,124,two_shared_ui,CFD WM64,Faces,0.28,0.33,50,within_sampled_range,IU,141,83.33333333333334,runs/yin_noise_matrix_20260926/results/r21dev_vgg16_bn_aa_s42/faces_cfdWM64/faces_cfdWM64/results.csv,IU
mixed,Mixed faces / AA4,r21dev_vgg16_bn_aa_s42,face_transfer,124,two_shared_ui,CFD WM64,Faces,0.28,0.33,50,within_sampled_range,IU,142,79.16666666666666,runs/yin_noise_matrix_20260926/results/r21dev_vgg16_bn_aa_s42/faces_cfdWM64/faces_cfdWM64/results.csv,IU
mixed,Mixed faces / AA4,r21dev_vgg16_bn_aa_s42,face_transfer,124,two_shared_ui,CFD WM64,Faces,0.28,0.33,50,within_sampled_range,IU,143,83.33333333333334,runs/yin_noise_matrix_20260926/results/r21dev_vgg16_bn_aa_s42/faces_cfdWM64/faces_cfdWM64/results.csv,IU
mixed,Mixed faces / AA4,r21dev_vgg16_bn_aa_s42,face_transfer,124,two_shared_ui,CFD WM64,Faces,0.28,0.33,50,within_sampled_range,IU,144,95.83333333333334,runs/yin_noise_matrix_20260926/results/r21dev_vgg16_bn_aa_s42/faces_cfdWM64/faces_cfdWM64/results.csv,IU
mixed,Mixed faces / AA4,r21dev_vgg16_bn_aa_s42,face_transfer,124,two_shared_ui,CFD WM64,Faces,0.28,0.33,50,within_sampled_range,IU,145,83.33333333333334,runs/yin_noise_matrix_20260926/results/r21dev_vgg16_bn_aa_s42/faces_cfdWM64/faces_cfdWM64/results.csv,IU
mixed,Mixed faces / AA4,r21dev_vgg16_bn_aa_s42,face_transfer,124,two_shared_ui,CFD WM64,Faces,0.28,0.33,50,within_sampled_range,IU,146,100.0,runs/yin_noise_matrix_20260926/results/r21dev_vgg16_bn_aa_s42/faces_cfdWM64/faces_cfdWM64/results.csv,IU
mixed,Mixed faces / AA4,r21dev_vgg16_bn_aa_s42,face_transfer,124,two_shared_ui,CFD WM64,Faces,0.28,0.33,50,within_sampled_range,IU,147,75.0,runs/yin_noise_matrix_20260926/results/r21dev_vgg16_bn_aa_s42/faces_cfdWM64/faces_cfdWM64/results.csv,IU
mixed,Mixed faces / AA4,r21dev_vgg16_bn_aa_s42,face_transfer,124,two_shared_ui,CFD WM64,Faces,0.28,0.33,50,within_sampled_range,IU,148,58.333333333333336,runs/yin_noise_matrix_20260926/results/r21dev_vgg16_bn_aa_s42/faces_cfdWM64/faces_cfdWM64/results.csv,IU
mixed,Mixed faces / AA4,r21dev_vgg16_bn_aa_s42,face_transfer,124,two_shared_ui,CFD WM64,Faces,0.28,0.33,50,within_sampled_range,IU,149,70.83333333333334,runs/yin_noise_matrix_20260926/results/r21dev_vgg16_bn_aa_s42/faces_cfdWM64/faces_cfdWM64/results.csv,IU
mixed,Mixed faces / AA4,r21dev_vgg16_bn_aa_s42,face_transfer,124,two_shared_ui,CFD WM64,Faces,0.28,0.33,50,within_sampled_range,IU,150,83.33333333333334,runs/yin_noise_matrix_20260926/results/r21dev_vgg16_bn_aa_s42/faces_cfdWM64/faces_cfdWM64/results.csv,IU
mixed,Mixed faces / AA4,r21dev_vgg16_bn_aa_s42,face_transfer,124,single_uu,CFD WM64,Objects,0.28,,50,within_sampled_range,UU,101,95.83333333333334,runs/yin_single_noise_20260925/results/r21dev_vgg16_bn_aa_s42/faces_cfdWM64/objects/results.csv,UU
mixed,Mixed faces / AA4,r21dev_vgg16_bn_aa_s42,face_transfer,124,single_uu,CFD WM64,Objects,0.28,,50,within_sampled_range,UU,102,91.66666666666666,runs/yin_single_noise_20260925/results/r21dev_vgg16_bn_aa_s42/faces_cfdWM64/objects/results.csv,UU
mixed,Mixed faces / AA4,r21dev_vgg16_bn_aa_s42,face_transfer,124,single_uu,CFD WM64,Objects,0.28,,50,within_sampled_range,UU,103,100.0,runs/yin_single_noise_20260925/results/r21dev_vgg16_bn_aa_s42/faces_cfdWM64/objects/results.csv,UU
mixed,Mixed faces / AA4,r21dev_vgg16_bn_aa_s42,face_transfer,124,single_uu,CFD WM64,Objects,0.28,,50,within_sampled_range,UU,104,100.0,runs/yin_single_noise_20260925/results/r21dev_vgg16_bn_aa_s42/faces_cfdWM64/objects/results.csv,UU
mixed,Mixed faces / AA4,r21dev_vgg16_bn_aa_s42,face_transfer,124,single_uu,CFD WM64,Objects,0.28,,50,within_sampled_range,UU,105,100.0,runs/yin_single_noise_20260925/results/r21dev_vgg16_bn_aa_s42/faces_cfdWM64/objects/results.csv,UU
mixed,Mixed faces / AA4,r21dev_vgg16_bn_aa_s42,face_transfer,124,single_uu,CFD WM64,Objects,0.28,,50,within_sampled_range,UU,106,95.83333333333334,runs/yin_single_noise_20260925/results/r21dev_vgg16_bn_aa_s42/faces_cfdWM64/objects/results.csv,UU
mixed,Mixed faces / AA4,r21dev_vgg16_bn_aa_s42,face_transfer,124,single_uu,CFD WM64,Objects,0.28,,50,within_sampled_range,UU,107,95.83333333333334,runs/yin_single_noise_20260925/results/r21dev_vgg16_bn_aa_s42/faces_cfdWM64/objects/results.csv,UU
mixed,Mixed faces / AA4,r21dev_vgg16_bn_aa_s42,face_transfer,124,single_uu,CFD WM64,Objects,0.28,,50,within_sampled_range,UU,108,100.0,runs/yin_single_noise_20260925/results/r21dev_vgg16_bn_aa_s42/faces_cfdWM64/objects/results.csv,UU
mixed,Mixed faces / AA4,r21dev_vgg16_bn_aa_s42,face_transfer,124,single_uu,CFD WM64,Objects,0.28,,50,within_sampled_range,UU,109,100.0,runs/yin_single_noise_20260925/results/r21dev_vgg16_bn_aa_s42/faces_cfdWM64/objects/results.csv,UU
mixed,Mixed faces / AA4,r21dev_vgg16_bn_aa_s42,face_transfer,124,single_uu,CFD WM64,Objects,0.28,,50,within_sampled_range,UU,110,95.83333333333334,runs/yin_single_noise_20260925/results/r21dev_vgg16_bn_aa_s42/faces_cfdWM64/objects/results.csv,UU
mixed,Mixed faces / AA4,r21dev_vgg16_bn_aa_s42,face_transfer,124,single_uu,CFD WM64,Objects,0.28,,50,within_sampled_range,UU,111,95.83333333333334,runs/yin_single_noise_20260925/results/r21dev_vgg16_bn_aa_s42/faces_cfdWM64/objects/results.csv,UU
mixed,Mixed faces / AA4,r21dev_vgg16_bn_aa_s42,face_transfer,124,single_uu,CFD WM64,Objects,0.28,,50,within_sampled_range,UU,112,100.0,runs/yin_single_noise_20260925/results/r21dev_vgg16_bn_aa_s42/faces_cfdWM64/objects/results.csv,UU
mixed,Mixed faces / AA4,r21dev_vgg16_bn_aa_s42,face_transfer,124,single_uu,CFD WM64,Objects,0.28,,50,within_sampled_range,UU,113,100.0,runs/yin_single_noise_20260925/results/r21dev_vgg16_bn_aa_s42/faces_cfdWM64/objects/results.csv,UU
mixed,Mixed faces / AA4,r21dev_vgg16_bn_aa_s42,face_transfer,124,single_uu,CFD WM64,Objects,0.28,,50,within_sampled_range,UU,114,100.0,runs/yin_single_noise_20260925/results/r21dev_vgg16_bn_aa_s42/faces_cfdWM64/objects/results.csv,UU
mixed,Mixed faces / AA4,r21dev_vgg16_bn_aa_s42,face_transfer,124,single_uu,CFD WM64,Objects,0.28,,50,within_sampled_range,UU,115,95.83333333333334,runs/yin_single_noise_20260925/results/r21dev_vgg16_bn_aa_s42/faces_cfdWM64/objects/results.csv,UU
mixed,Mixed faces / AA4,r21dev_vgg16_bn_aa_s42,face_transfer,124,single_uu,CFD WM64,Objects,0.28,,50,within_sampled_range,UU,116,100.0,runs/yin_single_noise_20260925/results/r21dev_vgg16_bn_aa_s42/faces_cfdWM64/objects/results.csv,UU
mixed,Mixed faces / AA4,r21dev_vgg16_bn_aa_s42,face_transfer,124,single_uu,CFD WM64,Objects,0.28,,50,within_sampled_range,UU,117,100.0,runs/yin_single_noise_20260925/results/r21dev_vgg16_bn_aa_s42/faces_cfdWM64/objects/results.csv,UU
mixed,Mixed faces / AA4,r21dev_vgg16_bn_aa_s42,face_transfer,124,single_uu,CFD WM64,Objects,0.28,,50,within_sampled_range,UU,118,100.0,runs/yin_single_noise_20260925/results/r21dev_vgg16_bn_aa_s42/faces_cfdWM64/objects/results.csv,UU
mixed,Mixed faces / AA4,r21dev_vgg16_bn_aa_s42,face_transfer,124,single_uu,CFD WM64,Objects,0.28,,50,within_sampled_range,UU,119,100.0,runs/yin_single_noise_20260925/results/r21dev_vgg16_bn_aa_s42/faces_cfdWM64/objects/results.csv,UU
mixed,Mixed faces / AA4,r21dev_vgg16_bn_aa_s42,face_transfer,124,single_uu,CFD WM64,Objects,0.28,,50,within_sampled_range,UU,120,95.83333333333334,runs/yin_single_noise_20260925/results/r21dev_vgg16_bn_aa_s42/faces_cfdWM64/objects/results.csv,UU
mixed,Mixed faces / AA4,r21dev_vgg16_bn_aa_s42,face_transfer,124,single_uu,CFD WM64,Objects,0.28,,50,within_sampled_range,UU,121,100.0,runs/yin_single_noise_20260925/results/r21dev_vgg16_bn_aa_s42/faces_cfdWM64/objects/results.csv,UU
mixed,Mixed faces / AA4,r21dev_vgg16_bn_aa_s42,face_transfer,124,single_uu,CFD WM64,Objects,0.28,,50,within_sampled_range,UU,122,95.83333333333334,runs/yin_single_noise_20260925/results/r21dev_vgg16_bn_aa_s42/faces_cfdWM64/objects/results.csv,UU
mixed,Mixed faces / AA4,r21dev_vgg16_bn_aa_s42,face_transfer,124,single_uu,CFD WM64,Objects,0.28,,50,within_sampled_range,UU,123,95.83333333333334,runs/yin_single_noise_20260925/results/r21dev_vgg16_bn_aa_s42/faces_cfdWM64/objects/results.csv,UU
mixed,Mixed faces / AA4,r21dev_vgg16_bn_aa_s42,face_transfer,124,single_uu,CFD WM64,Objects,0.28,,50,within_sampled_range,UU,124,95.83333333333334,runs/yin_single_noise_20260925/results/r21dev_vgg16_bn_aa_s42/faces_cfdWM64/objects/results.csv,UU
mixed,Mixed faces / AA4,r21dev_vgg16_bn_aa_s42,face_transfer,124,single_uu,CFD WM64,Objects,0.28,,50,within_sampled_range,UU,125,100.0,runs/yin_single_noise_20260925/results/r21dev_vgg16_bn_aa_s42/faces_cfdWM64/objects/results.csv,UU
mixed,Mixed faces / AA4,r21dev_vgg16_bn_aa_s42,face_transfer,124,single_uu,CFD WM64,Objects,0.28,,50,within_sampled_range,UU,126,100.0,runs/yin_single_noise_20260925/results/r21dev_vgg16_bn_aa_s42/faces_cfdWM64/objects/results.csv,UU
mixed,Mixed faces / AA4,r21dev_vgg16_bn_aa_s42,face_transfer,124,single_uu,CFD WM64,Objects,0.28,,50,within_sampled_range,UU,127,100.0,runs/yin_single_noise_20260925/results/r21dev_vgg16_bn_aa_s42/faces_cfdWM64/objects/results.csv,UU
mixed,Mixed faces / AA4,r21dev_vgg16_bn_aa_s42,face_transfer,124,single_uu,CFD WM64,Objects,0.28,,50,within_sampled_range,UU,128,100.0,runs/yin_single_noise_20260925/results/r21dev_vgg16_bn_aa_s42/faces_cfdWM64/objects/results.csv,UU
mixed,Mixed faces / AA4,r21dev_vgg16_bn_aa_s42,face_transfer,124,single_uu,CFD WM64,Objects,0.28,,50,within_sampled_range,UU,129,100.0,runs/yin_single_noise_20260925/results/r21dev_vgg16_bn_aa_s42/faces_cfdWM64/objects/results.csv,UU
mixed,Mixed faces / AA4,r21dev_vgg16_bn_aa_s42,face_transfer,124,single_uu,CFD WM64,Objects,0.28,,50,within_sampled_range,UU,130,100.0,runs/yin_single_noise_20260925/results/r21dev_vgg16_bn_aa_s42/faces_cfdWM64/objects/results.csv,UU
mixed,Mixed faces / AA4,r21dev_vgg16_bn_aa_s42,face_transfer,124,single_uu,CFD WM64,Objects,0.28,,50,within_sampled_range,UU,131,95.83333333333334,runs/yin_single_noise_20260925/results/r21dev_vgg16_bn_aa_s42/faces_cfdWM64/objects/results.csv,UU
mixed,Mixed faces / AA4,r21dev_vgg16_bn_aa_s42,face_transfer,124,single_uu,CFD WM64,Objects,0.28,,50,within_sampled_range,UU,132,95.83333333333334,runs/yin_single_noise_20260925/results/r21dev_vgg16_bn_aa_s42/faces_cfdWM64/objects/results.csv,UU
mixed,Mixed faces / AA4,r21dev_vgg16_bn_aa_s42,face_transfer,124,single_uu,CFD WM64,Objects,0.28,,50,within_sampled_range,UU,133,95.83333333333334,runs/yin_single_noise_20260925/results/r21dev_vgg16_bn_aa_s42/faces_cfdWM64/objects/results.csv,UU
mixed,Mixed faces / AA4,r21dev_vgg16_bn_aa_s42,face_transfer,124,single_uu,CFD WM64,Objects,0.28,,50,within_sampled_range,UU,134,100.0,runs/yin_single_noise_20260925/results/r21dev_vgg16_bn_aa_s42/faces_cfdWM64/objects/results.csv,UU
mixed,Mixed faces / AA4,r21dev_vgg16_bn_aa_s42,face_transfer,124,single_uu,CFD WM64,Objects,0.28,,50,within_sampled_range,UU,135,100.0,runs/yin_single_noise_20260925/results/r21dev_vgg16_bn_aa_s42/faces_cfdWM64/objects/results.csv,UU
mixed,Mixed faces / AA4,r21dev_vgg16_bn_aa_s42,face_transfer,124,single_uu,CFD WM64,Objects,0.28,,50,within_sampled_range,UU,136,100.0,runs/yin_single_noise_20260925/results/r21dev_vgg16_bn_aa_s42/faces_cfdWM64/objects/results.csv,UU
mixed,Mixed faces / AA4,r21dev_vgg16_bn_aa_s42,face_transfer,124,single_uu,CFD WM64,Objects,0.28,,50,within_sampled_range,UU,137,100.0,runs/yin_single_noise_20260925/results/r21dev_vgg16_bn_aa_s42/faces_cfdWM64/objects/results.csv,UU
mixed,Mixed faces / AA4,r21dev_vgg16_bn_aa_s42,face_transfer,124,single_uu,CFD WM64,Objects,0.28,,50,within_sampled_range,UU,138,100.0,runs/yin_single_noise_20260925/results/r21dev_vgg16_bn_aa_s42/faces_cfdWM64/objects/results.csv,UU
mixed,Mixed faces / AA4,r21dev_vgg16_bn_aa_s42,face_transfer,124,single_uu,CFD WM64,Objects,0.28,,50,within_sampled_range,UU,139,95.83333333333334,runs/yin_single_noise_20260925/results/r21dev_vgg16_bn_aa_s42/faces_cfdWM64/objects/results.csv,UU
mixed,Mixed faces / AA4,r21dev_vgg16_bn_aa_s42,face_transfer,124,single_uu,CFD WM64,Objects,0.28,,50,within_sampled_range,UU,140,95.83333333333334,runs/yin_single_noise_20260925/results/r21dev_vgg16_bn_aa_s42/faces_cfdWM64/objects/results.csv,UU
mixed,Mixed faces / AA4,r21dev_vgg16_bn_aa_s42,face_transfer,124,single_uu,CFD WM64,Objects,0.28,,50,within_sampled_range,UU,141,100.0,runs/yin_single_noise_20260925/results/r21dev_vgg16_bn_aa_s42/faces_cfdWM64/objects/results.csv,UU
mixed,Mixed faces / AA4,r21dev_vgg16_bn_aa_s42,face_transfer,124,single_uu,CFD WM64,Objects,0.28,,50,within_sampled_range,UU,142,100.0,runs/yin_single_noise_20260925/results/r21dev_vgg16_bn_aa_s42/faces_cfdWM64/objects/results.csv,UU
mixed,Mixed faces / AA4,r21dev_vgg16_bn_aa_s42,face_transfer,124,single_uu,CFD WM64,Objects,0.28,,50,within_sampled_range,UU,143,100.0,runs/yin_single_noise_20260925/results/r21dev_vgg16_bn_aa_s42/faces_cfdWM64/objects/results.csv,UU
mixed,Mixed faces / AA4,r21dev_vgg16_bn_aa_s42,face_transfer,124,single_uu,CFD WM64,Objects,0.28,,50,within_sampled_range,UU,144,100.0,runs/yin_single_noise_20260925/results/r21dev_vgg16_bn_aa_s42/faces_cfdWM64/objects/results.csv,UU
mixed,Mixed faces / AA4,r21dev_vgg16_bn_aa_s42,face_transfer,124,single_uu,CFD WM64,Objects,0.28,,50,within_sampled_range,UU,145,100.0,runs/yin_single_noise_20260925/results/r21dev_vgg16_bn_aa_s42/faces_cfdWM64/objects/results.csv,UU
mixed,Mixed faces / AA4,r21dev_vgg16_bn_aa_s42,face_transfer,124,single_uu,CFD WM64,Objects,0.28,,50,within_sampled_range,UU,146,100.0,runs/yin_single_noise_20260925/results/r21dev_vgg16_bn_aa_s42/faces_cfdWM64/objects/results.csv,UU
mixed,Mixed faces / AA4,r21dev_vgg16_bn_aa_s42,face_transfer,124,single_uu,CFD WM64,Objects,0.28,,50,within_sampled_range,UU,147,100.0,runs/yin_single_noise_20260925/results/r21dev_vgg16_bn_aa_s42/faces_cfdWM64/objects/results.csv,UU
mixed,Mixed faces / AA4,r21dev_vgg16_bn_aa_s42,face_transfer,124,single_uu,CFD WM64,Objects,0.28,,50,within_sampled_range,UU,148,100.0,runs/yin_single_noise_20260925/results/r21dev_vgg16_bn_aa_s42/faces_cfdWM64/objects/results.csv,UU
mixed,Mixed faces / AA4,r21dev_vgg16_bn_aa_s42,face_transfer,124,single_uu,CFD WM64,Objects,0.28,,50,within_sampled_range,UU,149,91.66666666666666,runs/yin_single_noise_20260925/results/r21dev_vgg16_bn_aa_s42/faces_cfdWM64/objects/results.csv,UU
mixed,Mixed faces / AA4,r21dev_vgg16_bn_aa_s42,face_transfer,124,single_uu,CFD WM64,Objects,0.28,,50,within_sampled_range,UU,150,95.83333333333334,runs/yin_single_noise_20260925/results/r21dev_vgg16_bn_aa_s42/faces_cfdWM64/objects/results.csv,UU
mixed,Mixed faces / AA4,r21dev_vgg16_bn_aa_s42,face_transfer,124,single_uu,CFD WM64,Objects,0.28,,50,within_sampled_range,II,101,100.0,runs/yin_single_noise_20260925/results/r21dev_vgg16_bn_aa_s42/faces_cfdWM64/objects/results.csv,II
mixed,Mixed faces / AA4,r21dev_vgg16_bn_aa_s42,face_transfer,124,single_uu,CFD WM64,Objects,0.28,,50,within_sampled_range,II,102,100.0,runs/yin_single_noise_20260925/results/r21dev_vgg16_bn_aa_s42/faces_cfdWM64/objects/results.csv,II
mixed,Mixed faces / AA4,r21dev_vgg16_bn_aa_s42,face_transfer,124,single_uu,CFD WM64,Objects,0.28,,50,within_sampled_range,II,103,100.0,runs/yin_single_noise_20260925/results/r21dev_vgg16_bn_aa_s42/faces_cfdWM64/objects/results.csv,II
mixed,Mixed faces / AA4,r21dev_vgg16_bn_aa_s42,face_transfer,124,single_uu,CFD WM64,Objects,0.28,,50,within_sampled_range,II,104,100.0,runs/yin_single_noise_20260925/results/r21dev_vgg16_bn_aa_s42/faces_cfdWM64/objects/results.csv,II
mixed,Mixed faces / AA4,r21dev_vgg16_bn_aa_s42,face_transfer,124,single_uu,CFD WM64,Objects,0.28,,50,within_sampled_range,II,105,100.0,runs/yin_single_noise_20260925/results/r21dev_vgg16_bn_aa_s42/faces_cfdWM64/objects/results.csv,II
mixed,Mixed faces / AA4,r21dev_vgg16_bn_aa_s42,face_transfer,124,single_uu,CFD WM64,Objects,0.28,,50,within_sampled_range,II,106,100.0,runs/yin_single_noise_20260925/results/r21dev_vgg16_bn_aa_s42/faces_cfdWM64/objects/results.csv,II
mixed,Mixed faces / AA4,r21dev_vgg16_bn_aa_s42,face_transfer,124,single_uu,CFD WM64,Objects,0.28,,50,within_sampled_range,II,107,100.0,runs/yin_single_noise_20260925/results/r21dev_vgg16_bn_aa_s42/faces_cfdWM64/objects/results.csv,II
mixed,Mixed faces / AA4,r21dev_vgg16_bn_aa_s42,face_transfer,124,single_uu,CFD WM64,Objects,0.28,,50,within_sampled_range,II,108,100.0,runs/yin_single_noise_20260925/results/r21dev_vgg16_bn_aa_s42/faces_cfdWM64/objects/results.csv,II
mixed,Mixed faces / AA4,r21dev_vgg16_bn_aa_s42,face_transfer,124,single_uu,CFD WM64,Objects,0.28,,50,within_sampled_range,II,109,100.0,runs/yin_single_noise_20260925/results/r21dev_vgg16_bn_aa_s42/faces_cfdWM64/objects/results.csv,II
mixed,Mixed faces / AA4,r21dev_vgg16_bn_aa_s42,face_transfer,124,single_uu,CFD WM64,Objects,0.28,,50,within_sampled_range,II,110,100.0,runs/yin_single_noise_20260925/results/r21dev_vgg16_bn_aa_s42/faces_cfdWM64/objects/results.csv,II
mixed,Mixed faces / AA4,r21dev_vgg16_bn_aa_s42,face_transfer,124,single_uu,CFD WM64,Objects,0.28,,50,within_sampled_range,II,111,100.0,runs/yin_single_noise_20260925/results/r21dev_vgg16_bn_aa_s42/faces_cfdWM64/objects/results.csv,II
mixed,Mixed faces / AA4,r21dev_vgg16_bn_aa_s42,face_transfer,124,single_uu,CFD WM64,Objects,0.28,,50,within_sampled_range,II,112,95.83333333333334,runs/yin_single_noise_20260925/results/r21dev_vgg16_bn_aa_s42/faces_cfdWM64/objects/results.csv,II
mixed,Mixed faces / AA4,r21dev_vgg16_bn_aa_s42,face_transfer,124,single_uu,CFD WM64,Objects,0.28,,50,within_sampled_range,II,113,95.83333333333334,runs/yin_single_noise_20260925/results/r21dev_vgg16_bn_aa_s42/faces_cfdWM64/objects/results.csv,II
mixed,Mixed faces / AA4,r21dev_vgg16_bn_aa_s42,face_transfer,124,single_uu,CFD WM64,Objects,0.28,,50,within_sampled_range,II,114,100.0,runs/yin_single_noise_20260925/results/r21dev_vgg16_bn_aa_s42/faces_cfdWM64/objects/results.csv,II
mixed,Mixed faces / AA4,r21dev_vgg16_bn_aa_s42,face_transfer,124,single_uu,CFD WM64,Objects,0.28,,50,within_sampled_range,II,115,100.0,runs/yin_single_noise_20260925/results/r21dev_vgg16_bn_aa_s42/faces_cfdWM64/objects/results.csv,II
mixed,Mixed faces / AA4,r21dev_vgg16_bn_aa_s42,face_transfer,124,single_uu,CFD WM64,Objects,0.28,,50,within_sampled_range,II,116,100.0,runs/yin_single_noise_20260925/results/r21dev_vgg16_bn_aa_s42/faces_cfdWM64/objects/results.csv,II
mixed,Mixed faces / AA4,r21dev_vgg16_bn_aa_s42,face_transfer,124,single_uu,CFD WM64,Objects,0.28,,50,within_sampled_range,II,117,100.0,runs/yin_single_noise_20260925/results/r21dev_vgg16_bn_aa_s42/faces_cfdWM64/objects/results.csv,II
mixed,Mixed faces / AA4,r21dev_vgg16_bn_aa_s42,face_transfer,124,single_uu,CFD WM64,Objects,0.28,,50,within_sampled_range,II,118,100.0,runs/yin_single_noise_20260925/results/r21dev_vgg16_bn_aa_s42/faces_cfdWM64/objects/results.csv,II
mixed,Mixed faces / AA4,r21dev_vgg16_bn_aa_s42,face_transfer,124,single_uu,CFD WM64,Objects,0.28,,50,within_sampled_range,II,119,100.0,runs/yin_single_noise_20260925/results/r21dev_vgg16_bn_aa_s42/faces_cfdWM64/objects/results.csv,II
mixed,Mixed faces / AA4,r21dev_vgg16_bn_aa_s42,face_transfer,124,single_uu,CFD WM64,Objects,0.28,,50,within_sampled_range,II,120,100.0,runs/yin_single_noise_20260925/results/r21dev_vgg16_bn_aa_s42/faces_cfdWM64/objects/results.csv,II
mixed,Mixed faces / AA4,r21dev_vgg16_bn_aa_s42,face_transfer,124,single_uu,CFD WM64,Objects,0.28,,50,within_sampled_range,II,121,100.0,runs/yin_single_noise_20260925/results/r21dev_vgg16_bn_aa_s42/faces_cfdWM64/objects/results.csv,II
mixed,Mixed faces / AA4,r21dev_vgg16_bn_aa_s42,face_transfer,124,single_uu,CFD WM64,Objects,0.28,,50,within_sampled_range,II,122,95.83333333333334,runs/yin_single_noise_20260925/results/r21dev_vgg16_bn_aa_s42/faces_cfdWM64/objects/results.csv,II
mixed,Mixed faces / AA4,r21dev_vgg16_bn_aa_s42,face_transfer,124,single_uu,CFD WM64,Objects,0.28,,50,within_sampled_range,II,123,100.0,runs/yin_single_noise_20260925/results/r21dev_vgg16_bn_aa_s42/faces_cfdWM64/objects/results.csv,II
mixed,Mixed faces / AA4,r21dev_vgg16_bn_aa_s42,face_transfer,124,single_uu,CFD WM64,Objects,0.28,,50,within_sampled_range,II,124,100.0,runs/yin_single_noise_20260925/results/r21dev_vgg16_bn_aa_s42/faces_cfdWM64/objects/results.csv,II
mixed,Mixed faces / AA4,r21dev_vgg16_bn_aa_s42,face_transfer,124,single_uu,CFD WM64,Objects,0.28,,50,within_sampled_range,II,125,100.0,runs/yin_single_noise_20260925/results/r21dev_vgg16_bn_aa_s42/faces_cfdWM64/objects/results.csv,II
mixed,Mixed faces / AA4,r21dev_vgg16_bn_aa_s42,face_transfer,124,single_uu,CFD WM64,Objects,0.28,,50,within_sampled_range,II,126,100.0,runs/yin_single_noise_20260925/results/r21dev_vgg16_bn_aa_s42/faces_cfdWM64/objects/results.csv,II
mixed,Mixed faces / AA4,r21dev_vgg16_bn_aa_s42,face_transfer,124,single_uu,CFD WM64,Objects,0.28,,50,within_sampled_range,II,127,100.0,runs/yin_single_noise_20260925/results/r21dev_vgg16_bn_aa_s42/faces_cfdWM64/objects/results.csv,II
mixed,Mixed faces / AA4,r21dev_vgg16_bn_aa_s42,face_transfer,124,single_uu,CFD WM64,Objects,0.28,,50,within_sampled_range,II,128,100.0,runs/yin_single_noise_20260925/results/r21dev_vgg16_bn_aa_s42/faces_cfdWM64/objects/results.csv,II
mixed,Mixed faces / AA4,r21dev_vgg16_bn_aa_s42,face_transfer,124,single_uu,CFD WM64,Objects,0.28,,50,within_sampled_range,II,129,100.0,runs/yin_single_noise_20260925/results/r21dev_vgg16_bn_aa_s42/faces_cfdWM64/objects/results.csv,II
mixed,Mixed faces / AA4,r21dev_vgg16_bn_aa_s42,face_transfer,124,single_uu,CFD WM64,Objects,0.28,,50,within_sampled_range,II,130,100.0,runs/yin_single_noise_20260925/results/r21dev_vgg16_bn_aa_s42/faces_cfdWM64/objects/results.csv,II
mixed,Mixed faces / AA4,r21dev_vgg16_bn_aa_s42,face_transfer,124,single_uu,CFD WM64,Objects,0.28,,50,within_sampled_range,II,131,95.83333333333334,runs/yin_single_noise_20260925/results/r21dev_vgg16_bn_aa_s42/faces_cfdWM64/objects/results.csv,II
mixed,Mixed faces / AA4,r21dev_vgg16_bn_aa_s42,face_transfer,124,single_uu,CFD WM64,Objects,0.28,,50,within_sampled_range,II,132,95.83333333333334,runs/yin_single_noise_20260925/results/r21dev_vgg16_bn_aa_s42/faces_cfdWM64/objects/results.csv,II
mixed,Mixed faces / AA4,r21dev_vgg16_bn_aa_s42,face_transfer,124,single_uu,CFD WM64,Objects,0.28,,50,within_sampled_range,II,133,95.83333333333334,runs/yin_single_noise_20260925/results/r21dev_vgg16_bn_aa_s42/faces_cfdWM64/objects/results.csv,II
mixed,Mixed faces / AA4,r21dev_vgg16_bn_aa_s42,face_transfer,124,single_uu,CFD WM64,Objects,0.28,,50,within_sampled_range,II,134,100.0,runs/yin_single_noise_20260925/results/r21dev_vgg16_bn_aa_s42/faces_cfdWM64/objects/results.csv,II
mixed,Mixed faces / AA4,r21dev_vgg16_bn_aa_s42,face_transfer,124,single_uu,CFD WM64,Objects,0.28,,50,within_sampled_range,II,135,100.0,runs/yin_single_noise_20260925/results/r21dev_vgg16_bn_aa_s42/faces_cfdWM64/objects/results.csv,II
mixed,Mixed faces / AA4,r21dev_vgg16_bn_aa_s42,face_transfer,124,single_uu,CFD WM64,Objects,0.28,,50,within_sampled_range,II,136,95.83333333333334,runs/yin_single_noise_20260925/results/r21dev_vgg16_bn_aa_s42/faces_cfdWM64/objects/results.csv,II
mixed,Mixed faces / AA4,r21dev_vgg16_bn_aa_s42,face_transfer,124,single_uu,CFD WM64,Objects,0.28,,50,within_sampled_range,II,137,95.83333333333334,runs/yin_single_noise_20260925/results/r21dev_vgg16_bn_aa_s42/faces_cfdWM64/objects/results.csv,II
mixed,Mixed faces / AA4,r21dev_vgg16_bn_aa_s42,face_transfer,124,single_uu,CFD WM64,Objects,0.28,,50,within_sampled_range,II,138,100.0,runs/yin_single_noise_20260925/results/r21dev_vgg16_bn_aa_s42/faces_cfdWM64/objects/results.csv,II
mixed,Mixed faces / AA4,r21dev_vgg16_bn_aa_s42,face_transfer,124,single_uu,CFD WM64,Objects,0.28,,50,within_sampled_range,II,139,95.83333333333334,runs/yin_single_noise_20260925/results/r21dev_vgg16_bn_aa_s42/faces_cfdWM64/objects/results.csv,II
mixed,Mixed faces / AA4,r21dev_vgg16_bn_aa_s42,face_transfer,124,single_uu,CFD WM64,Objects,0.28,,50,within_sampled_range,II,140,95.83333333333334,runs/yin_single_noise_20260925/results/r21dev_vgg16_bn_aa_s42/faces_cfdWM64/objects/results.csv,II
mixed,Mixed faces / AA4,r21dev_vgg16_bn_aa_s42,face_transfer,124,single_uu,CFD WM64,Objects,0.28,,50,within_sampled_range,II,141,100.0,runs/yin_single_noise_20260925/results/r21dev_vgg16_bn_aa_s42/faces_cfdWM64/objects/results.csv,II
mixed,Mixed faces / AA4,r21dev_vgg16_bn_aa_s42,face_transfer,124,single_uu,CFD WM64,Objects,0.28,,50,within_sampled_range,II,142,100.0,runs/yin_single_noise_20260925/results/r21dev_vgg16_bn_aa_s42/faces_cfdWM64/objects/results.csv,II
mixed,Mixed faces / AA4,r21dev_vgg16_bn_aa_s42,face_transfer,124,single_uu,CFD WM64,Objects,0.28,,50,within_sampled_range,II,143,100.0,runs/yin_single_noise_20260925/results/r21dev_vgg16_bn_aa_s42/faces_cfdWM64/objects/results.csv,II
mixed,Mixed faces / AA4,r21dev_vgg16_bn_aa_s42,face_transfer,124,single_uu,CFD WM64,Objects,0.28,,50,within_sampled_range,II,144,100.0,runs/yin_single_noise_20260925/results/r21dev_vgg16_bn_aa_s42/faces_cfdWM64/objects/results.csv,II
mixed,Mixed faces / AA4,r21dev_vgg16_bn_aa_s42,face_transfer,124,single_uu,CFD WM64,Objects,0.28,,50,within_sampled_range,II,145,100.0,runs/yin_single_noise_20260925/results/r21dev_vgg16_bn_aa_s42/faces_cfdWM64/objects/results.csv,II
mixed,Mixed faces / AA4,r21dev_vgg16_bn_aa_s42,face_transfer,124,single_uu,CFD WM64,Objects,0.28,,50,within_sampled_range,II,146,100.0,runs/yin_single_noise_20260925/results/r21dev_vgg16_bn_aa_s42/faces_cfdWM64/objects/results.csv,II
mixed,Mixed faces / AA4,r21dev_vgg16_bn_aa_s42,face_transfer,124,single_uu,CFD WM64,Objects,0.28,,50,within_sampled_range,II,147,100.0,runs/yin_single_noise_20260925/results/r21dev_vgg16_bn_aa_s42/faces_cfdWM64/objects/results.csv,II
mixed,Mixed faces / AA4,r21dev_vgg16_bn_aa_s42,face_transfer,124,single_uu,CFD WM64,Objects,0.28,,50,within_sampled_range,II,148,95.83333333333334,runs/yin_single_noise_20260925/results/r21dev_vgg16_bn_aa_s42/faces_cfdWM64/objects/results.csv,II
mixed,Mixed faces / AA4,r21dev_vgg16_bn_aa_s42,face_transfer,124,single_uu,CFD WM64,Objects,0.28,,50,within_sampled_range,II,149,95.83333333333334,runs/yin_single_noise_20260925/results/r21dev_vgg16_bn_aa_s42/faces_cfdWM64/objects/results.csv,II
mixed,Mixed faces / AA4,r21dev_vgg16_bn_aa_s42,face_transfer,124,single_uu,CFD WM64,Objects,0.28,,50,within_sampled_range,II,150,100.0,runs/yin_single_noise_20260925/results/r21dev_vgg16_bn_aa_s42/faces_cfdWM64/objects/results.csv,II
mixed,Mixed faces / AA4,r21dev_vgg16_bn_aa_s42,face_transfer,124,single_uu,CFD WM64,Objects,0.28,,50,within_sampled_range,UI,101,95.83333333333334,runs/yin_single_noise_20260925/results/r21dev_vgg16_bn_aa_s42/faces_cfdWM64/objects/results.csv,UI
mixed,Mixed faces / AA4,r21dev_vgg16_bn_aa_s42,face_transfer,124,single_uu,CFD WM64,Objects,0.28,,50,within_sampled_range,UI,102,95.83333333333334,runs/yin_single_noise_20260925/results/r21dev_vgg16_bn_aa_s42/faces_cfdWM64/objects/results.csv,UI
mixed,Mixed faces / AA4,r21dev_vgg16_bn_aa_s42,face_transfer,124,single_uu,CFD WM64,Objects,0.28,,50,within_sampled_range,UI,103,87.5,runs/yin_single_noise_20260925/results/r21dev_vgg16_bn_aa_s42/faces_cfdWM64/objects/results.csv,UI
mixed,Mixed faces / AA4,r21dev_vgg16_bn_aa_s42,face_transfer,124,single_uu,CFD WM64,Objects,0.28,,50,within_sampled_range,UI,104,95.83333333333334,runs/yin_single_noise_20260925/results/r21dev_vgg16_bn_aa_s42/faces_cfdWM64/objects/results.csv,UI
mixed,Mixed faces / AA4,r21dev_vgg16_bn_aa_s42,face_transfer,124,single_uu,CFD WM64,Objects,0.28,,50,within_sampled_range,UI,105,100.0,runs/yin_single_noise_20260925/results/r21dev_vgg16_bn_aa_s42/faces_cfdWM64/objects/results.csv,UI
mixed,Mixed faces / AA4,r21dev_vgg16_bn_aa_s42,face_transfer,124,single_uu,CFD WM64,Objects,0.28,,50,within_sampled_range,UI,106,95.83333333333334,runs/yin_single_noise_20260925/results/r21dev_vgg16_bn_aa_s42/faces_cfdWM64/objects/results.csv,UI
mixed,Mixed faces / AA4,r21dev_vgg16_bn_aa_s42,face_transfer,124,single_uu,CFD WM64,Objects,0.28,,50,within_sampled_range,UI,107,100.0,runs/yin_single_noise_20260925/results/r21dev_vgg16_bn_aa_s42/faces_cfdWM64/objects/results.csv,UI
mixed,Mixed faces / AA4,r21dev_vgg16_bn_aa_s42,face_transfer,124,single_uu,CFD WM64,Objects,0.28,,50,within_sampled_range,UI,108,100.0,runs/yin_single_noise_20260925/results/r21dev_vgg16_bn_aa_s42/faces_cfdWM64/objects/results.csv,UI
mixed,Mixed faces / AA4,r21dev_vgg16_bn_aa_s42,face_transfer,124,single_uu,CFD WM64,Objects,0.28,,50,within_sampled_range,UI,109,95.83333333333334,runs/yin_single_noise_20260925/results/r21dev_vgg16_bn_aa_s42/faces_cfdWM64/objects/results.csv,UI
mixed,Mixed faces / AA4,r21dev_vgg16_bn_aa_s42,face_transfer,124,single_uu,CFD WM64,Objects,0.28,,50,within_sampled_range,UI,110,95.83333333333334,runs/yin_single_noise_20260925/results/r21dev_vgg16_bn_aa_s42/faces_cfdWM64/objects/results.csv,UI
mixed,Mixed faces / AA4,r21dev_vgg16_bn_aa_s42,face_transfer,124,single_uu,CFD WM64,Objects,0.28,,50,within_sampled_range,UI,111,91.66666666666666,runs/yin_single_noise_20260925/results/r21dev_vgg16_bn_aa_s42/faces_cfdWM64/objects/results.csv,UI
mixed,Mixed faces / AA4,r21dev_vgg16_bn_aa_s42,face_transfer,124,single_uu,CFD WM64,Objects,0.28,,50,within_sampled_range,UI,112,95.83333333333334,runs/yin_single_noise_20260925/results/r21dev_vgg16_bn_aa_s42/faces_cfdWM64/objects/results.csv,UI
mixed,Mixed faces / AA4,r21dev_vgg16_bn_aa_s42,face_transfer,124,single_uu,CFD WM64,Objects,0.28,,50,within_sampled_range,UI,113,91.66666666666666,runs/yin_single_noise_20260925/results/r21dev_vgg16_bn_aa_s42/faces_cfdWM64/objects/results.csv,UI
mixed,Mixed faces / AA4,r21dev_vgg16_bn_aa_s42,face_transfer,124,single_uu,CFD WM64,Objects,0.28,,50,within_sampled_range,UI,114,95.83333333333334,runs/yin_single_noise_20260925/results/r21dev_vgg16_bn_aa_s42/faces_cfdWM64/objects/results.csv,UI
mixed,Mixed faces / AA4,r21dev_vgg16_bn_aa_s42,face_transfer,124,single_uu,CFD WM64,Objects,0.28,,50,within_sampled_range,UI,115,95.83333333333334,runs/yin_single_noise_20260925/results/r21dev_vgg16_bn_aa_s42/faces_cfdWM64/objects/results.csv,UI
mixed,Mixed faces / AA4,r21dev_vgg16_bn_aa_s42,face_transfer,124,single_uu,CFD WM64,Objects,0.28,,50,within_sampled_range,UI,116,100.0,runs/yin_single_noise_20260925/results/r21dev_vgg16_bn_aa_s42/faces_cfdWM64/objects/results.csv,UI
mixed,Mixed faces / AA4,r21dev_vgg16_bn_aa_s42,face_transfer,124,single_uu,CFD WM64,Objects,0.28,,50,within_sampled_range,UI,117,91.66666666666666,runs/yin_single_noise_20260925/results/r21dev_vgg16_bn_aa_s42/faces_cfdWM64/objects/results.csv,UI
mixed,Mixed faces / AA4,r21dev_vgg16_bn_aa_s42,face_transfer,124,single_uu,CFD WM64,Objects,0.28,,50,within_sampled_range,UI,118,100.0,runs/yin_single_noise_20260925/results/r21dev_vgg16_bn_aa_s42/faces_cfdWM64/objects/results.csv,UI
mixed,Mixed faces / AA4,r21dev_vgg16_bn_aa_s42,face_transfer,124,single_uu,CFD WM64,Objects,0.28,,50,within_sampled_range,UI,119,95.83333333333334,runs/yin_single_noise_20260925/results/r21dev_vgg16_bn_aa_s42/faces_cfdWM64/objects/results.csv,UI
mixed,Mixed faces / AA4,r21dev_vgg16_bn_aa_s42,face_transfer,124,single_uu,CFD WM64,Objects,0.28,,50,within_sampled_range,UI,120,100.0,runs/yin_single_noise_20260925/results/r21dev_vgg16_bn_aa_s42/faces_cfdWM64/objects/results.csv,UI
mixed,Mixed faces / AA4,r21dev_vgg16_bn_aa_s42,face_transfer,124,single_uu,CFD WM64,Objects,0.28,,50,within_sampled_range,UI,121,95.83333333333334,runs/yin_single_noise_20260925/results/r21dev_vgg16_bn_aa_s42/faces_cfdWM64/objects/results.csv,UI
mixed,Mixed faces / AA4,r21dev_vgg16_bn_aa_s42,face_transfer,124,single_uu,CFD WM64,Objects,0.28,,50,within_sampled_range,UI,122,91.66666666666666,runs/yin_single_noise_20260925/results/r21dev_vgg16_bn_aa_s42/faces_cfdWM64/objects/results.csv,UI
mixed,Mixed faces / AA4,r21dev_vgg16_bn_aa_s42,face_transfer,124,single_uu,CFD WM64,Objects,0.28,,50,within_sampled_range,UI,123,87.5,runs/yin_single_noise_20260925/results/r21dev_vgg16_bn_aa_s42/faces_cfdWM64/objects/results.csv,UI
mixed,Mixed faces / AA4,r21dev_vgg16_bn_aa_s42,face_transfer,124,single_uu,CFD WM64,Objects,0.28,,50,within_sampled_range,UI,124,91.66666666666666,runs/yin_single_noise_20260925/results/r21dev_vgg16_bn_aa_s42/faces_cfdWM64/objects/results.csv,UI
mixed,Mixed faces / AA4,r21dev_vgg16_bn_aa_s42,face_transfer,124,single_uu,CFD WM64,Objects,0.28,,50,within_sampled_range,UI,125,95.83333333333334,runs/yin_single_noise_20260925/results/r21dev_vgg16_bn_aa_s42/faces_cfdWM64/objects/results.csv,UI
mixed,Mixed faces / AA4,r21dev_vgg16_bn_aa_s42,face_transfer,124,single_uu,CFD WM64,Objects,0.28,,50,within_sampled_range,UI,126,100.0,runs/yin_single_noise_20260925/results/r21dev_vgg16_bn_aa_s42/faces_cfdWM64/objects/results.csv,UI
mixed,Mixed faces / AA4,r21dev_vgg16_bn_aa_s42,face_transfer,124,single_uu,CFD WM64,Objects,0.28,,50,within_sampled_range,UI,127,100.0,runs/yin_single_noise_20260925/results/r21dev_vgg16_bn_aa_s42/faces_cfdWM64/objects/results.csv,UI
mixed,Mixed faces / AA4,r21dev_vgg16_bn_aa_s42,face_transfer,124,single_uu,CFD WM64,Objects,0.28,,50,within_sampled_range,UI,128,100.0,runs/yin_single_noise_20260925/results/r21dev_vgg16_bn_aa_s42/faces_cfdWM64/objects/results.csv,UI
mixed,Mixed faces / AA4,r21dev_vgg16_bn_aa_s42,face_transfer,124,single_uu,CFD WM64,Objects,0.28,,50,within_sampled_range,UI,129,95.83333333333334,runs/yin_single_noise_20260925/results/r21dev_vgg16_bn_aa_s42/faces_cfdWM64/objects/results.csv,UI
mixed,Mixed faces / AA4,r21dev_vgg16_bn_aa_s42,face_transfer,124,single_uu,CFD WM64,Objects,0.28,,50,within_sampled_range,UI,130,100.0,runs/yin_single_noise_20260925/results/r21dev_vgg16_bn_aa_s42/faces_cfdWM64/objects/results.csv,UI
mixed,Mixed faces / AA4,r21dev_vgg16_bn_aa_s42,face_transfer,124,single_uu,CFD WM64,Objects,0.28,,50,within_sampled_range,UI,131,95.83333333333334,runs/yin_single_noise_20260925/results/r21dev_vgg16_bn_aa_s42/faces_cfdWM64/objects/results.csv,UI
mixed,Mixed faces / AA4,r21dev_vgg16_bn_aa_s42,face_transfer,124,single_uu,CFD WM64,Objects,0.28,,50,within_sampled_range,UI,132,87.5,runs/yin_single_noise_20260925/results/r21dev_vgg16_bn_aa_s42/faces_cfdWM64/objects/results.csv,UI
mixed,Mixed faces / AA4,r21dev_vgg16_bn_aa_s42,face_transfer,124,single_uu,CFD WM64,Objects,0.28,,50,within_sampled_range,UI,133,95.83333333333334,runs/yin_single_noise_20260925/results/r21dev_vgg16_bn_aa_s42/faces_cfdWM64/objects/results.csv,UI
mixed,Mixed faces / AA4,r21dev_vgg16_bn_aa_s42,face_transfer,124,single_uu,CFD WM64,Objects,0.28,,50,within_sampled_range,UI,134,95.83333333333334,runs/yin_single_noise_20260925/results/r21dev_vgg16_bn_aa_s42/faces_cfdWM64/objects/results.csv,UI
mixed,Mixed faces / AA4,r21dev_vgg16_bn_aa_s42,face_transfer,124,single_uu,CFD WM64,Objects,0.28,,50,within_sampled_range,UI,135,91.66666666666666,runs/yin_single_noise_20260925/results/r21dev_vgg16_bn_aa_s42/faces_cfdWM64/objects/results.csv,UI
mixed,Mixed faces / AA4,r21dev_vgg16_bn_aa_s42,face_transfer,124,single_uu,CFD WM64,Objects,0.28,,50,within_sampled_range,UI,136,100.0,runs/yin_single_noise_20260925/results/r21dev_vgg16_bn_aa_s42/faces_cfdWM64/objects/results.csv,UI
mixed,Mixed faces / AA4,r21dev_vgg16_bn_aa_s42,face_transfer,124,single_uu,CFD WM64,Objects,0.28,,50,within_sampled_range,UI,137,95.83333333333334,runs/yin_single_noise_20260925/results/r21dev_vgg16_bn_aa_s42/faces_cfdWM64/objects/results.csv,UI
mixed,Mixed faces / AA4,r21dev_vgg16_bn_aa_s42,face_transfer,124,single_uu,CFD WM64,Objects,0.28,,50,within_sampled_range,UI,138,91.66666666666666,runs/yin_single_noise_20260925/results/r21dev_vgg16_bn_aa_s42/faces_cfdWM64/objects/results.csv,UI
mixed,Mixed faces / AA4,r21dev_vgg16_bn_aa_s42,face_transfer,124,single_uu,CFD WM64,Objects,0.28,,50,within_sampled_range,UI,139,95.83333333333334,runs/yin_single_noise_20260925/results/r21dev_vgg16_bn_aa_s42/faces_cfdWM64/objects/results.csv,UI
mixed,Mixed faces / AA4,r21dev_vgg16_bn_aa_s42,face_transfer,124,single_uu,CFD WM64,Objects,0.28,,50,within_sampled_range,UI,140,91.66666666666666,runs/yin_single_noise_20260925/results/r21dev_vgg16_bn_aa_s42/faces_cfdWM64/objects/results.csv,UI
mixed,Mixed faces / AA4,r21dev_vgg16_bn_aa_s42,face_transfer,124,single_uu,CFD WM64,Objects,0.28,,50,within_sampled_range,UI,141,95.83333333333334,runs/yin_single_noise_20260925/results/r21dev_vgg16_bn_aa_s42/faces_cfdWM64/objects/results.csv,UI
mixed,Mixed faces / AA4,r21dev_vgg16_bn_aa_s42,face_transfer,124,single_uu,CFD WM64,Objects,0.28,,50,within_sampled_range,UI,142,100.0,runs/yin_single_noise_20260925/results/r21dev_vgg16_bn_aa_s42/faces_cfdWM64/objects/results.csv,UI
mixed,Mixed faces / AA4,r21dev_vgg16_bn_aa_s42,face_transfer,124,single_uu,CFD WM64,Objects,0.28,,50,within_sampled_range,UI,143,95.83333333333334,runs/yin_single_noise_20260925/results/r21dev_vgg16_bn_aa_s42/faces_cfdWM64/objects/results.csv,UI
mixed,Mixed faces / AA4,r21dev_vgg16_bn_aa_s42,face_transfer,124,single_uu,CFD WM64,Objects,0.28,,50,within_sampled_range,UI,144,100.0,runs/yin_single_noise_20260925/results/r21dev_vgg16_bn_aa_s42/faces_cfdWM64/objects/results.csv,UI
mixed,Mixed faces / AA4,r21dev_vgg16_bn_aa_s42,face_transfer,124,single_uu,CFD WM64,Objects,0.28,,50,within_sampled_range,UI,145,100.0,runs/yin_single_noise_20260925/results/r21dev_vgg16_bn_aa_s42/faces_cfdWM64/objects/results.csv,UI
mixed,Mixed faces / AA4,r21dev_vgg16_bn_aa_s42,face_transfer,124,single_uu,CFD WM64,Objects,0.28,,50,within_sampled_range,UI,146,91.66666666666666,runs/yin_single_noise_20260925/results/r21dev_vgg16_bn_aa_s42/faces_cfdWM64/objects/results.csv,UI
mixed,Mixed faces / AA4,r21dev_vgg16_bn_aa_s42,face_transfer,124,single_uu,CFD WM64,Objects,0.28,,50,within_sampled_range,UI,147,100.0,runs/yin_single_noise_20260925/results/r21dev_vgg16_bn_aa_s42/faces_cfdWM64/objects/results.csv,UI
mixed,Mixed faces / AA4,r21dev_vgg16_bn_aa_s42,face_transfer,124,single_uu,CFD WM64,Objects,0.28,,50,within_sampled_range,UI,148,91.66666666666666,runs/yin_single_noise_20260925/results/r21dev_vgg16_bn_aa_s42/faces_cfdWM64/objects/results.csv,UI
mixed,Mixed faces / AA4,r21dev_vgg16_bn_aa_s42,face_transfer,124,single_uu,CFD WM64,Objects,0.28,,50,within_sampled_range,UI,149,95.83333333333334,runs/yin_single_noise_20260925/results/r21dev_vgg16_bn_aa_s42/faces_cfdWM64/objects/results.csv,UI
mixed,Mixed faces / AA4,r21dev_vgg16_bn_aa_s42,face_transfer,124,single_uu,CFD WM64,Objects,0.28,,50,within_sampled_range,UI,150,95.83333333333334,runs/yin_single_noise_20260925/results/r21dev_vgg16_bn_aa_s42/faces_cfdWM64/objects/results.csv,UI
mixed,Mixed faces / AA4,r21dev_vgg16_bn_aa_s42,face_transfer,124,single_uu,CFD WM64,Objects,0.28,,50,within_sampled_range,IU,101,95.83333333333334,runs/yin_single_noise_20260925/results/r21dev_vgg16_bn_aa_s42/faces_cfdWM64/objects/results.csv,IU
mixed,Mixed faces / AA4,r21dev_vgg16_bn_aa_s42,face_transfer,124,single_uu,CFD WM64,Objects,0.28,,50,within_sampled_range,IU,102,100.0,runs/yin_single_noise_20260925/results/r21dev_vgg16_bn_aa_s42/faces_cfdWM64/objects/results.csv,IU
mixed,Mixed faces / AA4,r21dev_vgg16_bn_aa_s42,face_transfer,124,single_uu,CFD WM64,Objects,0.28,,50,within_sampled_range,IU,103,100.0,runs/yin_single_noise_20260925/results/r21dev_vgg16_bn_aa_s42/faces_cfdWM64/objects/results.csv,IU
mixed,Mixed faces / AA4,r21dev_vgg16_bn_aa_s42,face_transfer,124,single_uu,CFD WM64,Objects,0.28,,50,within_sampled_range,IU,104,100.0,runs/yin_single_noise_20260925/results/r21dev_vgg16_bn_aa_s42/faces_cfdWM64/objects/results.csv,IU
mixed,Mixed faces / AA4,r21dev_vgg16_bn_aa_s42,face_transfer,124,single_uu,CFD WM64,Objects,0.28,,50,within_sampled_range,IU,105,100.0,runs/yin_single_noise_20260925/results/r21dev_vgg16_bn_aa_s42/faces_cfdWM64/objects/results.csv,IU
mixed,Mixed faces / AA4,r21dev_vgg16_bn_aa_s42,face_transfer,124,single_uu,CFD WM64,Objects,0.28,,50,within_sampled_range,IU,106,100.0,runs/yin_single_noise_20260925/results/r21dev_vgg16_bn_aa_s42/faces_cfdWM64/objects/results.csv,IU
mixed,Mixed faces / AA4,r21dev_vgg16_bn_aa_s42,face_transfer,124,single_uu,CFD WM64,Objects,0.28,,50,within_sampled_range,IU,107,100.0,runs/yin_single_noise_20260925/results/r21dev_vgg16_bn_aa_s42/faces_cfdWM64/objects/results.csv,IU
mixed,Mixed faces / AA4,r21dev_vgg16_bn_aa_s42,face_transfer,124,single_uu,CFD WM64,Objects,0.28,,50,within_sampled_range,IU,108,100.0,runs/yin_single_noise_20260925/results/r21dev_vgg16_bn_aa_s42/faces_cfdWM64/objects/results.csv,IU
mixed,Mixed faces / AA4,r21dev_vgg16_bn_aa_s42,face_transfer,124,single_uu,CFD WM64,Objects,0.28,,50,within_sampled_range,IU,109,100.0,runs/yin_single_noise_20260925/results/r21dev_vgg16_bn_aa_s42/faces_cfdWM64/objects/results.csv,IU
mixed,Mixed faces / AA4,r21dev_vgg16_bn_aa_s42,face_transfer,124,single_uu,CFD WM64,Objects,0.28,,50,within_sampled_range,IU,110,100.0,runs/yin_single_noise_20260925/results/r21dev_vgg16_bn_aa_s42/faces_cfdWM64/objects/results.csv,IU
mixed,Mixed faces / AA4,r21dev_vgg16_bn_aa_s42,face_transfer,124,single_uu,CFD WM64,Objects,0.28,,50,within_sampled_range,IU,111,91.66666666666666,runs/yin_single_noise_20260925/results/r21dev_vgg16_bn_aa_s42/faces_cfdWM64/objects/results.csv,IU
mixed,Mixed faces / AA4,r21dev_vgg16_bn_aa_s42,face_transfer,124,single_uu,CFD WM64,Objects,0.28,,50,within_sampled_range,IU,112,100.0,runs/yin_single_noise_20260925/results/r21dev_vgg16_bn_aa_s42/faces_cfdWM64/objects/results.csv,IU
mixed,Mixed faces / AA4,r21dev_vgg16_bn_aa_s42,face_transfer,124,single_uu,CFD WM64,Objects,0.28,,50,within_sampled_range,IU,113,91.66666666666666,runs/yin_single_noise_20260925/results/r21dev_vgg16_bn_aa_s42/faces_cfdWM64/objects/results.csv,IU
mixed,Mixed faces / AA4,r21dev_vgg16_bn_aa_s42,face_transfer,124,single_uu,CFD WM64,Objects,0.28,,50,within_sampled_range,IU,114,100.0,runs/yin_single_noise_20260925/results/r21dev_vgg16_bn_aa_s42/faces_cfdWM64/objects/results.csv,IU
mixed,Mixed faces / AA4,r21dev_vgg16_bn_aa_s42,face_transfer,124,single_uu,CFD WM64,Objects,0.28,,50,within_sampled_range,IU,115,100.0,runs/yin_single_noise_20260925/results/r21dev_vgg16_bn_aa_s42/faces_cfdWM64/objects/results.csv,IU
mixed,Mixed faces / AA4,r21dev_vgg16_bn_aa_s42,face_transfer,124,single_uu,CFD WM64,Objects,0.28,,50,within_sampled_range,IU,116,100.0,runs/yin_single_noise_20260925/results/r21dev_vgg16_bn_aa_s42/faces_cfdWM64/objects/results.csv,IU
mixed,Mixed faces / AA4,r21dev_vgg16_bn_aa_s42,face_transfer,124,single_uu,CFD WM64,Objects,0.28,,50,within_sampled_range,IU,117,100.0,runs/yin_single_noise_20260925/results/r21dev_vgg16_bn_aa_s42/faces_cfdWM64/objects/results.csv,IU
mixed,Mixed faces / AA4,r21dev_vgg16_bn_aa_s42,face_transfer,124,single_uu,CFD WM64,Objects,0.28,,50,within_sampled_range,IU,118,95.83333333333334,runs/yin_single_noise_20260925/results/r21dev_vgg16_bn_aa_s42/faces_cfdWM64/objects/results.csv,IU
mixed,Mixed faces / AA4,r21dev_vgg16_bn_aa_s42,face_transfer,124,single_uu,CFD WM64,Objects,0.28,,50,within_sampled_range,IU,119,100.0,runs/yin_single_noise_20260925/results/r21dev_vgg16_bn_aa_s42/faces_cfdWM64/objects/results.csv,IU
mixed,Mixed faces / AA4,r21dev_vgg16_bn_aa_s42,face_transfer,124,single_uu,CFD WM64,Objects,0.28,,50,within_sampled_range,IU,120,95.83333333333334,runs/yin_single_noise_20260925/results/r21dev_vgg16_bn_aa_s42/faces_cfdWM64/objects/results.csv,IU
mixed,Mixed faces / AA4,r21dev_vgg16_bn_aa_s42,face_transfer,124,single_uu,CFD WM64,Objects,0.28,,50,within_sampled_range,IU,121,100.0,runs/yin_single_noise_20260925/results/r21dev_vgg16_bn_aa_s42/faces_cfdWM64/objects/results.csv,IU
mixed,Mixed faces / AA4,r21dev_vgg16_bn_aa_s42,face_transfer,124,single_uu,CFD WM64,Objects,0.28,,50,within_sampled_range,IU,122,95.83333333333334,runs/yin_single_noise_20260925/results/r21dev_vgg16_bn_aa_s42/faces_cfdWM64/objects/results.csv,IU
mixed,Mixed faces / AA4,r21dev_vgg16_bn_aa_s42,face_transfer,124,single_uu,CFD WM64,Objects,0.28,,50,within_sampled_range,IU,123,95.83333333333334,runs/yin_single_noise_20260925/results/r21dev_vgg16_bn_aa_s42/faces_cfdWM64/objects/results.csv,IU
mixed,Mixed faces / AA4,r21dev_vgg16_bn_aa_s42,face_transfer,124,single_uu,CFD WM64,Objects,0.28,,50,within_sampled_range,IU,124,95.83333333333334,runs/yin_single_noise_20260925/results/r21dev_vgg16_bn_aa_s42/faces_cfdWM64/objects/results.csv,IU
mixed,Mixed faces / AA4,r21dev_vgg16_bn_aa_s42,face_transfer,124,single_uu,CFD WM64,Objects,0.28,,50,within_sampled_range,IU,125,100.0,runs/yin_single_noise_20260925/results/r21dev_vgg16_bn_aa_s42/faces_cfdWM64/objects/results.csv,IU
mixed,Mixed faces / AA4,r21dev_vgg16_bn_aa_s42,face_transfer,124,single_uu,CFD WM64,Objects,0.28,,50,within_sampled_range,IU,126,95.83333333333334,runs/yin_single_noise_20260925/results/r21dev_vgg16_bn_aa_s42/faces_cfdWM64/objects/results.csv,IU
mixed,Mixed faces / AA4,r21dev_vgg16_bn_aa_s42,face_transfer,124,single_uu,CFD WM64,Objects,0.28,,50,within_sampled_range,IU,127,100.0,runs/yin_single_noise_20260925/results/r21dev_vgg16_bn_aa_s42/faces_cfdWM64/objects/results.csv,IU
mixed,Mixed faces / AA4,r21dev_vgg16_bn_aa_s42,face_transfer,124,single_uu,CFD WM64,Objects,0.28,,50,within_sampled_range,IU,128,100.0,runs/yin_single_noise_20260925/results/r21dev_vgg16_bn_aa_s42/faces_cfdWM64/objects/results.csv,IU
mixed,Mixed faces / AA4,r21dev_vgg16_bn_aa_s42,face_transfer,124,single_uu,CFD WM64,Objects,0.28,,50,within_sampled_range,IU,129,100.0,runs/yin_single_noise_20260925/results/r21dev_vgg16_bn_aa_s42/faces_cfdWM64/objects/results.csv,IU
mixed,Mixed faces / AA4,r21dev_vgg16_bn_aa_s42,face_transfer,124,single_uu,CFD WM64,Objects,0.28,,50,within_sampled_range,IU,130,100.0,runs/yin_single_noise_20260925/results/r21dev_vgg16_bn_aa_s42/faces_cfdWM64/objects/results.csv,IU
mixed,Mixed faces / AA4,r21dev_vgg16_bn_aa_s42,face_transfer,124,single_uu,CFD WM64,Objects,0.28,,50,within_sampled_range,IU,131,95.83333333333334,runs/yin_single_noise_20260925/results/r21dev_vgg16_bn_aa_s42/faces_cfdWM64/objects/results.csv,IU
mixed,Mixed faces / AA4,r21dev_vgg16_bn_aa_s42,face_transfer,124,single_uu,CFD WM64,Objects,0.28,,50,within_sampled_range,IU,132,95.83333333333334,runs/yin_single_noise_20260925/results/r21dev_vgg16_bn_aa_s42/faces_cfdWM64/objects/results.csv,IU
mixed,Mixed faces / AA4,r21dev_vgg16_bn_aa_s42,face_transfer,124,single_uu,CFD WM64,Objects,0.28,,50,within_sampled_range,IU,133,95.83333333333334,runs/yin_single_noise_20260925/results/r21dev_vgg16_bn_aa_s42/faces_cfdWM64/objects/results.csv,IU
mixed,Mixed faces / AA4,r21dev_vgg16_bn_aa_s42,face_transfer,124,single_uu,CFD WM64,Objects,0.28,,50,within_sampled_range,IU,134,100.0,runs/yin_single_noise_20260925/results/r21dev_vgg16_bn_aa_s42/faces_cfdWM64/objects/results.csv,IU
mixed,Mixed faces / AA4,r21dev_vgg16_bn_aa_s42,face_transfer,124,single_uu,CFD WM64,Objects,0.28,,50,within_sampled_range,IU,135,100.0,runs/yin_single_noise_20260925/results/r21dev_vgg16_bn_aa_s42/faces_cfdWM64/objects/results.csv,IU
mixed,Mixed faces / AA4,r21dev_vgg16_bn_aa_s42,face_transfer,124,single_uu,CFD WM64,Objects,0.28,,50,within_sampled_range,IU,136,95.83333333333334,runs/yin_single_noise_20260925/results/r21dev_vgg16_bn_aa_s42/faces_cfdWM64/objects/results.csv,IU
mixed,Mixed faces / AA4,r21dev_vgg16_bn_aa_s42,face_transfer,124,single_uu,CFD WM64,Objects,0.28,,50,within_sampled_range,IU,137,100.0,runs/yin_single_noise_20260925/results/r21dev_vgg16_bn_aa_s42/faces_cfdWM64/objects/results.csv,IU
mixed,Mixed faces / AA4,r21dev_vgg16_bn_aa_s42,face_transfer,124,single_uu,CFD WM64,Objects,0.28,,50,within_sampled_range,IU,138,95.83333333333334,runs/yin_single_noise_20260925/results/r21dev_vgg16_bn_aa_s42/faces_cfdWM64/objects/results.csv,IU
mixed,Mixed faces / AA4,r21dev_vgg16_bn_aa_s42,face_transfer,124,single_uu,CFD WM64,Objects,0.28,,50,within_sampled_range,IU,139,91.66666666666666,runs/yin_single_noise_20260925/results/r21dev_vgg16_bn_aa_s42/faces_cfdWM64/objects/results.csv,IU
mixed,Mixed faces / AA4,r21dev_vgg16_bn_aa_s42,face_transfer,124,single_uu,CFD WM64,Objects,0.28,,50,within_sampled_range,IU,140,95.83333333333334,runs/yin_single_noise_20260925/results/r21dev_vgg16_bn_aa_s42/faces_cfdWM64/objects/results.csv,IU
mixed,Mixed faces / AA4,r21dev_vgg16_bn_aa_s42,face_transfer,124,single_uu,CFD WM64,Objects,0.28,,50,within_sampled_range,IU,141,100.0,runs/yin_single_noise_20260925/results/r21dev_vgg16_bn_aa_s42/faces_cfdWM64/objects/results.csv,IU
mixed,Mixed faces / AA4,r21dev_vgg16_bn_aa_s42,face_transfer,124,single_uu,CFD WM64,Objects,0.28,,50,within_sampled_range,IU,142,95.83333333333334,runs/yin_single_noise_20260925/results/r21dev_vgg16_bn_aa_s42/faces_cfdWM64/objects/results.csv,IU
mixed,Mixed faces / AA4,r21dev_vgg16_bn_aa_s42,face_transfer,124,single_uu,CFD WM64,Objects,0.28,,50,within_sampled_range,IU,143,100.0,runs/yin_single_noise_20260925/results/r21dev_vgg16_bn_aa_s42/faces_cfdWM64/objects/results.csv,IU
mixed,Mixed faces / AA4,r21dev_vgg16_bn_aa_s42,face_transfer,124,single_uu,CFD WM64,Objects,0.28,,50,within_sampled_range,IU,144,100.0,runs/yin_single_noise_20260925/results/r21dev_vgg16_bn_aa_s42/faces_cfdWM64/objects/results.csv,IU
mixed,Mixed faces / AA4,r21dev_vgg16_bn_aa_s42,face_transfer,124,single_uu,CFD WM64,Objects,0.28,,50,within_sampled_range,IU,145,91.66666666666666,runs/yin_single_noise_20260925/results/r21dev_vgg16_bn_aa_s42/faces_cfdWM64/objects/results.csv,IU
mixed,Mixed faces / AA4,r21dev_vgg16_bn_aa_s42,face_transfer,124,single_uu,CFD WM64,Objects,0.28,,50,within_sampled_range,IU,146,95.83333333333334,runs/yin_single_noise_20260925/results/r21dev_vgg16_bn_aa_s42/faces_cfdWM64/objects/results.csv,IU
mixed,Mixed faces / AA4,r21dev_vgg16_bn_aa_s42,face_transfer,124,single_uu,CFD WM64,Objects,0.28,,50,within_sampled_range,IU,147,100.0,runs/yin_single_noise_20260925/results/r21dev_vgg16_bn_aa_s42/faces_cfdWM64/objects/results.csv,IU
mixed,Mixed faces / AA4,r21dev_vgg16_bn_aa_s42,face_transfer,124,single_uu,CFD WM64,Objects,0.28,,50,within_sampled_range,IU,148,100.0,runs/yin_single_noise_20260925/results/r21dev_vgg16_bn_aa_s42/faces_cfdWM64/objects/results.csv,IU
mixed,Mixed faces / AA4,r21dev_vgg16_bn_aa_s42,face_transfer,124,single_uu,CFD WM64,Objects,0.28,,50,within_sampled_range,IU,149,95.83333333333334,runs/yin_single_noise_20260925/results/r21dev_vgg16_bn_aa_s42/faces_cfdWM64/objects/results.csv,IU
mixed,Mixed faces / AA4,r21dev_vgg16_bn_aa_s42,face_transfer,124,single_uu,CFD WM64,Objects,0.28,,50,within_sampled_range,IU,150,100.0,runs/yin_single_noise_20260925/results/r21dev_vgg16_bn_aa_s42/faces_cfdWM64/objects/results.csv,IU
mixed,Mixed faces / AA4,r21dev_vgg16_bn_aa_s42,face_transfer,124,two_cross,CFD WM64,Objects,0.28,0.33,50,within_sampled_range,UU,101,95.83333333333334,runs/yin_noise_matrix_20260926/results/r21dev_vgg16_bn_aa_s42/faces_cfdWM64/objects/results.csv,UU
mixed,Mixed faces / AA4,r21dev_vgg16_bn_aa_s42,face_transfer,124,two_cross,CFD WM64,Objects,0.28,0.33,50,within_sampled_range,UU,102,91.66666666666666,runs/yin_noise_matrix_20260926/results/r21dev_vgg16_bn_aa_s42/faces_cfdWM64/objects/results.csv,UU
mixed,Mixed faces / AA4,r21dev_vgg16_bn_aa_s42,face_transfer,124,two_cross,CFD WM64,Objects,0.28,0.33,50,within_sampled_range,UU,103,100.0,runs/yin_noise_matrix_20260926/results/r21dev_vgg16_bn_aa_s42/faces_cfdWM64/objects/results.csv,UU
mixed,Mixed faces / AA4,r21dev_vgg16_bn_aa_s42,face_transfer,124,two_cross,CFD WM64,Objects,0.28,0.33,50,within_sampled_range,UU,104,100.0,runs/yin_noise_matrix_20260926/results/r21dev_vgg16_bn_aa_s42/faces_cfdWM64/objects/results.csv,UU
mixed,Mixed faces / AA4,r21dev_vgg16_bn_aa_s42,face_transfer,124,two_cross,CFD WM64,Objects,0.28,0.33,50,within_sampled_range,UU,105,100.0,runs/yin_noise_matrix_20260926/results/r21dev_vgg16_bn_aa_s42/faces_cfdWM64/objects/results.csv,UU
mixed,Mixed faces / AA4,r21dev_vgg16_bn_aa_s42,face_transfer,124,two_cross,CFD WM64,Objects,0.28,0.33,50,within_sampled_range,UU,106,95.83333333333334,runs/yin_noise_matrix_20260926/results/r21dev_vgg16_bn_aa_s42/faces_cfdWM64/objects/results.csv,UU
mixed,Mixed faces / AA4,r21dev_vgg16_bn_aa_s42,face_transfer,124,two_cross,CFD WM64,Objects,0.28,0.33,50,within_sampled_range,UU,107,95.83333333333334,runs/yin_noise_matrix_20260926/results/r21dev_vgg16_bn_aa_s42/faces_cfdWM64/objects/results.csv,UU
mixed,Mixed faces / AA4,r21dev_vgg16_bn_aa_s42,face_transfer,124,two_cross,CFD WM64,Objects,0.28,0.33,50,within_sampled_range,UU,108,100.0,runs/yin_noise_matrix_20260926/results/r21dev_vgg16_bn_aa_s42/faces_cfdWM64/objects/results.csv,UU
mixed,Mixed faces / AA4,r21dev_vgg16_bn_aa_s42,face_transfer,124,two_cross,CFD WM64,Objects,0.28,0.33,50,within_sampled_range,UU,109,100.0,runs/yin_noise_matrix_20260926/results/r21dev_vgg16_bn_aa_s42/faces_cfdWM64/objects/results.csv,UU
mixed,Mixed faces / AA4,r21dev_vgg16_bn_aa_s42,face_transfer,124,two_cross,CFD WM64,Objects,0.28,0.33,50,within_sampled_range,UU,110,95.83333333333334,runs/yin_noise_matrix_20260926/results/r21dev_vgg16_bn_aa_s42/faces_cfdWM64/objects/results.csv,UU
mixed,Mixed faces / AA4,r21dev_vgg16_bn_aa_s42,face_transfer,124,two_cross,CFD WM64,Objects,0.28,0.33,50,within_sampled_range,UU,111,95.83333333333334,runs/yin_noise_matrix_20260926/results/r21dev_vgg16_bn_aa_s42/faces_cfdWM64/objects/results.csv,UU
mixed,Mixed faces / AA4,r21dev_vgg16_bn_aa_s42,face_transfer,124,two_cross,CFD WM64,Objects,0.28,0.33,50,within_sampled_range,UU,112,100.0,runs/yin_noise_matrix_20260926/results/r21dev_vgg16_bn_aa_s42/faces_cfdWM64/objects/results.csv,UU
mixed,Mixed faces / AA4,r21dev_vgg16_bn_aa_s42,face_transfer,124,two_cross,CFD WM64,Objects,0.28,0.33,50,within_sampled_range,UU,113,100.0,runs/yin_noise_matrix_20260926/results/r21dev_vgg16_bn_aa_s42/faces_cfdWM64/objects/results.csv,UU
mixed,Mixed faces / AA4,r21dev_vgg16_bn_aa_s42,face_transfer,124,two_cross,CFD WM64,Objects,0.28,0.33,50,within_sampled_range,UU,114,100.0,runs/yin_noise_matrix_20260926/results/r21dev_vgg16_bn_aa_s42/faces_cfdWM64/objects/results.csv,UU
mixed,Mixed faces / AA4,r21dev_vgg16_bn_aa_s42,face_transfer,124,two_cross,CFD WM64,Objects,0.28,0.33,50,within_sampled_range,UU,115,95.83333333333334,runs/yin_noise_matrix_20260926/results/r21dev_vgg16_bn_aa_s42/faces_cfdWM64/objects/results.csv,UU
mixed,Mixed faces / AA4,r21dev_vgg16_bn_aa_s42,face_transfer,124,two_cross,CFD WM64,Objects,0.28,0.33,50,within_sampled_range,UU,116,100.0,runs/yin_noise_matrix_20260926/results/r21dev_vgg16_bn_aa_s42/faces_cfdWM64/objects/results.csv,UU
mixed,Mixed faces / AA4,r21dev_vgg16_bn_aa_s42,face_transfer,124,two_cross,CFD WM64,Objects,0.28,0.33,50,within_sampled_range,UU,117,100.0,runs/yin_noise_matrix_20260926/results/r21dev_vgg16_bn_aa_s42/faces_cfdWM64/objects/results.csv,UU
mixed,Mixed faces / AA4,r21dev_vgg16_bn_aa_s42,face_transfer,124,two_cross,CFD WM64,Objects,0.28,0.33,50,within_sampled_range,UU,118,100.0,runs/yin_noise_matrix_20260926/results/r21dev_vgg16_bn_aa_s42/faces_cfdWM64/objects/results.csv,UU
mixed,Mixed faces / AA4,r21dev_vgg16_bn_aa_s42,face_transfer,124,two_cross,CFD WM64,Objects,0.28,0.33,50,within_sampled_range,UU,119,100.0,runs/yin_noise_matrix_20260926/results/r21dev_vgg16_bn_aa_s42/faces_cfdWM64/objects/results.csv,UU
mixed,Mixed faces / AA4,r21dev_vgg16_bn_aa_s42,face_transfer,124,two_cross,CFD WM64,Objects,0.28,0.33,50,within_sampled_range,UU,120,95.83333333333334,runs/yin_noise_matrix_20260926/results/r21dev_vgg16_bn_aa_s42/faces_cfdWM64/objects/results.csv,UU
mixed,Mixed faces / AA4,r21dev_vgg16_bn_aa_s42,face_transfer,124,two_cross,CFD WM64,Objects,0.28,0.33,50,within_sampled_range,UU,121,100.0,runs/yin_noise_matrix_20260926/results/r21dev_vgg16_bn_aa_s42/faces_cfdWM64/objects/results.csv,UU
mixed,Mixed faces / AA4,r21dev_vgg16_bn_aa_s42,face_transfer,124,two_cross,CFD WM64,Objects,0.28,0.33,50,within_sampled_range,UU,122,95.83333333333334,runs/yin_noise_matrix_20260926/results/r21dev_vgg16_bn_aa_s42/faces_cfdWM64/objects/results.csv,UU
mixed,Mixed faces / AA4,r21dev_vgg16_bn_aa_s42,face_transfer,124,two_cross,CFD WM64,Objects,0.28,0.33,50,within_sampled_range,UU,123,95.83333333333334,runs/yin_noise_matrix_20260926/results/r21dev_vgg16_bn_aa_s42/faces_cfdWM64/objects/results.csv,UU
mixed,Mixed faces / AA4,r21dev_vgg16_bn_aa_s42,face_transfer,124,two_cross,CFD WM64,Objects,0.28,0.33,50,within_sampled_range,UU,124,95.83333333333334,runs/yin_noise_matrix_20260926/results/r21dev_vgg16_bn_aa_s42/faces_cfdWM64/objects/results.csv,UU
mixed,Mixed faces / AA4,r21dev_vgg16_bn_aa_s42,face_transfer,124,two_cross,CFD WM64,Objects,0.28,0.33,50,within_sampled_range,UU,125,100.0,runs/yin_noise_matrix_20260926/results/r21dev_vgg16_bn_aa_s42/faces_cfdWM64/objects/results.csv,UU
mixed,Mixed faces / AA4,r21dev_vgg16_bn_aa_s42,face_transfer,124,two_cross,CFD WM64,Objects,0.28,0.33,50,within_sampled_range,UU,126,100.0,runs/yin_noise_matrix_20260926/results/r21dev_vgg16_bn_aa_s42/faces_cfdWM64/objects/results.csv,UU
mixed,Mixed faces / AA4,r21dev_vgg16_bn_aa_s42,face_transfer,124,two_cross,CFD WM64,Objects,0.28,0.33,50,within_sampled_range,UU,127,100.0,runs/yin_noise_matrix_20260926/results/r21dev_vgg16_bn_aa_s42/faces_cfdWM64/objects/results.csv,UU
mixed,Mixed faces / AA4,r21dev_vgg16_bn_aa_s42,face_transfer,124,two_cross,CFD WM64,Objects,0.28,0.33,50,within_sampled_range,UU,128,100.0,runs/yin_noise_matrix_20260926/results/r21dev_vgg16_bn_aa_s42/faces_cfdWM64/objects/results.csv,UU
mixed,Mixed faces / AA4,r21dev_vgg16_bn_aa_s42,face_transfer,124,two_cross,CFD WM64,Objects,0.28,0.33,50,within_sampled_range,UU,129,100.0,runs/yin_noise_matrix_20260926/results/r21dev_vgg16_bn_aa_s42/faces_cfdWM64/objects/results.csv,UU
mixed,Mixed faces / AA4,r21dev_vgg16_bn_aa_s42,face_transfer,124,two_cross,CFD WM64,Objects,0.28,0.33,50,within_sampled_range,UU,130,100.0,runs/yin_noise_matrix_20260926/results/r21dev_vgg16_bn_aa_s42/faces_cfdWM64/objects/results.csv,UU
mixed,Mixed faces / AA4,r21dev_vgg16_bn_aa_s42,face_transfer,124,two_cross,CFD WM64,Objects,0.28,0.33,50,within_sampled_range,UU,131,95.83333333333334,runs/yin_noise_matrix_20260926/results/r21dev_vgg16_bn_aa_s42/faces_cfdWM64/objects/results.csv,UU
mixed,Mixed faces / AA4,r21dev_vgg16_bn_aa_s42,face_transfer,124,two_cross,CFD WM64,Objects,0.28,0.33,50,within_sampled_range,UU,132,95.83333333333334,runs/yin_noise_matrix_20260926/results/r21dev_vgg16_bn_aa_s42/faces_cfdWM64/objects/results.csv,UU
mixed,Mixed faces / AA4,r21dev_vgg16_bn_aa_s42,face_transfer,124,two_cross,CFD WM64,Objects,0.28,0.33,50,within_sampled_range,UU,133,95.83333333333334,runs/yin_noise_matrix_20260926/results/r21dev_vgg16_bn_aa_s42/faces_cfdWM64/objects/results.csv,UU
mixed,Mixed faces / AA4,r21dev_vgg16_bn_aa_s42,face_transfer,124,two_cross,CFD WM64,Objects,0.28,0.33,50,within_sampled_range,UU,134,100.0,runs/yin_noise_matrix_20260926/results/r21dev_vgg16_bn_aa_s42/faces_cfdWM64/objects/results.csv,UU
mixed,Mixed faces / AA4,r21dev_vgg16_bn_aa_s42,face_transfer,124,two_cross,CFD WM64,Objects,0.28,0.33,50,within_sampled_range,UU,135,100.0,runs/yin_noise_matrix_20260926/results/r21dev_vgg16_bn_aa_s42/faces_cfdWM64/objects/results.csv,UU
mixed,Mixed faces / AA4,r21dev_vgg16_bn_aa_s42,face_transfer,124,two_cross,CFD WM64,Objects,0.28,0.33,50,within_sampled_range,UU,136,100.0,runs/yin_noise_matrix_20260926/results/r21dev_vgg16_bn_aa_s42/faces_cfdWM64/objects/results.csv,UU
mixed,Mixed faces / AA4,r21dev_vgg16_bn_aa_s42,face_transfer,124,two_cross,CFD WM64,Objects,0.28,0.33,50,within_sampled_range,UU,137,100.0,runs/yin_noise_matrix_20260926/results/r21dev_vgg16_bn_aa_s42/faces_cfdWM64/objects/results.csv,UU
mixed,Mixed faces / AA4,r21dev_vgg16_bn_aa_s42,face_transfer,124,two_cross,CFD WM64,Objects,0.28,0.33,50,within_sampled_range,UU,138,100.0,runs/yin_noise_matrix_20260926/results/r21dev_vgg16_bn_aa_s42/faces_cfdWM64/objects/results.csv,UU
mixed,Mixed faces / AA4,r21dev_vgg16_bn_aa_s42,face_transfer,124,two_cross,CFD WM64,Objects,0.28,0.33,50,within_sampled_range,UU,139,95.83333333333334,runs/yin_noise_matrix_20260926/results/r21dev_vgg16_bn_aa_s42/faces_cfdWM64/objects/results.csv,UU
mixed,Mixed faces / AA4,r21dev_vgg16_bn_aa_s42,face_transfer,124,two_cross,CFD WM64,Objects,0.28,0.33,50,within_sampled_range,UU,140,95.83333333333334,runs/yin_noise_matrix_20260926/results/r21dev_vgg16_bn_aa_s42/faces_cfdWM64/objects/results.csv,UU
mixed,Mixed faces / AA4,r21dev_vgg16_bn_aa_s42,face_transfer,124,two_cross,CFD WM64,Objects,0.28,0.33,50,within_sampled_range,UU,141,100.0,runs/yin_noise_matrix_20260926/results/r21dev_vgg16_bn_aa_s42/faces_cfdWM64/objects/results.csv,UU
mixed,Mixed faces / AA4,r21dev_vgg16_bn_aa_s42,face_transfer,124,two_cross,CFD WM64,Objects,0.28,0.33,50,within_sampled_range,UU,142,100.0,runs/yin_noise_matrix_20260926/results/r21dev_vgg16_bn_aa_s42/faces_cfdWM64/objects/results.csv,UU
mixed,Mixed faces / AA4,r21dev_vgg16_bn_aa_s42,face_transfer,124,two_cross,CFD WM64,Objects,0.28,0.33,50,within_sampled_range,UU,143,100.0,runs/yin_noise_matrix_20260926/results/r21dev_vgg16_bn_aa_s42/faces_cfdWM64/objects/results.csv,UU
mixed,Mixed faces / AA4,r21dev_vgg16_bn_aa_s42,face_transfer,124,two_cross,CFD WM64,Objects,0.28,0.33,50,within_sampled_range,UU,144,100.0,runs/yin_noise_matrix_20260926/results/r21dev_vgg16_bn_aa_s42/faces_cfdWM64/objects/results.csv,UU
mixed,Mixed faces / AA4,r21dev_vgg16_bn_aa_s42,face_transfer,124,two_cross,CFD WM64,Objects,0.28,0.33,50,within_sampled_range,UU,145,100.0,runs/yin_noise_matrix_20260926/results/r21dev_vgg16_bn_aa_s42/faces_cfdWM64/objects/results.csv,UU
mixed,Mixed faces / AA4,r21dev_vgg16_bn_aa_s42,face_transfer,124,two_cross,CFD WM64,Objects,0.28,0.33,50,within_sampled_range,UU,146,100.0,runs/yin_noise_matrix_20260926/results/r21dev_vgg16_bn_aa_s42/faces_cfdWM64/objects/results.csv,UU
mixed,Mixed faces / AA4,r21dev_vgg16_bn_aa_s42,face_transfer,124,two_cross,CFD WM64,Objects,0.28,0.33,50,within_sampled_range,UU,147,100.0,runs/yin_noise_matrix_20260926/results/r21dev_vgg16_bn_aa_s42/faces_cfdWM64/objects/results.csv,UU
mixed,Mixed faces / AA4,r21dev_vgg16_bn_aa_s42,face_transfer,124,two_cross,CFD WM64,Objects,0.28,0.33,50,within_sampled_range,UU,148,100.0,runs/yin_noise_matrix_20260926/results/r21dev_vgg16_bn_aa_s42/faces_cfdWM64/objects/results.csv,UU
mixed,Mixed faces / AA4,r21dev_vgg16_bn_aa_s42,face_transfer,124,two_cross,CFD WM64,Objects,0.28,0.33,50,within_sampled_range,UU,149,91.66666666666666,runs/yin_noise_matrix_20260926/results/r21dev_vgg16_bn_aa_s42/faces_cfdWM64/objects/results.csv,UU
mixed,Mixed faces / AA4,r21dev_vgg16_bn_aa_s42,face_transfer,124,two_cross,CFD WM64,Objects,0.28,0.33,50,within_sampled_range,UU,150,95.83333333333334,runs/yin_noise_matrix_20260926/results/r21dev_vgg16_bn_aa_s42/faces_cfdWM64/objects/results.csv,UU
mixed,Mixed faces / AA4,r21dev_vgg16_bn_aa_s42,face_transfer,124,two_cross,CFD WM64,Objects,0.28,0.33,50,within_sampled_range,II,101,95.83333333333334,runs/yin_noise_matrix_20260926/results/r21dev_vgg16_bn_aa_s42/faces_cfdWM64/objects/results.csv,II
mixed,Mixed faces / AA4,r21dev_vgg16_bn_aa_s42,face_transfer,124,two_cross,CFD WM64,Objects,0.28,0.33,50,within_sampled_range,II,102,100.0,runs/yin_noise_matrix_20260926/results/r21dev_vgg16_bn_aa_s42/faces_cfdWM64/objects/results.csv,II
mixed,Mixed faces / AA4,r21dev_vgg16_bn_aa_s42,face_transfer,124,two_cross,CFD WM64,Objects,0.28,0.33,50,within_sampled_range,II,103,100.0,runs/yin_noise_matrix_20260926/results/r21dev_vgg16_bn_aa_s42/faces_cfdWM64/objects/results.csv,II
mixed,Mixed faces / AA4,r21dev_vgg16_bn_aa_s42,face_transfer,124,two_cross,CFD WM64,Objects,0.28,0.33,50,within_sampled_range,II,104,95.83333333333334,runs/yin_noise_matrix_20260926/results/r21dev_vgg16_bn_aa_s42/faces_cfdWM64/objects/results.csv,II
mixed,Mixed faces / AA4,r21dev_vgg16_bn_aa_s42,face_transfer,124,two_cross,CFD WM64,Objects,0.28,0.33,50,within_sampled_range,II,105,100.0,runs/yin_noise_matrix_20260926/results/r21dev_vgg16_bn_aa_s42/faces_cfdWM64/objects/results.csv,II
mixed,Mixed faces / AA4,r21dev_vgg16_bn_aa_s42,face_transfer,124,two_cross,CFD WM64,Objects,0.28,0.33,50,within_sampled_range,II,106,100.0,runs/yin_noise_matrix_20260926/results/r21dev_vgg16_bn_aa_s42/faces_cfdWM64/objects/results.csv,II
mixed,Mixed faces / AA4,r21dev_vgg16_bn_aa_s42,face_transfer,124,two_cross,CFD WM64,Objects,0.28,0.33,50,within_sampled_range,II,107,95.83333333333334,runs/yin_noise_matrix_20260926/results/r21dev_vgg16_bn_aa_s42/faces_cfdWM64/objects/results.csv,II
mixed,Mixed faces / AA4,r21dev_vgg16_bn_aa_s42,face_transfer,124,two_cross,CFD WM64,Objects,0.28,0.33,50,within_sampled_range,II,108,100.0,runs/yin_noise_matrix_20260926/results/r21dev_vgg16_bn_aa_s42/faces_cfdWM64/objects/results.csv,II
mixed,Mixed faces / AA4,r21dev_vgg16_bn_aa_s42,face_transfer,124,two_cross,CFD WM64,Objects,0.28,0.33,50,within_sampled_range,II,109,95.83333333333334,runs/yin_noise_matrix_20260926/results/r21dev_vgg16_bn_aa_s42/faces_cfdWM64/objects/results.csv,II
mixed,Mixed faces / AA4,r21dev_vgg16_bn_aa_s42,face_transfer,124,two_cross,CFD WM64,Objects,0.28,0.33,50,within_sampled_range,II,110,100.0,runs/yin_noise_matrix_20260926/results/r21dev_vgg16_bn_aa_s42/faces_cfdWM64/objects/results.csv,II
mixed,Mixed faces / AA4,r21dev_vgg16_bn_aa_s42,face_transfer,124,two_cross,CFD WM64,Objects,0.28,0.33,50,within_sampled_range,II,111,91.66666666666666,runs/yin_noise_matrix_20260926/results/r21dev_vgg16_bn_aa_s42/faces_cfdWM64/objects/results.csv,II
mixed,Mixed faces / AA4,r21dev_vgg16_bn_aa_s42,face_transfer,124,two_cross,CFD WM64,Objects,0.28,0.33,50,within_sampled_range,II,112,91.66666666666666,runs/yin_noise_matrix_20260926/results/r21dev_vgg16_bn_aa_s42/faces_cfdWM64/objects/results.csv,II
mixed,Mixed faces / AA4,r21dev_vgg16_bn_aa_s42,face_transfer,124,two_cross,CFD WM64,Objects,0.28,0.33,50,within_sampled_range,II,113,95.83333333333334,runs/yin_noise_matrix_20260926/results/r21dev_vgg16_bn_aa_s42/faces_cfdWM64/objects/results.csv,II
mixed,Mixed faces / AA4,r21dev_vgg16_bn_aa_s42,face_transfer,124,two_cross,CFD WM64,Objects,0.28,0.33,50,within_sampled_range,II,114,100.0,runs/yin_noise_matrix_20260926/results/r21dev_vgg16_bn_aa_s42/faces_cfdWM64/objects/results.csv,II
mixed,Mixed faces / AA4,r21dev_vgg16_bn_aa_s42,face_transfer,124,two_cross,CFD WM64,Objects,0.28,0.33,50,within_sampled_range,II,115,100.0,runs/yin_noise_matrix_20260926/results/r21dev_vgg16_bn_aa_s42/faces_cfdWM64/objects/results.csv,II
mixed,Mixed faces / AA4,r21dev_vgg16_bn_aa_s42,face_transfer,124,two_cross,CFD WM64,Objects,0.28,0.33,50,within_sampled_range,II,116,100.0,runs/yin_noise_matrix_20260926/results/r21dev_vgg16_bn_aa_s42/faces_cfdWM64/objects/results.csv,II
mixed,Mixed faces / AA4,r21dev_vgg16_bn_aa_s42,face_transfer,124,two_cross,CFD WM64,Objects,0.28,0.33,50,within_sampled_range,II,117,95.83333333333334,runs/yin_noise_matrix_20260926/results/r21dev_vgg16_bn_aa_s42/faces_cfdWM64/objects/results.csv,II
mixed,Mixed faces / AA4,r21dev_vgg16_bn_aa_s42,face_transfer,124,two_cross,CFD WM64,Objects,0.28,0.33,50,within_sampled_range,II,118,100.0,runs/yin_noise_matrix_20260926/results/r21dev_vgg16_bn_aa_s42/faces_cfdWM64/objects/results.csv,II
mixed,Mixed faces / AA4,r21dev_vgg16_bn_aa_s42,face_transfer,124,two_cross,CFD WM64,Objects,0.28,0.33,50,within_sampled_range,II,119,100.0,runs/yin_noise_matrix_20260926/results/r21dev_vgg16_bn_aa_s42/faces_cfdWM64/objects/results.csv,II
mixed,Mixed faces / AA4,r21dev_vgg16_bn_aa_s42,face_transfer,124,two_cross,CFD WM64,Objects,0.28,0.33,50,within_sampled_range,II,120,100.0,runs/yin_noise_matrix_20260926/results/r21dev_vgg16_bn_aa_s42/faces_cfdWM64/objects/results.csv,II
mixed,Mixed faces / AA4,r21dev_vgg16_bn_aa_s42,face_transfer,124,two_cross,CFD WM64,Objects,0.28,0.33,50,within_sampled_range,II,121,95.83333333333334,runs/yin_noise_matrix_20260926/results/r21dev_vgg16_bn_aa_s42/faces_cfdWM64/objects/results.csv,II
mixed,Mixed faces / AA4,r21dev_vgg16_bn_aa_s42,face_transfer,124,two_cross,CFD WM64,Objects,0.28,0.33,50,within_sampled_range,II,122,91.66666666666666,runs/yin_noise_matrix_20260926/results/r21dev_vgg16_bn_aa_s42/faces_cfdWM64/objects/results.csv,II
mixed,Mixed faces / AA4,r21dev_vgg16_bn_aa_s42,face_transfer,124,two_cross,CFD WM64,Objects,0.28,0.33,50,within_sampled_range,II,123,100.0,runs/yin_noise_matrix_20260926/results/r21dev_vgg16_bn_aa_s42/faces_cfdWM64/objects/results.csv,II
mixed,Mixed faces / AA4,r21dev_vgg16_bn_aa_s42,face_transfer,124,two_cross,CFD WM64,Objects,0.28,0.33,50,within_sampled_range,II,124,100.0,runs/yin_noise_matrix_20260926/results/r21dev_vgg16_bn_aa_s42/faces_cfdWM64/objects/results.csv,II
mixed,Mixed faces / AA4,r21dev_vgg16_bn_aa_s42,face_transfer,124,two_cross,CFD WM64,Objects,0.28,0.33,50,within_sampled_range,II,125,100.0,runs/yin_noise_matrix_20260926/results/r21dev_vgg16_bn_aa_s42/faces_cfdWM64/objects/results.csv,II
mixed,Mixed faces / AA4,r21dev_vgg16_bn_aa_s42,face_transfer,124,two_cross,CFD WM64,Objects,0.28,0.33,50,within_sampled_range,II,126,100.0,runs/yin_noise_matrix_20260926/results/r21dev_vgg16_bn_aa_s42/faces_cfdWM64/objects/results.csv,II
mixed,Mixed faces / AA4,r21dev_vgg16_bn_aa_s42,face_transfer,124,two_cross,CFD WM64,Objects,0.28,0.33,50,within_sampled_range,II,127,95.83333333333334,runs/yin_noise_matrix_20260926/results/r21dev_vgg16_bn_aa_s42/faces_cfdWM64/objects/results.csv,II
mixed,Mixed faces / AA4,r21dev_vgg16_bn_aa_s42,face_transfer,124,two_cross,CFD WM64,Objects,0.28,0.33,50,within_sampled_range,II,128,100.0,runs/yin_noise_matrix_20260926/results/r21dev_vgg16_bn_aa_s42/faces_cfdWM64/objects/results.csv,II
mixed,Mixed faces / AA4,r21dev_vgg16_bn_aa_s42,face_transfer,124,two_cross,CFD WM64,Objects,0.28,0.33,50,within_sampled_range,II,129,100.0,runs/yin_noise_matrix_20260926/results/r21dev_vgg16_bn_aa_s42/faces_cfdWM64/objects/results.csv,II
mixed,Mixed faces / AA4,r21dev_vgg16_bn_aa_s42,face_transfer,124,two_cross,CFD WM64,Objects,0.28,0.33,50,within_sampled_range,II,130,100.0,runs/yin_noise_matrix_20260926/results/r21dev_vgg16_bn_aa_s42/faces_cfdWM64/objects/results.csv,II
mixed,Mixed faces / AA4,r21dev_vgg16_bn_aa_s42,face_transfer,124,two_cross,CFD WM64,Objects,0.28,0.33,50,within_sampled_range,II,131,95.83333333333334,runs/yin_noise_matrix_20260926/results/r21dev_vgg16_bn_aa_s42/faces_cfdWM64/objects/results.csv,II
mixed,Mixed faces / AA4,r21dev_vgg16_bn_aa_s42,face_transfer,124,two_cross,CFD WM64,Objects,0.28,0.33,50,within_sampled_range,II,132,95.83333333333334,runs/yin_noise_matrix_20260926/results/r21dev_vgg16_bn_aa_s42/faces_cfdWM64/objects/results.csv,II
mixed,Mixed faces / AA4,r21dev_vgg16_bn_aa_s42,face_transfer,124,two_cross,CFD WM64,Objects,0.28,0.33,50,within_sampled_range,II,133,100.0,runs/yin_noise_matrix_20260926/results/r21dev_vgg16_bn_aa_s42/faces_cfdWM64/objects/results.csv,II
mixed,Mixed faces / AA4,r21dev_vgg16_bn_aa_s42,face_transfer,124,two_cross,CFD WM64,Objects,0.28,0.33,50,within_sampled_range,II,134,100.0,runs/yin_noise_matrix_20260926/results/r21dev_vgg16_bn_aa_s42/faces_cfdWM64/objects/results.csv,II
mixed,Mixed faces / AA4,r21dev_vgg16_bn_aa_s42,face_transfer,124,two_cross,CFD WM64,Objects,0.28,0.33,50,within_sampled_range,II,135,91.66666666666666,runs/yin_noise_matrix_20260926/results/r21dev_vgg16_bn_aa_s42/faces_cfdWM64/objects/results.csv,II
mixed,Mixed faces / AA4,r21dev_vgg16_bn_aa_s42,face_transfer,124,two_cross,CFD WM64,Objects,0.28,0.33,50,within_sampled_range,II,136,95.83333333333334,runs/yin_noise_matrix_20260926/results/r21dev_vgg16_bn_aa_s42/faces_cfdWM64/objects/results.csv,II
mixed,Mixed faces / AA4,r21dev_vgg16_bn_aa_s42,face_transfer,124,two_cross,CFD WM64,Objects,0.28,0.33,50,within_sampled_range,II,137,100.0,runs/yin_noise_matrix_20260926/results/r21dev_vgg16_bn_aa_s42/faces_cfdWM64/objects/results.csv,II
mixed,Mixed faces / AA4,r21dev_vgg16_bn_aa_s42,face_transfer,124,two_cross,CFD WM64,Objects,0.28,0.33,50,within_sampled_range,II,138,100.0,runs/yin_noise_matrix_20260926/results/r21dev_vgg16_bn_aa_s42/faces_cfdWM64/objects/results.csv,II
mixed,Mixed faces / AA4,r21dev_vgg16_bn_aa_s42,face_transfer,124,two_cross,CFD WM64,Objects,0.28,0.33,50,within_sampled_range,II,139,95.83333333333334,runs/yin_noise_matrix_20260926/results/r21dev_vgg16_bn_aa_s42/faces_cfdWM64/objects/results.csv,II
mixed,Mixed faces / AA4,r21dev_vgg16_bn_aa_s42,face_transfer,124,two_cross,CFD WM64,Objects,0.28,0.33,50,within_sampled_range,II,140,95.83333333333334,runs/yin_noise_matrix_20260926/results/r21dev_vgg16_bn_aa_s42/faces_cfdWM64/objects/results.csv,II
mixed,Mixed faces / AA4,r21dev_vgg16_bn_aa_s42,face_transfer,124,two_cross,CFD WM64,Objects,0.28,0.33,50,within_sampled_range,II,141,100.0,runs/yin_noise_matrix_20260926/results/r21dev_vgg16_bn_aa_s42/faces_cfdWM64/objects/results.csv,II
mixed,Mixed faces / AA4,r21dev_vgg16_bn_aa_s42,face_transfer,124,two_cross,CFD WM64,Objects,0.28,0.33,50,within_sampled_range,II,142,100.0,runs/yin_noise_matrix_20260926/results/r21dev_vgg16_bn_aa_s42/faces_cfdWM64/objects/results.csv,II
mixed,Mixed faces / AA4,r21dev_vgg16_bn_aa_s42,face_transfer,124,two_cross,CFD WM64,Objects,0.28,0.33,50,within_sampled_range,II,143,100.0,runs/yin_noise_matrix_20260926/results/r21dev_vgg16_bn_aa_s42/faces_cfdWM64/objects/results.csv,II
mixed,Mixed faces / AA4,r21dev_vgg16_bn_aa_s42,face_transfer,124,two_cross,CFD WM64,Objects,0.28,0.33,50,within_sampled_range,II,144,100.0,runs/yin_noise_matrix_20260926/results/r21dev_vgg16_bn_aa_s42/faces_cfdWM64/objects/results.csv,II
mixed,Mixed faces / AA4,r21dev_vgg16_bn_aa_s42,face_transfer,124,two_cross,CFD WM64,Objects,0.28,0.33,50,within_sampled_range,II,145,95.83333333333334,runs/yin_noise_matrix_20260926/results/r21dev_vgg16_bn_aa_s42/faces_cfdWM64/objects/results.csv,II
mixed,Mixed faces / AA4,r21dev_vgg16_bn_aa_s42,face_transfer,124,two_cross,CFD WM64,Objects,0.28,0.33,50,within_sampled_range,II,146,100.0,runs/yin_noise_matrix_20260926/results/r21dev_vgg16_bn_aa_s42/faces_cfdWM64/objects/results.csv,II
mixed,Mixed faces / AA4,r21dev_vgg16_bn_aa_s42,face_transfer,124,two_cross,CFD WM64,Objects,0.28,0.33,50,within_sampled_range,II,147,100.0,runs/yin_noise_matrix_20260926/results/r21dev_vgg16_bn_aa_s42/faces_cfdWM64/objects/results.csv,II
mixed,Mixed faces / AA4,r21dev_vgg16_bn_aa_s42,face_transfer,124,two_cross,CFD WM64,Objects,0.28,0.33,50,within_sampled_range,II,148,100.0,runs/yin_noise_matrix_20260926/results/r21dev_vgg16_bn_aa_s42/faces_cfdWM64/objects/results.csv,II
mixed,Mixed faces / AA4,r21dev_vgg16_bn_aa_s42,face_transfer,124,two_cross,CFD WM64,Objects,0.28,0.33,50,within_sampled_range,II,149,95.83333333333334,runs/yin_noise_matrix_20260926/results/r21dev_vgg16_bn_aa_s42/faces_cfdWM64/objects/results.csv,II
mixed,Mixed faces / AA4,r21dev_vgg16_bn_aa_s42,face_transfer,124,two_cross,CFD WM64,Objects,0.28,0.33,50,within_sampled_range,II,150,100.0,runs/yin_noise_matrix_20260926/results/r21dev_vgg16_bn_aa_s42/faces_cfdWM64/objects/results.csv,II
mixed,Mixed faces / AA4,r21dev_vgg16_bn_aa_s42,face_transfer,124,two_cross,CFD WM64,Objects,0.28,0.33,50,within_sampled_range,UI,101,95.83333333333334,runs/yin_noise_matrix_20260926/results/r21dev_vgg16_bn_aa_s42/faces_cfdWM64/objects/results.csv,UI_cross
mixed,Mixed faces / AA4,r21dev_vgg16_bn_aa_s42,face_transfer,124,two_cross,CFD WM64,Objects,0.28,0.33,50,within_sampled_range,UI,102,95.83333333333334,runs/yin_noise_matrix_20260926/results/r21dev_vgg16_bn_aa_s42/faces_cfdWM64/objects/results.csv,UI_cross
mixed,Mixed faces / AA4,r21dev_vgg16_bn_aa_s42,face_transfer,124,two_cross,CFD WM64,Objects,0.28,0.33,50,within_sampled_range,UI,103,91.66666666666666,runs/yin_noise_matrix_20260926/results/r21dev_vgg16_bn_aa_s42/faces_cfdWM64/objects/results.csv,UI_cross
mixed,Mixed faces / AA4,r21dev_vgg16_bn_aa_s42,face_transfer,124,two_cross,CFD WM64,Objects,0.28,0.33,50,within_sampled_range,UI,104,95.83333333333334,runs/yin_noise_matrix_20260926/results/r21dev_vgg16_bn_aa_s42/faces_cfdWM64/objects/results.csv,UI_cross
mixed,Mixed faces / AA4,r21dev_vgg16_bn_aa_s42,face_transfer,124,two_cross,CFD WM64,Objects,0.28,0.33,50,within_sampled_range,UI,105,100.0,runs/yin_noise_matrix_20260926/results/r21dev_vgg16_bn_aa_s42/faces_cfdWM64/objects/results.csv,UI_cross
mixed,Mixed faces / AA4,r21dev_vgg16_bn_aa_s42,face_transfer,124,two_cross,CFD WM64,Objects,0.28,0.33,50,within_sampled_range,UI,106,95.83333333333334,runs/yin_noise_matrix_20260926/results/r21dev_vgg16_bn_aa_s42/faces_cfdWM64/objects/results.csv,UI_cross
mixed,Mixed faces / AA4,r21dev_vgg16_bn_aa_s42,face_transfer,124,two_cross,CFD WM64,Objects,0.28,0.33,50,within_sampled_range,UI,107,95.83333333333334,runs/yin_noise_matrix_20260926/results/r21dev_vgg16_bn_aa_s42/faces_cfdWM64/objects/results.csv,UI_cross
mixed,Mixed faces / AA4,r21dev_vgg16_bn_aa_s42,face_transfer,124,two_cross,CFD WM64,Objects,0.28,0.33,50,within_sampled_range,UI,108,100.0,runs/yin_noise_matrix_20260926/results/r21dev_vgg16_bn_aa_s42/faces_cfdWM64/objects/results.csv,UI_cross
mixed,Mixed faces / AA4,r21dev_vgg16_bn_aa_s42,face_transfer,124,two_cross,CFD WM64,Objects,0.28,0.33,50,within_sampled_range,UI,109,95.83333333333334,runs/yin_noise_matrix_20260926/results/r21dev_vgg16_bn_aa_s42/faces_cfdWM64/objects/results.csv,UI_cross
mixed,Mixed faces / AA4,r21dev_vgg16_bn_aa_s42,face_transfer,124,two_cross,CFD WM64,Objects,0.28,0.33,50,within_sampled_range,UI,110,95.83333333333334,runs/yin_noise_matrix_20260926/results/r21dev_vgg16_bn_aa_s42/faces_cfdWM64/objects/results.csv,UI_cross
mixed,Mixed faces / AA4,r21dev_vgg16_bn_aa_s42,face_transfer,124,two_cross,CFD WM64,Objects,0.28,0.33,50,within_sampled_range,UI,111,87.5,runs/yin_noise_matrix_20260926/results/r21dev_vgg16_bn_aa_s42/faces_cfdWM64/objects/results.csv,UI_cross
mixed,Mixed faces / AA4,r21dev_vgg16_bn_aa_s42,face_transfer,124,two_cross,CFD WM64,Objects,0.28,0.33,50,within_sampled_range,UI,112,91.66666666666666,runs/yin_noise_matrix_20260926/results/r21dev_vgg16_bn_aa_s42/faces_cfdWM64/objects/results.csv,UI_cross
mixed,Mixed faces / AA4,r21dev_vgg16_bn_aa_s42,face_transfer,124,two_cross,CFD WM64,Objects,0.28,0.33,50,within_sampled_range,UI,113,91.66666666666666,runs/yin_noise_matrix_20260926/results/r21dev_vgg16_bn_aa_s42/faces_cfdWM64/objects/results.csv,UI_cross
mixed,Mixed faces / AA4,r21dev_vgg16_bn_aa_s42,face_transfer,124,two_cross,CFD WM64,Objects,0.28,0.33,50,within_sampled_range,UI,114,100.0,runs/yin_noise_matrix_20260926/results/r21dev_vgg16_bn_aa_s42/faces_cfdWM64/objects/results.csv,UI_cross
mixed,Mixed faces / AA4,r21dev_vgg16_bn_aa_s42,face_transfer,124,two_cross,CFD WM64,Objects,0.28,0.33,50,within_sampled_range,UI,115,91.66666666666666,runs/yin_noise_matrix_20260926/results/r21dev_vgg16_bn_aa_s42/faces_cfdWM64/objects/results.csv,UI_cross
mixed,Mixed faces / AA4,r21dev_vgg16_bn_aa_s42,face_transfer,124,two_cross,CFD WM64,Objects,0.28,0.33,50,within_sampled_range,UI,116,100.0,runs/yin_noise_matrix_20260926/results/r21dev_vgg16_bn_aa_s42/faces_cfdWM64/objects/results.csv,UI_cross
mixed,Mixed faces / AA4,r21dev_vgg16_bn_aa_s42,face_transfer,124,two_cross,CFD WM64,Objects,0.28,0.33,50,within_sampled_range,UI,117,91.66666666666666,runs/yin_noise_matrix_20260926/results/r21dev_vgg16_bn_aa_s42/faces_cfdWM64/objects/results.csv,UI_cross
mixed,Mixed faces / AA4,r21dev_vgg16_bn_aa_s42,face_transfer,124,two_cross,CFD WM64,Objects,0.28,0.33,50,within_sampled_range,UI,118,100.0,runs/yin_noise_matrix_20260926/results/r21dev_vgg16_bn_aa_s42/faces_cfdWM64/objects/results.csv,UI_cross
mixed,Mixed faces / AA4,r21dev_vgg16_bn_aa_s42,face_transfer,124,two_cross,CFD WM64,Objects,0.28,0.33,50,within_sampled_range,UI,119,100.0,runs/yin_noise_matrix_20260926/results/r21dev_vgg16_bn_aa_s42/faces_cfdWM64/objects/results.csv,UI_cross
mixed,Mixed faces / AA4,r21dev_vgg16_bn_aa_s42,face_transfer,124,two_cross,CFD WM64,Objects,0.28,0.33,50,within_sampled_range,UI,120,95.83333333333334,runs/yin_noise_matrix_20260926/results/r21dev_vgg16_bn_aa_s42/faces_cfdWM64/objects/results.csv,UI_cross
mixed,Mixed faces / AA4,r21dev_vgg16_bn_aa_s42,face_transfer,124,two_cross,CFD WM64,Objects,0.28,0.33,50,within_sampled_range,UI,121,95.83333333333334,runs/yin_noise_matrix_20260926/results/r21dev_vgg16_bn_aa_s42/faces_cfdWM64/objects/results.csv,UI_cross
mixed,Mixed faces / AA4,r21dev_vgg16_bn_aa_s42,face_transfer,124,two_cross,CFD WM64,Objects,0.28,0.33,50,within_sampled_range,UI,122,91.66666666666666,runs/yin_noise_matrix_20260926/results/r21dev_vgg16_bn_aa_s42/faces_cfdWM64/objects/results.csv,UI_cross
mixed,Mixed faces / AA4,r21dev_vgg16_bn_aa_s42,face_transfer,124,two_cross,CFD WM64,Objects,0.28,0.33,50,within_sampled_range,UI,123,87.5,runs/yin_noise_matrix_20260926/results/r21dev_vgg16_bn_aa_s42/faces_cfdWM64/objects/results.csv,UI_cross
mixed,Mixed faces / AA4,r21dev_vgg16_bn_aa_s42,face_transfer,124,two_cross,CFD WM64,Objects,0.28,0.33,50,within_sampled_range,UI,124,91.66666666666666,runs/yin_noise_matrix_20260926/results/r21dev_vgg16_bn_aa_s42/faces_cfdWM64/objects/results.csv,UI_cross
mixed,Mixed faces / AA4,r21dev_vgg16_bn_aa_s42,face_transfer,124,two_cross,CFD WM64,Objects,0.28,0.33,50,within_sampled_range,UI,125,95.83333333333334,runs/yin_noise_matrix_20260926/results/r21dev_vgg16_bn_aa_s42/faces_cfdWM64/objects/results.csv,UI_cross
mixed,Mixed faces / AA4,r21dev_vgg16_bn_aa_s42,face_transfer,124,two_cross,CFD WM64,Objects,0.28,0.33,50,within_sampled_range,UI,126,100.0,runs/yin_noise_matrix_20260926/results/r21dev_vgg16_bn_aa_s42/faces_cfdWM64/objects/results.csv,UI_cross
mixed,Mixed faces / AA4,r21dev_vgg16_bn_aa_s42,face_transfer,124,two_cross,CFD WM64,Objects,0.28,0.33,50,within_sampled_range,UI,127,95.83333333333334,runs/yin_noise_matrix_20260926/results/r21dev_vgg16_bn_aa_s42/faces_cfdWM64/objects/results.csv,UI_cross
mixed,Mixed faces / AA4,r21dev_vgg16_bn_aa_s42,face_transfer,124,two_cross,CFD WM64,Objects,0.28,0.33,50,within_sampled_range,UI,128,100.0,runs/yin_noise_matrix_20260926/results/r21dev_vgg16_bn_aa_s42/faces_cfdWM64/objects/results.csv,UI_cross
mixed,Mixed faces / AA4,r21dev_vgg16_bn_aa_s42,face_transfer,124,two_cross,CFD WM64,Objects,0.28,0.33,50,within_sampled_range,UI,129,95.83333333333334,runs/yin_noise_matrix_20260926/results/r21dev_vgg16_bn_aa_s42/faces_cfdWM64/objects/results.csv,UI_cross
mixed,Mixed faces / AA4,r21dev_vgg16_bn_aa_s42,face_transfer,124,two_cross,CFD WM64,Objects,0.28,0.33,50,within_sampled_range,UI,130,100.0,runs/yin_noise_matrix_20260926/results/r21dev_vgg16_bn_aa_s42/faces_cfdWM64/objects/results.csv,UI_cross
mixed,Mixed faces / AA4,r21dev_vgg16_bn_aa_s42,face_transfer,124,two_cross,CFD WM64,Objects,0.28,0.33,50,within_sampled_range,UI,131,95.83333333333334,runs/yin_noise_matrix_20260926/results/r21dev_vgg16_bn_aa_s42/faces_cfdWM64/objects/results.csv,UI_cross
mixed,Mixed faces / AA4,r21dev_vgg16_bn_aa_s42,face_transfer,124,two_cross,CFD WM64,Objects,0.28,0.33,50,within_sampled_range,UI,132,91.66666666666666,runs/yin_noise_matrix_20260926/results/r21dev_vgg16_bn_aa_s42/faces_cfdWM64/objects/results.csv,UI_cross
mixed,Mixed faces / AA4,r21dev_vgg16_bn_aa_s42,face_transfer,124,two_cross,CFD WM64,Objects,0.28,0.33,50,within_sampled_range,UI,133,95.83333333333334,runs/yin_noise_matrix_20260926/results/r21dev_vgg16_bn_aa_s42/faces_cfdWM64/objects/results.csv,UI_cross
mixed,Mixed faces / AA4,r21dev_vgg16_bn_aa_s42,face_transfer,124,two_cross,CFD WM64,Objects,0.28,0.33,50,within_sampled_range,UI,134,95.83333333333334,runs/yin_noise_matrix_20260926/results/r21dev_vgg16_bn_aa_s42/faces_cfdWM64/objects/results.csv,UI_cross
mixed,Mixed faces / AA4,r21dev_vgg16_bn_aa_s42,face_transfer,124,two_cross,CFD WM64,Objects,0.28,0.33,50,within_sampled_range,UI,135,91.66666666666666,runs/yin_noise_matrix_20260926/results/r21dev_vgg16_bn_aa_s42/faces_cfdWM64/objects/results.csv,UI_cross
mixed,Mixed faces / AA4,r21dev_vgg16_bn_aa_s42,face_transfer,124,two_cross,CFD WM64,Objects,0.28,0.33,50,within_sampled_range,UI,136,95.83333333333334,runs/yin_noise_matrix_20260926/results/r21dev_vgg16_bn_aa_s42/faces_cfdWM64/objects/results.csv,UI_cross
mixed,Mixed faces / AA4,r21dev_vgg16_bn_aa_s42,face_transfer,124,two_cross,CFD WM64,Objects,0.28,0.33,50,within_sampled_range,UI,137,95.83333333333334,runs/yin_noise_matrix_20260926/results/r21dev_vgg16_bn_aa_s42/faces_cfdWM64/objects/results.csv,UI_cross
mixed,Mixed faces / AA4,r21dev_vgg16_bn_aa_s42,face_transfer,124,two_cross,CFD WM64,Objects,0.28,0.33,50,within_sampled_range,UI,138,91.66666666666666,runs/yin_noise_matrix_20260926/results/r21dev_vgg16_bn_aa_s42/faces_cfdWM64/objects/results.csv,UI_cross
mixed,Mixed faces / AA4,r21dev_vgg16_bn_aa_s42,face_transfer,124,two_cross,CFD WM64,Objects,0.28,0.33,50,within_sampled_range,UI,139,95.83333333333334,runs/yin_noise_matrix_20260926/results/r21dev_vgg16_bn_aa_s42/faces_cfdWM64/objects/results.csv,UI_cross
mixed,Mixed faces / AA4,r21dev_vgg16_bn_aa_s42,face_transfer,124,two_cross,CFD WM64,Objects,0.28,0.33,50,within_sampled_range,UI,140,91.66666666666666,runs/yin_noise_matrix_20260926/results/r21dev_vgg16_bn_aa_s42/faces_cfdWM64/objects/results.csv,UI_cross
mixed,Mixed faces / AA4,r21dev_vgg16_bn_aa_s42,face_transfer,124,two_cross,CFD WM64,Objects,0.28,0.33,50,within_sampled_range,UI,141,100.0,runs/yin_noise_matrix_20260926/results/r21dev_vgg16_bn_aa_s42/faces_cfdWM64/objects/results.csv,UI_cross
mixed,Mixed faces / AA4,r21dev_vgg16_bn_aa_s42,face_transfer,124,two_cross,CFD WM64,Objects,0.28,0.33,50,within_sampled_range,UI,142,100.0,runs/yin_noise_matrix_20260926/results/r21dev_vgg16_bn_aa_s42/faces_cfdWM64/objects/results.csv,UI_cross
mixed,Mixed faces / AA4,r21dev_vgg16_bn_aa_s42,face_transfer,124,two_cross,CFD WM64,Objects,0.28,0.33,50,within_sampled_range,UI,143,95.83333333333334,runs/yin_noise_matrix_20260926/results/r21dev_vgg16_bn_aa_s42/faces_cfdWM64/objects/results.csv,UI_cross
mixed,Mixed faces / AA4,r21dev_vgg16_bn_aa_s42,face_transfer,124,two_cross,CFD WM64,Objects,0.28,0.33,50,within_sampled_range,UI,144,100.0,runs/yin_noise_matrix_20260926/results/r21dev_vgg16_bn_aa_s42/faces_cfdWM64/objects/results.csv,UI_cross
mixed,Mixed faces / AA4,r21dev_vgg16_bn_aa_s42,face_transfer,124,two_cross,CFD WM64,Objects,0.28,0.33,50,within_sampled_range,UI,145,100.0,runs/yin_noise_matrix_20260926/results/r21dev_vgg16_bn_aa_s42/faces_cfdWM64/objects/results.csv,UI_cross
mixed,Mixed faces / AA4,r21dev_vgg16_bn_aa_s42,face_transfer,124,two_cross,CFD WM64,Objects,0.28,0.33,50,within_sampled_range,UI,146,91.66666666666666,runs/yin_noise_matrix_20260926/results/r21dev_vgg16_bn_aa_s42/faces_cfdWM64/objects/results.csv,UI_cross
mixed,Mixed faces / AA4,r21dev_vgg16_bn_aa_s42,face_transfer,124,two_cross,CFD WM64,Objects,0.28,0.33,50,within_sampled_range,UI,147,100.0,runs/yin_noise_matrix_20260926/results/r21dev_vgg16_bn_aa_s42/faces_cfdWM64/objects/results.csv,UI_cross
mixed,Mixed faces / AA4,r21dev_vgg16_bn_aa_s42,face_transfer,124,two_cross,CFD WM64,Objects,0.28,0.33,50,within_sampled_range,UI,148,87.5,runs/yin_noise_matrix_20260926/results/r21dev_vgg16_bn_aa_s42/faces_cfdWM64/objects/results.csv,UI_cross
mixed,Mixed faces / AA4,r21dev_vgg16_bn_aa_s42,face_transfer,124,two_cross,CFD WM64,Objects,0.28,0.33,50,within_sampled_range,UI,149,95.83333333333334,runs/yin_noise_matrix_20260926/results/r21dev_vgg16_bn_aa_s42/faces_cfdWM64/objects/results.csv,UI_cross
mixed,Mixed faces / AA4,r21dev_vgg16_bn_aa_s42,face_transfer,124,two_cross,CFD WM64,Objects,0.28,0.33,50,within_sampled_range,UI,150,95.83333333333334,runs/yin_noise_matrix_20260926/results/r21dev_vgg16_bn_aa_s42/faces_cfdWM64/objects/results.csv,UI_cross
mixed,Mixed faces / AA4,r21dev_vgg16_bn_aa_s42,face_transfer,124,two_cross,CFD WM64,Objects,0.28,0.33,50,within_sampled_range,IU,101,95.83333333333334,runs/yin_noise_matrix_20260926/results/r21dev_vgg16_bn_aa_s42/faces_cfdWM64/objects/results.csv,IU
mixed,Mixed faces / AA4,r21dev_vgg16_bn_aa_s42,face_transfer,124,two_cross,CFD WM64,Objects,0.28,0.33,50,within_sampled_range,IU,102,100.0,runs/yin_noise_matrix_20260926/results/r21dev_vgg16_bn_aa_s42/faces_cfdWM64/objects/results.csv,IU
mixed,Mixed faces / AA4,r21dev_vgg16_bn_aa_s42,face_transfer,124,two_cross,CFD WM64,Objects,0.28,0.33,50,within_sampled_range,IU,103,100.0,runs/yin_noise_matrix_20260926/results/r21dev_vgg16_bn_aa_s42/faces_cfdWM64/objects/results.csv,IU
mixed,Mixed faces / AA4,r21dev_vgg16_bn_aa_s42,face_transfer,124,two_cross,CFD WM64,Objects,0.28,0.33,50,within_sampled_range,IU,104,100.0,runs/yin_noise_matrix_20260926/results/r21dev_vgg16_bn_aa_s42/faces_cfdWM64/objects/results.csv,IU
mixed,Mixed faces / AA4,r21dev_vgg16_bn_aa_s42,face_transfer,124,two_cross,CFD WM64,Objects,0.28,0.33,50,within_sampled_range,IU,105,95.83333333333334,runs/yin_noise_matrix_20260926/results/r21dev_vgg16_bn_aa_s42/faces_cfdWM64/objects/results.csv,IU
mixed,Mixed faces / AA4,r21dev_vgg16_bn_aa_s42,face_transfer,124,two_cross,CFD WM64,Objects,0.28,0.33,50,within_sampled_range,IU,106,95.83333333333334,runs/yin_noise_matrix_20260926/results/r21dev_vgg16_bn_aa_s42/faces_cfdWM64/objects/results.csv,IU
mixed,Mixed faces / AA4,r21dev_vgg16_bn_aa_s42,face_transfer,124,two_cross,CFD WM64,Objects,0.28,0.33,50,within_sampled_range,IU,107,100.0,runs/yin_noise_matrix_20260926/results/r21dev_vgg16_bn_aa_s42/faces_cfdWM64/objects/results.csv,IU
mixed,Mixed faces / AA4,r21dev_vgg16_bn_aa_s42,face_transfer,124,two_cross,CFD WM64,Objects,0.28,0.33,50,within_sampled_range,IU,108,100.0,runs/yin_noise_matrix_20260926/results/r21dev_vgg16_bn_aa_s42/faces_cfdWM64/objects/results.csv,IU
mixed,Mixed faces / AA4,r21dev_vgg16_bn_aa_s42,face_transfer,124,two_cross,CFD WM64,Objects,0.28,0.33,50,within_sampled_range,IU,109,100.0,runs/yin_noise_matrix_20260926/results/r21dev_vgg16_bn_aa_s42/faces_cfdWM64/objects/results.csv,IU
mixed,Mixed faces / AA4,r21dev_vgg16_bn_aa_s42,face_transfer,124,two_cross,CFD WM64,Objects,0.28,0.33,50,within_sampled_range,IU,110,95.83333333333334,runs/yin_noise_matrix_20260926/results/r21dev_vgg16_bn_aa_s42/faces_cfdWM64/objects/results.csv,IU
mixed,Mixed faces / AA4,r21dev_vgg16_bn_aa_s42,face_transfer,124,two_cross,CFD WM64,Objects,0.28,0.33,50,within_sampled_range,IU,111,91.66666666666666,runs/yin_noise_matrix_20260926/results/r21dev_vgg16_bn_aa_s42/faces_cfdWM64/objects/results.csv,IU
mixed,Mixed faces / AA4,r21dev_vgg16_bn_aa_s42,face_transfer,124,two_cross,CFD WM64,Objects,0.28,0.33,50,within_sampled_range,IU,112,100.0,runs/yin_noise_matrix_20260926/results/r21dev_vgg16_bn_aa_s42/faces_cfdWM64/objects/results.csv,IU
mixed,Mixed faces / AA4,r21dev_vgg16_bn_aa_s42,face_transfer,124,two_cross,CFD WM64,Objects,0.28,0.33,50,within_sampled_range,IU,113,91.66666666666666,runs/yin_noise_matrix_20260926/results/r21dev_vgg16_bn_aa_s42/faces_cfdWM64/objects/results.csv,IU
mixed,Mixed faces / AA4,r21dev_vgg16_bn_aa_s42,face_transfer,124,two_cross,CFD WM64,Objects,0.28,0.33,50,within_sampled_range,IU,114,100.0,runs/yin_noise_matrix_20260926/results/r21dev_vgg16_bn_aa_s42/faces_cfdWM64/objects/results.csv,IU
mixed,Mixed faces / AA4,r21dev_vgg16_bn_aa_s42,face_transfer,124,two_cross,CFD WM64,Objects,0.28,0.33,50,within_sampled_range,IU,115,100.0,runs/yin_noise_matrix_20260926/results/r21dev_vgg16_bn_aa_s42/faces_cfdWM64/objects/results.csv,IU
mixed,Mixed faces / AA4,r21dev_vgg16_bn_aa_s42,face_transfer,124,two_cross,CFD WM64,Objects,0.28,0.33,50,within_sampled_range,IU,116,95.83333333333334,runs/yin_noise_matrix_20260926/results/r21dev_vgg16_bn_aa_s42/faces_cfdWM64/objects/results.csv,IU
mixed,Mixed faces / AA4,r21dev_vgg16_bn_aa_s42,face_transfer,124,two_cross,CFD WM64,Objects,0.28,0.33,50,within_sampled_range,IU,117,100.0,runs/yin_noise_matrix_20260926/results/r21dev_vgg16_bn_aa_s42/faces_cfdWM64/objects/results.csv,IU
mixed,Mixed faces / AA4,r21dev_vgg16_bn_aa_s42,face_transfer,124,two_cross,CFD WM64,Objects,0.28,0.33,50,within_sampled_range,IU,118,95.83333333333334,runs/yin_noise_matrix_20260926/results/r21dev_vgg16_bn_aa_s42/faces_cfdWM64/objects/results.csv,IU
mixed,Mixed faces / AA4,r21dev_vgg16_bn_aa_s42,face_transfer,124,two_cross,CFD WM64,Objects,0.28,0.33,50,within_sampled_range,IU,119,100.0,runs/yin_noise_matrix_20260926/results/r21dev_vgg16_bn_aa_s42/faces_cfdWM64/objects/results.csv,IU
mixed,Mixed faces / AA4,r21dev_vgg16_bn_aa_s42,face_transfer,124,two_cross,CFD WM64,Objects,0.28,0.33,50,within_sampled_range,IU,120,100.0,runs/yin_noise_matrix_20260926/results/r21dev_vgg16_bn_aa_s42/faces_cfdWM64/objects/results.csv,IU
mixed,Mixed faces / AA4,r21dev_vgg16_bn_aa_s42,face_transfer,124,two_cross,CFD WM64,Objects,0.28,0.33,50,within_sampled_range,IU,121,100.0,runs/yin_noise_matrix_20260926/results/r21dev_vgg16_bn_aa_s42/faces_cfdWM64/objects/results.csv,IU
mixed,Mixed faces / AA4,r21dev_vgg16_bn_aa_s42,face_transfer,124,two_cross,CFD WM64,Objects,0.28,0.33,50,within_sampled_range,IU,122,95.83333333333334,runs/yin_noise_matrix_20260926/results/r21dev_vgg16_bn_aa_s42/faces_cfdWM64/objects/results.csv,IU
mixed,Mixed faces / AA4,r21dev_vgg16_bn_aa_s42,face_transfer,124,two_cross,CFD WM64,Objects,0.28,0.33,50,within_sampled_range,IU,123,95.83333333333334,runs/yin_noise_matrix_20260926/results/r21dev_vgg16_bn_aa_s42/faces_cfdWM64/objects/results.csv,IU
mixed,Mixed faces / AA4,r21dev_vgg16_bn_aa_s42,face_transfer,124,two_cross,CFD WM64,Objects,0.28,0.33,50,within_sampled_range,IU,124,95.83333333333334,runs/yin_noise_matrix_20260926/results/r21dev_vgg16_bn_aa_s42/faces_cfdWM64/objects/results.csv,IU
mixed,Mixed faces / AA4,r21dev_vgg16_bn_aa_s42,face_transfer,124,two_cross,CFD WM64,Objects,0.28,0.33,50,within_sampled_range,IU,125,100.0,runs/yin_noise_matrix_20260926/results/r21dev_vgg16_bn_aa_s42/faces_cfdWM64/objects/results.csv,IU
mixed,Mixed faces / AA4,r21dev_vgg16_bn_aa_s42,face_transfer,124,two_cross,CFD WM64,Objects,0.28,0.33,50,within_sampled_range,IU,126,95.83333333333334,runs/yin_noise_matrix_20260926/results/r21dev_vgg16_bn_aa_s42/faces_cfdWM64/objects/results.csv,IU
mixed,Mixed faces / AA4,r21dev_vgg16_bn_aa_s42,face_transfer,124,two_cross,CFD WM64,Objects,0.28,0.33,50,within_sampled_range,IU,127,100.0,runs/yin_noise_matrix_20260926/results/r21dev_vgg16_bn_aa_s42/faces_cfdWM64/objects/results.csv,IU
mixed,Mixed faces / AA4,r21dev_vgg16_bn_aa_s42,face_transfer,124,two_cross,CFD WM64,Objects,0.28,0.33,50,within_sampled_range,IU,128,100.0,runs/yin_noise_matrix_20260926/results/r21dev_vgg16_bn_aa_s42/faces_cfdWM64/objects/results.csv,IU
mixed,Mixed faces / AA4,r21dev_vgg16_bn_aa_s42,face_transfer,124,two_cross,CFD WM64,Objects,0.28,0.33,50,within_sampled_range,IU,129,100.0,runs/yin_noise_matrix_20260926/results/r21dev_vgg16_bn_aa_s42/faces_cfdWM64/objects/results.csv,IU
mixed,Mixed faces / AA4,r21dev_vgg16_bn_aa_s42,face_transfer,124,two_cross,CFD WM64,Objects,0.28,0.33,50,within_sampled_range,IU,130,100.0,runs/yin_noise_matrix_20260926/results/r21dev_vgg16_bn_aa_s42/faces_cfdWM64/objects/results.csv,IU
mixed,Mixed faces / AA4,r21dev_vgg16_bn_aa_s42,face_transfer,124,two_cross,CFD WM64,Objects,0.28,0.33,50,within_sampled_range,IU,131,95.83333333333334,runs/yin_noise_matrix_20260926/results/r21dev_vgg16_bn_aa_s42/faces_cfdWM64/objects/results.csv,IU
mixed,Mixed faces / AA4,r21dev_vgg16_bn_aa_s42,face_transfer,124,two_cross,CFD WM64,Objects,0.28,0.33,50,within_sampled_range,IU,132,95.83333333333334,runs/yin_noise_matrix_20260926/results/r21dev_vgg16_bn_aa_s42/faces_cfdWM64/objects/results.csv,IU
mixed,Mixed faces / AA4,r21dev_vgg16_bn_aa_s42,face_transfer,124,two_cross,CFD WM64,Objects,0.28,0.33,50,within_sampled_range,IU,133,91.66666666666666,runs/yin_noise_matrix_20260926/results/r21dev_vgg16_bn_aa_s42/faces_cfdWM64/objects/results.csv,IU
mixed,Mixed faces / AA4,r21dev_vgg16_bn_aa_s42,face_transfer,124,two_cross,CFD WM64,Objects,0.28,0.33,50,within_sampled_range,IU,134,100.0,runs/yin_noise_matrix_20260926/results/r21dev_vgg16_bn_aa_s42/faces_cfdWM64/objects/results.csv,IU
mixed,Mixed faces / AA4,r21dev_vgg16_bn_aa_s42,face_transfer,124,two_cross,CFD WM64,Objects,0.28,0.33,50,within_sampled_range,IU,135,100.0,runs/yin_noise_matrix_20260926/results/r21dev_vgg16_bn_aa_s42/faces_cfdWM64/objects/results.csv,IU
mixed,Mixed faces / AA4,r21dev_vgg16_bn_aa_s42,face_transfer,124,two_cross,CFD WM64,Objects,0.28,0.33,50,within_sampled_range,IU,136,95.83333333333334,runs/yin_noise_matrix_20260926/results/r21dev_vgg16_bn_aa_s42/faces_cfdWM64/objects/results.csv,IU
mixed,Mixed faces / AA4,r21dev_vgg16_bn_aa_s42,face_transfer,124,two_cross,CFD WM64,Objects,0.28,0.33,50,within_sampled_range,IU,137,100.0,runs/yin_noise_matrix_20260926/results/r21dev_vgg16_bn_aa_s42/faces_cfdWM64/objects/results.csv,IU
mixed,Mixed faces / AA4,r21dev_vgg16_bn_aa_s42,face_transfer,124,two_cross,CFD WM64,Objects,0.28,0.33,50,within_sampled_range,IU,138,91.66666666666666,runs/yin_noise_matrix_20260926/results/r21dev_vgg16_bn_aa_s42/faces_cfdWM64/objects/results.csv,IU
mixed,Mixed faces / AA4,r21dev_vgg16_bn_aa_s42,face_transfer,124,two_cross,CFD WM64,Objects,0.28,0.33,50,within_sampled_range,IU,139,91.66666666666666,runs/yin_noise_matrix_20260926/results/r21dev_vgg16_bn_aa_s42/faces_cfdWM64/objects/results.csv,IU
mixed,Mixed faces / AA4,r21dev_vgg16_bn_aa_s42,face_transfer,124,two_cross,CFD WM64,Objects,0.28,0.33,50,within_sampled_range,IU,140,91.66666666666666,runs/yin_noise_matrix_20260926/results/r21dev_vgg16_bn_aa_s42/faces_cfdWM64/objects/results.csv,IU
mixed,Mixed faces / AA4,r21dev_vgg16_bn_aa_s42,face_transfer,124,two_cross,CFD WM64,Objects,0.28,0.33,50,within_sampled_range,IU,141,91.66666666666666,runs/yin_noise_matrix_20260926/results/r21dev_vgg16_bn_aa_s42/faces_cfdWM64/objects/results.csv,IU
mixed,Mixed faces / AA4,r21dev_vgg16_bn_aa_s42,face_transfer,124,two_cross,CFD WM64,Objects,0.28,0.33,50,within_sampled_range,IU,142,95.83333333333334,runs/yin_noise_matrix_20260926/results/r21dev_vgg16_bn_aa_s42/faces_cfdWM64/objects/results.csv,IU
mixed,Mixed faces / AA4,r21dev_vgg16_bn_aa_s42,face_transfer,124,two_cross,CFD WM64,Objects,0.28,0.33,50,within_sampled_range,IU,143,100.0,runs/yin_noise_matrix_20260926/results/r21dev_vgg16_bn_aa_s42/faces_cfdWM64/objects/results.csv,IU
mixed,Mixed faces / AA4,r21dev_vgg16_bn_aa_s42,face_transfer,124,two_cross,CFD WM64,Objects,0.28,0.33,50,within_sampled_range,IU,144,100.0,runs/yin_noise_matrix_20260926/results/r21dev_vgg16_bn_aa_s42/faces_cfdWM64/objects/results.csv,IU
mixed,Mixed faces / AA4,r21dev_vgg16_bn_aa_s42,face_transfer,124,two_cross,CFD WM64,Objects,0.28,0.33,50,within_sampled_range,IU,145,91.66666666666666,runs/yin_noise_matrix_20260926/results/r21dev_vgg16_bn_aa_s42/faces_cfdWM64/objects/results.csv,IU
mixed,Mixed faces / AA4,r21dev_vgg16_bn_aa_s42,face_transfer,124,two_cross,CFD WM64,Objects,0.28,0.33,50,within_sampled_range,IU,146,95.83333333333334,runs/yin_noise_matrix_20260926/results/r21dev_vgg16_bn_aa_s42/faces_cfdWM64/objects/results.csv,IU
mixed,Mixed faces / AA4,r21dev_vgg16_bn_aa_s42,face_transfer,124,two_cross,CFD WM64,Objects,0.28,0.33,50,within_sampled_range,IU,147,95.83333333333334,runs/yin_noise_matrix_20260926/results/r21dev_vgg16_bn_aa_s42/faces_cfdWM64/objects/results.csv,IU
mixed,Mixed faces / AA4,r21dev_vgg16_bn_aa_s42,face_transfer,124,two_cross,CFD WM64,Objects,0.28,0.33,50,within_sampled_range,IU,148,100.0,runs/yin_noise_matrix_20260926/results/r21dev_vgg16_bn_aa_s42/faces_cfdWM64/objects/results.csv,IU
mixed,Mixed faces / AA4,r21dev_vgg16_bn_aa_s42,face_transfer,124,two_cross,CFD WM64,Objects,0.28,0.33,50,within_sampled_range,IU,149,91.66666666666666,runs/yin_noise_matrix_20260926/results/r21dev_vgg16_bn_aa_s42/faces_cfdWM64/objects/results.csv,IU
mixed,Mixed faces / AA4,r21dev_vgg16_bn_aa_s42,face_transfer,124,two_cross,CFD WM64,Objects,0.28,0.33,50,within_sampled_range,IU,150,100.0,runs/yin_noise_matrix_20260926/results/r21dev_vgg16_bn_aa_s42/faces_cfdWM64/objects/results.csv,IU
mixed,Mixed faces / AA4,r21dev_vgg16_bn_aa_s42,face_transfer,124,two_shared_ui,CFD WM64,Objects,0.28,0.33,50,within_sampled_range,UU,101,95.83333333333334,runs/yin_noise_matrix_20260926/results/r21dev_vgg16_bn_aa_s42/faces_cfdWM64/objects/results.csv,UU
mixed,Mixed faces / AA4,r21dev_vgg16_bn_aa_s42,face_transfer,124,two_shared_ui,CFD WM64,Objects,0.28,0.33,50,within_sampled_range,UU,102,91.66666666666666,runs/yin_noise_matrix_20260926/results/r21dev_vgg16_bn_aa_s42/faces_cfdWM64/objects/results.csv,UU
mixed,Mixed faces / AA4,r21dev_vgg16_bn_aa_s42,face_transfer,124,two_shared_ui,CFD WM64,Objects,0.28,0.33,50,within_sampled_range,UU,103,100.0,runs/yin_noise_matrix_20260926/results/r21dev_vgg16_bn_aa_s42/faces_cfdWM64/objects/results.csv,UU
mixed,Mixed faces / AA4,r21dev_vgg16_bn_aa_s42,face_transfer,124,two_shared_ui,CFD WM64,Objects,0.28,0.33,50,within_sampled_range,UU,104,100.0,runs/yin_noise_matrix_20260926/results/r21dev_vgg16_bn_aa_s42/faces_cfdWM64/objects/results.csv,UU
mixed,Mixed faces / AA4,r21dev_vgg16_bn_aa_s42,face_transfer,124,two_shared_ui,CFD WM64,Objects,0.28,0.33,50,within_sampled_range,UU,105,100.0,runs/yin_noise_matrix_20260926/results/r21dev_vgg16_bn_aa_s42/faces_cfdWM64/objects/results.csv,UU
mixed,Mixed faces / AA4,r21dev_vgg16_bn_aa_s42,face_transfer,124,two_shared_ui,CFD WM64,Objects,0.28,0.33,50,within_sampled_range,UU,106,95.83333333333334,runs/yin_noise_matrix_20260926/results/r21dev_vgg16_bn_aa_s42/faces_cfdWM64/objects/results.csv,UU
mixed,Mixed faces / AA4,r21dev_vgg16_bn_aa_s42,face_transfer,124,two_shared_ui,CFD WM64,Objects,0.28,0.33,50,within_sampled_range,UU,107,95.83333333333334,runs/yin_noise_matrix_20260926/results/r21dev_vgg16_bn_aa_s42/faces_cfdWM64/objects/results.csv,UU
mixed,Mixed faces / AA4,r21dev_vgg16_bn_aa_s42,face_transfer,124,two_shared_ui,CFD WM64,Objects,0.28,0.33,50,within_sampled_range,UU,108,100.0,runs/yin_noise_matrix_20260926/results/r21dev_vgg16_bn_aa_s42/faces_cfdWM64/objects/results.csv,UU
mixed,Mixed faces / AA4,r21dev_vgg16_bn_aa_s42,face_transfer,124,two_shared_ui,CFD WM64,Objects,0.28,0.33,50,within_sampled_range,UU,109,100.0,runs/yin_noise_matrix_20260926/results/r21dev_vgg16_bn_aa_s42/faces_cfdWM64/objects/results.csv,UU
mixed,Mixed faces / AA4,r21dev_vgg16_bn_aa_s42,face_transfer,124,two_shared_ui,CFD WM64,Objects,0.28,0.33,50,within_sampled_range,UU,110,95.83333333333334,runs/yin_noise_matrix_20260926/results/r21dev_vgg16_bn_aa_s42/faces_cfdWM64/objects/results.csv,UU
mixed,Mixed faces / AA4,r21dev_vgg16_bn_aa_s42,face_transfer,124,two_shared_ui,CFD WM64,Objects,0.28,0.33,50,within_sampled_range,UU,111,95.83333333333334,runs/yin_noise_matrix_20260926/results/r21dev_vgg16_bn_aa_s42/faces_cfdWM64/objects/results.csv,UU
mixed,Mixed faces / AA4,r21dev_vgg16_bn_aa_s42,face_transfer,124,two_shared_ui,CFD WM64,Objects,0.28,0.33,50,within_sampled_range,UU,112,100.0,runs/yin_noise_matrix_20260926/results/r21dev_vgg16_bn_aa_s42/faces_cfdWM64/objects/results.csv,UU
mixed,Mixed faces / AA4,r21dev_vgg16_bn_aa_s42,face_transfer,124,two_shared_ui,CFD WM64,Objects,0.28,0.33,50,within_sampled_range,UU,113,100.0,runs/yin_noise_matrix_20260926/results/r21dev_vgg16_bn_aa_s42/faces_cfdWM64/objects/results.csv,UU
mixed,Mixed faces / AA4,r21dev_vgg16_bn_aa_s42,face_transfer,124,two_shared_ui,CFD WM64,Objects,0.28,0.33,50,within_sampled_range,UU,114,100.0,runs/yin_noise_matrix_20260926/results/r21dev_vgg16_bn_aa_s42/faces_cfdWM64/objects/results.csv,UU
mixed,Mixed faces / AA4,r21dev_vgg16_bn_aa_s42,face_transfer,124,two_shared_ui,CFD WM64,Objects,0.28,0.33,50,within_sampled_range,UU,115,95.83333333333334,runs/yin_noise_matrix_20260926/results/r21dev_vgg16_bn_aa_s42/faces_cfdWM64/objects/results.csv,UU
mixed,Mixed faces / AA4,r21dev_vgg16_bn_aa_s42,face_transfer,124,two_shared_ui,CFD WM64,Objects,0.28,0.33,50,within_sampled_range,UU,116,100.0,runs/yin_noise_matrix_20260926/results/r21dev_vgg16_bn_aa_s42/faces_cfdWM64/objects/results.csv,UU
mixed,Mixed faces / AA4,r21dev_vgg16_bn_aa_s42,face_transfer,124,two_shared_ui,CFD WM64,Objects,0.28,0.33,50,within_sampled_range,UU,117,100.0,runs/yin_noise_matrix_20260926/results/r21dev_vgg16_bn_aa_s42/faces_cfdWM64/objects/results.csv,UU
mixed,Mixed faces / AA4,r21dev_vgg16_bn_aa_s42,face_transfer,124,two_shared_ui,CFD WM64,Objects,0.28,0.33,50,within_sampled_range,UU,118,100.0,runs/yin_noise_matrix_20260926/results/r21dev_vgg16_bn_aa_s42/faces_cfdWM64/objects/results.csv,UU
mixed,Mixed faces / AA4,r21dev_vgg16_bn_aa_s42,face_transfer,124,two_shared_ui,CFD WM64,Objects,0.28,0.33,50,within_sampled_range,UU,119,100.0,runs/yin_noise_matrix_20260926/results/r21dev_vgg16_bn_aa_s42/faces_cfdWM64/objects/results.csv,UU
mixed,Mixed faces / AA4,r21dev_vgg16_bn_aa_s42,face_transfer,124,two_shared_ui,CFD WM64,Objects,0.28,0.33,50,within_sampled_range,UU,120,95.83333333333334,runs/yin_noise_matrix_20260926/results/r21dev_vgg16_bn_aa_s42/faces_cfdWM64/objects/results.csv,UU
mixed,Mixed faces / AA4,r21dev_vgg16_bn_aa_s42,face_transfer,124,two_shared_ui,CFD WM64,Objects,0.28,0.33,50,within_sampled_range,UU,121,100.0,runs/yin_noise_matrix_20260926/results/r21dev_vgg16_bn_aa_s42/faces_cfdWM64/objects/results.csv,UU
mixed,Mixed faces / AA4,r21dev_vgg16_bn_aa_s42,face_transfer,124,two_shared_ui,CFD WM64,Objects,0.28,0.33,50,within_sampled_range,UU,122,95.83333333333334,runs/yin_noise_matrix_20260926/results/r21dev_vgg16_bn_aa_s42/faces_cfdWM64/objects/results.csv,UU
mixed,Mixed faces / AA4,r21dev_vgg16_bn_aa_s42,face_transfer,124,two_shared_ui,CFD WM64,Objects,0.28,0.33,50,within_sampled_range,UU,123,95.83333333333334,runs/yin_noise_matrix_20260926/results/r21dev_vgg16_bn_aa_s42/faces_cfdWM64/objects/results.csv,UU
mixed,Mixed faces / AA4,r21dev_vgg16_bn_aa_s42,face_transfer,124,two_shared_ui,CFD WM64,Objects,0.28,0.33,50,within_sampled_range,UU,124,95.83333333333334,runs/yin_noise_matrix_20260926/results/r21dev_vgg16_bn_aa_s42/faces_cfdWM64/objects/results.csv,UU
mixed,Mixed faces / AA4,r21dev_vgg16_bn_aa_s42,face_transfer,124,two_shared_ui,CFD WM64,Objects,0.28,0.33,50,within_sampled_range,UU,125,100.0,runs/yin_noise_matrix_20260926/results/r21dev_vgg16_bn_aa_s42/faces_cfdWM64/objects/results.csv,UU
mixed,Mixed faces / AA4,r21dev_vgg16_bn_aa_s42,face_transfer,124,two_shared_ui,CFD WM64,Objects,0.28,0.33,50,within_sampled_range,UU,126,100.0,runs/yin_noise_matrix_20260926/results/r21dev_vgg16_bn_aa_s42/faces_cfdWM64/objects/results.csv,UU
mixed,Mixed faces / AA4,r21dev_vgg16_bn_aa_s42,face_transfer,124,two_shared_ui,CFD WM64,Objects,0.28,0.33,50,within_sampled_range,UU,127,100.0,runs/yin_noise_matrix_20260926/results/r21dev_vgg16_bn_aa_s42/faces_cfdWM64/objects/results.csv,UU
mixed,Mixed faces / AA4,r21dev_vgg16_bn_aa_s42,face_transfer,124,two_shared_ui,CFD WM64,Objects,0.28,0.33,50,within_sampled_range,UU,128,100.0,runs/yin_noise_matrix_20260926/results/r21dev_vgg16_bn_aa_s42/faces_cfdWM64/objects/results.csv,UU
mixed,Mixed faces / AA4,r21dev_vgg16_bn_aa_s42,face_transfer,124,two_shared_ui,CFD WM64,Objects,0.28,0.33,50,within_sampled_range,UU,129,100.0,runs/yin_noise_matrix_20260926/results/r21dev_vgg16_bn_aa_s42/faces_cfdWM64/objects/results.csv,UU
mixed,Mixed faces / AA4,r21dev_vgg16_bn_aa_s42,face_transfer,124,two_shared_ui,CFD WM64,Objects,0.28,0.33,50,within_sampled_range,UU,130,100.0,runs/yin_noise_matrix_20260926/results/r21dev_vgg16_bn_aa_s42/faces_cfdWM64/objects/results.csv,UU
mixed,Mixed faces / AA4,r21dev_vgg16_bn_aa_s42,face_transfer,124,two_shared_ui,CFD WM64,Objects,0.28,0.33,50,within_sampled_range,UU,131,95.83333333333334,runs/yin_noise_matrix_20260926/results/r21dev_vgg16_bn_aa_s42/faces_cfdWM64/objects/results.csv,UU
mixed,Mixed faces / AA4,r21dev_vgg16_bn_aa_s42,face_transfer,124,two_shared_ui,CFD WM64,Objects,0.28,0.33,50,within_sampled_range,UU,132,95.83333333333334,runs/yin_noise_matrix_20260926/results/r21dev_vgg16_bn_aa_s42/faces_cfdWM64/objects/results.csv,UU
mixed,Mixed faces / AA4,r21dev_vgg16_bn_aa_s42,face_transfer,124,two_shared_ui,CFD WM64,Objects,0.28,0.33,50,within_sampled_range,UU,133,95.83333333333334,runs/yin_noise_matrix_20260926/results/r21dev_vgg16_bn_aa_s42/faces_cfdWM64/objects/results.csv,UU
mixed,Mixed faces / AA4,r21dev_vgg16_bn_aa_s42,face_transfer,124,two_shared_ui,CFD WM64,Objects,0.28,0.33,50,within_sampled_range,UU,134,100.0,runs/yin_noise_matrix_20260926/results/r21dev_vgg16_bn_aa_s42/faces_cfdWM64/objects/results.csv,UU
mixed,Mixed faces / AA4,r21dev_vgg16_bn_aa_s42,face_transfer,124,two_shared_ui,CFD WM64,Objects,0.28,0.33,50,within_sampled_range,UU,135,100.0,runs/yin_noise_matrix_20260926/results/r21dev_vgg16_bn_aa_s42/faces_cfdWM64/objects/results.csv,UU
mixed,Mixed faces / AA4,r21dev_vgg16_bn_aa_s42,face_transfer,124,two_shared_ui,CFD WM64,Objects,0.28,0.33,50,within_sampled_range,UU,136,100.0,runs/yin_noise_matrix_20260926/results/r21dev_vgg16_bn_aa_s42/faces_cfdWM64/objects/results.csv,UU
mixed,Mixed faces / AA4,r21dev_vgg16_bn_aa_s42,face_transfer,124,two_shared_ui,CFD WM64,Objects,0.28,0.33,50,within_sampled_range,UU,137,100.0,runs/yin_noise_matrix_20260926/results/r21dev_vgg16_bn_aa_s42/faces_cfdWM64/objects/results.csv,UU
mixed,Mixed faces / AA4,r21dev_vgg16_bn_aa_s42,face_transfer,124,two_shared_ui,CFD WM64,Objects,0.28,0.33,50,within_sampled_range,UU,138,100.0,runs/yin_noise_matrix_20260926/results/r21dev_vgg16_bn_aa_s42/faces_cfdWM64/objects/results.csv,UU
mixed,Mixed faces / AA4,r21dev_vgg16_bn_aa_s42,face_transfer,124,two_shared_ui,CFD WM64,Objects,0.28,0.33,50,within_sampled_range,UU,139,95.83333333333334,runs/yin_noise_matrix_20260926/results/r21dev_vgg16_bn_aa_s42/faces_cfdWM64/objects/results.csv,UU
mixed,Mixed faces / AA4,r21dev_vgg16_bn_aa_s42,face_transfer,124,two_shared_ui,CFD WM64,Objects,0.28,0.33,50,within_sampled_range,UU,140,95.83333333333334,runs/yin_noise_matrix_20260926/results/r21dev_vgg16_bn_aa_s42/faces_cfdWM64/objects/results.csv,UU
mixed,Mixed faces / AA4,r21dev_vgg16_bn_aa_s42,face_transfer,124,two_shared_ui,CFD WM64,Objects,0.28,0.33,50,within_sampled_range,UU,141,100.0,runs/yin_noise_matrix_20260926/results/r21dev_vgg16_bn_aa_s42/faces_cfdWM64/objects/results.csv,UU
mixed,Mixed faces / AA4,r21dev_vgg16_bn_aa_s42,face_transfer,124,two_shared_ui,CFD WM64,Objects,0.28,0.33,50,within_sampled_range,UU,142,100.0,runs/yin_noise_matrix_20260926/results/r21dev_vgg16_bn_aa_s42/faces_cfdWM64/objects/results.csv,UU
mixed,Mixed faces / AA4,r21dev_vgg16_bn_aa_s42,face_transfer,124,two_shared_ui,CFD WM64,Objects,0.28,0.33,50,within_sampled_range,UU,143,100.0,runs/yin_noise_matrix_20260926/results/r21dev_vgg16_bn_aa_s42/faces_cfdWM64/objects/results.csv,UU
mixed,Mixed faces / AA4,r21dev_vgg16_bn_aa_s42,face_transfer,124,two_shared_ui,CFD WM64,Objects,0.28,0.33,50,within_sampled_range,UU,144,100.0,runs/yin_noise_matrix_20260926/results/r21dev_vgg16_bn_aa_s42/faces_cfdWM64/objects/results.csv,UU
mixed,Mixed faces / AA4,r21dev_vgg16_bn_aa_s42,face_transfer,124,two_shared_ui,CFD WM64,Objects,0.28,0.33,50,within_sampled_range,UU,145,100.0,runs/yin_noise_matrix_20260926/results/r21dev_vgg16_bn_aa_s42/faces_cfdWM64/objects/results.csv,UU
mixed,Mixed faces / AA4,r21dev_vgg16_bn_aa_s42,face_transfer,124,two_shared_ui,CFD WM64,Objects,0.28,0.33,50,within_sampled_range,UU,146,100.0,runs/yin_noise_matrix_20260926/results/r21dev_vgg16_bn_aa_s42/faces_cfdWM64/objects/results.csv,UU
mixed,Mixed faces / AA4,r21dev_vgg16_bn_aa_s42,face_transfer,124,two_shared_ui,CFD WM64,Objects,0.28,0.33,50,within_sampled_range,UU,147,100.0,runs/yin_noise_matrix_20260926/results/r21dev_vgg16_bn_aa_s42/faces_cfdWM64/objects/results.csv,UU
mixed,Mixed faces / AA4,r21dev_vgg16_bn_aa_s42,face_transfer,124,two_shared_ui,CFD WM64,Objects,0.28,0.33,50,within_sampled_range,UU,148,100.0,runs/yin_noise_matrix_20260926/results/r21dev_vgg16_bn_aa_s42/faces_cfdWM64/objects/results.csv,UU
mixed,Mixed faces / AA4,r21dev_vgg16_bn_aa_s42,face_transfer,124,two_shared_ui,CFD WM64,Objects,0.28,0.33,50,within_sampled_range,UU,149,91.66666666666666,runs/yin_noise_matrix_20260926/results/r21dev_vgg16_bn_aa_s42/faces_cfdWM64/objects/results.csv,UU
mixed,Mixed faces / AA4,r21dev_vgg16_bn_aa_s42,face_transfer,124,two_shared_ui,CFD WM64,Objects,0.28,0.33,50,within_sampled_range,UU,150,95.83333333333334,runs/yin_noise_matrix_20260926/results/r21dev_vgg16_bn_aa_s42/faces_cfdWM64/objects/results.csv,UU
mixed,Mixed faces / AA4,r21dev_vgg16_bn_aa_s42,face_transfer,124,two_shared_ui,CFD WM64,Objects,0.28,0.33,50,within_sampled_range,II,101,95.83333333333334,runs/yin_noise_matrix_20260926/results/r21dev_vgg16_bn_aa_s42/faces_cfdWM64/objects/results.csv,II
mixed,Mixed faces / AA4,r21dev_vgg16_bn_aa_s42,face_transfer,124,two_shared_ui,CFD WM64,Objects,0.28,0.33,50,within_sampled_range,II,102,100.0,runs/yin_noise_matrix_20260926/results/r21dev_vgg16_bn_aa_s42/faces_cfdWM64/objects/results.csv,II
mixed,Mixed faces / AA4,r21dev_vgg16_bn_aa_s42,face_transfer,124,two_shared_ui,CFD WM64,Objects,0.28,0.33,50,within_sampled_range,II,103,100.0,runs/yin_noise_matrix_20260926/results/r21dev_vgg16_bn_aa_s42/faces_cfdWM64/objects/results.csv,II
mixed,Mixed faces / AA4,r21dev_vgg16_bn_aa_s42,face_transfer,124,two_shared_ui,CFD WM64,Objects,0.28,0.33,50,within_sampled_range,II,104,95.83333333333334,runs/yin_noise_matrix_20260926/results/r21dev_vgg16_bn_aa_s42/faces_cfdWM64/objects/results.csv,II
mixed,Mixed faces / AA4,r21dev_vgg16_bn_aa_s42,face_transfer,124,two_shared_ui,CFD WM64,Objects,0.28,0.33,50,within_sampled_range,II,105,100.0,runs/yin_noise_matrix_20260926/results/r21dev_vgg16_bn_aa_s42/faces_cfdWM64/objects/results.csv,II
mixed,Mixed faces / AA4,r21dev_vgg16_bn_aa_s42,face_transfer,124,two_shared_ui,CFD WM64,Objects,0.28,0.33,50,within_sampled_range,II,106,100.0,runs/yin_noise_matrix_20260926/results/r21dev_vgg16_bn_aa_s42/faces_cfdWM64/objects/results.csv,II
mixed,Mixed faces / AA4,r21dev_vgg16_bn_aa_s42,face_transfer,124,two_shared_ui,CFD WM64,Objects,0.28,0.33,50,within_sampled_range,II,107,95.83333333333334,runs/yin_noise_matrix_20260926/results/r21dev_vgg16_bn_aa_s42/faces_cfdWM64/objects/results.csv,II
mixed,Mixed faces / AA4,r21dev_vgg16_bn_aa_s42,face_transfer,124,two_shared_ui,CFD WM64,Objects,0.28,0.33,50,within_sampled_range,II,108,100.0,runs/yin_noise_matrix_20260926/results/r21dev_vgg16_bn_aa_s42/faces_cfdWM64/objects/results.csv,II
mixed,Mixed faces / AA4,r21dev_vgg16_bn_aa_s42,face_transfer,124,two_shared_ui,CFD WM64,Objects,0.28,0.33,50,within_sampled_range,II,109,95.83333333333334,runs/yin_noise_matrix_20260926/results/r21dev_vgg16_bn_aa_s42/faces_cfdWM64/objects/results.csv,II
mixed,Mixed faces / AA4,r21dev_vgg16_bn_aa_s42,face_transfer,124,two_shared_ui,CFD WM64,Objects,0.28,0.33,50,within_sampled_range,II,110,100.0,runs/yin_noise_matrix_20260926/results/r21dev_vgg16_bn_aa_s42/faces_cfdWM64/objects/results.csv,II
mixed,Mixed faces / AA4,r21dev_vgg16_bn_aa_s42,face_transfer,124,two_shared_ui,CFD WM64,Objects,0.28,0.33,50,within_sampled_range,II,111,91.66666666666666,runs/yin_noise_matrix_20260926/results/r21dev_vgg16_bn_aa_s42/faces_cfdWM64/objects/results.csv,II
mixed,Mixed faces / AA4,r21dev_vgg16_bn_aa_s42,face_transfer,124,two_shared_ui,CFD WM64,Objects,0.28,0.33,50,within_sampled_range,II,112,91.66666666666666,runs/yin_noise_matrix_20260926/results/r21dev_vgg16_bn_aa_s42/faces_cfdWM64/objects/results.csv,II
mixed,Mixed faces / AA4,r21dev_vgg16_bn_aa_s42,face_transfer,124,two_shared_ui,CFD WM64,Objects,0.28,0.33,50,within_sampled_range,II,113,95.83333333333334,runs/yin_noise_matrix_20260926/results/r21dev_vgg16_bn_aa_s42/faces_cfdWM64/objects/results.csv,II
mixed,Mixed faces / AA4,r21dev_vgg16_bn_aa_s42,face_transfer,124,two_shared_ui,CFD WM64,Objects,0.28,0.33,50,within_sampled_range,II,114,100.0,runs/yin_noise_matrix_20260926/results/r21dev_vgg16_bn_aa_s42/faces_cfdWM64/objects/results.csv,II
mixed,Mixed faces / AA4,r21dev_vgg16_bn_aa_s42,face_transfer,124,two_shared_ui,CFD WM64,Objects,0.28,0.33,50,within_sampled_range,II,115,100.0,runs/yin_noise_matrix_20260926/results/r21dev_vgg16_bn_aa_s42/faces_cfdWM64/objects/results.csv,II
mixed,Mixed faces / AA4,r21dev_vgg16_bn_aa_s42,face_transfer,124,two_shared_ui,CFD WM64,Objects,0.28,0.33,50,within_sampled_range,II,116,100.0,runs/yin_noise_matrix_20260926/results/r21dev_vgg16_bn_aa_s42/faces_cfdWM64/objects/results.csv,II
mixed,Mixed faces / AA4,r21dev_vgg16_bn_aa_s42,face_transfer,124,two_shared_ui,CFD WM64,Objects,0.28,0.33,50,within_sampled_range,II,117,95.83333333333334,runs/yin_noise_matrix_20260926/results/r21dev_vgg16_bn_aa_s42/faces_cfdWM64/objects/results.csv,II
mixed,Mixed faces / AA4,r21dev_vgg16_bn_aa_s42,face_transfer,124,two_shared_ui,CFD WM64,Objects,0.28,0.33,50,within_sampled_range,II,118,100.0,runs/yin_noise_matrix_20260926/results/r21dev_vgg16_bn_aa_s42/faces_cfdWM64/objects/results.csv,II
mixed,Mixed faces / AA4,r21dev_vgg16_bn_aa_s42,face_transfer,124,two_shared_ui,CFD WM64,Objects,0.28,0.33,50,within_sampled_range,II,119,100.0,runs/yin_noise_matrix_20260926/results/r21dev_vgg16_bn_aa_s42/faces_cfdWM64/objects/results.csv,II
mixed,Mixed faces / AA4,r21dev_vgg16_bn_aa_s42,face_transfer,124,two_shared_ui,CFD WM64,Objects,0.28,0.33,50,within_sampled_range,II,120,100.0,runs/yin_noise_matrix_20260926/results/r21dev_vgg16_bn_aa_s42/faces_cfdWM64/objects/results.csv,II
mixed,Mixed faces / AA4,r21dev_vgg16_bn_aa_s42,face_transfer,124,two_shared_ui,CFD WM64,Objects,0.28,0.33,50,within_sampled_range,II,121,95.83333333333334,runs/yin_noise_matrix_20260926/results/r21dev_vgg16_bn_aa_s42/faces_cfdWM64/objects/results.csv,II
mixed,Mixed faces / AA4,r21dev_vgg16_bn_aa_s42,face_transfer,124,two_shared_ui,CFD WM64,Objects,0.28,0.33,50,within_sampled_range,II,122,91.66666666666666,runs/yin_noise_matrix_20260926/results/r21dev_vgg16_bn_aa_s42/faces_cfdWM64/objects/results.csv,II
mixed,Mixed faces / AA4,r21dev_vgg16_bn_aa_s42,face_transfer,124,two_shared_ui,CFD WM64,Objects,0.28,0.33,50,within_sampled_range,II,123,100.0,runs/yin_noise_matrix_20260926/results/r21dev_vgg16_bn_aa_s42/faces_cfdWM64/objects/results.csv,II
mixed,Mixed faces / AA4,r21dev_vgg16_bn_aa_s42,face_transfer,124,two_shared_ui,CFD WM64,Objects,0.28,0.33,50,within_sampled_range,II,124,100.0,runs/yin_noise_matrix_20260926/results/r21dev_vgg16_bn_aa_s42/faces_cfdWM64/objects/results.csv,II
mixed,Mixed faces / AA4,r21dev_vgg16_bn_aa_s42,face_transfer,124,two_shared_ui,CFD WM64,Objects,0.28,0.33,50,within_sampled_range,II,125,100.0,runs/yin_noise_matrix_20260926/results/r21dev_vgg16_bn_aa_s42/faces_cfdWM64/objects/results.csv,II
mixed,Mixed faces / AA4,r21dev_vgg16_bn_aa_s42,face_transfer,124,two_shared_ui,CFD WM64,Objects,0.28,0.33,50,within_sampled_range,II,126,100.0,runs/yin_noise_matrix_20260926/results/r21dev_vgg16_bn_aa_s42/faces_cfdWM64/objects/results.csv,II
mixed,Mixed faces / AA4,r21dev_vgg16_bn_aa_s42,face_transfer,124,two_shared_ui,CFD WM64,Objects,0.28,0.33,50,within_sampled_range,II,127,95.83333333333334,runs/yin_noise_matrix_20260926/results/r21dev_vgg16_bn_aa_s42/faces_cfdWM64/objects/results.csv,II
mixed,Mixed faces / AA4,r21dev_vgg16_bn_aa_s42,face_transfer,124,two_shared_ui,CFD WM64,Objects,0.28,0.33,50,within_sampled_range,II,128,100.0,runs/yin_noise_matrix_20260926/results/r21dev_vgg16_bn_aa_s42/faces_cfdWM64/objects/results.csv,II
mixed,Mixed faces / AA4,r21dev_vgg16_bn_aa_s42,face_transfer,124,two_shared_ui,CFD WM64,Objects,0.28,0.33,50,within_sampled_range,II,129,100.0,runs/yin_noise_matrix_20260926/results/r21dev_vgg16_bn_aa_s42/faces_cfdWM64/objects/results.csv,II
mixed,Mixed faces / AA4,r21dev_vgg16_bn_aa_s42,face_transfer,124,two_shared_ui,CFD WM64,Objects,0.28,0.33,50,within_sampled_range,II,130,100.0,runs/yin_noise_matrix_20260926/results/r21dev_vgg16_bn_aa_s42/faces_cfdWM64/objects/results.csv,II
mixed,Mixed faces / AA4,r21dev_vgg16_bn_aa_s42,face_transfer,124,two_shared_ui,CFD WM64,Objects,0.28,0.33,50,within_sampled_range,II,131,95.83333333333334,runs/yin_noise_matrix_20260926/results/r21dev_vgg16_bn_aa_s42/faces_cfdWM64/objects/results.csv,II
mixed,Mixed faces / AA4,r21dev_vgg16_bn_aa_s42,face_transfer,124,two_shared_ui,CFD WM64,Objects,0.28,0.33,50,within_sampled_range,II,132,95.83333333333334,runs/yin_noise_matrix_20260926/results/r21dev_vgg16_bn_aa_s42/faces_cfdWM64/objects/results.csv,II
mixed,Mixed faces / AA4,r21dev_vgg16_bn_aa_s42,face_transfer,124,two_shared_ui,CFD WM64,Objects,0.28,0.33,50,within_sampled_range,II,133,100.0,runs/yin_noise_matrix_20260926/results/r21dev_vgg16_bn_aa_s42/faces_cfdWM64/objects/results.csv,II
mixed,Mixed faces / AA4,r21dev_vgg16_bn_aa_s42,face_transfer,124,two_shared_ui,CFD WM64,Objects,0.28,0.33,50,within_sampled_range,II,134,100.0,runs/yin_noise_matrix_20260926/results/r21dev_vgg16_bn_aa_s42/faces_cfdWM64/objects/results.csv,II
mixed,Mixed faces / AA4,r21dev_vgg16_bn_aa_s42,face_transfer,124,two_shared_ui,CFD WM64,Objects,0.28,0.33,50,within_sampled_range,II,135,91.66666666666666,runs/yin_noise_matrix_20260926/results/r21dev_vgg16_bn_aa_s42/faces_cfdWM64/objects/results.csv,II
mixed,Mixed faces / AA4,r21dev_vgg16_bn_aa_s42,face_transfer,124,two_shared_ui,CFD WM64,Objects,0.28,0.33,50,within_sampled_range,II,136,95.83333333333334,runs/yin_noise_matrix_20260926/results/r21dev_vgg16_bn_aa_s42/faces_cfdWM64/objects/results.csv,II
mixed,Mixed faces / AA4,r21dev_vgg16_bn_aa_s42,face_transfer,124,two_shared_ui,CFD WM64,Objects,0.28,0.33,50,within_sampled_range,II,137,100.0,runs/yin_noise_matrix_20260926/results/r21dev_vgg16_bn_aa_s42/faces_cfdWM64/objects/results.csv,II
mixed,Mixed faces / AA4,r21dev_vgg16_bn_aa_s42,face_transfer,124,two_shared_ui,CFD WM64,Objects,0.28,0.33,50,within_sampled_range,II,138,100.0,runs/yin_noise_matrix_20260926/results/r21dev_vgg16_bn_aa_s42/faces_cfdWM64/objects/results.csv,II
mixed,Mixed faces / AA4,r21dev_vgg16_bn_aa_s42,face_transfer,124,two_shared_ui,CFD WM64,Objects,0.28,0.33,50,within_sampled_range,II,139,95.83333333333334,runs/yin_noise_matrix_20260926/results/r21dev_vgg16_bn_aa_s42/faces_cfdWM64/objects/results.csv,II
mixed,Mixed faces / AA4,r21dev_vgg16_bn_aa_s42,face_transfer,124,two_shared_ui,CFD WM64,Objects,0.28,0.33,50,within_sampled_range,II,140,95.83333333333334,runs/yin_noise_matrix_20260926/results/r21dev_vgg16_bn_aa_s42/faces_cfdWM64/objects/results.csv,II
mixed,Mixed faces / AA4,r21dev_vgg16_bn_aa_s42,face_transfer,124,two_shared_ui,CFD WM64,Objects,0.28,0.33,50,within_sampled_range,II,141,100.0,runs/yin_noise_matrix_20260926/results/r21dev_vgg16_bn_aa_s42/faces_cfdWM64/objects/results.csv,II
mixed,Mixed faces / AA4,r21dev_vgg16_bn_aa_s42,face_transfer,124,two_shared_ui,CFD WM64,Objects,0.28,0.33,50,within_sampled_range,II,142,100.0,runs/yin_noise_matrix_20260926/results/r21dev_vgg16_bn_aa_s42/faces_cfdWM64/objects/results.csv,II
mixed,Mixed faces / AA4,r21dev_vgg16_bn_aa_s42,face_transfer,124,two_shared_ui,CFD WM64,Objects,0.28,0.33,50,within_sampled_range,II,143,100.0,runs/yin_noise_matrix_20260926/results/r21dev_vgg16_bn_aa_s42/faces_cfdWM64/objects/results.csv,II
mixed,Mixed faces / AA4,r21dev_vgg16_bn_aa_s42,face_transfer,124,two_shared_ui,CFD WM64,Objects,0.28,0.33,50,within_sampled_range,II,144,100.0,runs/yin_noise_matrix_20260926/results/r21dev_vgg16_bn_aa_s42/faces_cfdWM64/objects/results.csv,II
mixed,Mixed faces / AA4,r21dev_vgg16_bn_aa_s42,face_transfer,124,two_shared_ui,CFD WM64,Objects,0.28,0.33,50,within_sampled_range,II,145,95.83333333333334,runs/yin_noise_matrix_20260926/results/r21dev_vgg16_bn_aa_s42/faces_cfdWM64/objects/results.csv,II
mixed,Mixed faces / AA4,r21dev_vgg16_bn_aa_s42,face_transfer,124,two_shared_ui,CFD WM64,Objects,0.28,0.33,50,within_sampled_range,II,146,100.0,runs/yin_noise_matrix_20260926/results/r21dev_vgg16_bn_aa_s42/faces_cfdWM64/objects/results.csv,II
mixed,Mixed faces / AA4,r21dev_vgg16_bn_aa_s42,face_transfer,124,two_shared_ui,CFD WM64,Objects,0.28,0.33,50,within_sampled_range,II,147,100.0,runs/yin_noise_matrix_20260926/results/r21dev_vgg16_bn_aa_s42/faces_cfdWM64/objects/results.csv,II
mixed,Mixed faces / AA4,r21dev_vgg16_bn_aa_s42,face_transfer,124,two_shared_ui,CFD WM64,Objects,0.28,0.33,50,within_sampled_range,II,148,100.0,runs/yin_noise_matrix_20260926/results/r21dev_vgg16_bn_aa_s42/faces_cfdWM64/objects/results.csv,II
mixed,Mixed faces / AA4,r21dev_vgg16_bn_aa_s42,face_transfer,124,two_shared_ui,CFD WM64,Objects,0.28,0.33,50,within_sampled_range,II,149,95.83333333333334,runs/yin_noise_matrix_20260926/results/r21dev_vgg16_bn_aa_s42/faces_cfdWM64/objects/results.csv,II
mixed,Mixed faces / AA4,r21dev_vgg16_bn_aa_s42,face_transfer,124,two_shared_ui,CFD WM64,Objects,0.28,0.33,50,within_sampled_range,II,150,100.0,runs/yin_noise_matrix_20260926/results/r21dev_vgg16_bn_aa_s42/faces_cfdWM64/objects/results.csv,II
mixed,Mixed faces / AA4,r21dev_vgg16_bn_aa_s42,face_transfer,124,two_shared_ui,CFD WM64,Objects,0.28,0.33,50,within_sampled_range,UI,101,95.83333333333334,runs/yin_noise_matrix_20260926/results/r21dev_vgg16_bn_aa_s42/faces_cfdWM64/objects/results.csv,UI_shared
mixed,Mixed faces / AA4,r21dev_vgg16_bn_aa_s42,face_transfer,124,two_shared_ui,CFD WM64,Objects,0.28,0.33,50,within_sampled_range,UI,102,95.83333333333334,runs/yin_noise_matrix_20260926/results/r21dev_vgg16_bn_aa_s42/faces_cfdWM64/objects/results.csv,UI_shared
mixed,Mixed faces / AA4,r21dev_vgg16_bn_aa_s42,face_transfer,124,two_shared_ui,CFD WM64,Objects,0.28,0.33,50,within_sampled_range,UI,103,87.5,runs/yin_noise_matrix_20260926/results/r21dev_vgg16_bn_aa_s42/faces_cfdWM64/objects/results.csv,UI_shared
mixed,Mixed faces / AA4,r21dev_vgg16_bn_aa_s42,face_transfer,124,two_shared_ui,CFD WM64,Objects,0.28,0.33,50,within_sampled_range,UI,104,95.83333333333334,runs/yin_noise_matrix_20260926/results/r21dev_vgg16_bn_aa_s42/faces_cfdWM64/objects/results.csv,UI_shared
mixed,Mixed faces / AA4,r21dev_vgg16_bn_aa_s42,face_transfer,124,two_shared_ui,CFD WM64,Objects,0.28,0.33,50,within_sampled_range,UI,105,100.0,runs/yin_noise_matrix_20260926/results/r21dev_vgg16_bn_aa_s42/faces_cfdWM64/objects/results.csv,UI_shared
mixed,Mixed faces / AA4,r21dev_vgg16_bn_aa_s42,face_transfer,124,two_shared_ui,CFD WM64,Objects,0.28,0.33,50,within_sampled_range,UI,106,95.83333333333334,runs/yin_noise_matrix_20260926/results/r21dev_vgg16_bn_aa_s42/faces_cfdWM64/objects/results.csv,UI_shared
mixed,Mixed faces / AA4,r21dev_vgg16_bn_aa_s42,face_transfer,124,two_shared_ui,CFD WM64,Objects,0.28,0.33,50,within_sampled_range,UI,107,100.0,runs/yin_noise_matrix_20260926/results/r21dev_vgg16_bn_aa_s42/faces_cfdWM64/objects/results.csv,UI_shared
mixed,Mixed faces / AA4,r21dev_vgg16_bn_aa_s42,face_transfer,124,two_shared_ui,CFD WM64,Objects,0.28,0.33,50,within_sampled_range,UI,108,100.0,runs/yin_noise_matrix_20260926/results/r21dev_vgg16_bn_aa_s42/faces_cfdWM64/objects/results.csv,UI_shared
mixed,Mixed faces / AA4,r21dev_vgg16_bn_aa_s42,face_transfer,124,two_shared_ui,CFD WM64,Objects,0.28,0.33,50,within_sampled_range,UI,109,95.83333333333334,runs/yin_noise_matrix_20260926/results/r21dev_vgg16_bn_aa_s42/faces_cfdWM64/objects/results.csv,UI_shared
mixed,Mixed faces / AA4,r21dev_vgg16_bn_aa_s42,face_transfer,124,two_shared_ui,CFD WM64,Objects,0.28,0.33,50,within_sampled_range,UI,110,95.83333333333334,runs/yin_noise_matrix_20260926/results/r21dev_vgg16_bn_aa_s42/faces_cfdWM64/objects/results.csv,UI_shared
mixed,Mixed faces / AA4,r21dev_vgg16_bn_aa_s42,face_transfer,124,two_shared_ui,CFD WM64,Objects,0.28,0.33,50,within_sampled_range,UI,111,91.66666666666666,runs/yin_noise_matrix_20260926/results/r21dev_vgg16_bn_aa_s42/faces_cfdWM64/objects/results.csv,UI_shared
mixed,Mixed faces / AA4,r21dev_vgg16_bn_aa_s42,face_transfer,124,two_shared_ui,CFD WM64,Objects,0.28,0.33,50,within_sampled_range,UI,112,95.83333333333334,runs/yin_noise_matrix_20260926/results/r21dev_vgg16_bn_aa_s42/faces_cfdWM64/objects/results.csv,UI_shared
mixed,Mixed faces / AA4,r21dev_vgg16_bn_aa_s42,face_transfer,124,two_shared_ui,CFD WM64,Objects,0.28,0.33,50,within_sampled_range,UI,113,91.66666666666666,runs/yin_noise_matrix_20260926/results/r21dev_vgg16_bn_aa_s42/faces_cfdWM64/objects/results.csv,UI_shared
mixed,Mixed faces / AA4,r21dev_vgg16_bn_aa_s42,face_transfer,124,two_shared_ui,CFD WM64,Objects,0.28,0.33,50,within_sampled_range,UI,114,95.83333333333334,runs/yin_noise_matrix_20260926/results/r21dev_vgg16_bn_aa_s42/faces_cfdWM64/objects/results.csv,UI_shared
mixed,Mixed faces / AA4,r21dev_vgg16_bn_aa_s42,face_transfer,124,two_shared_ui,CFD WM64,Objects,0.28,0.33,50,within_sampled_range,UI,115,95.83333333333334,runs/yin_noise_matrix_20260926/results/r21dev_vgg16_bn_aa_s42/faces_cfdWM64/objects/results.csv,UI_shared
mixed,Mixed faces / AA4,r21dev_vgg16_bn_aa_s42,face_transfer,124,two_shared_ui,CFD WM64,Objects,0.28,0.33,50,within_sampled_range,UI,116,100.0,runs/yin_noise_matrix_20260926/results/r21dev_vgg16_bn_aa_s42/faces_cfdWM64/objects/results.csv,UI_shared
mixed,Mixed faces / AA4,r21dev_vgg16_bn_aa_s42,face_transfer,124,two_shared_ui,CFD WM64,Objects,0.28,0.33,50,within_sampled_range,UI,117,91.66666666666666,runs/yin_noise_matrix_20260926/results/r21dev_vgg16_bn_aa_s42/faces_cfdWM64/objects/results.csv,UI_shared
mixed,Mixed faces / AA4,r21dev_vgg16_bn_aa_s42,face_transfer,124,two_shared_ui,CFD WM64,Objects,0.28,0.33,50,within_sampled_range,UI,118,100.0,runs/yin_noise_matrix_20260926/results/r21dev_vgg16_bn_aa_s42/faces_cfdWM64/objects/results.csv,UI_shared
mixed,Mixed faces / AA4,r21dev_vgg16_bn_aa_s42,face_transfer,124,two_shared_ui,CFD WM64,Objects,0.28,0.33,50,within_sampled_range,UI,119,95.83333333333334,runs/yin_noise_matrix_20260926/results/r21dev_vgg16_bn_aa_s42/faces_cfdWM64/objects/results.csv,UI_shared
mixed,Mixed faces / AA4,r21dev_vgg16_bn_aa_s42,face_transfer,124,two_shared_ui,CFD WM64,Objects,0.28,0.33,50,within_sampled_range,UI,120,100.0,runs/yin_noise_matrix_20260926/results/r21dev_vgg16_bn_aa_s42/faces_cfdWM64/objects/results.csv,UI_shared
mixed,Mixed faces / AA4,r21dev_vgg16_bn_aa_s42,face_transfer,124,two_shared_ui,CFD WM64,Objects,0.28,0.33,50,within_sampled_range,UI,121,95.83333333333334,runs/yin_noise_matrix_20260926/results/r21dev_vgg16_bn_aa_s42/faces_cfdWM64/objects/results.csv,UI_shared
mixed,Mixed faces / AA4,r21dev_vgg16_bn_aa_s42,face_transfer,124,two_shared_ui,CFD WM64,Objects,0.28,0.33,50,within_sampled_range,UI,122,91.66666666666666,runs/yin_noise_matrix_20260926/results/r21dev_vgg16_bn_aa_s42/faces_cfdWM64/objects/results.csv,UI_shared
mixed,Mixed faces / AA4,r21dev_vgg16_bn_aa_s42,face_transfer,124,two_shared_ui,CFD WM64,Objects,0.28,0.33,50,within_sampled_range,UI,123,87.5,runs/yin_noise_matrix_20260926/results/r21dev_vgg16_bn_aa_s42/faces_cfdWM64/objects/results.csv,UI_shared
mixed,Mixed faces / AA4,r21dev_vgg16_bn_aa_s42,face_transfer,124,two_shared_ui,CFD WM64,Objects,0.28,0.33,50,within_sampled_range,UI,124,91.66666666666666,runs/yin_noise_matrix_20260926/results/r21dev_vgg16_bn_aa_s42/faces_cfdWM64/objects/results.csv,UI_shared
mixed,Mixed faces / AA4,r21dev_vgg16_bn_aa_s42,face_transfer,124,two_shared_ui,CFD WM64,Objects,0.28,0.33,50,within_sampled_range,UI,125,95.83333333333334,runs/yin_noise_matrix_20260926/results/r21dev_vgg16_bn_aa_s42/faces_cfdWM64/objects/results.csv,UI_shared
mixed,Mixed faces / AA4,r21dev_vgg16_bn_aa_s42,face_transfer,124,two_shared_ui,CFD WM64,Objects,0.28,0.33,50,within_sampled_range,UI,126,100.0,runs/yin_noise_matrix_20260926/results/r21dev_vgg16_bn_aa_s42/faces_cfdWM64/objects/results.csv,UI_shared
mixed,Mixed faces / AA4,r21dev_vgg16_bn_aa_s42,face_transfer,124,two_shared_ui,CFD WM64,Objects,0.28,0.33,50,within_sampled_range,UI,127,100.0,runs/yin_noise_matrix_20260926/results/r21dev_vgg16_bn_aa_s42/faces_cfdWM64/objects/results.csv,UI_shared
mixed,Mixed faces / AA4,r21dev_vgg16_bn_aa_s42,face_transfer,124,two_shared_ui,CFD WM64,Objects,0.28,0.33,50,within_sampled_range,UI,128,100.0,runs/yin_noise_matrix_20260926/results/r21dev_vgg16_bn_aa_s42/faces_cfdWM64/objects/results.csv,UI_shared
mixed,Mixed faces / AA4,r21dev_vgg16_bn_aa_s42,face_transfer,124,two_shared_ui,CFD WM64,Objects,0.28,0.33,50,within_sampled_range,UI,129,95.83333333333334,runs/yin_noise_matrix_20260926/results/r21dev_vgg16_bn_aa_s42/faces_cfdWM64/objects/results.csv,UI_shared
mixed,Mixed faces / AA4,r21dev_vgg16_bn_aa_s42,face_transfer,124,two_shared_ui,CFD WM64,Objects,0.28,0.33,50,within_sampled_range,UI,130,100.0,runs/yin_noise_matrix_20260926/results/r21dev_vgg16_bn_aa_s42/faces_cfdWM64/objects/results.csv,UI_shared
mixed,Mixed faces / AA4,r21dev_vgg16_bn_aa_s42,face_transfer,124,two_shared_ui,CFD WM64,Objects,0.28,0.33,50,within_sampled_range,UI,131,95.83333333333334,runs/yin_noise_matrix_20260926/results/r21dev_vgg16_bn_aa_s42/faces_cfdWM64/objects/results.csv,UI_shared
mixed,Mixed faces / AA4,r21dev_vgg16_bn_aa_s42,face_transfer,124,two_shared_ui,CFD WM64,Objects,0.28,0.33,50,within_sampled_range,UI,132,87.5,runs/yin_noise_matrix_20260926/results/r21dev_vgg16_bn_aa_s42/faces_cfdWM64/objects/results.csv,UI_shared
mixed,Mixed faces / AA4,r21dev_vgg16_bn_aa_s42,face_transfer,124,two_shared_ui,CFD WM64,Objects,0.28,0.33,50,within_sampled_range,UI,133,95.83333333333334,runs/yin_noise_matrix_20260926/results/r21dev_vgg16_bn_aa_s42/faces_cfdWM64/objects/results.csv,UI_shared
mixed,Mixed faces / AA4,r21dev_vgg16_bn_aa_s42,face_transfer,124,two_shared_ui,CFD WM64,Objects,0.28,0.33,50,within_sampled_range,UI,134,95.83333333333334,runs/yin_noise_matrix_20260926/results/r21dev_vgg16_bn_aa_s42/faces_cfdWM64/objects/results.csv,UI_shared
mixed,Mixed faces / AA4,r21dev_vgg16_bn_aa_s42,face_transfer,124,two_shared_ui,CFD WM64,Objects,0.28,0.33,50,within_sampled_range,UI,135,91.66666666666666,runs/yin_noise_matrix_20260926/results/r21dev_vgg16_bn_aa_s42/faces_cfdWM64/objects/results.csv,UI_shared
mixed,Mixed faces / AA4,r21dev_vgg16_bn_aa_s42,face_transfer,124,two_shared_ui,CFD WM64,Objects,0.28,0.33,50,within_sampled_range,UI,136,100.0,runs/yin_noise_matrix_20260926/results/r21dev_vgg16_bn_aa_s42/faces_cfdWM64/objects/results.csv,UI_shared
mixed,Mixed faces / AA4,r21dev_vgg16_bn_aa_s42,face_transfer,124,two_shared_ui,CFD WM64,Objects,0.28,0.33,50,within_sampled_range,UI,137,95.83333333333334,runs/yin_noise_matrix_20260926/results/r21dev_vgg16_bn_aa_s42/faces_cfdWM64/objects/results.csv,UI_shared
mixed,Mixed faces / AA4,r21dev_vgg16_bn_aa_s42,face_transfer,124,two_shared_ui,CFD WM64,Objects,0.28,0.33,50,within_sampled_range,UI,138,91.66666666666666,runs/yin_noise_matrix_20260926/results/r21dev_vgg16_bn_aa_s42/faces_cfdWM64/objects/results.csv,UI_shared
mixed,Mixed faces / AA4,r21dev_vgg16_bn_aa_s42,face_transfer,124,two_shared_ui,CFD WM64,Objects,0.28,0.33,50,within_sampled_range,UI,139,95.83333333333334,runs/yin_noise_matrix_20260926/results/r21dev_vgg16_bn_aa_s42/faces_cfdWM64/objects/results.csv,UI_shared
mixed,Mixed faces / AA4,r21dev_vgg16_bn_aa_s42,face_transfer,124,two_shared_ui,CFD WM64,Objects,0.28,0.33,50,within_sampled_range,UI,140,91.66666666666666,runs/yin_noise_matrix_20260926/results/r21dev_vgg16_bn_aa_s42/faces_cfdWM64/objects/results.csv,UI_shared
mixed,Mixed faces / AA4,r21dev_vgg16_bn_aa_s42,face_transfer,124,two_shared_ui,CFD WM64,Objects,0.28,0.33,50,within_sampled_range,UI,141,95.83333333333334,runs/yin_noise_matrix_20260926/results/r21dev_vgg16_bn_aa_s42/faces_cfdWM64/objects/results.csv,UI_shared
mixed,Mixed faces / AA4,r21dev_vgg16_bn_aa_s42,face_transfer,124,two_shared_ui,CFD WM64,Objects,0.28,0.33,50,within_sampled_range,UI,142,100.0,runs/yin_noise_matrix_20260926/results/r21dev_vgg16_bn_aa_s42/faces_cfdWM64/objects/results.csv,UI_shared
mixed,Mixed faces / AA4,r21dev_vgg16_bn_aa_s42,face_transfer,124,two_shared_ui,CFD WM64,Objects,0.28,0.33,50,within_sampled_range,UI,143,95.83333333333334,runs/yin_noise_matrix_20260926/results/r21dev_vgg16_bn_aa_s42/faces_cfdWM64/objects/results.csv,UI_shared
mixed,Mixed faces / AA4,r21dev_vgg16_bn_aa_s42,face_transfer,124,two_shared_ui,CFD WM64,Objects,0.28,0.33,50,within_sampled_range,UI,144,100.0,runs/yin_noise_matrix_20260926/results/r21dev_vgg16_bn_aa_s42/faces_cfdWM64/objects/results.csv,UI_shared
mixed,Mixed faces / AA4,r21dev_vgg16_bn_aa_s42,face_transfer,124,two_shared_ui,CFD WM64,Objects,0.28,0.33,50,within_sampled_range,UI,145,100.0,runs/yin_noise_matrix_20260926/results/r21dev_vgg16_bn_aa_s42/faces_cfdWM64/objects/results.csv,UI_shared
mixed,Mixed faces / AA4,r21dev_vgg16_bn_aa_s42,face_transfer,124,two_shared_ui,CFD WM64,Objects,0.28,0.33,50,within_sampled_range,UI,146,91.66666666666666,runs/yin_noise_matrix_20260926/results/r21dev_vgg16_bn_aa_s42/faces_cfdWM64/objects/results.csv,UI_shared
mixed,Mixed faces / AA4,r21dev_vgg16_bn_aa_s42,face_transfer,124,two_shared_ui,CFD WM64,Objects,0.28,0.33,50,within_sampled_range,UI,147,100.0,runs/yin_noise_matrix_20260926/results/r21dev_vgg16_bn_aa_s42/faces_cfdWM64/objects/results.csv,UI_shared
mixed,Mixed faces / AA4,r21dev_vgg16_bn_aa_s42,face_transfer,124,two_shared_ui,CFD WM64,Objects,0.28,0.33,50,within_sampled_range,UI,148,91.66666666666666,runs/yin_noise_matrix_20260926/results/r21dev_vgg16_bn_aa_s42/faces_cfdWM64/objects/results.csv,UI_shared
mixed,Mixed faces / AA4,r21dev_vgg16_bn_aa_s42,face_transfer,124,two_shared_ui,CFD WM64,Objects,0.28,0.33,50,within_sampled_range,UI,149,95.83333333333334,runs/yin_noise_matrix_20260926/results/r21dev_vgg16_bn_aa_s42/faces_cfdWM64/objects/results.csv,UI_shared
mixed,Mixed faces / AA4,r21dev_vgg16_bn_aa_s42,face_transfer,124,two_shared_ui,CFD WM64,Objects,0.28,0.33,50,within_sampled_range,UI,150,95.83333333333334,runs/yin_noise_matrix_20260926/results/r21dev_vgg16_bn_aa_s42/faces_cfdWM64/objects/results.csv,UI_shared
mixed,Mixed faces / AA4,r21dev_vgg16_bn_aa_s42,face_transfer,124,two_shared_ui,CFD WM64,Objects,0.28,0.33,50,within_sampled_range,IU,101,95.83333333333334,runs/yin_noise_matrix_20260926/results/r21dev_vgg16_bn_aa_s42/faces_cfdWM64/objects/results.csv,IU
mixed,Mixed faces / AA4,r21dev_vgg16_bn_aa_s42,face_transfer,124,two_shared_ui,CFD WM64,Objects,0.28,0.33,50,within_sampled_range,IU,102,100.0,runs/yin_noise_matrix_20260926/results/r21dev_vgg16_bn_aa_s42/faces_cfdWM64/objects/results.csv,IU
mixed,Mixed faces / AA4,r21dev_vgg16_bn_aa_s42,face_transfer,124,two_shared_ui,CFD WM64,Objects,0.28,0.33,50,within_sampled_range,IU,103,100.0,runs/yin_noise_matrix_20260926/results/r21dev_vgg16_bn_aa_s42/faces_cfdWM64/objects/results.csv,IU
mixed,Mixed faces / AA4,r21dev_vgg16_bn_aa_s42,face_transfer,124,two_shared_ui,CFD WM64,Objects,0.28,0.33,50,within_sampled_range,IU,104,100.0,runs/yin_noise_matrix_20260926/results/r21dev_vgg16_bn_aa_s42/faces_cfdWM64/objects/results.csv,IU
mixed,Mixed faces / AA4,r21dev_vgg16_bn_aa_s42,face_transfer,124,two_shared_ui,CFD WM64,Objects,0.28,0.33,50,within_sampled_range,IU,105,95.83333333333334,runs/yin_noise_matrix_20260926/results/r21dev_vgg16_bn_aa_s42/faces_cfdWM64/objects/results.csv,IU
mixed,Mixed faces / AA4,r21dev_vgg16_bn_aa_s42,face_transfer,124,two_shared_ui,CFD WM64,Objects,0.28,0.33,50,within_sampled_range,IU,106,95.83333333333334,runs/yin_noise_matrix_20260926/results/r21dev_vgg16_bn_aa_s42/faces_cfdWM64/objects/results.csv,IU
mixed,Mixed faces / AA4,r21dev_vgg16_bn_aa_s42,face_transfer,124,two_shared_ui,CFD WM64,Objects,0.28,0.33,50,within_sampled_range,IU,107,100.0,runs/yin_noise_matrix_20260926/results/r21dev_vgg16_bn_aa_s42/faces_cfdWM64/objects/results.csv,IU
mixed,Mixed faces / AA4,r21dev_vgg16_bn_aa_s42,face_transfer,124,two_shared_ui,CFD WM64,Objects,0.28,0.33,50,within_sampled_range,IU,108,100.0,runs/yin_noise_matrix_20260926/results/r21dev_vgg16_bn_aa_s42/faces_cfdWM64/objects/results.csv,IU
mixed,Mixed faces / AA4,r21dev_vgg16_bn_aa_s42,face_transfer,124,two_shared_ui,CFD WM64,Objects,0.28,0.33,50,within_sampled_range,IU,109,100.0,runs/yin_noise_matrix_20260926/results/r21dev_vgg16_bn_aa_s42/faces_cfdWM64/objects/results.csv,IU
mixed,Mixed faces / AA4,r21dev_vgg16_bn_aa_s42,face_transfer,124,two_shared_ui,CFD WM64,Objects,0.28,0.33,50,within_sampled_range,IU,110,95.83333333333334,runs/yin_noise_matrix_20260926/results/r21dev_vgg16_bn_aa_s42/faces_cfdWM64/objects/results.csv,IU
mixed,Mixed faces / AA4,r21dev_vgg16_bn_aa_s42,face_transfer,124,two_shared_ui,CFD WM64,Objects,0.28,0.33,50,within_sampled_range,IU,111,91.66666666666666,runs/yin_noise_matrix_20260926/results/r21dev_vgg16_bn_aa_s42/faces_cfdWM64/objects/results.csv,IU
mixed,Mixed faces / AA4,r21dev_vgg16_bn_aa_s42,face_transfer,124,two_shared_ui,CFD WM64,Objects,0.28,0.33,50,within_sampled_range,IU,112,100.0,runs/yin_noise_matrix_20260926/results/r21dev_vgg16_bn_aa_s42/faces_cfdWM64/objects/results.csv,IU
mixed,Mixed faces / AA4,r21dev_vgg16_bn_aa_s42,face_transfer,124,two_shared_ui,CFD WM64,Objects,0.28,0.33,50,within_sampled_range,IU,113,91.66666666666666,runs/yin_noise_matrix_20260926/results/r21dev_vgg16_bn_aa_s42/faces_cfdWM64/objects/results.csv,IU
mixed,Mixed faces / AA4,r21dev_vgg16_bn_aa_s42,face_transfer,124,two_shared_ui,CFD WM64,Objects,0.28,0.33,50,within_sampled_range,IU,114,100.0,runs/yin_noise_matrix_20260926/results/r21dev_vgg16_bn_aa_s42/faces_cfdWM64/objects/results.csv,IU
mixed,Mixed faces / AA4,r21dev_vgg16_bn_aa_s42,face_transfer,124,two_shared_ui,CFD WM64,Objects,0.28,0.33,50,within_sampled_range,IU,115,100.0,runs/yin_noise_matrix_20260926/results/r21dev_vgg16_bn_aa_s42/faces_cfdWM64/objects/results.csv,IU
mixed,Mixed faces / AA4,r21dev_vgg16_bn_aa_s42,face_transfer,124,two_shared_ui,CFD WM64,Objects,0.28,0.33,50,within_sampled_range,IU,116,95.83333333333334,runs/yin_noise_matrix_20260926/results/r21dev_vgg16_bn_aa_s42/faces_cfdWM64/objects/results.csv,IU
mixed,Mixed faces / AA4,r21dev_vgg16_bn_aa_s42,face_transfer,124,two_shared_ui,CFD WM64,Objects,0.28,0.33,50,within_sampled_range,IU,117,100.0,runs/yin_noise_matrix_20260926/results/r21dev_vgg16_bn_aa_s42/faces_cfdWM64/objects/results.csv,IU
mixed,Mixed faces / AA4,r21dev_vgg16_bn_aa_s42,face_transfer,124,two_shared_ui,CFD WM64,Objects,0.28,0.33,50,within_sampled_range,IU,118,95.83333333333334,runs/yin_noise_matrix_20260926/results/r21dev_vgg16_bn_aa_s42/faces_cfdWM64/objects/results.csv,IU
mixed,Mixed faces / AA4,r21dev_vgg16_bn_aa_s42,face_transfer,124,two_shared_ui,CFD WM64,Objects,0.28,0.33,50,within_sampled_range,IU,119,100.0,runs/yin_noise_matrix_20260926/results/r21dev_vgg16_bn_aa_s42/faces_cfdWM64/objects/results.csv,IU
mixed,Mixed faces / AA4,r21dev_vgg16_bn_aa_s42,face_transfer,124,two_shared_ui,CFD WM64,Objects,0.28,0.33,50,within_sampled_range,IU,120,100.0,runs/yin_noise_matrix_20260926/results/r21dev_vgg16_bn_aa_s42/faces_cfdWM64/objects/results.csv,IU
mixed,Mixed faces / AA4,r21dev_vgg16_bn_aa_s42,face_transfer,124,two_shared_ui,CFD WM64,Objects,0.28,0.33,50,within_sampled_range,IU,121,100.0,runs/yin_noise_matrix_20260926/results/r21dev_vgg16_bn_aa_s42/faces_cfdWM64/objects/results.csv,IU
mixed,Mixed faces / AA4,r21dev_vgg16_bn_aa_s42,face_transfer,124,two_shared_ui,CFD WM64,Objects,0.28,0.33,50,within_sampled_range,IU,122,95.83333333333334,runs/yin_noise_matrix_20260926/results/r21dev_vgg16_bn_aa_s42/faces_cfdWM64/objects/results.csv,IU
mixed,Mixed faces / AA4,r21dev_vgg16_bn_aa_s42,face_transfer,124,two_shared_ui,CFD WM64,Objects,0.28,0.33,50,within_sampled_range,IU,123,95.83333333333334,runs/yin_noise_matrix_20260926/results/r21dev_vgg16_bn_aa_s42/faces_cfdWM64/objects/results.csv,IU
mixed,Mixed faces / AA4,r21dev_vgg16_bn_aa_s42,face_transfer,124,two_shared_ui,CFD WM64,Objects,0.28,0.33,50,within_sampled_range,IU,124,95.83333333333334,runs/yin_noise_matrix_20260926/results/r21dev_vgg16_bn_aa_s42/faces_cfdWM64/objects/results.csv,IU
mixed,Mixed faces / AA4,r21dev_vgg16_bn_aa_s42,face_transfer,124,two_shared_ui,CFD WM64,Objects,0.28,0.33,50,within_sampled_range,IU,125,100.0,runs/yin_noise_matrix_20260926/results/r21dev_vgg16_bn_aa_s42/faces_cfdWM64/objects/results.csv,IU
mixed,Mixed faces / AA4,r21dev_vgg16_bn_aa_s42,face_transfer,124,two_shared_ui,CFD WM64,Objects,0.28,0.33,50,within_sampled_range,IU,126,95.83333333333334,runs/yin_noise_matrix_20260926/results/r21dev_vgg16_bn_aa_s42/faces_cfdWM64/objects/results.csv,IU
mixed,Mixed faces / AA4,r21dev_vgg16_bn_aa_s42,face_transfer,124,two_shared_ui,CFD WM64,Objects,0.28,0.33,50,within_sampled_range,IU,127,100.0,runs/yin_noise_matrix_20260926/results/r21dev_vgg16_bn_aa_s42/faces_cfdWM64/objects/results.csv,IU
mixed,Mixed faces / AA4,r21dev_vgg16_bn_aa_s42,face_transfer,124,two_shared_ui,CFD WM64,Objects,0.28,0.33,50,within_sampled_range,IU,128,100.0,runs/yin_noise_matrix_20260926/results/r21dev_vgg16_bn_aa_s42/faces_cfdWM64/objects/results.csv,IU
mixed,Mixed faces / AA4,r21dev_vgg16_bn_aa_s42,face_transfer,124,two_shared_ui,CFD WM64,Objects,0.28,0.33,50,within_sampled_range,IU,129,100.0,runs/yin_noise_matrix_20260926/results/r21dev_vgg16_bn_aa_s42/faces_cfdWM64/objects/results.csv,IU
mixed,Mixed faces / AA4,r21dev_vgg16_bn_aa_s42,face_transfer,124,two_shared_ui,CFD WM64,Objects,0.28,0.33,50,within_sampled_range,IU,130,100.0,runs/yin_noise_matrix_20260926/results/r21dev_vgg16_bn_aa_s42/faces_cfdWM64/objects/results.csv,IU
mixed,Mixed faces / AA4,r21dev_vgg16_bn_aa_s42,face_transfer,124,two_shared_ui,CFD WM64,Objects,0.28,0.33,50,within_sampled_range,IU,131,95.83333333333334,runs/yin_noise_matrix_20260926/results/r21dev_vgg16_bn_aa_s42/faces_cfdWM64/objects/results.csv,IU
mixed,Mixed faces / AA4,r21dev_vgg16_bn_aa_s42,face_transfer,124,two_shared_ui,CFD WM64,Objects,0.28,0.33,50,within_sampled_range,IU,132,95.83333333333334,runs/yin_noise_matrix_20260926/results/r21dev_vgg16_bn_aa_s42/faces_cfdWM64/objects/results.csv,IU
mixed,Mixed faces / AA4,r21dev_vgg16_bn_aa_s42,face_transfer,124,two_shared_ui,CFD WM64,Objects,0.28,0.33,50,within_sampled_range,IU,133,91.66666666666666,runs/yin_noise_matrix_20260926/results/r21dev_vgg16_bn_aa_s42/faces_cfdWM64/objects/results.csv,IU
mixed,Mixed faces / AA4,r21dev_vgg16_bn_aa_s42,face_transfer,124,two_shared_ui,CFD WM64,Objects,0.28,0.33,50,within_sampled_range,IU,134,100.0,runs/yin_noise_matrix_20260926/results/r21dev_vgg16_bn_aa_s42/faces_cfdWM64/objects/results.csv,IU
mixed,Mixed faces / AA4,r21dev_vgg16_bn_aa_s42,face_transfer,124,two_shared_ui,CFD WM64,Objects,0.28,0.33,50,within_sampled_range,IU,135,100.0,runs/yin_noise_matrix_20260926/results/r21dev_vgg16_bn_aa_s42/faces_cfdWM64/objects/results.csv,IU
mixed,Mixed faces / AA4,r21dev_vgg16_bn_aa_s42,face_transfer,124,two_shared_ui,CFD WM64,Objects,0.28,0.33,50,within_sampled_range,IU,136,95.83333333333334,runs/yin_noise_matrix_20260926/results/r21dev_vgg16_bn_aa_s42/faces_cfdWM64/objects/results.csv,IU
mixed,Mixed faces / AA4,r21dev_vgg16_bn_aa_s42,face_transfer,124,two_shared_ui,CFD WM64,Objects,0.28,0.33,50,within_sampled_range,IU,137,100.0,runs/yin_noise_matrix_20260926/results/r21dev_vgg16_bn_aa_s42/faces_cfdWM64/objects/results.csv,IU
mixed,Mixed faces / AA4,r21dev_vgg16_bn_aa_s42,face_transfer,124,two_shared_ui,CFD WM64,Objects,0.28,0.33,50,within_sampled_range,IU,138,91.66666666666666,runs/yin_noise_matrix_20260926/results/r21dev_vgg16_bn_aa_s42/faces_cfdWM64/objects/results.csv,IU
mixed,Mixed faces / AA4,r21dev_vgg16_bn_aa_s42,face_transfer,124,two_shared_ui,CFD WM64,Objects,0.28,0.33,50,within_sampled_range,IU,139,91.66666666666666,runs/yin_noise_matrix_20260926/results/r21dev_vgg16_bn_aa_s42/faces_cfdWM64/objects/results.csv,IU
mixed,Mixed faces / AA4,r21dev_vgg16_bn_aa_s42,face_transfer,124,two_shared_ui,CFD WM64,Objects,0.28,0.33,50,within_sampled_range,IU,140,91.66666666666666,runs/yin_noise_matrix_20260926/results/r21dev_vgg16_bn_aa_s42/faces_cfdWM64/objects/results.csv,IU
mixed,Mixed faces / AA4,r21dev_vgg16_bn_aa_s42,face_transfer,124,two_shared_ui,CFD WM64,Objects,0.28,0.33,50,within_sampled_range,IU,141,91.66666666666666,runs/yin_noise_matrix_20260926/results/r21dev_vgg16_bn_aa_s42/faces_cfdWM64/objects/results.csv,IU
mixed,Mixed faces / AA4,r21dev_vgg16_bn_aa_s42,face_transfer,124,two_shared_ui,CFD WM64,Objects,0.28,0.33,50,within_sampled_range,IU,142,95.83333333333334,runs/yin_noise_matrix_20260926/results/r21dev_vgg16_bn_aa_s42/faces_cfdWM64/objects/results.csv,IU
mixed,Mixed faces / AA4,r21dev_vgg16_bn_aa_s42,face_transfer,124,two_shared_ui,CFD WM64,Objects,0.28,0.33,50,within_sampled_range,IU,143,100.0,runs/yin_noise_matrix_20260926/results/r21dev_vgg16_bn_aa_s42/faces_cfdWM64/objects/results.csv,IU
mixed,Mixed faces / AA4,r21dev_vgg16_bn_aa_s42,face_transfer,124,two_shared_ui,CFD WM64,Objects,0.28,0.33,50,within_sampled_range,IU,144,100.0,runs/yin_noise_matrix_20260926/results/r21dev_vgg16_bn_aa_s42/faces_cfdWM64/objects/results.csv,IU
mixed,Mixed faces / AA4,r21dev_vgg16_bn_aa_s42,face_transfer,124,two_shared_ui,CFD WM64,Objects,0.28,0.33,50,within_sampled_range,IU,145,91.66666666666666,runs/yin_noise_matrix_20260926/results/r21dev_vgg16_bn_aa_s42/faces_cfdWM64/objects/results.csv,IU
mixed,Mixed faces / AA4,r21dev_vgg16_bn_aa_s42,face_transfer,124,two_shared_ui,CFD WM64,Objects,0.28,0.33,50,within_sampled_range,IU,146,95.83333333333334,runs/yin_noise_matrix_20260926/results/r21dev_vgg16_bn_aa_s42/faces_cfdWM64/objects/results.csv,IU
mixed,Mixed faces / AA4,r21dev_vgg16_bn_aa_s42,face_transfer,124,two_shared_ui,CFD WM64,Objects,0.28,0.33,50,within_sampled_range,IU,147,95.83333333333334,runs/yin_noise_matrix_20260926/results/r21dev_vgg16_bn_aa_s42/faces_cfdWM64/objects/results.csv,IU
mixed,Mixed faces / AA4,r21dev_vgg16_bn_aa_s42,face_transfer,124,two_shared_ui,CFD WM64,Objects,0.28,0.33,50,within_sampled_range,IU,148,100.0,runs/yin_noise_matrix_20260926/results/r21dev_vgg16_bn_aa_s42/faces_cfdWM64/objects/results.csv,IU
mixed,Mixed faces / AA4,r21dev_vgg16_bn_aa_s42,face_transfer,124,two_shared_ui,CFD WM64,Objects,0.28,0.33,50,within_sampled_range,IU,149,91.66666666666666,runs/yin_noise_matrix_20260926/results/r21dev_vgg16_bn_aa_s42/faces_cfdWM64/objects/results.csv,IU
mixed,Mixed faces / AA4,r21dev_vgg16_bn_aa_s42,face_transfer,124,two_shared_ui,CFD WM64,Objects,0.28,0.33,50,within_sampled_range,IU,150,100.0,runs/yin_noise_matrix_20260926/results/r21dev_vgg16_bn_aa_s42/faces_cfdWM64/objects/results.csv,IU
mixed,Mixed faces / AA4,r21dev_vgg16_bn_aa_s42,face_transfer,124,single_uu,CFD WM64,Houses,0.28,,50,within_sampled_range,UU,101,79.16666666666666,runs/yin_single_noise_20260925/results/r21dev_vgg16_bn_aa_s42/faces_cfdWM64/houses_yin64/results.csv,UU
mixed,Mixed faces / AA4,r21dev_vgg16_bn_aa_s42,face_transfer,124,single_uu,CFD WM64,Houses,0.28,,50,within_sampled_range,UU,102,79.16666666666666,runs/yin_single_noise_20260925/results/r21dev_vgg16_bn_aa_s42/faces_cfdWM64/houses_yin64/results.csv,UU
mixed,Mixed faces / AA4,r21dev_vgg16_bn_aa_s42,face_transfer,124,single_uu,CFD WM64,Houses,0.28,,50,within_sampled_range,UU,103,75.0,runs/yin_single_noise_20260925/results/r21dev_vgg16_bn_aa_s42/faces_cfdWM64/houses_yin64/results.csv,UU
mixed,Mixed faces / AA4,r21dev_vgg16_bn_aa_s42,face_transfer,124,single_uu,CFD WM64,Houses,0.28,,50,within_sampled_range,UU,104,83.33333333333334,runs/yin_single_noise_20260925/results/r21dev_vgg16_bn_aa_s42/faces_cfdWM64/houses_yin64/results.csv,UU
mixed,Mixed faces / AA4,r21dev_vgg16_bn_aa_s42,face_transfer,124,single_uu,CFD WM64,Houses,0.28,,50,within_sampled_range,UU,105,70.83333333333334,runs/yin_single_noise_20260925/results/r21dev_vgg16_bn_aa_s42/faces_cfdWM64/houses_yin64/results.csv,UU
mixed,Mixed faces / AA4,r21dev_vgg16_bn_aa_s42,face_transfer,124,single_uu,CFD WM64,Houses,0.28,,50,within_sampled_range,UU,106,62.5,runs/yin_single_noise_20260925/results/r21dev_vgg16_bn_aa_s42/faces_cfdWM64/houses_yin64/results.csv,UU
mixed,Mixed faces / AA4,r21dev_vgg16_bn_aa_s42,face_transfer,124,single_uu,CFD WM64,Houses,0.28,,50,within_sampled_range,UU,107,83.33333333333334,runs/yin_single_noise_20260925/results/r21dev_vgg16_bn_aa_s42/faces_cfdWM64/houses_yin64/results.csv,UU
mixed,Mixed faces / AA4,r21dev_vgg16_bn_aa_s42,face_transfer,124,single_uu,CFD WM64,Houses,0.28,,50,within_sampled_range,UU,108,79.16666666666666,runs/yin_single_noise_20260925/results/r21dev_vgg16_bn_aa_s42/faces_cfdWM64/houses_yin64/results.csv,UU
mixed,Mixed faces / AA4,r21dev_vgg16_bn_aa_s42,face_transfer,124,single_uu,CFD WM64,Houses,0.28,,50,within_sampled_range,UU,109,79.16666666666666,runs/yin_single_noise_20260925/results/r21dev_vgg16_bn_aa_s42/faces_cfdWM64/houses_yin64/results.csv,UU
mixed,Mixed faces / AA4,r21dev_vgg16_bn_aa_s42,face_transfer,124,single_uu,CFD WM64,Houses,0.28,,50,within_sampled_range,UU,110,83.33333333333334,runs/yin_single_noise_20260925/results/r21dev_vgg16_bn_aa_s42/faces_cfdWM64/houses_yin64/results.csv,UU
mixed,Mixed faces / AA4,r21dev_vgg16_bn_aa_s42,face_transfer,124,single_uu,CFD WM64,Houses,0.28,,50,within_sampled_range,UU,111,75.0,runs/yin_single_noise_20260925/results/r21dev_vgg16_bn_aa_s42/faces_cfdWM64/houses_yin64/results.csv,UU
mixed,Mixed faces / AA4,r21dev_vgg16_bn_aa_s42,face_transfer,124,single_uu,CFD WM64,Houses,0.28,,50,within_sampled_range,UU,112,87.5,runs/yin_single_noise_20260925/results/r21dev_vgg16_bn_aa_s42/faces_cfdWM64/houses_yin64/results.csv,UU
mixed,Mixed faces / AA4,r21dev_vgg16_bn_aa_s42,face_transfer,124,single_uu,CFD WM64,Houses,0.28,,50,within_sampled_range,UU,113,83.33333333333334,runs/yin_single_noise_20260925/results/r21dev_vgg16_bn_aa_s42/faces_cfdWM64/houses_yin64/results.csv,UU
mixed,Mixed faces / AA4,r21dev_vgg16_bn_aa_s42,face_transfer,124,single_uu,CFD WM64,Houses,0.28,,50,within_sampled_range,UU,114,79.16666666666666,runs/yin_single_noise_20260925/results/r21dev_vgg16_bn_aa_s42/faces_cfdWM64/houses_yin64/results.csv,UU
mixed,Mixed faces / AA4,r21dev_vgg16_bn_aa_s42,face_transfer,124,single_uu,CFD WM64,Houses,0.28,,50,within_sampled_range,UU,115,95.83333333333334,runs/yin_single_noise_20260925/results/r21dev_vgg16_bn_aa_s42/faces_cfdWM64/houses_yin64/results.csv,UU
mixed,Mixed faces / AA4,r21dev_vgg16_bn_aa_s42,face_transfer,124,single_uu,CFD WM64,Houses,0.28,,50,within_sampled_range,UU,116,83.33333333333334,runs/yin_single_noise_20260925/results/r21dev_vgg16_bn_aa_s42/faces_cfdWM64/houses_yin64/results.csv,UU
mixed,Mixed faces / AA4,r21dev_vgg16_bn_aa_s42,face_transfer,124,single_uu,CFD WM64,Houses,0.28,,50,within_sampled_range,UU,117,70.83333333333334,runs/yin_single_noise_20260925/results/r21dev_vgg16_bn_aa_s42/faces_cfdWM64/houses_yin64/results.csv,UU
mixed,Mixed faces / AA4,r21dev_vgg16_bn_aa_s42,face_transfer,124,single_uu,CFD WM64,Houses,0.28,,50,within_sampled_range,UU,118,87.5,runs/yin_single_noise_20260925/results/r21dev_vgg16_bn_aa_s42/faces_cfdWM64/houses_yin64/results.csv,UU
mixed,Mixed faces / AA4,r21dev_vgg16_bn_aa_s42,face_transfer,124,single_uu,CFD WM64,Houses,0.28,,50,within_sampled_range,UU,119,75.0,runs/yin_single_noise_20260925/results/r21dev_vgg16_bn_aa_s42/faces_cfdWM64/houses_yin64/results.csv,UU
mixed,Mixed faces / AA4,r21dev_vgg16_bn_aa_s42,face_transfer,124,single_uu,CFD WM64,Houses,0.28,,50,within_sampled_range,UU,120,79.16666666666666,runs/yin_single_noise_20260925/results/r21dev_vgg16_bn_aa_s42/faces_cfdWM64/houses_yin64/results.csv,UU
mixed,Mixed faces / AA4,r21dev_vgg16_bn_aa_s42,face_transfer,124,single_uu,CFD WM64,Houses,0.28,,50,within_sampled_range,UU,121,79.16666666666666,runs/yin_single_noise_20260925/results/r21dev_vgg16_bn_aa_s42/faces_cfdWM64/houses_yin64/results.csv,UU
mixed,Mixed faces / AA4,r21dev_vgg16_bn_aa_s42,face_transfer,124,single_uu,CFD WM64,Houses,0.28,,50,within_sampled_range,UU,122,87.5,runs/yin_single_noise_20260925/results/r21dev_vgg16_bn_aa_s42/faces_cfdWM64/houses_yin64/results.csv,UU
mixed,Mixed faces / AA4,r21dev_vgg16_bn_aa_s42,face_transfer,124,single_uu,CFD WM64,Houses,0.28,,50,within_sampled_range,UU,123,91.66666666666666,runs/yin_single_noise_20260925/results/r21dev_vgg16_bn_aa_s42/faces_cfdWM64/houses_yin64/results.csv,UU
mixed,Mixed faces / AA4,r21dev_vgg16_bn_aa_s42,face_transfer,124,single_uu,CFD WM64,Houses,0.28,,50,within_sampled_range,UU,124,79.16666666666666,runs/yin_single_noise_20260925/results/r21dev_vgg16_bn_aa_s42/faces_cfdWM64/houses_yin64/results.csv,UU
mixed,Mixed faces / AA4,r21dev_vgg16_bn_aa_s42,face_transfer,124,single_uu,CFD WM64,Houses,0.28,,50,within_sampled_range,UU,125,79.16666666666666,runs/yin_single_noise_20260925/results/r21dev_vgg16_bn_aa_s42/faces_cfdWM64/houses_yin64/results.csv,UU
mixed,Mixed faces / AA4,r21dev_vgg16_bn_aa_s42,face_transfer,124,single_uu,CFD WM64,Houses,0.28,,50,within_sampled_range,UU,126,75.0,runs/yin_single_noise_20260925/results/r21dev_vgg16_bn_aa_s42/faces_cfdWM64/houses_yin64/results.csv,UU
mixed,Mixed faces / AA4,r21dev_vgg16_bn_aa_s42,face_transfer,124,single_uu,CFD WM64,Houses,0.28,,50,within_sampled_range,UU,127,91.66666666666666,runs/yin_single_noise_20260925/results/r21dev_vgg16_bn_aa_s42/faces_cfdWM64/houses_yin64/results.csv,UU
mixed,Mixed faces / AA4,r21dev_vgg16_bn_aa_s42,face_transfer,124,single_uu,CFD WM64,Houses,0.28,,50,within_sampled_range,UU,128,75.0,runs/yin_single_noise_20260925/results/r21dev_vgg16_bn_aa_s42/faces_cfdWM64/houses_yin64/results.csv,UU
mixed,Mixed faces / AA4,r21dev_vgg16_bn_aa_s42,face_transfer,124,single_uu,CFD WM64,Houses,0.28,,50,within_sampled_range,UU,129,70.83333333333334,runs/yin_single_noise_20260925/results/r21dev_vgg16_bn_aa_s42/faces_cfdWM64/houses_yin64/results.csv,UU
mixed,Mixed faces / AA4,r21dev_vgg16_bn_aa_s42,face_transfer,124,single_uu,CFD WM64,Houses,0.28,,50,within_sampled_range,UU,130,79.16666666666666,runs/yin_single_noise_20260925/results/r21dev_vgg16_bn_aa_s42/faces_cfdWM64/houses_yin64/results.csv,UU
mixed,Mixed faces / AA4,r21dev_vgg16_bn_aa_s42,face_transfer,124,single_uu,CFD WM64,Houses,0.28,,50,within_sampled_range,UU,131,70.83333333333334,runs/yin_single_noise_20260925/results/r21dev_vgg16_bn_aa_s42/faces_cfdWM64/houses_yin64/results.csv,UU
mixed,Mixed faces / AA4,r21dev_vgg16_bn_aa_s42,face_transfer,124,single_uu,CFD WM64,Houses,0.28,,50,within_sampled_range,UU,132,66.66666666666666,runs/yin_single_noise_20260925/results/r21dev_vgg16_bn_aa_s42/faces_cfdWM64/houses_yin64/results.csv,UU
mixed,Mixed faces / AA4,r21dev_vgg16_bn_aa_s42,face_transfer,124,single_uu,CFD WM64,Houses,0.28,,50,within_sampled_range,UU,133,79.16666666666666,runs/yin_single_noise_20260925/results/r21dev_vgg16_bn_aa_s42/faces_cfdWM64/houses_yin64/results.csv,UU
mixed,Mixed faces / AA4,r21dev_vgg16_bn_aa_s42,face_transfer,124,single_uu,CFD WM64,Houses,0.28,,50,within_sampled_range,UU,134,79.16666666666666,runs/yin_single_noise_20260925/results/r21dev_vgg16_bn_aa_s42/faces_cfdWM64/houses_yin64/results.csv,UU
mixed,Mixed faces / AA4,r21dev_vgg16_bn_aa_s42,face_transfer,124,single_uu,CFD WM64,Houses,0.28,,50,within_sampled_range,UU,135,75.0,runs/yin_single_noise_20260925/results/r21dev_vgg16_bn_aa_s42/faces_cfdWM64/houses_yin64/results.csv,UU
mixed,Mixed faces / AA4,r21dev_vgg16_bn_aa_s42,face_transfer,124,single_uu,CFD WM64,Houses,0.28,,50,within_sampled_range,UU,136,79.16666666666666,runs/yin_single_noise_20260925/results/r21dev_vgg16_bn_aa_s42/faces_cfdWM64/houses_yin64/results.csv,UU
mixed,Mixed faces / AA4,r21dev_vgg16_bn_aa_s42,face_transfer,124,single_uu,CFD WM64,Houses,0.28,,50,within_sampled_range,UU,137,79.16666666666666,runs/yin_single_noise_20260925/results/r21dev_vgg16_bn_aa_s42/faces_cfdWM64/houses_yin64/results.csv,UU
mixed,Mixed faces / AA4,r21dev_vgg16_bn_aa_s42,face_transfer,124,single_uu,CFD WM64,Houses,0.28,,50,within_sampled_range,UU,138,91.66666666666666,runs/yin_single_noise_20260925/results/r21dev_vgg16_bn_aa_s42/faces_cfdWM64/houses_yin64/results.csv,UU
mixed,Mixed faces / AA4,r21dev_vgg16_bn_aa_s42,face_transfer,124,single_uu,CFD WM64,Houses,0.28,,50,within_sampled_range,UU,139,75.0,runs/yin_single_noise_20260925/results/r21dev_vgg16_bn_aa_s42/faces_cfdWM64/houses_yin64/results.csv,UU
mixed,Mixed faces / AA4,r21dev_vgg16_bn_aa_s42,face_transfer,124,single_uu,CFD WM64,Houses,0.28,,50,within_sampled_range,UU,140,70.83333333333334,runs/yin_single_noise_20260925/results/r21dev_vgg16_bn_aa_s42/faces_cfdWM64/houses_yin64/results.csv,UU
mixed,Mixed faces / AA4,r21dev_vgg16_bn_aa_s42,face_transfer,124,single_uu,CFD WM64,Houses,0.28,,50,within_sampled_range,UU,141,79.16666666666666,runs/yin_single_noise_20260925/results/r21dev_vgg16_bn_aa_s42/faces_cfdWM64/houses_yin64/results.csv,UU
mixed,Mixed faces / AA4,r21dev_vgg16_bn_aa_s42,face_transfer,124,single_uu,CFD WM64,Houses,0.28,,50,within_sampled_range,UU,142,83.33333333333334,runs/yin_single_noise_20260925/results/r21dev_vgg16_bn_aa_s42/faces_cfdWM64/houses_yin64/results.csv,UU
mixed,Mixed faces / AA4,r21dev_vgg16_bn_aa_s42,face_transfer,124,single_uu,CFD WM64,Houses,0.28,,50,within_sampled_range,UU,143,70.83333333333334,runs/yin_single_noise_20260925/results/r21dev_vgg16_bn_aa_s42/faces_cfdWM64/houses_yin64/results.csv,UU
mixed,Mixed faces / AA4,r21dev_vgg16_bn_aa_s42,face_transfer,124,single_uu,CFD WM64,Houses,0.28,,50,within_sampled_range,UU,144,83.33333333333334,runs/yin_single_noise_20260925/results/r21dev_vgg16_bn_aa_s42/faces_cfdWM64/houses_yin64/results.csv,UU
mixed,Mixed faces / AA4,r21dev_vgg16_bn_aa_s42,face_transfer,124,single_uu,CFD WM64,Houses,0.28,,50,within_sampled_range,UU,145,83.33333333333334,runs/yin_single_noise_20260925/results/r21dev_vgg16_bn_aa_s42/faces_cfdWM64/houses_yin64/results.csv,UU
mixed,Mixed faces / AA4,r21dev_vgg16_bn_aa_s42,face_transfer,124,single_uu,CFD WM64,Houses,0.28,,50,within_sampled_range,UU,146,87.5,runs/yin_single_noise_20260925/results/r21dev_vgg16_bn_aa_s42/faces_cfdWM64/houses_yin64/results.csv,UU
mixed,Mixed faces / AA4,r21dev_vgg16_bn_aa_s42,face_transfer,124,single_uu,CFD WM64,Houses,0.28,,50,within_sampled_range,UU,147,75.0,runs/yin_single_noise_20260925/results/r21dev_vgg16_bn_aa_s42/faces_cfdWM64/houses_yin64/results.csv,UU
mixed,Mixed faces / AA4,r21dev_vgg16_bn_aa_s42,face_transfer,124,single_uu,CFD WM64,Houses,0.28,,50,within_sampled_range,UU,148,95.83333333333334,runs/yin_single_noise_20260925/results/r21dev_vgg16_bn_aa_s42/faces_cfdWM64/houses_yin64/results.csv,UU
mixed,Mixed faces / AA4,r21dev_vgg16_bn_aa_s42,face_transfer,124,single_uu,CFD WM64,Houses,0.28,,50,within_sampled_range,UU,149,91.66666666666666,runs/yin_single_noise_20260925/results/r21dev_vgg16_bn_aa_s42/faces_cfdWM64/houses_yin64/results.csv,UU
mixed,Mixed faces / AA4,r21dev_vgg16_bn_aa_s42,face_transfer,124,single_uu,CFD WM64,Houses,0.28,,50,within_sampled_range,UU,150,79.16666666666666,runs/yin_single_noise_20260925/results/r21dev_vgg16_bn_aa_s42/faces_cfdWM64/houses_yin64/results.csv,UU
mixed,Mixed faces / AA4,r21dev_vgg16_bn_aa_s42,face_transfer,124,single_uu,CFD WM64,Houses,0.28,,50,within_sampled_range,II,101,75.0,runs/yin_single_noise_20260925/results/r21dev_vgg16_bn_aa_s42/faces_cfdWM64/houses_yin64/results.csv,II
mixed,Mixed faces / AA4,r21dev_vgg16_bn_aa_s42,face_transfer,124,single_uu,CFD WM64,Houses,0.28,,50,within_sampled_range,II,102,83.33333333333334,runs/yin_single_noise_20260925/results/r21dev_vgg16_bn_aa_s42/faces_cfdWM64/houses_yin64/results.csv,II
mixed,Mixed faces / AA4,r21dev_vgg16_bn_aa_s42,face_transfer,124,single_uu,CFD WM64,Houses,0.28,,50,within_sampled_range,II,103,79.16666666666666,runs/yin_single_noise_20260925/results/r21dev_vgg16_bn_aa_s42/faces_cfdWM64/houses_yin64/results.csv,II
mixed,Mixed faces / AA4,r21dev_vgg16_bn_aa_s42,face_transfer,124,single_uu,CFD WM64,Houses,0.28,,50,within_sampled_range,II,104,87.5,runs/yin_single_noise_20260925/results/r21dev_vgg16_bn_aa_s42/faces_cfdWM64/houses_yin64/results.csv,II
mixed,Mixed faces / AA4,r21dev_vgg16_bn_aa_s42,face_transfer,124,single_uu,CFD WM64,Houses,0.28,,50,within_sampled_range,II,105,75.0,runs/yin_single_noise_20260925/results/r21dev_vgg16_bn_aa_s42/faces_cfdWM64/houses_yin64/results.csv,II
mixed,Mixed faces / AA4,r21dev_vgg16_bn_aa_s42,face_transfer,124,single_uu,CFD WM64,Houses,0.28,,50,within_sampled_range,II,106,70.83333333333334,runs/yin_single_noise_20260925/results/r21dev_vgg16_bn_aa_s42/faces_cfdWM64/houses_yin64/results.csv,II
mixed,Mixed faces / AA4,r21dev_vgg16_bn_aa_s42,face_transfer,124,single_uu,CFD WM64,Houses,0.28,,50,within_sampled_range,II,107,91.66666666666666,runs/yin_single_noise_20260925/results/r21dev_vgg16_bn_aa_s42/faces_cfdWM64/houses_yin64/results.csv,II
mixed,Mixed faces / AA4,r21dev_vgg16_bn_aa_s42,face_transfer,124,single_uu,CFD WM64,Houses,0.28,,50,within_sampled_range,II,108,66.66666666666666,runs/yin_single_noise_20260925/results/r21dev_vgg16_bn_aa_s42/faces_cfdWM64/houses_yin64/results.csv,II
mixed,Mixed faces / AA4,r21dev_vgg16_bn_aa_s42,face_transfer,124,single_uu,CFD WM64,Houses,0.28,,50,within_sampled_range,II,109,75.0,runs/yin_single_noise_20260925/results/r21dev_vgg16_bn_aa_s42/faces_cfdWM64/houses_yin64/results.csv,II
mixed,Mixed faces / AA4,r21dev_vgg16_bn_aa_s42,face_transfer,124,single_uu,CFD WM64,Houses,0.28,,50,within_sampled_range,II,110,87.5,runs/yin_single_noise_20260925/results/r21dev_vgg16_bn_aa_s42/faces_cfdWM64/houses_yin64/results.csv,II
mixed,Mixed faces / AA4,r21dev_vgg16_bn_aa_s42,face_transfer,124,single_uu,CFD WM64,Houses,0.28,,50,within_sampled_range,II,111,79.16666666666666,runs/yin_single_noise_20260925/results/r21dev_vgg16_bn_aa_s42/faces_cfdWM64/houses_yin64/results.csv,II
mixed,Mixed faces / AA4,r21dev_vgg16_bn_aa_s42,face_transfer,124,single_uu,CFD WM64,Houses,0.28,,50,within_sampled_range,II,112,79.16666666666666,runs/yin_single_noise_20260925/results/r21dev_vgg16_bn_aa_s42/faces_cfdWM64/houses_yin64/results.csv,II
mixed,Mixed faces / AA4,r21dev_vgg16_bn_aa_s42,face_transfer,124,single_uu,CFD WM64,Houses,0.28,,50,within_sampled_range,II,113,79.16666666666666,runs/yin_single_noise_20260925/results/r21dev_vgg16_bn_aa_s42/faces_cfdWM64/houses_yin64/results.csv,II
mixed,Mixed faces / AA4,r21dev_vgg16_bn_aa_s42,face_transfer,124,single_uu,CFD WM64,Houses,0.28,,50,within_sampled_range,II,114,70.83333333333334,runs/yin_single_noise_20260925/results/r21dev_vgg16_bn_aa_s42/faces_cfdWM64/houses_yin64/results.csv,II
mixed,Mixed faces / AA4,r21dev_vgg16_bn_aa_s42,face_transfer,124,single_uu,CFD WM64,Houses,0.28,,50,within_sampled_range,II,115,91.66666666666666,runs/yin_single_noise_20260925/results/r21dev_vgg16_bn_aa_s42/faces_cfdWM64/houses_yin64/results.csv,II
mixed,Mixed faces / AA4,r21dev_vgg16_bn_aa_s42,face_transfer,124,single_uu,CFD WM64,Houses,0.28,,50,within_sampled_range,II,116,79.16666666666666,runs/yin_single_noise_20260925/results/r21dev_vgg16_bn_aa_s42/faces_cfdWM64/houses_yin64/results.csv,II
mixed,Mixed faces / AA4,r21dev_vgg16_bn_aa_s42,face_transfer,124,single_uu,CFD WM64,Houses,0.28,,50,within_sampled_range,II,117,79.16666666666666,runs/yin_single_noise_20260925/results/r21dev_vgg16_bn_aa_s42/faces_cfdWM64/houses_yin64/results.csv,II
mixed,Mixed faces / AA4,r21dev_vgg16_bn_aa_s42,face_transfer,124,single_uu,CFD WM64,Houses,0.28,,50,within_sampled_range,II,118,75.0,runs/yin_single_noise_20260925/results/r21dev_vgg16_bn_aa_s42/faces_cfdWM64/houses_yin64/results.csv,II
mixed,Mixed faces / AA4,r21dev_vgg16_bn_aa_s42,face_transfer,124,single_uu,CFD WM64,Houses,0.28,,50,within_sampled_range,II,119,75.0,runs/yin_single_noise_20260925/results/r21dev_vgg16_bn_aa_s42/faces_cfdWM64/houses_yin64/results.csv,II
mixed,Mixed faces / AA4,r21dev_vgg16_bn_aa_s42,face_transfer,124,single_uu,CFD WM64,Houses,0.28,,50,within_sampled_range,II,120,70.83333333333334,runs/yin_single_noise_20260925/results/r21dev_vgg16_bn_aa_s42/faces_cfdWM64/houses_yin64/results.csv,II
mixed,Mixed faces / AA4,r21dev_vgg16_bn_aa_s42,face_transfer,124,single_uu,CFD WM64,Houses,0.28,,50,within_sampled_range,II,121,70.83333333333334,runs/yin_single_noise_20260925/results/r21dev_vgg16_bn_aa_s42/faces_cfdWM64/houses_yin64/results.csv,II
mixed,Mixed faces / AA4,r21dev_vgg16_bn_aa_s42,face_transfer,124,single_uu,CFD WM64,Houses,0.28,,50,within_sampled_range,II,122,83.33333333333334,runs/yin_single_noise_20260925/results/r21dev_vgg16_bn_aa_s42/faces_cfdWM64/houses_yin64/results.csv,II
mixed,Mixed faces / AA4,r21dev_vgg16_bn_aa_s42,face_transfer,124,single_uu,CFD WM64,Houses,0.28,,50,within_sampled_range,II,123,79.16666666666666,runs/yin_single_noise_20260925/results/r21dev_vgg16_bn_aa_s42/faces_cfdWM64/houses_yin64/results.csv,II
mixed,Mixed faces / AA4,r21dev_vgg16_bn_aa_s42,face_transfer,124,single_uu,CFD WM64,Houses,0.28,,50,within_sampled_range,II,124,66.66666666666666,runs/yin_single_noise_20260925/results/r21dev_vgg16_bn_aa_s42/faces_cfdWM64/houses_yin64/results.csv,II
mixed,Mixed faces / AA4,r21dev_vgg16_bn_aa_s42,face_transfer,124,single_uu,CFD WM64,Houses,0.28,,50,within_sampled_range,II,125,75.0,runs/yin_single_noise_20260925/results/r21dev_vgg16_bn_aa_s42/faces_cfdWM64/houses_yin64/results.csv,II
mixed,Mixed faces / AA4,r21dev_vgg16_bn_aa_s42,face_transfer,124,single_uu,CFD WM64,Houses,0.28,,50,within_sampled_range,II,126,79.16666666666666,runs/yin_single_noise_20260925/results/r21dev_vgg16_bn_aa_s42/faces_cfdWM64/houses_yin64/results.csv,II
mixed,Mixed faces / AA4,r21dev_vgg16_bn_aa_s42,face_transfer,124,single_uu,CFD WM64,Houses,0.28,,50,within_sampled_range,II,127,83.33333333333334,runs/yin_single_noise_20260925/results/r21dev_vgg16_bn_aa_s42/faces_cfdWM64/houses_yin64/results.csv,II
mixed,Mixed faces / AA4,r21dev_vgg16_bn_aa_s42,face_transfer,124,single_uu,CFD WM64,Houses,0.28,,50,within_sampled_range,II,128,95.83333333333334,runs/yin_single_noise_20260925/results/r21dev_vgg16_bn_aa_s42/faces_cfdWM64/houses_yin64/results.csv,II
mixed,Mixed faces / AA4,r21dev_vgg16_bn_aa_s42,face_transfer,124,single_uu,CFD WM64,Houses,0.28,,50,within_sampled_range,II,129,79.16666666666666,runs/yin_single_noise_20260925/results/r21dev_vgg16_bn_aa_s42/faces_cfdWM64/houses_yin64/results.csv,II
mixed,Mixed faces / AA4,r21dev_vgg16_bn_aa_s42,face_transfer,124,single_uu,CFD WM64,Houses,0.28,,50,within_sampled_range,II,130,79.16666666666666,runs/yin_single_noise_20260925/results/r21dev_vgg16_bn_aa_s42/faces_cfdWM64/houses_yin64/results.csv,II
mixed,Mixed faces / AA4,r21dev_vgg16_bn_aa_s42,face_transfer,124,single_uu,CFD WM64,Houses,0.28,,50,within_sampled_range,II,131,79.16666666666666,runs/yin_single_noise_20260925/results/r21dev_vgg16_bn_aa_s42/faces_cfdWM64/houses_yin64/results.csv,II
mixed,Mixed faces / AA4,r21dev_vgg16_bn_aa_s42,face_transfer,124,single_uu,CFD WM64,Houses,0.28,,50,within_sampled_range,II,132,66.66666666666666,runs/yin_single_noise_20260925/results/r21dev_vgg16_bn_aa_s42/faces_cfdWM64/houses_yin64/results.csv,II
mixed,Mixed faces / AA4,r21dev_vgg16_bn_aa_s42,face_transfer,124,single_uu,CFD WM64,Houses,0.28,,50,within_sampled_range,II,133,83.33333333333334,runs/yin_single_noise_20260925/results/r21dev_vgg16_bn_aa_s42/faces_cfdWM64/houses_yin64/results.csv,II
mixed,Mixed faces / AA4,r21dev_vgg16_bn_aa_s42,face_transfer,124,single_uu,CFD WM64,Houses,0.28,,50,within_sampled_range,II,134,79.16666666666666,runs/yin_single_noise_20260925/results/r21dev_vgg16_bn_aa_s42/faces_cfdWM64/houses_yin64/results.csv,II
mixed,Mixed faces / AA4,r21dev_vgg16_bn_aa_s42,face_transfer,124,single_uu,CFD WM64,Houses,0.28,,50,within_sampled_range,II,135,79.16666666666666,runs/yin_single_noise_20260925/results/r21dev_vgg16_bn_aa_s42/faces_cfdWM64/houses_yin64/results.csv,II
mixed,Mixed faces / AA4,r21dev_vgg16_bn_aa_s42,face_transfer,124,single_uu,CFD WM64,Houses,0.28,,50,within_sampled_range,II,136,79.16666666666666,runs/yin_single_noise_20260925/results/r21dev_vgg16_bn_aa_s42/faces_cfdWM64/houses_yin64/results.csv,II
mixed,Mixed faces / AA4,r21dev_vgg16_bn_aa_s42,face_transfer,124,single_uu,CFD WM64,Houses,0.28,,50,within_sampled_range,II,137,83.33333333333334,runs/yin_single_noise_20260925/results/r21dev_vgg16_bn_aa_s42/faces_cfdWM64/houses_yin64/results.csv,II
mixed,Mixed faces / AA4,r21dev_vgg16_bn_aa_s42,face_transfer,124,single_uu,CFD WM64,Houses,0.28,,50,within_sampled_range,II,138,70.83333333333334,runs/yin_single_noise_20260925/results/r21dev_vgg16_bn_aa_s42/faces_cfdWM64/houses_yin64/results.csv,II
mixed,Mixed faces / AA4,r21dev_vgg16_bn_aa_s42,face_transfer,124,single_uu,CFD WM64,Houses,0.28,,50,within_sampled_range,II,139,75.0,runs/yin_single_noise_20260925/results/r21dev_vgg16_bn_aa_s42/faces_cfdWM64/houses_yin64/results.csv,II
mixed,Mixed faces / AA4,r21dev_vgg16_bn_aa_s42,face_transfer,124,single_uu,CFD WM64,Houses,0.28,,50,within_sampled_range,II,140,70.83333333333334,runs/yin_single_noise_20260925/results/r21dev_vgg16_bn_aa_s42/faces_cfdWM64/houses_yin64/results.csv,II
mixed,Mixed faces / AA4,r21dev_vgg16_bn_aa_s42,face_transfer,124,single_uu,CFD WM64,Houses,0.28,,50,within_sampled_range,II,141,83.33333333333334,runs/yin_single_noise_20260925/results/r21dev_vgg16_bn_aa_s42/faces_cfdWM64/houses_yin64/results.csv,II
mixed,Mixed faces / AA4,r21dev_vgg16_bn_aa_s42,face_transfer,124,single_uu,CFD WM64,Houses,0.28,,50,within_sampled_range,II,142,79.16666666666666,runs/yin_single_noise_20260925/results/r21dev_vgg16_bn_aa_s42/faces_cfdWM64/houses_yin64/results.csv,II
mixed,Mixed faces / AA4,r21dev_vgg16_bn_aa_s42,face_transfer,124,single_uu,CFD WM64,Houses,0.28,,50,within_sampled_range,II,143,70.83333333333334,runs/yin_single_noise_20260925/results/r21dev_vgg16_bn_aa_s42/faces_cfdWM64/houses_yin64/results.csv,II
mixed,Mixed faces / AA4,r21dev_vgg16_bn_aa_s42,face_transfer,124,single_uu,CFD WM64,Houses,0.28,,50,within_sampled_range,II,144,79.16666666666666,runs/yin_single_noise_20260925/results/r21dev_vgg16_bn_aa_s42/faces_cfdWM64/houses_yin64/results.csv,II
mixed,Mixed faces / AA4,r21dev_vgg16_bn_aa_s42,face_transfer,124,single_uu,CFD WM64,Houses,0.28,,50,within_sampled_range,II,145,79.16666666666666,runs/yin_single_noise_20260925/results/r21dev_vgg16_bn_aa_s42/faces_cfdWM64/houses_yin64/results.csv,II
mixed,Mixed faces / AA4,r21dev_vgg16_bn_aa_s42,face_transfer,124,single_uu,CFD WM64,Houses,0.28,,50,within_sampled_range,II,146,75.0,runs/yin_single_noise_20260925/results/r21dev_vgg16_bn_aa_s42/faces_cfdWM64/houses_yin64/results.csv,II
mixed,Mixed faces / AA4,r21dev_vgg16_bn_aa_s42,face_transfer,124,single_uu,CFD WM64,Houses,0.28,,50,within_sampled_range,II,147,70.83333333333334,runs/yin_single_noise_20260925/results/r21dev_vgg16_bn_aa_s42/faces_cfdWM64/houses_yin64/results.csv,II
mixed,Mixed faces / AA4,r21dev_vgg16_bn_aa_s42,face_transfer,124,single_uu,CFD WM64,Houses,0.28,,50,within_sampled_range,II,148,91.66666666666666,runs/yin_single_noise_20260925/results/r21dev_vgg16_bn_aa_s42/faces_cfdWM64/houses_yin64/results.csv,II
mixed,Mixed faces / AA4,r21dev_vgg16_bn_aa_s42,face_transfer,124,single_uu,CFD WM64,Houses,0.28,,50,within_sampled_range,II,149,83.33333333333334,runs/yin_single_noise_20260925/results/r21dev_vgg16_bn_aa_s42/faces_cfdWM64/houses_yin64/results.csv,II
mixed,Mixed faces / AA4,r21dev_vgg16_bn_aa_s42,face_transfer,124,single_uu,CFD WM64,Houses,0.28,,50,within_sampled_range,II,150,79.16666666666666,runs/yin_single_noise_20260925/results/r21dev_vgg16_bn_aa_s42/faces_cfdWM64/houses_yin64/results.csv,II
mixed,Mixed faces / AA4,r21dev_vgg16_bn_aa_s42,face_transfer,124,single_uu,CFD WM64,Houses,0.28,,50,within_sampled_range,UI,101,70.83333333333334,runs/yin_single_noise_20260925/results/r21dev_vgg16_bn_aa_s42/faces_cfdWM64/houses_yin64/results.csv,UI
mixed,Mixed faces / AA4,r21dev_vgg16_bn_aa_s42,face_transfer,124,single_uu,CFD WM64,Houses,0.28,,50,within_sampled_range,UI,102,70.83333333333334,runs/yin_single_noise_20260925/results/r21dev_vgg16_bn_aa_s42/faces_cfdWM64/houses_yin64/results.csv,UI
mixed,Mixed faces / AA4,r21dev_vgg16_bn_aa_s42,face_transfer,124,single_uu,CFD WM64,Houses,0.28,,50,within_sampled_range,UI,103,66.66666666666666,runs/yin_single_noise_20260925/results/r21dev_vgg16_bn_aa_s42/faces_cfdWM64/houses_yin64/results.csv,UI
mixed,Mixed faces / AA4,r21dev_vgg16_bn_aa_s42,face_transfer,124,single_uu,CFD WM64,Houses,0.28,,50,within_sampled_range,UI,104,66.66666666666666,runs/yin_single_noise_20260925/results/r21dev_vgg16_bn_aa_s42/faces_cfdWM64/houses_yin64/results.csv,UI
mixed,Mixed faces / AA4,r21dev_vgg16_bn_aa_s42,face_transfer,124,single_uu,CFD WM64,Houses,0.28,,50,within_sampled_range,UI,105,66.66666666666666,runs/yin_single_noise_20260925/results/r21dev_vgg16_bn_aa_s42/faces_cfdWM64/houses_yin64/results.csv,UI
mixed,Mixed faces / AA4,r21dev_vgg16_bn_aa_s42,face_transfer,124,single_uu,CFD WM64,Houses,0.28,,50,within_sampled_range,UI,106,79.16666666666666,runs/yin_single_noise_20260925/results/r21dev_vgg16_bn_aa_s42/faces_cfdWM64/houses_yin64/results.csv,UI
mixed,Mixed faces / AA4,r21dev_vgg16_bn_aa_s42,face_transfer,124,single_uu,CFD WM64,Houses,0.28,,50,within_sampled_range,UI,107,83.33333333333334,runs/yin_single_noise_20260925/results/r21dev_vgg16_bn_aa_s42/faces_cfdWM64/houses_yin64/results.csv,UI
mixed,Mixed faces / AA4,r21dev_vgg16_bn_aa_s42,face_transfer,124,single_uu,CFD WM64,Houses,0.28,,50,within_sampled_range,UI,108,83.33333333333334,runs/yin_single_noise_20260925/results/r21dev_vgg16_bn_aa_s42/faces_cfdWM64/houses_yin64/results.csv,UI
mixed,Mixed faces / AA4,r21dev_vgg16_bn_aa_s42,face_transfer,124,single_uu,CFD WM64,Houses,0.28,,50,within_sampled_range,UI,109,79.16666666666666,runs/yin_single_noise_20260925/results/r21dev_vgg16_bn_aa_s42/faces_cfdWM64/houses_yin64/results.csv,UI
mixed,Mixed faces / AA4,r21dev_vgg16_bn_aa_s42,face_transfer,124,single_uu,CFD WM64,Houses,0.28,,50,within_sampled_range,UI,110,66.66666666666666,runs/yin_single_noise_20260925/results/r21dev_vgg16_bn_aa_s42/faces_cfdWM64/houses_yin64/results.csv,UI
mixed,Mixed faces / AA4,r21dev_vgg16_bn_aa_s42,face_transfer,124,single_uu,CFD WM64,Houses,0.28,,50,within_sampled_range,UI,111,66.66666666666666,runs/yin_single_noise_20260925/results/r21dev_vgg16_bn_aa_s42/faces_cfdWM64/houses_yin64/results.csv,UI
mixed,Mixed faces / AA4,r21dev_vgg16_bn_aa_s42,face_transfer,124,single_uu,CFD WM64,Houses,0.28,,50,within_sampled_range,UI,112,75.0,runs/yin_single_noise_20260925/results/r21dev_vgg16_bn_aa_s42/faces_cfdWM64/houses_yin64/results.csv,UI
mixed,Mixed faces / AA4,r21dev_vgg16_bn_aa_s42,face_transfer,124,single_uu,CFD WM64,Houses,0.28,,50,within_sampled_range,UI,113,70.83333333333334,runs/yin_single_noise_20260925/results/r21dev_vgg16_bn_aa_s42/faces_cfdWM64/houses_yin64/results.csv,UI
mixed,Mixed faces / AA4,r21dev_vgg16_bn_aa_s42,face_transfer,124,single_uu,CFD WM64,Houses,0.28,,50,within_sampled_range,UI,114,70.83333333333334,runs/yin_single_noise_20260925/results/r21dev_vgg16_bn_aa_s42/faces_cfdWM64/houses_yin64/results.csv,UI
mixed,Mixed faces / AA4,r21dev_vgg16_bn_aa_s42,face_transfer,124,single_uu,CFD WM64,Houses,0.28,,50,within_sampled_range,UI,115,87.5,runs/yin_single_noise_20260925/results/r21dev_vgg16_bn_aa_s42/faces_cfdWM64/houses_yin64/results.csv,UI
mixed,Mixed faces / AA4,r21dev_vgg16_bn_aa_s42,face_transfer,124,single_uu,CFD WM64,Houses,0.28,,50,within_sampled_range,UI,116,75.0,runs/yin_single_noise_20260925/results/r21dev_vgg16_bn_aa_s42/faces_cfdWM64/houses_yin64/results.csv,UI
mixed,Mixed faces / AA4,r21dev_vgg16_bn_aa_s42,face_transfer,124,single_uu,CFD WM64,Houses,0.28,,50,within_sampled_range,UI,117,70.83333333333334,runs/yin_single_noise_20260925/results/r21dev_vgg16_bn_aa_s42/faces_cfdWM64/houses_yin64/results.csv,UI
mixed,Mixed faces / AA4,r21dev_vgg16_bn_aa_s42,face_transfer,124,single_uu,CFD WM64,Houses,0.28,,50,within_sampled_range,UI,118,62.5,runs/yin_single_noise_20260925/results/r21dev_vgg16_bn_aa_s42/faces_cfdWM64/houses_yin64/results.csv,UI
mixed,Mixed faces / AA4,r21dev_vgg16_bn_aa_s42,face_transfer,124,single_uu,CFD WM64,Houses,0.28,,50,within_sampled_range,UI,119,75.0,runs/yin_single_noise_20260925/results/r21dev_vgg16_bn_aa_s42/faces_cfdWM64/houses_yin64/results.csv,UI
mixed,Mixed faces / AA4,r21dev_vgg16_bn_aa_s42,face_transfer,124,single_uu,CFD WM64,Houses,0.28,,50,within_sampled_range,UI,120,75.0,runs/yin_single_noise_20260925/results/r21dev_vgg16_bn_aa_s42/faces_cfdWM64/houses_yin64/results.csv,UI
mixed,Mixed faces / AA4,r21dev_vgg16_bn_aa_s42,face_transfer,124,single_uu,CFD WM64,Houses,0.28,,50,within_sampled_range,UI,121,70.83333333333334,runs/yin_single_noise_20260925/results/r21dev_vgg16_bn_aa_s42/faces_cfdWM64/houses_yin64/results.csv,UI
mixed,Mixed faces / AA4,r21dev_vgg16_bn_aa_s42,face_transfer,124,single_uu,CFD WM64,Houses,0.28,,50,within_sampled_range,UI,122,75.0,runs/yin_single_noise_20260925/results/r21dev_vgg16_bn_aa_s42/faces_cfdWM64/houses_yin64/results.csv,UI
mixed,Mixed faces / AA4,r21dev_vgg16_bn_aa_s42,face_transfer,124,single_uu,CFD WM64,Houses,0.28,,50,within_sampled_range,UI,123,79.16666666666666,runs/yin_single_noise_20260925/results/r21dev_vgg16_bn_aa_s42/faces_cfdWM64/houses_yin64/results.csv,UI
mixed,Mixed faces / AA4,r21dev_vgg16_bn_aa_s42,face_transfer,124,single_uu,CFD WM64,Houses,0.28,,50,within_sampled_range,UI,124,70.83333333333334,runs/yin_single_noise_20260925/results/r21dev_vgg16_bn_aa_s42/faces_cfdWM64/houses_yin64/results.csv,UI
mixed,Mixed faces / AA4,r21dev_vgg16_bn_aa_s42,face_transfer,124,single_uu,CFD WM64,Houses,0.28,,50,within_sampled_range,UI,125,62.5,runs/yin_single_noise_20260925/results/r21dev_vgg16_bn_aa_s42/faces_cfdWM64/houses_yin64/results.csv,UI
mixed,Mixed faces / AA4,r21dev_vgg16_bn_aa_s42,face_transfer,124,single_uu,CFD WM64,Houses,0.28,,50,within_sampled_range,UI,126,66.66666666666666,runs/yin_single_noise_20260925/results/r21dev_vgg16_bn_aa_s42/faces_cfdWM64/houses_yin64/results.csv,UI
mixed,Mixed faces / AA4,r21dev_vgg16_bn_aa_s42,face_transfer,124,single_uu,CFD WM64,Houses,0.28,,50,within_sampled_range,UI,127,79.16666666666666,runs/yin_single_noise_20260925/results/r21dev_vgg16_bn_aa_s42/faces_cfdWM64/houses_yin64/results.csv,UI
mixed,Mixed faces / AA4,r21dev_vgg16_bn_aa_s42,face_transfer,124,single_uu,CFD WM64,Houses,0.28,,50,within_sampled_range,UI,128,75.0,runs/yin_single_noise_20260925/results/r21dev_vgg16_bn_aa_s42/faces_cfdWM64/houses_yin64/results.csv,UI
mixed,Mixed faces / AA4,r21dev_vgg16_bn_aa_s42,face_transfer,124,single_uu,CFD WM64,Houses,0.28,,50,within_sampled_range,UI,129,83.33333333333334,runs/yin_single_noise_20260925/results/r21dev_vgg16_bn_aa_s42/faces_cfdWM64/houses_yin64/results.csv,UI
mixed,Mixed faces / AA4,r21dev_vgg16_bn_aa_s42,face_transfer,124,single_uu,CFD WM64,Houses,0.28,,50,within_sampled_range,UI,130,87.5,runs/yin_single_noise_20260925/results/r21dev_vgg16_bn_aa_s42/faces_cfdWM64/houses_yin64/results.csv,UI
mixed,Mixed faces / AA4,r21dev_vgg16_bn_aa_s42,face_transfer,124,single_uu,CFD WM64,Houses,0.28,,50,within_sampled_range,UI,131,66.66666666666666,runs/yin_single_noise_20260925/results/r21dev_vgg16_bn_aa_s42/faces_cfdWM64/houses_yin64/results.csv,UI
mixed,Mixed faces / AA4,r21dev_vgg16_bn_aa_s42,face_transfer,124,single_uu,CFD WM64,Houses,0.28,,50,within_sampled_range,UI,132,66.66666666666666,runs/yin_single_noise_20260925/results/r21dev_vgg16_bn_aa_s42/faces_cfdWM64/houses_yin64/results.csv,UI
mixed,Mixed faces / AA4,r21dev_vgg16_bn_aa_s42,face_transfer,124,single_uu,CFD WM64,Houses,0.28,,50,within_sampled_range,UI,133,70.83333333333334,runs/yin_single_noise_20260925/results/r21dev_vgg16_bn_aa_s42/faces_cfdWM64/houses_yin64/results.csv,UI
mixed,Mixed faces / AA4,r21dev_vgg16_bn_aa_s42,face_transfer,124,single_uu,CFD WM64,Houses,0.28,,50,within_sampled_range,UI,134,75.0,runs/yin_single_noise_20260925/results/r21dev_vgg16_bn_aa_s42/faces_cfdWM64/houses_yin64/results.csv,UI
mixed,Mixed faces / AA4,r21dev_vgg16_bn_aa_s42,face_transfer,124,single_uu,CFD WM64,Houses,0.28,,50,within_sampled_range,UI,135,66.66666666666666,runs/yin_single_noise_20260925/results/r21dev_vgg16_bn_aa_s42/faces_cfdWM64/houses_yin64/results.csv,UI
mixed,Mixed faces / AA4,r21dev_vgg16_bn_aa_s42,face_transfer,124,single_uu,CFD WM64,Houses,0.28,,50,within_sampled_range,UI,136,79.16666666666666,runs/yin_single_noise_20260925/results/r21dev_vgg16_bn_aa_s42/faces_cfdWM64/houses_yin64/results.csv,UI
mixed,Mixed faces / AA4,r21dev_vgg16_bn_aa_s42,face_transfer,124,single_uu,CFD WM64,Houses,0.28,,50,within_sampled_range,UI,137,62.5,runs/yin_single_noise_20260925/results/r21dev_vgg16_bn_aa_s42/faces_cfdWM64/houses_yin64/results.csv,UI
mixed,Mixed faces / AA4,r21dev_vgg16_bn_aa_s42,face_transfer,124,single_uu,CFD WM64,Houses,0.28,,50,within_sampled_range,UI,138,75.0,runs/yin_single_noise_20260925/results/r21dev_vgg16_bn_aa_s42/faces_cfdWM64/houses_yin64/results.csv,UI
mixed,Mixed faces / AA4,r21dev_vgg16_bn_aa_s42,face_transfer,124,single_uu,CFD WM64,Houses,0.28,,50,within_sampled_range,UI,139,62.5,runs/yin_single_noise_20260925/results/r21dev_vgg16_bn_aa_s42/faces_cfdWM64/houses_yin64/results.csv,UI
mixed,Mixed faces / AA4,r21dev_vgg16_bn_aa_s42,face_transfer,124,single_uu,CFD WM64,Houses,0.28,,50,within_sampled_range,UI,140,70.83333333333334,runs/yin_single_noise_20260925/results/r21dev_vgg16_bn_aa_s42/faces_cfdWM64/houses_yin64/results.csv,UI
mixed,Mixed faces / AA4,r21dev_vgg16_bn_aa_s42,face_transfer,124,single_uu,CFD WM64,Houses,0.28,,50,within_sampled_range,UI,141,75.0,runs/yin_single_noise_20260925/results/r21dev_vgg16_bn_aa_s42/faces_cfdWM64/houses_yin64/results.csv,UI
mixed,Mixed faces / AA4,r21dev_vgg16_bn_aa_s42,face_transfer,124,single_uu,CFD WM64,Houses,0.28,,50,within_sampled_range,UI,142,83.33333333333334,runs/yin_single_noise_20260925/results/r21dev_vgg16_bn_aa_s42/faces_cfdWM64/houses_yin64/results.csv,UI
mixed,Mixed faces / AA4,r21dev_vgg16_bn_aa_s42,face_transfer,124,single_uu,CFD WM64,Houses,0.28,,50,within_sampled_range,UI,143,58.333333333333336,runs/yin_single_noise_20260925/results/r21dev_vgg16_bn_aa_s42/faces_cfdWM64/houses_yin64/results.csv,UI
mixed,Mixed faces / AA4,r21dev_vgg16_bn_aa_s42,face_transfer,124,single_uu,CFD WM64,Houses,0.28,,50,within_sampled_range,UI,144,83.33333333333334,runs/yin_single_noise_20260925/results/r21dev_vgg16_bn_aa_s42/faces_cfdWM64/houses_yin64/results.csv,UI
mixed,Mixed faces / AA4,r21dev_vgg16_bn_aa_s42,face_transfer,124,single_uu,CFD WM64,Houses,0.28,,50,within_sampled_range,UI,145,79.16666666666666,runs/yin_single_noise_20260925/results/r21dev_vgg16_bn_aa_s42/faces_cfdWM64/houses_yin64/results.csv,UI
mixed,Mixed faces / AA4,r21dev_vgg16_bn_aa_s42,face_transfer,124,single_uu,CFD WM64,Houses,0.28,,50,within_sampled_range,UI,146,58.333333333333336,runs/yin_single_noise_20260925/results/r21dev_vgg16_bn_aa_s42/faces_cfdWM64/houses_yin64/results.csv,UI
mixed,Mixed faces / AA4,r21dev_vgg16_bn_aa_s42,face_transfer,124,single_uu,CFD WM64,Houses,0.28,,50,within_sampled_range,UI,147,70.83333333333334,runs/yin_single_noise_20260925/results/r21dev_vgg16_bn_aa_s42/faces_cfdWM64/houses_yin64/results.csv,UI
mixed,Mixed faces / AA4,r21dev_vgg16_bn_aa_s42,face_transfer,124,single_uu,CFD WM64,Houses,0.28,,50,within_sampled_range,UI,148,83.33333333333334,runs/yin_single_noise_20260925/results/r21dev_vgg16_bn_aa_s42/faces_cfdWM64/houses_yin64/results.csv,UI
mixed,Mixed faces / AA4,r21dev_vgg16_bn_aa_s42,face_transfer,124,single_uu,CFD WM64,Houses,0.28,,50,within_sampled_range,UI,149,83.33333333333334,runs/yin_single_noise_20260925/results/r21dev_vgg16_bn_aa_s42/faces_cfdWM64/houses_yin64/results.csv,UI
mixed,Mixed faces / AA4,r21dev_vgg16_bn_aa_s42,face_transfer,124,single_uu,CFD WM64,Houses,0.28,,50,within_sampled_range,UI,150,75.0,runs/yin_single_noise_20260925/results/r21dev_vgg16_bn_aa_s42/faces_cfdWM64/houses_yin64/results.csv,UI
mixed,Mixed faces / AA4,r21dev_vgg16_bn_aa_s42,face_transfer,124,single_uu,CFD WM64,Houses,0.28,,50,within_sampled_range,IU,101,75.0,runs/yin_single_noise_20260925/results/r21dev_vgg16_bn_aa_s42/faces_cfdWM64/houses_yin64/results.csv,IU
mixed,Mixed faces / AA4,r21dev_vgg16_bn_aa_s42,face_transfer,124,single_uu,CFD WM64,Houses,0.28,,50,within_sampled_range,IU,102,66.66666666666666,runs/yin_single_noise_20260925/results/r21dev_vgg16_bn_aa_s42/faces_cfdWM64/houses_yin64/results.csv,IU
mixed,Mixed faces / AA4,r21dev_vgg16_bn_aa_s42,face_transfer,124,single_uu,CFD WM64,Houses,0.28,,50,within_sampled_range,IU,103,66.66666666666666,runs/yin_single_noise_20260925/results/r21dev_vgg16_bn_aa_s42/faces_cfdWM64/houses_yin64/results.csv,IU
mixed,Mixed faces / AA4,r21dev_vgg16_bn_aa_s42,face_transfer,124,single_uu,CFD WM64,Houses,0.28,,50,within_sampled_range,IU,104,83.33333333333334,runs/yin_single_noise_20260925/results/r21dev_vgg16_bn_aa_s42/faces_cfdWM64/houses_yin64/results.csv,IU
mixed,Mixed faces / AA4,r21dev_vgg16_bn_aa_s42,face_transfer,124,single_uu,CFD WM64,Houses,0.28,,50,within_sampled_range,IU,105,70.83333333333334,runs/yin_single_noise_20260925/results/r21dev_vgg16_bn_aa_s42/faces_cfdWM64/houses_yin64/results.csv,IU
mixed,Mixed faces / AA4,r21dev_vgg16_bn_aa_s42,face_transfer,124,single_uu,CFD WM64,Houses,0.28,,50,within_sampled_range,IU,106,87.5,runs/yin_single_noise_20260925/results/r21dev_vgg16_bn_aa_s42/faces_cfdWM64/houses_yin64/results.csv,IU
mixed,Mixed faces / AA4,r21dev_vgg16_bn_aa_s42,face_transfer,124,single_uu,CFD WM64,Houses,0.28,,50,within_sampled_range,IU,107,75.0,runs/yin_single_noise_20260925/results/r21dev_vgg16_bn_aa_s42/faces_cfdWM64/houses_yin64/results.csv,IU
mixed,Mixed faces / AA4,r21dev_vgg16_bn_aa_s42,face_transfer,124,single_uu,CFD WM64,Houses,0.28,,50,within_sampled_range,IU,108,70.83333333333334,runs/yin_single_noise_20260925/results/r21dev_vgg16_bn_aa_s42/faces_cfdWM64/houses_yin64/results.csv,IU
mixed,Mixed faces / AA4,r21dev_vgg16_bn_aa_s42,face_transfer,124,single_uu,CFD WM64,Houses,0.28,,50,within_sampled_range,IU,109,66.66666666666666,runs/yin_single_noise_20260925/results/r21dev_vgg16_bn_aa_s42/faces_cfdWM64/houses_yin64/results.csv,IU
mixed,Mixed faces / AA4,r21dev_vgg16_bn_aa_s42,face_transfer,124,single_uu,CFD WM64,Houses,0.28,,50,within_sampled_range,IU,110,79.16666666666666,runs/yin_single_noise_20260925/results/r21dev_vgg16_bn_aa_s42/faces_cfdWM64/houses_yin64/results.csv,IU
mixed,Mixed faces / AA4,r21dev_vgg16_bn_aa_s42,face_transfer,124,single_uu,CFD WM64,Houses,0.28,,50,within_sampled_range,IU,111,75.0,runs/yin_single_noise_20260925/results/r21dev_vgg16_bn_aa_s42/faces_cfdWM64/houses_yin64/results.csv,IU
mixed,Mixed faces / AA4,r21dev_vgg16_bn_aa_s42,face_transfer,124,single_uu,CFD WM64,Houses,0.28,,50,within_sampled_range,IU,112,87.5,runs/yin_single_noise_20260925/results/r21dev_vgg16_bn_aa_s42/faces_cfdWM64/houses_yin64/results.csv,IU
mixed,Mixed faces / AA4,r21dev_vgg16_bn_aa_s42,face_transfer,124,single_uu,CFD WM64,Houses,0.28,,50,within_sampled_range,IU,113,66.66666666666666,runs/yin_single_noise_20260925/results/r21dev_vgg16_bn_aa_s42/faces_cfdWM64/houses_yin64/results.csv,IU
mixed,Mixed faces / AA4,r21dev_vgg16_bn_aa_s42,face_transfer,124,single_uu,CFD WM64,Houses,0.28,,50,within_sampled_range,IU,114,58.333333333333336,runs/yin_single_noise_20260925/results/r21dev_vgg16_bn_aa_s42/faces_cfdWM64/houses_yin64/results.csv,IU
mixed,Mixed faces / AA4,r21dev_vgg16_bn_aa_s42,face_transfer,124,single_uu,CFD WM64,Houses,0.28,,50,within_sampled_range,IU,115,83.33333333333334,runs/yin_single_noise_20260925/results/r21dev_vgg16_bn_aa_s42/faces_cfdWM64/houses_yin64/results.csv,IU
mixed,Mixed faces / AA4,r21dev_vgg16_bn_aa_s42,face_transfer,124,single_uu,CFD WM64,Houses,0.28,,50,within_sampled_range,IU,116,62.5,runs/yin_single_noise_20260925/results/r21dev_vgg16_bn_aa_s42/faces_cfdWM64/houses_yin64/results.csv,IU
mixed,Mixed faces / AA4,r21dev_vgg16_bn_aa_s42,face_transfer,124,single_uu,CFD WM64,Houses,0.28,,50,within_sampled_range,IU,117,79.16666666666666,runs/yin_single_noise_20260925/results/r21dev_vgg16_bn_aa_s42/faces_cfdWM64/houses_yin64/results.csv,IU
mixed,Mixed faces / AA4,r21dev_vgg16_bn_aa_s42,face_transfer,124,single_uu,CFD WM64,Houses,0.28,,50,within_sampled_range,IU,118,79.16666666666666,runs/yin_single_noise_20260925/results/r21dev_vgg16_bn_aa_s42/faces_cfdWM64/houses_yin64/results.csv,IU
mixed,Mixed faces / AA4,r21dev_vgg16_bn_aa_s42,face_transfer,124,single_uu,CFD WM64,Houses,0.28,,50,within_sampled_range,IU,119,87.5,runs/yin_single_noise_20260925/results/r21dev_vgg16_bn_aa_s42/faces_cfdWM64/houses_yin64/results.csv,IU
mixed,Mixed faces / AA4,r21dev_vgg16_bn_aa_s42,face_transfer,124,single_uu,CFD WM64,Houses,0.28,,50,within_sampled_range,IU,120,75.0,runs/yin_single_noise_20260925/results/r21dev_vgg16_bn_aa_s42/faces_cfdWM64/houses_yin64/results.csv,IU
mixed,Mixed faces / AA4,r21dev_vgg16_bn_aa_s42,face_transfer,124,single_uu,CFD WM64,Houses,0.28,,50,within_sampled_range,IU,121,70.83333333333334,runs/yin_single_noise_20260925/results/r21dev_vgg16_bn_aa_s42/faces_cfdWM64/houses_yin64/results.csv,IU
mixed,Mixed faces / AA4,r21dev_vgg16_bn_aa_s42,face_transfer,124,single_uu,CFD WM64,Houses,0.28,,50,within_sampled_range,IU,122,75.0,runs/yin_single_noise_20260925/results/r21dev_vgg16_bn_aa_s42/faces_cfdWM64/houses_yin64/results.csv,IU
mixed,Mixed faces / AA4,r21dev_vgg16_bn_aa_s42,face_transfer,124,single_uu,CFD WM64,Houses,0.28,,50,within_sampled_range,IU,123,66.66666666666666,runs/yin_single_noise_20260925/results/r21dev_vgg16_bn_aa_s42/faces_cfdWM64/houses_yin64/results.csv,IU
mixed,Mixed faces / AA4,r21dev_vgg16_bn_aa_s42,face_transfer,124,single_uu,CFD WM64,Houses,0.28,,50,within_sampled_range,IU,124,66.66666666666666,runs/yin_single_noise_20260925/results/r21dev_vgg16_bn_aa_s42/faces_cfdWM64/houses_yin64/results.csv,IU
mixed,Mixed faces / AA4,r21dev_vgg16_bn_aa_s42,face_transfer,124,single_uu,CFD WM64,Houses,0.28,,50,within_sampled_range,IU,125,54.166666666666664,runs/yin_single_noise_20260925/results/r21dev_vgg16_bn_aa_s42/faces_cfdWM64/houses_yin64/results.csv,IU
mixed,Mixed faces / AA4,r21dev_vgg16_bn_aa_s42,face_transfer,124,single_uu,CFD WM64,Houses,0.28,,50,within_sampled_range,IU,126,83.33333333333334,runs/yin_single_noise_20260925/results/r21dev_vgg16_bn_aa_s42/faces_cfdWM64/houses_yin64/results.csv,IU
mixed,Mixed faces / AA4,r21dev_vgg16_bn_aa_s42,face_transfer,124,single_uu,CFD WM64,Houses,0.28,,50,within_sampled_range,IU,127,95.83333333333334,runs/yin_single_noise_20260925/results/r21dev_vgg16_bn_aa_s42/faces_cfdWM64/houses_yin64/results.csv,IU
mixed,Mixed faces / AA4,r21dev_vgg16_bn_aa_s42,face_transfer,124,single_uu,CFD WM64,Houses,0.28,,50,within_sampled_range,IU,128,75.0,runs/yin_single_noise_20260925/results/r21dev_vgg16_bn_aa_s42/faces_cfdWM64/houses_yin64/results.csv,IU
mixed,Mixed faces / AA4,r21dev_vgg16_bn_aa_s42,face_transfer,124,single_uu,CFD WM64,Houses,0.28,,50,within_sampled_range,IU,129,62.5,runs/yin_single_noise_20260925/results/r21dev_vgg16_bn_aa_s42/faces_cfdWM64/houses_yin64/results.csv,IU
mixed,Mixed faces / AA4,r21dev_vgg16_bn_aa_s42,face_transfer,124,single_uu,CFD WM64,Houses,0.28,,50,within_sampled_range,IU,130,62.5,runs/yin_single_noise_20260925/results/r21dev_vgg16_bn_aa_s42/faces_cfdWM64/houses_yin64/results.csv,IU
mixed,Mixed faces / AA4,r21dev_vgg16_bn_aa_s42,face_transfer,124,single_uu,CFD WM64,Houses,0.28,,50,within_sampled_range,IU,131,62.5,runs/yin_single_noise_20260925/results/r21dev_vgg16_bn_aa_s42/faces_cfdWM64/houses_yin64/results.csv,IU
mixed,Mixed faces / AA4,r21dev_vgg16_bn_aa_s42,face_transfer,124,single_uu,CFD WM64,Houses,0.28,,50,within_sampled_range,IU,132,70.83333333333334,runs/yin_single_noise_20260925/results/r21dev_vgg16_bn_aa_s42/faces_cfdWM64/houses_yin64/results.csv,IU
mixed,Mixed faces / AA4,r21dev_vgg16_bn_aa_s42,face_transfer,124,single_uu,CFD WM64,Houses,0.28,,50,within_sampled_range,IU,133,79.16666666666666,runs/yin_single_noise_20260925/results/r21dev_vgg16_bn_aa_s42/faces_cfdWM64/houses_yin64/results.csv,IU
mixed,Mixed faces / AA4,r21dev_vgg16_bn_aa_s42,face_transfer,124,single_uu,CFD WM64,Houses,0.28,,50,within_sampled_range,IU,134,75.0,runs/yin_single_noise_20260925/results/r21dev_vgg16_bn_aa_s42/faces_cfdWM64/houses_yin64/results.csv,IU
mixed,Mixed faces / AA4,r21dev_vgg16_bn_aa_s42,face_transfer,124,single_uu,CFD WM64,Houses,0.28,,50,within_sampled_range,IU,135,66.66666666666666,runs/yin_single_noise_20260925/results/r21dev_vgg16_bn_aa_s42/faces_cfdWM64/houses_yin64/results.csv,IU
mixed,Mixed faces / AA4,r21dev_vgg16_bn_aa_s42,face_transfer,124,single_uu,CFD WM64,Houses,0.28,,50,within_sampled_range,IU,136,75.0,runs/yin_single_noise_20260925/results/r21dev_vgg16_bn_aa_s42/faces_cfdWM64/houses_yin64/results.csv,IU
mixed,Mixed faces / AA4,r21dev_vgg16_bn_aa_s42,face_transfer,124,single_uu,CFD WM64,Houses,0.28,,50,within_sampled_range,IU,137,70.83333333333334,runs/yin_single_noise_20260925/results/r21dev_vgg16_bn_aa_s42/faces_cfdWM64/houses_yin64/results.csv,IU
mixed,Mixed faces / AA4,r21dev_vgg16_bn_aa_s42,face_transfer,124,single_uu,CFD WM64,Houses,0.28,,50,within_sampled_range,IU,138,62.5,runs/yin_single_noise_20260925/results/r21dev_vgg16_bn_aa_s42/faces_cfdWM64/houses_yin64/results.csv,IU
mixed,Mixed faces / AA4,r21dev_vgg16_bn_aa_s42,face_transfer,124,single_uu,CFD WM64,Houses,0.28,,50,within_sampled_range,IU,139,70.83333333333334,runs/yin_single_noise_20260925/results/r21dev_vgg16_bn_aa_s42/faces_cfdWM64/houses_yin64/results.csv,IU
mixed,Mixed faces / AA4,r21dev_vgg16_bn_aa_s42,face_transfer,124,single_uu,CFD WM64,Houses,0.28,,50,within_sampled_range,IU,140,58.333333333333336,runs/yin_single_noise_20260925/results/r21dev_vgg16_bn_aa_s42/faces_cfdWM64/houses_yin64/results.csv,IU
mixed,Mixed faces / AA4,r21dev_vgg16_bn_aa_s42,face_transfer,124,single_uu,CFD WM64,Houses,0.28,,50,within_sampled_range,IU,141,79.16666666666666,runs/yin_single_noise_20260925/results/r21dev_vgg16_bn_aa_s42/faces_cfdWM64/houses_yin64/results.csv,IU
mixed,Mixed faces / AA4,r21dev_vgg16_bn_aa_s42,face_transfer,124,single_uu,CFD WM64,Houses,0.28,,50,within_sampled_range,IU,142,79.16666666666666,runs/yin_single_noise_20260925/results/r21dev_vgg16_bn_aa_s42/faces_cfdWM64/houses_yin64/results.csv,IU
mixed,Mixed faces / AA4,r21dev_vgg16_bn_aa_s42,face_transfer,124,single_uu,CFD WM64,Houses,0.28,,50,within_sampled_range,IU,143,75.0,runs/yin_single_noise_20260925/results/r21dev_vgg16_bn_aa_s42/faces_cfdWM64/houses_yin64/results.csv,IU
mixed,Mixed faces / AA4,r21dev_vgg16_bn_aa_s42,face_transfer,124,single_uu,CFD WM64,Houses,0.28,,50,within_sampled_range,IU,144,70.83333333333334,runs/yin_single_noise_20260925/results/r21dev_vgg16_bn_aa_s42/faces_cfdWM64/houses_yin64/results.csv,IU
mixed,Mixed faces / AA4,r21dev_vgg16_bn_aa_s42,face_transfer,124,single_uu,CFD WM64,Houses,0.28,,50,within_sampled_range,IU,145,75.0,runs/yin_single_noise_20260925/results/r21dev_vgg16_bn_aa_s42/faces_cfdWM64/houses_yin64/results.csv,IU
mixed,Mixed faces / AA4,r21dev_vgg16_bn_aa_s42,face_transfer,124,single_uu,CFD WM64,Houses,0.28,,50,within_sampled_range,IU,146,62.5,runs/yin_single_noise_20260925/results/r21dev_vgg16_bn_aa_s42/faces_cfdWM64/houses_yin64/results.csv,IU
mixed,Mixed faces / AA4,r21dev_vgg16_bn_aa_s42,face_transfer,124,single_uu,CFD WM64,Houses,0.28,,50,within_sampled_range,IU,147,66.66666666666666,runs/yin_single_noise_20260925/results/r21dev_vgg16_bn_aa_s42/faces_cfdWM64/houses_yin64/results.csv,IU
mixed,Mixed faces / AA4,r21dev_vgg16_bn_aa_s42,face_transfer,124,single_uu,CFD WM64,Houses,0.28,,50,within_sampled_range,IU,148,75.0,runs/yin_single_noise_20260925/results/r21dev_vgg16_bn_aa_s42/faces_cfdWM64/houses_yin64/results.csv,IU
mixed,Mixed faces / AA4,r21dev_vgg16_bn_aa_s42,face_transfer,124,single_uu,CFD WM64,Houses,0.28,,50,within_sampled_range,IU,149,79.16666666666666,runs/yin_single_noise_20260925/results/r21dev_vgg16_bn_aa_s42/faces_cfdWM64/houses_yin64/results.csv,IU
mixed,Mixed faces / AA4,r21dev_vgg16_bn_aa_s42,face_transfer,124,single_uu,CFD WM64,Houses,0.28,,50,within_sampled_range,IU,150,70.83333333333334,runs/yin_single_noise_20260925/results/r21dev_vgg16_bn_aa_s42/faces_cfdWM64/houses_yin64/results.csv,IU
mixed,Mixed faces / AA4,r21dev_vgg16_bn_aa_s42,face_transfer,124,two_cross,CFD WM64,Houses,0.28,0.33,50,within_sampled_range,UU,101,79.16666666666666,runs/yin_noise_matrix_20260926/results/r21dev_vgg16_bn_aa_s42/faces_cfdWM64/houses_yin64/results.csv,UU
mixed,Mixed faces / AA4,r21dev_vgg16_bn_aa_s42,face_transfer,124,two_cross,CFD WM64,Houses,0.28,0.33,50,within_sampled_range,UU,102,79.16666666666666,runs/yin_noise_matrix_20260926/results/r21dev_vgg16_bn_aa_s42/faces_cfdWM64/houses_yin64/results.csv,UU
mixed,Mixed faces / AA4,r21dev_vgg16_bn_aa_s42,face_transfer,124,two_cross,CFD WM64,Houses,0.28,0.33,50,within_sampled_range,UU,103,75.0,runs/yin_noise_matrix_20260926/results/r21dev_vgg16_bn_aa_s42/faces_cfdWM64/houses_yin64/results.csv,UU
mixed,Mixed faces / AA4,r21dev_vgg16_bn_aa_s42,face_transfer,124,two_cross,CFD WM64,Houses,0.28,0.33,50,within_sampled_range,UU,104,83.33333333333334,runs/yin_noise_matrix_20260926/results/r21dev_vgg16_bn_aa_s42/faces_cfdWM64/houses_yin64/results.csv,UU
mixed,Mixed faces / AA4,r21dev_vgg16_bn_aa_s42,face_transfer,124,two_cross,CFD WM64,Houses,0.28,0.33,50,within_sampled_range,UU,105,70.83333333333334,runs/yin_noise_matrix_20260926/results/r21dev_vgg16_bn_aa_s42/faces_cfdWM64/houses_yin64/results.csv,UU
mixed,Mixed faces / AA4,r21dev_vgg16_bn_aa_s42,face_transfer,124,two_cross,CFD WM64,Houses,0.28,0.33,50,within_sampled_range,UU,106,62.5,runs/yin_noise_matrix_20260926/results/r21dev_vgg16_bn_aa_s42/faces_cfdWM64/houses_yin64/results.csv,UU
mixed,Mixed faces / AA4,r21dev_vgg16_bn_aa_s42,face_transfer,124,two_cross,CFD WM64,Houses,0.28,0.33,50,within_sampled_range,UU,107,83.33333333333334,runs/yin_noise_matrix_20260926/results/r21dev_vgg16_bn_aa_s42/faces_cfdWM64/houses_yin64/results.csv,UU
mixed,Mixed faces / AA4,r21dev_vgg16_bn_aa_s42,face_transfer,124,two_cross,CFD WM64,Houses,0.28,0.33,50,within_sampled_range,UU,108,79.16666666666666,runs/yin_noise_matrix_20260926/results/r21dev_vgg16_bn_aa_s42/faces_cfdWM64/houses_yin64/results.csv,UU
mixed,Mixed faces / AA4,r21dev_vgg16_bn_aa_s42,face_transfer,124,two_cross,CFD WM64,Houses,0.28,0.33,50,within_sampled_range,UU,109,79.16666666666666,runs/yin_noise_matrix_20260926/results/r21dev_vgg16_bn_aa_s42/faces_cfdWM64/houses_yin64/results.csv,UU
mixed,Mixed faces / AA4,r21dev_vgg16_bn_aa_s42,face_transfer,124,two_cross,CFD WM64,Houses,0.28,0.33,50,within_sampled_range,UU,110,83.33333333333334,runs/yin_noise_matrix_20260926/results/r21dev_vgg16_bn_aa_s42/faces_cfdWM64/houses_yin64/results.csv,UU
mixed,Mixed faces / AA4,r21dev_vgg16_bn_aa_s42,face_transfer,124,two_cross,CFD WM64,Houses,0.28,0.33,50,within_sampled_range,UU,111,75.0,runs/yin_noise_matrix_20260926/results/r21dev_vgg16_bn_aa_s42/faces_cfdWM64/houses_yin64/results.csv,UU
mixed,Mixed faces / AA4,r21dev_vgg16_bn_aa_s42,face_transfer,124,two_cross,CFD WM64,Houses,0.28,0.33,50,within_sampled_range,UU,112,87.5,runs/yin_noise_matrix_20260926/results/r21dev_vgg16_bn_aa_s42/faces_cfdWM64/houses_yin64/results.csv,UU
mixed,Mixed faces / AA4,r21dev_vgg16_bn_aa_s42,face_transfer,124,two_cross,CFD WM64,Houses,0.28,0.33,50,within_sampled_range,UU,113,83.33333333333334,runs/yin_noise_matrix_20260926/results/r21dev_vgg16_bn_aa_s42/faces_cfdWM64/houses_yin64/results.csv,UU
mixed,Mixed faces / AA4,r21dev_vgg16_bn_aa_s42,face_transfer,124,two_cross,CFD WM64,Houses,0.28,0.33,50,within_sampled_range,UU,114,79.16666666666666,runs/yin_noise_matrix_20260926/results/r21dev_vgg16_bn_aa_s42/faces_cfdWM64/houses_yin64/results.csv,UU
mixed,Mixed faces / AA4,r21dev_vgg16_bn_aa_s42,face_transfer,124,two_cross,CFD WM64,Houses,0.28,0.33,50,within_sampled_range,UU,115,95.83333333333334,runs/yin_noise_matrix_20260926/results/r21dev_vgg16_bn_aa_s42/faces_cfdWM64/houses_yin64/results.csv,UU
mixed,Mixed faces / AA4,r21dev_vgg16_bn_aa_s42,face_transfer,124,two_cross,CFD WM64,Houses,0.28,0.33,50,within_sampled_range,UU,116,83.33333333333334,runs/yin_noise_matrix_20260926/results/r21dev_vgg16_bn_aa_s42/faces_cfdWM64/houses_yin64/results.csv,UU
mixed,Mixed faces / AA4,r21dev_vgg16_bn_aa_s42,face_transfer,124,two_cross,CFD WM64,Houses,0.28,0.33,50,within_sampled_range,UU,117,70.83333333333334,runs/yin_noise_matrix_20260926/results/r21dev_vgg16_bn_aa_s42/faces_cfdWM64/houses_yin64/results.csv,UU
mixed,Mixed faces / AA4,r21dev_vgg16_bn_aa_s42,face_transfer,124,two_cross,CFD WM64,Houses,0.28,0.33,50,within_sampled_range,UU,118,87.5,runs/yin_noise_matrix_20260926/results/r21dev_vgg16_bn_aa_s42/faces_cfdWM64/houses_yin64/results.csv,UU
mixed,Mixed faces / AA4,r21dev_vgg16_bn_aa_s42,face_transfer,124,two_cross,CFD WM64,Houses,0.28,0.33,50,within_sampled_range,UU,119,75.0,runs/yin_noise_matrix_20260926/results/r21dev_vgg16_bn_aa_s42/faces_cfdWM64/houses_yin64/results.csv,UU
mixed,Mixed faces / AA4,r21dev_vgg16_bn_aa_s42,face_transfer,124,two_cross,CFD WM64,Houses,0.28,0.33,50,within_sampled_range,UU,120,79.16666666666666,runs/yin_noise_matrix_20260926/results/r21dev_vgg16_bn_aa_s42/faces_cfdWM64/houses_yin64/results.csv,UU
mixed,Mixed faces / AA4,r21dev_vgg16_bn_aa_s42,face_transfer,124,two_cross,CFD WM64,Houses,0.28,0.33,50,within_sampled_range,UU,121,79.16666666666666,runs/yin_noise_matrix_20260926/results/r21dev_vgg16_bn_aa_s42/faces_cfdWM64/houses_yin64/results.csv,UU
mixed,Mixed faces / AA4,r21dev_vgg16_bn_aa_s42,face_transfer,124,two_cross,CFD WM64,Houses,0.28,0.33,50,within_sampled_range,UU,122,87.5,runs/yin_noise_matrix_20260926/results/r21dev_vgg16_bn_aa_s42/faces_cfdWM64/houses_yin64/results.csv,UU
mixed,Mixed faces / AA4,r21dev_vgg16_bn_aa_s42,face_transfer,124,two_cross,CFD WM64,Houses,0.28,0.33,50,within_sampled_range,UU,123,91.66666666666666,runs/yin_noise_matrix_20260926/results/r21dev_vgg16_bn_aa_s42/faces_cfdWM64/houses_yin64/results.csv,UU
mixed,Mixed faces / AA4,r21dev_vgg16_bn_aa_s42,face_transfer,124,two_cross,CFD WM64,Houses,0.28,0.33,50,within_sampled_range,UU,124,79.16666666666666,runs/yin_noise_matrix_20260926/results/r21dev_vgg16_bn_aa_s42/faces_cfdWM64/houses_yin64/results.csv,UU
mixed,Mixed faces / AA4,r21dev_vgg16_bn_aa_s42,face_transfer,124,two_cross,CFD WM64,Houses,0.28,0.33,50,within_sampled_range,UU,125,79.16666666666666,runs/yin_noise_matrix_20260926/results/r21dev_vgg16_bn_aa_s42/faces_cfdWM64/houses_yin64/results.csv,UU
mixed,Mixed faces / AA4,r21dev_vgg16_bn_aa_s42,face_transfer,124,two_cross,CFD WM64,Houses,0.28,0.33,50,within_sampled_range,UU,126,75.0,runs/yin_noise_matrix_20260926/results/r21dev_vgg16_bn_aa_s42/faces_cfdWM64/houses_yin64/results.csv,UU
mixed,Mixed faces / AA4,r21dev_vgg16_bn_aa_s42,face_transfer,124,two_cross,CFD WM64,Houses,0.28,0.33,50,within_sampled_range,UU,127,91.66666666666666,runs/yin_noise_matrix_20260926/results/r21dev_vgg16_bn_aa_s42/faces_cfdWM64/houses_yin64/results.csv,UU
mixed,Mixed faces / AA4,r21dev_vgg16_bn_aa_s42,face_transfer,124,two_cross,CFD WM64,Houses,0.28,0.33,50,within_sampled_range,UU,128,75.0,runs/yin_noise_matrix_20260926/results/r21dev_vgg16_bn_aa_s42/faces_cfdWM64/houses_yin64/results.csv,UU
mixed,Mixed faces / AA4,r21dev_vgg16_bn_aa_s42,face_transfer,124,two_cross,CFD WM64,Houses,0.28,0.33,50,within_sampled_range,UU,129,70.83333333333334,runs/yin_noise_matrix_20260926/results/r21dev_vgg16_bn_aa_s42/faces_cfdWM64/houses_yin64/results.csv,UU
mixed,Mixed faces / AA4,r21dev_vgg16_bn_aa_s42,face_transfer,124,two_cross,CFD WM64,Houses,0.28,0.33,50,within_sampled_range,UU,130,79.16666666666666,runs/yin_noise_matrix_20260926/results/r21dev_vgg16_bn_aa_s42/faces_cfdWM64/houses_yin64/results.csv,UU
mixed,Mixed faces / AA4,r21dev_vgg16_bn_aa_s42,face_transfer,124,two_cross,CFD WM64,Houses,0.28,0.33,50,within_sampled_range,UU,131,70.83333333333334,runs/yin_noise_matrix_20260926/results/r21dev_vgg16_bn_aa_s42/faces_cfdWM64/houses_yin64/results.csv,UU
mixed,Mixed faces / AA4,r21dev_vgg16_bn_aa_s42,face_transfer,124,two_cross,CFD WM64,Houses,0.28,0.33,50,within_sampled_range,UU,132,66.66666666666666,runs/yin_noise_matrix_20260926/results/r21dev_vgg16_bn_aa_s42/faces_cfdWM64/houses_yin64/results.csv,UU
mixed,Mixed faces / AA4,r21dev_vgg16_bn_aa_s42,face_transfer,124,two_cross,CFD WM64,Houses,0.28,0.33,50,within_sampled_range,UU,133,79.16666666666666,runs/yin_noise_matrix_20260926/results/r21dev_vgg16_bn_aa_s42/faces_cfdWM64/houses_yin64/results.csv,UU
mixed,Mixed faces / AA4,r21dev_vgg16_bn_aa_s42,face_transfer,124,two_cross,CFD WM64,Houses,0.28,0.33,50,within_sampled_range,UU,134,79.16666666666666,runs/yin_noise_matrix_20260926/results/r21dev_vgg16_bn_aa_s42/faces_cfdWM64/houses_yin64/results.csv,UU
mixed,Mixed faces / AA4,r21dev_vgg16_bn_aa_s42,face_transfer,124,two_cross,CFD WM64,Houses,0.28,0.33,50,within_sampled_range,UU,135,75.0,runs/yin_noise_matrix_20260926/results/r21dev_vgg16_bn_aa_s42/faces_cfdWM64/houses_yin64/results.csv,UU
mixed,Mixed faces / AA4,r21dev_vgg16_bn_aa_s42,face_transfer,124,two_cross,CFD WM64,Houses,0.28,0.33,50,within_sampled_range,UU,136,79.16666666666666,runs/yin_noise_matrix_20260926/results/r21dev_vgg16_bn_aa_s42/faces_cfdWM64/houses_yin64/results.csv,UU
mixed,Mixed faces / AA4,r21dev_vgg16_bn_aa_s42,face_transfer,124,two_cross,CFD WM64,Houses,0.28,0.33,50,within_sampled_range,UU,137,79.16666666666666,runs/yin_noise_matrix_20260926/results/r21dev_vgg16_bn_aa_s42/faces_cfdWM64/houses_yin64/results.csv,UU
mixed,Mixed faces / AA4,r21dev_vgg16_bn_aa_s42,face_transfer,124,two_cross,CFD WM64,Houses,0.28,0.33,50,within_sampled_range,UU,138,91.66666666666666,runs/yin_noise_matrix_20260926/results/r21dev_vgg16_bn_aa_s42/faces_cfdWM64/houses_yin64/results.csv,UU
mixed,Mixed faces / AA4,r21dev_vgg16_bn_aa_s42,face_transfer,124,two_cross,CFD WM64,Houses,0.28,0.33,50,within_sampled_range,UU,139,75.0,runs/yin_noise_matrix_20260926/results/r21dev_vgg16_bn_aa_s42/faces_cfdWM64/houses_yin64/results.csv,UU
mixed,Mixed faces / AA4,r21dev_vgg16_bn_aa_s42,face_transfer,124,two_cross,CFD WM64,Houses,0.28,0.33,50,within_sampled_range,UU,140,70.83333333333334,runs/yin_noise_matrix_20260926/results/r21dev_vgg16_bn_aa_s42/faces_cfdWM64/houses_yin64/results.csv,UU
mixed,Mixed faces / AA4,r21dev_vgg16_bn_aa_s42,face_transfer,124,two_cross,CFD WM64,Houses,0.28,0.33,50,within_sampled_range,UU,141,79.16666666666666,runs/yin_noise_matrix_20260926/results/r21dev_vgg16_bn_aa_s42/faces_cfdWM64/houses_yin64/results.csv,UU
mixed,Mixed faces / AA4,r21dev_vgg16_bn_aa_s42,face_transfer,124,two_cross,CFD WM64,Houses,0.28,0.33,50,within_sampled_range,UU,142,83.33333333333334,runs/yin_noise_matrix_20260926/results/r21dev_vgg16_bn_aa_s42/faces_cfdWM64/houses_yin64/results.csv,UU
mixed,Mixed faces / AA4,r21dev_vgg16_bn_aa_s42,face_transfer,124,two_cross,CFD WM64,Houses,0.28,0.33,50,within_sampled_range,UU,143,70.83333333333334,runs/yin_noise_matrix_20260926/results/r21dev_vgg16_bn_aa_s42/faces_cfdWM64/houses_yin64/results.csv,UU
mixed,Mixed faces / AA4,r21dev_vgg16_bn_aa_s42,face_transfer,124,two_cross,CFD WM64,Houses,0.28,0.33,50,within_sampled_range,UU,144,83.33333333333334,runs/yin_noise_matrix_20260926/results/r21dev_vgg16_bn_aa_s42/faces_cfdWM64/houses_yin64/results.csv,UU
mixed,Mixed faces / AA4,r21dev_vgg16_bn_aa_s42,face_transfer,124,two_cross,CFD WM64,Houses,0.28,0.33,50,within_sampled_range,UU,145,83.33333333333334,runs/yin_noise_matrix_20260926/results/r21dev_vgg16_bn_aa_s42/faces_cfdWM64/houses_yin64/results.csv,UU
mixed,Mixed faces / AA4,r21dev_vgg16_bn_aa_s42,face_transfer,124,two_cross,CFD WM64,Houses,0.28,0.33,50,within_sampled_range,UU,146,87.5,runs/yin_noise_matrix_20260926/results/r21dev_vgg16_bn_aa_s42/faces_cfdWM64/houses_yin64/results.csv,UU
mixed,Mixed faces / AA4,r21dev_vgg16_bn_aa_s42,face_transfer,124,two_cross,CFD WM64,Houses,0.28,0.33,50,within_sampled_range,UU,147,75.0,runs/yin_noise_matrix_20260926/results/r21dev_vgg16_bn_aa_s42/faces_cfdWM64/houses_yin64/results.csv,UU
mixed,Mixed faces / AA4,r21dev_vgg16_bn_aa_s42,face_transfer,124,two_cross,CFD WM64,Houses,0.28,0.33,50,within_sampled_range,UU,148,95.83333333333334,runs/yin_noise_matrix_20260926/results/r21dev_vgg16_bn_aa_s42/faces_cfdWM64/houses_yin64/results.csv,UU
mixed,Mixed faces / AA4,r21dev_vgg16_bn_aa_s42,face_transfer,124,two_cross,CFD WM64,Houses,0.28,0.33,50,within_sampled_range,UU,149,91.66666666666666,runs/yin_noise_matrix_20260926/results/r21dev_vgg16_bn_aa_s42/faces_cfdWM64/houses_yin64/results.csv,UU
mixed,Mixed faces / AA4,r21dev_vgg16_bn_aa_s42,face_transfer,124,two_cross,CFD WM64,Houses,0.28,0.33,50,within_sampled_range,UU,150,79.16666666666666,runs/yin_noise_matrix_20260926/results/r21dev_vgg16_bn_aa_s42/faces_cfdWM64/houses_yin64/results.csv,UU
mixed,Mixed faces / AA4,r21dev_vgg16_bn_aa_s42,face_transfer,124,two_cross,CFD WM64,Houses,0.28,0.33,50,within_sampled_range,II,101,70.83333333333334,runs/yin_noise_matrix_20260926/results/r21dev_vgg16_bn_aa_s42/faces_cfdWM64/houses_yin64/results.csv,II
mixed,Mixed faces / AA4,r21dev_vgg16_bn_aa_s42,face_transfer,124,two_cross,CFD WM64,Houses,0.28,0.33,50,within_sampled_range,II,102,66.66666666666666,runs/yin_noise_matrix_20260926/results/r21dev_vgg16_bn_aa_s42/faces_cfdWM64/houses_yin64/results.csv,II
mixed,Mixed faces / AA4,r21dev_vgg16_bn_aa_s42,face_transfer,124,two_cross,CFD WM64,Houses,0.28,0.33,50,within_sampled_range,II,103,79.16666666666666,runs/yin_noise_matrix_20260926/results/r21dev_vgg16_bn_aa_s42/faces_cfdWM64/houses_yin64/results.csv,II
mixed,Mixed faces / AA4,r21dev_vgg16_bn_aa_s42,face_transfer,124,two_cross,CFD WM64,Houses,0.28,0.33,50,within_sampled_range,II,104,66.66666666666666,runs/yin_noise_matrix_20260926/results/r21dev_vgg16_bn_aa_s42/faces_cfdWM64/houses_yin64/results.csv,II
mixed,Mixed faces / AA4,r21dev_vgg16_bn_aa_s42,face_transfer,124,two_cross,CFD WM64,Houses,0.28,0.33,50,within_sampled_range,II,105,70.83333333333334,runs/yin_noise_matrix_20260926/results/r21dev_vgg16_bn_aa_s42/faces_cfdWM64/houses_yin64/results.csv,II
mixed,Mixed faces / AA4,r21dev_vgg16_bn_aa_s42,face_transfer,124,two_cross,CFD WM64,Houses,0.28,0.33,50,within_sampled_range,II,106,75.0,runs/yin_noise_matrix_20260926/results/r21dev_vgg16_bn_aa_s42/faces_cfdWM64/houses_yin64/results.csv,II
mixed,Mixed faces / AA4,r21dev_vgg16_bn_aa_s42,face_transfer,124,two_cross,CFD WM64,Houses,0.28,0.33,50,within_sampled_range,II,107,70.83333333333334,runs/yin_noise_matrix_20260926/results/r21dev_vgg16_bn_aa_s42/faces_cfdWM64/houses_yin64/results.csv,II
mixed,Mixed faces / AA4,r21dev_vgg16_bn_aa_s42,face_transfer,124,two_cross,CFD WM64,Houses,0.28,0.33,50,within_sampled_range,II,108,70.83333333333334,runs/yin_noise_matrix_20260926/results/r21dev_vgg16_bn_aa_s42/faces_cfdWM64/houses_yin64/results.csv,II
mixed,Mixed faces / AA4,r21dev_vgg16_bn_aa_s42,face_transfer,124,two_cross,CFD WM64,Houses,0.28,0.33,50,within_sampled_range,II,109,62.5,runs/yin_noise_matrix_20260926/results/r21dev_vgg16_bn_aa_s42/faces_cfdWM64/houses_yin64/results.csv,II
mixed,Mixed faces / AA4,r21dev_vgg16_bn_aa_s42,face_transfer,124,two_cross,CFD WM64,Houses,0.28,0.33,50,within_sampled_range,II,110,79.16666666666666,runs/yin_noise_matrix_20260926/results/r21dev_vgg16_bn_aa_s42/faces_cfdWM64/houses_yin64/results.csv,II
mixed,Mixed faces / AA4,r21dev_vgg16_bn_aa_s42,face_transfer,124,two_cross,CFD WM64,Houses,0.28,0.33,50,within_sampled_range,II,111,70.83333333333334,runs/yin_noise_matrix_20260926/results/r21dev_vgg16_bn_aa_s42/faces_cfdWM64/houses_yin64/results.csv,II
mixed,Mixed faces / AA4,r21dev_vgg16_bn_aa_s42,face_transfer,124,two_cross,CFD WM64,Houses,0.28,0.33,50,within_sampled_range,II,112,75.0,runs/yin_noise_matrix_20260926/results/r21dev_vgg16_bn_aa_s42/faces_cfdWM64/houses_yin64/results.csv,II
mixed,Mixed faces / AA4,r21dev_vgg16_bn_aa_s42,face_transfer,124,two_cross,CFD WM64,Houses,0.28,0.33,50,within_sampled_range,II,113,62.5,runs/yin_noise_matrix_20260926/results/r21dev_vgg16_bn_aa_s42/faces_cfdWM64/houses_yin64/results.csv,II
mixed,Mixed faces / AA4,r21dev_vgg16_bn_aa_s42,face_transfer,124,two_cross,CFD WM64,Houses,0.28,0.33,50,within_sampled_range,II,114,70.83333333333334,runs/yin_noise_matrix_20260926/results/r21dev_vgg16_bn_aa_s42/faces_cfdWM64/houses_yin64/results.csv,II
mixed,Mixed faces / AA4,r21dev_vgg16_bn_aa_s42,face_transfer,124,two_cross,CFD WM64,Houses,0.28,0.33,50,within_sampled_range,II,115,91.66666666666666,runs/yin_noise_matrix_20260926/results/r21dev_vgg16_bn_aa_s42/faces_cfdWM64/houses_yin64/results.csv,II
mixed,Mixed faces / AA4,r21dev_vgg16_bn_aa_s42,face_transfer,124,two_cross,CFD WM64,Houses,0.28,0.33,50,within_sampled_range,II,116,75.0,runs/yin_noise_matrix_20260926/results/r21dev_vgg16_bn_aa_s42/faces_cfdWM64/houses_yin64/results.csv,II
mixed,Mixed faces / AA4,r21dev_vgg16_bn_aa_s42,face_transfer,124,two_cross,CFD WM64,Houses,0.28,0.33,50,within_sampled_range,II,117,75.0,runs/yin_noise_matrix_20260926/results/r21dev_vgg16_bn_aa_s42/faces_cfdWM64/houses_yin64/results.csv,II
mixed,Mixed faces / AA4,r21dev_vgg16_bn_aa_s42,face_transfer,124,two_cross,CFD WM64,Houses,0.28,0.33,50,within_sampled_range,II,118,75.0,runs/yin_noise_matrix_20260926/results/r21dev_vgg16_bn_aa_s42/faces_cfdWM64/houses_yin64/results.csv,II
mixed,Mixed faces / AA4,r21dev_vgg16_bn_aa_s42,face_transfer,124,two_cross,CFD WM64,Houses,0.28,0.33,50,within_sampled_range,II,119,83.33333333333334,runs/yin_noise_matrix_20260926/results/r21dev_vgg16_bn_aa_s42/faces_cfdWM64/houses_yin64/results.csv,II
mixed,Mixed faces / AA4,r21dev_vgg16_bn_aa_s42,face_transfer,124,two_cross,CFD WM64,Houses,0.28,0.33,50,within_sampled_range,II,120,75.0,runs/yin_noise_matrix_20260926/results/r21dev_vgg16_bn_aa_s42/faces_cfdWM64/houses_yin64/results.csv,II
mixed,Mixed faces / AA4,r21dev_vgg16_bn_aa_s42,face_transfer,124,two_cross,CFD WM64,Houses,0.28,0.33,50,within_sampled_range,II,121,70.83333333333334,runs/yin_noise_matrix_20260926/results/r21dev_vgg16_bn_aa_s42/faces_cfdWM64/houses_yin64/results.csv,II
mixed,Mixed faces / AA4,r21dev_vgg16_bn_aa_s42,face_transfer,124,two_cross,CFD WM64,Houses,0.28,0.33,50,within_sampled_range,II,122,75.0,runs/yin_noise_matrix_20260926/results/r21dev_vgg16_bn_aa_s42/faces_cfdWM64/houses_yin64/results.csv,II
mixed,Mixed faces / AA4,r21dev_vgg16_bn_aa_s42,face_transfer,124,two_cross,CFD WM64,Houses,0.28,0.33,50,within_sampled_range,II,123,79.16666666666666,runs/yin_noise_matrix_20260926/results/r21dev_vgg16_bn_aa_s42/faces_cfdWM64/houses_yin64/results.csv,II
mixed,Mixed faces / AA4,r21dev_vgg16_bn_aa_s42,face_transfer,124,two_cross,CFD WM64,Houses,0.28,0.33,50,within_sampled_range,II,124,75.0,runs/yin_noise_matrix_20260926/results/r21dev_vgg16_bn_aa_s42/faces_cfdWM64/houses_yin64/results.csv,II
mixed,Mixed faces / AA4,r21dev_vgg16_bn_aa_s42,face_transfer,124,two_cross,CFD WM64,Houses,0.28,0.33,50,within_sampled_range,II,125,66.66666666666666,runs/yin_noise_matrix_20260926/results/r21dev_vgg16_bn_aa_s42/faces_cfdWM64/houses_yin64/results.csv,II
mixed,Mixed faces / AA4,r21dev_vgg16_bn_aa_s42,face_transfer,124,two_cross,CFD WM64,Houses,0.28,0.33,50,within_sampled_range,II,126,75.0,runs/yin_noise_matrix_20260926/results/r21dev_vgg16_bn_aa_s42/faces_cfdWM64/houses_yin64/results.csv,II
mixed,Mixed faces / AA4,r21dev_vgg16_bn_aa_s42,face_transfer,124,two_cross,CFD WM64,Houses,0.28,0.33,50,within_sampled_range,II,127,79.16666666666666,runs/yin_noise_matrix_20260926/results/r21dev_vgg16_bn_aa_s42/faces_cfdWM64/houses_yin64/results.csv,II
mixed,Mixed faces / AA4,r21dev_vgg16_bn_aa_s42,face_transfer,124,two_cross,CFD WM64,Houses,0.28,0.33,50,within_sampled_range,II,128,87.5,runs/yin_noise_matrix_20260926/results/r21dev_vgg16_bn_aa_s42/faces_cfdWM64/houses_yin64/results.csv,II
mixed,Mixed faces / AA4,r21dev_vgg16_bn_aa_s42,face_transfer,124,two_cross,CFD WM64,Houses,0.28,0.33,50,within_sampled_range,II,129,79.16666666666666,runs/yin_noise_matrix_20260926/results/r21dev_vgg16_bn_aa_s42/faces_cfdWM64/houses_yin64/results.csv,II
mixed,Mixed faces / AA4,r21dev_vgg16_bn_aa_s42,face_transfer,124,two_cross,CFD WM64,Houses,0.28,0.33,50,within_sampled_range,II,130,79.16666666666666,runs/yin_noise_matrix_20260926/results/r21dev_vgg16_bn_aa_s42/faces_cfdWM64/houses_yin64/results.csv,II
mixed,Mixed faces / AA4,r21dev_vgg16_bn_aa_s42,face_transfer,124,two_cross,CFD WM64,Houses,0.28,0.33,50,within_sampled_range,II,131,75.0,runs/yin_noise_matrix_20260926/results/r21dev_vgg16_bn_aa_s42/faces_cfdWM64/houses_yin64/results.csv,II
mixed,Mixed faces / AA4,r21dev_vgg16_bn_aa_s42,face_transfer,124,two_cross,CFD WM64,Houses,0.28,0.33,50,within_sampled_range,II,132,66.66666666666666,runs/yin_noise_matrix_20260926/results/r21dev_vgg16_bn_aa_s42/faces_cfdWM64/houses_yin64/results.csv,II
mixed,Mixed faces / AA4,r21dev_vgg16_bn_aa_s42,face_transfer,124,two_cross,CFD WM64,Houses,0.28,0.33,50,within_sampled_range,II,133,79.16666666666666,runs/yin_noise_matrix_20260926/results/r21dev_vgg16_bn_aa_s42/faces_cfdWM64/houses_yin64/results.csv,II
mixed,Mixed faces / AA4,r21dev_vgg16_bn_aa_s42,face_transfer,124,two_cross,CFD WM64,Houses,0.28,0.33,50,within_sampled_range,II,134,79.16666666666666,runs/yin_noise_matrix_20260926/results/r21dev_vgg16_bn_aa_s42/faces_cfdWM64/houses_yin64/results.csv,II
mixed,Mixed faces / AA4,r21dev_vgg16_bn_aa_s42,face_transfer,124,two_cross,CFD WM64,Houses,0.28,0.33,50,within_sampled_range,II,135,83.33333333333334,runs/yin_noise_matrix_20260926/results/r21dev_vgg16_bn_aa_s42/faces_cfdWM64/houses_yin64/results.csv,II
mixed,Mixed faces / AA4,r21dev_vgg16_bn_aa_s42,face_transfer,124,two_cross,CFD WM64,Houses,0.28,0.33,50,within_sampled_range,II,136,75.0,runs/yin_noise_matrix_20260926/results/r21dev_vgg16_bn_aa_s42/faces_cfdWM64/houses_yin64/results.csv,II
mixed,Mixed faces / AA4,r21dev_vgg16_bn_aa_s42,face_transfer,124,two_cross,CFD WM64,Houses,0.28,0.33,50,within_sampled_range,II,137,79.16666666666666,runs/yin_noise_matrix_20260926/results/r21dev_vgg16_bn_aa_s42/faces_cfdWM64/houses_yin64/results.csv,II
mixed,Mixed faces / AA4,r21dev_vgg16_bn_aa_s42,face_transfer,124,two_cross,CFD WM64,Houses,0.28,0.33,50,within_sampled_range,II,138,70.83333333333334,runs/yin_noise_matrix_20260926/results/r21dev_vgg16_bn_aa_s42/faces_cfdWM64/houses_yin64/results.csv,II
mixed,Mixed faces / AA4,r21dev_vgg16_bn_aa_s42,face_transfer,124,two_cross,CFD WM64,Houses,0.28,0.33,50,within_sampled_range,II,139,62.5,runs/yin_noise_matrix_20260926/results/r21dev_vgg16_bn_aa_s42/faces_cfdWM64/houses_yin64/results.csv,II
mixed,Mixed faces / AA4,r21dev_vgg16_bn_aa_s42,face_transfer,124,two_cross,CFD WM64,Houses,0.28,0.33,50,within_sampled_range,II,140,62.5,runs/yin_noise_matrix_20260926/results/r21dev_vgg16_bn_aa_s42/faces_cfdWM64/houses_yin64/results.csv,II
mixed,Mixed faces / AA4,r21dev_vgg16_bn_aa_s42,face_transfer,124,two_cross,CFD WM64,Houses,0.28,0.33,50,within_sampled_range,II,141,79.16666666666666,runs/yin_noise_matrix_20260926/results/r21dev_vgg16_bn_aa_s42/faces_cfdWM64/houses_yin64/results.csv,II
mixed,Mixed faces / AA4,r21dev_vgg16_bn_aa_s42,face_transfer,124,two_cross,CFD WM64,Houses,0.28,0.33,50,within_sampled_range,II,142,75.0,runs/yin_noise_matrix_20260926/results/r21dev_vgg16_bn_aa_s42/faces_cfdWM64/houses_yin64/results.csv,II
mixed,Mixed faces / AA4,r21dev_vgg16_bn_aa_s42,face_transfer,124,two_cross,CFD WM64,Houses,0.28,0.33,50,within_sampled_range,II,143,58.333333333333336,runs/yin_noise_matrix_20260926/results/r21dev_vgg16_bn_aa_s42/faces_cfdWM64/houses_yin64/results.csv,II
mixed,Mixed faces / AA4,r21dev_vgg16_bn_aa_s42,face_transfer,124,two_cross,CFD WM64,Houses,0.28,0.33,50,within_sampled_range,II,144,75.0,runs/yin_noise_matrix_20260926/results/r21dev_vgg16_bn_aa_s42/faces_cfdWM64/houses_yin64/results.csv,II
mixed,Mixed faces / AA4,r21dev_vgg16_bn_aa_s42,face_transfer,124,two_cross,CFD WM64,Houses,0.28,0.33,50,within_sampled_range,II,145,70.83333333333334,runs/yin_noise_matrix_20260926/results/r21dev_vgg16_bn_aa_s42/faces_cfdWM64/houses_yin64/results.csv,II
mixed,Mixed faces / AA4,r21dev_vgg16_bn_aa_s42,face_transfer,124,two_cross,CFD WM64,Houses,0.28,0.33,50,within_sampled_range,II,146,79.16666666666666,runs/yin_noise_matrix_20260926/results/r21dev_vgg16_bn_aa_s42/faces_cfdWM64/houses_yin64/results.csv,II
mixed,Mixed faces / AA4,r21dev_vgg16_bn_aa_s42,face_transfer,124,two_cross,CFD WM64,Houses,0.28,0.33,50,within_sampled_range,II,147,70.83333333333334,runs/yin_noise_matrix_20260926/results/r21dev_vgg16_bn_aa_s42/faces_cfdWM64/houses_yin64/results.csv,II
mixed,Mixed faces / AA4,r21dev_vgg16_bn_aa_s42,face_transfer,124,two_cross,CFD WM64,Houses,0.28,0.33,50,within_sampled_range,II,148,79.16666666666666,runs/yin_noise_matrix_20260926/results/r21dev_vgg16_bn_aa_s42/faces_cfdWM64/houses_yin64/results.csv,II
mixed,Mixed faces / AA4,r21dev_vgg16_bn_aa_s42,face_transfer,124,two_cross,CFD WM64,Houses,0.28,0.33,50,within_sampled_range,II,149,75.0,runs/yin_noise_matrix_20260926/results/r21dev_vgg16_bn_aa_s42/faces_cfdWM64/houses_yin64/results.csv,II
mixed,Mixed faces / AA4,r21dev_vgg16_bn_aa_s42,face_transfer,124,two_cross,CFD WM64,Houses,0.28,0.33,50,within_sampled_range,II,150,66.66666666666666,runs/yin_noise_matrix_20260926/results/r21dev_vgg16_bn_aa_s42/faces_cfdWM64/houses_yin64/results.csv,II
mixed,Mixed faces / AA4,r21dev_vgg16_bn_aa_s42,face_transfer,124,two_cross,CFD WM64,Houses,0.28,0.33,50,within_sampled_range,UI,101,70.83333333333334,runs/yin_noise_matrix_20260926/results/r21dev_vgg16_bn_aa_s42/faces_cfdWM64/houses_yin64/results.csv,UI_cross
mixed,Mixed faces / AA4,r21dev_vgg16_bn_aa_s42,face_transfer,124,two_cross,CFD WM64,Houses,0.28,0.33,50,within_sampled_range,UI,102,70.83333333333334,runs/yin_noise_matrix_20260926/results/r21dev_vgg16_bn_aa_s42/faces_cfdWM64/houses_yin64/results.csv,UI_cross
mixed,Mixed faces / AA4,r21dev_vgg16_bn_aa_s42,face_transfer,124,two_cross,CFD WM64,Houses,0.28,0.33,50,within_sampled_range,UI,103,70.83333333333334,runs/yin_noise_matrix_20260926/results/r21dev_vgg16_bn_aa_s42/faces_cfdWM64/houses_yin64/results.csv,UI_cross
mixed,Mixed faces / AA4,r21dev_vgg16_bn_aa_s42,face_transfer,124,two_cross,CFD WM64,Houses,0.28,0.33,50,within_sampled_range,UI,104,70.83333333333334,runs/yin_noise_matrix_20260926/results/r21dev_vgg16_bn_aa_s42/faces_cfdWM64/houses_yin64/results.csv,UI_cross
mixed,Mixed faces / AA4,r21dev_vgg16_bn_aa_s42,face_transfer,124,two_cross,CFD WM64,Houses,0.28,0.33,50,within_sampled_range,UI,105,62.5,runs/yin_noise_matrix_20260926/results/r21dev_vgg16_bn_aa_s42/faces_cfdWM64/houses_yin64/results.csv,UI_cross
mixed,Mixed faces / AA4,r21dev_vgg16_bn_aa_s42,face_transfer,124,two_cross,CFD WM64,Houses,0.28,0.33,50,within_sampled_range,UI,106,83.33333333333334,runs/yin_noise_matrix_20260926/results/r21dev_vgg16_bn_aa_s42/faces_cfdWM64/houses_yin64/results.csv,UI_cross
mixed,Mixed faces / AA4,r21dev_vgg16_bn_aa_s42,face_transfer,124,two_cross,CFD WM64,Houses,0.28,0.33,50,within_sampled_range,UI,107,83.33333333333334,runs/yin_noise_matrix_20260926/results/r21dev_vgg16_bn_aa_s42/faces_cfdWM64/houses_yin64/results.csv,UI_cross
mixed,Mixed faces / AA4,r21dev_vgg16_bn_aa_s42,face_transfer,124,two_cross,CFD WM64,Houses,0.28,0.33,50,within_sampled_range,UI,108,79.16666666666666,runs/yin_noise_matrix_20260926/results/r21dev_vgg16_bn_aa_s42/faces_cfdWM64/houses_yin64/results.csv,UI_cross
mixed,Mixed faces / AA4,r21dev_vgg16_bn_aa_s42,face_transfer,124,two_cross,CFD WM64,Houses,0.28,0.33,50,within_sampled_range,UI,109,75.0,runs/yin_noise_matrix_20260926/results/r21dev_vgg16_bn_aa_s42/faces_cfdWM64/houses_yin64/results.csv,UI_cross
mixed,Mixed faces / AA4,r21dev_vgg16_bn_aa_s42,face_transfer,124,two_cross,CFD WM64,Houses,0.28,0.33,50,within_sampled_range,UI,110,79.16666666666666,runs/yin_noise_matrix_20260926/results/r21dev_vgg16_bn_aa_s42/faces_cfdWM64/houses_yin64/results.csv,UI_cross
mixed,Mixed faces / AA4,r21dev_vgg16_bn_aa_s42,face_transfer,124,two_cross,CFD WM64,Houses,0.28,0.33,50,within_sampled_range,UI,111,75.0,runs/yin_noise_matrix_20260926/results/r21dev_vgg16_bn_aa_s42/faces_cfdWM64/houses_yin64/results.csv,UI_cross
mixed,Mixed faces / AA4,r21dev_vgg16_bn_aa_s42,face_transfer,124,two_cross,CFD WM64,Houses,0.28,0.33,50,within_sampled_range,UI,112,70.83333333333334,runs/yin_noise_matrix_20260926/results/r21dev_vgg16_bn_aa_s42/faces_cfdWM64/houses_yin64/results.csv,UI_cross
mixed,Mixed faces / AA4,r21dev_vgg16_bn_aa_s42,face_transfer,124,two_cross,CFD WM64,Houses,0.28,0.33,50,within_sampled_range,UI,113,70.83333333333334,runs/yin_noise_matrix_20260926/results/r21dev_vgg16_bn_aa_s42/faces_cfdWM64/houses_yin64/results.csv,UI_cross
mixed,Mixed faces / AA4,r21dev_vgg16_bn_aa_s42,face_transfer,124,two_cross,CFD WM64,Houses,0.28,0.33,50,within_sampled_range,UI,114,62.5,runs/yin_noise_matrix_20260926/results/r21dev_vgg16_bn_aa_s42/faces_cfdWM64/houses_yin64/results.csv,UI_cross
mixed,Mixed faces / AA4,r21dev_vgg16_bn_aa_s42,face_transfer,124,two_cross,CFD WM64,Houses,0.28,0.33,50,within_sampled_range,UI,115,75.0,runs/yin_noise_matrix_20260926/results/r21dev_vgg16_bn_aa_s42/faces_cfdWM64/houses_yin64/results.csv,UI_cross
mixed,Mixed faces / AA4,r21dev_vgg16_bn_aa_s42,face_transfer,124,two_cross,CFD WM64,Houses,0.28,0.33,50,within_sampled_range,UI,116,79.16666666666666,runs/yin_noise_matrix_20260926/results/r21dev_vgg16_bn_aa_s42/faces_cfdWM64/houses_yin64/results.csv,UI_cross
mixed,Mixed faces / AA4,r21dev_vgg16_bn_aa_s42,face_transfer,124,two_cross,CFD WM64,Houses,0.28,0.33,50,within_sampled_range,UI,117,66.66666666666666,runs/yin_noise_matrix_20260926/results/r21dev_vgg16_bn_aa_s42/faces_cfdWM64/houses_yin64/results.csv,UI_cross
mixed,Mixed faces / AA4,r21dev_vgg16_bn_aa_s42,face_transfer,124,two_cross,CFD WM64,Houses,0.28,0.33,50,within_sampled_range,UI,118,54.166666666666664,runs/yin_noise_matrix_20260926/results/r21dev_vgg16_bn_aa_s42/faces_cfdWM64/houses_yin64/results.csv,UI_cross
mixed,Mixed faces / AA4,r21dev_vgg16_bn_aa_s42,face_transfer,124,two_cross,CFD WM64,Houses,0.28,0.33,50,within_sampled_range,UI,119,75.0,runs/yin_noise_matrix_20260926/results/r21dev_vgg16_bn_aa_s42/faces_cfdWM64/houses_yin64/results.csv,UI_cross
mixed,Mixed faces / AA4,r21dev_vgg16_bn_aa_s42,face_transfer,124,two_cross,CFD WM64,Houses,0.28,0.33,50,within_sampled_range,UI,120,66.66666666666666,runs/yin_noise_matrix_20260926/results/r21dev_vgg16_bn_aa_s42/faces_cfdWM64/houses_yin64/results.csv,UI_cross
mixed,Mixed faces / AA4,r21dev_vgg16_bn_aa_s42,face_transfer,124,two_cross,CFD WM64,Houses,0.28,0.33,50,within_sampled_range,UI,121,66.66666666666666,runs/yin_noise_matrix_20260926/results/r21dev_vgg16_bn_aa_s42/faces_cfdWM64/houses_yin64/results.csv,UI_cross
mixed,Mixed faces / AA4,r21dev_vgg16_bn_aa_s42,face_transfer,124,two_cross,CFD WM64,Houses,0.28,0.33,50,within_sampled_range,UI,122,75.0,runs/yin_noise_matrix_20260926/results/r21dev_vgg16_bn_aa_s42/faces_cfdWM64/houses_yin64/results.csv,UI_cross
mixed,Mixed faces / AA4,r21dev_vgg16_bn_aa_s42,face_transfer,124,two_cross,CFD WM64,Houses,0.28,0.33,50,within_sampled_range,UI,123,79.16666666666666,runs/yin_noise_matrix_20260926/results/r21dev_vgg16_bn_aa_s42/faces_cfdWM64/houses_yin64/results.csv,UI_cross
mixed,Mixed faces / AA4,r21dev_vgg16_bn_aa_s42,face_transfer,124,two_cross,CFD WM64,Houses,0.28,0.33,50,within_sampled_range,UI,124,75.0,runs/yin_noise_matrix_20260926/results/r21dev_vgg16_bn_aa_s42/faces_cfdWM64/houses_yin64/results.csv,UI_cross
mixed,Mixed faces / AA4,r21dev_vgg16_bn_aa_s42,face_transfer,124,two_cross,CFD WM64,Houses,0.28,0.33,50,within_sampled_range,UI,125,66.66666666666666,runs/yin_noise_matrix_20260926/results/r21dev_vgg16_bn_aa_s42/faces_cfdWM64/houses_yin64/results.csv,UI_cross
mixed,Mixed faces / AA4,r21dev_vgg16_bn_aa_s42,face_transfer,124,two_cross,CFD WM64,Houses,0.28,0.33,50,within_sampled_range,UI,126,66.66666666666666,runs/yin_noise_matrix_20260926/results/r21dev_vgg16_bn_aa_s42/faces_cfdWM64/houses_yin64/results.csv,UI_cross
mixed,Mixed faces / AA4,r21dev_vgg16_bn_aa_s42,face_transfer,124,two_cross,CFD WM64,Houses,0.28,0.33,50,within_sampled_range,UI,127,75.0,runs/yin_noise_matrix_20260926/results/r21dev_vgg16_bn_aa_s42/faces_cfdWM64/houses_yin64/results.csv,UI_cross
mixed,Mixed faces / AA4,r21dev_vgg16_bn_aa_s42,face_transfer,124,two_cross,CFD WM64,Houses,0.28,0.33,50,within_sampled_range,UI,128,66.66666666666666,runs/yin_noise_matrix_20260926/results/r21dev_vgg16_bn_aa_s42/faces_cfdWM64/houses_yin64/results.csv,UI_cross
mixed,Mixed faces / AA4,r21dev_vgg16_bn_aa_s42,face_transfer,124,two_cross,CFD WM64,Houses,0.28,0.33,50,within_sampled_range,UI,129,83.33333333333334,runs/yin_noise_matrix_20260926/results/r21dev_vgg16_bn_aa_s42/faces_cfdWM64/houses_yin64/results.csv,UI_cross
mixed,Mixed faces / AA4,r21dev_vgg16_bn_aa_s42,face_transfer,124,two_cross,CFD WM64,Houses,0.28,0.33,50,within_sampled_range,UI,130,83.33333333333334,runs/yin_noise_matrix_20260926/results/r21dev_vgg16_bn_aa_s42/faces_cfdWM64/houses_yin64/results.csv,UI_cross
mixed,Mixed faces / AA4,r21dev_vgg16_bn_aa_s42,face_transfer,124,two_cross,CFD WM64,Houses,0.28,0.33,50,within_sampled_range,UI,131,58.333333333333336,runs/yin_noise_matrix_20260926/results/r21dev_vgg16_bn_aa_s42/faces_cfdWM64/houses_yin64/results.csv,UI_cross
mixed,Mixed faces / AA4,r21dev_vgg16_bn_aa_s42,face_transfer,124,two_cross,CFD WM64,Houses,0.28,0.33,50,within_sampled_range,UI,132,62.5,runs/yin_noise_matrix_20260926/results/r21dev_vgg16_bn_aa_s42/faces_cfdWM64/houses_yin64/results.csv,UI_cross
mixed,Mixed faces / AA4,r21dev_vgg16_bn_aa_s42,face_transfer,124,two_cross,CFD WM64,Houses,0.28,0.33,50,within_sampled_range,UI,133,66.66666666666666,runs/yin_noise_matrix_20260926/results/r21dev_vgg16_bn_aa_s42/faces_cfdWM64/houses_yin64/results.csv,UI_cross
mixed,Mixed faces / AA4,r21dev_vgg16_bn_aa_s42,face_transfer,124,two_cross,CFD WM64,Houses,0.28,0.33,50,within_sampled_range,UI,134,70.83333333333334,runs/yin_noise_matrix_20260926/results/r21dev_vgg16_bn_aa_s42/faces_cfdWM64/houses_yin64/results.csv,UI_cross
mixed,Mixed faces / AA4,r21dev_vgg16_bn_aa_s42,face_transfer,124,two_cross,CFD WM64,Houses,0.28,0.33,50,within_sampled_range,UI,135,70.83333333333334,runs/yin_noise_matrix_20260926/results/r21dev_vgg16_bn_aa_s42/faces_cfdWM64/houses_yin64/results.csv,UI_cross
mixed,Mixed faces / AA4,r21dev_vgg16_bn_aa_s42,face_transfer,124,two_cross,CFD WM64,Houses,0.28,0.33,50,within_sampled_range,UI,136,83.33333333333334,runs/yin_noise_matrix_20260926/results/r21dev_vgg16_bn_aa_s42/faces_cfdWM64/houses_yin64/results.csv,UI_cross
mixed,Mixed faces / AA4,r21dev_vgg16_bn_aa_s42,face_transfer,124,two_cross,CFD WM64,Houses,0.28,0.33,50,within_sampled_range,UI,137,62.5,runs/yin_noise_matrix_20260926/results/r21dev_vgg16_bn_aa_s42/faces_cfdWM64/houses_yin64/results.csv,UI_cross
mixed,Mixed faces / AA4,r21dev_vgg16_bn_aa_s42,face_transfer,124,two_cross,CFD WM64,Houses,0.28,0.33,50,within_sampled_range,UI,138,66.66666666666666,runs/yin_noise_matrix_20260926/results/r21dev_vgg16_bn_aa_s42/faces_cfdWM64/houses_yin64/results.csv,UI_cross
mixed,Mixed faces / AA4,r21dev_vgg16_bn_aa_s42,face_transfer,124,two_cross,CFD WM64,Houses,0.28,0.33,50,within_sampled_range,UI,139,66.66666666666666,runs/yin_noise_matrix_20260926/results/r21dev_vgg16_bn_aa_s42/faces_cfdWM64/houses_yin64/results.csv,UI_cross
mixed,Mixed faces / AA4,r21dev_vgg16_bn_aa_s42,face_transfer,124,two_cross,CFD WM64,Houses,0.28,0.33,50,within_sampled_range,UI,140,70.83333333333334,runs/yin_noise_matrix_20260926/results/r21dev_vgg16_bn_aa_s42/faces_cfdWM64/houses_yin64/results.csv,UI_cross
mixed,Mixed faces / AA4,r21dev_vgg16_bn_aa_s42,face_transfer,124,two_cross,CFD WM64,Houses,0.28,0.33,50,within_sampled_range,UI,141,75.0,runs/yin_noise_matrix_20260926/results/r21dev_vgg16_bn_aa_s42/faces_cfdWM64/houses_yin64/results.csv,UI_cross
mixed,Mixed faces / AA4,r21dev_vgg16_bn_aa_s42,face_transfer,124,two_cross,CFD WM64,Houses,0.28,0.33,50,within_sampled_range,UI,142,83.33333333333334,runs/yin_noise_matrix_20260926/results/r21dev_vgg16_bn_aa_s42/faces_cfdWM64/houses_yin64/results.csv,UI_cross
mixed,Mixed faces / AA4,r21dev_vgg16_bn_aa_s42,face_transfer,124,two_cross,CFD WM64,Houses,0.28,0.33,50,within_sampled_range,UI,143,62.5,runs/yin_noise_matrix_20260926/results/r21dev_vgg16_bn_aa_s42/faces_cfdWM64/houses_yin64/results.csv,UI_cross
mixed,Mixed faces / AA4,r21dev_vgg16_bn_aa_s42,face_transfer,124,two_cross,CFD WM64,Houses,0.28,0.33,50,within_sampled_range,UI,144,83.33333333333334,runs/yin_noise_matrix_20260926/results/r21dev_vgg16_bn_aa_s42/faces_cfdWM64/houses_yin64/results.csv,UI_cross
mixed,Mixed faces / AA4,r21dev_vgg16_bn_aa_s42,face_transfer,124,two_cross,CFD WM64,Houses,0.28,0.33,50,within_sampled_range,UI,145,83.33333333333334,runs/yin_noise_matrix_20260926/results/r21dev_vgg16_bn_aa_s42/faces_cfdWM64/houses_yin64/results.csv,UI_cross
mixed,Mixed faces / AA4,r21dev_vgg16_bn_aa_s42,face_transfer,124,two_cross,CFD WM64,Houses,0.28,0.33,50,within_sampled_range,UI,146,70.83333333333334,runs/yin_noise_matrix_20260926/results/r21dev_vgg16_bn_aa_s42/faces_cfdWM64/houses_yin64/results.csv,UI_cross
mixed,Mixed faces / AA4,r21dev_vgg16_bn_aa_s42,face_transfer,124,two_cross,CFD WM64,Houses,0.28,0.33,50,within_sampled_range,UI,147,70.83333333333334,runs/yin_noise_matrix_20260926/results/r21dev_vgg16_bn_aa_s42/faces_cfdWM64/houses_yin64/results.csv,UI_cross
mixed,Mixed faces / AA4,r21dev_vgg16_bn_aa_s42,face_transfer,124,two_cross,CFD WM64,Houses,0.28,0.33,50,within_sampled_range,UI,148,87.5,runs/yin_noise_matrix_20260926/results/r21dev_vgg16_bn_aa_s42/faces_cfdWM64/houses_yin64/results.csv,UI_cross
mixed,Mixed faces / AA4,r21dev_vgg16_bn_aa_s42,face_transfer,124,two_cross,CFD WM64,Houses,0.28,0.33,50,within_sampled_range,UI,149,75.0,runs/yin_noise_matrix_20260926/results/r21dev_vgg16_bn_aa_s42/faces_cfdWM64/houses_yin64/results.csv,UI_cross
mixed,Mixed faces / AA4,r21dev_vgg16_bn_aa_s42,face_transfer,124,two_cross,CFD WM64,Houses,0.28,0.33,50,within_sampled_range,UI,150,75.0,runs/yin_noise_matrix_20260926/results/r21dev_vgg16_bn_aa_s42/faces_cfdWM64/houses_yin64/results.csv,UI_cross
mixed,Mixed faces / AA4,r21dev_vgg16_bn_aa_s42,face_transfer,124,two_cross,CFD WM64,Houses,0.28,0.33,50,within_sampled_range,IU,101,70.83333333333334,runs/yin_noise_matrix_20260926/results/r21dev_vgg16_bn_aa_s42/faces_cfdWM64/houses_yin64/results.csv,IU
mixed,Mixed faces / AA4,r21dev_vgg16_bn_aa_s42,face_transfer,124,two_cross,CFD WM64,Houses,0.28,0.33,50,within_sampled_range,IU,102,66.66666666666666,runs/yin_noise_matrix_20260926/results/r21dev_vgg16_bn_aa_s42/faces_cfdWM64/houses_yin64/results.csv,IU
mixed,Mixed faces / AA4,r21dev_vgg16_bn_aa_s42,face_transfer,124,two_cross,CFD WM64,Houses,0.28,0.33,50,within_sampled_range,IU,103,70.83333333333334,runs/yin_noise_matrix_20260926/results/r21dev_vgg16_bn_aa_s42/faces_cfdWM64/houses_yin64/results.csv,IU
mixed,Mixed faces / AA4,r21dev_vgg16_bn_aa_s42,face_transfer,124,two_cross,CFD WM64,Houses,0.28,0.33,50,within_sampled_range,IU,104,79.16666666666666,runs/yin_noise_matrix_20260926/results/r21dev_vgg16_bn_aa_s42/faces_cfdWM64/houses_yin64/results.csv,IU
mixed,Mixed faces / AA4,r21dev_vgg16_bn_aa_s42,face_transfer,124,two_cross,CFD WM64,Houses,0.28,0.33,50,within_sampled_range,IU,105,70.83333333333334,runs/yin_noise_matrix_20260926/results/r21dev_vgg16_bn_aa_s42/faces_cfdWM64/houses_yin64/results.csv,IU
mixed,Mixed faces / AA4,r21dev_vgg16_bn_aa_s42,face_transfer,124,two_cross,CFD WM64,Houses,0.28,0.33,50,within_sampled_range,IU,106,75.0,runs/yin_noise_matrix_20260926/results/r21dev_vgg16_bn_aa_s42/faces_cfdWM64/houses_yin64/results.csv,IU
mixed,Mixed faces / AA4,r21dev_vgg16_bn_aa_s42,face_transfer,124,two_cross,CFD WM64,Houses,0.28,0.33,50,within_sampled_range,IU,107,79.16666666666666,runs/yin_noise_matrix_20260926/results/r21dev_vgg16_bn_aa_s42/faces_cfdWM64/houses_yin64/results.csv,IU
mixed,Mixed faces / AA4,r21dev_vgg16_bn_aa_s42,face_transfer,124,two_cross,CFD WM64,Houses,0.28,0.33,50,within_sampled_range,IU,108,66.66666666666666,runs/yin_noise_matrix_20260926/results/r21dev_vgg16_bn_aa_s42/faces_cfdWM64/houses_yin64/results.csv,IU
mixed,Mixed faces / AA4,r21dev_vgg16_bn_aa_s42,face_transfer,124,two_cross,CFD WM64,Houses,0.28,0.33,50,within_sampled_range,IU,109,66.66666666666666,runs/yin_noise_matrix_20260926/results/r21dev_vgg16_bn_aa_s42/faces_cfdWM64/houses_yin64/results.csv,IU
mixed,Mixed faces / AA4,r21dev_vgg16_bn_aa_s42,face_transfer,124,two_cross,CFD WM64,Houses,0.28,0.33,50,within_sampled_range,IU,110,79.16666666666666,runs/yin_noise_matrix_20260926/results/r21dev_vgg16_bn_aa_s42/faces_cfdWM64/houses_yin64/results.csv,IU
mixed,Mixed faces / AA4,r21dev_vgg16_bn_aa_s42,face_transfer,124,two_cross,CFD WM64,Houses,0.28,0.33,50,within_sampled_range,IU,111,58.333333333333336,runs/yin_noise_matrix_20260926/results/r21dev_vgg16_bn_aa_s42/faces_cfdWM64/houses_yin64/results.csv,IU
mixed,Mixed faces / AA4,r21dev_vgg16_bn_aa_s42,face_transfer,124,two_cross,CFD WM64,Houses,0.28,0.33,50,within_sampled_range,IU,112,83.33333333333334,runs/yin_noise_matrix_20260926/results/r21dev_vgg16_bn_aa_s42/faces_cfdWM64/houses_yin64/results.csv,IU
mixed,Mixed faces / AA4,r21dev_vgg16_bn_aa_s42,face_transfer,124,two_cross,CFD WM64,Houses,0.28,0.33,50,within_sampled_range,IU,113,83.33333333333334,runs/yin_noise_matrix_20260926/results/r21dev_vgg16_bn_aa_s42/faces_cfdWM64/houses_yin64/results.csv,IU
mixed,Mixed faces / AA4,r21dev_vgg16_bn_aa_s42,face_transfer,124,two_cross,CFD WM64,Houses,0.28,0.33,50,within_sampled_range,IU,114,58.333333333333336,runs/yin_noise_matrix_20260926/results/r21dev_vgg16_bn_aa_s42/faces_cfdWM64/houses_yin64/results.csv,IU
mixed,Mixed faces / AA4,r21dev_vgg16_bn_aa_s42,face_transfer,124,two_cross,CFD WM64,Houses,0.28,0.33,50,within_sampled_range,IU,115,66.66666666666666,runs/yin_noise_matrix_20260926/results/r21dev_vgg16_bn_aa_s42/faces_cfdWM64/houses_yin64/results.csv,IU
mixed,Mixed faces / AA4,r21dev_vgg16_bn_aa_s42,face_transfer,124,two_cross,CFD WM64,Houses,0.28,0.33,50,within_sampled_range,IU,116,70.83333333333334,runs/yin_noise_matrix_20260926/results/r21dev_vgg16_bn_aa_s42/faces_cfdWM64/houses_yin64/results.csv,IU
mixed,Mixed faces / AA4,r21dev_vgg16_bn_aa_s42,face_transfer,124,two_cross,CFD WM64,Houses,0.28,0.33,50,within_sampled_range,IU,117,83.33333333333334,runs/yin_noise_matrix_20260926/results/r21dev_vgg16_bn_aa_s42/faces_cfdWM64/houses_yin64/results.csv,IU
mixed,Mixed faces / AA4,r21dev_vgg16_bn_aa_s42,face_transfer,124,two_cross,CFD WM64,Houses,0.28,0.33,50,within_sampled_range,IU,118,62.5,runs/yin_noise_matrix_20260926/results/r21dev_vgg16_bn_aa_s42/faces_cfdWM64/houses_yin64/results.csv,IU
mixed,Mixed faces / AA4,r21dev_vgg16_bn_aa_s42,face_transfer,124,two_cross,CFD WM64,Houses,0.28,0.33,50,within_sampled_range,IU,119,70.83333333333334,runs/yin_noise_matrix_20260926/results/r21dev_vgg16_bn_aa_s42/faces_cfdWM64/houses_yin64/results.csv,IU
mixed,Mixed faces / AA4,r21dev_vgg16_bn_aa_s42,face_transfer,124,two_cross,CFD WM64,Houses,0.28,0.33,50,within_sampled_range,IU,120,75.0,runs/yin_noise_matrix_20260926/results/r21dev_vgg16_bn_aa_s42/faces_cfdWM64/houses_yin64/results.csv,IU
mixed,Mixed faces / AA4,r21dev_vgg16_bn_aa_s42,face_transfer,124,two_cross,CFD WM64,Houses,0.28,0.33,50,within_sampled_range,IU,121,70.83333333333334,runs/yin_noise_matrix_20260926/results/r21dev_vgg16_bn_aa_s42/faces_cfdWM64/houses_yin64/results.csv,IU
mixed,Mixed faces / AA4,r21dev_vgg16_bn_aa_s42,face_transfer,124,two_cross,CFD WM64,Houses,0.28,0.33,50,within_sampled_range,IU,122,75.0,runs/yin_noise_matrix_20260926/results/r21dev_vgg16_bn_aa_s42/faces_cfdWM64/houses_yin64/results.csv,IU
mixed,Mixed faces / AA4,r21dev_vgg16_bn_aa_s42,face_transfer,124,two_cross,CFD WM64,Houses,0.28,0.33,50,within_sampled_range,IU,123,50.0,runs/yin_noise_matrix_20260926/results/r21dev_vgg16_bn_aa_s42/faces_cfdWM64/houses_yin64/results.csv,IU
mixed,Mixed faces / AA4,r21dev_vgg16_bn_aa_s42,face_transfer,124,two_cross,CFD WM64,Houses,0.28,0.33,50,within_sampled_range,IU,124,79.16666666666666,runs/yin_noise_matrix_20260926/results/r21dev_vgg16_bn_aa_s42/faces_cfdWM64/houses_yin64/results.csv,IU
mixed,Mixed faces / AA4,r21dev_vgg16_bn_aa_s42,face_transfer,124,two_cross,CFD WM64,Houses,0.28,0.33,50,within_sampled_range,IU,125,50.0,runs/yin_noise_matrix_20260926/results/r21dev_vgg16_bn_aa_s42/faces_cfdWM64/houses_yin64/results.csv,IU
mixed,Mixed faces / AA4,r21dev_vgg16_bn_aa_s42,face_transfer,124,two_cross,CFD WM64,Houses,0.28,0.33,50,within_sampled_range,IU,126,75.0,runs/yin_noise_matrix_20260926/results/r21dev_vgg16_bn_aa_s42/faces_cfdWM64/houses_yin64/results.csv,IU
mixed,Mixed faces / AA4,r21dev_vgg16_bn_aa_s42,face_transfer,124,two_cross,CFD WM64,Houses,0.28,0.33,50,within_sampled_range,IU,127,87.5,runs/yin_noise_matrix_20260926/results/r21dev_vgg16_bn_aa_s42/faces_cfdWM64/houses_yin64/results.csv,IU
mixed,Mixed faces / AA4,r21dev_vgg16_bn_aa_s42,face_transfer,124,two_cross,CFD WM64,Houses,0.28,0.33,50,within_sampled_range,IU,128,70.83333333333334,runs/yin_noise_matrix_20260926/results/r21dev_vgg16_bn_aa_s42/faces_cfdWM64/houses_yin64/results.csv,IU
mixed,Mixed faces / AA4,r21dev_vgg16_bn_aa_s42,face_transfer,124,two_cross,CFD WM64,Houses,0.28,0.33,50,within_sampled_range,IU,129,62.5,runs/yin_noise_matrix_20260926/results/r21dev_vgg16_bn_aa_s42/faces_cfdWM64/houses_yin64/results.csv,IU
mixed,Mixed faces / AA4,r21dev_vgg16_bn_aa_s42,face_transfer,124,two_cross,CFD WM64,Houses,0.28,0.33,50,within_sampled_range,IU,130,70.83333333333334,runs/yin_noise_matrix_20260926/results/r21dev_vgg16_bn_aa_s42/faces_cfdWM64/houses_yin64/results.csv,IU
mixed,Mixed faces / AA4,r21dev_vgg16_bn_aa_s42,face_transfer,124,two_cross,CFD WM64,Houses,0.28,0.33,50,within_sampled_range,IU,131,70.83333333333334,runs/yin_noise_matrix_20260926/results/r21dev_vgg16_bn_aa_s42/faces_cfdWM64/houses_yin64/results.csv,IU
mixed,Mixed faces / AA4,r21dev_vgg16_bn_aa_s42,face_transfer,124,two_cross,CFD WM64,Houses,0.28,0.33,50,within_sampled_range,IU,132,70.83333333333334,runs/yin_noise_matrix_20260926/results/r21dev_vgg16_bn_aa_s42/faces_cfdWM64/houses_yin64/results.csv,IU
mixed,Mixed faces / AA4,r21dev_vgg16_bn_aa_s42,face_transfer,124,two_cross,CFD WM64,Houses,0.28,0.33,50,within_sampled_range,IU,133,75.0,runs/yin_noise_matrix_20260926/results/r21dev_vgg16_bn_aa_s42/faces_cfdWM64/houses_yin64/results.csv,IU
mixed,Mixed faces / AA4,r21dev_vgg16_bn_aa_s42,face_transfer,124,two_cross,CFD WM64,Houses,0.28,0.33,50,within_sampled_range,IU,134,70.83333333333334,runs/yin_noise_matrix_20260926/results/r21dev_vgg16_bn_aa_s42/faces_cfdWM64/houses_yin64/results.csv,IU
mixed,Mixed faces / AA4,r21dev_vgg16_bn_aa_s42,face_transfer,124,two_cross,CFD WM64,Houses,0.28,0.33,50,within_sampled_range,IU,135,66.66666666666666,runs/yin_noise_matrix_20260926/results/r21dev_vgg16_bn_aa_s42/faces_cfdWM64/houses_yin64/results.csv,IU
mixed,Mixed faces / AA4,r21dev_vgg16_bn_aa_s42,face_transfer,124,two_cross,CFD WM64,Houses,0.28,0.33,50,within_sampled_range,IU,136,70.83333333333334,runs/yin_noise_matrix_20260926/results/r21dev_vgg16_bn_aa_s42/faces_cfdWM64/houses_yin64/results.csv,IU
mixed,Mixed faces / AA4,r21dev_vgg16_bn_aa_s42,face_transfer,124,two_cross,CFD WM64,Houses,0.28,0.33,50,within_sampled_range,IU,137,70.83333333333334,runs/yin_noise_matrix_20260926/results/r21dev_vgg16_bn_aa_s42/faces_cfdWM64/houses_yin64/results.csv,IU
mixed,Mixed faces / AA4,r21dev_vgg16_bn_aa_s42,face_transfer,124,two_cross,CFD WM64,Houses,0.28,0.33,50,within_sampled_range,IU,138,66.66666666666666,runs/yin_noise_matrix_20260926/results/r21dev_vgg16_bn_aa_s42/faces_cfdWM64/houses_yin64/results.csv,IU
mixed,Mixed faces / AA4,r21dev_vgg16_bn_aa_s42,face_transfer,124,two_cross,CFD WM64,Houses,0.28,0.33,50,within_sampled_range,IU,139,70.83333333333334,runs/yin_noise_matrix_20260926/results/r21dev_vgg16_bn_aa_s42/faces_cfdWM64/houses_yin64/results.csv,IU
mixed,Mixed faces / AA4,r21dev_vgg16_bn_aa_s42,face_transfer,124,two_cross,CFD WM64,Houses,0.28,0.33,50,within_sampled_range,IU,140,62.5,runs/yin_noise_matrix_20260926/results/r21dev_vgg16_bn_aa_s42/faces_cfdWM64/houses_yin64/results.csv,IU
mixed,Mixed faces / AA4,r21dev_vgg16_bn_aa_s42,face_transfer,124,two_cross,CFD WM64,Houses,0.28,0.33,50,within_sampled_range,IU,141,75.0,runs/yin_noise_matrix_20260926/results/r21dev_vgg16_bn_aa_s42/faces_cfdWM64/houses_yin64/results.csv,IU
mixed,Mixed faces / AA4,r21dev_vgg16_bn_aa_s42,face_transfer,124,two_cross,CFD WM64,Houses,0.28,0.33,50,within_sampled_range,IU,142,75.0,runs/yin_noise_matrix_20260926/results/r21dev_vgg16_bn_aa_s42/faces_cfdWM64/houses_yin64/results.csv,IU
mixed,Mixed faces / AA4,r21dev_vgg16_bn_aa_s42,face_transfer,124,two_cross,CFD WM64,Houses,0.28,0.33,50,within_sampled_range,IU,143,70.83333333333334,runs/yin_noise_matrix_20260926/results/r21dev_vgg16_bn_aa_s42/faces_cfdWM64/houses_yin64/results.csv,IU
mixed,Mixed faces / AA4,r21dev_vgg16_bn_aa_s42,face_transfer,124,two_cross,CFD WM64,Houses,0.28,0.33,50,within_sampled_range,IU,144,66.66666666666666,runs/yin_noise_matrix_20260926/results/r21dev_vgg16_bn_aa_s42/faces_cfdWM64/houses_yin64/results.csv,IU
mixed,Mixed faces / AA4,r21dev_vgg16_bn_aa_s42,face_transfer,124,two_cross,CFD WM64,Houses,0.28,0.33,50,within_sampled_range,IU,145,70.83333333333334,runs/yin_noise_matrix_20260926/results/r21dev_vgg16_bn_aa_s42/faces_cfdWM64/houses_yin64/results.csv,IU
mixed,Mixed faces / AA4,r21dev_vgg16_bn_aa_s42,face_transfer,124,two_cross,CFD WM64,Houses,0.28,0.33,50,within_sampled_range,IU,146,70.83333333333334,runs/yin_noise_matrix_20260926/results/r21dev_vgg16_bn_aa_s42/faces_cfdWM64/houses_yin64/results.csv,IU
mixed,Mixed faces / AA4,r21dev_vgg16_bn_aa_s42,face_transfer,124,two_cross,CFD WM64,Houses,0.28,0.33,50,within_sampled_range,IU,147,70.83333333333334,runs/yin_noise_matrix_20260926/results/r21dev_vgg16_bn_aa_s42/faces_cfdWM64/houses_yin64/results.csv,IU
mixed,Mixed faces / AA4,r21dev_vgg16_bn_aa_s42,face_transfer,124,two_cross,CFD WM64,Houses,0.28,0.33,50,within_sampled_range,IU,148,70.83333333333334,runs/yin_noise_matrix_20260926/results/r21dev_vgg16_bn_aa_s42/faces_cfdWM64/houses_yin64/results.csv,IU
mixed,Mixed faces / AA4,r21dev_vgg16_bn_aa_s42,face_transfer,124,two_cross,CFD WM64,Houses,0.28,0.33,50,within_sampled_range,IU,149,79.16666666666666,runs/yin_noise_matrix_20260926/results/r21dev_vgg16_bn_aa_s42/faces_cfdWM64/houses_yin64/results.csv,IU
mixed,Mixed faces / AA4,r21dev_vgg16_bn_aa_s42,face_transfer,124,two_cross,CFD WM64,Houses,0.28,0.33,50,within_sampled_range,IU,150,70.83333333333334,runs/yin_noise_matrix_20260926/results/r21dev_vgg16_bn_aa_s42/faces_cfdWM64/houses_yin64/results.csv,IU
mixed,Mixed faces / AA4,r21dev_vgg16_bn_aa_s42,face_transfer,124,two_shared_ui,CFD WM64,Houses,0.28,0.33,50,within_sampled_range,UU,101,79.16666666666666,runs/yin_noise_matrix_20260926/results/r21dev_vgg16_bn_aa_s42/faces_cfdWM64/houses_yin64/results.csv,UU
mixed,Mixed faces / AA4,r21dev_vgg16_bn_aa_s42,face_transfer,124,two_shared_ui,CFD WM64,Houses,0.28,0.33,50,within_sampled_range,UU,102,79.16666666666666,runs/yin_noise_matrix_20260926/results/r21dev_vgg16_bn_aa_s42/faces_cfdWM64/houses_yin64/results.csv,UU
mixed,Mixed faces / AA4,r21dev_vgg16_bn_aa_s42,face_transfer,124,two_shared_ui,CFD WM64,Houses,0.28,0.33,50,within_sampled_range,UU,103,75.0,runs/yin_noise_matrix_20260926/results/r21dev_vgg16_bn_aa_s42/faces_cfdWM64/houses_yin64/results.csv,UU
mixed,Mixed faces / AA4,r21dev_vgg16_bn_aa_s42,face_transfer,124,two_shared_ui,CFD WM64,Houses,0.28,0.33,50,within_sampled_range,UU,104,83.33333333333334,runs/yin_noise_matrix_20260926/results/r21dev_vgg16_bn_aa_s42/faces_cfdWM64/houses_yin64/results.csv,UU
mixed,Mixed faces / AA4,r21dev_vgg16_bn_aa_s42,face_transfer,124,two_shared_ui,CFD WM64,Houses,0.28,0.33,50,within_sampled_range,UU,105,70.83333333333334,runs/yin_noise_matrix_20260926/results/r21dev_vgg16_bn_aa_s42/faces_cfdWM64/houses_yin64/results.csv,UU
mixed,Mixed faces / AA4,r21dev_vgg16_bn_aa_s42,face_transfer,124,two_shared_ui,CFD WM64,Houses,0.28,0.33,50,within_sampled_range,UU,106,62.5,runs/yin_noise_matrix_20260926/results/r21dev_vgg16_bn_aa_s42/faces_cfdWM64/houses_yin64/results.csv,UU
mixed,Mixed faces / AA4,r21dev_vgg16_bn_aa_s42,face_transfer,124,two_shared_ui,CFD WM64,Houses,0.28,0.33,50,within_sampled_range,UU,107,83.33333333333334,runs/yin_noise_matrix_20260926/results/r21dev_vgg16_bn_aa_s42/faces_cfdWM64/houses_yin64/results.csv,UU
mixed,Mixed faces / AA4,r21dev_vgg16_bn_aa_s42,face_transfer,124,two_shared_ui,CFD WM64,Houses,0.28,0.33,50,within_sampled_range,UU,108,79.16666666666666,runs/yin_noise_matrix_20260926/results/r21dev_vgg16_bn_aa_s42/faces_cfdWM64/houses_yin64/results.csv,UU
mixed,Mixed faces / AA4,r21dev_vgg16_bn_aa_s42,face_transfer,124,two_shared_ui,CFD WM64,Houses,0.28,0.33,50,within_sampled_range,UU,109,79.16666666666666,runs/yin_noise_matrix_20260926/results/r21dev_vgg16_bn_aa_s42/faces_cfdWM64/houses_yin64/results.csv,UU
mixed,Mixed faces / AA4,r21dev_vgg16_bn_aa_s42,face_transfer,124,two_shared_ui,CFD WM64,Houses,0.28,0.33,50,within_sampled_range,UU,110,83.33333333333334,runs/yin_noise_matrix_20260926/results/r21dev_vgg16_bn_aa_s42/faces_cfdWM64/houses_yin64/results.csv,UU
mixed,Mixed faces / AA4,r21dev_vgg16_bn_aa_s42,face_transfer,124,two_shared_ui,CFD WM64,Houses,0.28,0.33,50,within_sampled_range,UU,111,75.0,runs/yin_noise_matrix_20260926/results/r21dev_vgg16_bn_aa_s42/faces_cfdWM64/houses_yin64/results.csv,UU
mixed,Mixed faces / AA4,r21dev_vgg16_bn_aa_s42,face_transfer,124,two_shared_ui,CFD WM64,Houses,0.28,0.33,50,within_sampled_range,UU,112,87.5,runs/yin_noise_matrix_20260926/results/r21dev_vgg16_bn_aa_s42/faces_cfdWM64/houses_yin64/results.csv,UU
mixed,Mixed faces / AA4,r21dev_vgg16_bn_aa_s42,face_transfer,124,two_shared_ui,CFD WM64,Houses,0.28,0.33,50,within_sampled_range,UU,113,83.33333333333334,runs/yin_noise_matrix_20260926/results/r21dev_vgg16_bn_aa_s42/faces_cfdWM64/houses_yin64/results.csv,UU
mixed,Mixed faces / AA4,r21dev_vgg16_bn_aa_s42,face_transfer,124,two_shared_ui,CFD WM64,Houses,0.28,0.33,50,within_sampled_range,UU,114,79.16666666666666,runs/yin_noise_matrix_20260926/results/r21dev_vgg16_bn_aa_s42/faces_cfdWM64/houses_yin64/results.csv,UU
mixed,Mixed faces / AA4,r21dev_vgg16_bn_aa_s42,face_transfer,124,two_shared_ui,CFD WM64,Houses,0.28,0.33,50,within_sampled_range,UU,115,95.83333333333334,runs/yin_noise_matrix_20260926/results/r21dev_vgg16_bn_aa_s42/faces_cfdWM64/houses_yin64/results.csv,UU
mixed,Mixed faces / AA4,r21dev_vgg16_bn_aa_s42,face_transfer,124,two_shared_ui,CFD WM64,Houses,0.28,0.33,50,within_sampled_range,UU,116,83.33333333333334,runs/yin_noise_matrix_20260926/results/r21dev_vgg16_bn_aa_s42/faces_cfdWM64/houses_yin64/results.csv,UU
mixed,Mixed faces / AA4,r21dev_vgg16_bn_aa_s42,face_transfer,124,two_shared_ui,CFD WM64,Houses,0.28,0.33,50,within_sampled_range,UU,117,70.83333333333334,runs/yin_noise_matrix_20260926/results/r21dev_vgg16_bn_aa_s42/faces_cfdWM64/houses_yin64/results.csv,UU
mixed,Mixed faces / AA4,r21dev_vgg16_bn_aa_s42,face_transfer,124,two_shared_ui,CFD WM64,Houses,0.28,0.33,50,within_sampled_range,UU,118,87.5,runs/yin_noise_matrix_20260926/results/r21dev_vgg16_bn_aa_s42/faces_cfdWM64/houses_yin64/results.csv,UU
mixed,Mixed faces / AA4,r21dev_vgg16_bn_aa_s42,face_transfer,124,two_shared_ui,CFD WM64,Houses,0.28,0.33,50,within_sampled_range,UU,119,75.0,runs/yin_noise_matrix_20260926/results/r21dev_vgg16_bn_aa_s42/faces_cfdWM64/houses_yin64/results.csv,UU
mixed,Mixed faces / AA4,r21dev_vgg16_bn_aa_s42,face_transfer,124,two_shared_ui,CFD WM64,Houses,0.28,0.33,50,within_sampled_range,UU,120,79.16666666666666,runs/yin_noise_matrix_20260926/results/r21dev_vgg16_bn_aa_s42/faces_cfdWM64/houses_yin64/results.csv,UU
mixed,Mixed faces / AA4,r21dev_vgg16_bn_aa_s42,face_transfer,124,two_shared_ui,CFD WM64,Houses,0.28,0.33,50,within_sampled_range,UU,121,79.16666666666666,runs/yin_noise_matrix_20260926/results/r21dev_vgg16_bn_aa_s42/faces_cfdWM64/houses_yin64/results.csv,UU
mixed,Mixed faces / AA4,r21dev_vgg16_bn_aa_s42,face_transfer,124,two_shared_ui,CFD WM64,Houses,0.28,0.33,50,within_sampled_range,UU,122,87.5,runs/yin_noise_matrix_20260926/results/r21dev_vgg16_bn_aa_s42/faces_cfdWM64/houses_yin64/results.csv,UU
mixed,Mixed faces / AA4,r21dev_vgg16_bn_aa_s42,face_transfer,124,two_shared_ui,CFD WM64,Houses,0.28,0.33,50,within_sampled_range,UU,123,91.66666666666666,runs/yin_noise_matrix_20260926/results/r21dev_vgg16_bn_aa_s42/faces_cfdWM64/houses_yin64/results.csv,UU
mixed,Mixed faces / AA4,r21dev_vgg16_bn_aa_s42,face_transfer,124,two_shared_ui,CFD WM64,Houses,0.28,0.33,50,within_sampled_range,UU,124,79.16666666666666,runs/yin_noise_matrix_20260926/results/r21dev_vgg16_bn_aa_s42/faces_cfdWM64/houses_yin64/results.csv,UU
mixed,Mixed faces / AA4,r21dev_vgg16_bn_aa_s42,face_transfer,124,two_shared_ui,CFD WM64,Houses,0.28,0.33,50,within_sampled_range,UU,125,79.16666666666666,runs/yin_noise_matrix_20260926/results/r21dev_vgg16_bn_aa_s42/faces_cfdWM64/houses_yin64/results.csv,UU
mixed,Mixed faces / AA4,r21dev_vgg16_bn_aa_s42,face_transfer,124,two_shared_ui,CFD WM64,Houses,0.28,0.33,50,within_sampled_range,UU,126,75.0,runs/yin_noise_matrix_20260926/results/r21dev_vgg16_bn_aa_s42/faces_cfdWM64/houses_yin64/results.csv,UU
mixed,Mixed faces / AA4,r21dev_vgg16_bn_aa_s42,face_transfer,124,two_shared_ui,CFD WM64,Houses,0.28,0.33,50,within_sampled_range,UU,127,91.66666666666666,runs/yin_noise_matrix_20260926/results/r21dev_vgg16_bn_aa_s42/faces_cfdWM64/houses_yin64/results.csv,UU
mixed,Mixed faces / AA4,r21dev_vgg16_bn_aa_s42,face_transfer,124,two_shared_ui,CFD WM64,Houses,0.28,0.33,50,within_sampled_range,UU,128,75.0,runs/yin_noise_matrix_20260926/results/r21dev_vgg16_bn_aa_s42/faces_cfdWM64/houses_yin64/results.csv,UU
mixed,Mixed faces / AA4,r21dev_vgg16_bn_aa_s42,face_transfer,124,two_shared_ui,CFD WM64,Houses,0.28,0.33,50,within_sampled_range,UU,129,70.83333333333334,runs/yin_noise_matrix_20260926/results/r21dev_vgg16_bn_aa_s42/faces_cfdWM64/houses_yin64/results.csv,UU
mixed,Mixed faces / AA4,r21dev_vgg16_bn_aa_s42,face_transfer,124,two_shared_ui,CFD WM64,Houses,0.28,0.33,50,within_sampled_range,UU,130,79.16666666666666,runs/yin_noise_matrix_20260926/results/r21dev_vgg16_bn_aa_s42/faces_cfdWM64/houses_yin64/results.csv,UU
mixed,Mixed faces / AA4,r21dev_vgg16_bn_aa_s42,face_transfer,124,two_shared_ui,CFD WM64,Houses,0.28,0.33,50,within_sampled_range,UU,131,70.83333333333334,runs/yin_noise_matrix_20260926/results/r21dev_vgg16_bn_aa_s42/faces_cfdWM64/houses_yin64/results.csv,UU
mixed,Mixed faces / AA4,r21dev_vgg16_bn_aa_s42,face_transfer,124,two_shared_ui,CFD WM64,Houses,0.28,0.33,50,within_sampled_range,UU,132,66.66666666666666,runs/yin_noise_matrix_20260926/results/r21dev_vgg16_bn_aa_s42/faces_cfdWM64/houses_yin64/results.csv,UU
mixed,Mixed faces / AA4,r21dev_vgg16_bn_aa_s42,face_transfer,124,two_shared_ui,CFD WM64,Houses,0.28,0.33,50,within_sampled_range,UU,133,79.16666666666666,runs/yin_noise_matrix_20260926/results/r21dev_vgg16_bn_aa_s42/faces_cfdWM64/houses_yin64/results.csv,UU
mixed,Mixed faces / AA4,r21dev_vgg16_bn_aa_s42,face_transfer,124,two_shared_ui,CFD WM64,Houses,0.28,0.33,50,within_sampled_range,UU,134,79.16666666666666,runs/yin_noise_matrix_20260926/results/r21dev_vgg16_bn_aa_s42/faces_cfdWM64/houses_yin64/results.csv,UU
mixed,Mixed faces / AA4,r21dev_vgg16_bn_aa_s42,face_transfer,124,two_shared_ui,CFD WM64,Houses,0.28,0.33,50,within_sampled_range,UU,135,75.0,runs/yin_noise_matrix_20260926/results/r21dev_vgg16_bn_aa_s42/faces_cfdWM64/houses_yin64/results.csv,UU
mixed,Mixed faces / AA4,r21dev_vgg16_bn_aa_s42,face_transfer,124,two_shared_ui,CFD WM64,Houses,0.28,0.33,50,within_sampled_range,UU,136,79.16666666666666,runs/yin_noise_matrix_20260926/results/r21dev_vgg16_bn_aa_s42/faces_cfdWM64/houses_yin64/results.csv,UU
mixed,Mixed faces / AA4,r21dev_vgg16_bn_aa_s42,face_transfer,124,two_shared_ui,CFD WM64,Houses,0.28,0.33,50,within_sampled_range,UU,137,79.16666666666666,runs/yin_noise_matrix_20260926/results/r21dev_vgg16_bn_aa_s42/faces_cfdWM64/houses_yin64/results.csv,UU
mixed,Mixed faces / AA4,r21dev_vgg16_bn_aa_s42,face_transfer,124,two_shared_ui,CFD WM64,Houses,0.28,0.33,50,within_sampled_range,UU,138,91.66666666666666,runs/yin_noise_matrix_20260926/results/r21dev_vgg16_bn_aa_s42/faces_cfdWM64/houses_yin64/results.csv,UU
mixed,Mixed faces / AA4,r21dev_vgg16_bn_aa_s42,face_transfer,124,two_shared_ui,CFD WM64,Houses,0.28,0.33,50,within_sampled_range,UU,139,75.0,runs/yin_noise_matrix_20260926/results/r21dev_vgg16_bn_aa_s42/faces_cfdWM64/houses_yin64/results.csv,UU
mixed,Mixed faces / AA4,r21dev_vgg16_bn_aa_s42,face_transfer,124,two_shared_ui,CFD WM64,Houses,0.28,0.33,50,within_sampled_range,UU,140,70.83333333333334,runs/yin_noise_matrix_20260926/results/r21dev_vgg16_bn_aa_s42/faces_cfdWM64/houses_yin64/results.csv,UU
mixed,Mixed faces / AA4,r21dev_vgg16_bn_aa_s42,face_transfer,124,two_shared_ui,CFD WM64,Houses,0.28,0.33,50,within_sampled_range,UU,141,79.16666666666666,runs/yin_noise_matrix_20260926/results/r21dev_vgg16_bn_aa_s42/faces_cfdWM64/houses_yin64/results.csv,UU
mixed,Mixed faces / AA4,r21dev_vgg16_bn_aa_s42,face_transfer,124,two_shared_ui,CFD WM64,Houses,0.28,0.33,50,within_sampled_range,UU,142,83.33333333333334,runs/yin_noise_matrix_20260926/results/r21dev_vgg16_bn_aa_s42/faces_cfdWM64/houses_yin64/results.csv,UU
mixed,Mixed faces / AA4,r21dev_vgg16_bn_aa_s42,face_transfer,124,two_shared_ui,CFD WM64,Houses,0.28,0.33,50,within_sampled_range,UU,143,70.83333333333334,runs/yin_noise_matrix_20260926/results/r21dev_vgg16_bn_aa_s42/faces_cfdWM64/houses_yin64/results.csv,UU
mixed,Mixed faces / AA4,r21dev_vgg16_bn_aa_s42,face_transfer,124,two_shared_ui,CFD WM64,Houses,0.28,0.33,50,within_sampled_range,UU,144,83.33333333333334,runs/yin_noise_matrix_20260926/results/r21dev_vgg16_bn_aa_s42/faces_cfdWM64/houses_yin64/results.csv,UU
mixed,Mixed faces / AA4,r21dev_vgg16_bn_aa_s42,face_transfer,124,two_shared_ui,CFD WM64,Houses,0.28,0.33,50,within_sampled_range,UU,145,83.33333333333334,runs/yin_noise_matrix_20260926/results/r21dev_vgg16_bn_aa_s42/faces_cfdWM64/houses_yin64/results.csv,UU
mixed,Mixed faces / AA4,r21dev_vgg16_bn_aa_s42,face_transfer,124,two_shared_ui,CFD WM64,Houses,0.28,0.33,50,within_sampled_range,UU,146,87.5,runs/yin_noise_matrix_20260926/results/r21dev_vgg16_bn_aa_s42/faces_cfdWM64/houses_yin64/results.csv,UU
mixed,Mixed faces / AA4,r21dev_vgg16_bn_aa_s42,face_transfer,124,two_shared_ui,CFD WM64,Houses,0.28,0.33,50,within_sampled_range,UU,147,75.0,runs/yin_noise_matrix_20260926/results/r21dev_vgg16_bn_aa_s42/faces_cfdWM64/houses_yin64/results.csv,UU
mixed,Mixed faces / AA4,r21dev_vgg16_bn_aa_s42,face_transfer,124,two_shared_ui,CFD WM64,Houses,0.28,0.33,50,within_sampled_range,UU,148,95.83333333333334,runs/yin_noise_matrix_20260926/results/r21dev_vgg16_bn_aa_s42/faces_cfdWM64/houses_yin64/results.csv,UU
mixed,Mixed faces / AA4,r21dev_vgg16_bn_aa_s42,face_transfer,124,two_shared_ui,CFD WM64,Houses,0.28,0.33,50,within_sampled_range,UU,149,91.66666666666666,runs/yin_noise_matrix_20260926/results/r21dev_vgg16_bn_aa_s42/faces_cfdWM64/houses_yin64/results.csv,UU
mixed,Mixed faces / AA4,r21dev_vgg16_bn_aa_s42,face_transfer,124,two_shared_ui,CFD WM64,Houses,0.28,0.33,50,within_sampled_range,UU,150,79.16666666666666,runs/yin_noise_matrix_20260926/results/r21dev_vgg16_bn_aa_s42/faces_cfdWM64/houses_yin64/results.csv,UU
mixed,Mixed faces / AA4,r21dev_vgg16_bn_aa_s42,face_transfer,124,two_shared_ui,CFD WM64,Houses,0.28,0.33,50,within_sampled_range,II,101,70.83333333333334,runs/yin_noise_matrix_20260926/results/r21dev_vgg16_bn_aa_s42/faces_cfdWM64/houses_yin64/results.csv,II
mixed,Mixed faces / AA4,r21dev_vgg16_bn_aa_s42,face_transfer,124,two_shared_ui,CFD WM64,Houses,0.28,0.33,50,within_sampled_range,II,102,66.66666666666666,runs/yin_noise_matrix_20260926/results/r21dev_vgg16_bn_aa_s42/faces_cfdWM64/houses_yin64/results.csv,II
mixed,Mixed faces / AA4,r21dev_vgg16_bn_aa_s42,face_transfer,124,two_shared_ui,CFD WM64,Houses,0.28,0.33,50,within_sampled_range,II,103,79.16666666666666,runs/yin_noise_matrix_20260926/results/r21dev_vgg16_bn_aa_s42/faces_cfdWM64/houses_yin64/results.csv,II
mixed,Mixed faces / AA4,r21dev_vgg16_bn_aa_s42,face_transfer,124,two_shared_ui,CFD WM64,Houses,0.28,0.33,50,within_sampled_range,II,104,66.66666666666666,runs/yin_noise_matrix_20260926/results/r21dev_vgg16_bn_aa_s42/faces_cfdWM64/houses_yin64/results.csv,II
mixed,Mixed faces / AA4,r21dev_vgg16_bn_aa_s42,face_transfer,124,two_shared_ui,CFD WM64,Houses,0.28,0.33,50,within_sampled_range,II,105,70.83333333333334,runs/yin_noise_matrix_20260926/results/r21dev_vgg16_bn_aa_s42/faces_cfdWM64/houses_yin64/results.csv,II
mixed,Mixed faces / AA4,r21dev_vgg16_bn_aa_s42,face_transfer,124,two_shared_ui,CFD WM64,Houses,0.28,0.33,50,within_sampled_range,II,106,75.0,runs/yin_noise_matrix_20260926/results/r21dev_vgg16_bn_aa_s42/faces_cfdWM64/houses_yin64/results.csv,II
mixed,Mixed faces / AA4,r21dev_vgg16_bn_aa_s42,face_transfer,124,two_shared_ui,CFD WM64,Houses,0.28,0.33,50,within_sampled_range,II,107,70.83333333333334,runs/yin_noise_matrix_20260926/results/r21dev_vgg16_bn_aa_s42/faces_cfdWM64/houses_yin64/results.csv,II
mixed,Mixed faces / AA4,r21dev_vgg16_bn_aa_s42,face_transfer,124,two_shared_ui,CFD WM64,Houses,0.28,0.33,50,within_sampled_range,II,108,70.83333333333334,runs/yin_noise_matrix_20260926/results/r21dev_vgg16_bn_aa_s42/faces_cfdWM64/houses_yin64/results.csv,II
mixed,Mixed faces / AA4,r21dev_vgg16_bn_aa_s42,face_transfer,124,two_shared_ui,CFD WM64,Houses,0.28,0.33,50,within_sampled_range,II,109,62.5,runs/yin_noise_matrix_20260926/results/r21dev_vgg16_bn_aa_s42/faces_cfdWM64/houses_yin64/results.csv,II
mixed,Mixed faces / AA4,r21dev_vgg16_bn_aa_s42,face_transfer,124,two_shared_ui,CFD WM64,Houses,0.28,0.33,50,within_sampled_range,II,110,79.16666666666666,runs/yin_noise_matrix_20260926/results/r21dev_vgg16_bn_aa_s42/faces_cfdWM64/houses_yin64/results.csv,II
mixed,Mixed faces / AA4,r21dev_vgg16_bn_aa_s42,face_transfer,124,two_shared_ui,CFD WM64,Houses,0.28,0.33,50,within_sampled_range,II,111,70.83333333333334,runs/yin_noise_matrix_20260926/results/r21dev_vgg16_bn_aa_s42/faces_cfdWM64/houses_yin64/results.csv,II
mixed,Mixed faces / AA4,r21dev_vgg16_bn_aa_s42,face_transfer,124,two_shared_ui,CFD WM64,Houses,0.28,0.33,50,within_sampled_range,II,112,75.0,runs/yin_noise_matrix_20260926/results/r21dev_vgg16_bn_aa_s42/faces_cfdWM64/houses_yin64/results.csv,II
mixed,Mixed faces / AA4,r21dev_vgg16_bn_aa_s42,face_transfer,124,two_shared_ui,CFD WM64,Houses,0.28,0.33,50,within_sampled_range,II,113,62.5,runs/yin_noise_matrix_20260926/results/r21dev_vgg16_bn_aa_s42/faces_cfdWM64/houses_yin64/results.csv,II
mixed,Mixed faces / AA4,r21dev_vgg16_bn_aa_s42,face_transfer,124,two_shared_ui,CFD WM64,Houses,0.28,0.33,50,within_sampled_range,II,114,70.83333333333334,runs/yin_noise_matrix_20260926/results/r21dev_vgg16_bn_aa_s42/faces_cfdWM64/houses_yin64/results.csv,II
mixed,Mixed faces / AA4,r21dev_vgg16_bn_aa_s42,face_transfer,124,two_shared_ui,CFD WM64,Houses,0.28,0.33,50,within_sampled_range,II,115,91.66666666666666,runs/yin_noise_matrix_20260926/results/r21dev_vgg16_bn_aa_s42/faces_cfdWM64/houses_yin64/results.csv,II
mixed,Mixed faces / AA4,r21dev_vgg16_bn_aa_s42,face_transfer,124,two_shared_ui,CFD WM64,Houses,0.28,0.33,50,within_sampled_range,II,116,75.0,runs/yin_noise_matrix_20260926/results/r21dev_vgg16_bn_aa_s42/faces_cfdWM64/houses_yin64/results.csv,II
mixed,Mixed faces / AA4,r21dev_vgg16_bn_aa_s42,face_transfer,124,two_shared_ui,CFD WM64,Houses,0.28,0.33,50,within_sampled_range,II,117,75.0,runs/yin_noise_matrix_20260926/results/r21dev_vgg16_bn_aa_s42/faces_cfdWM64/houses_yin64/results.csv,II
mixed,Mixed faces / AA4,r21dev_vgg16_bn_aa_s42,face_transfer,124,two_shared_ui,CFD WM64,Houses,0.28,0.33,50,within_sampled_range,II,118,75.0,runs/yin_noise_matrix_20260926/results/r21dev_vgg16_bn_aa_s42/faces_cfdWM64/houses_yin64/results.csv,II
mixed,Mixed faces / AA4,r21dev_vgg16_bn_aa_s42,face_transfer,124,two_shared_ui,CFD WM64,Houses,0.28,0.33,50,within_sampled_range,II,119,83.33333333333334,runs/yin_noise_matrix_20260926/results/r21dev_vgg16_bn_aa_s42/faces_cfdWM64/houses_yin64/results.csv,II
mixed,Mixed faces / AA4,r21dev_vgg16_bn_aa_s42,face_transfer,124,two_shared_ui,CFD WM64,Houses,0.28,0.33,50,within_sampled_range,II,120,75.0,runs/yin_noise_matrix_20260926/results/r21dev_vgg16_bn_aa_s42/faces_cfdWM64/houses_yin64/results.csv,II
mixed,Mixed faces / AA4,r21dev_vgg16_bn_aa_s42,face_transfer,124,two_shared_ui,CFD WM64,Houses,0.28,0.33,50,within_sampled_range,II,121,70.83333333333334,runs/yin_noise_matrix_20260926/results/r21dev_vgg16_bn_aa_s42/faces_cfdWM64/houses_yin64/results.csv,II
mixed,Mixed faces / AA4,r21dev_vgg16_bn_aa_s42,face_transfer,124,two_shared_ui,CFD WM64,Houses,0.28,0.33,50,within_sampled_range,II,122,75.0,runs/yin_noise_matrix_20260926/results/r21dev_vgg16_bn_aa_s42/faces_cfdWM64/houses_yin64/results.csv,II
mixed,Mixed faces / AA4,r21dev_vgg16_bn_aa_s42,face_transfer,124,two_shared_ui,CFD WM64,Houses,0.28,0.33,50,within_sampled_range,II,123,79.16666666666666,runs/yin_noise_matrix_20260926/results/r21dev_vgg16_bn_aa_s42/faces_cfdWM64/houses_yin64/results.csv,II
mixed,Mixed faces / AA4,r21dev_vgg16_bn_aa_s42,face_transfer,124,two_shared_ui,CFD WM64,Houses,0.28,0.33,50,within_sampled_range,II,124,75.0,runs/yin_noise_matrix_20260926/results/r21dev_vgg16_bn_aa_s42/faces_cfdWM64/houses_yin64/results.csv,II
mixed,Mixed faces / AA4,r21dev_vgg16_bn_aa_s42,face_transfer,124,two_shared_ui,CFD WM64,Houses,0.28,0.33,50,within_sampled_range,II,125,66.66666666666666,runs/yin_noise_matrix_20260926/results/r21dev_vgg16_bn_aa_s42/faces_cfdWM64/houses_yin64/results.csv,II
mixed,Mixed faces / AA4,r21dev_vgg16_bn_aa_s42,face_transfer,124,two_shared_ui,CFD WM64,Houses,0.28,0.33,50,within_sampled_range,II,126,75.0,runs/yin_noise_matrix_20260926/results/r21dev_vgg16_bn_aa_s42/faces_cfdWM64/houses_yin64/results.csv,II
mixed,Mixed faces / AA4,r21dev_vgg16_bn_aa_s42,face_transfer,124,two_shared_ui,CFD WM64,Houses,0.28,0.33,50,within_sampled_range,II,127,79.16666666666666,runs/yin_noise_matrix_20260926/results/r21dev_vgg16_bn_aa_s42/faces_cfdWM64/houses_yin64/results.csv,II
mixed,Mixed faces / AA4,r21dev_vgg16_bn_aa_s42,face_transfer,124,two_shared_ui,CFD WM64,Houses,0.28,0.33,50,within_sampled_range,II,128,87.5,runs/yin_noise_matrix_20260926/results/r21dev_vgg16_bn_aa_s42/faces_cfdWM64/houses_yin64/results.csv,II
mixed,Mixed faces / AA4,r21dev_vgg16_bn_aa_s42,face_transfer,124,two_shared_ui,CFD WM64,Houses,0.28,0.33,50,within_sampled_range,II,129,79.16666666666666,runs/yin_noise_matrix_20260926/results/r21dev_vgg16_bn_aa_s42/faces_cfdWM64/houses_yin64/results.csv,II
mixed,Mixed faces / AA4,r21dev_vgg16_bn_aa_s42,face_transfer,124,two_shared_ui,CFD WM64,Houses,0.28,0.33,50,within_sampled_range,II,130,79.16666666666666,runs/yin_noise_matrix_20260926/results/r21dev_vgg16_bn_aa_s42/faces_cfdWM64/houses_yin64/results.csv,II
mixed,Mixed faces / AA4,r21dev_vgg16_bn_aa_s42,face_transfer,124,two_shared_ui,CFD WM64,Houses,0.28,0.33,50,within_sampled_range,II,131,75.0,runs/yin_noise_matrix_20260926/results/r21dev_vgg16_bn_aa_s42/faces_cfdWM64/houses_yin64/results.csv,II
mixed,Mixed faces / AA4,r21dev_vgg16_bn_aa_s42,face_transfer,124,two_shared_ui,CFD WM64,Houses,0.28,0.33,50,within_sampled_range,II,132,66.66666666666666,runs/yin_noise_matrix_20260926/results/r21dev_vgg16_bn_aa_s42/faces_cfdWM64/houses_yin64/results.csv,II
mixed,Mixed faces / AA4,r21dev_vgg16_bn_aa_s42,face_transfer,124,two_shared_ui,CFD WM64,Houses,0.28,0.33,50,within_sampled_range,II,133,79.16666666666666,runs/yin_noise_matrix_20260926/results/r21dev_vgg16_bn_aa_s42/faces_cfdWM64/houses_yin64/results.csv,II
mixed,Mixed faces / AA4,r21dev_vgg16_bn_aa_s42,face_transfer,124,two_shared_ui,CFD WM64,Houses,0.28,0.33,50,within_sampled_range,II,134,79.16666666666666,runs/yin_noise_matrix_20260926/results/r21dev_vgg16_bn_aa_s42/faces_cfdWM64/houses_yin64/results.csv,II
mixed,Mixed faces / AA4,r21dev_vgg16_bn_aa_s42,face_transfer,124,two_shared_ui,CFD WM64,Houses,0.28,0.33,50,within_sampled_range,II,135,83.33333333333334,runs/yin_noise_matrix_20260926/results/r21dev_vgg16_bn_aa_s42/faces_cfdWM64/houses_yin64/results.csv,II
mixed,Mixed faces / AA4,r21dev_vgg16_bn_aa_s42,face_transfer,124,two_shared_ui,CFD WM64,Houses,0.28,0.33,50,within_sampled_range,II,136,75.0,runs/yin_noise_matrix_20260926/results/r21dev_vgg16_bn_aa_s42/faces_cfdWM64/houses_yin64/results.csv,II
mixed,Mixed faces / AA4,r21dev_vgg16_bn_aa_s42,face_transfer,124,two_shared_ui,CFD WM64,Houses,0.28,0.33,50,within_sampled_range,II,137,79.16666666666666,runs/yin_noise_matrix_20260926/results/r21dev_vgg16_bn_aa_s42/faces_cfdWM64/houses_yin64/results.csv,II
mixed,Mixed faces / AA4,r21dev_vgg16_bn_aa_s42,face_transfer,124,two_shared_ui,CFD WM64,Houses,0.28,0.33,50,within_sampled_range,II,138,70.83333333333334,runs/yin_noise_matrix_20260926/results/r21dev_vgg16_bn_aa_s42/faces_cfdWM64/houses_yin64/results.csv,II
mixed,Mixed faces / AA4,r21dev_vgg16_bn_aa_s42,face_transfer,124,two_shared_ui,CFD WM64,Houses,0.28,0.33,50,within_sampled_range,II,139,62.5,runs/yin_noise_matrix_20260926/results/r21dev_vgg16_bn_aa_s42/faces_cfdWM64/houses_yin64/results.csv,II
mixed,Mixed faces / AA4,r21dev_vgg16_bn_aa_s42,face_transfer,124,two_shared_ui,CFD WM64,Houses,0.28,0.33,50,within_sampled_range,II,140,62.5,runs/yin_noise_matrix_20260926/results/r21dev_vgg16_bn_aa_s42/faces_cfdWM64/houses_yin64/results.csv,II
mixed,Mixed faces / AA4,r21dev_vgg16_bn_aa_s42,face_transfer,124,two_shared_ui,CFD WM64,Houses,0.28,0.33,50,within_sampled_range,II,141,79.16666666666666,runs/yin_noise_matrix_20260926/results/r21dev_vgg16_bn_aa_s42/faces_cfdWM64/houses_yin64/results.csv,II
mixed,Mixed faces / AA4,r21dev_vgg16_bn_aa_s42,face_transfer,124,two_shared_ui,CFD WM64,Houses,0.28,0.33,50,within_sampled_range,II,142,75.0,runs/yin_noise_matrix_20260926/results/r21dev_vgg16_bn_aa_s42/faces_cfdWM64/houses_yin64/results.csv,II
mixed,Mixed faces / AA4,r21dev_vgg16_bn_aa_s42,face_transfer,124,two_shared_ui,CFD WM64,Houses,0.28,0.33,50,within_sampled_range,II,143,58.333333333333336,runs/yin_noise_matrix_20260926/results/r21dev_vgg16_bn_aa_s42/faces_cfdWM64/houses_yin64/results.csv,II
mixed,Mixed faces / AA4,r21dev_vgg16_bn_aa_s42,face_transfer,124,two_shared_ui,CFD WM64,Houses,0.28,0.33,50,within_sampled_range,II,144,75.0,runs/yin_noise_matrix_20260926/results/r21dev_vgg16_bn_aa_s42/faces_cfdWM64/houses_yin64/results.csv,II
mixed,Mixed faces / AA4,r21dev_vgg16_bn_aa_s42,face_transfer,124,two_shared_ui,CFD WM64,Houses,0.28,0.33,50,within_sampled_range,II,145,70.83333333333334,runs/yin_noise_matrix_20260926/results/r21dev_vgg16_bn_aa_s42/faces_cfdWM64/houses_yin64/results.csv,II
mixed,Mixed faces / AA4,r21dev_vgg16_bn_aa_s42,face_transfer,124,two_shared_ui,CFD WM64,Houses,0.28,0.33,50,within_sampled_range,II,146,79.16666666666666,runs/yin_noise_matrix_20260926/results/r21dev_vgg16_bn_aa_s42/faces_cfdWM64/houses_yin64/results.csv,II
mixed,Mixed faces / AA4,r21dev_vgg16_bn_aa_s42,face_transfer,124,two_shared_ui,CFD WM64,Houses,0.28,0.33,50,within_sampled_range,II,147,70.83333333333334,runs/yin_noise_matrix_20260926/results/r21dev_vgg16_bn_aa_s42/faces_cfdWM64/houses_yin64/results.csv,II
mixed,Mixed faces / AA4,r21dev_vgg16_bn_aa_s42,face_transfer,124,two_shared_ui,CFD WM64,Houses,0.28,0.33,50,within_sampled_range,II,148,79.16666666666666,runs/yin_noise_matrix_20260926/results/r21dev_vgg16_bn_aa_s42/faces_cfdWM64/houses_yin64/results.csv,II
mixed,Mixed faces / AA4,r21dev_vgg16_bn_aa_s42,face_transfer,124,two_shared_ui,CFD WM64,Houses,0.28,0.33,50,within_sampled_range,II,149,75.0,runs/yin_noise_matrix_20260926/results/r21dev_vgg16_bn_aa_s42/faces_cfdWM64/houses_yin64/results.csv,II
mixed,Mixed faces / AA4,r21dev_vgg16_bn_aa_s42,face_transfer,124,two_shared_ui,CFD WM64,Houses,0.28,0.33,50,within_sampled_range,II,150,66.66666666666666,runs/yin_noise_matrix_20260926/results/r21dev_vgg16_bn_aa_s42/faces_cfdWM64/houses_yin64/results.csv,II
mixed,Mixed faces / AA4,r21dev_vgg16_bn_aa_s42,face_transfer,124,two_shared_ui,CFD WM64,Houses,0.28,0.33,50,within_sampled_range,UI,101,70.83333333333334,runs/yin_noise_matrix_20260926/results/r21dev_vgg16_bn_aa_s42/faces_cfdWM64/houses_yin64/results.csv,UI_shared
mixed,Mixed faces / AA4,r21dev_vgg16_bn_aa_s42,face_transfer,124,two_shared_ui,CFD WM64,Houses,0.28,0.33,50,within_sampled_range,UI,102,70.83333333333334,runs/yin_noise_matrix_20260926/results/r21dev_vgg16_bn_aa_s42/faces_cfdWM64/houses_yin64/results.csv,UI_shared
mixed,Mixed faces / AA4,r21dev_vgg16_bn_aa_s42,face_transfer,124,two_shared_ui,CFD WM64,Houses,0.28,0.33,50,within_sampled_range,UI,103,66.66666666666666,runs/yin_noise_matrix_20260926/results/r21dev_vgg16_bn_aa_s42/faces_cfdWM64/houses_yin64/results.csv,UI_shared
mixed,Mixed faces / AA4,r21dev_vgg16_bn_aa_s42,face_transfer,124,two_shared_ui,CFD WM64,Houses,0.28,0.33,50,within_sampled_range,UI,104,66.66666666666666,runs/yin_noise_matrix_20260926/results/r21dev_vgg16_bn_aa_s42/faces_cfdWM64/houses_yin64/results.csv,UI_shared
mixed,Mixed faces / AA4,r21dev_vgg16_bn_aa_s42,face_transfer,124,two_shared_ui,CFD WM64,Houses,0.28,0.33,50,within_sampled_range,UI,105,66.66666666666666,runs/yin_noise_matrix_20260926/results/r21dev_vgg16_bn_aa_s42/faces_cfdWM64/houses_yin64/results.csv,UI_shared
mixed,Mixed faces / AA4,r21dev_vgg16_bn_aa_s42,face_transfer,124,two_shared_ui,CFD WM64,Houses,0.28,0.33,50,within_sampled_range,UI,106,79.16666666666666,runs/yin_noise_matrix_20260926/results/r21dev_vgg16_bn_aa_s42/faces_cfdWM64/houses_yin64/results.csv,UI_shared
mixed,Mixed faces / AA4,r21dev_vgg16_bn_aa_s42,face_transfer,124,two_shared_ui,CFD WM64,Houses,0.28,0.33,50,within_sampled_range,UI,107,83.33333333333334,runs/yin_noise_matrix_20260926/results/r21dev_vgg16_bn_aa_s42/faces_cfdWM64/houses_yin64/results.csv,UI_shared
mixed,Mixed faces / AA4,r21dev_vgg16_bn_aa_s42,face_transfer,124,two_shared_ui,CFD WM64,Houses,0.28,0.33,50,within_sampled_range,UI,108,83.33333333333334,runs/yin_noise_matrix_20260926/results/r21dev_vgg16_bn_aa_s42/faces_cfdWM64/houses_yin64/results.csv,UI_shared
mixed,Mixed faces / AA4,r21dev_vgg16_bn_aa_s42,face_transfer,124,two_shared_ui,CFD WM64,Houses,0.28,0.33,50,within_sampled_range,UI,109,79.16666666666666,runs/yin_noise_matrix_20260926/results/r21dev_vgg16_bn_aa_s42/faces_cfdWM64/houses_yin64/results.csv,UI_shared
mixed,Mixed faces / AA4,r21dev_vgg16_bn_aa_s42,face_transfer,124,two_shared_ui,CFD WM64,Houses,0.28,0.33,50,within_sampled_range,UI,110,66.66666666666666,runs/yin_noise_matrix_20260926/results/r21dev_vgg16_bn_aa_s42/faces_cfdWM64/houses_yin64/results.csv,UI_shared
mixed,Mixed faces / AA4,r21dev_vgg16_bn_aa_s42,face_transfer,124,two_shared_ui,CFD WM64,Houses,0.28,0.33,50,within_sampled_range,UI,111,66.66666666666666,runs/yin_noise_matrix_20260926/results/r21dev_vgg16_bn_aa_s42/faces_cfdWM64/houses_yin64/results.csv,UI_shared
mixed,Mixed faces / AA4,r21dev_vgg16_bn_aa_s42,face_transfer,124,two_shared_ui,CFD WM64,Houses,0.28,0.33,50,within_sampled_range,UI,112,75.0,runs/yin_noise_matrix_20260926/results/r21dev_vgg16_bn_aa_s42/faces_cfdWM64/houses_yin64/results.csv,UI_shared
mixed,Mixed faces / AA4,r21dev_vgg16_bn_aa_s42,face_transfer,124,two_shared_ui,CFD WM64,Houses,0.28,0.33,50,within_sampled_range,UI,113,70.83333333333334,runs/yin_noise_matrix_20260926/results/r21dev_vgg16_bn_aa_s42/faces_cfdWM64/houses_yin64/results.csv,UI_shared
mixed,Mixed faces / AA4,r21dev_vgg16_bn_aa_s42,face_transfer,124,two_shared_ui,CFD WM64,Houses,0.28,0.33,50,within_sampled_range,UI,114,70.83333333333334,runs/yin_noise_matrix_20260926/results/r21dev_vgg16_bn_aa_s42/faces_cfdWM64/houses_yin64/results.csv,UI_shared
mixed,Mixed faces / AA4,r21dev_vgg16_bn_aa_s42,face_transfer,124,two_shared_ui,CFD WM64,Houses,0.28,0.33,50,within_sampled_range,UI,115,87.5,runs/yin_noise_matrix_20260926/results/r21dev_vgg16_bn_aa_s42/faces_cfdWM64/houses_yin64/results.csv,UI_shared
mixed,Mixed faces / AA4,r21dev_vgg16_bn_aa_s42,face_transfer,124,two_shared_ui,CFD WM64,Houses,0.28,0.33,50,within_sampled_range,UI,116,75.0,runs/yin_noise_matrix_20260926/results/r21dev_vgg16_bn_aa_s42/faces_cfdWM64/houses_yin64/results.csv,UI_shared
mixed,Mixed faces / AA4,r21dev_vgg16_bn_aa_s42,face_transfer,124,two_shared_ui,CFD WM64,Houses,0.28,0.33,50,within_sampled_range,UI,117,70.83333333333334,runs/yin_noise_matrix_20260926/results/r21dev_vgg16_bn_aa_s42/faces_cfdWM64/houses_yin64/results.csv,UI_shared
mixed,Mixed faces / AA4,r21dev_vgg16_bn_aa_s42,face_transfer,124,two_shared_ui,CFD WM64,Houses,0.28,0.33,50,within_sampled_range,UI,118,62.5,runs/yin_noise_matrix_20260926/results/r21dev_vgg16_bn_aa_s42/faces_cfdWM64/houses_yin64/results.csv,UI_shared
mixed,Mixed faces / AA4,r21dev_vgg16_bn_aa_s42,face_transfer,124,two_shared_ui,CFD WM64,Houses,0.28,0.33,50,within_sampled_range,UI,119,75.0,runs/yin_noise_matrix_20260926/results/r21dev_vgg16_bn_aa_s42/faces_cfdWM64/houses_yin64/results.csv,UI_shared
mixed,Mixed faces / AA4,r21dev_vgg16_bn_aa_s42,face_transfer,124,two_shared_ui,CFD WM64,Houses,0.28,0.33,50,within_sampled_range,UI,120,75.0,runs/yin_noise_matrix_20260926/results/r21dev_vgg16_bn_aa_s42/faces_cfdWM64/houses_yin64/results.csv,UI_shared
mixed,Mixed faces / AA4,r21dev_vgg16_bn_aa_s42,face_transfer,124,two_shared_ui,CFD WM64,Houses,0.28,0.33,50,within_sampled_range,UI,121,70.83333333333334,runs/yin_noise_matrix_20260926/results/r21dev_vgg16_bn_aa_s42/faces_cfdWM64/houses_yin64/results.csv,UI_shared
mixed,Mixed faces / AA4,r21dev_vgg16_bn_aa_s42,face_transfer,124,two_shared_ui,CFD WM64,Houses,0.28,0.33,50,within_sampled_range,UI,122,75.0,runs/yin_noise_matrix_20260926/results/r21dev_vgg16_bn_aa_s42/faces_cfdWM64/houses_yin64/results.csv,UI_shared
mixed,Mixed faces / AA4,r21dev_vgg16_bn_aa_s42,face_transfer,124,two_shared_ui,CFD WM64,Houses,0.28,0.33,50,within_sampled_range,UI,123,79.16666666666666,runs/yin_noise_matrix_20260926/results/r21dev_vgg16_bn_aa_s42/faces_cfdWM64/houses_yin64/results.csv,UI_shared
mixed,Mixed faces / AA4,r21dev_vgg16_bn_aa_s42,face_transfer,124,two_shared_ui,CFD WM64,Houses,0.28,0.33,50,within_sampled_range,UI,124,70.83333333333334,runs/yin_noise_matrix_20260926/results/r21dev_vgg16_bn_aa_s42/faces_cfdWM64/houses_yin64/results.csv,UI_shared
mixed,Mixed faces / AA4,r21dev_vgg16_bn_aa_s42,face_transfer,124,two_shared_ui,CFD WM64,Houses,0.28,0.33,50,within_sampled_range,UI,125,62.5,runs/yin_noise_matrix_20260926/results/r21dev_vgg16_bn_aa_s42/faces_cfdWM64/houses_yin64/results.csv,UI_shared
mixed,Mixed faces / AA4,r21dev_vgg16_bn_aa_s42,face_transfer,124,two_shared_ui,CFD WM64,Houses,0.28,0.33,50,within_sampled_range,UI,126,66.66666666666666,runs/yin_noise_matrix_20260926/results/r21dev_vgg16_bn_aa_s42/faces_cfdWM64/houses_yin64/results.csv,UI_shared
mixed,Mixed faces / AA4,r21dev_vgg16_bn_aa_s42,face_transfer,124,two_shared_ui,CFD WM64,Houses,0.28,0.33,50,within_sampled_range,UI,127,79.16666666666666,runs/yin_noise_matrix_20260926/results/r21dev_vgg16_bn_aa_s42/faces_cfdWM64/houses_yin64/results.csv,UI_shared
mixed,Mixed faces / AA4,r21dev_vgg16_bn_aa_s42,face_transfer,124,two_shared_ui,CFD WM64,Houses,0.28,0.33,50,within_sampled_range,UI,128,75.0,runs/yin_noise_matrix_20260926/results/r21dev_vgg16_bn_aa_s42/faces_cfdWM64/houses_yin64/results.csv,UI_shared
mixed,Mixed faces / AA4,r21dev_vgg16_bn_aa_s42,face_transfer,124,two_shared_ui,CFD WM64,Houses,0.28,0.33,50,within_sampled_range,UI,129,83.33333333333334,runs/yin_noise_matrix_20260926/results/r21dev_vgg16_bn_aa_s42/faces_cfdWM64/houses_yin64/results.csv,UI_shared
mixed,Mixed faces / AA4,r21dev_vgg16_bn_aa_s42,face_transfer,124,two_shared_ui,CFD WM64,Houses,0.28,0.33,50,within_sampled_range,UI,130,87.5,runs/yin_noise_matrix_20260926/results/r21dev_vgg16_bn_aa_s42/faces_cfdWM64/houses_yin64/results.csv,UI_shared
mixed,Mixed faces / AA4,r21dev_vgg16_bn_aa_s42,face_transfer,124,two_shared_ui,CFD WM64,Houses,0.28,0.33,50,within_sampled_range,UI,131,66.66666666666666,runs/yin_noise_matrix_20260926/results/r21dev_vgg16_bn_aa_s42/faces_cfdWM64/houses_yin64/results.csv,UI_shared
mixed,Mixed faces / AA4,r21dev_vgg16_bn_aa_s42,face_transfer,124,two_shared_ui,CFD WM64,Houses,0.28,0.33,50,within_sampled_range,UI,132,66.66666666666666,runs/yin_noise_matrix_20260926/results/r21dev_vgg16_bn_aa_s42/faces_cfdWM64/houses_yin64/results.csv,UI_shared
mixed,Mixed faces / AA4,r21dev_vgg16_bn_aa_s42,face_transfer,124,two_shared_ui,CFD WM64,Houses,0.28,0.33,50,within_sampled_range,UI,133,70.83333333333334,runs/yin_noise_matrix_20260926/results/r21dev_vgg16_bn_aa_s42/faces_cfdWM64/houses_yin64/results.csv,UI_shared
mixed,Mixed faces / AA4,r21dev_vgg16_bn_aa_s42,face_transfer,124,two_shared_ui,CFD WM64,Houses,0.28,0.33,50,within_sampled_range,UI,134,75.0,runs/yin_noise_matrix_20260926/results/r21dev_vgg16_bn_aa_s42/faces_cfdWM64/houses_yin64/results.csv,UI_shared
mixed,Mixed faces / AA4,r21dev_vgg16_bn_aa_s42,face_transfer,124,two_shared_ui,CFD WM64,Houses,0.28,0.33,50,within_sampled_range,UI,135,66.66666666666666,runs/yin_noise_matrix_20260926/results/r21dev_vgg16_bn_aa_s42/faces_cfdWM64/houses_yin64/results.csv,UI_shared
mixed,Mixed faces / AA4,r21dev_vgg16_bn_aa_s42,face_transfer,124,two_shared_ui,CFD WM64,Houses,0.28,0.33,50,within_sampled_range,UI,136,79.16666666666666,runs/yin_noise_matrix_20260926/results/r21dev_vgg16_bn_aa_s42/faces_cfdWM64/houses_yin64/results.csv,UI_shared
mixed,Mixed faces / AA4,r21dev_vgg16_bn_aa_s42,face_transfer,124,two_shared_ui,CFD WM64,Houses,0.28,0.33,50,within_sampled_range,UI,137,62.5,runs/yin_noise_matrix_20260926/results/r21dev_vgg16_bn_aa_s42/faces_cfdWM64/houses_yin64/results.csv,UI_shared
mixed,Mixed faces / AA4,r21dev_vgg16_bn_aa_s42,face_transfer,124,two_shared_ui,CFD WM64,Houses,0.28,0.33,50,within_sampled_range,UI,138,75.0,runs/yin_noise_matrix_20260926/results/r21dev_vgg16_bn_aa_s42/faces_cfdWM64/houses_yin64/results.csv,UI_shared
mixed,Mixed faces / AA4,r21dev_vgg16_bn_aa_s42,face_transfer,124,two_shared_ui,CFD WM64,Houses,0.28,0.33,50,within_sampled_range,UI,139,62.5,runs/yin_noise_matrix_20260926/results/r21dev_vgg16_bn_aa_s42/faces_cfdWM64/houses_yin64/results.csv,UI_shared
mixed,Mixed faces / AA4,r21dev_vgg16_bn_aa_s42,face_transfer,124,two_shared_ui,CFD WM64,Houses,0.28,0.33,50,within_sampled_range,UI,140,70.83333333333334,runs/yin_noise_matrix_20260926/results/r21dev_vgg16_bn_aa_s42/faces_cfdWM64/houses_yin64/results.csv,UI_shared
mixed,Mixed faces / AA4,r21dev_vgg16_bn_aa_s42,face_transfer,124,two_shared_ui,CFD WM64,Houses,0.28,0.33,50,within_sampled_range,UI,141,75.0,runs/yin_noise_matrix_20260926/results/r21dev_vgg16_bn_aa_s42/faces_cfdWM64/houses_yin64/results.csv,UI_shared
mixed,Mixed faces / AA4,r21dev_vgg16_bn_aa_s42,face_transfer,124,two_shared_ui,CFD WM64,Houses,0.28,0.33,50,within_sampled_range,UI,142,83.33333333333334,runs/yin_noise_matrix_20260926/results/r21dev_vgg16_bn_aa_s42/faces_cfdWM64/houses_yin64/results.csv,UI_shared
mixed,Mixed faces / AA4,r21dev_vgg16_bn_aa_s42,face_transfer,124,two_shared_ui,CFD WM64,Houses,0.28,0.33,50,within_sampled_range,UI,143,58.333333333333336,runs/yin_noise_matrix_20260926/results/r21dev_vgg16_bn_aa_s42/faces_cfdWM64/houses_yin64/results.csv,UI_shared
mixed,Mixed faces / AA4,r21dev_vgg16_bn_aa_s42,face_transfer,124,two_shared_ui,CFD WM64,Houses,0.28,0.33,50,within_sampled_range,UI,144,83.33333333333334,runs/yin_noise_matrix_20260926/results/r21dev_vgg16_bn_aa_s42/faces_cfdWM64/houses_yin64/results.csv,UI_shared
mixed,Mixed faces / AA4,r21dev_vgg16_bn_aa_s42,face_transfer,124,two_shared_ui,CFD WM64,Houses,0.28,0.33,50,within_sampled_range,UI,145,79.16666666666666,runs/yin_noise_matrix_20260926/results/r21dev_vgg16_bn_aa_s42/faces_cfdWM64/houses_yin64/results.csv,UI_shared
mixed,Mixed faces / AA4,r21dev_vgg16_bn_aa_s42,face_transfer,124,two_shared_ui,CFD WM64,Houses,0.28,0.33,50,within_sampled_range,UI,146,58.333333333333336,runs/yin_noise_matrix_20260926/results/r21dev_vgg16_bn_aa_s42/faces_cfdWM64/houses_yin64/results.csv,UI_shared
mixed,Mixed faces / AA4,r21dev_vgg16_bn_aa_s42,face_transfer,124,two_shared_ui,CFD WM64,Houses,0.28,0.33,50,within_sampled_range,UI,147,70.83333333333334,runs/yin_noise_matrix_20260926/results/r21dev_vgg16_bn_aa_s42/faces_cfdWM64/houses_yin64/results.csv,UI_shared
mixed,Mixed faces / AA4,r21dev_vgg16_bn_aa_s42,face_transfer,124,two_shared_ui,CFD WM64,Houses,0.28,0.33,50,within_sampled_range,UI,148,83.33333333333334,runs/yin_noise_matrix_20260926/results/r21dev_vgg16_bn_aa_s42/faces_cfdWM64/houses_yin64/results.csv,UI_shared
mixed,Mixed faces / AA4,r21dev_vgg16_bn_aa_s42,face_transfer,124,two_shared_ui,CFD WM64,Houses,0.28,0.33,50,within_sampled_range,UI,149,83.33333333333334,runs/yin_noise_matrix_20260926/results/r21dev_vgg16_bn_aa_s42/faces_cfdWM64/houses_yin64/results.csv,UI_shared
mixed,Mixed faces / AA4,r21dev_vgg16_bn_aa_s42,face_transfer,124,two_shared_ui,CFD WM64,Houses,0.28,0.33,50,within_sampled_range,UI,150,75.0,runs/yin_noise_matrix_20260926/results/r21dev_vgg16_bn_aa_s42/faces_cfdWM64/houses_yin64/results.csv,UI_shared
mixed,Mixed faces / AA4,r21dev_vgg16_bn_aa_s42,face_transfer,124,two_shared_ui,CFD WM64,Houses,0.28,0.33,50,within_sampled_range,IU,101,70.83333333333334,runs/yin_noise_matrix_20260926/results/r21dev_vgg16_bn_aa_s42/faces_cfdWM64/houses_yin64/results.csv,IU
mixed,Mixed faces / AA4,r21dev_vgg16_bn_aa_s42,face_transfer,124,two_shared_ui,CFD WM64,Houses,0.28,0.33,50,within_sampled_range,IU,102,66.66666666666666,runs/yin_noise_matrix_20260926/results/r21dev_vgg16_bn_aa_s42/faces_cfdWM64/houses_yin64/results.csv,IU
mixed,Mixed faces / AA4,r21dev_vgg16_bn_aa_s42,face_transfer,124,two_shared_ui,CFD WM64,Houses,0.28,0.33,50,within_sampled_range,IU,103,70.83333333333334,runs/yin_noise_matrix_20260926/results/r21dev_vgg16_bn_aa_s42/faces_cfdWM64/houses_yin64/results.csv,IU
mixed,Mixed faces / AA4,r21dev_vgg16_bn_aa_s42,face_transfer,124,two_shared_ui,CFD WM64,Houses,0.28,0.33,50,within_sampled_range,IU,104,79.16666666666666,runs/yin_noise_matrix_20260926/results/r21dev_vgg16_bn_aa_s42/faces_cfdWM64/houses_yin64/results.csv,IU
mixed,Mixed faces / AA4,r21dev_vgg16_bn_aa_s42,face_transfer,124,two_shared_ui,CFD WM64,Houses,0.28,0.33,50,within_sampled_range,IU,105,70.83333333333334,runs/yin_noise_matrix_20260926/results/r21dev_vgg16_bn_aa_s42/faces_cfdWM64/houses_yin64/results.csv,IU
mixed,Mixed faces / AA4,r21dev_vgg16_bn_aa_s42,face_transfer,124,two_shared_ui,CFD WM64,Houses,0.28,0.33,50,within_sampled_range,IU,106,75.0,runs/yin_noise_matrix_20260926/results/r21dev_vgg16_bn_aa_s42/faces_cfdWM64/houses_yin64/results.csv,IU
mixed,Mixed faces / AA4,r21dev_vgg16_bn_aa_s42,face_transfer,124,two_shared_ui,CFD WM64,Houses,0.28,0.33,50,within_sampled_range,IU,107,79.16666666666666,runs/yin_noise_matrix_20260926/results/r21dev_vgg16_bn_aa_s42/faces_cfdWM64/houses_yin64/results.csv,IU
mixed,Mixed faces / AA4,r21dev_vgg16_bn_aa_s42,face_transfer,124,two_shared_ui,CFD WM64,Houses,0.28,0.33,50,within_sampled_range,IU,108,66.66666666666666,runs/yin_noise_matrix_20260926/results/r21dev_vgg16_bn_aa_s42/faces_cfdWM64/houses_yin64/results.csv,IU
mixed,Mixed faces / AA4,r21dev_vgg16_bn_aa_s42,face_transfer,124,two_shared_ui,CFD WM64,Houses,0.28,0.33,50,within_sampled_range,IU,109,66.66666666666666,runs/yin_noise_matrix_20260926/results/r21dev_vgg16_bn_aa_s42/faces_cfdWM64/houses_yin64/results.csv,IU
mixed,Mixed faces / AA4,r21dev_vgg16_bn_aa_s42,face_transfer,124,two_shared_ui,CFD WM64,Houses,0.28,0.33,50,within_sampled_range,IU,110,79.16666666666666,runs/yin_noise_matrix_20260926/results/r21dev_vgg16_bn_aa_s42/faces_cfdWM64/houses_yin64/results.csv,IU
mixed,Mixed faces / AA4,r21dev_vgg16_bn_aa_s42,face_transfer,124,two_shared_ui,CFD WM64,Houses,0.28,0.33,50,within_sampled_range,IU,111,58.333333333333336,runs/yin_noise_matrix_20260926/results/r21dev_vgg16_bn_aa_s42/faces_cfdWM64/houses_yin64/results.csv,IU
mixed,Mixed faces / AA4,r21dev_vgg16_bn_aa_s42,face_transfer,124,two_shared_ui,CFD WM64,Houses,0.28,0.33,50,within_sampled_range,IU,112,83.33333333333334,runs/yin_noise_matrix_20260926/results/r21dev_vgg16_bn_aa_s42/faces_cfdWM64/houses_yin64/results.csv,IU
mixed,Mixed faces / AA4,r21dev_vgg16_bn_aa_s42,face_transfer,124,two_shared_ui,CFD WM64,Houses,0.28,0.33,50,within_sampled_range,IU,113,83.33333333333334,runs/yin_noise_matrix_20260926/results/r21dev_vgg16_bn_aa_s42/faces_cfdWM64/houses_yin64/results.csv,IU
mixed,Mixed faces / AA4,r21dev_vgg16_bn_aa_s42,face_transfer,124,two_shared_ui,CFD WM64,Houses,0.28,0.33,50,within_sampled_range,IU,114,58.333333333333336,runs/yin_noise_matrix_20260926/results/r21dev_vgg16_bn_aa_s42/faces_cfdWM64/houses_yin64/results.csv,IU
mixed,Mixed faces / AA4,r21dev_vgg16_bn_aa_s42,face_transfer,124,two_shared_ui,CFD WM64,Houses,0.28,0.33,50,within_sampled_range,IU,115,66.66666666666666,runs/yin_noise_matrix_20260926/results/r21dev_vgg16_bn_aa_s42/faces_cfdWM64/houses_yin64/results.csv,IU
mixed,Mixed faces / AA4,r21dev_vgg16_bn_aa_s42,face_transfer,124,two_shared_ui,CFD WM64,Houses,0.28,0.33,50,within_sampled_range,IU,116,70.83333333333334,runs/yin_noise_matrix_20260926/results/r21dev_vgg16_bn_aa_s42/faces_cfdWM64/houses_yin64/results.csv,IU
mixed,Mixed faces / AA4,r21dev_vgg16_bn_aa_s42,face_transfer,124,two_shared_ui,CFD WM64,Houses,0.28,0.33,50,within_sampled_range,IU,117,83.33333333333334,runs/yin_noise_matrix_20260926/results/r21dev_vgg16_bn_aa_s42/faces_cfdWM64/houses_yin64/results.csv,IU
mixed,Mixed faces / AA4,r21dev_vgg16_bn_aa_s42,face_transfer,124,two_shared_ui,CFD WM64,Houses,0.28,0.33,50,within_sampled_range,IU,118,62.5,runs/yin_noise_matrix_20260926/results/r21dev_vgg16_bn_aa_s42/faces_cfdWM64/houses_yin64/results.csv,IU
mixed,Mixed faces / AA4,r21dev_vgg16_bn_aa_s42,face_transfer,124,two_shared_ui,CFD WM64,Houses,0.28,0.33,50,within_sampled_range,IU,119,70.83333333333334,runs/yin_noise_matrix_20260926/results/r21dev_vgg16_bn_aa_s42/faces_cfdWM64/houses_yin64/results.csv,IU
mixed,Mixed faces / AA4,r21dev_vgg16_bn_aa_s42,face_transfer,124,two_shared_ui,CFD WM64,Houses,0.28,0.33,50,within_sampled_range,IU,120,75.0,runs/yin_noise_matrix_20260926/results/r21dev_vgg16_bn_aa_s42/faces_cfdWM64/houses_yin64/results.csv,IU
mixed,Mixed faces / AA4,r21dev_vgg16_bn_aa_s42,face_transfer,124,two_shared_ui,CFD WM64,Houses,0.28,0.33,50,within_sampled_range,IU,121,70.83333333333334,runs/yin_noise_matrix_20260926/results/r21dev_vgg16_bn_aa_s42/faces_cfdWM64/houses_yin64/results.csv,IU
mixed,Mixed faces / AA4,r21dev_vgg16_bn_aa_s42,face_transfer,124,two_shared_ui,CFD WM64,Houses,0.28,0.33,50,within_sampled_range,IU,122,75.0,runs/yin_noise_matrix_20260926/results/r21dev_vgg16_bn_aa_s42/faces_cfdWM64/houses_yin64/results.csv,IU
mixed,Mixed faces / AA4,r21dev_vgg16_bn_aa_s42,face_transfer,124,two_shared_ui,CFD WM64,Houses,0.28,0.33,50,within_sampled_range,IU,123,50.0,runs/yin_noise_matrix_20260926/results/r21dev_vgg16_bn_aa_s42/faces_cfdWM64/houses_yin64/results.csv,IU
mixed,Mixed faces / AA4,r21dev_vgg16_bn_aa_s42,face_transfer,124,two_shared_ui,CFD WM64,Houses,0.28,0.33,50,within_sampled_range,IU,124,79.16666666666666,runs/yin_noise_matrix_20260926/results/r21dev_vgg16_bn_aa_s42/faces_cfdWM64/houses_yin64/results.csv,IU
mixed,Mixed faces / AA4,r21dev_vgg16_bn_aa_s42,face_transfer,124,two_shared_ui,CFD WM64,Houses,0.28,0.33,50,within_sampled_range,IU,125,50.0,runs/yin_noise_matrix_20260926/results/r21dev_vgg16_bn_aa_s42/faces_cfdWM64/houses_yin64/results.csv,IU
mixed,Mixed faces / AA4,r21dev_vgg16_bn_aa_s42,face_transfer,124,two_shared_ui,CFD WM64,Houses,0.28,0.33,50,within_sampled_range,IU,126,75.0,runs/yin_noise_matrix_20260926/results/r21dev_vgg16_bn_aa_s42/faces_cfdWM64/houses_yin64/results.csv,IU
mixed,Mixed faces / AA4,r21dev_vgg16_bn_aa_s42,face_transfer,124,two_shared_ui,CFD WM64,Houses,0.28,0.33,50,within_sampled_range,IU,127,87.5,runs/yin_noise_matrix_20260926/results/r21dev_vgg16_bn_aa_s42/faces_cfdWM64/houses_yin64/results.csv,IU
mixed,Mixed faces / AA4,r21dev_vgg16_bn_aa_s42,face_transfer,124,two_shared_ui,CFD WM64,Houses,0.28,0.33,50,within_sampled_range,IU,128,70.83333333333334,runs/yin_noise_matrix_20260926/results/r21dev_vgg16_bn_aa_s42/faces_cfdWM64/houses_yin64/results.csv,IU
mixed,Mixed faces / AA4,r21dev_vgg16_bn_aa_s42,face_transfer,124,two_shared_ui,CFD WM64,Houses,0.28,0.33,50,within_sampled_range,IU,129,62.5,runs/yin_noise_matrix_20260926/results/r21dev_vgg16_bn_aa_s42/faces_cfdWM64/houses_yin64/results.csv,IU
mixed,Mixed faces / AA4,r21dev_vgg16_bn_aa_s42,face_transfer,124,two_shared_ui,CFD WM64,Houses,0.28,0.33,50,within_sampled_range,IU,130,70.83333333333334,runs/yin_noise_matrix_20260926/results/r21dev_vgg16_bn_aa_s42/faces_cfdWM64/houses_yin64/results.csv,IU
mixed,Mixed faces / AA4,r21dev_vgg16_bn_aa_s42,face_transfer,124,two_shared_ui,CFD WM64,Houses,0.28,0.33,50,within_sampled_range,IU,131,70.83333333333334,runs/yin_noise_matrix_20260926/results/r21dev_vgg16_bn_aa_s42/faces_cfdWM64/houses_yin64/results.csv,IU
mixed,Mixed faces / AA4,r21dev_vgg16_bn_aa_s42,face_transfer,124,two_shared_ui,CFD WM64,Houses,0.28,0.33,50,within_sampled_range,IU,132,70.83333333333334,runs/yin_noise_matrix_20260926/results/r21dev_vgg16_bn_aa_s42/faces_cfdWM64/houses_yin64/results.csv,IU
mixed,Mixed faces / AA4,r21dev_vgg16_bn_aa_s42,face_transfer,124,two_shared_ui,CFD WM64,Houses,0.28,0.33,50,within_sampled_range,IU,133,75.0,runs/yin_noise_matrix_20260926/results/r21dev_vgg16_bn_aa_s42/faces_cfdWM64/houses_yin64/results.csv,IU
mixed,Mixed faces / AA4,r21dev_vgg16_bn_aa_s42,face_transfer,124,two_shared_ui,CFD WM64,Houses,0.28,0.33,50,within_sampled_range,IU,134,70.83333333333334,runs/yin_noise_matrix_20260926/results/r21dev_vgg16_bn_aa_s42/faces_cfdWM64/houses_yin64/results.csv,IU
mixed,Mixed faces / AA4,r21dev_vgg16_bn_aa_s42,face_transfer,124,two_shared_ui,CFD WM64,Houses,0.28,0.33,50,within_sampled_range,IU,135,66.66666666666666,runs/yin_noise_matrix_20260926/results/r21dev_vgg16_bn_aa_s42/faces_cfdWM64/houses_yin64/results.csv,IU
mixed,Mixed faces / AA4,r21dev_vgg16_bn_aa_s42,face_transfer,124,two_shared_ui,CFD WM64,Houses,0.28,0.33,50,within_sampled_range,IU,136,70.83333333333334,runs/yin_noise_matrix_20260926/results/r21dev_vgg16_bn_aa_s42/faces_cfdWM64/houses_yin64/results.csv,IU
mixed,Mixed faces / AA4,r21dev_vgg16_bn_aa_s42,face_transfer,124,two_shared_ui,CFD WM64,Houses,0.28,0.33,50,within_sampled_range,IU,137,70.83333333333334,runs/yin_noise_matrix_20260926/results/r21dev_vgg16_bn_aa_s42/faces_cfdWM64/houses_yin64/results.csv,IU
mixed,Mixed faces / AA4,r21dev_vgg16_bn_aa_s42,face_transfer,124,two_shared_ui,CFD WM64,Houses,0.28,0.33,50,within_sampled_range,IU,138,66.66666666666666,runs/yin_noise_matrix_20260926/results/r21dev_vgg16_bn_aa_s42/faces_cfdWM64/houses_yin64/results.csv,IU
mixed,Mixed faces / AA4,r21dev_vgg16_bn_aa_s42,face_transfer,124,two_shared_ui,CFD WM64,Houses,0.28,0.33,50,within_sampled_range,IU,139,70.83333333333334,runs/yin_noise_matrix_20260926/results/r21dev_vgg16_bn_aa_s42/faces_cfdWM64/houses_yin64/results.csv,IU
mixed,Mixed faces / AA4,r21dev_vgg16_bn_aa_s42,face_transfer,124,two_shared_ui,CFD WM64,Houses,0.28,0.33,50,within_sampled_range,IU,140,62.5,runs/yin_noise_matrix_20260926/results/r21dev_vgg16_bn_aa_s42/faces_cfdWM64/houses_yin64/results.csv,IU
mixed,Mixed faces / AA4,r21dev_vgg16_bn_aa_s42,face_transfer,124,two_shared_ui,CFD WM64,Houses,0.28,0.33,50,within_sampled_range,IU,141,75.0,runs/yin_noise_matrix_20260926/results/r21dev_vgg16_bn_aa_s42/faces_cfdWM64/houses_yin64/results.csv,IU
mixed,Mixed faces / AA4,r21dev_vgg16_bn_aa_s42,face_transfer,124,two_shared_ui,CFD WM64,Houses,0.28,0.33,50,within_sampled_range,IU,142,75.0,runs/yin_noise_matrix_20260926/results/r21dev_vgg16_bn_aa_s42/faces_cfdWM64/houses_yin64/results.csv,IU
mixed,Mixed faces / AA4,r21dev_vgg16_bn_aa_s42,face_transfer,124,two_shared_ui,CFD WM64,Houses,0.28,0.33,50,within_sampled_range,IU,143,70.83333333333334,runs/yin_noise_matrix_20260926/results/r21dev_vgg16_bn_aa_s42/faces_cfdWM64/houses_yin64/results.csv,IU
mixed,Mixed faces / AA4,r21dev_vgg16_bn_aa_s42,face_transfer,124,two_shared_ui,CFD WM64,Houses,0.28,0.33,50,within_sampled_range,IU,144,66.66666666666666,runs/yin_noise_matrix_20260926/results/r21dev_vgg16_bn_aa_s42/faces_cfdWM64/houses_yin64/results.csv,IU
mixed,Mixed faces / AA4,r21dev_vgg16_bn_aa_s42,face_transfer,124,two_shared_ui,CFD WM64,Houses,0.28,0.33,50,within_sampled_range,IU,145,70.83333333333334,runs/yin_noise_matrix_20260926/results/r21dev_vgg16_bn_aa_s42/faces_cfdWM64/houses_yin64/results.csv,IU
mixed,Mixed faces / AA4,r21dev_vgg16_bn_aa_s42,face_transfer,124,two_shared_ui,CFD WM64,Houses,0.28,0.33,50,within_sampled_range,IU,146,70.83333333333334,runs/yin_noise_matrix_20260926/results/r21dev_vgg16_bn_aa_s42/faces_cfdWM64/houses_yin64/results.csv,IU
mixed,Mixed faces / AA4,r21dev_vgg16_bn_aa_s42,face_transfer,124,two_shared_ui,CFD WM64,Houses,0.28,0.33,50,within_sampled_range,IU,147,70.83333333333334,runs/yin_noise_matrix_20260926/results/r21dev_vgg16_bn_aa_s42/faces_cfdWM64/houses_yin64/results.csv,IU
mixed,Mixed faces / AA4,r21dev_vgg16_bn_aa_s42,face_transfer,124,two_shared_ui,CFD WM64,Houses,0.28,0.33,50,within_sampled_range,IU,148,70.83333333333334,runs/yin_noise_matrix_20260926/results/r21dev_vgg16_bn_aa_s42/faces_cfdWM64/houses_yin64/results.csv,IU
mixed,Mixed faces / AA4,r21dev_vgg16_bn_aa_s42,face_transfer,124,two_shared_ui,CFD WM64,Houses,0.28,0.33,50,within_sampled_range,IU,149,79.16666666666666,runs/yin_noise_matrix_20260926/results/r21dev_vgg16_bn_aa_s42/faces_cfdWM64/houses_yin64/results.csv,IU
mixed,Mixed faces / AA4,r21dev_vgg16_bn_aa_s42,face_transfer,124,two_shared_ui,CFD WM64,Houses,0.28,0.33,50,within_sampled_range,IU,150,70.83333333333334,runs/yin_noise_matrix_20260926/results/r21dev_vgg16_bn_aa_s42/faces_cfdWM64/houses_yin64/results.csv,IU
mixed,Mixed faces / AA4,r21dev_vgg16_bn_aa_s42,category_calibration,124,single_uu,Objects,Objects,0.41,,50,within_sampled_range,UU,101,83.33333333333334,runs/yin_category_uu_20260926/results/r21dev_vgg16_bn_aa_s42/objects/results.csv,UU
mixed,Mixed faces / AA4,r21dev_vgg16_bn_aa_s42,category_calibration,124,single_uu,Objects,Objects,0.41,,50,within_sampled_range,UU,102,87.5,runs/yin_category_uu_20260926/results/r21dev_vgg16_bn_aa_s42/objects/results.csv,UU
mixed,Mixed faces / AA4,r21dev_vgg16_bn_aa_s42,category_calibration,124,single_uu,Objects,Objects,0.41,,50,within_sampled_range,UU,103,100.0,runs/yin_category_uu_20260926/results/r21dev_vgg16_bn_aa_s42/objects/results.csv,UU
mixed,Mixed faces / AA4,r21dev_vgg16_bn_aa_s42,category_calibration,124,single_uu,Objects,Objects,0.41,,50,within_sampled_range,UU,104,91.66666666666666,runs/yin_category_uu_20260926/results/r21dev_vgg16_bn_aa_s42/objects/results.csv,UU
mixed,Mixed faces / AA4,r21dev_vgg16_bn_aa_s42,category_calibration,124,single_uu,Objects,Objects,0.41,,50,within_sampled_range,UU,105,87.5,runs/yin_category_uu_20260926/results/r21dev_vgg16_bn_aa_s42/objects/results.csv,UU
mixed,Mixed faces / AA4,r21dev_vgg16_bn_aa_s42,category_calibration,124,single_uu,Objects,Objects,0.41,,50,within_sampled_range,UU,106,91.66666666666666,runs/yin_category_uu_20260926/results/r21dev_vgg16_bn_aa_s42/objects/results.csv,UU
mixed,Mixed faces / AA4,r21dev_vgg16_bn_aa_s42,category_calibration,124,single_uu,Objects,Objects,0.41,,50,within_sampled_range,UU,107,91.66666666666666,runs/yin_category_uu_20260926/results/r21dev_vgg16_bn_aa_s42/objects/results.csv,UU
mixed,Mixed faces / AA4,r21dev_vgg16_bn_aa_s42,category_calibration,124,single_uu,Objects,Objects,0.41,,50,within_sampled_range,UU,108,75.0,runs/yin_category_uu_20260926/results/r21dev_vgg16_bn_aa_s42/objects/results.csv,UU
mixed,Mixed faces / AA4,r21dev_vgg16_bn_aa_s42,category_calibration,124,single_uu,Objects,Objects,0.41,,50,within_sampled_range,UU,109,75.0,runs/yin_category_uu_20260926/results/r21dev_vgg16_bn_aa_s42/objects/results.csv,UU
mixed,Mixed faces / AA4,r21dev_vgg16_bn_aa_s42,category_calibration,124,single_uu,Objects,Objects,0.41,,50,within_sampled_range,UU,110,91.66666666666666,runs/yin_category_uu_20260926/results/r21dev_vgg16_bn_aa_s42/objects/results.csv,UU
mixed,Mixed faces / AA4,r21dev_vgg16_bn_aa_s42,category_calibration,124,single_uu,Objects,Objects,0.41,,50,within_sampled_range,UU,111,83.33333333333334,runs/yin_category_uu_20260926/results/r21dev_vgg16_bn_aa_s42/objects/results.csv,UU
mixed,Mixed faces / AA4,r21dev_vgg16_bn_aa_s42,category_calibration,124,single_uu,Objects,Objects,0.41,,50,within_sampled_range,UU,112,79.16666666666666,runs/yin_category_uu_20260926/results/r21dev_vgg16_bn_aa_s42/objects/results.csv,UU
mixed,Mixed faces / AA4,r21dev_vgg16_bn_aa_s42,category_calibration,124,single_uu,Objects,Objects,0.41,,50,within_sampled_range,UU,113,95.83333333333334,runs/yin_category_uu_20260926/results/r21dev_vgg16_bn_aa_s42/objects/results.csv,UU
mixed,Mixed faces / AA4,r21dev_vgg16_bn_aa_s42,category_calibration,124,single_uu,Objects,Objects,0.41,,50,within_sampled_range,UU,114,75.0,runs/yin_category_uu_20260926/results/r21dev_vgg16_bn_aa_s42/objects/results.csv,UU
mixed,Mixed faces / AA4,r21dev_vgg16_bn_aa_s42,category_calibration,124,single_uu,Objects,Objects,0.41,,50,within_sampled_range,UU,115,83.33333333333334,runs/yin_category_uu_20260926/results/r21dev_vgg16_bn_aa_s42/objects/results.csv,UU
mixed,Mixed faces / AA4,r21dev_vgg16_bn_aa_s42,category_calibration,124,single_uu,Objects,Objects,0.41,,50,within_sampled_range,UU,116,70.83333333333334,runs/yin_category_uu_20260926/results/r21dev_vgg16_bn_aa_s42/objects/results.csv,UU
mixed,Mixed faces / AA4,r21dev_vgg16_bn_aa_s42,category_calibration,124,single_uu,Objects,Objects,0.41,,50,within_sampled_range,UU,117,91.66666666666666,runs/yin_category_uu_20260926/results/r21dev_vgg16_bn_aa_s42/objects/results.csv,UU
mixed,Mixed faces / AA4,r21dev_vgg16_bn_aa_s42,category_calibration,124,single_uu,Objects,Objects,0.41,,50,within_sampled_range,UU,118,83.33333333333334,runs/yin_category_uu_20260926/results/r21dev_vgg16_bn_aa_s42/objects/results.csv,UU
mixed,Mixed faces / AA4,r21dev_vgg16_bn_aa_s42,category_calibration,124,single_uu,Objects,Objects,0.41,,50,within_sampled_range,UU,119,87.5,runs/yin_category_uu_20260926/results/r21dev_vgg16_bn_aa_s42/objects/results.csv,UU
mixed,Mixed faces / AA4,r21dev_vgg16_bn_aa_s42,category_calibration,124,single_uu,Objects,Objects,0.41,,50,within_sampled_range,UU,120,91.66666666666666,runs/yin_category_uu_20260926/results/r21dev_vgg16_bn_aa_s42/objects/results.csv,UU
mixed,Mixed faces / AA4,r21dev_vgg16_bn_aa_s42,category_calibration,124,single_uu,Objects,Objects,0.41,,50,within_sampled_range,UU,121,87.5,runs/yin_category_uu_20260926/results/r21dev_vgg16_bn_aa_s42/objects/results.csv,UU
mixed,Mixed faces / AA4,r21dev_vgg16_bn_aa_s42,category_calibration,124,single_uu,Objects,Objects,0.41,,50,within_sampled_range,UU,122,79.16666666666666,runs/yin_category_uu_20260926/results/r21dev_vgg16_bn_aa_s42/objects/results.csv,UU
mixed,Mixed faces / AA4,r21dev_vgg16_bn_aa_s42,category_calibration,124,single_uu,Objects,Objects,0.41,,50,within_sampled_range,UU,123,70.83333333333334,runs/yin_category_uu_20260926/results/r21dev_vgg16_bn_aa_s42/objects/results.csv,UU
mixed,Mixed faces / AA4,r21dev_vgg16_bn_aa_s42,category_calibration,124,single_uu,Objects,Objects,0.41,,50,within_sampled_range,UU,124,87.5,runs/yin_category_uu_20260926/results/r21dev_vgg16_bn_aa_s42/objects/results.csv,UU
mixed,Mixed faces / AA4,r21dev_vgg16_bn_aa_s42,category_calibration,124,single_uu,Objects,Objects,0.41,,50,within_sampled_range,UU,125,83.33333333333334,runs/yin_category_uu_20260926/results/r21dev_vgg16_bn_aa_s42/objects/results.csv,UU
mixed,Mixed faces / AA4,r21dev_vgg16_bn_aa_s42,category_calibration,124,single_uu,Objects,Objects,0.41,,50,within_sampled_range,UU,126,91.66666666666666,runs/yin_category_uu_20260926/results/r21dev_vgg16_bn_aa_s42/objects/results.csv,UU
mixed,Mixed faces / AA4,r21dev_vgg16_bn_aa_s42,category_calibration,124,single_uu,Objects,Objects,0.41,,50,within_sampled_range,UU,127,79.16666666666666,runs/yin_category_uu_20260926/results/r21dev_vgg16_bn_aa_s42/objects/results.csv,UU
mixed,Mixed faces / AA4,r21dev_vgg16_bn_aa_s42,category_calibration,124,single_uu,Objects,Objects,0.41,,50,within_sampled_range,UU,128,95.83333333333334,runs/yin_category_uu_20260926/results/r21dev_vgg16_bn_aa_s42/objects/results.csv,UU
mixed,Mixed faces / AA4,r21dev_vgg16_bn_aa_s42,category_calibration,124,single_uu,Objects,Objects,0.41,,50,within_sampled_range,UU,129,95.83333333333334,runs/yin_category_uu_20260926/results/r21dev_vgg16_bn_aa_s42/objects/results.csv,UU
mixed,Mixed faces / AA4,r21dev_vgg16_bn_aa_s42,category_calibration,124,single_uu,Objects,Objects,0.41,,50,within_sampled_range,UU,130,87.5,runs/yin_category_uu_20260926/results/r21dev_vgg16_bn_aa_s42/objects/results.csv,UU
mixed,Mixed faces / AA4,r21dev_vgg16_bn_aa_s42,category_calibration,124,single_uu,Objects,Objects,0.41,,50,within_sampled_range,UU,131,83.33333333333334,runs/yin_category_uu_20260926/results/r21dev_vgg16_bn_aa_s42/objects/results.csv,UU
mixed,Mixed faces / AA4,r21dev_vgg16_bn_aa_s42,category_calibration,124,single_uu,Objects,Objects,0.41,,50,within_sampled_range,UU,132,87.5,runs/yin_category_uu_20260926/results/r21dev_vgg16_bn_aa_s42/objects/results.csv,UU
mixed,Mixed faces / AA4,r21dev_vgg16_bn_aa_s42,category_calibration,124,single_uu,Objects,Objects,0.41,,50,within_sampled_range,UU,133,83.33333333333334,runs/yin_category_uu_20260926/results/r21dev_vgg16_bn_aa_s42/objects/results.csv,UU
mixed,Mixed faces / AA4,r21dev_vgg16_bn_aa_s42,category_calibration,124,single_uu,Objects,Objects,0.41,,50,within_sampled_range,UU,134,83.33333333333334,runs/yin_category_uu_20260926/results/r21dev_vgg16_bn_aa_s42/objects/results.csv,UU
mixed,Mixed faces / AA4,r21dev_vgg16_bn_aa_s42,category_calibration,124,single_uu,Objects,Objects,0.41,,50,within_sampled_range,UU,135,83.33333333333334,runs/yin_category_uu_20260926/results/r21dev_vgg16_bn_aa_s42/objects/results.csv,UU
mixed,Mixed faces / AA4,r21dev_vgg16_bn_aa_s42,category_calibration,124,single_uu,Objects,Objects,0.41,,50,within_sampled_range,UU,136,91.66666666666666,runs/yin_category_uu_20260926/results/r21dev_vgg16_bn_aa_s42/objects/results.csv,UU
mixed,Mixed faces / AA4,r21dev_vgg16_bn_aa_s42,category_calibration,124,single_uu,Objects,Objects,0.41,,50,within_sampled_range,UU,137,83.33333333333334,runs/yin_category_uu_20260926/results/r21dev_vgg16_bn_aa_s42/objects/results.csv,UU
mixed,Mixed faces / AA4,r21dev_vgg16_bn_aa_s42,category_calibration,124,single_uu,Objects,Objects,0.41,,50,within_sampled_range,UU,138,83.33333333333334,runs/yin_category_uu_20260926/results/r21dev_vgg16_bn_aa_s42/objects/results.csv,UU
mixed,Mixed faces / AA4,r21dev_vgg16_bn_aa_s42,category_calibration,124,single_uu,Objects,Objects,0.41,,50,within_sampled_range,UU,139,83.33333333333334,runs/yin_category_uu_20260926/results/r21dev_vgg16_bn_aa_s42/objects/results.csv,UU
mixed,Mixed faces / AA4,r21dev_vgg16_bn_aa_s42,category_calibration,124,single_uu,Objects,Objects,0.41,,50,within_sampled_range,UU,140,75.0,runs/yin_category_uu_20260926/results/r21dev_vgg16_bn_aa_s42/objects/results.csv,UU
mixed,Mixed faces / AA4,r21dev_vgg16_bn_aa_s42,category_calibration,124,single_uu,Objects,Objects,0.41,,50,within_sampled_range,UU,141,87.5,runs/yin_category_uu_20260926/results/r21dev_vgg16_bn_aa_s42/objects/results.csv,UU
mixed,Mixed faces / AA4,r21dev_vgg16_bn_aa_s42,category_calibration,124,single_uu,Objects,Objects,0.41,,50,within_sampled_range,UU,142,83.33333333333334,runs/yin_category_uu_20260926/results/r21dev_vgg16_bn_aa_s42/objects/results.csv,UU
mixed,Mixed faces / AA4,r21dev_vgg16_bn_aa_s42,category_calibration,124,single_uu,Objects,Objects,0.41,,50,within_sampled_range,UU,143,95.83333333333334,runs/yin_category_uu_20260926/results/r21dev_vgg16_bn_aa_s42/objects/results.csv,UU
mixed,Mixed faces / AA4,r21dev_vgg16_bn_aa_s42,category_calibration,124,single_uu,Objects,Objects,0.41,,50,within_sampled_range,UU,144,87.5,runs/yin_category_uu_20260926/results/r21dev_vgg16_bn_aa_s42/objects/results.csv,UU
mixed,Mixed faces / AA4,r21dev_vgg16_bn_aa_s42,category_calibration,124,single_uu,Objects,Objects,0.41,,50,within_sampled_range,UU,145,75.0,runs/yin_category_uu_20260926/results/r21dev_vgg16_bn_aa_s42/objects/results.csv,UU
mixed,Mixed faces / AA4,r21dev_vgg16_bn_aa_s42,category_calibration,124,single_uu,Objects,Objects,0.41,,50,within_sampled_range,UU,146,75.0,runs/yin_category_uu_20260926/results/r21dev_vgg16_bn_aa_s42/objects/results.csv,UU
mixed,Mixed faces / AA4,r21dev_vgg16_bn_aa_s42,category_calibration,124,single_uu,Objects,Objects,0.41,,50,within_sampled_range,UU,147,79.16666666666666,runs/yin_category_uu_20260926/results/r21dev_vgg16_bn_aa_s42/objects/results.csv,UU
mixed,Mixed faces / AA4,r21dev_vgg16_bn_aa_s42,category_calibration,124,single_uu,Objects,Objects,0.41,,50,within_sampled_range,UU,148,87.5,runs/yin_category_uu_20260926/results/r21dev_vgg16_bn_aa_s42/objects/results.csv,UU
mixed,Mixed faces / AA4,r21dev_vgg16_bn_aa_s42,category_calibration,124,single_uu,Objects,Objects,0.41,,50,within_sampled_range,UU,149,83.33333333333334,runs/yin_category_uu_20260926/results/r21dev_vgg16_bn_aa_s42/objects/results.csv,UU
mixed,Mixed faces / AA4,r21dev_vgg16_bn_aa_s42,category_calibration,124,single_uu,Objects,Objects,0.41,,50,within_sampled_range,UU,150,87.5,runs/yin_category_uu_20260926/results/r21dev_vgg16_bn_aa_s42/objects/results.csv,UU
mixed,Mixed faces / AA4,r21dev_vgg16_bn_aa_s42,category_calibration,124,single_uu,Objects,Objects,0.41,,50,within_sampled_range,II,101,66.66666666666666,runs/yin_category_uu_20260926/results/r21dev_vgg16_bn_aa_s42/objects/results.csv,II
mixed,Mixed faces / AA4,r21dev_vgg16_bn_aa_s42,category_calibration,124,single_uu,Objects,Objects,0.41,,50,within_sampled_range,II,102,83.33333333333334,runs/yin_category_uu_20260926/results/r21dev_vgg16_bn_aa_s42/objects/results.csv,II
mixed,Mixed faces / AA4,r21dev_vgg16_bn_aa_s42,category_calibration,124,single_uu,Objects,Objects,0.41,,50,within_sampled_range,II,103,87.5,runs/yin_category_uu_20260926/results/r21dev_vgg16_bn_aa_s42/objects/results.csv,II
mixed,Mixed faces / AA4,r21dev_vgg16_bn_aa_s42,category_calibration,124,single_uu,Objects,Objects,0.41,,50,within_sampled_range,II,104,79.16666666666666,runs/yin_category_uu_20260926/results/r21dev_vgg16_bn_aa_s42/objects/results.csv,II
mixed,Mixed faces / AA4,r21dev_vgg16_bn_aa_s42,category_calibration,124,single_uu,Objects,Objects,0.41,,50,within_sampled_range,II,105,83.33333333333334,runs/yin_category_uu_20260926/results/r21dev_vgg16_bn_aa_s42/objects/results.csv,II
mixed,Mixed faces / AA4,r21dev_vgg16_bn_aa_s42,category_calibration,124,single_uu,Objects,Objects,0.41,,50,within_sampled_range,II,106,79.16666666666666,runs/yin_category_uu_20260926/results/r21dev_vgg16_bn_aa_s42/objects/results.csv,II
mixed,Mixed faces / AA4,r21dev_vgg16_bn_aa_s42,category_calibration,124,single_uu,Objects,Objects,0.41,,50,within_sampled_range,II,107,79.16666666666666,runs/yin_category_uu_20260926/results/r21dev_vgg16_bn_aa_s42/objects/results.csv,II
mixed,Mixed faces / AA4,r21dev_vgg16_bn_aa_s42,category_calibration,124,single_uu,Objects,Objects,0.41,,50,within_sampled_range,II,108,70.83333333333334,runs/yin_category_uu_20260926/results/r21dev_vgg16_bn_aa_s42/objects/results.csv,II
mixed,Mixed faces / AA4,r21dev_vgg16_bn_aa_s42,category_calibration,124,single_uu,Objects,Objects,0.41,,50,within_sampled_range,II,109,83.33333333333334,runs/yin_category_uu_20260926/results/r21dev_vgg16_bn_aa_s42/objects/results.csv,II
mixed,Mixed faces / AA4,r21dev_vgg16_bn_aa_s42,category_calibration,124,single_uu,Objects,Objects,0.41,,50,within_sampled_range,II,110,87.5,runs/yin_category_uu_20260926/results/r21dev_vgg16_bn_aa_s42/objects/results.csv,II
mixed,Mixed faces / AA4,r21dev_vgg16_bn_aa_s42,category_calibration,124,single_uu,Objects,Objects,0.41,,50,within_sampled_range,II,111,79.16666666666666,runs/yin_category_uu_20260926/results/r21dev_vgg16_bn_aa_s42/objects/results.csv,II
mixed,Mixed faces / AA4,r21dev_vgg16_bn_aa_s42,category_calibration,124,single_uu,Objects,Objects,0.41,,50,within_sampled_range,II,112,87.5,runs/yin_category_uu_20260926/results/r21dev_vgg16_bn_aa_s42/objects/results.csv,II
mixed,Mixed faces / AA4,r21dev_vgg16_bn_aa_s42,category_calibration,124,single_uu,Objects,Objects,0.41,,50,within_sampled_range,II,113,79.16666666666666,runs/yin_category_uu_20260926/results/r21dev_vgg16_bn_aa_s42/objects/results.csv,II
mixed,Mixed faces / AA4,r21dev_vgg16_bn_aa_s42,category_calibration,124,single_uu,Objects,Objects,0.41,,50,within_sampled_range,II,114,91.66666666666666,runs/yin_category_uu_20260926/results/r21dev_vgg16_bn_aa_s42/objects/results.csv,II
mixed,Mixed faces / AA4,r21dev_vgg16_bn_aa_s42,category_calibration,124,single_uu,Objects,Objects,0.41,,50,within_sampled_range,II,115,95.83333333333334,runs/yin_category_uu_20260926/results/r21dev_vgg16_bn_aa_s42/objects/results.csv,II
mixed,Mixed faces / AA4,r21dev_vgg16_bn_aa_s42,category_calibration,124,single_uu,Objects,Objects,0.41,,50,within_sampled_range,II,116,75.0,runs/yin_category_uu_20260926/results/r21dev_vgg16_bn_aa_s42/objects/results.csv,II
mixed,Mixed faces / AA4,r21dev_vgg16_bn_aa_s42,category_calibration,124,single_uu,Objects,Objects,0.41,,50,within_sampled_range,II,117,87.5,runs/yin_category_uu_20260926/results/r21dev_vgg16_bn_aa_s42/objects/results.csv,II
mixed,Mixed faces / AA4,r21dev_vgg16_bn_aa_s42,category_calibration,124,single_uu,Objects,Objects,0.41,,50,within_sampled_range,II,118,91.66666666666666,runs/yin_category_uu_20260926/results/r21dev_vgg16_bn_aa_s42/objects/results.csv,II
mixed,Mixed faces / AA4,r21dev_vgg16_bn_aa_s42,category_calibration,124,single_uu,Objects,Objects,0.41,,50,within_sampled_range,II,119,87.5,runs/yin_category_uu_20260926/results/r21dev_vgg16_bn_aa_s42/objects/results.csv,II
mixed,Mixed faces / AA4,r21dev_vgg16_bn_aa_s42,category_calibration,124,single_uu,Objects,Objects,0.41,,50,within_sampled_range,II,120,95.83333333333334,runs/yin_category_uu_20260926/results/r21dev_vgg16_bn_aa_s42/objects/results.csv,II
mixed,Mixed faces / AA4,r21dev_vgg16_bn_aa_s42,category_calibration,124,single_uu,Objects,Objects,0.41,,50,within_sampled_range,II,121,70.83333333333334,runs/yin_category_uu_20260926/results/r21dev_vgg16_bn_aa_s42/objects/results.csv,II
mixed,Mixed faces / AA4,r21dev_vgg16_bn_aa_s42,category_calibration,124,single_uu,Objects,Objects,0.41,,50,within_sampled_range,II,122,75.0,runs/yin_category_uu_20260926/results/r21dev_vgg16_bn_aa_s42/objects/results.csv,II
mixed,Mixed faces / AA4,r21dev_vgg16_bn_aa_s42,category_calibration,124,single_uu,Objects,Objects,0.41,,50,within_sampled_range,II,123,83.33333333333334,runs/yin_category_uu_20260926/results/r21dev_vgg16_bn_aa_s42/objects/results.csv,II
mixed,Mixed faces / AA4,r21dev_vgg16_bn_aa_s42,category_calibration,124,single_uu,Objects,Objects,0.41,,50,within_sampled_range,II,124,83.33333333333334,runs/yin_category_uu_20260926/results/r21dev_vgg16_bn_aa_s42/objects/results.csv,II
mixed,Mixed faces / AA4,r21dev_vgg16_bn_aa_s42,category_calibration,124,single_uu,Objects,Objects,0.41,,50,within_sampled_range,II,125,91.66666666666666,runs/yin_category_uu_20260926/results/r21dev_vgg16_bn_aa_s42/objects/results.csv,II
mixed,Mixed faces / AA4,r21dev_vgg16_bn_aa_s42,category_calibration,124,single_uu,Objects,Objects,0.41,,50,within_sampled_range,II,126,79.16666666666666,runs/yin_category_uu_20260926/results/r21dev_vgg16_bn_aa_s42/objects/results.csv,II
mixed,Mixed faces / AA4,r21dev_vgg16_bn_aa_s42,category_calibration,124,single_uu,Objects,Objects,0.41,,50,within_sampled_range,II,127,91.66666666666666,runs/yin_category_uu_20260926/results/r21dev_vgg16_bn_aa_s42/objects/results.csv,II
mixed,Mixed faces / AA4,r21dev_vgg16_bn_aa_s42,category_calibration,124,single_uu,Objects,Objects,0.41,,50,within_sampled_range,II,128,75.0,runs/yin_category_uu_20260926/results/r21dev_vgg16_bn_aa_s42/objects/results.csv,II
mixed,Mixed faces / AA4,r21dev_vgg16_bn_aa_s42,category_calibration,124,single_uu,Objects,Objects,0.41,,50,within_sampled_range,II,129,87.5,runs/yin_category_uu_20260926/results/r21dev_vgg16_bn_aa_s42/objects/results.csv,II
mixed,Mixed faces / AA4,r21dev_vgg16_bn_aa_s42,category_calibration,124,single_uu,Objects,Objects,0.41,,50,within_sampled_range,II,130,83.33333333333334,runs/yin_category_uu_20260926/results/r21dev_vgg16_bn_aa_s42/objects/results.csv,II
mixed,Mixed faces / AA4,r21dev_vgg16_bn_aa_s42,category_calibration,124,single_uu,Objects,Objects,0.41,,50,within_sampled_range,II,131,83.33333333333334,runs/yin_category_uu_20260926/results/r21dev_vgg16_bn_aa_s42/objects/results.csv,II
mixed,Mixed faces / AA4,r21dev_vgg16_bn_aa_s42,category_calibration,124,single_uu,Objects,Objects,0.41,,50,within_sampled_range,II,132,83.33333333333334,runs/yin_category_uu_20260926/results/r21dev_vgg16_bn_aa_s42/objects/results.csv,II
mixed,Mixed faces / AA4,r21dev_vgg16_bn_aa_s42,category_calibration,124,single_uu,Objects,Objects,0.41,,50,within_sampled_range,II,133,83.33333333333334,runs/yin_category_uu_20260926/results/r21dev_vgg16_bn_aa_s42/objects/results.csv,II
mixed,Mixed faces / AA4,r21dev_vgg16_bn_aa_s42,category_calibration,124,single_uu,Objects,Objects,0.41,,50,within_sampled_range,II,134,75.0,runs/yin_category_uu_20260926/results/r21dev_vgg16_bn_aa_s42/objects/results.csv,II
mixed,Mixed faces / AA4,r21dev_vgg16_bn_aa_s42,category_calibration,124,single_uu,Objects,Objects,0.41,,50,within_sampled_range,II,135,75.0,runs/yin_category_uu_20260926/results/r21dev_vgg16_bn_aa_s42/objects/results.csv,II
mixed,Mixed faces / AA4,r21dev_vgg16_bn_aa_s42,category_calibration,124,single_uu,Objects,Objects,0.41,,50,within_sampled_range,II,136,75.0,runs/yin_category_uu_20260926/results/r21dev_vgg16_bn_aa_s42/objects/results.csv,II
mixed,Mixed faces / AA4,r21dev_vgg16_bn_aa_s42,category_calibration,124,single_uu,Objects,Objects,0.41,,50,within_sampled_range,II,137,66.66666666666666,runs/yin_category_uu_20260926/results/r21dev_vgg16_bn_aa_s42/objects/results.csv,II
mixed,Mixed faces / AA4,r21dev_vgg16_bn_aa_s42,category_calibration,124,single_uu,Objects,Objects,0.41,,50,within_sampled_range,II,138,70.83333333333334,runs/yin_category_uu_20260926/results/r21dev_vgg16_bn_aa_s42/objects/results.csv,II
mixed,Mixed faces / AA4,r21dev_vgg16_bn_aa_s42,category_calibration,124,single_uu,Objects,Objects,0.41,,50,within_sampled_range,II,139,75.0,runs/yin_category_uu_20260926/results/r21dev_vgg16_bn_aa_s42/objects/results.csv,II
mixed,Mixed faces / AA4,r21dev_vgg16_bn_aa_s42,category_calibration,124,single_uu,Objects,Objects,0.41,,50,within_sampled_range,II,140,87.5,runs/yin_category_uu_20260926/results/r21dev_vgg16_bn_aa_s42/objects/results.csv,II
mixed,Mixed faces / AA4,r21dev_vgg16_bn_aa_s42,category_calibration,124,single_uu,Objects,Objects,0.41,,50,within_sampled_range,II,141,79.16666666666666,runs/yin_category_uu_20260926/results/r21dev_vgg16_bn_aa_s42/objects/results.csv,II
mixed,Mixed faces / AA4,r21dev_vgg16_bn_aa_s42,category_calibration,124,single_uu,Objects,Objects,0.41,,50,within_sampled_range,II,142,70.83333333333334,runs/yin_category_uu_20260926/results/r21dev_vgg16_bn_aa_s42/objects/results.csv,II
mixed,Mixed faces / AA4,r21dev_vgg16_bn_aa_s42,category_calibration,124,single_uu,Objects,Objects,0.41,,50,within_sampled_range,II,143,70.83333333333334,runs/yin_category_uu_20260926/results/r21dev_vgg16_bn_aa_s42/objects/results.csv,II
mixed,Mixed faces / AA4,r21dev_vgg16_bn_aa_s42,category_calibration,124,single_uu,Objects,Objects,0.41,,50,within_sampled_range,II,144,79.16666666666666,runs/yin_category_uu_20260926/results/r21dev_vgg16_bn_aa_s42/objects/results.csv,II
mixed,Mixed faces / AA4,r21dev_vgg16_bn_aa_s42,category_calibration,124,single_uu,Objects,Objects,0.41,,50,within_sampled_range,II,145,79.16666666666666,runs/yin_category_uu_20260926/results/r21dev_vgg16_bn_aa_s42/objects/results.csv,II
mixed,Mixed faces / AA4,r21dev_vgg16_bn_aa_s42,category_calibration,124,single_uu,Objects,Objects,0.41,,50,within_sampled_range,II,146,79.16666666666666,runs/yin_category_uu_20260926/results/r21dev_vgg16_bn_aa_s42/objects/results.csv,II
mixed,Mixed faces / AA4,r21dev_vgg16_bn_aa_s42,category_calibration,124,single_uu,Objects,Objects,0.41,,50,within_sampled_range,II,147,83.33333333333334,runs/yin_category_uu_20260926/results/r21dev_vgg16_bn_aa_s42/objects/results.csv,II
mixed,Mixed faces / AA4,r21dev_vgg16_bn_aa_s42,category_calibration,124,single_uu,Objects,Objects,0.41,,50,within_sampled_range,II,148,87.5,runs/yin_category_uu_20260926/results/r21dev_vgg16_bn_aa_s42/objects/results.csv,II
mixed,Mixed faces / AA4,r21dev_vgg16_bn_aa_s42,category_calibration,124,single_uu,Objects,Objects,0.41,,50,within_sampled_range,II,149,79.16666666666666,runs/yin_category_uu_20260926/results/r21dev_vgg16_bn_aa_s42/objects/results.csv,II
mixed,Mixed faces / AA4,r21dev_vgg16_bn_aa_s42,category_calibration,124,single_uu,Objects,Objects,0.41,,50,within_sampled_range,II,150,87.5,runs/yin_category_uu_20260926/results/r21dev_vgg16_bn_aa_s42/objects/results.csv,II
mixed,Mixed faces / AA4,r21dev_vgg16_bn_aa_s42,category_calibration,124,single_uu,Objects,Objects,0.41,,50,within_sampled_range,UI,101,79.16666666666666,runs/yin_category_uu_20260926/results/r21dev_vgg16_bn_aa_s42/objects/results.csv,UI
mixed,Mixed faces / AA4,r21dev_vgg16_bn_aa_s42,category_calibration,124,single_uu,Objects,Objects,0.41,,50,within_sampled_range,UI,102,87.5,runs/yin_category_uu_20260926/results/r21dev_vgg16_bn_aa_s42/objects/results.csv,UI
mixed,Mixed faces / AA4,r21dev_vgg16_bn_aa_s42,category_calibration,124,single_uu,Objects,Objects,0.41,,50,within_sampled_range,UI,103,79.16666666666666,runs/yin_category_uu_20260926/results/r21dev_vgg16_bn_aa_s42/objects/results.csv,UI
mixed,Mixed faces / AA4,r21dev_vgg16_bn_aa_s42,category_calibration,124,single_uu,Objects,Objects,0.41,,50,within_sampled_range,UI,104,79.16666666666666,runs/yin_category_uu_20260926/results/r21dev_vgg16_bn_aa_s42/objects/results.csv,UI
mixed,Mixed faces / AA4,r21dev_vgg16_bn_aa_s42,category_calibration,124,single_uu,Objects,Objects,0.41,,50,within_sampled_range,UI,105,87.5,runs/yin_category_uu_20260926/results/r21dev_vgg16_bn_aa_s42/objects/results.csv,UI
mixed,Mixed faces / AA4,r21dev_vgg16_bn_aa_s42,category_calibration,124,single_uu,Objects,Objects,0.41,,50,within_sampled_range,UI,106,91.66666666666666,runs/yin_category_uu_20260926/results/r21dev_vgg16_bn_aa_s42/objects/results.csv,UI
mixed,Mixed faces / AA4,r21dev_vgg16_bn_aa_s42,category_calibration,124,single_uu,Objects,Objects,0.41,,50,within_sampled_range,UI,107,83.33333333333334,runs/yin_category_uu_20260926/results/r21dev_vgg16_bn_aa_s42/objects/results.csv,UI
mixed,Mixed faces / AA4,r21dev_vgg16_bn_aa_s42,category_calibration,124,single_uu,Objects,Objects,0.41,,50,within_sampled_range,UI,108,83.33333333333334,runs/yin_category_uu_20260926/results/r21dev_vgg16_bn_aa_s42/objects/results.csv,UI
mixed,Mixed faces / AA4,r21dev_vgg16_bn_aa_s42,category_calibration,124,single_uu,Objects,Objects,0.41,,50,within_sampled_range,UI,109,83.33333333333334,runs/yin_category_uu_20260926/results/r21dev_vgg16_bn_aa_s42/objects/results.csv,UI
mixed,Mixed faces / AA4,r21dev_vgg16_bn_aa_s42,category_calibration,124,single_uu,Objects,Objects,0.41,,50,within_sampled_range,UI,110,79.16666666666666,runs/yin_category_uu_20260926/results/r21dev_vgg16_bn_aa_s42/objects/results.csv,UI
mixed,Mixed faces / AA4,r21dev_vgg16_bn_aa_s42,category_calibration,124,single_uu,Objects,Objects,0.41,,50,within_sampled_range,UI,111,66.66666666666666,runs/yin_category_uu_20260926/results/r21dev_vgg16_bn_aa_s42/objects/results.csv,UI
mixed,Mixed faces / AA4,r21dev_vgg16_bn_aa_s42,category_calibration,124,single_uu,Objects,Objects,0.41,,50,within_sampled_range,UI,112,70.83333333333334,runs/yin_category_uu_20260926/results/r21dev_vgg16_bn_aa_s42/objects/results.csv,UI
mixed,Mixed faces / AA4,r21dev_vgg16_bn_aa_s42,category_calibration,124,single_uu,Objects,Objects,0.41,,50,within_sampled_range,UI,113,66.66666666666666,runs/yin_category_uu_20260926/results/r21dev_vgg16_bn_aa_s42/objects/results.csv,UI
mixed,Mixed faces / AA4,r21dev_vgg16_bn_aa_s42,category_calibration,124,single_uu,Objects,Objects,0.41,,50,within_sampled_range,UI,114,87.5,runs/yin_category_uu_20260926/results/r21dev_vgg16_bn_aa_s42/objects/results.csv,UI
mixed,Mixed faces / AA4,r21dev_vgg16_bn_aa_s42,category_calibration,124,single_uu,Objects,Objects,0.41,,50,within_sampled_range,UI,115,87.5,runs/yin_category_uu_20260926/results/r21dev_vgg16_bn_aa_s42/objects/results.csv,UI
mixed,Mixed faces / AA4,r21dev_vgg16_bn_aa_s42,category_calibration,124,single_uu,Objects,Objects,0.41,,50,within_sampled_range,UI,116,83.33333333333334,runs/yin_category_uu_20260926/results/r21dev_vgg16_bn_aa_s42/objects/results.csv,UI
mixed,Mixed faces / AA4,r21dev_vgg16_bn_aa_s42,category_calibration,124,single_uu,Objects,Objects,0.41,,50,within_sampled_range,UI,117,83.33333333333334,runs/yin_category_uu_20260926/results/r21dev_vgg16_bn_aa_s42/objects/results.csv,UI
mixed,Mixed faces / AA4,r21dev_vgg16_bn_aa_s42,category_calibration,124,single_uu,Objects,Objects,0.41,,50,within_sampled_range,UI,118,83.33333333333334,runs/yin_category_uu_20260926/results/r21dev_vgg16_bn_aa_s42/objects/results.csv,UI
mixed,Mixed faces / AA4,r21dev_vgg16_bn_aa_s42,category_calibration,124,single_uu,Objects,Objects,0.41,,50,within_sampled_range,UI,119,87.5,runs/yin_category_uu_20260926/results/r21dev_vgg16_bn_aa_s42/objects/results.csv,UI
mixed,Mixed faces / AA4,r21dev_vgg16_bn_aa_s42,category_calibration,124,single_uu,Objects,Objects,0.41,,50,within_sampled_range,UI,120,70.83333333333334,runs/yin_category_uu_20260926/results/r21dev_vgg16_bn_aa_s42/objects/results.csv,UI
mixed,Mixed faces / AA4,r21dev_vgg16_bn_aa_s42,category_calibration,124,single_uu,Objects,Objects,0.41,,50,within_sampled_range,UI,121,83.33333333333334,runs/yin_category_uu_20260926/results/r21dev_vgg16_bn_aa_s42/objects/results.csv,UI
mixed,Mixed faces / AA4,r21dev_vgg16_bn_aa_s42,category_calibration,124,single_uu,Objects,Objects,0.41,,50,within_sampled_range,UI,122,75.0,runs/yin_category_uu_20260926/results/r21dev_vgg16_bn_aa_s42/objects/results.csv,UI
mixed,Mixed faces / AA4,r21dev_vgg16_bn_aa_s42,category_calibration,124,single_uu,Objects,Objects,0.41,,50,within_sampled_range,UI,123,83.33333333333334,runs/yin_category_uu_20260926/results/r21dev_vgg16_bn_aa_s42/objects/results.csv,UI
mixed,Mixed faces / AA4,r21dev_vgg16_bn_aa_s42,category_calibration,124,single_uu,Objects,Objects,0.41,,50,within_sampled_range,UI,124,75.0,runs/yin_category_uu_20260926/results/r21dev_vgg16_bn_aa_s42/objects/results.csv,UI
mixed,Mixed faces / AA4,r21dev_vgg16_bn_aa_s42,category_calibration,124,single_uu,Objects,Objects,0.41,,50,within_sampled_range,UI,125,83.33333333333334,runs/yin_category_uu_20260926/results/r21dev_vgg16_bn_aa_s42/objects/results.csv,UI
mixed,Mixed faces / AA4,r21dev_vgg16_bn_aa_s42,category_calibration,124,single_uu,Objects,Objects,0.41,,50,within_sampled_range,UI,126,91.66666666666666,runs/yin_category_uu_20260926/results/r21dev_vgg16_bn_aa_s42/objects/results.csv,UI
mixed,Mixed faces / AA4,r21dev_vgg16_bn_aa_s42,category_calibration,124,single_uu,Objects,Objects,0.41,,50,within_sampled_range,UI,127,83.33333333333334,runs/yin_category_uu_20260926/results/r21dev_vgg16_bn_aa_s42/objects/results.csv,UI
mixed,Mixed faces / AA4,r21dev_vgg16_bn_aa_s42,category_calibration,124,single_uu,Objects,Objects,0.41,,50,within_sampled_range,UI,128,75.0,runs/yin_category_uu_20260926/results/r21dev_vgg16_bn_aa_s42/objects/results.csv,UI
mixed,Mixed faces / AA4,r21dev_vgg16_bn_aa_s42,category_calibration,124,single_uu,Objects,Objects,0.41,,50,within_sampled_range,UI,129,87.5,runs/yin_category_uu_20260926/results/r21dev_vgg16_bn_aa_s42/objects/results.csv,UI
mixed,Mixed faces / AA4,r21dev_vgg16_bn_aa_s42,category_calibration,124,single_uu,Objects,Objects,0.41,,50,within_sampled_range,UI,130,91.66666666666666,runs/yin_category_uu_20260926/results/r21dev_vgg16_bn_aa_s42/objects/results.csv,UI
mixed,Mixed faces / AA4,r21dev_vgg16_bn_aa_s42,category_calibration,124,single_uu,Objects,Objects,0.41,,50,within_sampled_range,UI,131,79.16666666666666,runs/yin_category_uu_20260926/results/r21dev_vgg16_bn_aa_s42/objects/results.csv,UI
mixed,Mixed faces / AA4,r21dev_vgg16_bn_aa_s42,category_calibration,124,single_uu,Objects,Objects,0.41,,50,within_sampled_range,UI,132,70.83333333333334,runs/yin_category_uu_20260926/results/r21dev_vgg16_bn_aa_s42/objects/results.csv,UI
mixed,Mixed faces / AA4,r21dev_vgg16_bn_aa_s42,category_calibration,124,single_uu,Objects,Objects,0.41,,50,within_sampled_range,UI,133,83.33333333333334,runs/yin_category_uu_20260926/results/r21dev_vgg16_bn_aa_s42/objects/results.csv,UI
mixed,Mixed faces / AA4,r21dev_vgg16_bn_aa_s42,category_calibration,124,single_uu,Objects,Objects,0.41,,50,within_sampled_range,UI,134,83.33333333333334,runs/yin_category_uu_20260926/results/r21dev_vgg16_bn_aa_s42/objects/results.csv,UI
mixed,Mixed faces / AA4,r21dev_vgg16_bn_aa_s42,category_calibration,124,single_uu,Objects,Objects,0.41,,50,within_sampled_range,UI,135,83.33333333333334,runs/yin_category_uu_20260926/results/r21dev_vgg16_bn_aa_s42/objects/results.csv,UI
mixed,Mixed faces / AA4,r21dev_vgg16_bn_aa_s42,category_calibration,124,single_uu,Objects,Objects,0.41,,50,within_sampled_range,UI,136,70.83333333333334,runs/yin_category_uu_20260926/results/r21dev_vgg16_bn_aa_s42/objects/results.csv,UI
mixed,Mixed faces / AA4,r21dev_vgg16_bn_aa_s42,category_calibration,124,single_uu,Objects,Objects,0.41,,50,within_sampled_range,UI,137,83.33333333333334,runs/yin_category_uu_20260926/results/r21dev_vgg16_bn_aa_s42/objects/results.csv,UI
mixed,Mixed faces / AA4,r21dev_vgg16_bn_aa_s42,category_calibration,124,single_uu,Objects,Objects,0.41,,50,within_sampled_range,UI,138,62.5,runs/yin_category_uu_20260926/results/r21dev_vgg16_bn_aa_s42/objects/results.csv,UI
mixed,Mixed faces / AA4,r21dev_vgg16_bn_aa_s42,category_calibration,124,single_uu,Objects,Objects,0.41,,50,within_sampled_range,UI,139,70.83333333333334,runs/yin_category_uu_20260926/results/r21dev_vgg16_bn_aa_s42/objects/results.csv,UI
mixed,Mixed faces / AA4,r21dev_vgg16_bn_aa_s42,category_calibration,124,single_uu,Objects,Objects,0.41,,50,within_sampled_range,UI,140,87.5,runs/yin_category_uu_20260926/results/r21dev_vgg16_bn_aa_s42/objects/results.csv,UI
mixed,Mixed faces / AA4,r21dev_vgg16_bn_aa_s42,category_calibration,124,single_uu,Objects,Objects,0.41,,50,within_sampled_range,UI,141,79.16666666666666,runs/yin_category_uu_20260926/results/r21dev_vgg16_bn_aa_s42/objects/results.csv,UI
mixed,Mixed faces / AA4,r21dev_vgg16_bn_aa_s42,category_calibration,124,single_uu,Objects,Objects,0.41,,50,within_sampled_range,UI,142,87.5,runs/yin_category_uu_20260926/results/r21dev_vgg16_bn_aa_s42/objects/results.csv,UI
mixed,Mixed faces / AA4,r21dev_vgg16_bn_aa_s42,category_calibration,124,single_uu,Objects,Objects,0.41,,50,within_sampled_range,UI,143,91.66666666666666,runs/yin_category_uu_20260926/results/r21dev_vgg16_bn_aa_s42/objects/results.csv,UI
mixed,Mixed faces / AA4,r21dev_vgg16_bn_aa_s42,category_calibration,124,single_uu,Objects,Objects,0.41,,50,within_sampled_range,UI,144,79.16666666666666,runs/yin_category_uu_20260926/results/r21dev_vgg16_bn_aa_s42/objects/results.csv,UI
mixed,Mixed faces / AA4,r21dev_vgg16_bn_aa_s42,category_calibration,124,single_uu,Objects,Objects,0.41,,50,within_sampled_range,UI,145,83.33333333333334,runs/yin_category_uu_20260926/results/r21dev_vgg16_bn_aa_s42/objects/results.csv,UI
mixed,Mixed faces / AA4,r21dev_vgg16_bn_aa_s42,category_calibration,124,single_uu,Objects,Objects,0.41,,50,within_sampled_range,UI,146,75.0,runs/yin_category_uu_20260926/results/r21dev_vgg16_bn_aa_s42/objects/results.csv,UI
mixed,Mixed faces / AA4,r21dev_vgg16_bn_aa_s42,category_calibration,124,single_uu,Objects,Objects,0.41,,50,within_sampled_range,UI,147,83.33333333333334,runs/yin_category_uu_20260926/results/r21dev_vgg16_bn_aa_s42/objects/results.csv,UI
mixed,Mixed faces / AA4,r21dev_vgg16_bn_aa_s42,category_calibration,124,single_uu,Objects,Objects,0.41,,50,within_sampled_range,UI,148,83.33333333333334,runs/yin_category_uu_20260926/results/r21dev_vgg16_bn_aa_s42/objects/results.csv,UI
mixed,Mixed faces / AA4,r21dev_vgg16_bn_aa_s42,category_calibration,124,single_uu,Objects,Objects,0.41,,50,within_sampled_range,UI,149,66.66666666666666,runs/yin_category_uu_20260926/results/r21dev_vgg16_bn_aa_s42/objects/results.csv,UI
mixed,Mixed faces / AA4,r21dev_vgg16_bn_aa_s42,category_calibration,124,single_uu,Objects,Objects,0.41,,50,within_sampled_range,UI,150,79.16666666666666,runs/yin_category_uu_20260926/results/r21dev_vgg16_bn_aa_s42/objects/results.csv,UI
mixed,Mixed faces / AA4,r21dev_vgg16_bn_aa_s42,category_calibration,124,single_uu,Objects,Objects,0.41,,50,within_sampled_range,IU,101,79.16666666666666,runs/yin_category_uu_20260926/results/r21dev_vgg16_bn_aa_s42/objects/results.csv,IU
mixed,Mixed faces / AA4,r21dev_vgg16_bn_aa_s42,category_calibration,124,single_uu,Objects,Objects,0.41,,50,within_sampled_range,IU,102,75.0,runs/yin_category_uu_20260926/results/r21dev_vgg16_bn_aa_s42/objects/results.csv,IU
mixed,Mixed faces / AA4,r21dev_vgg16_bn_aa_s42,category_calibration,124,single_uu,Objects,Objects,0.41,,50,within_sampled_range,IU,103,79.16666666666666,runs/yin_category_uu_20260926/results/r21dev_vgg16_bn_aa_s42/objects/results.csv,IU
mixed,Mixed faces / AA4,r21dev_vgg16_bn_aa_s42,category_calibration,124,single_uu,Objects,Objects,0.41,,50,within_sampled_range,IU,104,79.16666666666666,runs/yin_category_uu_20260926/results/r21dev_vgg16_bn_aa_s42/objects/results.csv,IU
mixed,Mixed faces / AA4,r21dev_vgg16_bn_aa_s42,category_calibration,124,single_uu,Objects,Objects,0.41,,50,within_sampled_range,IU,105,87.5,runs/yin_category_uu_20260926/results/r21dev_vgg16_bn_aa_s42/objects/results.csv,IU
mixed,Mixed faces / AA4,r21dev_vgg16_bn_aa_s42,category_calibration,124,single_uu,Objects,Objects,0.41,,50,within_sampled_range,IU,106,87.5,runs/yin_category_uu_20260926/results/r21dev_vgg16_bn_aa_s42/objects/results.csv,IU
mixed,Mixed faces / AA4,r21dev_vgg16_bn_aa_s42,category_calibration,124,single_uu,Objects,Objects,0.41,,50,within_sampled_range,IU,107,83.33333333333334,runs/yin_category_uu_20260926/results/r21dev_vgg16_bn_aa_s42/objects/results.csv,IU
mixed,Mixed faces / AA4,r21dev_vgg16_bn_aa_s42,category_calibration,124,single_uu,Objects,Objects,0.41,,50,within_sampled_range,IU,108,87.5,runs/yin_category_uu_20260926/results/r21dev_vgg16_bn_aa_s42/objects/results.csv,IU
mixed,Mixed faces / AA4,r21dev_vgg16_bn_aa_s42,category_calibration,124,single_uu,Objects,Objects,0.41,,50,within_sampled_range,IU,109,75.0,runs/yin_category_uu_20260926/results/r21dev_vgg16_bn_aa_s42/objects/results.csv,IU
mixed,Mixed faces / AA4,r21dev_vgg16_bn_aa_s42,category_calibration,124,single_uu,Objects,Objects,0.41,,50,within_sampled_range,IU,110,91.66666666666666,runs/yin_category_uu_20260926/results/r21dev_vgg16_bn_aa_s42/objects/results.csv,IU
mixed,Mixed faces / AA4,r21dev_vgg16_bn_aa_s42,category_calibration,124,single_uu,Objects,Objects,0.41,,50,within_sampled_range,IU,111,87.5,runs/yin_category_uu_20260926/results/r21dev_vgg16_bn_aa_s42/objects/results.csv,IU
mixed,Mixed faces / AA4,r21dev_vgg16_bn_aa_s42,category_calibration,124,single_uu,Objects,Objects,0.41,,50,within_sampled_range,IU,112,54.166666666666664,runs/yin_category_uu_20260926/results/r21dev_vgg16_bn_aa_s42/objects/results.csv,IU
mixed,Mixed faces / AA4,r21dev_vgg16_bn_aa_s42,category_calibration,124,single_uu,Objects,Objects,0.41,,50,within_sampled_range,IU,113,58.333333333333336,runs/yin_category_uu_20260926/results/r21dev_vgg16_bn_aa_s42/objects/results.csv,IU
mixed,Mixed faces / AA4,r21dev_vgg16_bn_aa_s42,category_calibration,124,single_uu,Objects,Objects,0.41,,50,within_sampled_range,IU,114,87.5,runs/yin_category_uu_20260926/results/r21dev_vgg16_bn_aa_s42/objects/results.csv,IU
mixed,Mixed faces / AA4,r21dev_vgg16_bn_aa_s42,category_calibration,124,single_uu,Objects,Objects,0.41,,50,within_sampled_range,IU,115,87.5,runs/yin_category_uu_20260926/results/r21dev_vgg16_bn_aa_s42/objects/results.csv,IU
mixed,Mixed faces / AA4,r21dev_vgg16_bn_aa_s42,category_calibration,124,single_uu,Objects,Objects,0.41,,50,within_sampled_range,IU,116,75.0,runs/yin_category_uu_20260926/results/r21dev_vgg16_bn_aa_s42/objects/results.csv,IU
mixed,Mixed faces / AA4,r21dev_vgg16_bn_aa_s42,category_calibration,124,single_uu,Objects,Objects,0.41,,50,within_sampled_range,IU,117,87.5,runs/yin_category_uu_20260926/results/r21dev_vgg16_bn_aa_s42/objects/results.csv,IU
mixed,Mixed faces / AA4,r21dev_vgg16_bn_aa_s42,category_calibration,124,single_uu,Objects,Objects,0.41,,50,within_sampled_range,IU,118,87.5,runs/yin_category_uu_20260926/results/r21dev_vgg16_bn_aa_s42/objects/results.csv,IU
mixed,Mixed faces / AA4,r21dev_vgg16_bn_aa_s42,category_calibration,124,single_uu,Objects,Objects,0.41,,50,within_sampled_range,IU,119,95.83333333333334,runs/yin_category_uu_20260926/results/r21dev_vgg16_bn_aa_s42/objects/results.csv,IU
mixed,Mixed faces / AA4,r21dev_vgg16_bn_aa_s42,category_calibration,124,single_uu,Objects,Objects,0.41,,50,within_sampled_range,IU,120,79.16666666666666,runs/yin_category_uu_20260926/results/r21dev_vgg16_bn_aa_s42/objects/results.csv,IU
mixed,Mixed faces / AA4,r21dev_vgg16_bn_aa_s42,category_calibration,124,single_uu,Objects,Objects,0.41,,50,within_sampled_range,IU,121,70.83333333333334,runs/yin_category_uu_20260926/results/r21dev_vgg16_bn_aa_s42/objects/results.csv,IU
mixed,Mixed faces / AA4,r21dev_vgg16_bn_aa_s42,category_calibration,124,single_uu,Objects,Objects,0.41,,50,within_sampled_range,IU,122,83.33333333333334,runs/yin_category_uu_20260926/results/r21dev_vgg16_bn_aa_s42/objects/results.csv,IU
mixed,Mixed faces / AA4,r21dev_vgg16_bn_aa_s42,category_calibration,124,single_uu,Objects,Objects,0.41,,50,within_sampled_range,IU,123,79.16666666666666,runs/yin_category_uu_20260926/results/r21dev_vgg16_bn_aa_s42/objects/results.csv,IU
mixed,Mixed faces / AA4,r21dev_vgg16_bn_aa_s42,category_calibration,124,single_uu,Objects,Objects,0.41,,50,within_sampled_range,IU,124,87.5,runs/yin_category_uu_20260926/results/r21dev_vgg16_bn_aa_s42/objects/results.csv,IU
mixed,Mixed faces / AA4,r21dev_vgg16_bn_aa_s42,category_calibration,124,single_uu,Objects,Objects,0.41,,50,within_sampled_range,IU,125,91.66666666666666,runs/yin_category_uu_20260926/results/r21dev_vgg16_bn_aa_s42/objects/results.csv,IU
mixed,Mixed faces / AA4,r21dev_vgg16_bn_aa_s42,category_calibration,124,single_uu,Objects,Objects,0.41,,50,within_sampled_range,IU,126,87.5,runs/yin_category_uu_20260926/results/r21dev_vgg16_bn_aa_s42/objects/results.csv,IU
mixed,Mixed faces / AA4,r21dev_vgg16_bn_aa_s42,category_calibration,124,single_uu,Objects,Objects,0.41,,50,within_sampled_range,IU,127,83.33333333333334,runs/yin_category_uu_20260926/results/r21dev_vgg16_bn_aa_s42/objects/results.csv,IU
mixed,Mixed faces / AA4,r21dev_vgg16_bn_aa_s42,category_calibration,124,single_uu,Objects,Objects,0.41,,50,within_sampled_range,IU,128,62.5,runs/yin_category_uu_20260926/results/r21dev_vgg16_bn_aa_s42/objects/results.csv,IU
mixed,Mixed faces / AA4,r21dev_vgg16_bn_aa_s42,category_calibration,124,single_uu,Objects,Objects,0.41,,50,within_sampled_range,IU,129,83.33333333333334,runs/yin_category_uu_20260926/results/r21dev_vgg16_bn_aa_s42/objects/results.csv,IU
mixed,Mixed faces / AA4,r21dev_vgg16_bn_aa_s42,category_calibration,124,single_uu,Objects,Objects,0.41,,50,within_sampled_range,IU,130,95.83333333333334,runs/yin_category_uu_20260926/results/r21dev_vgg16_bn_aa_s42/objects/results.csv,IU
mixed,Mixed faces / AA4,r21dev_vgg16_bn_aa_s42,category_calibration,124,single_uu,Objects,Objects,0.41,,50,within_sampled_range,IU,131,83.33333333333334,runs/yin_category_uu_20260926/results/r21dev_vgg16_bn_aa_s42/objects/results.csv,IU
mixed,Mixed faces / AA4,r21dev_vgg16_bn_aa_s42,category_calibration,124,single_uu,Objects,Objects,0.41,,50,within_sampled_range,IU,132,54.166666666666664,runs/yin_category_uu_20260926/results/r21dev_vgg16_bn_aa_s42/objects/results.csv,IU
mixed,Mixed faces / AA4,r21dev_vgg16_bn_aa_s42,category_calibration,124,single_uu,Objects,Objects,0.41,,50,within_sampled_range,IU,133,83.33333333333334,runs/yin_category_uu_20260926/results/r21dev_vgg16_bn_aa_s42/objects/results.csv,IU
mixed,Mixed faces / AA4,r21dev_vgg16_bn_aa_s42,category_calibration,124,single_uu,Objects,Objects,0.41,,50,within_sampled_range,IU,134,75.0,runs/yin_category_uu_20260926/results/r21dev_vgg16_bn_aa_s42/objects/results.csv,IU
mixed,Mixed faces / AA4,r21dev_vgg16_bn_aa_s42,category_calibration,124,single_uu,Objects,Objects,0.41,,50,within_sampled_range,IU,135,70.83333333333334,runs/yin_category_uu_20260926/results/r21dev_vgg16_bn_aa_s42/objects/results.csv,IU
mixed,Mixed faces / AA4,r21dev_vgg16_bn_aa_s42,category_calibration,124,single_uu,Objects,Objects,0.41,,50,within_sampled_range,IU,136,87.5,runs/yin_category_uu_20260926/results/r21dev_vgg16_bn_aa_s42/objects/results.csv,IU
mixed,Mixed faces / AA4,r21dev_vgg16_bn_aa_s42,category_calibration,124,single_uu,Objects,Objects,0.41,,50,within_sampled_range,IU,137,87.5,runs/yin_category_uu_20260926/results/r21dev_vgg16_bn_aa_s42/objects/results.csv,IU
mixed,Mixed faces / AA4,r21dev_vgg16_bn_aa_s42,category_calibration,124,single_uu,Objects,Objects,0.41,,50,within_sampled_range,IU,138,87.5,runs/yin_category_uu_20260926/results/r21dev_vgg16_bn_aa_s42/objects/results.csv,IU
mixed,Mixed faces / AA4,r21dev_vgg16_bn_aa_s42,category_calibration,124,single_uu,Objects,Objects,0.41,,50,within_sampled_range,IU,139,91.66666666666666,runs/yin_category_uu_20260926/results/r21dev_vgg16_bn_aa_s42/objects/results.csv,IU
mixed,Mixed faces / AA4,r21dev_vgg16_bn_aa_s42,category_calibration,124,single_uu,Objects,Objects,0.41,,50,within_sampled_range,IU,140,83.33333333333334,runs/yin_category_uu_20260926/results/r21dev_vgg16_bn_aa_s42/objects/results.csv,IU
mixed,Mixed faces / AA4,r21dev_vgg16_bn_aa_s42,category_calibration,124,single_uu,Objects,Objects,0.41,,50,within_sampled_range,IU,141,91.66666666666666,runs/yin_category_uu_20260926/results/r21dev_vgg16_bn_aa_s42/objects/results.csv,IU
mixed,Mixed faces / AA4,r21dev_vgg16_bn_aa_s42,category_calibration,124,single_uu,Objects,Objects,0.41,,50,within_sampled_range,IU,142,79.16666666666666,runs/yin_category_uu_20260926/results/r21dev_vgg16_bn_aa_s42/objects/results.csv,IU
mixed,Mixed faces / AA4,r21dev_vgg16_bn_aa_s42,category_calibration,124,single_uu,Objects,Objects,0.41,,50,within_sampled_range,IU,143,87.5,runs/yin_category_uu_20260926/results/r21dev_vgg16_bn_aa_s42/objects/results.csv,IU
mixed,Mixed faces / AA4,r21dev_vgg16_bn_aa_s42,category_calibration,124,single_uu,Objects,Objects,0.41,,50,within_sampled_range,IU,144,79.16666666666666,runs/yin_category_uu_20260926/results/r21dev_vgg16_bn_aa_s42/objects/results.csv,IU
mixed,Mixed faces / AA4,r21dev_vgg16_bn_aa_s42,category_calibration,124,single_uu,Objects,Objects,0.41,,50,within_sampled_range,IU,145,79.16666666666666,runs/yin_category_uu_20260926/results/r21dev_vgg16_bn_aa_s42/objects/results.csv,IU
mixed,Mixed faces / AA4,r21dev_vgg16_bn_aa_s42,category_calibration,124,single_uu,Objects,Objects,0.41,,50,within_sampled_range,IU,146,79.16666666666666,runs/yin_category_uu_20260926/results/r21dev_vgg16_bn_aa_s42/objects/results.csv,IU
mixed,Mixed faces / AA4,r21dev_vgg16_bn_aa_s42,category_calibration,124,single_uu,Objects,Objects,0.41,,50,within_sampled_range,IU,147,91.66666666666666,runs/yin_category_uu_20260926/results/r21dev_vgg16_bn_aa_s42/objects/results.csv,IU
mixed,Mixed faces / AA4,r21dev_vgg16_bn_aa_s42,category_calibration,124,single_uu,Objects,Objects,0.41,,50,within_sampled_range,IU,148,79.16666666666666,runs/yin_category_uu_20260926/results/r21dev_vgg16_bn_aa_s42/objects/results.csv,IU
mixed,Mixed faces / AA4,r21dev_vgg16_bn_aa_s42,category_calibration,124,single_uu,Objects,Objects,0.41,,50,within_sampled_range,IU,149,83.33333333333334,runs/yin_category_uu_20260926/results/r21dev_vgg16_bn_aa_s42/objects/results.csv,IU
mixed,Mixed faces / AA4,r21dev_vgg16_bn_aa_s42,category_calibration,124,single_uu,Objects,Objects,0.41,,50,within_sampled_range,IU,150,91.66666666666666,runs/yin_category_uu_20260926/results/r21dev_vgg16_bn_aa_s42/objects/results.csv,IU
mixed,Mixed faces / AA4,r21dev_vgg16_bn_aa_s42,category_calibration,124,single_uu,Houses,Houses,0.02,,50,target_outside_sampled_range,UU,101,87.5,runs/yin_category_uu_20260926/results/r21dev_vgg16_bn_aa_s42/houses_yin64/results.csv,UU
mixed,Mixed faces / AA4,r21dev_vgg16_bn_aa_s42,category_calibration,124,single_uu,Houses,Houses,0.02,,50,target_outside_sampled_range,UU,102,87.5,runs/yin_category_uu_20260926/results/r21dev_vgg16_bn_aa_s42/houses_yin64/results.csv,UU
mixed,Mixed faces / AA4,r21dev_vgg16_bn_aa_s42,category_calibration,124,single_uu,Houses,Houses,0.02,,50,target_outside_sampled_range,UU,103,79.16666666666666,runs/yin_category_uu_20260926/results/r21dev_vgg16_bn_aa_s42/houses_yin64/results.csv,UU
mixed,Mixed faces / AA4,r21dev_vgg16_bn_aa_s42,category_calibration,124,single_uu,Houses,Houses,0.02,,50,target_outside_sampled_range,UU,104,83.33333333333334,runs/yin_category_uu_20260926/results/r21dev_vgg16_bn_aa_s42/houses_yin64/results.csv,UU
mixed,Mixed faces / AA4,r21dev_vgg16_bn_aa_s42,category_calibration,124,single_uu,Houses,Houses,0.02,,50,target_outside_sampled_range,UU,105,75.0,runs/yin_category_uu_20260926/results/r21dev_vgg16_bn_aa_s42/houses_yin64/results.csv,UU
mixed,Mixed faces / AA4,r21dev_vgg16_bn_aa_s42,category_calibration,124,single_uu,Houses,Houses,0.02,,50,target_outside_sampled_range,UU,106,83.33333333333334,runs/yin_category_uu_20260926/results/r21dev_vgg16_bn_aa_s42/houses_yin64/results.csv,UU
mixed,Mixed faces / AA4,r21dev_vgg16_bn_aa_s42,category_calibration,124,single_uu,Houses,Houses,0.02,,50,target_outside_sampled_range,UU,107,91.66666666666666,runs/yin_category_uu_20260926/results/r21dev_vgg16_bn_aa_s42/houses_yin64/results.csv,UU
mixed,Mixed faces / AA4,r21dev_vgg16_bn_aa_s42,category_calibration,124,single_uu,Houses,Houses,0.02,,50,target_outside_sampled_range,UU,108,91.66666666666666,runs/yin_category_uu_20260926/results/r21dev_vgg16_bn_aa_s42/houses_yin64/results.csv,UU
mixed,Mixed faces / AA4,r21dev_vgg16_bn_aa_s42,category_calibration,124,single_uu,Houses,Houses,0.02,,50,target_outside_sampled_range,UU,109,79.16666666666666,runs/yin_category_uu_20260926/results/r21dev_vgg16_bn_aa_s42/houses_yin64/results.csv,UU
mixed,Mixed faces / AA4,r21dev_vgg16_bn_aa_s42,category_calibration,124,single_uu,Houses,Houses,0.02,,50,target_outside_sampled_range,UU,110,87.5,runs/yin_category_uu_20260926/results/r21dev_vgg16_bn_aa_s42/houses_yin64/results.csv,UU
mixed,Mixed faces / AA4,r21dev_vgg16_bn_aa_s42,category_calibration,124,single_uu,Houses,Houses,0.02,,50,target_outside_sampled_range,UU,111,83.33333333333334,runs/yin_category_uu_20260926/results/r21dev_vgg16_bn_aa_s42/houses_yin64/results.csv,UU
mixed,Mixed faces / AA4,r21dev_vgg16_bn_aa_s42,category_calibration,124,single_uu,Houses,Houses,0.02,,50,target_outside_sampled_range,UU,112,87.5,runs/yin_category_uu_20260926/results/r21dev_vgg16_bn_aa_s42/houses_yin64/results.csv,UU
mixed,Mixed faces / AA4,r21dev_vgg16_bn_aa_s42,category_calibration,124,single_uu,Houses,Houses,0.02,,50,target_outside_sampled_range,UU,113,95.83333333333334,runs/yin_category_uu_20260926/results/r21dev_vgg16_bn_aa_s42/houses_yin64/results.csv,UU
mixed,Mixed faces / AA4,r21dev_vgg16_bn_aa_s42,category_calibration,124,single_uu,Houses,Houses,0.02,,50,target_outside_sampled_range,UU,114,79.16666666666666,runs/yin_category_uu_20260926/results/r21dev_vgg16_bn_aa_s42/houses_yin64/results.csv,UU
mixed,Mixed faces / AA4,r21dev_vgg16_bn_aa_s42,category_calibration,124,single_uu,Houses,Houses,0.02,,50,target_outside_sampled_range,UU,115,95.83333333333334,runs/yin_category_uu_20260926/results/r21dev_vgg16_bn_aa_s42/houses_yin64/results.csv,UU
mixed,Mixed faces / AA4,r21dev_vgg16_bn_aa_s42,category_calibration,124,single_uu,Houses,Houses,0.02,,50,target_outside_sampled_range,UU,116,87.5,runs/yin_category_uu_20260926/results/r21dev_vgg16_bn_aa_s42/houses_yin64/results.csv,UU
mixed,Mixed faces / AA4,r21dev_vgg16_bn_aa_s42,category_calibration,124,single_uu,Houses,Houses,0.02,,50,target_outside_sampled_range,UU,117,87.5,runs/yin_category_uu_20260926/results/r21dev_vgg16_bn_aa_s42/houses_yin64/results.csv,UU
mixed,Mixed faces / AA4,r21dev_vgg16_bn_aa_s42,category_calibration,124,single_uu,Houses,Houses,0.02,,50,target_outside_sampled_range,UU,118,95.83333333333334,runs/yin_category_uu_20260926/results/r21dev_vgg16_bn_aa_s42/houses_yin64/results.csv,UU
mixed,Mixed faces / AA4,r21dev_vgg16_bn_aa_s42,category_calibration,124,single_uu,Houses,Houses,0.02,,50,target_outside_sampled_range,UU,119,91.66666666666666,runs/yin_category_uu_20260926/results/r21dev_vgg16_bn_aa_s42/houses_yin64/results.csv,UU
mixed,Mixed faces / AA4,r21dev_vgg16_bn_aa_s42,category_calibration,124,single_uu,Houses,Houses,0.02,,50,target_outside_sampled_range,UU,120,79.16666666666666,runs/yin_category_uu_20260926/results/r21dev_vgg16_bn_aa_s42/houses_yin64/results.csv,UU
mixed,Mixed faces / AA4,r21dev_vgg16_bn_aa_s42,category_calibration,124,single_uu,Houses,Houses,0.02,,50,target_outside_sampled_range,UU,121,87.5,runs/yin_category_uu_20260926/results/r21dev_vgg16_bn_aa_s42/houses_yin64/results.csv,UU
mixed,Mixed faces / AA4,r21dev_vgg16_bn_aa_s42,category_calibration,124,single_uu,Houses,Houses,0.02,,50,target_outside_sampled_range,UU,122,95.83333333333334,runs/yin_category_uu_20260926/results/r21dev_vgg16_bn_aa_s42/houses_yin64/results.csv,UU
mixed,Mixed faces / AA4,r21dev_vgg16_bn_aa_s42,category_calibration,124,single_uu,Houses,Houses,0.02,,50,target_outside_sampled_range,UU,123,83.33333333333334,runs/yin_category_uu_20260926/results/r21dev_vgg16_bn_aa_s42/houses_yin64/results.csv,UU
mixed,Mixed faces / AA4,r21dev_vgg16_bn_aa_s42,category_calibration,124,single_uu,Houses,Houses,0.02,,50,target_outside_sampled_range,UU,124,83.33333333333334,runs/yin_category_uu_20260926/results/r21dev_vgg16_bn_aa_s42/houses_yin64/results.csv,UU
mixed,Mixed faces / AA4,r21dev_vgg16_bn_aa_s42,category_calibration,124,single_uu,Houses,Houses,0.02,,50,target_outside_sampled_range,UU,125,91.66666666666666,runs/yin_category_uu_20260926/results/r21dev_vgg16_bn_aa_s42/houses_yin64/results.csv,UU
mixed,Mixed faces / AA4,r21dev_vgg16_bn_aa_s42,category_calibration,124,single_uu,Houses,Houses,0.02,,50,target_outside_sampled_range,UU,126,83.33333333333334,runs/yin_category_uu_20260926/results/r21dev_vgg16_bn_aa_s42/houses_yin64/results.csv,UU
mixed,Mixed faces / AA4,r21dev_vgg16_bn_aa_s42,category_calibration,124,single_uu,Houses,Houses,0.02,,50,target_outside_sampled_range,UU,127,95.83333333333334,runs/yin_category_uu_20260926/results/r21dev_vgg16_bn_aa_s42/houses_yin64/results.csv,UU
mixed,Mixed faces / AA4,r21dev_vgg16_bn_aa_s42,category_calibration,124,single_uu,Houses,Houses,0.02,,50,target_outside_sampled_range,UU,128,100.0,runs/yin_category_uu_20260926/results/r21dev_vgg16_bn_aa_s42/houses_yin64/results.csv,UU
mixed,Mixed faces / AA4,r21dev_vgg16_bn_aa_s42,category_calibration,124,single_uu,Houses,Houses,0.02,,50,target_outside_sampled_range,UU,129,91.66666666666666,runs/yin_category_uu_20260926/results/r21dev_vgg16_bn_aa_s42/houses_yin64/results.csv,UU
mixed,Mixed faces / AA4,r21dev_vgg16_bn_aa_s42,category_calibration,124,single_uu,Houses,Houses,0.02,,50,target_outside_sampled_range,UU,130,87.5,runs/yin_category_uu_20260926/results/r21dev_vgg16_bn_aa_s42/houses_yin64/results.csv,UU
mixed,Mixed faces / AA4,r21dev_vgg16_bn_aa_s42,category_calibration,124,single_uu,Houses,Houses,0.02,,50,target_outside_sampled_range,UU,131,83.33333333333334,runs/yin_category_uu_20260926/results/r21dev_vgg16_bn_aa_s42/houses_yin64/results.csv,UU
mixed,Mixed faces / AA4,r21dev_vgg16_bn_aa_s42,category_calibration,124,single_uu,Houses,Houses,0.02,,50,target_outside_sampled_range,UU,132,83.33333333333334,runs/yin_category_uu_20260926/results/r21dev_vgg16_bn_aa_s42/houses_yin64/results.csv,UU
mixed,Mixed faces / AA4,r21dev_vgg16_bn_aa_s42,category_calibration,124,single_uu,Houses,Houses,0.02,,50,target_outside_sampled_range,UU,133,87.5,runs/yin_category_uu_20260926/results/r21dev_vgg16_bn_aa_s42/houses_yin64/results.csv,UU
mixed,Mixed faces / AA4,r21dev_vgg16_bn_aa_s42,category_calibration,124,single_uu,Houses,Houses,0.02,,50,target_outside_sampled_range,UU,134,87.5,runs/yin_category_uu_20260926/results/r21dev_vgg16_bn_aa_s42/houses_yin64/results.csv,UU
mixed,Mixed faces / AA4,r21dev_vgg16_bn_aa_s42,category_calibration,124,single_uu,Houses,Houses,0.02,,50,target_outside_sampled_range,UU,135,87.5,runs/yin_category_uu_20260926/results/r21dev_vgg16_bn_aa_s42/houses_yin64/results.csv,UU
mixed,Mixed faces / AA4,r21dev_vgg16_bn_aa_s42,category_calibration,124,single_uu,Houses,Houses,0.02,,50,target_outside_sampled_range,UU,136,87.5,runs/yin_category_uu_20260926/results/r21dev_vgg16_bn_aa_s42/houses_yin64/results.csv,UU
mixed,Mixed faces / AA4,r21dev_vgg16_bn_aa_s42,category_calibration,124,single_uu,Houses,Houses,0.02,,50,target_outside_sampled_range,UU,137,83.33333333333334,runs/yin_category_uu_20260926/results/r21dev_vgg16_bn_aa_s42/houses_yin64/results.csv,UU
mixed,Mixed faces / AA4,r21dev_vgg16_bn_aa_s42,category_calibration,124,single_uu,Houses,Houses,0.02,,50,target_outside_sampled_range,UU,138,87.5,runs/yin_category_uu_20260926/results/r21dev_vgg16_bn_aa_s42/houses_yin64/results.csv,UU
mixed,Mixed faces / AA4,r21dev_vgg16_bn_aa_s42,category_calibration,124,single_uu,Houses,Houses,0.02,,50,target_outside_sampled_range,UU,139,87.5,runs/yin_category_uu_20260926/results/r21dev_vgg16_bn_aa_s42/houses_yin64/results.csv,UU
mixed,Mixed faces / AA4,r21dev_vgg16_bn_aa_s42,category_calibration,124,single_uu,Houses,Houses,0.02,,50,target_outside_sampled_range,UU,140,87.5,runs/yin_category_uu_20260926/results/r21dev_vgg16_bn_aa_s42/houses_yin64/results.csv,UU
mixed,Mixed faces / AA4,r21dev_vgg16_bn_aa_s42,category_calibration,124,single_uu,Houses,Houses,0.02,,50,target_outside_sampled_range,UU,141,79.16666666666666,runs/yin_category_uu_20260926/results/r21dev_vgg16_bn_aa_s42/houses_yin64/results.csv,UU
mixed,Mixed faces / AA4,r21dev_vgg16_bn_aa_s42,category_calibration,124,single_uu,Houses,Houses,0.02,,50,target_outside_sampled_range,UU,142,91.66666666666666,runs/yin_category_uu_20260926/results/r21dev_vgg16_bn_aa_s42/houses_yin64/results.csv,UU
mixed,Mixed faces / AA4,r21dev_vgg16_bn_aa_s42,category_calibration,124,single_uu,Houses,Houses,0.02,,50,target_outside_sampled_range,UU,143,79.16666666666666,runs/yin_category_uu_20260926/results/r21dev_vgg16_bn_aa_s42/houses_yin64/results.csv,UU
mixed,Mixed faces / AA4,r21dev_vgg16_bn_aa_s42,category_calibration,124,single_uu,Houses,Houses,0.02,,50,target_outside_sampled_range,UU,144,87.5,runs/yin_category_uu_20260926/results/r21dev_vgg16_bn_aa_s42/houses_yin64/results.csv,UU
mixed,Mixed faces / AA4,r21dev_vgg16_bn_aa_s42,category_calibration,124,single_uu,Houses,Houses,0.02,,50,target_outside_sampled_range,UU,145,91.66666666666666,runs/yin_category_uu_20260926/results/r21dev_vgg16_bn_aa_s42/houses_yin64/results.csv,UU
mixed,Mixed faces / AA4,r21dev_vgg16_bn_aa_s42,category_calibration,124,single_uu,Houses,Houses,0.02,,50,target_outside_sampled_range,UU,146,91.66666666666666,runs/yin_category_uu_20260926/results/r21dev_vgg16_bn_aa_s42/houses_yin64/results.csv,UU
mixed,Mixed faces / AA4,r21dev_vgg16_bn_aa_s42,category_calibration,124,single_uu,Houses,Houses,0.02,,50,target_outside_sampled_range,UU,147,79.16666666666666,runs/yin_category_uu_20260926/results/r21dev_vgg16_bn_aa_s42/houses_yin64/results.csv,UU
mixed,Mixed faces / AA4,r21dev_vgg16_bn_aa_s42,category_calibration,124,single_uu,Houses,Houses,0.02,,50,target_outside_sampled_range,UU,148,91.66666666666666,runs/yin_category_uu_20260926/results/r21dev_vgg16_bn_aa_s42/houses_yin64/results.csv,UU
mixed,Mixed faces / AA4,r21dev_vgg16_bn_aa_s42,category_calibration,124,single_uu,Houses,Houses,0.02,,50,target_outside_sampled_range,UU,149,91.66666666666666,runs/yin_category_uu_20260926/results/r21dev_vgg16_bn_aa_s42/houses_yin64/results.csv,UU
mixed,Mixed faces / AA4,r21dev_vgg16_bn_aa_s42,category_calibration,124,single_uu,Houses,Houses,0.02,,50,target_outside_sampled_range,UU,150,87.5,runs/yin_category_uu_20260926/results/r21dev_vgg16_bn_aa_s42/houses_yin64/results.csv,UU
mixed,Mixed faces / AA4,r21dev_vgg16_bn_aa_s42,category_calibration,124,single_uu,Houses,Houses,0.02,,50,target_outside_sampled_range,II,101,87.5,runs/yin_category_uu_20260926/results/r21dev_vgg16_bn_aa_s42/houses_yin64/results.csv,II
mixed,Mixed faces / AA4,r21dev_vgg16_bn_aa_s42,category_calibration,124,single_uu,Houses,Houses,0.02,,50,target_outside_sampled_range,II,102,87.5,runs/yin_category_uu_20260926/results/r21dev_vgg16_bn_aa_s42/houses_yin64/results.csv,II
mixed,Mixed faces / AA4,r21dev_vgg16_bn_aa_s42,category_calibration,124,single_uu,Houses,Houses,0.02,,50,target_outside_sampled_range,II,103,79.16666666666666,runs/yin_category_uu_20260926/results/r21dev_vgg16_bn_aa_s42/houses_yin64/results.csv,II
mixed,Mixed faces / AA4,r21dev_vgg16_bn_aa_s42,category_calibration,124,single_uu,Houses,Houses,0.02,,50,target_outside_sampled_range,II,104,79.16666666666666,runs/yin_category_uu_20260926/results/r21dev_vgg16_bn_aa_s42/houses_yin64/results.csv,II
mixed,Mixed faces / AA4,r21dev_vgg16_bn_aa_s42,category_calibration,124,single_uu,Houses,Houses,0.02,,50,target_outside_sampled_range,II,105,83.33333333333334,runs/yin_category_uu_20260926/results/r21dev_vgg16_bn_aa_s42/houses_yin64/results.csv,II
mixed,Mixed faces / AA4,r21dev_vgg16_bn_aa_s42,category_calibration,124,single_uu,Houses,Houses,0.02,,50,target_outside_sampled_range,II,106,87.5,runs/yin_category_uu_20260926/results/r21dev_vgg16_bn_aa_s42/houses_yin64/results.csv,II
mixed,Mixed faces / AA4,r21dev_vgg16_bn_aa_s42,category_calibration,124,single_uu,Houses,Houses,0.02,,50,target_outside_sampled_range,II,107,83.33333333333334,runs/yin_category_uu_20260926/results/r21dev_vgg16_bn_aa_s42/houses_yin64/results.csv,II
mixed,Mixed faces / AA4,r21dev_vgg16_bn_aa_s42,category_calibration,124,single_uu,Houses,Houses,0.02,,50,target_outside_sampled_range,II,108,83.33333333333334,runs/yin_category_uu_20260926/results/r21dev_vgg16_bn_aa_s42/houses_yin64/results.csv,II
mixed,Mixed faces / AA4,r21dev_vgg16_bn_aa_s42,category_calibration,124,single_uu,Houses,Houses,0.02,,50,target_outside_sampled_range,II,109,79.16666666666666,runs/yin_category_uu_20260926/results/r21dev_vgg16_bn_aa_s42/houses_yin64/results.csv,II
mixed,Mixed faces / AA4,r21dev_vgg16_bn_aa_s42,category_calibration,124,single_uu,Houses,Houses,0.02,,50,target_outside_sampled_range,II,110,87.5,runs/yin_category_uu_20260926/results/r21dev_vgg16_bn_aa_s42/houses_yin64/results.csv,II
mixed,Mixed faces / AA4,r21dev_vgg16_bn_aa_s42,category_calibration,124,single_uu,Houses,Houses,0.02,,50,target_outside_sampled_range,II,111,83.33333333333334,runs/yin_category_uu_20260926/results/r21dev_vgg16_bn_aa_s42/houses_yin64/results.csv,II
mixed,Mixed faces / AA4,r21dev_vgg16_bn_aa_s42,category_calibration,124,single_uu,Houses,Houses,0.02,,50,target_outside_sampled_range,II,112,79.16666666666666,runs/yin_category_uu_20260926/results/r21dev_vgg16_bn_aa_s42/houses_yin64/results.csv,II
mixed,Mixed faces / AA4,r21dev_vgg16_bn_aa_s42,category_calibration,124,single_uu,Houses,Houses,0.02,,50,target_outside_sampled_range,II,113,83.33333333333334,runs/yin_category_uu_20260926/results/r21dev_vgg16_bn_aa_s42/houses_yin64/results.csv,II
mixed,Mixed faces / AA4,r21dev_vgg16_bn_aa_s42,category_calibration,124,single_uu,Houses,Houses,0.02,,50,target_outside_sampled_range,II,114,79.16666666666666,runs/yin_category_uu_20260926/results/r21dev_vgg16_bn_aa_s42/houses_yin64/results.csv,II
mixed,Mixed faces / AA4,r21dev_vgg16_bn_aa_s42,category_calibration,124,single_uu,Houses,Houses,0.02,,50,target_outside_sampled_range,II,115,91.66666666666666,runs/yin_category_uu_20260926/results/r21dev_vgg16_bn_aa_s42/houses_yin64/results.csv,II
mixed,Mixed faces / AA4,r21dev_vgg16_bn_aa_s42,category_calibration,124,single_uu,Houses,Houses,0.02,,50,target_outside_sampled_range,II,116,87.5,runs/yin_category_uu_20260926/results/r21dev_vgg16_bn_aa_s42/houses_yin64/results.csv,II
mixed,Mixed faces / AA4,r21dev_vgg16_bn_aa_s42,category_calibration,124,single_uu,Houses,Houses,0.02,,50,target_outside_sampled_range,II,117,91.66666666666666,runs/yin_category_uu_20260926/results/r21dev_vgg16_bn_aa_s42/houses_yin64/results.csv,II
mixed,Mixed faces / AA4,r21dev_vgg16_bn_aa_s42,category_calibration,124,single_uu,Houses,Houses,0.02,,50,target_outside_sampled_range,II,118,87.5,runs/yin_category_uu_20260926/results/r21dev_vgg16_bn_aa_s42/houses_yin64/results.csv,II
mixed,Mixed faces / AA4,r21dev_vgg16_bn_aa_s42,category_calibration,124,single_uu,Houses,Houses,0.02,,50,target_outside_sampled_range,II,119,87.5,runs/yin_category_uu_20260926/results/r21dev_vgg16_bn_aa_s42/houses_yin64/results.csv,II
mixed,Mixed faces / AA4,r21dev_vgg16_bn_aa_s42,category_calibration,124,single_uu,Houses,Houses,0.02,,50,target_outside_sampled_range,II,120,79.16666666666666,runs/yin_category_uu_20260926/results/r21dev_vgg16_bn_aa_s42/houses_yin64/results.csv,II
mixed,Mixed faces / AA4,r21dev_vgg16_bn_aa_s42,category_calibration,124,single_uu,Houses,Houses,0.02,,50,target_outside_sampled_range,II,121,79.16666666666666,runs/yin_category_uu_20260926/results/r21dev_vgg16_bn_aa_s42/houses_yin64/results.csv,II
mixed,Mixed faces / AA4,r21dev_vgg16_bn_aa_s42,category_calibration,124,single_uu,Houses,Houses,0.02,,50,target_outside_sampled_range,II,122,95.83333333333334,runs/yin_category_uu_20260926/results/r21dev_vgg16_bn_aa_s42/houses_yin64/results.csv,II
mixed,Mixed faces / AA4,r21dev_vgg16_bn_aa_s42,category_calibration,124,single_uu,Houses,Houses,0.02,,50,target_outside_sampled_range,II,123,87.5,runs/yin_category_uu_20260926/results/r21dev_vgg16_bn_aa_s42/houses_yin64/results.csv,II
mixed,Mixed faces / AA4,r21dev_vgg16_bn_aa_s42,category_calibration,124,single_uu,Houses,Houses,0.02,,50,target_outside_sampled_range,II,124,75.0,runs/yin_category_uu_20260926/results/r21dev_vgg16_bn_aa_s42/houses_yin64/results.csv,II
mixed,Mixed faces / AA4,r21dev_vgg16_bn_aa_s42,category_calibration,124,single_uu,Houses,Houses,0.02,,50,target_outside_sampled_range,II,125,79.16666666666666,runs/yin_category_uu_20260926/results/r21dev_vgg16_bn_aa_s42/houses_yin64/results.csv,II
mixed,Mixed faces / AA4,r21dev_vgg16_bn_aa_s42,category_calibration,124,single_uu,Houses,Houses,0.02,,50,target_outside_sampled_range,II,126,75.0,runs/yin_category_uu_20260926/results/r21dev_vgg16_bn_aa_s42/houses_yin64/results.csv,II
mixed,Mixed faces / AA4,r21dev_vgg16_bn_aa_s42,category_calibration,124,single_uu,Houses,Houses,0.02,,50,target_outside_sampled_range,II,127,91.66666666666666,runs/yin_category_uu_20260926/results/r21dev_vgg16_bn_aa_s42/houses_yin64/results.csv,II
mixed,Mixed faces / AA4,r21dev_vgg16_bn_aa_s42,category_calibration,124,single_uu,Houses,Houses,0.02,,50,target_outside_sampled_range,II,128,95.83333333333334,runs/yin_category_uu_20260926/results/r21dev_vgg16_bn_aa_s42/houses_yin64/results.csv,II
mixed,Mixed faces / AA4,r21dev_vgg16_bn_aa_s42,category_calibration,124,single_uu,Houses,Houses,0.02,,50,target_outside_sampled_range,II,129,91.66666666666666,runs/yin_category_uu_20260926/results/r21dev_vgg16_bn_aa_s42/houses_yin64/results.csv,II
mixed,Mixed faces / AA4,r21dev_vgg16_bn_aa_s42,category_calibration,124,single_uu,Houses,Houses,0.02,,50,target_outside_sampled_range,II,130,87.5,runs/yin_category_uu_20260926/results/r21dev_vgg16_bn_aa_s42/houses_yin64/results.csv,II
mixed,Mixed faces / AA4,r21dev_vgg16_bn_aa_s42,category_calibration,124,single_uu,Houses,Houses,0.02,,50,target_outside_sampled_range,II,131,79.16666666666666,runs/yin_category_uu_20260926/results/r21dev_vgg16_bn_aa_s42/houses_yin64/results.csv,II
mixed,Mixed faces / AA4,r21dev_vgg16_bn_aa_s42,category_calibration,124,single_uu,Houses,Houses,0.02,,50,target_outside_sampled_range,II,132,79.16666666666666,runs/yin_category_uu_20260926/results/r21dev_vgg16_bn_aa_s42/houses_yin64/results.csv,II
mixed,Mixed faces / AA4,r21dev_vgg16_bn_aa_s42,category_calibration,124,single_uu,Houses,Houses,0.02,,50,target_outside_sampled_range,II,133,87.5,runs/yin_category_uu_20260926/results/r21dev_vgg16_bn_aa_s42/houses_yin64/results.csv,II
mixed,Mixed faces / AA4,r21dev_vgg16_bn_aa_s42,category_calibration,124,single_uu,Houses,Houses,0.02,,50,target_outside_sampled_range,II,134,79.16666666666666,runs/yin_category_uu_20260926/results/r21dev_vgg16_bn_aa_s42/houses_yin64/results.csv,II
mixed,Mixed faces / AA4,r21dev_vgg16_bn_aa_s42,category_calibration,124,single_uu,Houses,Houses,0.02,,50,target_outside_sampled_range,II,135,83.33333333333334,runs/yin_category_uu_20260926/results/r21dev_vgg16_bn_aa_s42/houses_yin64/results.csv,II
mixed,Mixed faces / AA4,r21dev_vgg16_bn_aa_s42,category_calibration,124,single_uu,Houses,Houses,0.02,,50,target_outside_sampled_range,II,136,87.5,runs/yin_category_uu_20260926/results/r21dev_vgg16_bn_aa_s42/houses_yin64/results.csv,II
mixed,Mixed faces / AA4,r21dev_vgg16_bn_aa_s42,category_calibration,124,single_uu,Houses,Houses,0.02,,50,target_outside_sampled_range,II,137,87.5,runs/yin_category_uu_20260926/results/r21dev_vgg16_bn_aa_s42/houses_yin64/results.csv,II
mixed,Mixed faces / AA4,r21dev_vgg16_bn_aa_s42,category_calibration,124,single_uu,Houses,Houses,0.02,,50,target_outside_sampled_range,II,138,83.33333333333334,runs/yin_category_uu_20260926/results/r21dev_vgg16_bn_aa_s42/houses_yin64/results.csv,II
mixed,Mixed faces / AA4,r21dev_vgg16_bn_aa_s42,category_calibration,124,single_uu,Houses,Houses,0.02,,50,target_outside_sampled_range,II,139,83.33333333333334,runs/yin_category_uu_20260926/results/r21dev_vgg16_bn_aa_s42/houses_yin64/results.csv,II
mixed,Mixed faces / AA4,r21dev_vgg16_bn_aa_s42,category_calibration,124,single_uu,Houses,Houses,0.02,,50,target_outside_sampled_range,II,140,79.16666666666666,runs/yin_category_uu_20260926/results/r21dev_vgg16_bn_aa_s42/houses_yin64/results.csv,II
mixed,Mixed faces / AA4,r21dev_vgg16_bn_aa_s42,category_calibration,124,single_uu,Houses,Houses,0.02,,50,target_outside_sampled_range,II,141,87.5,runs/yin_category_uu_20260926/results/r21dev_vgg16_bn_aa_s42/houses_yin64/results.csv,II
mixed,Mixed faces / AA4,r21dev_vgg16_bn_aa_s42,category_calibration,124,single_uu,Houses,Houses,0.02,,50,target_outside_sampled_range,II,142,87.5,runs/yin_category_uu_20260926/results/r21dev_vgg16_bn_aa_s42/houses_yin64/results.csv,II
mixed,Mixed faces / AA4,r21dev_vgg16_bn_aa_s42,category_calibration,124,single_uu,Houses,Houses,0.02,,50,target_outside_sampled_range,II,143,79.16666666666666,runs/yin_category_uu_20260926/results/r21dev_vgg16_bn_aa_s42/houses_yin64/results.csv,II
mixed,Mixed faces / AA4,r21dev_vgg16_bn_aa_s42,category_calibration,124,single_uu,Houses,Houses,0.02,,50,target_outside_sampled_range,II,144,91.66666666666666,runs/yin_category_uu_20260926/results/r21dev_vgg16_bn_aa_s42/houses_yin64/results.csv,II
mixed,Mixed faces / AA4,r21dev_vgg16_bn_aa_s42,category_calibration,124,single_uu,Houses,Houses,0.02,,50,target_outside_sampled_range,II,145,87.5,runs/yin_category_uu_20260926/results/r21dev_vgg16_bn_aa_s42/houses_yin64/results.csv,II
mixed,Mixed faces / AA4,r21dev_vgg16_bn_aa_s42,category_calibration,124,single_uu,Houses,Houses,0.02,,50,target_outside_sampled_range,II,146,83.33333333333334,runs/yin_category_uu_20260926/results/r21dev_vgg16_bn_aa_s42/houses_yin64/results.csv,II
mixed,Mixed faces / AA4,r21dev_vgg16_bn_aa_s42,category_calibration,124,single_uu,Houses,Houses,0.02,,50,target_outside_sampled_range,II,147,70.83333333333334,runs/yin_category_uu_20260926/results/r21dev_vgg16_bn_aa_s42/houses_yin64/results.csv,II
mixed,Mixed faces / AA4,r21dev_vgg16_bn_aa_s42,category_calibration,124,single_uu,Houses,Houses,0.02,,50,target_outside_sampled_range,II,148,91.66666666666666,runs/yin_category_uu_20260926/results/r21dev_vgg16_bn_aa_s42/houses_yin64/results.csv,II
mixed,Mixed faces / AA4,r21dev_vgg16_bn_aa_s42,category_calibration,124,single_uu,Houses,Houses,0.02,,50,target_outside_sampled_range,II,149,91.66666666666666,runs/yin_category_uu_20260926/results/r21dev_vgg16_bn_aa_s42/houses_yin64/results.csv,II
mixed,Mixed faces / AA4,r21dev_vgg16_bn_aa_s42,category_calibration,124,single_uu,Houses,Houses,0.02,,50,target_outside_sampled_range,II,150,87.5,runs/yin_category_uu_20260926/results/r21dev_vgg16_bn_aa_s42/houses_yin64/results.csv,II
mixed,Mixed faces / AA4,r21dev_vgg16_bn_aa_s42,category_calibration,124,single_uu,Houses,Houses,0.02,,50,target_outside_sampled_range,UI,101,75.0,runs/yin_category_uu_20260926/results/r21dev_vgg16_bn_aa_s42/houses_yin64/results.csv,UI
mixed,Mixed faces / AA4,r21dev_vgg16_bn_aa_s42,category_calibration,124,single_uu,Houses,Houses,0.02,,50,target_outside_sampled_range,UI,102,79.16666666666666,runs/yin_category_uu_20260926/results/r21dev_vgg16_bn_aa_s42/houses_yin64/results.csv,UI
mixed,Mixed faces / AA4,r21dev_vgg16_bn_aa_s42,category_calibration,124,single_uu,Houses,Houses,0.02,,50,target_outside_sampled_range,UI,103,70.83333333333334,runs/yin_category_uu_20260926/results/r21dev_vgg16_bn_aa_s42/houses_yin64/results.csv,UI
mixed,Mixed faces / AA4,r21dev_vgg16_bn_aa_s42,category_calibration,124,single_uu,Houses,Houses,0.02,,50,target_outside_sampled_range,UI,104,79.16666666666666,runs/yin_category_uu_20260926/results/r21dev_vgg16_bn_aa_s42/houses_yin64/results.csv,UI
mixed,Mixed faces / AA4,r21dev_vgg16_bn_aa_s42,category_calibration,124,single_uu,Houses,Houses,0.02,,50,target_outside_sampled_range,UI,105,70.83333333333334,runs/yin_category_uu_20260926/results/r21dev_vgg16_bn_aa_s42/houses_yin64/results.csv,UI
mixed,Mixed faces / AA4,r21dev_vgg16_bn_aa_s42,category_calibration,124,single_uu,Houses,Houses,0.02,,50,target_outside_sampled_range,UI,106,66.66666666666666,runs/yin_category_uu_20260926/results/r21dev_vgg16_bn_aa_s42/houses_yin64/results.csv,UI
mixed,Mixed faces / AA4,r21dev_vgg16_bn_aa_s42,category_calibration,124,single_uu,Houses,Houses,0.02,,50,target_outside_sampled_range,UI,107,75.0,runs/yin_category_uu_20260926/results/r21dev_vgg16_bn_aa_s42/houses_yin64/results.csv,UI
mixed,Mixed faces / AA4,r21dev_vgg16_bn_aa_s42,category_calibration,124,single_uu,Houses,Houses,0.02,,50,target_outside_sampled_range,UI,108,75.0,runs/yin_category_uu_20260926/results/r21dev_vgg16_bn_aa_s42/houses_yin64/results.csv,UI
mixed,Mixed faces / AA4,r21dev_vgg16_bn_aa_s42,category_calibration,124,single_uu,Houses,Houses,0.02,,50,target_outside_sampled_range,UI,109,79.16666666666666,runs/yin_category_uu_20260926/results/r21dev_vgg16_bn_aa_s42/houses_yin64/results.csv,UI
mixed,Mixed faces / AA4,r21dev_vgg16_bn_aa_s42,category_calibration,124,single_uu,Houses,Houses,0.02,,50,target_outside_sampled_range,UI,110,83.33333333333334,runs/yin_category_uu_20260926/results/r21dev_vgg16_bn_aa_s42/houses_yin64/results.csv,UI
mixed,Mixed faces / AA4,r21dev_vgg16_bn_aa_s42,category_calibration,124,single_uu,Houses,Houses,0.02,,50,target_outside_sampled_range,UI,111,79.16666666666666,runs/yin_category_uu_20260926/results/r21dev_vgg16_bn_aa_s42/houses_yin64/results.csv,UI
mixed,Mixed faces / AA4,r21dev_vgg16_bn_aa_s42,category_calibration,124,single_uu,Houses,Houses,0.02,,50,target_outside_sampled_range,UI,112,79.16666666666666,runs/yin_category_uu_20260926/results/r21dev_vgg16_bn_aa_s42/houses_yin64/results.csv,UI
mixed,Mixed faces / AA4,r21dev_vgg16_bn_aa_s42,category_calibration,124,single_uu,Houses,Houses,0.02,,50,target_outside_sampled_range,UI,113,79.16666666666666,runs/yin_category_uu_20260926/results/r21dev_vgg16_bn_aa_s42/houses_yin64/results.csv,UI
mixed,Mixed faces / AA4,r21dev_vgg16_bn_aa_s42,category_calibration,124,single_uu,Houses,Houses,0.02,,50,target_outside_sampled_range,UI,114,66.66666666666666,runs/yin_category_uu_20260926/results/r21dev_vgg16_bn_aa_s42/houses_yin64/results.csv,UI
mixed,Mixed faces / AA4,r21dev_vgg16_bn_aa_s42,category_calibration,124,single_uu,Houses,Houses,0.02,,50,target_outside_sampled_range,UI,115,75.0,runs/yin_category_uu_20260926/results/r21dev_vgg16_bn_aa_s42/houses_yin64/results.csv,UI
mixed,Mixed faces / AA4,r21dev_vgg16_bn_aa_s42,category_calibration,124,single_uu,Houses,Houses,0.02,,50,target_outside_sampled_range,UI,116,79.16666666666666,runs/yin_category_uu_20260926/results/r21dev_vgg16_bn_aa_s42/houses_yin64/results.csv,UI
mixed,Mixed faces / AA4,r21dev_vgg16_bn_aa_s42,category_calibration,124,single_uu,Houses,Houses,0.02,,50,target_outside_sampled_range,UI,117,79.16666666666666,runs/yin_category_uu_20260926/results/r21dev_vgg16_bn_aa_s42/houses_yin64/results.csv,UI
mixed,Mixed faces / AA4,r21dev_vgg16_bn_aa_s42,category_calibration,124,single_uu,Houses,Houses,0.02,,50,target_outside_sampled_range,UI,118,83.33333333333334,runs/yin_category_uu_20260926/results/r21dev_vgg16_bn_aa_s42/houses_yin64/results.csv,UI
mixed,Mixed faces / AA4,r21dev_vgg16_bn_aa_s42,category_calibration,124,single_uu,Houses,Houses,0.02,,50,target_outside_sampled_range,UI,119,75.0,runs/yin_category_uu_20260926/results/r21dev_vgg16_bn_aa_s42/houses_yin64/results.csv,UI
mixed,Mixed faces / AA4,r21dev_vgg16_bn_aa_s42,category_calibration,124,single_uu,Houses,Houses,0.02,,50,target_outside_sampled_range,UI,120,75.0,runs/yin_category_uu_20260926/results/r21dev_vgg16_bn_aa_s42/houses_yin64/results.csv,UI
mixed,Mixed faces / AA4,r21dev_vgg16_bn_aa_s42,category_calibration,124,single_uu,Houses,Houses,0.02,,50,target_outside_sampled_range,UI,121,70.83333333333334,runs/yin_category_uu_20260926/results/r21dev_vgg16_bn_aa_s42/houses_yin64/results.csv,UI
mixed,Mixed faces / AA4,r21dev_vgg16_bn_aa_s42,category_calibration,124,single_uu,Houses,Houses,0.02,,50,target_outside_sampled_range,UI,122,75.0,runs/yin_category_uu_20260926/results/r21dev_vgg16_bn_aa_s42/houses_yin64/results.csv,UI
mixed,Mixed faces / AA4,r21dev_vgg16_bn_aa_s42,category_calibration,124,single_uu,Houses,Houses,0.02,,50,target_outside_sampled_range,UI,123,79.16666666666666,runs/yin_category_uu_20260926/results/r21dev_vgg16_bn_aa_s42/houses_yin64/results.csv,UI
mixed,Mixed faces / AA4,r21dev_vgg16_bn_aa_s42,category_calibration,124,single_uu,Houses,Houses,0.02,,50,target_outside_sampled_range,UI,124,66.66666666666666,runs/yin_category_uu_20260926/results/r21dev_vgg16_bn_aa_s42/houses_yin64/results.csv,UI
mixed,Mixed faces / AA4,r21dev_vgg16_bn_aa_s42,category_calibration,124,single_uu,Houses,Houses,0.02,,50,target_outside_sampled_range,UI,125,66.66666666666666,runs/yin_category_uu_20260926/results/r21dev_vgg16_bn_aa_s42/houses_yin64/results.csv,UI
mixed,Mixed faces / AA4,r21dev_vgg16_bn_aa_s42,category_calibration,124,single_uu,Houses,Houses,0.02,,50,target_outside_sampled_range,UI,126,66.66666666666666,runs/yin_category_uu_20260926/results/r21dev_vgg16_bn_aa_s42/houses_yin64/results.csv,UI
mixed,Mixed faces / AA4,r21dev_vgg16_bn_aa_s42,category_calibration,124,single_uu,Houses,Houses,0.02,,50,target_outside_sampled_range,UI,127,91.66666666666666,runs/yin_category_uu_20260926/results/r21dev_vgg16_bn_aa_s42/houses_yin64/results.csv,UI
mixed,Mixed faces / AA4,r21dev_vgg16_bn_aa_s42,category_calibration,124,single_uu,Houses,Houses,0.02,,50,target_outside_sampled_range,UI,128,83.33333333333334,runs/yin_category_uu_20260926/results/r21dev_vgg16_bn_aa_s42/houses_yin64/results.csv,UI
mixed,Mixed faces / AA4,r21dev_vgg16_bn_aa_s42,category_calibration,124,single_uu,Houses,Houses,0.02,,50,target_outside_sampled_range,UI,129,87.5,runs/yin_category_uu_20260926/results/r21dev_vgg16_bn_aa_s42/houses_yin64/results.csv,UI
mixed,Mixed faces / AA4,r21dev_vgg16_bn_aa_s42,category_calibration,124,single_uu,Houses,Houses,0.02,,50,target_outside_sampled_range,UI,130,83.33333333333334,runs/yin_category_uu_20260926/results/r21dev_vgg16_bn_aa_s42/houses_yin64/results.csv,UI
mixed,Mixed faces / AA4,r21dev_vgg16_bn_aa_s42,category_calibration,124,single_uu,Houses,Houses,0.02,,50,target_outside_sampled_range,UI,131,75.0,runs/yin_category_uu_20260926/results/r21dev_vgg16_bn_aa_s42/houses_yin64/results.csv,UI
mixed,Mixed faces / AA4,r21dev_vgg16_bn_aa_s42,category_calibration,124,single_uu,Houses,Houses,0.02,,50,target_outside_sampled_range,UI,132,79.16666666666666,runs/yin_category_uu_20260926/results/r21dev_vgg16_bn_aa_s42/houses_yin64/results.csv,UI
mixed,Mixed faces / AA4,r21dev_vgg16_bn_aa_s42,category_calibration,124,single_uu,Houses,Houses,0.02,,50,target_outside_sampled_range,UI,133,70.83333333333334,runs/yin_category_uu_20260926/results/r21dev_vgg16_bn_aa_s42/houses_yin64/results.csv,UI
mixed,Mixed faces / AA4,r21dev_vgg16_bn_aa_s42,category_calibration,124,single_uu,Houses,Houses,0.02,,50,target_outside_sampled_range,UI,134,75.0,runs/yin_category_uu_20260926/results/r21dev_vgg16_bn_aa_s42/houses_yin64/results.csv,UI
mixed,Mixed faces / AA4,r21dev_vgg16_bn_aa_s42,category_calibration,124,single_uu,Houses,Houses,0.02,,50,target_outside_sampled_range,UI,135,79.16666666666666,runs/yin_category_uu_20260926/results/r21dev_vgg16_bn_aa_s42/houses_yin64/results.csv,UI
mixed,Mixed faces / AA4,r21dev_vgg16_bn_aa_s42,category_calibration,124,single_uu,Houses,Houses,0.02,,50,target_outside_sampled_range,UI,136,83.33333333333334,runs/yin_category_uu_20260926/results/r21dev_vgg16_bn_aa_s42/houses_yin64/results.csv,UI
mixed,Mixed faces / AA4,r21dev_vgg16_bn_aa_s42,category_calibration,124,single_uu,Houses,Houses,0.02,,50,target_outside_sampled_range,UI,137,70.83333333333334,runs/yin_category_uu_20260926/results/r21dev_vgg16_bn_aa_s42/houses_yin64/results.csv,UI
mixed,Mixed faces / AA4,r21dev_vgg16_bn_aa_s42,category_calibration,124,single_uu,Houses,Houses,0.02,,50,target_outside_sampled_range,UI,138,70.83333333333334,runs/yin_category_uu_20260926/results/r21dev_vgg16_bn_aa_s42/houses_yin64/results.csv,UI
mixed,Mixed faces / AA4,r21dev_vgg16_bn_aa_s42,category_calibration,124,single_uu,Houses,Houses,0.02,,50,target_outside_sampled_range,UI,139,79.16666666666666,runs/yin_category_uu_20260926/results/r21dev_vgg16_bn_aa_s42/houses_yin64/results.csv,UI
mixed,Mixed faces / AA4,r21dev_vgg16_bn_aa_s42,category_calibration,124,single_uu,Houses,Houses,0.02,,50,target_outside_sampled_range,UI,140,66.66666666666666,runs/yin_category_uu_20260926/results/r21dev_vgg16_bn_aa_s42/houses_yin64/results.csv,UI
mixed,Mixed faces / AA4,r21dev_vgg16_bn_aa_s42,category_calibration,124,single_uu,Houses,Houses,0.02,,50,target_outside_sampled_range,UI,141,83.33333333333334,runs/yin_category_uu_20260926/results/r21dev_vgg16_bn_aa_s42/houses_yin64/results.csv,UI
mixed,Mixed faces / AA4,r21dev_vgg16_bn_aa_s42,category_calibration,124,single_uu,Houses,Houses,0.02,,50,target_outside_sampled_range,UI,142,79.16666666666666,runs/yin_category_uu_20260926/results/r21dev_vgg16_bn_aa_s42/houses_yin64/results.csv,UI
mixed,Mixed faces / AA4,r21dev_vgg16_bn_aa_s42,category_calibration,124,single_uu,Houses,Houses,0.02,,50,target_outside_sampled_range,UI,143,62.5,runs/yin_category_uu_20260926/results/r21dev_vgg16_bn_aa_s42/houses_yin64/results.csv,UI
mixed,Mixed faces / AA4,r21dev_vgg16_bn_aa_s42,category_calibration,124,single_uu,Houses,Houses,0.02,,50,target_outside_sampled_range,UI,144,83.33333333333334,runs/yin_category_uu_20260926/results/r21dev_vgg16_bn_aa_s42/houses_yin64/results.csv,UI
mixed,Mixed faces / AA4,r21dev_vgg16_bn_aa_s42,category_calibration,124,single_uu,Houses,Houses,0.02,,50,target_outside_sampled_range,UI,145,83.33333333333334,runs/yin_category_uu_20260926/results/r21dev_vgg16_bn_aa_s42/houses_yin64/results.csv,UI
mixed,Mixed faces / AA4,r21dev_vgg16_bn_aa_s42,category_calibration,124,single_uu,Houses,Houses,0.02,,50,target_outside_sampled_range,UI,146,75.0,runs/yin_category_uu_20260926/results/r21dev_vgg16_bn_aa_s42/houses_yin64/results.csv,UI
mixed,Mixed faces / AA4,r21dev_vgg16_bn_aa_s42,category_calibration,124,single_uu,Houses,Houses,0.02,,50,target_outside_sampled_range,UI,147,66.66666666666666,runs/yin_category_uu_20260926/results/r21dev_vgg16_bn_aa_s42/houses_yin64/results.csv,UI
mixed,Mixed faces / AA4,r21dev_vgg16_bn_aa_s42,category_calibration,124,single_uu,Houses,Houses,0.02,,50,target_outside_sampled_range,UI,148,87.5,runs/yin_category_uu_20260926/results/r21dev_vgg16_bn_aa_s42/houses_yin64/results.csv,UI
mixed,Mixed faces / AA4,r21dev_vgg16_bn_aa_s42,category_calibration,124,single_uu,Houses,Houses,0.02,,50,target_outside_sampled_range,UI,149,83.33333333333334,runs/yin_category_uu_20260926/results/r21dev_vgg16_bn_aa_s42/houses_yin64/results.csv,UI
mixed,Mixed faces / AA4,r21dev_vgg16_bn_aa_s42,category_calibration,124,single_uu,Houses,Houses,0.02,,50,target_outside_sampled_range,UI,150,79.16666666666666,runs/yin_category_uu_20260926/results/r21dev_vgg16_bn_aa_s42/houses_yin64/results.csv,UI
mixed,Mixed faces / AA4,r21dev_vgg16_bn_aa_s42,category_calibration,124,single_uu,Houses,Houses,0.02,,50,target_outside_sampled_range,IU,101,75.0,runs/yin_category_uu_20260926/results/r21dev_vgg16_bn_aa_s42/houses_yin64/results.csv,IU
mixed,Mixed faces / AA4,r21dev_vgg16_bn_aa_s42,category_calibration,124,single_uu,Houses,Houses,0.02,,50,target_outside_sampled_range,IU,102,75.0,runs/yin_category_uu_20260926/results/r21dev_vgg16_bn_aa_s42/houses_yin64/results.csv,IU
mixed,Mixed faces / AA4,r21dev_vgg16_bn_aa_s42,category_calibration,124,single_uu,Houses,Houses,0.02,,50,target_outside_sampled_range,IU,103,70.83333333333334,runs/yin_category_uu_20260926/results/r21dev_vgg16_bn_aa_s42/houses_yin64/results.csv,IU
mixed,Mixed faces / AA4,r21dev_vgg16_bn_aa_s42,category_calibration,124,single_uu,Houses,Houses,0.02,,50,target_outside_sampled_range,IU,104,79.16666666666666,runs/yin_category_uu_20260926/results/r21dev_vgg16_bn_aa_s42/houses_yin64/results.csv,IU
mixed,Mixed faces / AA4,r21dev_vgg16_bn_aa_s42,category_calibration,124,single_uu,Houses,Houses,0.02,,50,target_outside_sampled_range,IU,105,75.0,runs/yin_category_uu_20260926/results/r21dev_vgg16_bn_aa_s42/houses_yin64/results.csv,IU
mixed,Mixed faces / AA4,r21dev_vgg16_bn_aa_s42,category_calibration,124,single_uu,Houses,Houses,0.02,,50,target_outside_sampled_range,IU,106,79.16666666666666,runs/yin_category_uu_20260926/results/r21dev_vgg16_bn_aa_s42/houses_yin64/results.csv,IU
mixed,Mixed faces / AA4,r21dev_vgg16_bn_aa_s42,category_calibration,124,single_uu,Houses,Houses,0.02,,50,target_outside_sampled_range,IU,107,79.16666666666666,runs/yin_category_uu_20260926/results/r21dev_vgg16_bn_aa_s42/houses_yin64/results.csv,IU
mixed,Mixed faces / AA4,r21dev_vgg16_bn_aa_s42,category_calibration,124,single_uu,Houses,Houses,0.02,,50,target_outside_sampled_range,IU,108,79.16666666666666,runs/yin_category_uu_20260926/results/r21dev_vgg16_bn_aa_s42/houses_yin64/results.csv,IU
mixed,Mixed faces / AA4,r21dev_vgg16_bn_aa_s42,category_calibration,124,single_uu,Houses,Houses,0.02,,50,target_outside_sampled_range,IU,109,75.0,runs/yin_category_uu_20260926/results/r21dev_vgg16_bn_aa_s42/houses_yin64/results.csv,IU
mixed,Mixed faces / AA4,r21dev_vgg16_bn_aa_s42,category_calibration,124,single_uu,Houses,Houses,0.02,,50,target_outside_sampled_range,IU,110,79.16666666666666,runs/yin_category_uu_20260926/results/r21dev_vgg16_bn_aa_s42/houses_yin64/results.csv,IU
mixed,Mixed faces / AA4,r21dev_vgg16_bn_aa_s42,category_calibration,124,single_uu,Houses,Houses,0.02,,50,target_outside_sampled_range,IU,111,75.0,runs/yin_category_uu_20260926/results/r21dev_vgg16_bn_aa_s42/houses_yin64/results.csv,IU
mixed,Mixed faces / AA4,r21dev_vgg16_bn_aa_s42,category_calibration,124,single_uu,Houses,Houses,0.02,,50,target_outside_sampled_range,IU,112,79.16666666666666,runs/yin_category_uu_20260926/results/r21dev_vgg16_bn_aa_s42/houses_yin64/results.csv,IU
mixed,Mixed faces / AA4,r21dev_vgg16_bn_aa_s42,category_calibration,124,single_uu,Houses,Houses,0.02,,50,target_outside_sampled_range,IU,113,70.83333333333334,runs/yin_category_uu_20260926/results/r21dev_vgg16_bn_aa_s42/houses_yin64/results.csv,IU
mixed,Mixed faces / AA4,r21dev_vgg16_bn_aa_s42,category_calibration,124,single_uu,Houses,Houses,0.02,,50,target_outside_sampled_range,IU,114,70.83333333333334,runs/yin_category_uu_20260926/results/r21dev_vgg16_bn_aa_s42/houses_yin64/results.csv,IU
mixed,Mixed faces / AA4,r21dev_vgg16_bn_aa_s42,category_calibration,124,single_uu,Houses,Houses,0.02,,50,target_outside_sampled_range,IU,115,91.66666666666666,runs/yin_category_uu_20260926/results/r21dev_vgg16_bn_aa_s42/houses_yin64/results.csv,IU
mixed,Mixed faces / AA4,r21dev_vgg16_bn_aa_s42,category_calibration,124,single_uu,Houses,Houses,0.02,,50,target_outside_sampled_range,IU,116,75.0,runs/yin_category_uu_20260926/results/r21dev_vgg16_bn_aa_s42/houses_yin64/results.csv,IU
mixed,Mixed faces / AA4,r21dev_vgg16_bn_aa_s42,category_calibration,124,single_uu,Houses,Houses,0.02,,50,target_outside_sampled_range,IU,117,75.0,runs/yin_category_uu_20260926/results/r21dev_vgg16_bn_aa_s42/houses_yin64/results.csv,IU
mixed,Mixed faces / AA4,r21dev_vgg16_bn_aa_s42,category_calibration,124,single_uu,Houses,Houses,0.02,,50,target_outside_sampled_range,IU,118,87.5,runs/yin_category_uu_20260926/results/r21dev_vgg16_bn_aa_s42/houses_yin64/results.csv,IU
mixed,Mixed faces / AA4,r21dev_vgg16_bn_aa_s42,category_calibration,124,single_uu,Houses,Houses,0.02,,50,target_outside_sampled_range,IU,119,83.33333333333334,runs/yin_category_uu_20260926/results/r21dev_vgg16_bn_aa_s42/houses_yin64/results.csv,IU
mixed,Mixed faces / AA4,r21dev_vgg16_bn_aa_s42,category_calibration,124,single_uu,Houses,Houses,0.02,,50,target_outside_sampled_range,IU,120,83.33333333333334,runs/yin_category_uu_20260926/results/r21dev_vgg16_bn_aa_s42/houses_yin64/results.csv,IU
mixed,Mixed faces / AA4,r21dev_vgg16_bn_aa_s42,category_calibration,124,single_uu,Houses,Houses,0.02,,50,target_outside_sampled_range,IU,121,79.16666666666666,runs/yin_category_uu_20260926/results/r21dev_vgg16_bn_aa_s42/houses_yin64/results.csv,IU
mixed,Mixed faces / AA4,r21dev_vgg16_bn_aa_s42,category_calibration,124,single_uu,Houses,Houses,0.02,,50,target_outside_sampled_range,IU,122,83.33333333333334,runs/yin_category_uu_20260926/results/r21dev_vgg16_bn_aa_s42/houses_yin64/results.csv,IU
mixed,Mixed faces / AA4,r21dev_vgg16_bn_aa_s42,category_calibration,124,single_uu,Houses,Houses,0.02,,50,target_outside_sampled_range,IU,123,83.33333333333334,runs/yin_category_uu_20260926/results/r21dev_vgg16_bn_aa_s42/houses_yin64/results.csv,IU
mixed,Mixed faces / AA4,r21dev_vgg16_bn_aa_s42,category_calibration,124,single_uu,Houses,Houses,0.02,,50,target_outside_sampled_range,IU,124,79.16666666666666,runs/yin_category_uu_20260926/results/r21dev_vgg16_bn_aa_s42/houses_yin64/results.csv,IU
mixed,Mixed faces / AA4,r21dev_vgg16_bn_aa_s42,category_calibration,124,single_uu,Houses,Houses,0.02,,50,target_outside_sampled_range,IU,125,70.83333333333334,runs/yin_category_uu_20260926/results/r21dev_vgg16_bn_aa_s42/houses_yin64/results.csv,IU
mixed,Mixed faces / AA4,r21dev_vgg16_bn_aa_s42,category_calibration,124,single_uu,Houses,Houses,0.02,,50,target_outside_sampled_range,IU,126,66.66666666666666,runs/yin_category_uu_20260926/results/r21dev_vgg16_bn_aa_s42/houses_yin64/results.csv,IU
mixed,Mixed faces / AA4,r21dev_vgg16_bn_aa_s42,category_calibration,124,single_uu,Houses,Houses,0.02,,50,target_outside_sampled_range,IU,127,95.83333333333334,runs/yin_category_uu_20260926/results/r21dev_vgg16_bn_aa_s42/houses_yin64/results.csv,IU
mixed,Mixed faces / AA4,r21dev_vgg16_bn_aa_s42,category_calibration,124,single_uu,Houses,Houses,0.02,,50,target_outside_sampled_range,IU,128,83.33333333333334,runs/yin_category_uu_20260926/results/r21dev_vgg16_bn_aa_s42/houses_yin64/results.csv,IU
mixed,Mixed faces / AA4,r21dev_vgg16_bn_aa_s42,category_calibration,124,single_uu,Houses,Houses,0.02,,50,target_outside_sampled_range,IU,129,83.33333333333334,runs/yin_category_uu_20260926/results/r21dev_vgg16_bn_aa_s42/houses_yin64/results.csv,IU
mixed,Mixed faces / AA4,r21dev_vgg16_bn_aa_s42,category_calibration,124,single_uu,Houses,Houses,0.02,,50,target_outside_sampled_range,IU,130,87.5,runs/yin_category_uu_20260926/results/r21dev_vgg16_bn_aa_s42/houses_yin64/results.csv,IU
mixed,Mixed faces / AA4,r21dev_vgg16_bn_aa_s42,category_calibration,124,single_uu,Houses,Houses,0.02,,50,target_outside_sampled_range,IU,131,75.0,runs/yin_category_uu_20260926/results/r21dev_vgg16_bn_aa_s42/houses_yin64/results.csv,IU
mixed,Mixed faces / AA4,r21dev_vgg16_bn_aa_s42,category_calibration,124,single_uu,Houses,Houses,0.02,,50,target_outside_sampled_range,IU,132,79.16666666666666,runs/yin_category_uu_20260926/results/r21dev_vgg16_bn_aa_s42/houses_yin64/results.csv,IU
mixed,Mixed faces / AA4,r21dev_vgg16_bn_aa_s42,category_calibration,124,single_uu,Houses,Houses,0.02,,50,target_outside_sampled_range,IU,133,79.16666666666666,runs/yin_category_uu_20260926/results/r21dev_vgg16_bn_aa_s42/houses_yin64/results.csv,IU
mixed,Mixed faces / AA4,r21dev_vgg16_bn_aa_s42,category_calibration,124,single_uu,Houses,Houses,0.02,,50,target_outside_sampled_range,IU,134,79.16666666666666,runs/yin_category_uu_20260926/results/r21dev_vgg16_bn_aa_s42/houses_yin64/results.csv,IU
mixed,Mixed faces / AA4,r21dev_vgg16_bn_aa_s42,category_calibration,124,single_uu,Houses,Houses,0.02,,50,target_outside_sampled_range,IU,135,83.33333333333334,runs/yin_category_uu_20260926/results/r21dev_vgg16_bn_aa_s42/houses_yin64/results.csv,IU
mixed,Mixed faces / AA4,r21dev_vgg16_bn_aa_s42,category_calibration,124,single_uu,Houses,Houses,0.02,,50,target_outside_sampled_range,IU,136,79.16666666666666,runs/yin_category_uu_20260926/results/r21dev_vgg16_bn_aa_s42/houses_yin64/results.csv,IU
mixed,Mixed faces / AA4,r21dev_vgg16_bn_aa_s42,category_calibration,124,single_uu,Houses,Houses,0.02,,50,target_outside_sampled_range,IU,137,83.33333333333334,runs/yin_category_uu_20260926/results/r21dev_vgg16_bn_aa_s42/houses_yin64/results.csv,IU
mixed,Mixed faces / AA4,r21dev_vgg16_bn_aa_s42,category_calibration,124,single_uu,Houses,Houses,0.02,,50,target_outside_sampled_range,IU,138,70.83333333333334,runs/yin_category_uu_20260926/results/r21dev_vgg16_bn_aa_s42/houses_yin64/results.csv,IU
mixed,Mixed faces / AA4,r21dev_vgg16_bn_aa_s42,category_calibration,124,single_uu,Houses,Houses,0.02,,50,target_outside_sampled_range,IU,139,70.83333333333334,runs/yin_category_uu_20260926/results/r21dev_vgg16_bn_aa_s42/houses_yin64/results.csv,IU
mixed,Mixed faces / AA4,r21dev_vgg16_bn_aa_s42,category_calibration,124,single_uu,Houses,Houses,0.02,,50,target_outside_sampled_range,IU,140,66.66666666666666,runs/yin_category_uu_20260926/results/r21dev_vgg16_bn_aa_s42/houses_yin64/results.csv,IU
mixed,Mixed faces / AA4,r21dev_vgg16_bn_aa_s42,category_calibration,124,single_uu,Houses,Houses,0.02,,50,target_outside_sampled_range,IU,141,79.16666666666666,runs/yin_category_uu_20260926/results/r21dev_vgg16_bn_aa_s42/houses_yin64/results.csv,IU
mixed,Mixed faces / AA4,r21dev_vgg16_bn_aa_s42,category_calibration,124,single_uu,Houses,Houses,0.02,,50,target_outside_sampled_range,IU,142,83.33333333333334,runs/yin_category_uu_20260926/results/r21dev_vgg16_bn_aa_s42/houses_yin64/results.csv,IU
mixed,Mixed faces / AA4,r21dev_vgg16_bn_aa_s42,category_calibration,124,single_uu,Houses,Houses,0.02,,50,target_outside_sampled_range,IU,143,70.83333333333334,runs/yin_category_uu_20260926/results/r21dev_vgg16_bn_aa_s42/houses_yin64/results.csv,IU
mixed,Mixed faces / AA4,r21dev_vgg16_bn_aa_s42,category_calibration,124,single_uu,Houses,Houses,0.02,,50,target_outside_sampled_range,IU,144,79.16666666666666,runs/yin_category_uu_20260926/results/r21dev_vgg16_bn_aa_s42/houses_yin64/results.csv,IU
mixed,Mixed faces / AA4,r21dev_vgg16_bn_aa_s42,category_calibration,124,single_uu,Houses,Houses,0.02,,50,target_outside_sampled_range,IU,145,79.16666666666666,runs/yin_category_uu_20260926/results/r21dev_vgg16_bn_aa_s42/houses_yin64/results.csv,IU
mixed,Mixed faces / AA4,r21dev_vgg16_bn_aa_s42,category_calibration,124,single_uu,Houses,Houses,0.02,,50,target_outside_sampled_range,IU,146,70.83333333333334,runs/yin_category_uu_20260926/results/r21dev_vgg16_bn_aa_s42/houses_yin64/results.csv,IU
mixed,Mixed faces / AA4,r21dev_vgg16_bn_aa_s42,category_calibration,124,single_uu,Houses,Houses,0.02,,50,target_outside_sampled_range,IU,147,75.0,runs/yin_category_uu_20260926/results/r21dev_vgg16_bn_aa_s42/houses_yin64/results.csv,IU
mixed,Mixed faces / AA4,r21dev_vgg16_bn_aa_s42,category_calibration,124,single_uu,Houses,Houses,0.02,,50,target_outside_sampled_range,IU,148,83.33333333333334,runs/yin_category_uu_20260926/results/r21dev_vgg16_bn_aa_s42/houses_yin64/results.csv,IU
mixed,Mixed faces / AA4,r21dev_vgg16_bn_aa_s42,category_calibration,124,single_uu,Houses,Houses,0.02,,50,target_outside_sampled_range,IU,149,83.33333333333334,runs/yin_category_uu_20260926/results/r21dev_vgg16_bn_aa_s42/houses_yin64/results.csv,IU
mixed,Mixed faces / AA4,r21dev_vgg16_bn_aa_s42,category_calibration,124,single_uu,Houses,Houses,0.02,,50,target_outside_sampled_range,IU,150,79.16666666666666,runs/yin_category_uu_20260926/results/r21dev_vgg16_bn_aa_s42/houses_yin64/results.csv,IU
mixed,Mixed faces / AA4,r21dev_vgg16_bn_aa_s42,snapshot,111,two_cross,RFW WM64,Faces,0.36,0.39,50,within_sampled_range,UU,101,91.66666666666666,runs/yin_orientation_20260925/results/latest/r21dev_vgg16_bn_aa_s42/faces_rfwWM64/results.csv,UU
mixed,Mixed faces / AA4,r21dev_vgg16_bn_aa_s42,snapshot,111,two_cross,RFW WM64,Faces,0.36,0.39,50,within_sampled_range,UU,102,100.0,runs/yin_orientation_20260925/results/latest/r21dev_vgg16_bn_aa_s42/faces_rfwWM64/results.csv,UU
mixed,Mixed faces / AA4,r21dev_vgg16_bn_aa_s42,snapshot,111,two_cross,RFW WM64,Faces,0.36,0.39,50,within_sampled_range,UU,103,95.83333333333334,runs/yin_orientation_20260925/results/latest/r21dev_vgg16_bn_aa_s42/faces_rfwWM64/results.csv,UU
mixed,Mixed faces / AA4,r21dev_vgg16_bn_aa_s42,snapshot,111,two_cross,RFW WM64,Faces,0.36,0.39,50,within_sampled_range,UU,104,95.83333333333334,runs/yin_orientation_20260925/results/latest/r21dev_vgg16_bn_aa_s42/faces_rfwWM64/results.csv,UU
mixed,Mixed faces / AA4,r21dev_vgg16_bn_aa_s42,snapshot,111,two_cross,RFW WM64,Faces,0.36,0.39,50,within_sampled_range,UU,105,91.66666666666666,runs/yin_orientation_20260925/results/latest/r21dev_vgg16_bn_aa_s42/faces_rfwWM64/results.csv,UU
mixed,Mixed faces / AA4,r21dev_vgg16_bn_aa_s42,snapshot,111,two_cross,RFW WM64,Faces,0.36,0.39,50,within_sampled_range,UU,106,100.0,runs/yin_orientation_20260925/results/latest/r21dev_vgg16_bn_aa_s42/faces_rfwWM64/results.csv,UU
mixed,Mixed faces / AA4,r21dev_vgg16_bn_aa_s42,snapshot,111,two_cross,RFW WM64,Faces,0.36,0.39,50,within_sampled_range,UU,107,100.0,runs/yin_orientation_20260925/results/latest/r21dev_vgg16_bn_aa_s42/faces_rfwWM64/results.csv,UU
mixed,Mixed faces / AA4,r21dev_vgg16_bn_aa_s42,snapshot,111,two_cross,RFW WM64,Faces,0.36,0.39,50,within_sampled_range,UU,108,95.83333333333334,runs/yin_orientation_20260925/results/latest/r21dev_vgg16_bn_aa_s42/faces_rfwWM64/results.csv,UU
mixed,Mixed faces / AA4,r21dev_vgg16_bn_aa_s42,snapshot,111,two_cross,RFW WM64,Faces,0.36,0.39,50,within_sampled_range,UU,109,100.0,runs/yin_orientation_20260925/results/latest/r21dev_vgg16_bn_aa_s42/faces_rfwWM64/results.csv,UU
mixed,Mixed faces / AA4,r21dev_vgg16_bn_aa_s42,snapshot,111,two_cross,RFW WM64,Faces,0.36,0.39,50,within_sampled_range,UU,110,100.0,runs/yin_orientation_20260925/results/latest/r21dev_vgg16_bn_aa_s42/faces_rfwWM64/results.csv,UU
mixed,Mixed faces / AA4,r21dev_vgg16_bn_aa_s42,snapshot,111,two_cross,RFW WM64,Faces,0.36,0.39,50,within_sampled_range,UU,111,87.5,runs/yin_orientation_20260925/results/latest/r21dev_vgg16_bn_aa_s42/faces_rfwWM64/results.csv,UU
mixed,Mixed faces / AA4,r21dev_vgg16_bn_aa_s42,snapshot,111,two_cross,RFW WM64,Faces,0.36,0.39,50,within_sampled_range,UU,112,95.83333333333334,runs/yin_orientation_20260925/results/latest/r21dev_vgg16_bn_aa_s42/faces_rfwWM64/results.csv,UU
mixed,Mixed faces / AA4,r21dev_vgg16_bn_aa_s42,snapshot,111,two_cross,RFW WM64,Faces,0.36,0.39,50,within_sampled_range,UU,113,95.83333333333334,runs/yin_orientation_20260925/results/latest/r21dev_vgg16_bn_aa_s42/faces_rfwWM64/results.csv,UU
mixed,Mixed faces / AA4,r21dev_vgg16_bn_aa_s42,snapshot,111,two_cross,RFW WM64,Faces,0.36,0.39,50,within_sampled_range,UU,114,91.66666666666666,runs/yin_orientation_20260925/results/latest/r21dev_vgg16_bn_aa_s42/faces_rfwWM64/results.csv,UU
mixed,Mixed faces / AA4,r21dev_vgg16_bn_aa_s42,snapshot,111,two_cross,RFW WM64,Faces,0.36,0.39,50,within_sampled_range,UU,115,95.83333333333334,runs/yin_orientation_20260925/results/latest/r21dev_vgg16_bn_aa_s42/faces_rfwWM64/results.csv,UU
mixed,Mixed faces / AA4,r21dev_vgg16_bn_aa_s42,snapshot,111,two_cross,RFW WM64,Faces,0.36,0.39,50,within_sampled_range,UU,116,100.0,runs/yin_orientation_20260925/results/latest/r21dev_vgg16_bn_aa_s42/faces_rfwWM64/results.csv,UU
mixed,Mixed faces / AA4,r21dev_vgg16_bn_aa_s42,snapshot,111,two_cross,RFW WM64,Faces,0.36,0.39,50,within_sampled_range,UU,117,100.0,runs/yin_orientation_20260925/results/latest/r21dev_vgg16_bn_aa_s42/faces_rfwWM64/results.csv,UU
mixed,Mixed faces / AA4,r21dev_vgg16_bn_aa_s42,snapshot,111,two_cross,RFW WM64,Faces,0.36,0.39,50,within_sampled_range,UU,118,100.0,runs/yin_orientation_20260925/results/latest/r21dev_vgg16_bn_aa_s42/faces_rfwWM64/results.csv,UU
mixed,Mixed faces / AA4,r21dev_vgg16_bn_aa_s42,snapshot,111,two_cross,RFW WM64,Faces,0.36,0.39,50,within_sampled_range,UU,119,95.83333333333334,runs/yin_orientation_20260925/results/latest/r21dev_vgg16_bn_aa_s42/faces_rfwWM64/results.csv,UU
mixed,Mixed faces / AA4,r21dev_vgg16_bn_aa_s42,snapshot,111,two_cross,RFW WM64,Faces,0.36,0.39,50,within_sampled_range,UU,120,95.83333333333334,runs/yin_orientation_20260925/results/latest/r21dev_vgg16_bn_aa_s42/faces_rfwWM64/results.csv,UU
mixed,Mixed faces / AA4,r21dev_vgg16_bn_aa_s42,snapshot,111,two_cross,RFW WM64,Faces,0.36,0.39,50,within_sampled_range,UU,121,100.0,runs/yin_orientation_20260925/results/latest/r21dev_vgg16_bn_aa_s42/faces_rfwWM64/results.csv,UU
mixed,Mixed faces / AA4,r21dev_vgg16_bn_aa_s42,snapshot,111,two_cross,RFW WM64,Faces,0.36,0.39,50,within_sampled_range,UU,122,100.0,runs/yin_orientation_20260925/results/latest/r21dev_vgg16_bn_aa_s42/faces_rfwWM64/results.csv,UU
mixed,Mixed faces / AA4,r21dev_vgg16_bn_aa_s42,snapshot,111,two_cross,RFW WM64,Faces,0.36,0.39,50,within_sampled_range,UU,123,100.0,runs/yin_orientation_20260925/results/latest/r21dev_vgg16_bn_aa_s42/faces_rfwWM64/results.csv,UU
mixed,Mixed faces / AA4,r21dev_vgg16_bn_aa_s42,snapshot,111,two_cross,RFW WM64,Faces,0.36,0.39,50,within_sampled_range,UU,124,95.83333333333334,runs/yin_orientation_20260925/results/latest/r21dev_vgg16_bn_aa_s42/faces_rfwWM64/results.csv,UU
mixed,Mixed faces / AA4,r21dev_vgg16_bn_aa_s42,snapshot,111,two_cross,RFW WM64,Faces,0.36,0.39,50,within_sampled_range,UU,125,95.83333333333334,runs/yin_orientation_20260925/results/latest/r21dev_vgg16_bn_aa_s42/faces_rfwWM64/results.csv,UU
mixed,Mixed faces / AA4,r21dev_vgg16_bn_aa_s42,snapshot,111,two_cross,RFW WM64,Faces,0.36,0.39,50,within_sampled_range,UU,126,95.83333333333334,runs/yin_orientation_20260925/results/latest/r21dev_vgg16_bn_aa_s42/faces_rfwWM64/results.csv,UU
mixed,Mixed faces / AA4,r21dev_vgg16_bn_aa_s42,snapshot,111,two_cross,RFW WM64,Faces,0.36,0.39,50,within_sampled_range,UU,127,91.66666666666666,runs/yin_orientation_20260925/results/latest/r21dev_vgg16_bn_aa_s42/faces_rfwWM64/results.csv,UU
mixed,Mixed faces / AA4,r21dev_vgg16_bn_aa_s42,snapshot,111,two_cross,RFW WM64,Faces,0.36,0.39,50,within_sampled_range,UU,128,95.83333333333334,runs/yin_orientation_20260925/results/latest/r21dev_vgg16_bn_aa_s42/faces_rfwWM64/results.csv,UU
mixed,Mixed faces / AA4,r21dev_vgg16_bn_aa_s42,snapshot,111,two_cross,RFW WM64,Faces,0.36,0.39,50,within_sampled_range,UU,129,95.83333333333334,runs/yin_orientation_20260925/results/latest/r21dev_vgg16_bn_aa_s42/faces_rfwWM64/results.csv,UU
mixed,Mixed faces / AA4,r21dev_vgg16_bn_aa_s42,snapshot,111,two_cross,RFW WM64,Faces,0.36,0.39,50,within_sampled_range,UU,130,100.0,runs/yin_orientation_20260925/results/latest/r21dev_vgg16_bn_aa_s42/faces_rfwWM64/results.csv,UU
mixed,Mixed faces / AA4,r21dev_vgg16_bn_aa_s42,snapshot,111,two_cross,RFW WM64,Faces,0.36,0.39,50,within_sampled_range,UU,131,100.0,runs/yin_orientation_20260925/results/latest/r21dev_vgg16_bn_aa_s42/faces_rfwWM64/results.csv,UU
mixed,Mixed faces / AA4,r21dev_vgg16_bn_aa_s42,snapshot,111,two_cross,RFW WM64,Faces,0.36,0.39,50,within_sampled_range,UU,132,100.0,runs/yin_orientation_20260925/results/latest/r21dev_vgg16_bn_aa_s42/faces_rfwWM64/results.csv,UU
mixed,Mixed faces / AA4,r21dev_vgg16_bn_aa_s42,snapshot,111,two_cross,RFW WM64,Faces,0.36,0.39,50,within_sampled_range,UU,133,91.66666666666666,runs/yin_orientation_20260925/results/latest/r21dev_vgg16_bn_aa_s42/faces_rfwWM64/results.csv,UU
mixed,Mixed faces / AA4,r21dev_vgg16_bn_aa_s42,snapshot,111,two_cross,RFW WM64,Faces,0.36,0.39,50,within_sampled_range,UU,134,100.0,runs/yin_orientation_20260925/results/latest/r21dev_vgg16_bn_aa_s42/faces_rfwWM64/results.csv,UU
mixed,Mixed faces / AA4,r21dev_vgg16_bn_aa_s42,snapshot,111,two_cross,RFW WM64,Faces,0.36,0.39,50,within_sampled_range,UU,135,91.66666666666666,runs/yin_orientation_20260925/results/latest/r21dev_vgg16_bn_aa_s42/faces_rfwWM64/results.csv,UU
mixed,Mixed faces / AA4,r21dev_vgg16_bn_aa_s42,snapshot,111,two_cross,RFW WM64,Faces,0.36,0.39,50,within_sampled_range,UU,136,95.83333333333334,runs/yin_orientation_20260925/results/latest/r21dev_vgg16_bn_aa_s42/faces_rfwWM64/results.csv,UU
mixed,Mixed faces / AA4,r21dev_vgg16_bn_aa_s42,snapshot,111,two_cross,RFW WM64,Faces,0.36,0.39,50,within_sampled_range,UU,137,95.83333333333334,runs/yin_orientation_20260925/results/latest/r21dev_vgg16_bn_aa_s42/faces_rfwWM64/results.csv,UU
mixed,Mixed faces / AA4,r21dev_vgg16_bn_aa_s42,snapshot,111,two_cross,RFW WM64,Faces,0.36,0.39,50,within_sampled_range,UU,138,95.83333333333334,runs/yin_orientation_20260925/results/latest/r21dev_vgg16_bn_aa_s42/faces_rfwWM64/results.csv,UU
mixed,Mixed faces / AA4,r21dev_vgg16_bn_aa_s42,snapshot,111,two_cross,RFW WM64,Faces,0.36,0.39,50,within_sampled_range,UU,139,91.66666666666666,runs/yin_orientation_20260925/results/latest/r21dev_vgg16_bn_aa_s42/faces_rfwWM64/results.csv,UU
mixed,Mixed faces / AA4,r21dev_vgg16_bn_aa_s42,snapshot,111,two_cross,RFW WM64,Faces,0.36,0.39,50,within_sampled_range,UU,140,87.5,runs/yin_orientation_20260925/results/latest/r21dev_vgg16_bn_aa_s42/faces_rfwWM64/results.csv,UU
mixed,Mixed faces / AA4,r21dev_vgg16_bn_aa_s42,snapshot,111,two_cross,RFW WM64,Faces,0.36,0.39,50,within_sampled_range,UU,141,100.0,runs/yin_orientation_20260925/results/latest/r21dev_vgg16_bn_aa_s42/faces_rfwWM64/results.csv,UU
mixed,Mixed faces / AA4,r21dev_vgg16_bn_aa_s42,snapshot,111,two_cross,RFW WM64,Faces,0.36,0.39,50,within_sampled_range,UU,142,95.83333333333334,runs/yin_orientation_20260925/results/latest/r21dev_vgg16_bn_aa_s42/faces_rfwWM64/results.csv,UU
mixed,Mixed faces / AA4,r21dev_vgg16_bn_aa_s42,snapshot,111,two_cross,RFW WM64,Faces,0.36,0.39,50,within_sampled_range,UU,143,100.0,runs/yin_orientation_20260925/results/latest/r21dev_vgg16_bn_aa_s42/faces_rfwWM64/results.csv,UU
mixed,Mixed faces / AA4,r21dev_vgg16_bn_aa_s42,snapshot,111,two_cross,RFW WM64,Faces,0.36,0.39,50,within_sampled_range,UU,144,91.66666666666666,runs/yin_orientation_20260925/results/latest/r21dev_vgg16_bn_aa_s42/faces_rfwWM64/results.csv,UU
mixed,Mixed faces / AA4,r21dev_vgg16_bn_aa_s42,snapshot,111,two_cross,RFW WM64,Faces,0.36,0.39,50,within_sampled_range,UU,145,95.83333333333334,runs/yin_orientation_20260925/results/latest/r21dev_vgg16_bn_aa_s42/faces_rfwWM64/results.csv,UU
mixed,Mixed faces / AA4,r21dev_vgg16_bn_aa_s42,snapshot,111,two_cross,RFW WM64,Faces,0.36,0.39,50,within_sampled_range,UU,146,95.83333333333334,runs/yin_orientation_20260925/results/latest/r21dev_vgg16_bn_aa_s42/faces_rfwWM64/results.csv,UU
mixed,Mixed faces / AA4,r21dev_vgg16_bn_aa_s42,snapshot,111,two_cross,RFW WM64,Faces,0.36,0.39,50,within_sampled_range,UU,147,100.0,runs/yin_orientation_20260925/results/latest/r21dev_vgg16_bn_aa_s42/faces_rfwWM64/results.csv,UU
mixed,Mixed faces / AA4,r21dev_vgg16_bn_aa_s42,snapshot,111,two_cross,RFW WM64,Faces,0.36,0.39,50,within_sampled_range,UU,148,95.83333333333334,runs/yin_orientation_20260925/results/latest/r21dev_vgg16_bn_aa_s42/faces_rfwWM64/results.csv,UU
mixed,Mixed faces / AA4,r21dev_vgg16_bn_aa_s42,snapshot,111,two_cross,RFW WM64,Faces,0.36,0.39,50,within_sampled_range,UU,149,91.66666666666666,runs/yin_orientation_20260925/results/latest/r21dev_vgg16_bn_aa_s42/faces_rfwWM64/results.csv,UU
mixed,Mixed faces / AA4,r21dev_vgg16_bn_aa_s42,snapshot,111,two_cross,RFW WM64,Faces,0.36,0.39,50,within_sampled_range,UU,150,100.0,runs/yin_orientation_20260925/results/latest/r21dev_vgg16_bn_aa_s42/faces_rfwWM64/results.csv,UU
mixed,Mixed faces / AA4,r21dev_vgg16_bn_aa_s42,snapshot,111,two_cross,RFW WM64,Faces,0.36,0.39,50,within_sampled_range,II,101,95.83333333333334,runs/yin_orientation_20260925/results/latest/r21dev_vgg16_bn_aa_s42/faces_rfwWM64/results.csv,II
mixed,Mixed faces / AA4,r21dev_vgg16_bn_aa_s42,snapshot,111,two_cross,RFW WM64,Faces,0.36,0.39,50,within_sampled_range,II,102,70.83333333333334,runs/yin_orientation_20260925/results/latest/r21dev_vgg16_bn_aa_s42/faces_rfwWM64/results.csv,II
mixed,Mixed faces / AA4,r21dev_vgg16_bn_aa_s42,snapshot,111,two_cross,RFW WM64,Faces,0.36,0.39,50,within_sampled_range,II,103,87.5,runs/yin_orientation_20260925/results/latest/r21dev_vgg16_bn_aa_s42/faces_rfwWM64/results.csv,II
mixed,Mixed faces / AA4,r21dev_vgg16_bn_aa_s42,snapshot,111,two_cross,RFW WM64,Faces,0.36,0.39,50,within_sampled_range,II,104,87.5,runs/yin_orientation_20260925/results/latest/r21dev_vgg16_bn_aa_s42/faces_rfwWM64/results.csv,II
mixed,Mixed faces / AA4,r21dev_vgg16_bn_aa_s42,snapshot,111,two_cross,RFW WM64,Faces,0.36,0.39,50,within_sampled_range,II,105,62.5,runs/yin_orientation_20260925/results/latest/r21dev_vgg16_bn_aa_s42/faces_rfwWM64/results.csv,II
mixed,Mixed faces / AA4,r21dev_vgg16_bn_aa_s42,snapshot,111,two_cross,RFW WM64,Faces,0.36,0.39,50,within_sampled_range,II,106,75.0,runs/yin_orientation_20260925/results/latest/r21dev_vgg16_bn_aa_s42/faces_rfwWM64/results.csv,II
mixed,Mixed faces / AA4,r21dev_vgg16_bn_aa_s42,snapshot,111,two_cross,RFW WM64,Faces,0.36,0.39,50,within_sampled_range,II,107,79.16666666666666,runs/yin_orientation_20260925/results/latest/r21dev_vgg16_bn_aa_s42/faces_rfwWM64/results.csv,II
mixed,Mixed faces / AA4,r21dev_vgg16_bn_aa_s42,snapshot,111,two_cross,RFW WM64,Faces,0.36,0.39,50,within_sampled_range,II,108,95.83333333333334,runs/yin_orientation_20260925/results/latest/r21dev_vgg16_bn_aa_s42/faces_rfwWM64/results.csv,II
mixed,Mixed faces / AA4,r21dev_vgg16_bn_aa_s42,snapshot,111,two_cross,RFW WM64,Faces,0.36,0.39,50,within_sampled_range,II,109,83.33333333333334,runs/yin_orientation_20260925/results/latest/r21dev_vgg16_bn_aa_s42/faces_rfwWM64/results.csv,II
mixed,Mixed faces / AA4,r21dev_vgg16_bn_aa_s42,snapshot,111,two_cross,RFW WM64,Faces,0.36,0.39,50,within_sampled_range,II,110,66.66666666666666,runs/yin_orientation_20260925/results/latest/r21dev_vgg16_bn_aa_s42/faces_rfwWM64/results.csv,II
mixed,Mixed faces / AA4,r21dev_vgg16_bn_aa_s42,snapshot,111,two_cross,RFW WM64,Faces,0.36,0.39,50,within_sampled_range,II,111,83.33333333333334,runs/yin_orientation_20260925/results/latest/r21dev_vgg16_bn_aa_s42/faces_rfwWM64/results.csv,II
mixed,Mixed faces / AA4,r21dev_vgg16_bn_aa_s42,snapshot,111,two_cross,RFW WM64,Faces,0.36,0.39,50,within_sampled_range,II,112,87.5,runs/yin_orientation_20260925/results/latest/r21dev_vgg16_bn_aa_s42/faces_rfwWM64/results.csv,II
mixed,Mixed faces / AA4,r21dev_vgg16_bn_aa_s42,snapshot,111,two_cross,RFW WM64,Faces,0.36,0.39,50,within_sampled_range,II,113,62.5,runs/yin_orientation_20260925/results/latest/r21dev_vgg16_bn_aa_s42/faces_rfwWM64/results.csv,II
mixed,Mixed faces / AA4,r21dev_vgg16_bn_aa_s42,snapshot,111,two_cross,RFW WM64,Faces,0.36,0.39,50,within_sampled_range,II,114,70.83333333333334,runs/yin_orientation_20260925/results/latest/r21dev_vgg16_bn_aa_s42/faces_rfwWM64/results.csv,II
mixed,Mixed faces / AA4,r21dev_vgg16_bn_aa_s42,snapshot,111,two_cross,RFW WM64,Faces,0.36,0.39,50,within_sampled_range,II,115,75.0,runs/yin_orientation_20260925/results/latest/r21dev_vgg16_bn_aa_s42/faces_rfwWM64/results.csv,II
mixed,Mixed faces / AA4,r21dev_vgg16_bn_aa_s42,snapshot,111,two_cross,RFW WM64,Faces,0.36,0.39,50,within_sampled_range,II,116,70.83333333333334,runs/yin_orientation_20260925/results/latest/r21dev_vgg16_bn_aa_s42/faces_rfwWM64/results.csv,II
mixed,Mixed faces / AA4,r21dev_vgg16_bn_aa_s42,snapshot,111,two_cross,RFW WM64,Faces,0.36,0.39,50,within_sampled_range,II,117,79.16666666666666,runs/yin_orientation_20260925/results/latest/r21dev_vgg16_bn_aa_s42/faces_rfwWM64/results.csv,II
mixed,Mixed faces / AA4,r21dev_vgg16_bn_aa_s42,snapshot,111,two_cross,RFW WM64,Faces,0.36,0.39,50,within_sampled_range,II,118,91.66666666666666,runs/yin_orientation_20260925/results/latest/r21dev_vgg16_bn_aa_s42/faces_rfwWM64/results.csv,II
mixed,Mixed faces / AA4,r21dev_vgg16_bn_aa_s42,snapshot,111,two_cross,RFW WM64,Faces,0.36,0.39,50,within_sampled_range,II,119,79.16666666666666,runs/yin_orientation_20260925/results/latest/r21dev_vgg16_bn_aa_s42/faces_rfwWM64/results.csv,II
mixed,Mixed faces / AA4,r21dev_vgg16_bn_aa_s42,snapshot,111,two_cross,RFW WM64,Faces,0.36,0.39,50,within_sampled_range,II,120,87.5,runs/yin_orientation_20260925/results/latest/r21dev_vgg16_bn_aa_s42/faces_rfwWM64/results.csv,II
mixed,Mixed faces / AA4,r21dev_vgg16_bn_aa_s42,snapshot,111,two_cross,RFW WM64,Faces,0.36,0.39,50,within_sampled_range,II,121,70.83333333333334,runs/yin_orientation_20260925/results/latest/r21dev_vgg16_bn_aa_s42/faces_rfwWM64/results.csv,II
mixed,Mixed faces / AA4,r21dev_vgg16_bn_aa_s42,snapshot,111,two_cross,RFW WM64,Faces,0.36,0.39,50,within_sampled_range,II,122,75.0,runs/yin_orientation_20260925/results/latest/r21dev_vgg16_bn_aa_s42/faces_rfwWM64/results.csv,II
mixed,Mixed faces / AA4,r21dev_vgg16_bn_aa_s42,snapshot,111,two_cross,RFW WM64,Faces,0.36,0.39,50,within_sampled_range,II,123,66.66666666666666,runs/yin_orientation_20260925/results/latest/r21dev_vgg16_bn_aa_s42/faces_rfwWM64/results.csv,II
mixed,Mixed faces / AA4,r21dev_vgg16_bn_aa_s42,snapshot,111,two_cross,RFW WM64,Faces,0.36,0.39,50,within_sampled_range,II,124,83.33333333333334,runs/yin_orientation_20260925/results/latest/r21dev_vgg16_bn_aa_s42/faces_rfwWM64/results.csv,II
mixed,Mixed faces / AA4,r21dev_vgg16_bn_aa_s42,snapshot,111,two_cross,RFW WM64,Faces,0.36,0.39,50,within_sampled_range,II,125,83.33333333333334,runs/yin_orientation_20260925/results/latest/r21dev_vgg16_bn_aa_s42/faces_rfwWM64/results.csv,II
mixed,Mixed faces / AA4,r21dev_vgg16_bn_aa_s42,snapshot,111,two_cross,RFW WM64,Faces,0.36,0.39,50,within_sampled_range,II,126,79.16666666666666,runs/yin_orientation_20260925/results/latest/r21dev_vgg16_bn_aa_s42/faces_rfwWM64/results.csv,II
mixed,Mixed faces / AA4,r21dev_vgg16_bn_aa_s42,snapshot,111,two_cross,RFW WM64,Faces,0.36,0.39,50,within_sampled_range,II,127,83.33333333333334,runs/yin_orientation_20260925/results/latest/r21dev_vgg16_bn_aa_s42/faces_rfwWM64/results.csv,II
mixed,Mixed faces / AA4,r21dev_vgg16_bn_aa_s42,snapshot,111,two_cross,RFW WM64,Faces,0.36,0.39,50,within_sampled_range,II,128,75.0,runs/yin_orientation_20260925/results/latest/r21dev_vgg16_bn_aa_s42/faces_rfwWM64/results.csv,II
mixed,Mixed faces / AA4,r21dev_vgg16_bn_aa_s42,snapshot,111,two_cross,RFW WM64,Faces,0.36,0.39,50,within_sampled_range,II,129,75.0,runs/yin_orientation_20260925/results/latest/r21dev_vgg16_bn_aa_s42/faces_rfwWM64/results.csv,II
mixed,Mixed faces / AA4,r21dev_vgg16_bn_aa_s42,snapshot,111,two_cross,RFW WM64,Faces,0.36,0.39,50,within_sampled_range,II,130,66.66666666666666,runs/yin_orientation_20260925/results/latest/r21dev_vgg16_bn_aa_s42/faces_rfwWM64/results.csv,II
mixed,Mixed faces / AA4,r21dev_vgg16_bn_aa_s42,snapshot,111,two_cross,RFW WM64,Faces,0.36,0.39,50,within_sampled_range,II,131,66.66666666666666,runs/yin_orientation_20260925/results/latest/r21dev_vgg16_bn_aa_s42/faces_rfwWM64/results.csv,II
mixed,Mixed faces / AA4,r21dev_vgg16_bn_aa_s42,snapshot,111,two_cross,RFW WM64,Faces,0.36,0.39,50,within_sampled_range,II,132,95.83333333333334,runs/yin_orientation_20260925/results/latest/r21dev_vgg16_bn_aa_s42/faces_rfwWM64/results.csv,II
mixed,Mixed faces / AA4,r21dev_vgg16_bn_aa_s42,snapshot,111,two_cross,RFW WM64,Faces,0.36,0.39,50,within_sampled_range,II,133,91.66666666666666,runs/yin_orientation_20260925/results/latest/r21dev_vgg16_bn_aa_s42/faces_rfwWM64/results.csv,II
mixed,Mixed faces / AA4,r21dev_vgg16_bn_aa_s42,snapshot,111,two_cross,RFW WM64,Faces,0.36,0.39,50,within_sampled_range,II,134,75.0,runs/yin_orientation_20260925/results/latest/r21dev_vgg16_bn_aa_s42/faces_rfwWM64/results.csv,II
mixed,Mixed faces / AA4,r21dev_vgg16_bn_aa_s42,snapshot,111,two_cross,RFW WM64,Faces,0.36,0.39,50,within_sampled_range,II,135,70.83333333333334,runs/yin_orientation_20260925/results/latest/r21dev_vgg16_bn_aa_s42/faces_rfwWM64/results.csv,II
mixed,Mixed faces / AA4,r21dev_vgg16_bn_aa_s42,snapshot,111,two_cross,RFW WM64,Faces,0.36,0.39,50,within_sampled_range,II,136,83.33333333333334,runs/yin_orientation_20260925/results/latest/r21dev_vgg16_bn_aa_s42/faces_rfwWM64/results.csv,II
mixed,Mixed faces / AA4,r21dev_vgg16_bn_aa_s42,snapshot,111,two_cross,RFW WM64,Faces,0.36,0.39,50,within_sampled_range,II,137,83.33333333333334,runs/yin_orientation_20260925/results/latest/r21dev_vgg16_bn_aa_s42/faces_rfwWM64/results.csv,II
mixed,Mixed faces / AA4,r21dev_vgg16_bn_aa_s42,snapshot,111,two_cross,RFW WM64,Faces,0.36,0.39,50,within_sampled_range,II,138,87.5,runs/yin_orientation_20260925/results/latest/r21dev_vgg16_bn_aa_s42/faces_rfwWM64/results.csv,II
mixed,Mixed faces / AA4,r21dev_vgg16_bn_aa_s42,snapshot,111,two_cross,RFW WM64,Faces,0.36,0.39,50,within_sampled_range,II,139,70.83333333333334,runs/yin_orientation_20260925/results/latest/r21dev_vgg16_bn_aa_s42/faces_rfwWM64/results.csv,II
mixed,Mixed faces / AA4,r21dev_vgg16_bn_aa_s42,snapshot,111,two_cross,RFW WM64,Faces,0.36,0.39,50,within_sampled_range,II,140,83.33333333333334,runs/yin_orientation_20260925/results/latest/r21dev_vgg16_bn_aa_s42/faces_rfwWM64/results.csv,II
mixed,Mixed faces / AA4,r21dev_vgg16_bn_aa_s42,snapshot,111,two_cross,RFW WM64,Faces,0.36,0.39,50,within_sampled_range,II,141,87.5,runs/yin_orientation_20260925/results/latest/r21dev_vgg16_bn_aa_s42/faces_rfwWM64/results.csv,II
mixed,Mixed faces / AA4,r21dev_vgg16_bn_aa_s42,snapshot,111,two_cross,RFW WM64,Faces,0.36,0.39,50,within_sampled_range,II,142,79.16666666666666,runs/yin_orientation_20260925/results/latest/r21dev_vgg16_bn_aa_s42/faces_rfwWM64/results.csv,II
mixed,Mixed faces / AA4,r21dev_vgg16_bn_aa_s42,snapshot,111,two_cross,RFW WM64,Faces,0.36,0.39,50,within_sampled_range,II,143,79.16666666666666,runs/yin_orientation_20260925/results/latest/r21dev_vgg16_bn_aa_s42/faces_rfwWM64/results.csv,II
mixed,Mixed faces / AA4,r21dev_vgg16_bn_aa_s42,snapshot,111,two_cross,RFW WM64,Faces,0.36,0.39,50,within_sampled_range,II,144,87.5,runs/yin_orientation_20260925/results/latest/r21dev_vgg16_bn_aa_s42/faces_rfwWM64/results.csv,II
mixed,Mixed faces / AA4,r21dev_vgg16_bn_aa_s42,snapshot,111,two_cross,RFW WM64,Faces,0.36,0.39,50,within_sampled_range,II,145,95.83333333333334,runs/yin_orientation_20260925/results/latest/r21dev_vgg16_bn_aa_s42/faces_rfwWM64/results.csv,II
mixed,Mixed faces / AA4,r21dev_vgg16_bn_aa_s42,snapshot,111,two_cross,RFW WM64,Faces,0.36,0.39,50,within_sampled_range,II,146,75.0,runs/yin_orientation_20260925/results/latest/r21dev_vgg16_bn_aa_s42/faces_rfwWM64/results.csv,II
mixed,Mixed faces / AA4,r21dev_vgg16_bn_aa_s42,snapshot,111,two_cross,RFW WM64,Faces,0.36,0.39,50,within_sampled_range,II,147,87.5,runs/yin_orientation_20260925/results/latest/r21dev_vgg16_bn_aa_s42/faces_rfwWM64/results.csv,II
mixed,Mixed faces / AA4,r21dev_vgg16_bn_aa_s42,snapshot,111,two_cross,RFW WM64,Faces,0.36,0.39,50,within_sampled_range,II,148,91.66666666666666,runs/yin_orientation_20260925/results/latest/r21dev_vgg16_bn_aa_s42/faces_rfwWM64/results.csv,II
mixed,Mixed faces / AA4,r21dev_vgg16_bn_aa_s42,snapshot,111,two_cross,RFW WM64,Faces,0.36,0.39,50,within_sampled_range,II,149,83.33333333333334,runs/yin_orientation_20260925/results/latest/r21dev_vgg16_bn_aa_s42/faces_rfwWM64/results.csv,II
mixed,Mixed faces / AA4,r21dev_vgg16_bn_aa_s42,snapshot,111,two_cross,RFW WM64,Faces,0.36,0.39,50,within_sampled_range,II,150,75.0,runs/yin_orientation_20260925/results/latest/r21dev_vgg16_bn_aa_s42/faces_rfwWM64/results.csv,II
mixed,Mixed faces / AA4,r21dev_vgg16_bn_aa_s42,snapshot,111,two_cross,RFW WM64,Faces,0.36,0.39,50,within_sampled_range,UI,101,91.66666666666666,runs/yin_orientation_20260925/results/latest/r21dev_vgg16_bn_aa_s42/faces_rfwWM64/results.csv,UI
mixed,Mixed faces / AA4,r21dev_vgg16_bn_aa_s42,snapshot,111,two_cross,RFW WM64,Faces,0.36,0.39,50,within_sampled_range,UI,102,75.0,runs/yin_orientation_20260925/results/latest/r21dev_vgg16_bn_aa_s42/faces_rfwWM64/results.csv,UI
mixed,Mixed faces / AA4,r21dev_vgg16_bn_aa_s42,snapshot,111,two_cross,RFW WM64,Faces,0.36,0.39,50,within_sampled_range,UI,103,95.83333333333334,runs/yin_orientation_20260925/results/latest/r21dev_vgg16_bn_aa_s42/faces_rfwWM64/results.csv,UI
mixed,Mixed faces / AA4,r21dev_vgg16_bn_aa_s42,snapshot,111,two_cross,RFW WM64,Faces,0.36,0.39,50,within_sampled_range,UI,104,70.83333333333334,runs/yin_orientation_20260925/results/latest/r21dev_vgg16_bn_aa_s42/faces_rfwWM64/results.csv,UI
mixed,Mixed faces / AA4,r21dev_vgg16_bn_aa_s42,snapshot,111,two_cross,RFW WM64,Faces,0.36,0.39,50,within_sampled_range,UI,105,66.66666666666666,runs/yin_orientation_20260925/results/latest/r21dev_vgg16_bn_aa_s42/faces_rfwWM64/results.csv,UI
mixed,Mixed faces / AA4,r21dev_vgg16_bn_aa_s42,snapshot,111,two_cross,RFW WM64,Faces,0.36,0.39,50,within_sampled_range,UI,106,95.83333333333334,runs/yin_orientation_20260925/results/latest/r21dev_vgg16_bn_aa_s42/faces_rfwWM64/results.csv,UI
mixed,Mixed faces / AA4,r21dev_vgg16_bn_aa_s42,snapshot,111,two_cross,RFW WM64,Faces,0.36,0.39,50,within_sampled_range,UI,107,79.16666666666666,runs/yin_orientation_20260925/results/latest/r21dev_vgg16_bn_aa_s42/faces_rfwWM64/results.csv,UI
mixed,Mixed faces / AA4,r21dev_vgg16_bn_aa_s42,snapshot,111,two_cross,RFW WM64,Faces,0.36,0.39,50,within_sampled_range,UI,108,87.5,runs/yin_orientation_20260925/results/latest/r21dev_vgg16_bn_aa_s42/faces_rfwWM64/results.csv,UI
mixed,Mixed faces / AA4,r21dev_vgg16_bn_aa_s42,snapshot,111,two_cross,RFW WM64,Faces,0.36,0.39,50,within_sampled_range,UI,109,83.33333333333334,runs/yin_orientation_20260925/results/latest/r21dev_vgg16_bn_aa_s42/faces_rfwWM64/results.csv,UI
mixed,Mixed faces / AA4,r21dev_vgg16_bn_aa_s42,snapshot,111,two_cross,RFW WM64,Faces,0.36,0.39,50,within_sampled_range,UI,110,87.5,runs/yin_orientation_20260925/results/latest/r21dev_vgg16_bn_aa_s42/faces_rfwWM64/results.csv,UI
mixed,Mixed faces / AA4,r21dev_vgg16_bn_aa_s42,snapshot,111,two_cross,RFW WM64,Faces,0.36,0.39,50,within_sampled_range,UI,111,83.33333333333334,runs/yin_orientation_20260925/results/latest/r21dev_vgg16_bn_aa_s42/faces_rfwWM64/results.csv,UI
mixed,Mixed faces / AA4,r21dev_vgg16_bn_aa_s42,snapshot,111,two_cross,RFW WM64,Faces,0.36,0.39,50,within_sampled_range,UI,112,87.5,runs/yin_orientation_20260925/results/latest/r21dev_vgg16_bn_aa_s42/faces_rfwWM64/results.csv,UI
mixed,Mixed faces / AA4,r21dev_vgg16_bn_aa_s42,snapshot,111,two_cross,RFW WM64,Faces,0.36,0.39,50,within_sampled_range,UI,113,83.33333333333334,runs/yin_orientation_20260925/results/latest/r21dev_vgg16_bn_aa_s42/faces_rfwWM64/results.csv,UI
mixed,Mixed faces / AA4,r21dev_vgg16_bn_aa_s42,snapshot,111,two_cross,RFW WM64,Faces,0.36,0.39,50,within_sampled_range,UI,114,70.83333333333334,runs/yin_orientation_20260925/results/latest/r21dev_vgg16_bn_aa_s42/faces_rfwWM64/results.csv,UI
mixed,Mixed faces / AA4,r21dev_vgg16_bn_aa_s42,snapshot,111,two_cross,RFW WM64,Faces,0.36,0.39,50,within_sampled_range,UI,115,91.66666666666666,runs/yin_orientation_20260925/results/latest/r21dev_vgg16_bn_aa_s42/faces_rfwWM64/results.csv,UI
mixed,Mixed faces / AA4,r21dev_vgg16_bn_aa_s42,snapshot,111,two_cross,RFW WM64,Faces,0.36,0.39,50,within_sampled_range,UI,116,87.5,runs/yin_orientation_20260925/results/latest/r21dev_vgg16_bn_aa_s42/faces_rfwWM64/results.csv,UI
mixed,Mixed faces / AA4,r21dev_vgg16_bn_aa_s42,snapshot,111,two_cross,RFW WM64,Faces,0.36,0.39,50,within_sampled_range,UI,117,87.5,runs/yin_orientation_20260925/results/latest/r21dev_vgg16_bn_aa_s42/faces_rfwWM64/results.csv,UI
mixed,Mixed faces / AA4,r21dev_vgg16_bn_aa_s42,snapshot,111,two_cross,RFW WM64,Faces,0.36,0.39,50,within_sampled_range,UI,118,87.5,runs/yin_orientation_20260925/results/latest/r21dev_vgg16_bn_aa_s42/faces_rfwWM64/results.csv,UI
mixed,Mixed faces / AA4,r21dev_vgg16_bn_aa_s42,snapshot,111,two_cross,RFW WM64,Faces,0.36,0.39,50,within_sampled_range,UI,119,87.5,runs/yin_orientation_20260925/results/latest/r21dev_vgg16_bn_aa_s42/faces_rfwWM64/results.csv,UI
mixed,Mixed faces / AA4,r21dev_vgg16_bn_aa_s42,snapshot,111,two_cross,RFW WM64,Faces,0.36,0.39,50,within_sampled_range,UI,120,83.33333333333334,runs/yin_orientation_20260925/results/latest/r21dev_vgg16_bn_aa_s42/faces_rfwWM64/results.csv,UI
mixed,Mixed faces / AA4,r21dev_vgg16_bn_aa_s42,snapshot,111,two_cross,RFW WM64,Faces,0.36,0.39,50,within_sampled_range,UI,121,70.83333333333334,runs/yin_orientation_20260925/results/latest/r21dev_vgg16_bn_aa_s42/faces_rfwWM64/results.csv,UI
mixed,Mixed faces / AA4,r21dev_vgg16_bn_aa_s42,snapshot,111,two_cross,RFW WM64,Faces,0.36,0.39,50,within_sampled_range,UI,122,79.16666666666666,runs/yin_orientation_20260925/results/latest/r21dev_vgg16_bn_aa_s42/faces_rfwWM64/results.csv,UI
mixed,Mixed faces / AA4,r21dev_vgg16_bn_aa_s42,snapshot,111,two_cross,RFW WM64,Faces,0.36,0.39,50,within_sampled_range,UI,123,95.83333333333334,runs/yin_orientation_20260925/results/latest/r21dev_vgg16_bn_aa_s42/faces_rfwWM64/results.csv,UI
mixed,Mixed faces / AA4,r21dev_vgg16_bn_aa_s42,snapshot,111,two_cross,RFW WM64,Faces,0.36,0.39,50,within_sampled_range,UI,124,91.66666666666666,runs/yin_orientation_20260925/results/latest/r21dev_vgg16_bn_aa_s42/faces_rfwWM64/results.csv,UI
mixed,Mixed faces / AA4,r21dev_vgg16_bn_aa_s42,snapshot,111,two_cross,RFW WM64,Faces,0.36,0.39,50,within_sampled_range,UI,125,79.16666666666666,runs/yin_orientation_20260925/results/latest/r21dev_vgg16_bn_aa_s42/faces_rfwWM64/results.csv,UI
mixed,Mixed faces / AA4,r21dev_vgg16_bn_aa_s42,snapshot,111,two_cross,RFW WM64,Faces,0.36,0.39,50,within_sampled_range,UI,126,87.5,runs/yin_orientation_20260925/results/latest/r21dev_vgg16_bn_aa_s42/faces_rfwWM64/results.csv,UI
mixed,Mixed faces / AA4,r21dev_vgg16_bn_aa_s42,snapshot,111,two_cross,RFW WM64,Faces,0.36,0.39,50,within_sampled_range,UI,127,87.5,runs/yin_orientation_20260925/results/latest/r21dev_vgg16_bn_aa_s42/faces_rfwWM64/results.csv,UI
mixed,Mixed faces / AA4,r21dev_vgg16_bn_aa_s42,snapshot,111,two_cross,RFW WM64,Faces,0.36,0.39,50,within_sampled_range,UI,128,87.5,runs/yin_orientation_20260925/results/latest/r21dev_vgg16_bn_aa_s42/faces_rfwWM64/results.csv,UI
mixed,Mixed faces / AA4,r21dev_vgg16_bn_aa_s42,snapshot,111,two_cross,RFW WM64,Faces,0.36,0.39,50,within_sampled_range,UI,129,83.33333333333334,runs/yin_orientation_20260925/results/latest/r21dev_vgg16_bn_aa_s42/faces_rfwWM64/results.csv,UI
mixed,Mixed faces / AA4,r21dev_vgg16_bn_aa_s42,snapshot,111,two_cross,RFW WM64,Faces,0.36,0.39,50,within_sampled_range,UI,130,87.5,runs/yin_orientation_20260925/results/latest/r21dev_vgg16_bn_aa_s42/faces_rfwWM64/results.csv,UI
mixed,Mixed faces / AA4,r21dev_vgg16_bn_aa_s42,snapshot,111,two_cross,RFW WM64,Faces,0.36,0.39,50,within_sampled_range,UI,131,83.33333333333334,runs/yin_orientation_20260925/results/latest/r21dev_vgg16_bn_aa_s42/faces_rfwWM64/results.csv,UI
mixed,Mixed faces / AA4,r21dev_vgg16_bn_aa_s42,snapshot,111,two_cross,RFW WM64,Faces,0.36,0.39,50,within_sampled_range,UI,132,87.5,runs/yin_orientation_20260925/results/latest/r21dev_vgg16_bn_aa_s42/faces_rfwWM64/results.csv,UI
mixed,Mixed faces / AA4,r21dev_vgg16_bn_aa_s42,snapshot,111,two_cross,RFW WM64,Faces,0.36,0.39,50,within_sampled_range,UI,133,66.66666666666666,runs/yin_orientation_20260925/results/latest/r21dev_vgg16_bn_aa_s42/faces_rfwWM64/results.csv,UI
mixed,Mixed faces / AA4,r21dev_vgg16_bn_aa_s42,snapshot,111,two_cross,RFW WM64,Faces,0.36,0.39,50,within_sampled_range,UI,134,91.66666666666666,runs/yin_orientation_20260925/results/latest/r21dev_vgg16_bn_aa_s42/faces_rfwWM64/results.csv,UI
mixed,Mixed faces / AA4,r21dev_vgg16_bn_aa_s42,snapshot,111,two_cross,RFW WM64,Faces,0.36,0.39,50,within_sampled_range,UI,135,87.5,runs/yin_orientation_20260925/results/latest/r21dev_vgg16_bn_aa_s42/faces_rfwWM64/results.csv,UI
mixed,Mixed faces / AA4,r21dev_vgg16_bn_aa_s42,snapshot,111,two_cross,RFW WM64,Faces,0.36,0.39,50,within_sampled_range,UI,136,91.66666666666666,runs/yin_orientation_20260925/results/latest/r21dev_vgg16_bn_aa_s42/faces_rfwWM64/results.csv,UI
mixed,Mixed faces / AA4,r21dev_vgg16_bn_aa_s42,snapshot,111,two_cross,RFW WM64,Faces,0.36,0.39,50,within_sampled_range,UI,137,75.0,runs/yin_orientation_20260925/results/latest/r21dev_vgg16_bn_aa_s42/faces_rfwWM64/results.csv,UI
mixed,Mixed faces / AA4,r21dev_vgg16_bn_aa_s42,snapshot,111,two_cross,RFW WM64,Faces,0.36,0.39,50,within_sampled_range,UI,138,87.5,runs/yin_orientation_20260925/results/latest/r21dev_vgg16_bn_aa_s42/faces_rfwWM64/results.csv,UI
mixed,Mixed faces / AA4,r21dev_vgg16_bn_aa_s42,snapshot,111,two_cross,RFW WM64,Faces,0.36,0.39,50,within_sampled_range,UI,139,75.0,runs/yin_orientation_20260925/results/latest/r21dev_vgg16_bn_aa_s42/faces_rfwWM64/results.csv,UI
mixed,Mixed faces / AA4,r21dev_vgg16_bn_aa_s42,snapshot,111,two_cross,RFW WM64,Faces,0.36,0.39,50,within_sampled_range,UI,140,83.33333333333334,runs/yin_orientation_20260925/results/latest/r21dev_vgg16_bn_aa_s42/faces_rfwWM64/results.csv,UI
mixed,Mixed faces / AA4,r21dev_vgg16_bn_aa_s42,snapshot,111,two_cross,RFW WM64,Faces,0.36,0.39,50,within_sampled_range,UI,141,95.83333333333334,runs/yin_orientation_20260925/results/latest/r21dev_vgg16_bn_aa_s42/faces_rfwWM64/results.csv,UI
mixed,Mixed faces / AA4,r21dev_vgg16_bn_aa_s42,snapshot,111,two_cross,RFW WM64,Faces,0.36,0.39,50,within_sampled_range,UI,142,95.83333333333334,runs/yin_orientation_20260925/results/latest/r21dev_vgg16_bn_aa_s42/faces_rfwWM64/results.csv,UI
mixed,Mixed faces / AA4,r21dev_vgg16_bn_aa_s42,snapshot,111,two_cross,RFW WM64,Faces,0.36,0.39,50,within_sampled_range,UI,143,79.16666666666666,runs/yin_orientation_20260925/results/latest/r21dev_vgg16_bn_aa_s42/faces_rfwWM64/results.csv,UI
mixed,Mixed faces / AA4,r21dev_vgg16_bn_aa_s42,snapshot,111,two_cross,RFW WM64,Faces,0.36,0.39,50,within_sampled_range,UI,144,87.5,runs/yin_orientation_20260925/results/latest/r21dev_vgg16_bn_aa_s42/faces_rfwWM64/results.csv,UI
mixed,Mixed faces / AA4,r21dev_vgg16_bn_aa_s42,snapshot,111,two_cross,RFW WM64,Faces,0.36,0.39,50,within_sampled_range,UI,145,87.5,runs/yin_orientation_20260925/results/latest/r21dev_vgg16_bn_aa_s42/faces_rfwWM64/results.csv,UI
mixed,Mixed faces / AA4,r21dev_vgg16_bn_aa_s42,snapshot,111,two_cross,RFW WM64,Faces,0.36,0.39,50,within_sampled_range,UI,146,83.33333333333334,runs/yin_orientation_20260925/results/latest/r21dev_vgg16_bn_aa_s42/faces_rfwWM64/results.csv,UI
mixed,Mixed faces / AA4,r21dev_vgg16_bn_aa_s42,snapshot,111,two_cross,RFW WM64,Faces,0.36,0.39,50,within_sampled_range,UI,147,87.5,runs/yin_orientation_20260925/results/latest/r21dev_vgg16_bn_aa_s42/faces_rfwWM64/results.csv,UI
mixed,Mixed faces / AA4,r21dev_vgg16_bn_aa_s42,snapshot,111,two_cross,RFW WM64,Faces,0.36,0.39,50,within_sampled_range,UI,148,91.66666666666666,runs/yin_orientation_20260925/results/latest/r21dev_vgg16_bn_aa_s42/faces_rfwWM64/results.csv,UI
mixed,Mixed faces / AA4,r21dev_vgg16_bn_aa_s42,snapshot,111,two_cross,RFW WM64,Faces,0.36,0.39,50,within_sampled_range,UI,149,79.16666666666666,runs/yin_orientation_20260925/results/latest/r21dev_vgg16_bn_aa_s42/faces_rfwWM64/results.csv,UI
mixed,Mixed faces / AA4,r21dev_vgg16_bn_aa_s42,snapshot,111,two_cross,RFW WM64,Faces,0.36,0.39,50,within_sampled_range,UI,150,79.16666666666666,runs/yin_orientation_20260925/results/latest/r21dev_vgg16_bn_aa_s42/faces_rfwWM64/results.csv,UI
mixed,Mixed faces / AA4,r21dev_vgg16_bn_aa_s42,snapshot,111,two_cross,RFW WM64,Faces,0.36,0.39,50,within_sampled_range,IU,101,83.33333333333334,runs/yin_orientation_20260925/results/latest/r21dev_vgg16_bn_aa_s42/faces_rfwWM64/results.csv,IU
mixed,Mixed faces / AA4,r21dev_vgg16_bn_aa_s42,snapshot,111,two_cross,RFW WM64,Faces,0.36,0.39,50,within_sampled_range,IU,102,79.16666666666666,runs/yin_orientation_20260925/results/latest/r21dev_vgg16_bn_aa_s42/faces_rfwWM64/results.csv,IU
mixed,Mixed faces / AA4,r21dev_vgg16_bn_aa_s42,snapshot,111,two_cross,RFW WM64,Faces,0.36,0.39,50,within_sampled_range,IU,103,87.5,runs/yin_orientation_20260925/results/latest/r21dev_vgg16_bn_aa_s42/faces_rfwWM64/results.csv,IU
mixed,Mixed faces / AA4,r21dev_vgg16_bn_aa_s42,snapshot,111,two_cross,RFW WM64,Faces,0.36,0.39,50,within_sampled_range,IU,104,75.0,runs/yin_orientation_20260925/results/latest/r21dev_vgg16_bn_aa_s42/faces_rfwWM64/results.csv,IU
mixed,Mixed faces / AA4,r21dev_vgg16_bn_aa_s42,snapshot,111,two_cross,RFW WM64,Faces,0.36,0.39,50,within_sampled_range,IU,105,83.33333333333334,runs/yin_orientation_20260925/results/latest/r21dev_vgg16_bn_aa_s42/faces_rfwWM64/results.csv,IU
mixed,Mixed faces / AA4,r21dev_vgg16_bn_aa_s42,snapshot,111,two_cross,RFW WM64,Faces,0.36,0.39,50,within_sampled_range,IU,106,83.33333333333334,runs/yin_orientation_20260925/results/latest/r21dev_vgg16_bn_aa_s42/faces_rfwWM64/results.csv,IU
mixed,Mixed faces / AA4,r21dev_vgg16_bn_aa_s42,snapshot,111,two_cross,RFW WM64,Faces,0.36,0.39,50,within_sampled_range,IU,107,70.83333333333334,runs/yin_orientation_20260925/results/latest/r21dev_vgg16_bn_aa_s42/faces_rfwWM64/results.csv,IU
mixed,Mixed faces / AA4,r21dev_vgg16_bn_aa_s42,snapshot,111,two_cross,RFW WM64,Faces,0.36,0.39,50,within_sampled_range,IU,108,75.0,runs/yin_orientation_20260925/results/latest/r21dev_vgg16_bn_aa_s42/faces_rfwWM64/results.csv,IU
mixed,Mixed faces / AA4,r21dev_vgg16_bn_aa_s42,snapshot,111,two_cross,RFW WM64,Faces,0.36,0.39,50,within_sampled_range,IU,109,83.33333333333334,runs/yin_orientation_20260925/results/latest/r21dev_vgg16_bn_aa_s42/faces_rfwWM64/results.csv,IU
mixed,Mixed faces / AA4,r21dev_vgg16_bn_aa_s42,snapshot,111,two_cross,RFW WM64,Faces,0.36,0.39,50,within_sampled_range,IU,110,83.33333333333334,runs/yin_orientation_20260925/results/latest/r21dev_vgg16_bn_aa_s42/faces_rfwWM64/results.csv,IU
mixed,Mixed faces / AA4,r21dev_vgg16_bn_aa_s42,snapshot,111,two_cross,RFW WM64,Faces,0.36,0.39,50,within_sampled_range,IU,111,79.16666666666666,runs/yin_orientation_20260925/results/latest/r21dev_vgg16_bn_aa_s42/faces_rfwWM64/results.csv,IU
mixed,Mixed faces / AA4,r21dev_vgg16_bn_aa_s42,snapshot,111,two_cross,RFW WM64,Faces,0.36,0.39,50,within_sampled_range,IU,112,70.83333333333334,runs/yin_orientation_20260925/results/latest/r21dev_vgg16_bn_aa_s42/faces_rfwWM64/results.csv,IU
mixed,Mixed faces / AA4,r21dev_vgg16_bn_aa_s42,snapshot,111,two_cross,RFW WM64,Faces,0.36,0.39,50,within_sampled_range,IU,113,75.0,runs/yin_orientation_20260925/results/latest/r21dev_vgg16_bn_aa_s42/faces_rfwWM64/results.csv,IU
mixed,Mixed faces / AA4,r21dev_vgg16_bn_aa_s42,snapshot,111,two_cross,RFW WM64,Faces,0.36,0.39,50,within_sampled_range,IU,114,79.16666666666666,runs/yin_orientation_20260925/results/latest/r21dev_vgg16_bn_aa_s42/faces_rfwWM64/results.csv,IU
mixed,Mixed faces / AA4,r21dev_vgg16_bn_aa_s42,snapshot,111,two_cross,RFW WM64,Faces,0.36,0.39,50,within_sampled_range,IU,115,66.66666666666666,runs/yin_orientation_20260925/results/latest/r21dev_vgg16_bn_aa_s42/faces_rfwWM64/results.csv,IU
mixed,Mixed faces / AA4,r21dev_vgg16_bn_aa_s42,snapshot,111,two_cross,RFW WM64,Faces,0.36,0.39,50,within_sampled_range,IU,116,87.5,runs/yin_orientation_20260925/results/latest/r21dev_vgg16_bn_aa_s42/faces_rfwWM64/results.csv,IU
mixed,Mixed faces / AA4,r21dev_vgg16_bn_aa_s42,snapshot,111,two_cross,RFW WM64,Faces,0.36,0.39,50,within_sampled_range,IU,117,91.66666666666666,runs/yin_orientation_20260925/results/latest/r21dev_vgg16_bn_aa_s42/faces_rfwWM64/results.csv,IU
mixed,Mixed faces / AA4,r21dev_vgg16_bn_aa_s42,snapshot,111,two_cross,RFW WM64,Faces,0.36,0.39,50,within_sampled_range,IU,118,87.5,runs/yin_orientation_20260925/results/latest/r21dev_vgg16_bn_aa_s42/faces_rfwWM64/results.csv,IU
mixed,Mixed faces / AA4,r21dev_vgg16_bn_aa_s42,snapshot,111,two_cross,RFW WM64,Faces,0.36,0.39,50,within_sampled_range,IU,119,87.5,runs/yin_orientation_20260925/results/latest/r21dev_vgg16_bn_aa_s42/faces_rfwWM64/results.csv,IU
mixed,Mixed faces / AA4,r21dev_vgg16_bn_aa_s42,snapshot,111,two_cross,RFW WM64,Faces,0.36,0.39,50,within_sampled_range,IU,120,75.0,runs/yin_orientation_20260925/results/latest/r21dev_vgg16_bn_aa_s42/faces_rfwWM64/results.csv,IU
mixed,Mixed faces / AA4,r21dev_vgg16_bn_aa_s42,snapshot,111,two_cross,RFW WM64,Faces,0.36,0.39,50,within_sampled_range,IU,121,87.5,runs/yin_orientation_20260925/results/latest/r21dev_vgg16_bn_aa_s42/faces_rfwWM64/results.csv,IU
mixed,Mixed faces / AA4,r21dev_vgg16_bn_aa_s42,snapshot,111,two_cross,RFW WM64,Faces,0.36,0.39,50,within_sampled_range,IU,122,79.16666666666666,runs/yin_orientation_20260925/results/latest/r21dev_vgg16_bn_aa_s42/faces_rfwWM64/results.csv,IU
mixed,Mixed faces / AA4,r21dev_vgg16_bn_aa_s42,snapshot,111,two_cross,RFW WM64,Faces,0.36,0.39,50,within_sampled_range,IU,123,83.33333333333334,runs/yin_orientation_20260925/results/latest/r21dev_vgg16_bn_aa_s42/faces_rfwWM64/results.csv,IU
mixed,Mixed faces / AA4,r21dev_vgg16_bn_aa_s42,snapshot,111,two_cross,RFW WM64,Faces,0.36,0.39,50,within_sampled_range,IU,124,83.33333333333334,runs/yin_orientation_20260925/results/latest/r21dev_vgg16_bn_aa_s42/faces_rfwWM64/results.csv,IU
mixed,Mixed faces / AA4,r21dev_vgg16_bn_aa_s42,snapshot,111,two_cross,RFW WM64,Faces,0.36,0.39,50,within_sampled_range,IU,125,70.83333333333334,runs/yin_orientation_20260925/results/latest/r21dev_vgg16_bn_aa_s42/faces_rfwWM64/results.csv,IU
mixed,Mixed faces / AA4,r21dev_vgg16_bn_aa_s42,snapshot,111,two_cross,RFW WM64,Faces,0.36,0.39,50,within_sampled_range,IU,126,75.0,runs/yin_orientation_20260925/results/latest/r21dev_vgg16_bn_aa_s42/faces_rfwWM64/results.csv,IU
mixed,Mixed faces / AA4,r21dev_vgg16_bn_aa_s42,snapshot,111,two_cross,RFW WM64,Faces,0.36,0.39,50,within_sampled_range,IU,127,87.5,runs/yin_orientation_20260925/results/latest/r21dev_vgg16_bn_aa_s42/faces_rfwWM64/results.csv,IU
mixed,Mixed faces / AA4,r21dev_vgg16_bn_aa_s42,snapshot,111,two_cross,RFW WM64,Faces,0.36,0.39,50,within_sampled_range,IU,128,87.5,runs/yin_orientation_20260925/results/latest/r21dev_vgg16_bn_aa_s42/faces_rfwWM64/results.csv,IU
mixed,Mixed faces / AA4,r21dev_vgg16_bn_aa_s42,snapshot,111,two_cross,RFW WM64,Faces,0.36,0.39,50,within_sampled_range,IU,129,87.5,runs/yin_orientation_20260925/results/latest/r21dev_vgg16_bn_aa_s42/faces_rfwWM64/results.csv,IU
mixed,Mixed faces / AA4,r21dev_vgg16_bn_aa_s42,snapshot,111,two_cross,RFW WM64,Faces,0.36,0.39,50,within_sampled_range,IU,130,66.66666666666666,runs/yin_orientation_20260925/results/latest/r21dev_vgg16_bn_aa_s42/faces_rfwWM64/results.csv,IU
mixed,Mixed faces / AA4,r21dev_vgg16_bn_aa_s42,snapshot,111,two_cross,RFW WM64,Faces,0.36,0.39,50,within_sampled_range,IU,131,91.66666666666666,runs/yin_orientation_20260925/results/latest/r21dev_vgg16_bn_aa_s42/faces_rfwWM64/results.csv,IU
mixed,Mixed faces / AA4,r21dev_vgg16_bn_aa_s42,snapshot,111,two_cross,RFW WM64,Faces,0.36,0.39,50,within_sampled_range,IU,132,87.5,runs/yin_orientation_20260925/results/latest/r21dev_vgg16_bn_aa_s42/faces_rfwWM64/results.csv,IU
mixed,Mixed faces / AA4,r21dev_vgg16_bn_aa_s42,snapshot,111,two_cross,RFW WM64,Faces,0.36,0.39,50,within_sampled_range,IU,133,79.16666666666666,runs/yin_orientation_20260925/results/latest/r21dev_vgg16_bn_aa_s42/faces_rfwWM64/results.csv,IU
mixed,Mixed faces / AA4,r21dev_vgg16_bn_aa_s42,snapshot,111,two_cross,RFW WM64,Faces,0.36,0.39,50,within_sampled_range,IU,134,79.16666666666666,runs/yin_orientation_20260925/results/latest/r21dev_vgg16_bn_aa_s42/faces_rfwWM64/results.csv,IU
mixed,Mixed faces / AA4,r21dev_vgg16_bn_aa_s42,snapshot,111,two_cross,RFW WM64,Faces,0.36,0.39,50,within_sampled_range,IU,135,70.83333333333334,runs/yin_orientation_20260925/results/latest/r21dev_vgg16_bn_aa_s42/faces_rfwWM64/results.csv,IU
mixed,Mixed faces / AA4,r21dev_vgg16_bn_aa_s42,snapshot,111,two_cross,RFW WM64,Faces,0.36,0.39,50,within_sampled_range,IU,136,87.5,runs/yin_orientation_20260925/results/latest/r21dev_vgg16_bn_aa_s42/faces_rfwWM64/results.csv,IU
mixed,Mixed faces / AA4,r21dev_vgg16_bn_aa_s42,snapshot,111,two_cross,RFW WM64,Faces,0.36,0.39,50,within_sampled_range,IU,137,79.16666666666666,runs/yin_orientation_20260925/results/latest/r21dev_vgg16_bn_aa_s42/faces_rfwWM64/results.csv,IU
mixed,Mixed faces / AA4,r21dev_vgg16_bn_aa_s42,snapshot,111,two_cross,RFW WM64,Faces,0.36,0.39,50,within_sampled_range,IU,138,83.33333333333334,runs/yin_orientation_20260925/results/latest/r21dev_vgg16_bn_aa_s42/faces_rfwWM64/results.csv,IU
mixed,Mixed faces / AA4,r21dev_vgg16_bn_aa_s42,snapshot,111,two_cross,RFW WM64,Faces,0.36,0.39,50,within_sampled_range,IU,139,62.5,runs/yin_orientation_20260925/results/latest/r21dev_vgg16_bn_aa_s42/faces_rfwWM64/results.csv,IU
mixed,Mixed faces / AA4,r21dev_vgg16_bn_aa_s42,snapshot,111,two_cross,RFW WM64,Faces,0.36,0.39,50,within_sampled_range,IU,140,70.83333333333334,runs/yin_orientation_20260925/results/latest/r21dev_vgg16_bn_aa_s42/faces_rfwWM64/results.csv,IU
mixed,Mixed faces / AA4,r21dev_vgg16_bn_aa_s42,snapshot,111,two_cross,RFW WM64,Faces,0.36,0.39,50,within_sampled_range,IU,141,91.66666666666666,runs/yin_orientation_20260925/results/latest/r21dev_vgg16_bn_aa_s42/faces_rfwWM64/results.csv,IU
mixed,Mixed faces / AA4,r21dev_vgg16_bn_aa_s42,snapshot,111,two_cross,RFW WM64,Faces,0.36,0.39,50,within_sampled_range,IU,142,87.5,runs/yin_orientation_20260925/results/latest/r21dev_vgg16_bn_aa_s42/faces_rfwWM64/results.csv,IU
mixed,Mixed faces / AA4,r21dev_vgg16_bn_aa_s42,snapshot,111,two_cross,RFW WM64,Faces,0.36,0.39,50,within_sampled_range,IU,143,83.33333333333334,runs/yin_orientation_20260925/results/latest/r21dev_vgg16_bn_aa_s42/faces_rfwWM64/results.csv,IU
mixed,Mixed faces / AA4,r21dev_vgg16_bn_aa_s42,snapshot,111,two_cross,RFW WM64,Faces,0.36,0.39,50,within_sampled_range,IU,144,79.16666666666666,runs/yin_orientation_20260925/results/latest/r21dev_vgg16_bn_aa_s42/faces_rfwWM64/results.csv,IU
mixed,Mixed faces / AA4,r21dev_vgg16_bn_aa_s42,snapshot,111,two_cross,RFW WM64,Faces,0.36,0.39,50,within_sampled_range,IU,145,79.16666666666666,runs/yin_orientation_20260925/results/latest/r21dev_vgg16_bn_aa_s42/faces_rfwWM64/results.csv,IU
mixed,Mixed faces / AA4,r21dev_vgg16_bn_aa_s42,snapshot,111,two_cross,RFW WM64,Faces,0.36,0.39,50,within_sampled_range,IU,146,87.5,runs/yin_orientation_20260925/results/latest/r21dev_vgg16_bn_aa_s42/faces_rfwWM64/results.csv,IU
mixed,Mixed faces / AA4,r21dev_vgg16_bn_aa_s42,snapshot,111,two_cross,RFW WM64,Faces,0.36,0.39,50,within_sampled_range,IU,147,91.66666666666666,runs/yin_orientation_20260925/results/latest/r21dev_vgg16_bn_aa_s42/faces_rfwWM64/results.csv,IU
mixed,Mixed faces / AA4,r21dev_vgg16_bn_aa_s42,snapshot,111,two_cross,RFW WM64,Faces,0.36,0.39,50,within_sampled_range,IU,148,79.16666666666666,runs/yin_orientation_20260925/results/latest/r21dev_vgg16_bn_aa_s42/faces_rfwWM64/results.csv,IU
mixed,Mixed faces / AA4,r21dev_vgg16_bn_aa_s42,snapshot,111,two_cross,RFW WM64,Faces,0.36,0.39,50,within_sampled_range,IU,149,87.5,runs/yin_orientation_20260925/results/latest/r21dev_vgg16_bn_aa_s42/faces_rfwWM64/results.csv,IU
mixed,Mixed faces / AA4,r21dev_vgg16_bn_aa_s42,snapshot,111,two_cross,RFW WM64,Faces,0.36,0.39,50,within_sampled_range,IU,150,70.83333333333334,runs/yin_orientation_20260925/results/latest/r21dev_vgg16_bn_aa_s42/faces_rfwWM64/results.csv,IU
mixed,Mixed faces / AA4,r21dev_vgg16_bn_aa_s42,snapshot,111,two_cross,CFD WM64,Faces,0.3,0.35,50,within_sampled_range,UU,101,95.83333333333334,runs/yin_orientation_20260925/results/latest/r21dev_vgg16_bn_aa_s42/faces_cfdWM64/results.csv,UU
mixed,Mixed faces / AA4,r21dev_vgg16_bn_aa_s42,snapshot,111,two_cross,CFD WM64,Faces,0.3,0.35,50,within_sampled_range,UU,102,100.0,runs/yin_orientation_20260925/results/latest/r21dev_vgg16_bn_aa_s42/faces_cfdWM64/results.csv,UU
mixed,Mixed faces / AA4,r21dev_vgg16_bn_aa_s42,snapshot,111,two_cross,CFD WM64,Faces,0.3,0.35,50,within_sampled_range,UU,103,100.0,runs/yin_orientation_20260925/results/latest/r21dev_vgg16_bn_aa_s42/faces_cfdWM64/results.csv,UU
mixed,Mixed faces / AA4,r21dev_vgg16_bn_aa_s42,snapshot,111,two_cross,CFD WM64,Faces,0.3,0.35,50,within_sampled_range,UU,104,95.83333333333334,runs/yin_orientation_20260925/results/latest/r21dev_vgg16_bn_aa_s42/faces_cfdWM64/results.csv,UU
mixed,Mixed faces / AA4,r21dev_vgg16_bn_aa_s42,snapshot,111,two_cross,CFD WM64,Faces,0.3,0.35,50,within_sampled_range,UU,105,100.0,runs/yin_orientation_20260925/results/latest/r21dev_vgg16_bn_aa_s42/faces_cfdWM64/results.csv,UU
mixed,Mixed faces / AA4,r21dev_vgg16_bn_aa_s42,snapshot,111,two_cross,CFD WM64,Faces,0.3,0.35,50,within_sampled_range,UU,106,91.66666666666666,runs/yin_orientation_20260925/results/latest/r21dev_vgg16_bn_aa_s42/faces_cfdWM64/results.csv,UU
mixed,Mixed faces / AA4,r21dev_vgg16_bn_aa_s42,snapshot,111,two_cross,CFD WM64,Faces,0.3,0.35,50,within_sampled_range,UU,107,100.0,runs/yin_orientation_20260925/results/latest/r21dev_vgg16_bn_aa_s42/faces_cfdWM64/results.csv,UU
mixed,Mixed faces / AA4,r21dev_vgg16_bn_aa_s42,snapshot,111,two_cross,CFD WM64,Faces,0.3,0.35,50,within_sampled_range,UU,108,100.0,runs/yin_orientation_20260925/results/latest/r21dev_vgg16_bn_aa_s42/faces_cfdWM64/results.csv,UU
mixed,Mixed faces / AA4,r21dev_vgg16_bn_aa_s42,snapshot,111,two_cross,CFD WM64,Faces,0.3,0.35,50,within_sampled_range,UU,109,91.66666666666666,runs/yin_orientation_20260925/results/latest/r21dev_vgg16_bn_aa_s42/faces_cfdWM64/results.csv,UU
mixed,Mixed faces / AA4,r21dev_vgg16_bn_aa_s42,snapshot,111,two_cross,CFD WM64,Faces,0.3,0.35,50,within_sampled_range,UU,110,95.83333333333334,runs/yin_orientation_20260925/results/latest/r21dev_vgg16_bn_aa_s42/faces_cfdWM64/results.csv,UU
mixed,Mixed faces / AA4,r21dev_vgg16_bn_aa_s42,snapshot,111,two_cross,CFD WM64,Faces,0.3,0.35,50,within_sampled_range,UU,111,95.83333333333334,runs/yin_orientation_20260925/results/latest/r21dev_vgg16_bn_aa_s42/faces_cfdWM64/results.csv,UU
mixed,Mixed faces / AA4,r21dev_vgg16_bn_aa_s42,snapshot,111,two_cross,CFD WM64,Faces,0.3,0.35,50,within_sampled_range,UU,112,100.0,runs/yin_orientation_20260925/results/latest/r21dev_vgg16_bn_aa_s42/faces_cfdWM64/results.csv,UU
mixed,Mixed faces / AA4,r21dev_vgg16_bn_aa_s42,snapshot,111,two_cross,CFD WM64,Faces,0.3,0.35,50,within_sampled_range,UU,113,87.5,runs/yin_orientation_20260925/results/latest/r21dev_vgg16_bn_aa_s42/faces_cfdWM64/results.csv,UU
mixed,Mixed faces / AA4,r21dev_vgg16_bn_aa_s42,snapshot,111,two_cross,CFD WM64,Faces,0.3,0.35,50,within_sampled_range,UU,114,95.83333333333334,runs/yin_orientation_20260925/results/latest/r21dev_vgg16_bn_aa_s42/faces_cfdWM64/results.csv,UU
mixed,Mixed faces / AA4,r21dev_vgg16_bn_aa_s42,snapshot,111,two_cross,CFD WM64,Faces,0.3,0.35,50,within_sampled_range,UU,115,100.0,runs/yin_orientation_20260925/results/latest/r21dev_vgg16_bn_aa_s42/faces_cfdWM64/results.csv,UU
mixed,Mixed faces / AA4,r21dev_vgg16_bn_aa_s42,snapshot,111,two_cross,CFD WM64,Faces,0.3,0.35,50,within_sampled_range,UU,116,95.83333333333334,runs/yin_orientation_20260925/results/latest/r21dev_vgg16_bn_aa_s42/faces_cfdWM64/results.csv,UU
mixed,Mixed faces / AA4,r21dev_vgg16_bn_aa_s42,snapshot,111,two_cross,CFD WM64,Faces,0.3,0.35,50,within_sampled_range,UU,117,100.0,runs/yin_orientation_20260925/results/latest/r21dev_vgg16_bn_aa_s42/faces_cfdWM64/results.csv,UU
mixed,Mixed faces / AA4,r21dev_vgg16_bn_aa_s42,snapshot,111,two_cross,CFD WM64,Faces,0.3,0.35,50,within_sampled_range,UU,118,95.83333333333334,runs/yin_orientation_20260925/results/latest/r21dev_vgg16_bn_aa_s42/faces_cfdWM64/results.csv,UU
mixed,Mixed faces / AA4,r21dev_vgg16_bn_aa_s42,snapshot,111,two_cross,CFD WM64,Faces,0.3,0.35,50,within_sampled_range,UU,119,95.83333333333334,runs/yin_orientation_20260925/results/latest/r21dev_vgg16_bn_aa_s42/faces_cfdWM64/results.csv,UU
mixed,Mixed faces / AA4,r21dev_vgg16_bn_aa_s42,snapshot,111,two_cross,CFD WM64,Faces,0.3,0.35,50,within_sampled_range,UU,120,91.66666666666666,runs/yin_orientation_20260925/results/latest/r21dev_vgg16_bn_aa_s42/faces_cfdWM64/results.csv,UU
mixed,Mixed faces / AA4,r21dev_vgg16_bn_aa_s42,snapshot,111,two_cross,CFD WM64,Faces,0.3,0.35,50,within_sampled_range,UU,121,91.66666666666666,runs/yin_orientation_20260925/results/latest/r21dev_vgg16_bn_aa_s42/faces_cfdWM64/results.csv,UU
mixed,Mixed faces / AA4,r21dev_vgg16_bn_aa_s42,snapshot,111,two_cross,CFD WM64,Faces,0.3,0.35,50,within_sampled_range,UU,122,95.83333333333334,runs/yin_orientation_20260925/results/latest/r21dev_vgg16_bn_aa_s42/faces_cfdWM64/results.csv,UU
mixed,Mixed faces / AA4,r21dev_vgg16_bn_aa_s42,snapshot,111,two_cross,CFD WM64,Faces,0.3,0.35,50,within_sampled_range,UU,123,95.83333333333334,runs/yin_orientation_20260925/results/latest/r21dev_vgg16_bn_aa_s42/faces_cfdWM64/results.csv,UU
mixed,Mixed faces / AA4,r21dev_vgg16_bn_aa_s42,snapshot,111,two_cross,CFD WM64,Faces,0.3,0.35,50,within_sampled_range,UU,124,91.66666666666666,runs/yin_orientation_20260925/results/latest/r21dev_vgg16_bn_aa_s42/faces_cfdWM64/results.csv,UU
mixed,Mixed faces / AA4,r21dev_vgg16_bn_aa_s42,snapshot,111,two_cross,CFD WM64,Faces,0.3,0.35,50,within_sampled_range,UU,125,91.66666666666666,runs/yin_orientation_20260925/results/latest/r21dev_vgg16_bn_aa_s42/faces_cfdWM64/results.csv,UU
mixed,Mixed faces / AA4,r21dev_vgg16_bn_aa_s42,snapshot,111,two_cross,CFD WM64,Faces,0.3,0.35,50,within_sampled_range,UU,126,95.83333333333334,runs/yin_orientation_20260925/results/latest/r21dev_vgg16_bn_aa_s42/faces_cfdWM64/results.csv,UU
mixed,Mixed faces / AA4,r21dev_vgg16_bn_aa_s42,snapshot,111,two_cross,CFD WM64,Faces,0.3,0.35,50,within_sampled_range,UU,127,100.0,runs/yin_orientation_20260925/results/latest/r21dev_vgg16_bn_aa_s42/faces_cfdWM64/results.csv,UU
mixed,Mixed faces / AA4,r21dev_vgg16_bn_aa_s42,snapshot,111,two_cross,CFD WM64,Faces,0.3,0.35,50,within_sampled_range,UU,128,95.83333333333334,runs/yin_orientation_20260925/results/latest/r21dev_vgg16_bn_aa_s42/faces_cfdWM64/results.csv,UU
mixed,Mixed faces / AA4,r21dev_vgg16_bn_aa_s42,snapshot,111,two_cross,CFD WM64,Faces,0.3,0.35,50,within_sampled_range,UU,129,100.0,runs/yin_orientation_20260925/results/latest/r21dev_vgg16_bn_aa_s42/faces_cfdWM64/results.csv,UU
mixed,Mixed faces / AA4,r21dev_vgg16_bn_aa_s42,snapshot,111,two_cross,CFD WM64,Faces,0.3,0.35,50,within_sampled_range,UU,130,100.0,runs/yin_orientation_20260925/results/latest/r21dev_vgg16_bn_aa_s42/faces_cfdWM64/results.csv,UU
mixed,Mixed faces / AA4,r21dev_vgg16_bn_aa_s42,snapshot,111,two_cross,CFD WM64,Faces,0.3,0.35,50,within_sampled_range,UU,131,100.0,runs/yin_orientation_20260925/results/latest/r21dev_vgg16_bn_aa_s42/faces_cfdWM64/results.csv,UU
mixed,Mixed faces / AA4,r21dev_vgg16_bn_aa_s42,snapshot,111,two_cross,CFD WM64,Faces,0.3,0.35,50,within_sampled_range,UU,132,95.83333333333334,runs/yin_orientation_20260925/results/latest/r21dev_vgg16_bn_aa_s42/faces_cfdWM64/results.csv,UU
mixed,Mixed faces / AA4,r21dev_vgg16_bn_aa_s42,snapshot,111,two_cross,CFD WM64,Faces,0.3,0.35,50,within_sampled_range,UU,133,91.66666666666666,runs/yin_orientation_20260925/results/latest/r21dev_vgg16_bn_aa_s42/faces_cfdWM64/results.csv,UU
mixed,Mixed faces / AA4,r21dev_vgg16_bn_aa_s42,snapshot,111,two_cross,CFD WM64,Faces,0.3,0.35,50,within_sampled_range,UU,134,100.0,runs/yin_orientation_20260925/results/latest/r21dev_vgg16_bn_aa_s42/faces_cfdWM64/results.csv,UU
mixed,Mixed faces / AA4,r21dev_vgg16_bn_aa_s42,snapshot,111,two_cross,CFD WM64,Faces,0.3,0.35,50,within_sampled_range,UU,135,91.66666666666666,runs/yin_orientation_20260925/results/latest/r21dev_vgg16_bn_aa_s42/faces_cfdWM64/results.csv,UU
mixed,Mixed faces / AA4,r21dev_vgg16_bn_aa_s42,snapshot,111,two_cross,CFD WM64,Faces,0.3,0.35,50,within_sampled_range,UU,136,95.83333333333334,runs/yin_orientation_20260925/results/latest/r21dev_vgg16_bn_aa_s42/faces_cfdWM64/results.csv,UU
mixed,Mixed faces / AA4,r21dev_vgg16_bn_aa_s42,snapshot,111,two_cross,CFD WM64,Faces,0.3,0.35,50,within_sampled_range,UU,137,100.0,runs/yin_orientation_20260925/results/latest/r21dev_vgg16_bn_aa_s42/faces_cfdWM64/results.csv,UU
mixed,Mixed faces / AA4,r21dev_vgg16_bn_aa_s42,snapshot,111,two_cross,CFD WM64,Faces,0.3,0.35,50,within_sampled_range,UU,138,95.83333333333334,runs/yin_orientation_20260925/results/latest/r21dev_vgg16_bn_aa_s42/faces_cfdWM64/results.csv,UU
mixed,Mixed faces / AA4,r21dev_vgg16_bn_aa_s42,snapshot,111,two_cross,CFD WM64,Faces,0.3,0.35,50,within_sampled_range,UU,139,100.0,runs/yin_orientation_20260925/results/latest/r21dev_vgg16_bn_aa_s42/faces_cfdWM64/results.csv,UU
mixed,Mixed faces / AA4,r21dev_vgg16_bn_aa_s42,snapshot,111,two_cross,CFD WM64,Faces,0.3,0.35,50,within_sampled_range,UU,140,87.5,runs/yin_orientation_20260925/results/latest/r21dev_vgg16_bn_aa_s42/faces_cfdWM64/results.csv,UU
mixed,Mixed faces / AA4,r21dev_vgg16_bn_aa_s42,snapshot,111,two_cross,CFD WM64,Faces,0.3,0.35,50,within_sampled_range,UU,141,95.83333333333334,runs/yin_orientation_20260925/results/latest/r21dev_vgg16_bn_aa_s42/faces_cfdWM64/results.csv,UU
mixed,Mixed faces / AA4,r21dev_vgg16_bn_aa_s42,snapshot,111,two_cross,CFD WM64,Faces,0.3,0.35,50,within_sampled_range,UU,142,100.0,runs/yin_orientation_20260925/results/latest/r21dev_vgg16_bn_aa_s42/faces_cfdWM64/results.csv,UU
mixed,Mixed faces / AA4,r21dev_vgg16_bn_aa_s42,snapshot,111,two_cross,CFD WM64,Faces,0.3,0.35,50,within_sampled_range,UU,143,87.5,runs/yin_orientation_20260925/results/latest/r21dev_vgg16_bn_aa_s42/faces_cfdWM64/results.csv,UU
mixed,Mixed faces / AA4,r21dev_vgg16_bn_aa_s42,snapshot,111,two_cross,CFD WM64,Faces,0.3,0.35,50,within_sampled_range,UU,144,100.0,runs/yin_orientation_20260925/results/latest/r21dev_vgg16_bn_aa_s42/faces_cfdWM64/results.csv,UU
mixed,Mixed faces / AA4,r21dev_vgg16_bn_aa_s42,snapshot,111,two_cross,CFD WM64,Faces,0.3,0.35,50,within_sampled_range,UU,145,100.0,runs/yin_orientation_20260925/results/latest/r21dev_vgg16_bn_aa_s42/faces_cfdWM64/results.csv,UU
mixed,Mixed faces / AA4,r21dev_vgg16_bn_aa_s42,snapshot,111,two_cross,CFD WM64,Faces,0.3,0.35,50,within_sampled_range,UU,146,100.0,runs/yin_orientation_20260925/results/latest/r21dev_vgg16_bn_aa_s42/faces_cfdWM64/results.csv,UU
mixed,Mixed faces / AA4,r21dev_vgg16_bn_aa_s42,snapshot,111,two_cross,CFD WM64,Faces,0.3,0.35,50,within_sampled_range,UU,147,95.83333333333334,runs/yin_orientation_20260925/results/latest/r21dev_vgg16_bn_aa_s42/faces_cfdWM64/results.csv,UU
mixed,Mixed faces / AA4,r21dev_vgg16_bn_aa_s42,snapshot,111,two_cross,CFD WM64,Faces,0.3,0.35,50,within_sampled_range,UU,148,95.83333333333334,runs/yin_orientation_20260925/results/latest/r21dev_vgg16_bn_aa_s42/faces_cfdWM64/results.csv,UU
mixed,Mixed faces / AA4,r21dev_vgg16_bn_aa_s42,snapshot,111,two_cross,CFD WM64,Faces,0.3,0.35,50,within_sampled_range,UU,149,91.66666666666666,runs/yin_orientation_20260925/results/latest/r21dev_vgg16_bn_aa_s42/faces_cfdWM64/results.csv,UU
mixed,Mixed faces / AA4,r21dev_vgg16_bn_aa_s42,snapshot,111,two_cross,CFD WM64,Faces,0.3,0.35,50,within_sampled_range,UU,150,95.83333333333334,runs/yin_orientation_20260925/results/latest/r21dev_vgg16_bn_aa_s42/faces_cfdWM64/results.csv,UU
mixed,Mixed faces / AA4,r21dev_vgg16_bn_aa_s42,snapshot,111,two_cross,CFD WM64,Faces,0.3,0.35,50,within_sampled_range,II,101,66.66666666666666,runs/yin_orientation_20260925/results/latest/r21dev_vgg16_bn_aa_s42/faces_cfdWM64/results.csv,II
mixed,Mixed faces / AA4,r21dev_vgg16_bn_aa_s42,snapshot,111,two_cross,CFD WM64,Faces,0.3,0.35,50,within_sampled_range,II,102,91.66666666666666,runs/yin_orientation_20260925/results/latest/r21dev_vgg16_bn_aa_s42/faces_cfdWM64/results.csv,II
mixed,Mixed faces / AA4,r21dev_vgg16_bn_aa_s42,snapshot,111,two_cross,CFD WM64,Faces,0.3,0.35,50,within_sampled_range,II,103,95.83333333333334,runs/yin_orientation_20260925/results/latest/r21dev_vgg16_bn_aa_s42/faces_cfdWM64/results.csv,II
mixed,Mixed faces / AA4,r21dev_vgg16_bn_aa_s42,snapshot,111,two_cross,CFD WM64,Faces,0.3,0.35,50,within_sampled_range,II,104,79.16666666666666,runs/yin_orientation_20260925/results/latest/r21dev_vgg16_bn_aa_s42/faces_cfdWM64/results.csv,II
mixed,Mixed faces / AA4,r21dev_vgg16_bn_aa_s42,snapshot,111,two_cross,CFD WM64,Faces,0.3,0.35,50,within_sampled_range,II,105,87.5,runs/yin_orientation_20260925/results/latest/r21dev_vgg16_bn_aa_s42/faces_cfdWM64/results.csv,II
mixed,Mixed faces / AA4,r21dev_vgg16_bn_aa_s42,snapshot,111,two_cross,CFD WM64,Faces,0.3,0.35,50,within_sampled_range,II,106,83.33333333333334,runs/yin_orientation_20260925/results/latest/r21dev_vgg16_bn_aa_s42/faces_cfdWM64/results.csv,II
mixed,Mixed faces / AA4,r21dev_vgg16_bn_aa_s42,snapshot,111,two_cross,CFD WM64,Faces,0.3,0.35,50,within_sampled_range,II,107,62.5,runs/yin_orientation_20260925/results/latest/r21dev_vgg16_bn_aa_s42/faces_cfdWM64/results.csv,II
mixed,Mixed faces / AA4,r21dev_vgg16_bn_aa_s42,snapshot,111,two_cross,CFD WM64,Faces,0.3,0.35,50,within_sampled_range,II,108,95.83333333333334,runs/yin_orientation_20260925/results/latest/r21dev_vgg16_bn_aa_s42/faces_cfdWM64/results.csv,II
mixed,Mixed faces / AA4,r21dev_vgg16_bn_aa_s42,snapshot,111,two_cross,CFD WM64,Faces,0.3,0.35,50,within_sampled_range,II,109,75.0,runs/yin_orientation_20260925/results/latest/r21dev_vgg16_bn_aa_s42/faces_cfdWM64/results.csv,II
mixed,Mixed faces / AA4,r21dev_vgg16_bn_aa_s42,snapshot,111,two_cross,CFD WM64,Faces,0.3,0.35,50,within_sampled_range,II,110,83.33333333333334,runs/yin_orientation_20260925/results/latest/r21dev_vgg16_bn_aa_s42/faces_cfdWM64/results.csv,II
mixed,Mixed faces / AA4,r21dev_vgg16_bn_aa_s42,snapshot,111,two_cross,CFD WM64,Faces,0.3,0.35,50,within_sampled_range,II,111,83.33333333333334,runs/yin_orientation_20260925/results/latest/r21dev_vgg16_bn_aa_s42/faces_cfdWM64/results.csv,II
mixed,Mixed faces / AA4,r21dev_vgg16_bn_aa_s42,snapshot,111,two_cross,CFD WM64,Faces,0.3,0.35,50,within_sampled_range,II,112,87.5,runs/yin_orientation_20260925/results/latest/r21dev_vgg16_bn_aa_s42/faces_cfdWM64/results.csv,II
mixed,Mixed faces / AA4,r21dev_vgg16_bn_aa_s42,snapshot,111,two_cross,CFD WM64,Faces,0.3,0.35,50,within_sampled_range,II,113,75.0,runs/yin_orientation_20260925/results/latest/r21dev_vgg16_bn_aa_s42/faces_cfdWM64/results.csv,II
mixed,Mixed faces / AA4,r21dev_vgg16_bn_aa_s42,snapshot,111,two_cross,CFD WM64,Faces,0.3,0.35,50,within_sampled_range,II,114,70.83333333333334,runs/yin_orientation_20260925/results/latest/r21dev_vgg16_bn_aa_s42/faces_cfdWM64/results.csv,II
mixed,Mixed faces / AA4,r21dev_vgg16_bn_aa_s42,snapshot,111,two_cross,CFD WM64,Faces,0.3,0.35,50,within_sampled_range,II,115,87.5,runs/yin_orientation_20260925/results/latest/r21dev_vgg16_bn_aa_s42/faces_cfdWM64/results.csv,II
mixed,Mixed faces / AA4,r21dev_vgg16_bn_aa_s42,snapshot,111,two_cross,CFD WM64,Faces,0.3,0.35,50,within_sampled_range,II,116,75.0,runs/yin_orientation_20260925/results/latest/r21dev_vgg16_bn_aa_s42/faces_cfdWM64/results.csv,II
mixed,Mixed faces / AA4,r21dev_vgg16_bn_aa_s42,snapshot,111,two_cross,CFD WM64,Faces,0.3,0.35,50,within_sampled_range,II,117,95.83333333333334,runs/yin_orientation_20260925/results/latest/r21dev_vgg16_bn_aa_s42/faces_cfdWM64/results.csv,II
mixed,Mixed faces / AA4,r21dev_vgg16_bn_aa_s42,snapshot,111,two_cross,CFD WM64,Faces,0.3,0.35,50,within_sampled_range,II,118,75.0,runs/yin_orientation_20260925/results/latest/r21dev_vgg16_bn_aa_s42/faces_cfdWM64/results.csv,II
mixed,Mixed faces / AA4,r21dev_vgg16_bn_aa_s42,snapshot,111,two_cross,CFD WM64,Faces,0.3,0.35,50,within_sampled_range,II,119,87.5,runs/yin_orientation_20260925/results/latest/r21dev_vgg16_bn_aa_s42/faces_cfdWM64/results.csv,II
mixed,Mixed faces / AA4,r21dev_vgg16_bn_aa_s42,snapshot,111,two_cross,CFD WM64,Faces,0.3,0.35,50,within_sampled_range,II,120,79.16666666666666,runs/yin_orientation_20260925/results/latest/r21dev_vgg16_bn_aa_s42/faces_cfdWM64/results.csv,II
mixed,Mixed faces / AA4,r21dev_vgg16_bn_aa_s42,snapshot,111,two_cross,CFD WM64,Faces,0.3,0.35,50,within_sampled_range,II,121,75.0,runs/yin_orientation_20260925/results/latest/r21dev_vgg16_bn_aa_s42/faces_cfdWM64/results.csv,II
mixed,Mixed faces / AA4,r21dev_vgg16_bn_aa_s42,snapshot,111,two_cross,CFD WM64,Faces,0.3,0.35,50,within_sampled_range,II,122,75.0,runs/yin_orientation_20260925/results/latest/r21dev_vgg16_bn_aa_s42/faces_cfdWM64/results.csv,II
mixed,Mixed faces / AA4,r21dev_vgg16_bn_aa_s42,snapshot,111,two_cross,CFD WM64,Faces,0.3,0.35,50,within_sampled_range,II,123,75.0,runs/yin_orientation_20260925/results/latest/r21dev_vgg16_bn_aa_s42/faces_cfdWM64/results.csv,II
mixed,Mixed faces / AA4,r21dev_vgg16_bn_aa_s42,snapshot,111,two_cross,CFD WM64,Faces,0.3,0.35,50,within_sampled_range,II,124,87.5,runs/yin_orientation_20260925/results/latest/r21dev_vgg16_bn_aa_s42/faces_cfdWM64/results.csv,II
mixed,Mixed faces / AA4,r21dev_vgg16_bn_aa_s42,snapshot,111,two_cross,CFD WM64,Faces,0.3,0.35,50,within_sampled_range,II,125,87.5,runs/yin_orientation_20260925/results/latest/r21dev_vgg16_bn_aa_s42/faces_cfdWM64/results.csv,II
mixed,Mixed faces / AA4,r21dev_vgg16_bn_aa_s42,snapshot,111,two_cross,CFD WM64,Faces,0.3,0.35,50,within_sampled_range,II,126,95.83333333333334,runs/yin_orientation_20260925/results/latest/r21dev_vgg16_bn_aa_s42/faces_cfdWM64/results.csv,II
mixed,Mixed faces / AA4,r21dev_vgg16_bn_aa_s42,snapshot,111,two_cross,CFD WM64,Faces,0.3,0.35,50,within_sampled_range,II,127,83.33333333333334,runs/yin_orientation_20260925/results/latest/r21dev_vgg16_bn_aa_s42/faces_cfdWM64/results.csv,II
mixed,Mixed faces / AA4,r21dev_vgg16_bn_aa_s42,snapshot,111,two_cross,CFD WM64,Faces,0.3,0.35,50,within_sampled_range,II,128,66.66666666666666,runs/yin_orientation_20260925/results/latest/r21dev_vgg16_bn_aa_s42/faces_cfdWM64/results.csv,II
mixed,Mixed faces / AA4,r21dev_vgg16_bn_aa_s42,snapshot,111,two_cross,CFD WM64,Faces,0.3,0.35,50,within_sampled_range,II,129,91.66666666666666,runs/yin_orientation_20260925/results/latest/r21dev_vgg16_bn_aa_s42/faces_cfdWM64/results.csv,II
mixed,Mixed faces / AA4,r21dev_vgg16_bn_aa_s42,snapshot,111,two_cross,CFD WM64,Faces,0.3,0.35,50,within_sampled_range,II,130,87.5,runs/yin_orientation_20260925/results/latest/r21dev_vgg16_bn_aa_s42/faces_cfdWM64/results.csv,II
mixed,Mixed faces / AA4,r21dev_vgg16_bn_aa_s42,snapshot,111,two_cross,CFD WM64,Faces,0.3,0.35,50,within_sampled_range,II,131,75.0,runs/yin_orientation_20260925/results/latest/r21dev_vgg16_bn_aa_s42/faces_cfdWM64/results.csv,II
mixed,Mixed faces / AA4,r21dev_vgg16_bn_aa_s42,snapshot,111,two_cross,CFD WM64,Faces,0.3,0.35,50,within_sampled_range,II,132,79.16666666666666,runs/yin_orientation_20260925/results/latest/r21dev_vgg16_bn_aa_s42/faces_cfdWM64/results.csv,II
mixed,Mixed faces / AA4,r21dev_vgg16_bn_aa_s42,snapshot,111,two_cross,CFD WM64,Faces,0.3,0.35,50,within_sampled_range,II,133,75.0,runs/yin_orientation_20260925/results/latest/r21dev_vgg16_bn_aa_s42/faces_cfdWM64/results.csv,II
mixed,Mixed faces / AA4,r21dev_vgg16_bn_aa_s42,snapshot,111,two_cross,CFD WM64,Faces,0.3,0.35,50,within_sampled_range,II,134,91.66666666666666,runs/yin_orientation_20260925/results/latest/r21dev_vgg16_bn_aa_s42/faces_cfdWM64/results.csv,II
mixed,Mixed faces / AA4,r21dev_vgg16_bn_aa_s42,snapshot,111,two_cross,CFD WM64,Faces,0.3,0.35,50,within_sampled_range,II,135,79.16666666666666,runs/yin_orientation_20260925/results/latest/r21dev_vgg16_bn_aa_s42/faces_cfdWM64/results.csv,II
mixed,Mixed faces / AA4,r21dev_vgg16_bn_aa_s42,snapshot,111,two_cross,CFD WM64,Faces,0.3,0.35,50,within_sampled_range,II,136,91.66666666666666,runs/yin_orientation_20260925/results/latest/r21dev_vgg16_bn_aa_s42/faces_cfdWM64/results.csv,II
mixed,Mixed faces / AA4,r21dev_vgg16_bn_aa_s42,snapshot,111,two_cross,CFD WM64,Faces,0.3,0.35,50,within_sampled_range,II,137,75.0,runs/yin_orientation_20260925/results/latest/r21dev_vgg16_bn_aa_s42/faces_cfdWM64/results.csv,II
mixed,Mixed faces / AA4,r21dev_vgg16_bn_aa_s42,snapshot,111,two_cross,CFD WM64,Faces,0.3,0.35,50,within_sampled_range,II,138,95.83333333333334,runs/yin_orientation_20260925/results/latest/r21dev_vgg16_bn_aa_s42/faces_cfdWM64/results.csv,II
mixed,Mixed faces / AA4,r21dev_vgg16_bn_aa_s42,snapshot,111,two_cross,CFD WM64,Faces,0.3,0.35,50,within_sampled_range,II,139,83.33333333333334,runs/yin_orientation_20260925/results/latest/r21dev_vgg16_bn_aa_s42/faces_cfdWM64/results.csv,II
mixed,Mixed faces / AA4,r21dev_vgg16_bn_aa_s42,snapshot,111,two_cross,CFD WM64,Faces,0.3,0.35,50,within_sampled_range,II,140,70.83333333333334,runs/yin_orientation_20260925/results/latest/r21dev_vgg16_bn_aa_s42/faces_cfdWM64/results.csv,II
mixed,Mixed faces / AA4,r21dev_vgg16_bn_aa_s42,snapshot,111,two_cross,CFD WM64,Faces,0.3,0.35,50,within_sampled_range,II,141,75.0,runs/yin_orientation_20260925/results/latest/r21dev_vgg16_bn_aa_s42/faces_cfdWM64/results.csv,II
mixed,Mixed faces / AA4,r21dev_vgg16_bn_aa_s42,snapshot,111,two_cross,CFD WM64,Faces,0.3,0.35,50,within_sampled_range,II,142,66.66666666666666,runs/yin_orientation_20260925/results/latest/r21dev_vgg16_bn_aa_s42/faces_cfdWM64/results.csv,II
mixed,Mixed faces / AA4,r21dev_vgg16_bn_aa_s42,snapshot,111,two_cross,CFD WM64,Faces,0.3,0.35,50,within_sampled_range,II,143,79.16666666666666,runs/yin_orientation_20260925/results/latest/r21dev_vgg16_bn_aa_s42/faces_cfdWM64/results.csv,II
mixed,Mixed faces / AA4,r21dev_vgg16_bn_aa_s42,snapshot,111,two_cross,CFD WM64,Faces,0.3,0.35,50,within_sampled_range,II,144,83.33333333333334,runs/yin_orientation_20260925/results/latest/r21dev_vgg16_bn_aa_s42/faces_cfdWM64/results.csv,II
mixed,Mixed faces / AA4,r21dev_vgg16_bn_aa_s42,snapshot,111,two_cross,CFD WM64,Faces,0.3,0.35,50,within_sampled_range,II,145,75.0,runs/yin_orientation_20260925/results/latest/r21dev_vgg16_bn_aa_s42/faces_cfdWM64/results.csv,II
mixed,Mixed faces / AA4,r21dev_vgg16_bn_aa_s42,snapshot,111,two_cross,CFD WM64,Faces,0.3,0.35,50,within_sampled_range,II,146,83.33333333333334,runs/yin_orientation_20260925/results/latest/r21dev_vgg16_bn_aa_s42/faces_cfdWM64/results.csv,II
mixed,Mixed faces / AA4,r21dev_vgg16_bn_aa_s42,snapshot,111,two_cross,CFD WM64,Faces,0.3,0.35,50,within_sampled_range,II,147,75.0,runs/yin_orientation_20260925/results/latest/r21dev_vgg16_bn_aa_s42/faces_cfdWM64/results.csv,II
mixed,Mixed faces / AA4,r21dev_vgg16_bn_aa_s42,snapshot,111,two_cross,CFD WM64,Faces,0.3,0.35,50,within_sampled_range,II,148,66.66666666666666,runs/yin_orientation_20260925/results/latest/r21dev_vgg16_bn_aa_s42/faces_cfdWM64/results.csv,II
mixed,Mixed faces / AA4,r21dev_vgg16_bn_aa_s42,snapshot,111,two_cross,CFD WM64,Faces,0.3,0.35,50,within_sampled_range,II,149,79.16666666666666,runs/yin_orientation_20260925/results/latest/r21dev_vgg16_bn_aa_s42/faces_cfdWM64/results.csv,II
mixed,Mixed faces / AA4,r21dev_vgg16_bn_aa_s42,snapshot,111,two_cross,CFD WM64,Faces,0.3,0.35,50,within_sampled_range,II,150,95.83333333333334,runs/yin_orientation_20260925/results/latest/r21dev_vgg16_bn_aa_s42/faces_cfdWM64/results.csv,II
mixed,Mixed faces / AA4,r21dev_vgg16_bn_aa_s42,snapshot,111,two_cross,CFD WM64,Faces,0.3,0.35,50,within_sampled_range,UI,101,83.33333333333334,runs/yin_orientation_20260925/results/latest/r21dev_vgg16_bn_aa_s42/faces_cfdWM64/results.csv,UI
mixed,Mixed faces / AA4,r21dev_vgg16_bn_aa_s42,snapshot,111,two_cross,CFD WM64,Faces,0.3,0.35,50,within_sampled_range,UI,102,91.66666666666666,runs/yin_orientation_20260925/results/latest/r21dev_vgg16_bn_aa_s42/faces_cfdWM64/results.csv,UI
mixed,Mixed faces / AA4,r21dev_vgg16_bn_aa_s42,snapshot,111,two_cross,CFD WM64,Faces,0.3,0.35,50,within_sampled_range,UI,103,87.5,runs/yin_orientation_20260925/results/latest/r21dev_vgg16_bn_aa_s42/faces_cfdWM64/results.csv,UI
mixed,Mixed faces / AA4,r21dev_vgg16_bn_aa_s42,snapshot,111,two_cross,CFD WM64,Faces,0.3,0.35,50,within_sampled_range,UI,104,95.83333333333334,runs/yin_orientation_20260925/results/latest/r21dev_vgg16_bn_aa_s42/faces_cfdWM64/results.csv,UI
mixed,Mixed faces / AA4,r21dev_vgg16_bn_aa_s42,snapshot,111,two_cross,CFD WM64,Faces,0.3,0.35,50,within_sampled_range,UI,105,95.83333333333334,runs/yin_orientation_20260925/results/latest/r21dev_vgg16_bn_aa_s42/faces_cfdWM64/results.csv,UI
mixed,Mixed faces / AA4,r21dev_vgg16_bn_aa_s42,snapshot,111,two_cross,CFD WM64,Faces,0.3,0.35,50,within_sampled_range,UI,106,87.5,runs/yin_orientation_20260925/results/latest/r21dev_vgg16_bn_aa_s42/faces_cfdWM64/results.csv,UI
mixed,Mixed faces / AA4,r21dev_vgg16_bn_aa_s42,snapshot,111,two_cross,CFD WM64,Faces,0.3,0.35,50,within_sampled_range,UI,107,87.5,runs/yin_orientation_20260925/results/latest/r21dev_vgg16_bn_aa_s42/faces_cfdWM64/results.csv,UI
mixed,Mixed faces / AA4,r21dev_vgg16_bn_aa_s42,snapshot,111,two_cross,CFD WM64,Faces,0.3,0.35,50,within_sampled_range,UI,108,100.0,runs/yin_orientation_20260925/results/latest/r21dev_vgg16_bn_aa_s42/faces_cfdWM64/results.csv,UI
mixed,Mixed faces / AA4,r21dev_vgg16_bn_aa_s42,snapshot,111,two_cross,CFD WM64,Faces,0.3,0.35,50,within_sampled_range,UI,109,75.0,runs/yin_orientation_20260925/results/latest/r21dev_vgg16_bn_aa_s42/faces_cfdWM64/results.csv,UI
mixed,Mixed faces / AA4,r21dev_vgg16_bn_aa_s42,snapshot,111,two_cross,CFD WM64,Faces,0.3,0.35,50,within_sampled_range,UI,110,87.5,runs/yin_orientation_20260925/results/latest/r21dev_vgg16_bn_aa_s42/faces_cfdWM64/results.csv,UI
mixed,Mixed faces / AA4,r21dev_vgg16_bn_aa_s42,snapshot,111,two_cross,CFD WM64,Faces,0.3,0.35,50,within_sampled_range,UI,111,87.5,runs/yin_orientation_20260925/results/latest/r21dev_vgg16_bn_aa_s42/faces_cfdWM64/results.csv,UI
mixed,Mixed faces / AA4,r21dev_vgg16_bn_aa_s42,snapshot,111,two_cross,CFD WM64,Faces,0.3,0.35,50,within_sampled_range,UI,112,87.5,runs/yin_orientation_20260925/results/latest/r21dev_vgg16_bn_aa_s42/faces_cfdWM64/results.csv,UI
mixed,Mixed faces / AA4,r21dev_vgg16_bn_aa_s42,snapshot,111,two_cross,CFD WM64,Faces,0.3,0.35,50,within_sampled_range,UI,113,83.33333333333334,runs/yin_orientation_20260925/results/latest/r21dev_vgg16_bn_aa_s42/faces_cfdWM64/results.csv,UI
mixed,Mixed faces / AA4,r21dev_vgg16_bn_aa_s42,snapshot,111,two_cross,CFD WM64,Faces,0.3,0.35,50,within_sampled_range,UI,114,75.0,runs/yin_orientation_20260925/results/latest/r21dev_vgg16_bn_aa_s42/faces_cfdWM64/results.csv,UI
mixed,Mixed faces / AA4,r21dev_vgg16_bn_aa_s42,snapshot,111,two_cross,CFD WM64,Faces,0.3,0.35,50,within_sampled_range,UI,115,95.83333333333334,runs/yin_orientation_20260925/results/latest/r21dev_vgg16_bn_aa_s42/faces_cfdWM64/results.csv,UI
mixed,Mixed faces / AA4,r21dev_vgg16_bn_aa_s42,snapshot,111,two_cross,CFD WM64,Faces,0.3,0.35,50,within_sampled_range,UI,116,83.33333333333334,runs/yin_orientation_20260925/results/latest/r21dev_vgg16_bn_aa_s42/faces_cfdWM64/results.csv,UI
mixed,Mixed faces / AA4,r21dev_vgg16_bn_aa_s42,snapshot,111,two_cross,CFD WM64,Faces,0.3,0.35,50,within_sampled_range,UI,117,87.5,runs/yin_orientation_20260925/results/latest/r21dev_vgg16_bn_aa_s42/faces_cfdWM64/results.csv,UI
mixed,Mixed faces / AA4,r21dev_vgg16_bn_aa_s42,snapshot,111,two_cross,CFD WM64,Faces,0.3,0.35,50,within_sampled_range,UI,118,79.16666666666666,runs/yin_orientation_20260925/results/latest/r21dev_vgg16_bn_aa_s42/faces_cfdWM64/results.csv,UI
mixed,Mixed faces / AA4,r21dev_vgg16_bn_aa_s42,snapshot,111,two_cross,CFD WM64,Faces,0.3,0.35,50,within_sampled_range,UI,119,79.16666666666666,runs/yin_orientation_20260925/results/latest/r21dev_vgg16_bn_aa_s42/faces_cfdWM64/results.csv,UI
mixed,Mixed faces / AA4,r21dev_vgg16_bn_aa_s42,snapshot,111,two_cross,CFD WM64,Faces,0.3,0.35,50,within_sampled_range,UI,120,87.5,runs/yin_orientation_20260925/results/latest/r21dev_vgg16_bn_aa_s42/faces_cfdWM64/results.csv,UI
mixed,Mixed faces / AA4,r21dev_vgg16_bn_aa_s42,snapshot,111,two_cross,CFD WM64,Faces,0.3,0.35,50,within_sampled_range,UI,121,95.83333333333334,runs/yin_orientation_20260925/results/latest/r21dev_vgg16_bn_aa_s42/faces_cfdWM64/results.csv,UI
mixed,Mixed faces / AA4,r21dev_vgg16_bn_aa_s42,snapshot,111,two_cross,CFD WM64,Faces,0.3,0.35,50,within_sampled_range,UI,122,87.5,runs/yin_orientation_20260925/results/latest/r21dev_vgg16_bn_aa_s42/faces_cfdWM64/results.csv,UI
mixed,Mixed faces / AA4,r21dev_vgg16_bn_aa_s42,snapshot,111,two_cross,CFD WM64,Faces,0.3,0.35,50,within_sampled_range,UI,123,87.5,runs/yin_orientation_20260925/results/latest/r21dev_vgg16_bn_aa_s42/faces_cfdWM64/results.csv,UI
mixed,Mixed faces / AA4,r21dev_vgg16_bn_aa_s42,snapshot,111,two_cross,CFD WM64,Faces,0.3,0.35,50,within_sampled_range,UI,124,91.66666666666666,runs/yin_orientation_20260925/results/latest/r21dev_vgg16_bn_aa_s42/faces_cfdWM64/results.csv,UI
mixed,Mixed faces / AA4,r21dev_vgg16_bn_aa_s42,snapshot,111,two_cross,CFD WM64,Faces,0.3,0.35,50,within_sampled_range,UI,125,87.5,runs/yin_orientation_20260925/results/latest/r21dev_vgg16_bn_aa_s42/faces_cfdWM64/results.csv,UI
mixed,Mixed faces / AA4,r21dev_vgg16_bn_aa_s42,snapshot,111,two_cross,CFD WM64,Faces,0.3,0.35,50,within_sampled_range,UI,126,95.83333333333334,runs/yin_orientation_20260925/results/latest/r21dev_vgg16_bn_aa_s42/faces_cfdWM64/results.csv,UI
mixed,Mixed faces / AA4,r21dev_vgg16_bn_aa_s42,snapshot,111,two_cross,CFD WM64,Faces,0.3,0.35,50,within_sampled_range,UI,127,87.5,runs/yin_orientation_20260925/results/latest/r21dev_vgg16_bn_aa_s42/faces_cfdWM64/results.csv,UI
mixed,Mixed faces / AA4,r21dev_vgg16_bn_aa_s42,snapshot,111,two_cross,CFD WM64,Faces,0.3,0.35,50,within_sampled_range,UI,128,83.33333333333334,runs/yin_orientation_20260925/results/latest/r21dev_vgg16_bn_aa_s42/faces_cfdWM64/results.csv,UI
mixed,Mixed faces / AA4,r21dev_vgg16_bn_aa_s42,snapshot,111,two_cross,CFD WM64,Faces,0.3,0.35,50,within_sampled_range,UI,129,91.66666666666666,runs/yin_orientation_20260925/results/latest/r21dev_vgg16_bn_aa_s42/faces_cfdWM64/results.csv,UI
mixed,Mixed faces / AA4,r21dev_vgg16_bn_aa_s42,snapshot,111,two_cross,CFD WM64,Faces,0.3,0.35,50,within_sampled_range,UI,130,83.33333333333334,runs/yin_orientation_20260925/results/latest/r21dev_vgg16_bn_aa_s42/faces_cfdWM64/results.csv,UI
mixed,Mixed faces / AA4,r21dev_vgg16_bn_aa_s42,snapshot,111,two_cross,CFD WM64,Faces,0.3,0.35,50,within_sampled_range,UI,131,79.16666666666666,runs/yin_orientation_20260925/results/latest/r21dev_vgg16_bn_aa_s42/faces_cfdWM64/results.csv,UI
mixed,Mixed faces / AA4,r21dev_vgg16_bn_aa_s42,snapshot,111,two_cross,CFD WM64,Faces,0.3,0.35,50,within_sampled_range,UI,132,91.66666666666666,runs/yin_orientation_20260925/results/latest/r21dev_vgg16_bn_aa_s42/faces_cfdWM64/results.csv,UI
mixed,Mixed faces / AA4,r21dev_vgg16_bn_aa_s42,snapshot,111,two_cross,CFD WM64,Faces,0.3,0.35,50,within_sampled_range,UI,133,83.33333333333334,runs/yin_orientation_20260925/results/latest/r21dev_vgg16_bn_aa_s42/faces_cfdWM64/results.csv,UI
mixed,Mixed faces / AA4,r21dev_vgg16_bn_aa_s42,snapshot,111,two_cross,CFD WM64,Faces,0.3,0.35,50,within_sampled_range,UI,134,91.66666666666666,runs/yin_orientation_20260925/results/latest/r21dev_vgg16_bn_aa_s42/faces_cfdWM64/results.csv,UI
mixed,Mixed faces / AA4,r21dev_vgg16_bn_aa_s42,snapshot,111,two_cross,CFD WM64,Faces,0.3,0.35,50,within_sampled_range,UI,135,83.33333333333334,runs/yin_orientation_20260925/results/latest/r21dev_vgg16_bn_aa_s42/faces_cfdWM64/results.csv,UI
mixed,Mixed faces / AA4,r21dev_vgg16_bn_aa_s42,snapshot,111,two_cross,CFD WM64,Faces,0.3,0.35,50,within_sampled_range,UI,136,95.83333333333334,runs/yin_orientation_20260925/results/latest/r21dev_vgg16_bn_aa_s42/faces_cfdWM64/results.csv,UI
mixed,Mixed faces / AA4,r21dev_vgg16_bn_aa_s42,snapshot,111,two_cross,CFD WM64,Faces,0.3,0.35,50,within_sampled_range,UI,137,75.0,runs/yin_orientation_20260925/results/latest/r21dev_vgg16_bn_aa_s42/faces_cfdWM64/results.csv,UI
mixed,Mixed faces / AA4,r21dev_vgg16_bn_aa_s42,snapshot,111,two_cross,CFD WM64,Faces,0.3,0.35,50,within_sampled_range,UI,138,87.5,runs/yin_orientation_20260925/results/latest/r21dev_vgg16_bn_aa_s42/faces_cfdWM64/results.csv,UI
mixed,Mixed faces / AA4,r21dev_vgg16_bn_aa_s42,snapshot,111,two_cross,CFD WM64,Faces,0.3,0.35,50,within_sampled_range,UI,139,87.5,runs/yin_orientation_20260925/results/latest/r21dev_vgg16_bn_aa_s42/faces_cfdWM64/results.csv,UI
mixed,Mixed faces / AA4,r21dev_vgg16_bn_aa_s42,snapshot,111,two_cross,CFD WM64,Faces,0.3,0.35,50,within_sampled_range,UI,140,83.33333333333334,runs/yin_orientation_20260925/results/latest/r21dev_vgg16_bn_aa_s42/faces_cfdWM64/results.csv,UI
mixed,Mixed faces / AA4,r21dev_vgg16_bn_aa_s42,snapshot,111,two_cross,CFD WM64,Faces,0.3,0.35,50,within_sampled_range,UI,141,83.33333333333334,runs/yin_orientation_20260925/results/latest/r21dev_vgg16_bn_aa_s42/faces_cfdWM64/results.csv,UI
mixed,Mixed faces / AA4,r21dev_vgg16_bn_aa_s42,snapshot,111,two_cross,CFD WM64,Faces,0.3,0.35,50,within_sampled_range,UI,142,87.5,runs/yin_orientation_20260925/results/latest/r21dev_vgg16_bn_aa_s42/faces_cfdWM64/results.csv,UI
mixed,Mixed faces / AA4,r21dev_vgg16_bn_aa_s42,snapshot,111,two_cross,CFD WM64,Faces,0.3,0.35,50,within_sampled_range,UI,143,79.16666666666666,runs/yin_orientation_20260925/results/latest/r21dev_vgg16_bn_aa_s42/faces_cfdWM64/results.csv,UI
mixed,Mixed faces / AA4,r21dev_vgg16_bn_aa_s42,snapshot,111,two_cross,CFD WM64,Faces,0.3,0.35,50,within_sampled_range,UI,144,83.33333333333334,runs/yin_orientation_20260925/results/latest/r21dev_vgg16_bn_aa_s42/faces_cfdWM64/results.csv,UI
mixed,Mixed faces / AA4,r21dev_vgg16_bn_aa_s42,snapshot,111,two_cross,CFD WM64,Faces,0.3,0.35,50,within_sampled_range,UI,145,91.66666666666666,runs/yin_orientation_20260925/results/latest/r21dev_vgg16_bn_aa_s42/faces_cfdWM64/results.csv,UI
mixed,Mixed faces / AA4,r21dev_vgg16_bn_aa_s42,snapshot,111,two_cross,CFD WM64,Faces,0.3,0.35,50,within_sampled_range,UI,146,95.83333333333334,runs/yin_orientation_20260925/results/latest/r21dev_vgg16_bn_aa_s42/faces_cfdWM64/results.csv,UI
mixed,Mixed faces / AA4,r21dev_vgg16_bn_aa_s42,snapshot,111,two_cross,CFD WM64,Faces,0.3,0.35,50,within_sampled_range,UI,147,70.83333333333334,runs/yin_orientation_20260925/results/latest/r21dev_vgg16_bn_aa_s42/faces_cfdWM64/results.csv,UI
mixed,Mixed faces / AA4,r21dev_vgg16_bn_aa_s42,snapshot,111,two_cross,CFD WM64,Faces,0.3,0.35,50,within_sampled_range,UI,148,83.33333333333334,runs/yin_orientation_20260925/results/latest/r21dev_vgg16_bn_aa_s42/faces_cfdWM64/results.csv,UI
mixed,Mixed faces / AA4,r21dev_vgg16_bn_aa_s42,snapshot,111,two_cross,CFD WM64,Faces,0.3,0.35,50,within_sampled_range,UI,149,79.16666666666666,runs/yin_orientation_20260925/results/latest/r21dev_vgg16_bn_aa_s42/faces_cfdWM64/results.csv,UI
mixed,Mixed faces / AA4,r21dev_vgg16_bn_aa_s42,snapshot,111,two_cross,CFD WM64,Faces,0.3,0.35,50,within_sampled_range,UI,150,87.5,runs/yin_orientation_20260925/results/latest/r21dev_vgg16_bn_aa_s42/faces_cfdWM64/results.csv,UI
mixed,Mixed faces / AA4,r21dev_vgg16_bn_aa_s42,snapshot,111,two_cross,CFD WM64,Faces,0.3,0.35,50,within_sampled_range,IU,101,75.0,runs/yin_orientation_20260925/results/latest/r21dev_vgg16_bn_aa_s42/faces_cfdWM64/results.csv,IU
mixed,Mixed faces / AA4,r21dev_vgg16_bn_aa_s42,snapshot,111,two_cross,CFD WM64,Faces,0.3,0.35,50,within_sampled_range,IU,102,91.66666666666666,runs/yin_orientation_20260925/results/latest/r21dev_vgg16_bn_aa_s42/faces_cfdWM64/results.csv,IU
mixed,Mixed faces / AA4,r21dev_vgg16_bn_aa_s42,snapshot,111,two_cross,CFD WM64,Faces,0.3,0.35,50,within_sampled_range,IU,103,91.66666666666666,runs/yin_orientation_20260925/results/latest/r21dev_vgg16_bn_aa_s42/faces_cfdWM64/results.csv,IU
mixed,Mixed faces / AA4,r21dev_vgg16_bn_aa_s42,snapshot,111,two_cross,CFD WM64,Faces,0.3,0.35,50,within_sampled_range,IU,104,79.16666666666666,runs/yin_orientation_20260925/results/latest/r21dev_vgg16_bn_aa_s42/faces_cfdWM64/results.csv,IU
mixed,Mixed faces / AA4,r21dev_vgg16_bn_aa_s42,snapshot,111,two_cross,CFD WM64,Faces,0.3,0.35,50,within_sampled_range,IU,105,87.5,runs/yin_orientation_20260925/results/latest/r21dev_vgg16_bn_aa_s42/faces_cfdWM64/results.csv,IU
mixed,Mixed faces / AA4,r21dev_vgg16_bn_aa_s42,snapshot,111,two_cross,CFD WM64,Faces,0.3,0.35,50,within_sampled_range,IU,106,83.33333333333334,runs/yin_orientation_20260925/results/latest/r21dev_vgg16_bn_aa_s42/faces_cfdWM64/results.csv,IU
mixed,Mixed faces / AA4,r21dev_vgg16_bn_aa_s42,snapshot,111,two_cross,CFD WM64,Faces,0.3,0.35,50,within_sampled_range,IU,107,79.16666666666666,runs/yin_orientation_20260925/results/latest/r21dev_vgg16_bn_aa_s42/faces_cfdWM64/results.csv,IU
mixed,Mixed faces / AA4,r21dev_vgg16_bn_aa_s42,snapshot,111,two_cross,CFD WM64,Faces,0.3,0.35,50,within_sampled_range,IU,108,100.0,runs/yin_orientation_20260925/results/latest/r21dev_vgg16_bn_aa_s42/faces_cfdWM64/results.csv,IU
mixed,Mixed faces / AA4,r21dev_vgg16_bn_aa_s42,snapshot,111,two_cross,CFD WM64,Faces,0.3,0.35,50,within_sampled_range,IU,109,79.16666666666666,runs/yin_orientation_20260925/results/latest/r21dev_vgg16_bn_aa_s42/faces_cfdWM64/results.csv,IU
mixed,Mixed faces / AA4,r21dev_vgg16_bn_aa_s42,snapshot,111,two_cross,CFD WM64,Faces,0.3,0.35,50,within_sampled_range,IU,110,79.16666666666666,runs/yin_orientation_20260925/results/latest/r21dev_vgg16_bn_aa_s42/faces_cfdWM64/results.csv,IU
mixed,Mixed faces / AA4,r21dev_vgg16_bn_aa_s42,snapshot,111,two_cross,CFD WM64,Faces,0.3,0.35,50,within_sampled_range,IU,111,83.33333333333334,runs/yin_orientation_20260925/results/latest/r21dev_vgg16_bn_aa_s42/faces_cfdWM64/results.csv,IU
mixed,Mixed faces / AA4,r21dev_vgg16_bn_aa_s42,snapshot,111,two_cross,CFD WM64,Faces,0.3,0.35,50,within_sampled_range,IU,112,91.66666666666666,runs/yin_orientation_20260925/results/latest/r21dev_vgg16_bn_aa_s42/faces_cfdWM64/results.csv,IU
mixed,Mixed faces / AA4,r21dev_vgg16_bn_aa_s42,snapshot,111,two_cross,CFD WM64,Faces,0.3,0.35,50,within_sampled_range,IU,113,79.16666666666666,runs/yin_orientation_20260925/results/latest/r21dev_vgg16_bn_aa_s42/faces_cfdWM64/results.csv,IU
mixed,Mixed faces / AA4,r21dev_vgg16_bn_aa_s42,snapshot,111,two_cross,CFD WM64,Faces,0.3,0.35,50,within_sampled_range,IU,114,87.5,runs/yin_orientation_20260925/results/latest/r21dev_vgg16_bn_aa_s42/faces_cfdWM64/results.csv,IU
mixed,Mixed faces / AA4,r21dev_vgg16_bn_aa_s42,snapshot,111,two_cross,CFD WM64,Faces,0.3,0.35,50,within_sampled_range,IU,115,75.0,runs/yin_orientation_20260925/results/latest/r21dev_vgg16_bn_aa_s42/faces_cfdWM64/results.csv,IU
mixed,Mixed faces / AA4,r21dev_vgg16_bn_aa_s42,snapshot,111,two_cross,CFD WM64,Faces,0.3,0.35,50,within_sampled_range,IU,116,95.83333333333334,runs/yin_orientation_20260925/results/latest/r21dev_vgg16_bn_aa_s42/faces_cfdWM64/results.csv,IU
mixed,Mixed faces / AA4,r21dev_vgg16_bn_aa_s42,snapshot,111,two_cross,CFD WM64,Faces,0.3,0.35,50,within_sampled_range,IU,117,87.5,runs/yin_orientation_20260925/results/latest/r21dev_vgg16_bn_aa_s42/faces_cfdWM64/results.csv,IU
mixed,Mixed faces / AA4,r21dev_vgg16_bn_aa_s42,snapshot,111,two_cross,CFD WM64,Faces,0.3,0.35,50,within_sampled_range,IU,118,87.5,runs/yin_orientation_20260925/results/latest/r21dev_vgg16_bn_aa_s42/faces_cfdWM64/results.csv,IU
mixed,Mixed faces / AA4,r21dev_vgg16_bn_aa_s42,snapshot,111,two_cross,CFD WM64,Faces,0.3,0.35,50,within_sampled_range,IU,119,83.33333333333334,runs/yin_orientation_20260925/results/latest/r21dev_vgg16_bn_aa_s42/faces_cfdWM64/results.csv,IU
mixed,Mixed faces / AA4,r21dev_vgg16_bn_aa_s42,snapshot,111,two_cross,CFD WM64,Faces,0.3,0.35,50,within_sampled_range,IU,120,83.33333333333334,runs/yin_orientation_20260925/results/latest/r21dev_vgg16_bn_aa_s42/faces_cfdWM64/results.csv,IU
mixed,Mixed faces / AA4,r21dev_vgg16_bn_aa_s42,snapshot,111,two_cross,CFD WM64,Faces,0.3,0.35,50,within_sampled_range,IU,121,70.83333333333334,runs/yin_orientation_20260925/results/latest/r21dev_vgg16_bn_aa_s42/faces_cfdWM64/results.csv,IU
mixed,Mixed faces / AA4,r21dev_vgg16_bn_aa_s42,snapshot,111,two_cross,CFD WM64,Faces,0.3,0.35,50,within_sampled_range,IU,122,79.16666666666666,runs/yin_orientation_20260925/results/latest/r21dev_vgg16_bn_aa_s42/faces_cfdWM64/results.csv,IU
mixed,Mixed faces / AA4,r21dev_vgg16_bn_aa_s42,snapshot,111,two_cross,CFD WM64,Faces,0.3,0.35,50,within_sampled_range,IU,123,75.0,runs/yin_orientation_20260925/results/latest/r21dev_vgg16_bn_aa_s42/faces_cfdWM64/results.csv,IU
mixed,Mixed faces / AA4,r21dev_vgg16_bn_aa_s42,snapshot,111,two_cross,CFD WM64,Faces,0.3,0.35,50,within_sampled_range,IU,124,79.16666666666666,runs/yin_orientation_20260925/results/latest/r21dev_vgg16_bn_aa_s42/faces_cfdWM64/results.csv,IU
mixed,Mixed faces / AA4,r21dev_vgg16_bn_aa_s42,snapshot,111,two_cross,CFD WM64,Faces,0.3,0.35,50,within_sampled_range,IU,125,75.0,runs/yin_orientation_20260925/results/latest/r21dev_vgg16_bn_aa_s42/faces_cfdWM64/results.csv,IU
mixed,Mixed faces / AA4,r21dev_vgg16_bn_aa_s42,snapshot,111,two_cross,CFD WM64,Faces,0.3,0.35,50,within_sampled_range,IU,126,91.66666666666666,runs/yin_orientation_20260925/results/latest/r21dev_vgg16_bn_aa_s42/faces_cfdWM64/results.csv,IU
mixed,Mixed faces / AA4,r21dev_vgg16_bn_aa_s42,snapshot,111,two_cross,CFD WM64,Faces,0.3,0.35,50,within_sampled_range,IU,127,79.16666666666666,runs/yin_orientation_20260925/results/latest/r21dev_vgg16_bn_aa_s42/faces_cfdWM64/results.csv,IU
mixed,Mixed faces / AA4,r21dev_vgg16_bn_aa_s42,snapshot,111,two_cross,CFD WM64,Faces,0.3,0.35,50,within_sampled_range,IU,128,83.33333333333334,runs/yin_orientation_20260925/results/latest/r21dev_vgg16_bn_aa_s42/faces_cfdWM64/results.csv,IU
mixed,Mixed faces / AA4,r21dev_vgg16_bn_aa_s42,snapshot,111,two_cross,CFD WM64,Faces,0.3,0.35,50,within_sampled_range,IU,129,83.33333333333334,runs/yin_orientation_20260925/results/latest/r21dev_vgg16_bn_aa_s42/faces_cfdWM64/results.csv,IU
mixed,Mixed faces / AA4,r21dev_vgg16_bn_aa_s42,snapshot,111,two_cross,CFD WM64,Faces,0.3,0.35,50,within_sampled_range,IU,130,66.66666666666666,runs/yin_orientation_20260925/results/latest/r21dev_vgg16_bn_aa_s42/faces_cfdWM64/results.csv,IU
mixed,Mixed faces / AA4,r21dev_vgg16_bn_aa_s42,snapshot,111,two_cross,CFD WM64,Faces,0.3,0.35,50,within_sampled_range,IU,131,87.5,runs/yin_orientation_20260925/results/latest/r21dev_vgg16_bn_aa_s42/faces_cfdWM64/results.csv,IU
mixed,Mixed faces / AA4,r21dev_vgg16_bn_aa_s42,snapshot,111,two_cross,CFD WM64,Faces,0.3,0.35,50,within_sampled_range,IU,132,87.5,runs/yin_orientation_20260925/results/latest/r21dev_vgg16_bn_aa_s42/faces_cfdWM64/results.csv,IU
mixed,Mixed faces / AA4,r21dev_vgg16_bn_aa_s42,snapshot,111,two_cross,CFD WM64,Faces,0.3,0.35,50,within_sampled_range,IU,133,70.83333333333334,runs/yin_orientation_20260925/results/latest/r21dev_vgg16_bn_aa_s42/faces_cfdWM64/results.csv,IU
mixed,Mixed faces / AA4,r21dev_vgg16_bn_aa_s42,snapshot,111,two_cross,CFD WM64,Faces,0.3,0.35,50,within_sampled_range,IU,134,83.33333333333334,runs/yin_orientation_20260925/results/latest/r21dev_vgg16_bn_aa_s42/faces_cfdWM64/results.csv,IU
mixed,Mixed faces / AA4,r21dev_vgg16_bn_aa_s42,snapshot,111,two_cross,CFD WM64,Faces,0.3,0.35,50,within_sampled_range,IU,135,70.83333333333334,runs/yin_orientation_20260925/results/latest/r21dev_vgg16_bn_aa_s42/faces_cfdWM64/results.csv,IU
mixed,Mixed faces / AA4,r21dev_vgg16_bn_aa_s42,snapshot,111,two_cross,CFD WM64,Faces,0.3,0.35,50,within_sampled_range,IU,136,79.16666666666666,runs/yin_orientation_20260925/results/latest/r21dev_vgg16_bn_aa_s42/faces_cfdWM64/results.csv,IU
mixed,Mixed faces / AA4,r21dev_vgg16_bn_aa_s42,snapshot,111,two_cross,CFD WM64,Faces,0.3,0.35,50,within_sampled_range,IU,137,79.16666666666666,runs/yin_orientation_20260925/results/latest/r21dev_vgg16_bn_aa_s42/faces_cfdWM64/results.csv,IU
mixed,Mixed faces / AA4,r21dev_vgg16_bn_aa_s42,snapshot,111,two_cross,CFD WM64,Faces,0.3,0.35,50,within_sampled_range,IU,138,87.5,runs/yin_orientation_20260925/results/latest/r21dev_vgg16_bn_aa_s42/faces_cfdWM64/results.csv,IU
mixed,Mixed faces / AA4,r21dev_vgg16_bn_aa_s42,snapshot,111,two_cross,CFD WM64,Faces,0.3,0.35,50,within_sampled_range,IU,139,83.33333333333334,runs/yin_orientation_20260925/results/latest/r21dev_vgg16_bn_aa_s42/faces_cfdWM64/results.csv,IU
mixed,Mixed faces / AA4,r21dev_vgg16_bn_aa_s42,snapshot,111,two_cross,CFD WM64,Faces,0.3,0.35,50,within_sampled_range,IU,140,70.83333333333334,runs/yin_orientation_20260925/results/latest/r21dev_vgg16_bn_aa_s42/faces_cfdWM64/results.csv,IU
mixed,Mixed faces / AA4,r21dev_vgg16_bn_aa_s42,snapshot,111,two_cross,CFD WM64,Faces,0.3,0.35,50,within_sampled_range,IU,141,83.33333333333334,runs/yin_orientation_20260925/results/latest/r21dev_vgg16_bn_aa_s42/faces_cfdWM64/results.csv,IU
mixed,Mixed faces / AA4,r21dev_vgg16_bn_aa_s42,snapshot,111,two_cross,CFD WM64,Faces,0.3,0.35,50,within_sampled_range,IU,142,75.0,runs/yin_orientation_20260925/results/latest/r21dev_vgg16_bn_aa_s42/faces_cfdWM64/results.csv,IU
mixed,Mixed faces / AA4,r21dev_vgg16_bn_aa_s42,snapshot,111,two_cross,CFD WM64,Faces,0.3,0.35,50,within_sampled_range,IU,143,79.16666666666666,runs/yin_orientation_20260925/results/latest/r21dev_vgg16_bn_aa_s42/faces_cfdWM64/results.csv,IU
mixed,Mixed faces / AA4,r21dev_vgg16_bn_aa_s42,snapshot,111,two_cross,CFD WM64,Faces,0.3,0.35,50,within_sampled_range,IU,144,100.0,runs/yin_orientation_20260925/results/latest/r21dev_vgg16_bn_aa_s42/faces_cfdWM64/results.csv,IU
mixed,Mixed faces / AA4,r21dev_vgg16_bn_aa_s42,snapshot,111,two_cross,CFD WM64,Faces,0.3,0.35,50,within_sampled_range,IU,145,87.5,runs/yin_orientation_20260925/results/latest/r21dev_vgg16_bn_aa_s42/faces_cfdWM64/results.csv,IU
mixed,Mixed faces / AA4,r21dev_vgg16_bn_aa_s42,snapshot,111,two_cross,CFD WM64,Faces,0.3,0.35,50,within_sampled_range,IU,146,91.66666666666666,runs/yin_orientation_20260925/results/latest/r21dev_vgg16_bn_aa_s42/faces_cfdWM64/results.csv,IU
mixed,Mixed faces / AA4,r21dev_vgg16_bn_aa_s42,snapshot,111,two_cross,CFD WM64,Faces,0.3,0.35,50,within_sampled_range,IU,147,62.5,runs/yin_orientation_20260925/results/latest/r21dev_vgg16_bn_aa_s42/faces_cfdWM64/results.csv,IU
mixed,Mixed faces / AA4,r21dev_vgg16_bn_aa_s42,snapshot,111,two_cross,CFD WM64,Faces,0.3,0.35,50,within_sampled_range,IU,148,50.0,runs/yin_orientation_20260925/results/latest/r21dev_vgg16_bn_aa_s42/faces_cfdWM64/results.csv,IU
mixed,Mixed faces / AA4,r21dev_vgg16_bn_aa_s42,snapshot,111,two_cross,CFD WM64,Faces,0.3,0.35,50,within_sampled_range,IU,149,79.16666666666666,runs/yin_orientation_20260925/results/latest/r21dev_vgg16_bn_aa_s42/faces_cfdWM64/results.csv,IU
mixed,Mixed faces / AA4,r21dev_vgg16_bn_aa_s42,snapshot,111,two_cross,CFD WM64,Faces,0.3,0.35,50,within_sampled_range,IU,150,87.5,runs/yin_orientation_20260925/results/latest/r21dev_vgg16_bn_aa_s42/faces_cfdWM64/results.csv,IU
